[2.3001e+04 9.0000e-01 1.0920e+00 1.5000e+00 1.0000e-06 5.0000e-01
 1.0000e+00 5.0000e-03 1.0000e-03 1.0000e-03 5.0000e-01 5.0000e+00
 2.4000e+04 5.0000e+00 1.0000e-02]	2938.034441073763
[2.304102e+04 9.000000e-01 1.092000e+00 1.500000e+00 1.000000e-06
 5.000000e-01 1.000000e+00 5.000000e-03 1.000000e-03 1.000000e-03
 5.000000e-01 5.000000e+00 2.400000e+04 5.000000e+00 1.000000e-02]	2934.1781298480664
[2.308104e+04 9.000000e-01 1.092000e+00 1.500000e+00 1.000000e-06
 5.000000e-01 1.000000e+00 5.000000e-03 1.000000e-03 1.000000e-03
 5.000000e-01 5.000000e+00 2.400000e+04 5.000000e+00 1.000000e-02]	2935.1106428402886
[2.312106e+04 9.000000e-01 1.092000e+00 1.500000e+00 1.000000e-06
 5.000000e-01 1.000000e+00 5.000000e-03 1.000000e-03 1.000000e-03
 5.000000e-01 5.000000e+00 2.400000e+04 5.000000e+00 1.000000e-02]	2934.764467279118
[2.316108e+04 9.000000e-01 1.092000e+00 1.500000e+00 1.000000e-06
 5.000000e-01 1.000000e+00 5.000000e-03 1.000000e-03 1.000000e-03
 5.000000e-01 5.000000e+00 2.400000e+04 5.000000e+00 1.000000e-02]	2940.723644796926
[2.32011e+04 9.00000e-01 1.09200e+00 1.50000e+00 1.00000e-06 5.00000e-01
 1.00000e+00 5.00000e-03 1.00000e-03 1.00000e-03 5.00000e-01 5.00000e+00
 2.40000e+04 5.00000e+00 1.00000e-02]	2943.9659331127855
[2.324112e+04 9.000000e-01 1.092000e+00 1.500000e+00 1.000000e-06
 5.000000e-01 1.000000e+00 5.000000e-03 1.000000e-03 1.000000e-03
 5.000000e-01 5.000000e+00 2.400000e+04 5.000000e+00 1.000000e-02]	2941.8140344294425
[2.328114e+04 9.000000e-01 1.092000e+00 1.500000e+00 1.000000e-06
 5.000000e-01 1.000000e+00 5.000000e-03 1.000000e-03 1.000000e-03
 5.000000e-01 5.000000e+00 2.400000e+04 5.000000e+00 1.000000e-02]	2933.2370901477057
[2.332116e+04 9.000000e-01 1.092000e+00 1.500000e+00 1.000000e-06
 5.000000e-01 1.000000e+00 5.000000e-03 1.000000e-03 1.000000e-03
 5.000000e-01 5.000000e+00 2.400000e+04 5.000000e+00 1.000000e-02]	2941.8715986656002
[2.336118e+04 9.000000e-01 1.092000e+00 1.500000e+00 1.000000e-06
 5.000000e-01 1.000000e+00 5.000000e-03 1.000000e-03 1.000000e-03
 5.000000e-01 5.000000e+00 2.400000e+04 5.000000e+00 1.000000e-02]	2934.3641288360373
[2.34012e+04 9.00000e-01 1.09200e+00 1.50000e+00 1.00000e-06 5.00000e-01
 1.00000e+00 5.00000e-03 1.00000e-03 1.00000e-03 5.00000e-01 5.00000e+00
 2.40000e+04 5.00000e+00 1.00000e-02]	2940.5221426395647
[2.344122e+04 9.000000e-01 1.092000e+00 1.500000e+00 1.000000e-06
 5.000000e-01 1.000000e+00 5.000000e-03 1.000000e-03 1.000000e-03
 5.000000e-01 5.000000e+00 2.400000e+04 5.000000e+00 1.000000e-02]	2939.216396068103
[2.348124e+04 9.000000e-01 1.092000e+00 1.500000e+00 1.000000e-06
 5.000000e-01 1.000000e+00 5.000000e-03 1.000000e-03 1.000000e-03
 5.000000e-01 5.000000e+00 2.400000e+04 5.000000e+00 1.000000e-02]	2936.626350723997
[2.352126e+04 9.000000e-01 1.092000e+00 1.500000e+00 1.000000e-06
 5.000000e-01 1.000000e+00 5.000000e-03 1.000000e-03 1.000000e-03
 5.000000e-01 5.000000e+00 2.400000e+04 5.000000e+00 1.000000e-02]	2927.28952412761
[2.356128e+04 9.000000e-01 1.092000e+00 1.500000e+00 1.000000e-06
 5.000000e-01 1.000000e+00 5.000000e-03 1.000000e-03 1.000000e-03
 5.000000e-01 5.000000e+00 2.400000e+04 5.000000e+00 1.000000e-02]	2935.004891197253
[2.36013e+04 9.00000e-01 1.09200e+00 1.50000e+00 1.00000e-06 5.00000e-01
 1.00000e+00 5.00000e-03 1.00000e-03 1.00000e-03 5.00000e-01 5.00000e+00
 2.40000e+04 5.00000e+00 1.00000e-02]	2928.653436464333
[2.364132e+04 9.000000e-01 1.092000e+00 1.500000e+00 1.000000e-06
 5.000000e-01 1.000000e+00 5.000000e-03 1.000000e-03 1.000000e-03
 5.000000e-01 5.000000e+00 2.400000e+04 5.000000e+00 1.000000e-02]	2916.0970268381398
[2.368134e+04 9.000000e-01 1.092000e+00 1.500000e+00 1.000000e-06
 5.000000e-01 1.000000e+00 5.000000e-03 1.000000e-03 1.000000e-03
 5.000000e-01 5.000000e+00 2.400000e+04 5.000000e+00 1.000000e-02]	2933.422396889221
[2.372136e+04 9.000000e-01 1.092000e+00 1.500000e+00 1.000000e-06
 5.000000e-01 1.000000e+00 5.000000e-03 1.000000e-03 1.000000e-03
 5.000000e-01 5.000000e+00 2.400000e+04 5.000000e+00 1.000000e-02]	2941.357014900948
[2.376138e+04 9.000000e-01 1.092000e+00 1.500000e+00 1.000000e-06
 5.000000e-01 1.000000e+00 5.000000e-03 1.000000e-03 1.000000e-03
 5.000000e-01 5.000000e+00 2.400000e+04 5.000000e+00 1.000000e-02]	2934.6277697325386
[2.38014e+04 9.00000e-01 1.09200e+00 1.50000e+00 1.00000e-06 5.00000e-01
 1.00000e+00 5.00000e-03 1.00000e-03 1.00000e-03 5.00000e-01 5.00000e+00
 2.40000e+04 5.00000e+00 1.00000e-02]	2915.608235499351
[2.384142e+04 9.000000e-01 1.092000e+00 1.500000e+00 1.000000e-06
 5.000000e-01 1.000000e+00 5.000000e-03 1.000000e-03 1.000000e-03
 5.000000e-01 5.000000e+00 2.400000e+04 5.000000e+00 1.000000e-02]	2935.1977896855715
[2.388144e+04 9.000000e-01 1.092000e+00 1.500000e+00 1.000000e-06
 5.000000e-01 1.000000e+00 5.000000e-03 1.000000e-03 1.000000e-03
 5.000000e-01 5.000000e+00 2.400000e+04 5.000000e+00 1.000000e-02]	2934.633176015891
[2.392146e+04 9.000000e-01 1.092000e+00 1.500000e+00 1.000000e-06
 5.000000e-01 1.000000e+00 5.000000e-03 1.000000e-03 1.000000e-03
 5.000000e-01 5.000000e+00 2.400000e+04 5.000000e+00 1.000000e-02]	2923.4374708924715
[2.396148e+04 9.000000e-01 1.092000e+00 1.500000e+00 1.000000e-06
 5.000000e-01 1.000000e+00 5.000000e-03 1.000000e-03 1.000000e-03
 5.000000e-01 5.000000e+00 2.400000e+04 5.000000e+00 1.000000e-02]	2907.195395796655
[2.40015e+04 9.00000e-01 1.09200e+00 1.50000e+00 1.00000e-06 5.00000e-01
 1.00000e+00 5.00000e-03 1.00000e-03 1.00000e-03 5.00000e-01 5.00000e+00
 2.40000e+04 5.00000e+00 1.00000e-02]	2916.0970268381398
[2.404152e+04 9.000000e-01 1.092000e+00 1.500000e+00 1.000000e-06
 5.000000e-01 1.000000e+00 5.000000e-03 1.000000e-03 1.000000e-03
 5.000000e-01 5.000000e+00 2.400000e+04 5.000000e+00 1.000000e-02]	2954.6512896448808
[2.408154e+04 9.000000e-01 1.092000e+00 1.500000e+00 1.000000e-06
 5.000000e-01 1.000000e+00 5.000000e-03 1.000000e-03 1.000000e-03
 5.000000e-01 5.000000e+00 2.400000e+04 5.000000e+00 1.000000e-02]	2902.7893978326865
[2.412156e+04 9.000000e-01 1.092000e+00 1.500000e+00 1.000000e-06
 5.000000e-01 1.000000e+00 5.000000e-03 1.000000e-03 1.000000e-03
 5.000000e-01 5.000000e+00 2.400000e+04 5.000000e+00 1.000000e-02]	2935.465783791579
[2.416158e+04 9.000000e-01 1.092000e+00 1.500000e+00 1.000000e-06
 5.000000e-01 1.000000e+00 5.000000e-03 1.000000e-03 1.000000e-03
 5.000000e-01 5.000000e+00 2.400000e+04 5.000000e+00 1.000000e-02]	2925.2728141658386
[2.42016e+04 9.00000e-01 1.09200e+00 1.50000e+00 1.00000e-06 5.00000e-01
 1.00000e+00 5.00000e-03 1.00000e-03 1.00000e-03 5.00000e-01 5.00000e+00
 2.40000e+04 5.00000e+00 1.00000e-02]	2934.625050592075
[2.424162e+04 9.000000e-01 1.092000e+00 1.500000e+00 1.000000e-06
 5.000000e-01 1.000000e+00 5.000000e-03 1.000000e-03 1.000000e-03
 5.000000e-01 5.000000e+00 2.400000e+04 5.000000e+00 1.000000e-02]	2938.2708136464826
[2.428164e+04 9.000000e-01 1.092000e+00 1.500000e+00 1.000000e-06
 5.000000e-01 1.000000e+00 5.000000e-03 1.000000e-03 1.000000e-03
 5.000000e-01 5.000000e+00 2.400000e+04 5.000000e+00 1.000000e-02]	2944.144003301844
[2.432166e+04 9.000000e-01 1.092000e+00 1.500000e+00 1.000000e-06
 5.000000e-01 1.000000e+00 5.000000e-03 1.000000e-03 1.000000e-03
 5.000000e-01 5.000000e+00 2.400000e+04 5.000000e+00 1.000000e-02]	2935.1955980277867
[2.436168e+04 9.000000e-01 1.092000e+00 1.500000e+00 1.000000e-06
 5.000000e-01 1.000000e+00 5.000000e-03 1.000000e-03 1.000000e-03
 5.000000e-01 5.000000e+00 2.400000e+04 5.000000e+00 1.000000e-02]	2927.8089866042988
[2.44017e+04 9.00000e-01 1.09200e+00 1.50000e+00 1.00000e-06 5.00000e-01
 1.00000e+00 5.00000e-03 1.00000e-03 1.00000e-03 5.00000e-01 5.00000e+00
 2.40000e+04 5.00000e+00 1.00000e-02]	2941.6162954035376
[2.444172e+04 9.000000e-01 1.092000e+00 1.500000e+00 1.000000e-06
 5.000000e-01 1.000000e+00 5.000000e-03 1.000000e-03 1.000000e-03
 5.000000e-01 5.000000e+00 2.400000e+04 5.000000e+00 1.000000e-02]	2943.621187339474
[2.448174e+04 9.000000e-01 1.092000e+00 1.500000e+00 1.000000e-06
 5.000000e-01 1.000000e+00 5.000000e-03 1.000000e-03 1.000000e-03
 5.000000e-01 5.000000e+00 2.400000e+04 5.000000e+00 1.000000e-02]	2937.523585840036
[2.452176e+04 9.000000e-01 1.092000e+00 1.500000e+00 1.000000e-06
 5.000000e-01 1.000000e+00 5.000000e-03 1.000000e-03 1.000000e-03
 5.000000e-01 5.000000e+00 2.400000e+04 5.000000e+00 1.000000e-02]	2932.7259431321854
[2.456178e+04 9.000000e-01 1.092000e+00 1.500000e+00 1.000000e-06
 5.000000e-01 1.000000e+00 5.000000e-03 1.000000e-03 1.000000e-03
 5.000000e-01 5.000000e+00 2.400000e+04 5.000000e+00 1.000000e-02]	2935.5457596488714
[2.46018e+04 9.00000e-01 1.09200e+00 1.50000e+00 1.00000e-06 5.00000e-01
 1.00000e+00 5.00000e-03 1.00000e-03 1.00000e-03 5.00000e-01 5.00000e+00
 2.40000e+04 5.00000e+00 1.00000e-02]	2932.490451280802
[2.464182e+04 9.000000e-01 1.092000e+00 1.500000e+00 1.000000e-06
 5.000000e-01 1.000000e+00 5.000000e-03 1.000000e-03 1.000000e-03
 5.000000e-01 5.000000e+00 2.400000e+04 5.000000e+00 1.000000e-02]	2935.184881869463
[2.468184e+04 9.000000e-01 1.092000e+00 1.500000e+00 1.000000e-06
 5.000000e-01 1.000000e+00 5.000000e-03 1.000000e-03 1.000000e-03
 5.000000e-01 5.000000e+00 2.400000e+04 5.000000e+00 1.000000e-02]	2952.891839641833
[2.472186e+04 9.000000e-01 1.092000e+00 1.500000e+00 1.000000e-06
 5.000000e-01 1.000000e+00 5.000000e-03 1.000000e-03 1.000000e-03
 5.000000e-01 5.000000e+00 2.400000e+04 5.000000e+00 1.000000e-02]	2915.811877319463
[2.476188e+04 9.000000e-01 1.092000e+00 1.500000e+00 1.000000e-06
 5.000000e-01 1.000000e+00 5.000000e-03 1.000000e-03 1.000000e-03
 5.000000e-01 5.000000e+00 2.400000e+04 5.000000e+00 1.000000e-02]	2933.294961933593
[2.48019e+04 9.00000e-01 1.09200e+00 1.50000e+00 1.00000e-06 5.00000e-01
 1.00000e+00 5.00000e-03 1.00000e-03 1.00000e-03 5.00000e-01 5.00000e+00
 2.40000e+04 5.00000e+00 1.00000e-02]	2924.4992586041712
[2.484192e+04 9.000000e-01 1.092000e+00 1.500000e+00 1.000000e-06
 5.000000e-01 1.000000e+00 5.000000e-03 1.000000e-03 1.000000e-03
 5.000000e-01 5.000000e+00 2.400000e+04 5.000000e+00 1.000000e-02]	2942.712220779387
[2.488194e+04 9.000000e-01 1.092000e+00 1.500000e+00 1.000000e-06
 5.000000e-01 1.000000e+00 5.000000e-03 1.000000e-03 1.000000e-03
 5.000000e-01 5.000000e+00 2.400000e+04 5.000000e+00 1.000000e-02]	2942.563899716843
[2.492196e+04 9.000000e-01 1.092000e+00 1.500000e+00 1.000000e-06
 5.000000e-01 1.000000e+00 5.000000e-03 1.000000e-03 1.000000e-03
 5.000000e-01 5.000000e+00 2.400000e+04 5.000000e+00 1.000000e-02]	2931.3990001290795
[2.496198e+04 9.000000e-01 1.092000e+00 1.500000e+00 1.000000e-06
 5.000000e-01 1.000000e+00 5.000000e-03 1.000000e-03 1.000000e-03
 5.000000e-01 5.000000e+00 2.400000e+04 5.000000e+00 1.000000e-02]	2940.6826993524223
[2.496198e+04 4.000000e+00 1.092000e+00 1.500000e+00 1.000000e-06
 5.000000e-01 1.000000e+00 5.000000e-03 1.000000e-03 1.000000e-03
 5.000000e-01 5.000000e+00 2.400000e+04 5.000000e+00 1.000000e-02]	2954.156150827771
[2.496198e+04 4.040000e+00 1.092000e+00 1.500000e+00 1.000000e-06
 5.000000e-01 1.000000e+00 5.000000e-03 1.000000e-03 1.000000e-03
 5.000000e-01 5.000000e+00 2.400000e+04 5.000000e+00 1.000000e-02]	2941.402589666738
[2.496198e+04 4.080000e+00 1.092000e+00 1.500000e+00 1.000000e-06
 5.000000e-01 1.000000e+00 5.000000e-03 1.000000e-03 1.000000e-03
 5.000000e-01 5.000000e+00 2.400000e+04 5.000000e+00 1.000000e-02]	2948.2212668951724
[2.496198e+04 4.120000e+00 1.092000e+00 1.500000e+00 1.000000e-06
 5.000000e-01 1.000000e+00 5.000000e-03 1.000000e-03 1.000000e-03
 5.000000e-01 5.000000e+00 2.400000e+04 5.000000e+00 1.000000e-02]	2947.759844223158
[2.496198e+04 4.160000e+00 1.092000e+00 1.500000e+00 1.000000e-06
 5.000000e-01 1.000000e+00 5.000000e-03 1.000000e-03 1.000000e-03
 5.000000e-01 5.000000e+00 2.400000e+04 5.000000e+00 1.000000e-02]	2946.240228095633
[2.496198e+04 4.200000e+00 1.092000e+00 1.500000e+00 1.000000e-06
 5.000000e-01 1.000000e+00 5.000000e-03 1.000000e-03 1.000000e-03
 5.000000e-01 5.000000e+00 2.400000e+04 5.000000e+00 1.000000e-02]	2959.7997665449316
[2.496198e+04 4.240000e+00 1.092000e+00 1.500000e+00 1.000000e-06
 5.000000e-01 1.000000e+00 5.000000e-03 1.000000e-03 1.000000e-03
 5.000000e-01 5.000000e+00 2.400000e+04 5.000000e+00 1.000000e-02]	2934.568163575461
[2.496198e+04 4.280000e+00 1.092000e+00 1.500000e+00 1.000000e-06
 5.000000e-01 1.000000e+00 5.000000e-03 1.000000e-03 1.000000e-03
 5.000000e-01 5.000000e+00 2.400000e+04 5.000000e+00 1.000000e-02]	2928.03986545702
[2.496198e+04 4.320000e+00 1.092000e+00 1.500000e+00 1.000000e-06
 5.000000e-01 1.000000e+00 5.000000e-03 1.000000e-03 1.000000e-03
 5.000000e-01 5.000000e+00 2.400000e+04 5.000000e+00 1.000000e-02]	2935.3547603666684
[2.496198e+04 4.360000e+00 1.092000e+00 1.500000e+00 1.000000e-06
 5.000000e-01 1.000000e+00 5.000000e-03 1.000000e-03 1.000000e-03
 5.000000e-01 5.000000e+00 2.400000e+04 5.000000e+00 1.000000e-02]	2964.207448517596
[2.496198e+04 4.400000e+00 1.092000e+00 1.500000e+00 1.000000e-06
 5.000000e-01 1.000000e+00 5.000000e-03 1.000000e-03 1.000000e-03
 5.000000e-01 5.000000e+00 2.400000e+04 5.000000e+00 1.000000e-02]	2961.85156559348
[2.496198e+04 4.440000e+00 1.092000e+00 1.500000e+00 1.000000e-06
 5.000000e-01 1.000000e+00 5.000000e-03 1.000000e-03 1.000000e-03
 5.000000e-01 5.000000e+00 2.400000e+04 5.000000e+00 1.000000e-02]	2951.9771974921737
[2.496198e+04 4.480000e+00 1.092000e+00 1.500000e+00 1.000000e-06
 5.000000e-01 1.000000e+00 5.000000e-03 1.000000e-03 1.000000e-03
 5.000000e-01 5.000000e+00 2.400000e+04 5.000000e+00 1.000000e-02]	2927.336635449842
[2.496198e+04 4.520000e+00 1.092000e+00 1.500000e+00 1.000000e-06
 5.000000e-01 1.000000e+00 5.000000e-03 1.000000e-03 1.000000e-03
 5.000000e-01 5.000000e+00 2.400000e+04 5.000000e+00 1.000000e-02]	2926.8491640751818
[2.496198e+04 4.560000e+00 1.092000e+00 1.500000e+00 1.000000e-06
 5.000000e-01 1.000000e+00 5.000000e-03 1.000000e-03 1.000000e-03
 5.000000e-01 5.000000e+00 2.400000e+04 5.000000e+00 1.000000e-02]	2953.1916166156193
[2.496198e+04 4.600000e+00 1.092000e+00 1.500000e+00 1.000000e-06
 5.000000e-01 1.000000e+00 5.000000e-03 1.000000e-03 1.000000e-03
 5.000000e-01 5.000000e+00 2.400000e+04 5.000000e+00 1.000000e-02]	2913.7445231130987
[2.496198e+04 4.640000e+00 1.092000e+00 1.500000e+00 1.000000e-06
 5.000000e-01 1.000000e+00 5.000000e-03 1.000000e-03 1.000000e-03
 5.000000e-01 5.000000e+00 2.400000e+04 5.000000e+00 1.000000e-02]	2914.694017767181
[2.496198e+04 4.680000e+00 1.092000e+00 1.500000e+00 1.000000e-06
 5.000000e-01 1.000000e+00 5.000000e-03 1.000000e-03 1.000000e-03
 5.000000e-01 5.000000e+00 2.400000e+04 5.000000e+00 1.000000e-02]	2951.9450124390287
[2.496198e+04 4.720000e+00 1.092000e+00 1.500000e+00 1.000000e-06
 5.000000e-01 1.000000e+00 5.000000e-03 1.000000e-03 1.000000e-03
 5.000000e-01 5.000000e+00 2.400000e+04 5.000000e+00 1.000000e-02]	2912.78761547313
[2.496198e+04 4.760000e+00 1.092000e+00 1.500000e+00 1.000000e-06
 5.000000e-01 1.000000e+00 5.000000e-03 1.000000e-03 1.000000e-03
 5.000000e-01 5.000000e+00 2.400000e+04 5.000000e+00 1.000000e-02]	2930.6119457091268
[2.496198e+04 4.800000e+00 1.092000e+00 1.500000e+00 1.000000e-06
 5.000000e-01 1.000000e+00 5.000000e-03 1.000000e-03 1.000000e-03
 5.000000e-01 5.000000e+00 2.400000e+04 5.000000e+00 1.000000e-02]	2953.659547943129
[2.496198e+04 4.840000e+00 1.092000e+00 1.500000e+00 1.000000e-06
 5.000000e-01 1.000000e+00 5.000000e-03 1.000000e-03 1.000000e-03
 5.000000e-01 5.000000e+00 2.400000e+04 5.000000e+00 1.000000e-02]	2963.700112307791
[2.496198e+04 4.880000e+00 1.092000e+00 1.500000e+00 1.000000e-06
 5.000000e-01 1.000000e+00 5.000000e-03 1.000000e-03 1.000000e-03
 5.000000e-01 5.000000e+00 2.400000e+04 5.000000e+00 1.000000e-02]	2940.6206743623497
[2.496198e+04 4.920000e+00 1.092000e+00 1.500000e+00 1.000000e-06
 5.000000e-01 1.000000e+00 5.000000e-03 1.000000e-03 1.000000e-03
 5.000000e-01 5.000000e+00 2.400000e+04 5.000000e+00 1.000000e-02]	2957.495677559707
[2.496198e+04 4.960000e+00 1.092000e+00 1.500000e+00 1.000000e-06
 5.000000e-01 1.000000e+00 5.000000e-03 1.000000e-03 1.000000e-03
 5.000000e-01 5.000000e+00 2.400000e+04 5.000000e+00 1.000000e-02]	2924.851392634769
[2.496198e+04 5.000000e+00 1.092000e+00 1.500000e+00 1.000000e-06
 5.000000e-01 1.000000e+00 5.000000e-03 1.000000e-03 1.000000e-03
 5.000000e-01 5.000000e+00 2.400000e+04 5.000000e+00 1.000000e-02]	2937.4661825527646
[2.496198e+04 5.040000e+00 1.092000e+00 1.500000e+00 1.000000e-06
 5.000000e-01 1.000000e+00 5.000000e-03 1.000000e-03 1.000000e-03
 5.000000e-01 5.000000e+00 2.400000e+04 5.000000e+00 1.000000e-02]	2930.4448657803214
[2.496198e+04 5.080000e+00 1.092000e+00 1.500000e+00 1.000000e-06
 5.000000e-01 1.000000e+00 5.000000e-03 1.000000e-03 1.000000e-03
 5.000000e-01 5.000000e+00 2.400000e+04 5.000000e+00 1.000000e-02]	2934.162217163123
[2.496198e+04 5.120000e+00 1.092000e+00 1.500000e+00 1.000000e-06
 5.000000e-01 1.000000e+00 5.000000e-03 1.000000e-03 1.000000e-03
 5.000000e-01 5.000000e+00 2.400000e+04 5.000000e+00 1.000000e-02]	2954.018663619313
[2.496198e+04 5.160000e+00 1.092000e+00 1.500000e+00 1.000000e-06
 5.000000e-01 1.000000e+00 5.000000e-03 1.000000e-03 1.000000e-03
 5.000000e-01 5.000000e+00 2.400000e+04 5.000000e+00 1.000000e-02]	2931.97950425899
[2.496198e+04 5.200000e+00 1.092000e+00 1.500000e+00 1.000000e-06
 5.000000e-01 1.000000e+00 5.000000e-03 1.000000e-03 1.000000e-03
 5.000000e-01 5.000000e+00 2.400000e+04 5.000000e+00 1.000000e-02]	2949.0139533494093
[2.496198e+04 5.240000e+00 1.092000e+00 1.500000e+00 1.000000e-06
 5.000000e-01 1.000000e+00 5.000000e-03 1.000000e-03 1.000000e-03
 5.000000e-01 5.000000e+00 2.400000e+04 5.000000e+00 1.000000e-02]	2941.3707511437187
[2.496198e+04 5.280000e+00 1.092000e+00 1.500000e+00 1.000000e-06
 5.000000e-01 1.000000e+00 5.000000e-03 1.000000e-03 1.000000e-03
 5.000000e-01 5.000000e+00 2.400000e+04 5.000000e+00 1.000000e-02]	2958.933242870531
[2.496198e+04 5.320000e+00 1.092000e+00 1.500000e+00 1.000000e-06
 5.000000e-01 1.000000e+00 5.000000e-03 1.000000e-03 1.000000e-03
 5.000000e-01 5.000000e+00 2.400000e+04 5.000000e+00 1.000000e-02]	2927.43090517466
[2.496198e+04 5.360000e+00 1.092000e+00 1.500000e+00 1.000000e-06
 5.000000e-01 1.000000e+00 5.000000e-03 1.000000e-03 1.000000e-03
 5.000000e-01 5.000000e+00 2.400000e+04 5.000000e+00 1.000000e-02]	2950.5785077881983
[2.496198e+04 5.400000e+00 1.092000e+00 1.500000e+00 1.000000e-06
 5.000000e-01 1.000000e+00 5.000000e-03 1.000000e-03 1.000000e-03
 5.000000e-01 5.000000e+00 2.400000e+04 5.000000e+00 1.000000e-02]	2961.666287010149
[2.496198e+04 5.440000e+00 1.092000e+00 1.500000e+00 1.000000e-06
 5.000000e-01 1.000000e+00 5.000000e-03 1.000000e-03 1.000000e-03
 5.000000e-01 5.000000e+00 2.400000e+04 5.000000e+00 1.000000e-02]	2951.4800667701184
[2.496198e+04 5.480000e+00 1.092000e+00 1.500000e+00 1.000000e-06
 5.000000e-01 1.000000e+00 5.000000e-03 1.000000e-03 1.000000e-03
 5.000000e-01 5.000000e+00 2.400000e+04 5.000000e+00 1.000000e-02]	2953.9785497560392
[2.496198e+04 5.520000e+00 1.092000e+00 1.500000e+00 1.000000e-06
 5.000000e-01 1.000000e+00 5.000000e-03 1.000000e-03 1.000000e-03
 5.000000e-01 5.000000e+00 2.400000e+04 5.000000e+00 1.000000e-02]	2922.949647398055
[2.496198e+04 5.560000e+00 1.092000e+00 1.500000e+00 1.000000e-06
 5.000000e-01 1.000000e+00 5.000000e-03 1.000000e-03 1.000000e-03
 5.000000e-01 5.000000e+00 2.400000e+04 5.000000e+00 1.000000e-02]	2945.3378903132757
[2.496198e+04 5.600000e+00 1.092000e+00 1.500000e+00 1.000000e-06
 5.000000e-01 1.000000e+00 5.000000e-03 1.000000e-03 1.000000e-03
 5.000000e-01 5.000000e+00 2.400000e+04 5.000000e+00 1.000000e-02]	2915.1731489473327
[2.496198e+04 5.640000e+00 1.092000e+00 1.500000e+00 1.000000e-06
 5.000000e-01 1.000000e+00 5.000000e-03 1.000000e-03 1.000000e-03
 5.000000e-01 5.000000e+00 2.400000e+04 5.000000e+00 1.000000e-02]	2935.3229034418086
[2.496198e+04 5.680000e+00 1.092000e+00 1.500000e+00 1.000000e-06
 5.000000e-01 1.000000e+00 5.000000e-03 1.000000e-03 1.000000e-03
 5.000000e-01 5.000000e+00 2.400000e+04 5.000000e+00 1.000000e-02]	2922.7680051193724
[2.496198e+04 5.720000e+00 1.092000e+00 1.500000e+00 1.000000e-06
 5.000000e-01 1.000000e+00 5.000000e-03 1.000000e-03 1.000000e-03
 5.000000e-01 5.000000e+00 2.400000e+04 5.000000e+00 1.000000e-02]	2934.592902041061
[2.496198e+04 5.760000e+00 1.092000e+00 1.500000e+00 1.000000e-06
 5.000000e-01 1.000000e+00 5.000000e-03 1.000000e-03 1.000000e-03
 5.000000e-01 5.000000e+00 2.400000e+04 5.000000e+00 1.000000e-02]	2921.7947476175127
[2.496198e+04 5.800000e+00 1.092000e+00 1.500000e+00 1.000000e-06
 5.000000e-01 1.000000e+00 5.000000e-03 1.000000e-03 1.000000e-03
 5.000000e-01 5.000000e+00 2.400000e+04 5.000000e+00 1.000000e-02]	2922.1988545673858
[2.496198e+04 5.840000e+00 1.092000e+00 1.500000e+00 1.000000e-06
 5.000000e-01 1.000000e+00 5.000000e-03 1.000000e-03 1.000000e-03
 5.000000e-01 5.000000e+00 2.400000e+04 5.000000e+00 1.000000e-02]	2948.7061830542298
[2.496198e+04 5.880000e+00 1.092000e+00 1.500000e+00 1.000000e-06
 5.000000e-01 1.000000e+00 5.000000e-03 1.000000e-03 1.000000e-03
 5.000000e-01 5.000000e+00 2.400000e+04 5.000000e+00 1.000000e-02]	2924.007468446901
[2.496198e+04 5.920000e+00 1.092000e+00 1.500000e+00 1.000000e-06
 5.000000e-01 1.000000e+00 5.000000e-03 1.000000e-03 1.000000e-03
 5.000000e-01 5.000000e+00 2.400000e+04 5.000000e+00 1.000000e-02]	2940.1464490014096
[2.496198e+04 5.960000e+00 1.092000e+00 1.500000e+00 1.000000e-06
 5.000000e-01 1.000000e+00 5.000000e-03 1.000000e-03 1.000000e-03
 5.000000e-01 5.000000e+00 2.400000e+04 5.000000e+00 1.000000e-02]	2949.580735315014
[2.496198e+04 5.960000e+00 0.000000e+00 1.500000e+00 1.000000e-06
 5.000000e-01 1.000000e+00 5.000000e-03 1.000000e-03 1.000000e-03
 5.000000e-01 5.000000e+00 2.400000e+04 5.000000e+00 1.000000e-02]	2929.9604580278683
[2.496198e+04 5.960000e+00 4.000000e-03 1.500000e+00 1.000000e-06
 5.000000e-01 1.000000e+00 5.000000e-03 1.000000e-03 1.000000e-03
 5.000000e-01 5.000000e+00 2.400000e+04 5.000000e+00 1.000000e-02]	2946.959610079393
[2.496198e+04 5.960000e+00 8.000000e-03 1.500000e+00 1.000000e-06
 5.000000e-01 1.000000e+00 5.000000e-03 1.000000e-03 1.000000e-03
 5.000000e-01 5.000000e+00 2.400000e+04 5.000000e+00 1.000000e-02]	2931.9244393130457
[2.496198e+04 5.960000e+00 1.200000e-02 1.500000e+00 1.000000e-06
 5.000000e-01 1.000000e+00 5.000000e-03 1.000000e-03 1.000000e-03
 5.000000e-01 5.000000e+00 2.400000e+04 5.000000e+00 1.000000e-02]	2939.343395304992
[2.496198e+04 5.960000e+00 1.600000e-02 1.500000e+00 1.000000e-06
 5.000000e-01 1.000000e+00 5.000000e-03 1.000000e-03 1.000000e-03
 5.000000e-01 5.000000e+00 2.400000e+04 5.000000e+00 1.000000e-02]	2925.9244552860887
[2.496198e+04 5.960000e+00 2.000000e-02 1.500000e+00 1.000000e-06
 5.000000e-01 1.000000e+00 5.000000e-03 1.000000e-03 1.000000e-03
 5.000000e-01 5.000000e+00 2.400000e+04 5.000000e+00 1.000000e-02]	2939.860010789053
[2.496198e+04 5.960000e+00 2.400000e-02 1.500000e+00 1.000000e-06
 5.000000e-01 1.000000e+00 5.000000e-03 1.000000e-03 1.000000e-03
 5.000000e-01 5.000000e+00 2.400000e+04 5.000000e+00 1.000000e-02]	2956.79574564038
[2.496198e+04 5.960000e+00 2.800000e-02 1.500000e+00 1.000000e-06
 5.000000e-01 1.000000e+00 5.000000e-03 1.000000e-03 1.000000e-03
 5.000000e-01 5.000000e+00 2.400000e+04 5.000000e+00 1.000000e-02]	2929.497422850265
[2.496198e+04 5.960000e+00 3.200000e-02 1.500000e+00 1.000000e-06
 5.000000e-01 1.000000e+00 5.000000e-03 1.000000e-03 1.000000e-03
 5.000000e-01 5.000000e+00 2.400000e+04 5.000000e+00 1.000000e-02]	2947.339822188695
[2.496198e+04 5.960000e+00 3.600000e-02 1.500000e+00 1.000000e-06
 5.000000e-01 1.000000e+00 5.000000e-03 1.000000e-03 1.000000e-03
 5.000000e-01 5.000000e+00 2.400000e+04 5.000000e+00 1.000000e-02]	2954.3943174201686
[2.496198e+04 5.960000e+00 4.000000e-02 1.500000e+00 1.000000e-06
 5.000000e-01 1.000000e+00 5.000000e-03 1.000000e-03 1.000000e-03
 5.000000e-01 5.000000e+00 2.400000e+04 5.000000e+00 1.000000e-02]	2945.5428815567248
[2.496198e+04 5.960000e+00 4.400000e-02 1.500000e+00 1.000000e-06
 5.000000e-01 1.000000e+00 5.000000e-03 1.000000e-03 1.000000e-03
 5.000000e-01 5.000000e+00 2.400000e+04 5.000000e+00 1.000000e-02]	2955.953035926459
[2.496198e+04 5.960000e+00 4.800000e-02 1.500000e+00 1.000000e-06
 5.000000e-01 1.000000e+00 5.000000e-03 1.000000e-03 1.000000e-03
 5.000000e-01 5.000000e+00 2.400000e+04 5.000000e+00 1.000000e-02]	2946.093057667351
[2.496198e+04 5.960000e+00 5.200000e-02 1.500000e+00 1.000000e-06
 5.000000e-01 1.000000e+00 5.000000e-03 1.000000e-03 1.000000e-03
 5.000000e-01 5.000000e+00 2.400000e+04 5.000000e+00 1.000000e-02]	2939.9976228455507
[2.496198e+04 5.960000e+00 5.600000e-02 1.500000e+00 1.000000e-06
 5.000000e-01 1.000000e+00 5.000000e-03 1.000000e-03 1.000000e-03
 5.000000e-01 5.000000e+00 2.400000e+04 5.000000e+00 1.000000e-02]	2929.497422850265
[2.496198e+04 5.960000e+00 6.000000e-02 1.500000e+00 1.000000e-06
 5.000000e-01 1.000000e+00 5.000000e-03 1.000000e-03 1.000000e-03
 5.000000e-01 5.000000e+00 2.400000e+04 5.000000e+00 1.000000e-02]	2935.7883772636637
[2.496198e+04 5.960000e+00 6.400000e-02 1.500000e+00 1.000000e-06
 5.000000e-01 1.000000e+00 5.000000e-03 1.000000e-03 1.000000e-03
 5.000000e-01 5.000000e+00 2.400000e+04 5.000000e+00 1.000000e-02]	2915.8365396494905
[2.496198e+04 5.960000e+00 6.800000e-02 1.500000e+00 1.000000e-06
 5.000000e-01 1.000000e+00 5.000000e-03 1.000000e-03 1.000000e-03
 5.000000e-01 5.000000e+00 2.400000e+04 5.000000e+00 1.000000e-02]	2944.6230625756893
[2.496198e+04 5.960000e+00 7.200000e-02 1.500000e+00 1.000000e-06
 5.000000e-01 1.000000e+00 5.000000e-03 1.000000e-03 1.000000e-03
 5.000000e-01 5.000000e+00 2.400000e+04 5.000000e+00 1.000000e-02]	2931.352708625337
[2.496198e+04 5.960000e+00 7.600000e-02 1.500000e+00 1.000000e-06
 5.000000e-01 1.000000e+00 5.000000e-03 1.000000e-03 1.000000e-03
 5.000000e-01 5.000000e+00 2.400000e+04 5.000000e+00 1.000000e-02]	2929.497422850265
[2.496198e+04 5.960000e+00 8.000000e-02 1.500000e+00 1.000000e-06
 5.000000e-01 1.000000e+00 5.000000e-03 1.000000e-03 1.000000e-03
 5.000000e-01 5.000000e+00 2.400000e+04 5.000000e+00 1.000000e-02]	2951.4757534798937
[2.496198e+04 5.960000e+00 8.400000e-02 1.500000e+00 1.000000e-06
 5.000000e-01 1.000000e+00 5.000000e-03 1.000000e-03 1.000000e-03
 5.000000e-01 5.000000e+00 2.400000e+04 5.000000e+00 1.000000e-02]	2945.44381033475
[2.496198e+04 5.960000e+00 8.800000e-02 1.500000e+00 1.000000e-06
 5.000000e-01 1.000000e+00 5.000000e-03 1.000000e-03 1.000000e-03
 5.000000e-01 5.000000e+00 2.400000e+04 5.000000e+00 1.000000e-02]	2946.093057667351
[2.496198e+04 5.960000e+00 9.200000e-02 1.500000e+00 1.000000e-06
 5.000000e-01 1.000000e+00 5.000000e-03 1.000000e-03 1.000000e-03
 5.000000e-01 5.000000e+00 2.400000e+04 5.000000e+00 1.000000e-02]	2942.8813477563244
[2.496198e+04 5.960000e+00 9.600000e-02 1.500000e+00 1.000000e-06
 5.000000e-01 1.000000e+00 5.000000e-03 1.000000e-03 1.000000e-03
 5.000000e-01 5.000000e+00 2.400000e+04 5.000000e+00 1.000000e-02]	2958.4922223460258
[2.496198e+04 5.960000e+00 1.000000e-01 1.500000e+00 1.000000e-06
 5.000000e-01 1.000000e+00 5.000000e-03 1.000000e-03 1.000000e-03
 5.000000e-01 5.000000e+00 2.400000e+04 5.000000e+00 1.000000e-02]	2944.897078678133
[2.496198e+04 5.960000e+00 1.040000e-01 1.500000e+00 1.000000e-06
 5.000000e-01 1.000000e+00 5.000000e-03 1.000000e-03 1.000000e-03
 5.000000e-01 5.000000e+00 2.400000e+04 5.000000e+00 1.000000e-02]	2945.9896147725153
[2.496198e+04 5.960000e+00 1.080000e-01 1.500000e+00 1.000000e-06
 5.000000e-01 1.000000e+00 5.000000e-03 1.000000e-03 1.000000e-03
 5.000000e-01 5.000000e+00 2.400000e+04 5.000000e+00 1.000000e-02]	2946.4982163828236
[2.496198e+04 5.960000e+00 1.120000e-01 1.500000e+00 1.000000e-06
 5.000000e-01 1.000000e+00 5.000000e-03 1.000000e-03 1.000000e-03
 5.000000e-01 5.000000e+00 2.400000e+04 5.000000e+00 1.000000e-02]	2935.7883772636637
[2.496198e+04 5.960000e+00 1.160000e-01 1.500000e+00 1.000000e-06
 5.000000e-01 1.000000e+00 5.000000e-03 1.000000e-03 1.000000e-03
 5.000000e-01 5.000000e+00 2.400000e+04 5.000000e+00 1.000000e-02]	2951.4757534798937
[2.496198e+04 5.960000e+00 1.200000e-01 1.500000e+00 1.000000e-06
 5.000000e-01 1.000000e+00 5.000000e-03 1.000000e-03 1.000000e-03
 5.000000e-01 5.000000e+00 2.400000e+04 5.000000e+00 1.000000e-02]	2940.3861068321057
[2.496198e+04 5.960000e+00 1.240000e-01 1.500000e+00 1.000000e-06
 5.000000e-01 1.000000e+00 5.000000e-03 1.000000e-03 1.000000e-03
 5.000000e-01 5.000000e+00 2.400000e+04 5.000000e+00 1.000000e-02]	2954.184244175273
[2.496198e+04 5.960000e+00 1.280000e-01 1.500000e+00 1.000000e-06
 5.000000e-01 1.000000e+00 5.000000e-03 1.000000e-03 1.000000e-03
 5.000000e-01 5.000000e+00 2.400000e+04 5.000000e+00 1.000000e-02]	2935.309834128465
[2.496198e+04 5.960000e+00 1.320000e-01 1.500000e+00 1.000000e-06
 5.000000e-01 1.000000e+00 5.000000e-03 1.000000e-03 1.000000e-03
 5.000000e-01 5.000000e+00 2.400000e+04 5.000000e+00 1.000000e-02]	2931.517465851507
[2.496198e+04 5.960000e+00 1.360000e-01 1.500000e+00 1.000000e-06
 5.000000e-01 1.000000e+00 5.000000e-03 1.000000e-03 1.000000e-03
 5.000000e-01 5.000000e+00 2.400000e+04 5.000000e+00 1.000000e-02]	2943.530564431411
[2.496198e+04 5.960000e+00 1.400000e-01 1.500000e+00 1.000000e-06
 5.000000e-01 1.000000e+00 5.000000e-03 1.000000e-03 1.000000e-03
 5.000000e-01 5.000000e+00 2.400000e+04 5.000000e+00 1.000000e-02]	2937.2968150566758
[2.496198e+04 5.960000e+00 1.440000e-01 1.500000e+00 1.000000e-06
 5.000000e-01 1.000000e+00 5.000000e-03 1.000000e-03 1.000000e-03
 5.000000e-01 5.000000e+00 2.400000e+04 5.000000e+00 1.000000e-02]	2938.5837635207986
[2.496198e+04 5.960000e+00 1.480000e-01 1.500000e+00 1.000000e-06
 5.000000e-01 1.000000e+00 5.000000e-03 1.000000e-03 1.000000e-03
 5.000000e-01 5.000000e+00 2.400000e+04 5.000000e+00 1.000000e-02]	2931.118191489969
[2.496198e+04 5.960000e+00 1.520000e-01 1.500000e+00 1.000000e-06
 5.000000e-01 1.000000e+00 5.000000e-03 1.000000e-03 1.000000e-03
 5.000000e-01 5.000000e+00 2.400000e+04 5.000000e+00 1.000000e-02]	2934.071630168988
[2.496198e+04 5.960000e+00 1.560000e-01 1.500000e+00 1.000000e-06
 5.000000e-01 1.000000e+00 5.000000e-03 1.000000e-03 1.000000e-03
 5.000000e-01 5.000000e+00 2.400000e+04 5.000000e+00 1.000000e-02]	2951.4757534798937
[2.496198e+04 5.960000e+00 1.600000e-01 1.500000e+00 1.000000e-06
 5.000000e-01 1.000000e+00 5.000000e-03 1.000000e-03 1.000000e-03
 5.000000e-01 5.000000e+00 2.400000e+04 5.000000e+00 1.000000e-02]	2943.721023081674
[2.496198e+04 5.960000e+00 1.640000e-01 1.500000e+00 1.000000e-06
 5.000000e-01 1.000000e+00 5.000000e-03 1.000000e-03 1.000000e-03
 5.000000e-01 5.000000e+00 2.400000e+04 5.000000e+00 1.000000e-02]	2953.4241986588318
