[2.3001e+04 9.0000e-01 1.0920e+00 1.5000e+00 1.0000e-06 5.0000e-01
 1.0000e+00 5.0000e-03 1.0000e-03 1.0000e-03 5.0000e-01 5.0000e+00
 2.4000e+04 5.0000e+00 1.0000e-02]	833.0784808317019
[2.304102e+04 9.000000e-01 1.092000e+00 1.500000e+00 1.000000e-06
 5.000000e-01 1.000000e+00 5.000000e-03 1.000000e-03 1.000000e-03
 5.000000e-01 5.000000e+00 2.400000e+04 5.000000e+00 1.000000e-02]	828.8736573204086
[2.308104e+04 9.000000e-01 1.092000e+00 1.500000e+00 1.000000e-06
 5.000000e-01 1.000000e+00 5.000000e-03 1.000000e-03 1.000000e-03
 5.000000e-01 5.000000e+00 2.400000e+04 5.000000e+00 1.000000e-02]	830.4658254819908
[2.312106e+04 9.000000e-01 1.092000e+00 1.500000e+00 1.000000e-06
 5.000000e-01 1.000000e+00 5.000000e-03 1.000000e-03 1.000000e-03
 5.000000e-01 5.000000e+00 2.400000e+04 5.000000e+00 1.000000e-02]	831.9110266167385
[2.316108e+04 9.000000e-01 1.092000e+00 1.500000e+00 1.000000e-06
 5.000000e-01 1.000000e+00 5.000000e-03 1.000000e-03 1.000000e-03
 5.000000e-01 5.000000e+00 2.400000e+04 5.000000e+00 1.000000e-02]	838.4492453715314
[2.32011e+04 9.00000e-01 1.09200e+00 1.50000e+00 1.00000e-06 5.00000e-01
 1.00000e+00 5.00000e-03 1.00000e-03 1.00000e-03 5.00000e-01 5.00000e+00
 2.40000e+04 5.00000e+00 1.00000e-02]	835.2331604647123
[2.324112e+04 9.000000e-01 1.092000e+00 1.500000e+00 1.000000e-06
 5.000000e-01 1.000000e+00 5.000000e-03 1.000000e-03 1.000000e-03
 5.000000e-01 5.000000e+00 2.400000e+04 5.000000e+00 1.000000e-02]	821.3292222091317
[2.328114e+04 9.000000e-01 1.092000e+00 1.500000e+00 1.000000e-06
 5.000000e-01 1.000000e+00 5.000000e-03 1.000000e-03 1.000000e-03
 5.000000e-01 5.000000e+00 2.400000e+04 5.000000e+00 1.000000e-02]	834.791235228591
[2.332116e+04 9.000000e-01 1.092000e+00 1.500000e+00 1.000000e-06
 5.000000e-01 1.000000e+00 5.000000e-03 1.000000e-03 1.000000e-03
 5.000000e-01 5.000000e+00 2.400000e+04 5.000000e+00 1.000000e-02]	832.9699023485955
[2.336118e+04 9.000000e-01 1.092000e+00 1.500000e+00 1.000000e-06
 5.000000e-01 1.000000e+00 5.000000e-03 1.000000e-03 1.000000e-03
 5.000000e-01 5.000000e+00 2.400000e+04 5.000000e+00 1.000000e-02]	832.8416799116275
[2.34012e+04 9.00000e-01 1.09200e+00 1.50000e+00 1.00000e-06 5.00000e-01
 1.00000e+00 5.00000e-03 1.00000e-03 1.00000e-03 5.00000e-01 5.00000e+00
 2.40000e+04 5.00000e+00 1.00000e-02]	822.5320262550018
[2.344122e+04 9.000000e-01 1.092000e+00 1.500000e+00 1.000000e-06
 5.000000e-01 1.000000e+00 5.000000e-03 1.000000e-03 1.000000e-03
 5.000000e-01 5.000000e+00 2.400000e+04 5.000000e+00 1.000000e-02]	826.2287168741935
[2.348124e+04 9.000000e-01 1.092000e+00 1.500000e+00 1.000000e-06
 5.000000e-01 1.000000e+00 5.000000e-03 1.000000e-03 1.000000e-03
 5.000000e-01 5.000000e+00 2.400000e+04 5.000000e+00 1.000000e-02]	833.6732258249098
[2.352126e+04 9.000000e-01 1.092000e+00 1.500000e+00 1.000000e-06
 5.000000e-01 1.000000e+00 5.000000e-03 1.000000e-03 1.000000e-03
 5.000000e-01 5.000000e+00 2.400000e+04 5.000000e+00 1.000000e-02]	821.7721945237225
[2.356128e+04 9.000000e-01 1.092000e+00 1.500000e+00 1.000000e-06
 5.000000e-01 1.000000e+00 5.000000e-03 1.000000e-03 1.000000e-03
 5.000000e-01 5.000000e+00 2.400000e+04 5.000000e+00 1.000000e-02]	824.4886874167013
[2.36013e+04 9.00000e-01 1.09200e+00 1.50000e+00 1.00000e-06 5.00000e-01
 1.00000e+00 5.00000e-03 1.00000e-03 1.00000e-03 5.00000e-01 5.00000e+00
 2.40000e+04 5.00000e+00 1.00000e-02]	840.1156107645158
[2.364132e+04 9.000000e-01 1.092000e+00 1.500000e+00 1.000000e-06
 5.000000e-01 1.000000e+00 5.000000e-03 1.000000e-03 1.000000e-03
 5.000000e-01 5.000000e+00 2.400000e+04 5.000000e+00 1.000000e-02]	827.4795289699946
[2.368134e+04 9.000000e-01 1.092000e+00 1.500000e+00 1.000000e-06
 5.000000e-01 1.000000e+00 5.000000e-03 1.000000e-03 1.000000e-03
 5.000000e-01 5.000000e+00 2.400000e+04 5.000000e+00 1.000000e-02]	812.7286222924777
[2.372136e+04 9.000000e-01 1.092000e+00 1.500000e+00 1.000000e-06
 5.000000e-01 1.000000e+00 5.000000e-03 1.000000e-03 1.000000e-03
 5.000000e-01 5.000000e+00 2.400000e+04 5.000000e+00 1.000000e-02]	825.4445507099813
[2.376138e+04 9.000000e-01 1.092000e+00 1.500000e+00 1.000000e-06
 5.000000e-01 1.000000e+00 5.000000e-03 1.000000e-03 1.000000e-03
 5.000000e-01 5.000000e+00 2.400000e+04 5.000000e+00 1.000000e-02]	832.8094716743645
[2.38014e+04 9.00000e-01 1.09200e+00 1.50000e+00 1.00000e-06 5.00000e-01
 1.00000e+00 5.00000e-03 1.00000e-03 1.00000e-03 5.00000e-01 5.00000e+00
 2.40000e+04 5.00000e+00 1.00000e-02]	822.0844638079473
[2.384142e+04 9.000000e-01 1.092000e+00 1.500000e+00 1.000000e-06
 5.000000e-01 1.000000e+00 5.000000e-03 1.000000e-03 1.000000e-03
 5.000000e-01 5.000000e+00 2.400000e+04 5.000000e+00 1.000000e-02]	824.818681049664
[2.388144e+04 9.000000e-01 1.092000e+00 1.500000e+00 1.000000e-06
 5.000000e-01 1.000000e+00 5.000000e-03 1.000000e-03 1.000000e-03
 5.000000e-01 5.000000e+00 2.400000e+04 5.000000e+00 1.000000e-02]	833.1584879386296
[2.392146e+04 9.000000e-01 1.092000e+00 1.500000e+00 1.000000e-06
 5.000000e-01 1.000000e+00 5.000000e-03 1.000000e-03 1.000000e-03
 5.000000e-01 5.000000e+00 2.400000e+04 5.000000e+00 1.000000e-02]	824.8756763840777
[2.396148e+04 9.000000e-01 1.092000e+00 1.500000e+00 1.000000e-06
 5.000000e-01 1.000000e+00 5.000000e-03 1.000000e-03 1.000000e-03
 5.000000e-01 5.000000e+00 2.400000e+04 5.000000e+00 1.000000e-02]	830.9064817502265
[2.40015e+04 9.00000e-01 1.09200e+00 1.50000e+00 1.00000e-06 5.00000e-01
 1.00000e+00 5.00000e-03 1.00000e-03 1.00000e-03 5.00000e-01 5.00000e+00
 2.40000e+04 5.00000e+00 1.00000e-02]	827.4795289699946
[2.404152e+04 9.000000e-01 1.092000e+00 1.500000e+00 1.000000e-06
 5.000000e-01 1.000000e+00 5.000000e-03 1.000000e-03 1.000000e-03
 5.000000e-01 5.000000e+00 2.400000e+04 5.000000e+00 1.000000e-02]	830.4096991394862
[2.408154e+04 9.000000e-01 1.092000e+00 1.500000e+00 1.000000e-06
 5.000000e-01 1.000000e+00 5.000000e-03 1.000000e-03 1.000000e-03
 5.000000e-01 5.000000e+00 2.400000e+04 5.000000e+00 1.000000e-02]	823.7703901479574
[2.412156e+04 9.000000e-01 1.092000e+00 1.500000e+00 1.000000e-06
 5.000000e-01 1.000000e+00 5.000000e-03 1.000000e-03 1.000000e-03
 5.000000e-01 5.000000e+00 2.400000e+04 5.000000e+00 1.000000e-02]	833.0426810302116
[2.416158e+04 9.000000e-01 1.092000e+00 1.500000e+00 1.000000e-06
 5.000000e-01 1.000000e+00 5.000000e-03 1.000000e-03 1.000000e-03
 5.000000e-01 5.000000e+00 2.400000e+04 5.000000e+00 1.000000e-02]	845.6707846055164
[2.42016e+04 9.00000e-01 1.09200e+00 1.50000e+00 1.00000e-06 5.00000e-01
 1.00000e+00 5.00000e-03 1.00000e-03 1.00000e-03 5.00000e-01 5.00000e+00
 2.40000e+04 5.00000e+00 1.00000e-02]	833.1675704516528
[2.424162e+04 9.000000e-01 1.092000e+00 1.500000e+00 1.000000e-06
 5.000000e-01 1.000000e+00 5.000000e-03 1.000000e-03 1.000000e-03
 5.000000e-01 5.000000e+00 2.400000e+04 5.000000e+00 1.000000e-02]	816.7612635790272
[2.428164e+04 9.000000e-01 1.092000e+00 1.500000e+00 1.000000e-06
 5.000000e-01 1.000000e+00 5.000000e-03 1.000000e-03 1.000000e-03
 5.000000e-01 5.000000e+00 2.400000e+04 5.000000e+00 1.000000e-02]	814.7659207174181
[2.432166e+04 9.000000e-01 1.092000e+00 1.500000e+00 1.000000e-06
 5.000000e-01 1.000000e+00 5.000000e-03 1.000000e-03 1.000000e-03
 5.000000e-01 5.000000e+00 2.400000e+04 5.000000e+00 1.000000e-02]	832.1448747212733
[2.436168e+04 9.000000e-01 1.092000e+00 1.500000e+00 1.000000e-06
 5.000000e-01 1.000000e+00 5.000000e-03 1.000000e-03 1.000000e-03
 5.000000e-01 5.000000e+00 2.400000e+04 5.000000e+00 1.000000e-02]	835.0555581717122
[2.44017e+04 9.00000e-01 1.09200e+00 1.50000e+00 1.00000e-06 5.00000e-01
 1.00000e+00 5.00000e-03 1.00000e-03 1.00000e-03 5.00000e-01 5.00000e+00
 2.40000e+04 5.00000e+00 1.00000e-02]	830.72263801776
[2.444172e+04 9.000000e-01 1.092000e+00 1.500000e+00 1.000000e-06
 5.000000e-01 1.000000e+00 5.000000e-03 1.000000e-03 1.000000e-03
 5.000000e-01 5.000000e+00 2.400000e+04 5.000000e+00 1.000000e-02]	820.5245631700608
[2.448174e+04 9.000000e-01 1.092000e+00 1.500000e+00 1.000000e-06
 5.000000e-01 1.000000e+00 5.000000e-03 1.000000e-03 1.000000e-03
 5.000000e-01 5.000000e+00 2.400000e+04 5.000000e+00 1.000000e-02]	823.0245594560052
[2.452176e+04 9.000000e-01 1.092000e+00 1.500000e+00 1.000000e-06
 5.000000e-01 1.000000e+00 5.000000e-03 1.000000e-03 1.000000e-03
 5.000000e-01 5.000000e+00 2.400000e+04 5.000000e+00 1.000000e-02]	821.3813636252255
[2.456178e+04 9.000000e-01 1.092000e+00 1.500000e+00 1.000000e-06
 5.000000e-01 1.000000e+00 5.000000e-03 1.000000e-03 1.000000e-03
 5.000000e-01 5.000000e+00 2.400000e+04 5.000000e+00 1.000000e-02]	820.6754633335752
[2.46018e+04 9.00000e-01 1.09200e+00 1.50000e+00 1.00000e-06 5.00000e-01
 1.00000e+00 5.00000e-03 1.00000e-03 1.00000e-03 5.00000e-01 5.00000e+00
 2.40000e+04 5.00000e+00 1.00000e-02]	832.4188996370359
[2.464182e+04 9.000000e-01 1.092000e+00 1.500000e+00 1.000000e-06
 5.000000e-01 1.000000e+00 5.000000e-03 1.000000e-03 1.000000e-03
 5.000000e-01 5.000000e+00 2.400000e+04 5.000000e+00 1.000000e-02]	831.1647035291536
[2.468184e+04 9.000000e-01 1.092000e+00 1.500000e+00 1.000000e-06
 5.000000e-01 1.000000e+00 5.000000e-03 1.000000e-03 1.000000e-03
 5.000000e-01 5.000000e+00 2.400000e+04 5.000000e+00 1.000000e-02]	841.4501233437896
[2.472186e+04 9.000000e-01 1.092000e+00 1.500000e+00 1.000000e-06
 5.000000e-01 1.000000e+00 5.000000e-03 1.000000e-03 1.000000e-03
 5.000000e-01 5.000000e+00 2.400000e+04 5.000000e+00 1.000000e-02]	818.8657750020487
[2.476188e+04 9.000000e-01 1.092000e+00 1.500000e+00 1.000000e-06
 5.000000e-01 1.000000e+00 5.000000e-03 1.000000e-03 1.000000e-03
 5.000000e-01 5.000000e+00 2.400000e+04 5.000000e+00 1.000000e-02]	836.3384826651775
[2.48019e+04 9.00000e-01 1.09200e+00 1.50000e+00 1.00000e-06 5.00000e-01
 1.00000e+00 5.00000e-03 1.00000e-03 1.00000e-03 5.00000e-01 5.00000e+00
 2.40000e+04 5.00000e+00 1.00000e-02]	845.9076492660762
[2.484192e+04 9.000000e-01 1.092000e+00 1.500000e+00 1.000000e-06
 5.000000e-01 1.000000e+00 5.000000e-03 1.000000e-03 1.000000e-03
 5.000000e-01 5.000000e+00 2.400000e+04 5.000000e+00 1.000000e-02]	834.226896475981
[2.488194e+04 9.000000e-01 1.092000e+00 1.500000e+00 1.000000e-06
 5.000000e-01 1.000000e+00 5.000000e-03 1.000000e-03 1.000000e-03
 5.000000e-01 5.000000e+00 2.400000e+04 5.000000e+00 1.000000e-02]	822.3780121559408
[2.492196e+04 9.000000e-01 1.092000e+00 1.500000e+00 1.000000e-06
 5.000000e-01 1.000000e+00 5.000000e-03 1.000000e-03 1.000000e-03
 5.000000e-01 5.000000e+00 2.400000e+04 5.000000e+00 1.000000e-02]	819.8193472596823
[2.496198e+04 9.000000e-01 1.092000e+00 1.500000e+00 1.000000e-06
 5.000000e-01 1.000000e+00 5.000000e-03 1.000000e-03 1.000000e-03
 5.000000e-01 5.000000e+00 2.400000e+04 5.000000e+00 1.000000e-02]	821.5038000034909
[2.496198e+04 4.000000e+00 1.092000e+00 1.500000e+00 1.000000e-06
 5.000000e-01 1.000000e+00 5.000000e-03 1.000000e-03 1.000000e-03
 5.000000e-01 5.000000e+00 2.400000e+04 5.000000e+00 1.000000e-02]	827.9462464629958
[2.496198e+04 4.040000e+00 1.092000e+00 1.500000e+00 1.000000e-06
 5.000000e-01 1.000000e+00 5.000000e-03 1.000000e-03 1.000000e-03
 5.000000e-01 5.000000e+00 2.400000e+04 5.000000e+00 1.000000e-02]	825.7691021518491
[2.496198e+04 4.080000e+00 1.092000e+00 1.500000e+00 1.000000e-06
 5.000000e-01 1.000000e+00 5.000000e-03 1.000000e-03 1.000000e-03
 5.000000e-01 5.000000e+00 2.400000e+04 5.000000e+00 1.000000e-02]	828.1935218663298
[2.496198e+04 4.120000e+00 1.092000e+00 1.500000e+00 1.000000e-06
 5.000000e-01 1.000000e+00 5.000000e-03 1.000000e-03 1.000000e-03
 5.000000e-01 5.000000e+00 2.400000e+04 5.000000e+00 1.000000e-02]	826.1348032141658
[2.496198e+04 4.160000e+00 1.092000e+00 1.500000e+00 1.000000e-06
 5.000000e-01 1.000000e+00 5.000000e-03 1.000000e-03 1.000000e-03
 5.000000e-01 5.000000e+00 2.400000e+04 5.000000e+00 1.000000e-02]	829.359662963067
[2.496198e+04 4.200000e+00 1.092000e+00 1.500000e+00 1.000000e-06
 5.000000e-01 1.000000e+00 5.000000e-03 1.000000e-03 1.000000e-03
 5.000000e-01 5.000000e+00 2.400000e+04 5.000000e+00 1.000000e-02]	831.9367032984911
[2.496198e+04 4.240000e+00 1.092000e+00 1.500000e+00 1.000000e-06
 5.000000e-01 1.000000e+00 5.000000e-03 1.000000e-03 1.000000e-03
 5.000000e-01 5.000000e+00 2.400000e+04 5.000000e+00 1.000000e-02]	835.629612004934
[2.496198e+04 4.280000e+00 1.092000e+00 1.500000e+00 1.000000e-06
 5.000000e-01 1.000000e+00 5.000000e-03 1.000000e-03 1.000000e-03
 5.000000e-01 5.000000e+00 2.400000e+04 5.000000e+00 1.000000e-02]	825.1396952086054
[2.496198e+04 4.320000e+00 1.092000e+00 1.500000e+00 1.000000e-06
 5.000000e-01 1.000000e+00 5.000000e-03 1.000000e-03 1.000000e-03
 5.000000e-01 5.000000e+00 2.400000e+04 5.000000e+00 1.000000e-02]	821.3131855568996
[2.496198e+04 4.360000e+00 1.092000e+00 1.500000e+00 1.000000e-06
 5.000000e-01 1.000000e+00 5.000000e-03 1.000000e-03 1.000000e-03
 5.000000e-01 5.000000e+00 2.400000e+04 5.000000e+00 1.000000e-02]	832.2980852302228
[2.496198e+04 4.400000e+00 1.092000e+00 1.500000e+00 1.000000e-06
 5.000000e-01 1.000000e+00 5.000000e-03 1.000000e-03 1.000000e-03
 5.000000e-01 5.000000e+00 2.400000e+04 5.000000e+00 1.000000e-02]	827.3008105226867
[2.496198e+04 4.440000e+00 1.092000e+00 1.500000e+00 1.000000e-06
 5.000000e-01 1.000000e+00 5.000000e-03 1.000000e-03 1.000000e-03
 5.000000e-01 5.000000e+00 2.400000e+04 5.000000e+00 1.000000e-02]	812.9363346600799
[2.496198e+04 4.480000e+00 1.092000e+00 1.500000e+00 1.000000e-06
 5.000000e-01 1.000000e+00 5.000000e-03 1.000000e-03 1.000000e-03
 5.000000e-01 5.000000e+00 2.400000e+04 5.000000e+00 1.000000e-02]	828.1793770197129
[2.496198e+04 4.520000e+00 1.092000e+00 1.500000e+00 1.000000e-06
 5.000000e-01 1.000000e+00 5.000000e-03 1.000000e-03 1.000000e-03
 5.000000e-01 5.000000e+00 2.400000e+04 5.000000e+00 1.000000e-02]	835.7261378229736
[2.496198e+04 4.560000e+00 1.092000e+00 1.500000e+00 1.000000e-06
 5.000000e-01 1.000000e+00 5.000000e-03 1.000000e-03 1.000000e-03
 5.000000e-01 5.000000e+00 2.400000e+04 5.000000e+00 1.000000e-02]	823.8363501884457
[2.496198e+04 4.600000e+00 1.092000e+00 1.500000e+00 1.000000e-06
 5.000000e-01 1.000000e+00 5.000000e-03 1.000000e-03 1.000000e-03
 5.000000e-01 5.000000e+00 2.400000e+04 5.000000e+00 1.000000e-02]	821.442163278367
[2.496198e+04 4.640000e+00 1.092000e+00 1.500000e+00 1.000000e-06
 5.000000e-01 1.000000e+00 5.000000e-03 1.000000e-03 1.000000e-03
 5.000000e-01 5.000000e+00 2.400000e+04 5.000000e+00 1.000000e-02]	833.7944569436498
[2.496198e+04 4.680000e+00 1.092000e+00 1.500000e+00 1.000000e-06
 5.000000e-01 1.000000e+00 5.000000e-03 1.000000e-03 1.000000e-03
 5.000000e-01 5.000000e+00 2.400000e+04 5.000000e+00 1.000000e-02]	829.8926136816666
[2.496198e+04 4.720000e+00 1.092000e+00 1.500000e+00 1.000000e-06
 5.000000e-01 1.000000e+00 5.000000e-03 1.000000e-03 1.000000e-03
 5.000000e-01 5.000000e+00 2.400000e+04 5.000000e+00 1.000000e-02]	821.7409458733565
[2.496198e+04 4.760000e+00 1.092000e+00 1.500000e+00 1.000000e-06
 5.000000e-01 1.000000e+00 5.000000e-03 1.000000e-03 1.000000e-03
 5.000000e-01 5.000000e+00 2.400000e+04 5.000000e+00 1.000000e-02]	821.261069377037
[2.496198e+04 4.800000e+00 1.092000e+00 1.500000e+00 1.000000e-06
 5.000000e-01 1.000000e+00 5.000000e-03 1.000000e-03 1.000000e-03
 5.000000e-01 5.000000e+00 2.400000e+04 5.000000e+00 1.000000e-02]	827.1331694653868
[2.496198e+04 4.840000e+00 1.092000e+00 1.500000e+00 1.000000e-06
 5.000000e-01 1.000000e+00 5.000000e-03 1.000000e-03 1.000000e-03
 5.000000e-01 5.000000e+00 2.400000e+04 5.000000e+00 1.000000e-02]	826.1285310751715
[2.496198e+04 4.880000e+00 1.092000e+00 1.500000e+00 1.000000e-06
 5.000000e-01 1.000000e+00 5.000000e-03 1.000000e-03 1.000000e-03
 5.000000e-01 5.000000e+00 2.400000e+04 5.000000e+00 1.000000e-02]	826.7439803986653
[2.496198e+04 4.920000e+00 1.092000e+00 1.500000e+00 1.000000e-06
 5.000000e-01 1.000000e+00 5.000000e-03 1.000000e-03 1.000000e-03
 5.000000e-01 5.000000e+00 2.400000e+04 5.000000e+00 1.000000e-02]	817.6730831834582
[2.496198e+04 4.960000e+00 1.092000e+00 1.500000e+00 1.000000e-06
 5.000000e-01 1.000000e+00 5.000000e-03 1.000000e-03 1.000000e-03
 5.000000e-01 5.000000e+00 2.400000e+04 5.000000e+00 1.000000e-02]	833.7698264820586
[2.496198e+04 5.000000e+00 1.092000e+00 1.500000e+00 1.000000e-06
 5.000000e-01 1.000000e+00 5.000000e-03 1.000000e-03 1.000000e-03
 5.000000e-01 5.000000e+00 2.400000e+04 5.000000e+00 1.000000e-02]	827.9245515753316
[2.496198e+04 5.040000e+00 1.092000e+00 1.500000e+00 1.000000e-06
 5.000000e-01 1.000000e+00 5.000000e-03 1.000000e-03 1.000000e-03
 5.000000e-01 5.000000e+00 2.400000e+04 5.000000e+00 1.000000e-02]	835.7057150987811
[2.496198e+04 5.080000e+00 1.092000e+00 1.500000e+00 1.000000e-06
 5.000000e-01 1.000000e+00 5.000000e-03 1.000000e-03 1.000000e-03
 5.000000e-01 5.000000e+00 2.400000e+04 5.000000e+00 1.000000e-02]	829.7714397316712
[2.496198e+04 5.120000e+00 1.092000e+00 1.500000e+00 1.000000e-06
 5.000000e-01 1.000000e+00 5.000000e-03 1.000000e-03 1.000000e-03
 5.000000e-01 5.000000e+00 2.400000e+04 5.000000e+00 1.000000e-02]	829.5502192919124
[2.496198e+04 5.160000e+00 1.092000e+00 1.500000e+00 1.000000e-06
 5.000000e-01 1.000000e+00 5.000000e-03 1.000000e-03 1.000000e-03
 5.000000e-01 5.000000e+00 2.400000e+04 5.000000e+00 1.000000e-02]	842.50172225834
[2.496198e+04 5.200000e+00 1.092000e+00 1.500000e+00 1.000000e-06
 5.000000e-01 1.000000e+00 5.000000e-03 1.000000e-03 1.000000e-03
 5.000000e-01 5.000000e+00 2.400000e+04 5.000000e+00 1.000000e-02]	810.6392933835593
[2.496198e+04 5.240000e+00 1.092000e+00 1.500000e+00 1.000000e-06
 5.000000e-01 1.000000e+00 5.000000e-03 1.000000e-03 1.000000e-03
 5.000000e-01 5.000000e+00 2.400000e+04 5.000000e+00 1.000000e-02]	834.7648498110378
[2.496198e+04 5.280000e+00 1.092000e+00 1.500000e+00 1.000000e-06
 5.000000e-01 1.000000e+00 5.000000e-03 1.000000e-03 1.000000e-03
 5.000000e-01 5.000000e+00 2.400000e+04 5.000000e+00 1.000000e-02]	826.6079794777396
[2.496198e+04 5.320000e+00 1.092000e+00 1.500000e+00 1.000000e-06
 5.000000e-01 1.000000e+00 5.000000e-03 1.000000e-03 1.000000e-03
 5.000000e-01 5.000000e+00 2.400000e+04 5.000000e+00 1.000000e-02]	835.3229476483816
[2.496198e+04 5.360000e+00 1.092000e+00 1.500000e+00 1.000000e-06
 5.000000e-01 1.000000e+00 5.000000e-03 1.000000e-03 1.000000e-03
 5.000000e-01 5.000000e+00 2.400000e+04 5.000000e+00 1.000000e-02]	824.3600915539549
[2.496198e+04 5.400000e+00 1.092000e+00 1.500000e+00 1.000000e-06
 5.000000e-01 1.000000e+00 5.000000e-03 1.000000e-03 1.000000e-03
 5.000000e-01 5.000000e+00 2.400000e+04 5.000000e+00 1.000000e-02]	825.4790319089135
[2.496198e+04 5.440000e+00 1.092000e+00 1.500000e+00 1.000000e-06
 5.000000e-01 1.000000e+00 5.000000e-03 1.000000e-03 1.000000e-03
 5.000000e-01 5.000000e+00 2.400000e+04 5.000000e+00 1.000000e-02]	827.6941854213984
[2.496198e+04 5.480000e+00 1.092000e+00 1.500000e+00 1.000000e-06
 5.000000e-01 1.000000e+00 5.000000e-03 1.000000e-03 1.000000e-03
 5.000000e-01 5.000000e+00 2.400000e+04 5.000000e+00 1.000000e-02]	820.269758364179
[2.496198e+04 5.520000e+00 1.092000e+00 1.500000e+00 1.000000e-06
 5.000000e-01 1.000000e+00 5.000000e-03 1.000000e-03 1.000000e-03
 5.000000e-01 5.000000e+00 2.400000e+04 5.000000e+00 1.000000e-02]	824.9081420844295
[2.496198e+04 5.560000e+00 1.092000e+00 1.500000e+00 1.000000e-06
 5.000000e-01 1.000000e+00 5.000000e-03 1.000000e-03 1.000000e-03
 5.000000e-01 5.000000e+00 2.400000e+04 5.000000e+00 1.000000e-02]	824.5073091992083
[2.496198e+04 5.600000e+00 1.092000e+00 1.500000e+00 1.000000e-06
 5.000000e-01 1.000000e+00 5.000000e-03 1.000000e-03 1.000000e-03
 5.000000e-01 5.000000e+00 2.400000e+04 5.000000e+00 1.000000e-02]	823.9730938430896
[2.496198e+04 5.640000e+00 1.092000e+00 1.500000e+00 1.000000e-06
 5.000000e-01 1.000000e+00 5.000000e-03 1.000000e-03 1.000000e-03
 5.000000e-01 5.000000e+00 2.400000e+04 5.000000e+00 1.000000e-02]	826.3285625418201
[2.496198e+04 5.680000e+00 1.092000e+00 1.500000e+00 1.000000e-06
 5.000000e-01 1.000000e+00 5.000000e-03 1.000000e-03 1.000000e-03
 5.000000e-01 5.000000e+00 2.400000e+04 5.000000e+00 1.000000e-02]	829.2762835450085
[2.496198e+04 5.720000e+00 1.092000e+00 1.500000e+00 1.000000e-06
 5.000000e-01 1.000000e+00 5.000000e-03 1.000000e-03 1.000000e-03
 5.000000e-01 5.000000e+00 2.400000e+04 5.000000e+00 1.000000e-02]	823.8710584551555
[2.496198e+04 5.760000e+00 1.092000e+00 1.500000e+00 1.000000e-06
 5.000000e-01 1.000000e+00 5.000000e-03 1.000000e-03 1.000000e-03
 5.000000e-01 5.000000e+00 2.400000e+04 5.000000e+00 1.000000e-02]	836.1088389995414
[2.496198e+04 5.800000e+00 1.092000e+00 1.500000e+00 1.000000e-06
 5.000000e-01 1.000000e+00 5.000000e-03 1.000000e-03 1.000000e-03
 5.000000e-01 5.000000e+00 2.400000e+04 5.000000e+00 1.000000e-02]	825.4698527684317
[2.496198e+04 5.840000e+00 1.092000e+00 1.500000e+00 1.000000e-06
 5.000000e-01 1.000000e+00 5.000000e-03 1.000000e-03 1.000000e-03
 5.000000e-01 5.000000e+00 2.400000e+04 5.000000e+00 1.000000e-02]	822.3553473329898
[2.496198e+04 5.880000e+00 1.092000e+00 1.500000e+00 1.000000e-06
 5.000000e-01 1.000000e+00 5.000000e-03 1.000000e-03 1.000000e-03
 5.000000e-01 5.000000e+00 2.400000e+04 5.000000e+00 1.000000e-02]	840.1132013829441
[2.496198e+04 5.920000e+00 1.092000e+00 1.500000e+00 1.000000e-06
 5.000000e-01 1.000000e+00 5.000000e-03 1.000000e-03 1.000000e-03
 5.000000e-01 5.000000e+00 2.400000e+04 5.000000e+00 1.000000e-02]	819.144861217477
[2.496198e+04 5.960000e+00 1.092000e+00 1.500000e+00 1.000000e-06
 5.000000e-01 1.000000e+00 5.000000e-03 1.000000e-03 1.000000e-03
 5.000000e-01 5.000000e+00 2.400000e+04 5.000000e+00 1.000000e-02]	821.4995471969066
[2.496198e+04 5.960000e+00 0.000000e+00 1.500000e+00 1.000000e-06
 5.000000e-01 1.000000e+00 5.000000e-03 1.000000e-03 1.000000e-03
 5.000000e-01 5.000000e+00 2.400000e+04 5.000000e+00 1.000000e-02]	823.3828106950893
[2.496198e+04 5.960000e+00 4.000000e-03 1.500000e+00 1.000000e-06
 5.000000e-01 1.000000e+00 5.000000e-03 1.000000e-03 1.000000e-03
 5.000000e-01 5.000000e+00 2.400000e+04 5.000000e+00 1.000000e-02]	833.1628675115724
[2.496198e+04 5.960000e+00 8.000000e-03 1.500000e+00 1.000000e-06
 5.000000e-01 1.000000e+00 5.000000e-03 1.000000e-03 1.000000e-03
 5.000000e-01 5.000000e+00 2.400000e+04 5.000000e+00 1.000000e-02]	826.1724850194946
[2.496198e+04 5.960000e+00 1.200000e-02 1.500000e+00 1.000000e-06
 5.000000e-01 1.000000e+00 5.000000e-03 1.000000e-03 1.000000e-03
 5.000000e-01 5.000000e+00 2.400000e+04 5.000000e+00 1.000000e-02]	831.4669510269613
[2.496198e+04 5.960000e+00 1.600000e-02 1.500000e+00 1.000000e-06
 5.000000e-01 1.000000e+00 5.000000e-03 1.000000e-03 1.000000e-03
 5.000000e-01 5.000000e+00 2.400000e+04 5.000000e+00 1.000000e-02]	820.1599612313972
[2.496198e+04 5.960000e+00 2.000000e-02 1.500000e+00 1.000000e-06
 5.000000e-01 1.000000e+00 5.000000e-03 1.000000e-03 1.000000e-03
 5.000000e-01 5.000000e+00 2.400000e+04 5.000000e+00 1.000000e-02]	836.4143613609448
[2.496198e+04 5.960000e+00 2.400000e-02 1.500000e+00 1.000000e-06
 5.000000e-01 1.000000e+00 5.000000e-03 1.000000e-03 1.000000e-03
 5.000000e-01 5.000000e+00 2.400000e+04 5.000000e+00 1.000000e-02]	831.1610721070355
[2.496198e+04 5.960000e+00 2.800000e-02 1.500000e+00 1.000000e-06
 5.000000e-01 1.000000e+00 5.000000e-03 1.000000e-03 1.000000e-03
 5.000000e-01 5.000000e+00 2.400000e+04 5.000000e+00 1.000000e-02]	835.3979194622211
[2.496198e+04 5.960000e+00 3.200000e-02 1.500000e+00 1.000000e-06
 5.000000e-01 1.000000e+00 5.000000e-03 1.000000e-03 1.000000e-03
 5.000000e-01 5.000000e+00 2.400000e+04 5.000000e+00 1.000000e-02]	836.2632891848685
[2.496198e+04 5.960000e+00 3.600000e-02 1.500000e+00 1.000000e-06
 5.000000e-01 1.000000e+00 5.000000e-03 1.000000e-03 1.000000e-03
 5.000000e-01 5.000000e+00 2.400000e+04 5.000000e+00 1.000000e-02]	824.7805203893824
[2.496198e+04 5.960000e+00 4.000000e-02 1.500000e+00 1.000000e-06
 5.000000e-01 1.000000e+00 5.000000e-03 1.000000e-03 1.000000e-03
 5.000000e-01 5.000000e+00 2.400000e+04 5.000000e+00 1.000000e-02]	834.063271884782
[2.496198e+04 5.960000e+00 4.400000e-02 1.500000e+00 1.000000e-06
 5.000000e-01 1.000000e+00 5.000000e-03 1.000000e-03 1.000000e-03
 5.000000e-01 5.000000e+00 2.400000e+04 5.000000e+00 1.000000e-02]	829.7563175013967
[2.496198e+04 5.960000e+00 4.800000e-02 1.500000e+00 1.000000e-06
 5.000000e-01 1.000000e+00 5.000000e-03 1.000000e-03 1.000000e-03
 5.000000e-01 5.000000e+00 2.400000e+04 5.000000e+00 1.000000e-02]	810.1959624050476
[2.496198e+04 5.960000e+00 5.200000e-02 1.500000e+00 1.000000e-06
 5.000000e-01 1.000000e+00 5.000000e-03 1.000000e-03 1.000000e-03
 5.000000e-01 5.000000e+00 2.400000e+04 5.000000e+00 1.000000e-02]	830.5926062723992
[2.496198e+04 5.960000e+00 5.600000e-02 1.500000e+00 1.000000e-06
 5.000000e-01 1.000000e+00 5.000000e-03 1.000000e-03 1.000000e-03
 5.000000e-01 5.000000e+00 2.400000e+04 5.000000e+00 1.000000e-02]	835.3979194622211
[2.496198e+04 5.960000e+00 6.000000e-02 1.500000e+00 1.000000e-06
 5.000000e-01 1.000000e+00 5.000000e-03 1.000000e-03 1.000000e-03
 5.000000e-01 5.000000e+00 2.400000e+04 5.000000e+00 1.000000e-02]	827.4600180046084
[2.496198e+04 5.960000e+00 6.400000e-02 1.500000e+00 1.000000e-06
 5.000000e-01 1.000000e+00 5.000000e-03 1.000000e-03 1.000000e-03
 5.000000e-01 5.000000e+00 2.400000e+04 5.000000e+00 1.000000e-02]	817.9866027909334
[2.496198e+04 5.960000e+00 6.800000e-02 1.500000e+00 1.000000e-06
 5.000000e-01 1.000000e+00 5.000000e-03 1.000000e-03 1.000000e-03
 5.000000e-01 5.000000e+00 2.400000e+04 5.000000e+00 1.000000e-02]	835.8089637214325
[2.496198e+04 5.960000e+00 7.200000e-02 1.500000e+00 1.000000e-06
 5.000000e-01 1.000000e+00 5.000000e-03 1.000000e-03 1.000000e-03
 5.000000e-01 5.000000e+00 2.400000e+04 5.000000e+00 1.000000e-02]	820.2988143058637
[2.496198e+04 5.960000e+00 7.600000e-02 1.500000e+00 1.000000e-06
 5.000000e-01 1.000000e+00 5.000000e-03 1.000000e-03 1.000000e-03
 5.000000e-01 5.000000e+00 2.400000e+04 5.000000e+00 1.000000e-02]	835.3979194622211
[2.496198e+04 5.960000e+00 8.000000e-02 1.500000e+00 1.000000e-06
 5.000000e-01 1.000000e+00 5.000000e-03 1.000000e-03 1.000000e-03
 5.000000e-01 5.000000e+00 2.400000e+04 5.000000e+00 1.000000e-02]	826.8202573482291
[2.496198e+04 5.960000e+00 8.400000e-02 1.500000e+00 1.000000e-06
 5.000000e-01 1.000000e+00 5.000000e-03 1.000000e-03 1.000000e-03
 5.000000e-01 5.000000e+00 2.400000e+04 5.000000e+00 1.000000e-02]	833.5951232876554
[2.496198e+04 5.960000e+00 8.800000e-02 1.500000e+00 1.000000e-06
 5.000000e-01 1.000000e+00 5.000000e-03 1.000000e-03 1.000000e-03
 5.000000e-01 5.000000e+00 2.400000e+04 5.000000e+00 1.000000e-02]	810.1959624050476
[2.496198e+04 5.960000e+00 9.200000e-02 1.500000e+00 1.000000e-06
 5.000000e-01 1.000000e+00 5.000000e-03 1.000000e-03 1.000000e-03
 5.000000e-01 5.000000e+00 2.400000e+04 5.000000e+00 1.000000e-02]	821.1775754103174
[2.496198e+04 5.960000e+00 9.600000e-02 1.500000e+00 1.000000e-06
 5.000000e-01 1.000000e+00 5.000000e-03 1.000000e-03 1.000000e-03
 5.000000e-01 5.000000e+00 2.400000e+04 5.000000e+00 1.000000e-02]	831.0837496698488
[2.496198e+04 5.960000e+00 1.000000e-01 1.500000e+00 1.000000e-06
 5.000000e-01 1.000000e+00 5.000000e-03 1.000000e-03 1.000000e-03
 5.000000e-01 5.000000e+00 2.400000e+04 5.000000e+00 1.000000e-02]	819.4956396448482
[2.496198e+04 5.960000e+00 1.040000e-01 1.500000e+00 1.000000e-06
 5.000000e-01 1.000000e+00 5.000000e-03 1.000000e-03 1.000000e-03
 5.000000e-01 5.000000e+00 2.400000e+04 5.000000e+00 1.000000e-02]	834.6295465832518
[2.496198e+04 5.960000e+00 1.080000e-01 1.500000e+00 1.000000e-06
 5.000000e-01 1.000000e+00 5.000000e-03 1.000000e-03 1.000000e-03
 5.000000e-01 5.000000e+00 2.400000e+04 5.000000e+00 1.000000e-02]	815.8099647969045
[2.496198e+04 5.960000e+00 1.120000e-01 1.500000e+00 1.000000e-06
 5.000000e-01 1.000000e+00 5.000000e-03 1.000000e-03 1.000000e-03
 5.000000e-01 5.000000e+00 2.400000e+04 5.000000e+00 1.000000e-02]	827.4600180046084
[2.496198e+04 5.960000e+00 1.160000e-01 1.500000e+00 1.000000e-06
 5.000000e-01 1.000000e+00 5.000000e-03 1.000000e-03 1.000000e-03
 5.000000e-01 5.000000e+00 2.400000e+04 5.000000e+00 1.000000e-02]	826.8202573482291
[2.496198e+04 5.960000e+00 1.200000e-01 1.500000e+00 1.000000e-06
 5.000000e-01 1.000000e+00 5.000000e-03 1.000000e-03 1.000000e-03
 5.000000e-01 5.000000e+00 2.400000e+04 5.000000e+00 1.000000e-02]	819.6720047988035
[2.496198e+04 5.960000e+00 1.240000e-01 1.500000e+00 1.000000e-06
 5.000000e-01 1.000000e+00 5.000000e-03 1.000000e-03 1.000000e-03
 5.000000e-01 5.000000e+00 2.400000e+04 5.000000e+00 1.000000e-02]	818.5143563286562
[2.496198e+04 5.960000e+00 1.280000e-01 1.500000e+00 1.000000e-06
 5.000000e-01 1.000000e+00 5.000000e-03 1.000000e-03 1.000000e-03
 5.000000e-01 5.000000e+00 2.400000e+04 5.000000e+00 1.000000e-02]	827.6739737329999
[2.496198e+04 5.960000e+00 1.320000e-01 1.500000e+00 1.000000e-06
 5.000000e-01 1.000000e+00 5.000000e-03 1.000000e-03 1.000000e-03
 5.000000e-01 5.000000e+00 2.400000e+04 5.000000e+00 1.000000e-02]	819.8700314440517
[2.496198e+04 5.960000e+00 1.360000e-01 1.500000e+00 1.000000e-06
 5.000000e-01 1.000000e+00 5.000000e-03 1.000000e-03 1.000000e-03
 5.000000e-01 5.000000e+00 2.400000e+04 5.000000e+00 1.000000e-02]	833.076767927235
[2.496198e+04 5.960000e+00 1.400000e-01 1.500000e+00 1.000000e-06
 5.000000e-01 1.000000e+00 5.000000e-03 1.000000e-03 1.000000e-03
 5.000000e-01 5.000000e+00 2.400000e+04 5.000000e+00 1.000000e-02]	829.8115214858855
[2.496198e+04 5.960000e+00 1.440000e-01 1.500000e+00 1.000000e-06
 5.000000e-01 1.000000e+00 5.000000e-03 1.000000e-03 1.000000e-03
 5.000000e-01 5.000000e+00 2.400000e+04 5.000000e+00 1.000000e-02]	831.8367239363951
[2.496198e+04 5.960000e+00 1.480000e-01 1.500000e+00 1.000000e-06
 5.000000e-01 1.000000e+00 5.000000e-03 1.000000e-03 1.000000e-03
 5.000000e-01 5.000000e+00 2.400000e+04 5.000000e+00 1.000000e-02]	824.3664838470488
[2.496198e+04 5.960000e+00 1.520000e-01 1.500000e+00 1.000000e-06
 5.000000e-01 1.000000e+00 5.000000e-03 1.000000e-03 1.000000e-03
 5.000000e-01 5.000000e+00 2.400000e+04 5.000000e+00 1.000000e-02]	822.9281889740233
[2.496198e+04 5.960000e+00 1.560000e-01 1.500000e+00 1.000000e-06
 5.000000e-01 1.000000e+00 5.000000e-03 1.000000e-03 1.000000e-03
 5.000000e-01 5.000000e+00 2.400000e+04 5.000000e+00 1.000000e-02]	826.8202573482291
[2.496198e+04 5.960000e+00 1.600000e-01 1.500000e+00 1.000000e-06
 5.000000e-01 1.000000e+00 5.000000e-03 1.000000e-03 1.000000e-03
 5.000000e-01 5.000000e+00 2.400000e+04 5.000000e+00 1.000000e-02]	816.8086723403846
[2.496198e+04 5.960000e+00 1.640000e-01 1.500000e+00 1.000000e-06
 5.000000e-01 1.000000e+00 5.000000e-03 1.000000e-03 1.000000e-03
 5.000000e-01 5.000000e+00 2.400000e+04 5.000000e+00 1.000000e-02]	825.7291549407879
