737.37
733.46
733.46
733.46
733.00
732.74
732.74
732.74
732.74
732.74
732.74
732.74
732.74
732.74
732.74
732.74
732.74
731.95
731.95
731.95
731.95
731.95
731.05
725.92
725.92
725.92
725.92
725.92
725.92
725.92
725.92
725.92
725.92
725.92
725.92
725.92
725.92
725.92
725.92
725.92
725.92
725.92
725.92
725.92
725.92
725.92
725.92
725.92
725.92
725.92
725.92
725.92
725.92
725.92
725.92
725.92
725.92
725.92
725.92
725.92
725.92
725.92
725.92
725.92
725.92
725.92
725.92
725.92
725.92
725.92
725.92
725.92
725.92
725.92
725.92
725.92
725.92
725.92
725.92
725.92
725.92
725.92
725.92
725.92
725.92
725.92
725.92
725.92
725.92
725.92
725.92
725.92
725.92
725.92
725.92
725.92
725.92
725.92
725.92
725.92
725.92
725.92
725.92
725.92
725.92
725.92
725.92
725.92
725.92
725.92
725.92
725.92
725.92
725.92
725.92
725.92
725.92
725.92
725.92
725.92
725.92
725.92
725.92
725.92
