731.54
731.54
727.94
727.94
727.94
727.94
727.94
727.94
727.94
727.94
727.94
727.94
727.94
727.94
727.94
727.94
727.94
727.94
727.94
727.94
727.94
727.94
727.94
727.94
727.94
727.94
727.94
727.94
727.94
727.94
727.94
727.94
727.94
727.94
727.94
727.94
727.94
727.94
727.94
727.94
727.94
727.94
727.94
727.94
727.94
727.94
727.94
727.94
727.94
727.94
727.94
727.94
726.77
726.77
726.77
726.77
726.77
726.77
726.77
726.77
726.77
726.77
726.77
726.77
726.77
726.77
726.77
726.77
726.77
726.77
726.77
726.77
726.77
726.77
726.77
726.77
726.77
726.77
726.77
726.77
726.77
726.77
726.77
726.77
726.77
726.77
726.77
726.77
726.77
726.77
726.77
726.77
726.77
726.77
726.77
726.77
726.77
726.77
726.77
726.77
726.77
726.77
726.77
726.77
726.77
726.77
726.77
726.77
726.77
726.77
726.77
726.77
726.77
726.77
726.77
726.77
726.77
726.77
726.77
726.77
726.77
726.77
726.77
726.77
