733.59
733.57
731.79
731.79
731.79
731.79
731.79
731.79
731.79
731.79
731.79
730.98
730.68
730.68
730.68
730.68
730.68
730.68
730.68
730.68
730.04
730.04
730.04
730.04
730.04
730.04
730.04
730.04
730.04
730.04
730.04
730.04
730.04
730.04
730.04
730.04
730.04
728.64
728.64
728.64
727.55
727.55
727.55
727.55
727.55
727.55
727.55
727.55
727.55
727.55
727.55
727.55
727.55
727.55
727.55
727.55
727.55
727.55
727.55
727.55
727.55
727.55
727.55
727.55
727.55
727.55
727.55
727.55
727.55
727.55
727.55
727.55
727.55
727.55
727.55
727.55
727.55
727.55
727.55
727.55
727.55
727.55
727.55
727.55
727.55
727.55
727.55
727.55
727.55
727.55
727.55
727.55
727.55
727.55
727.55
727.55
727.55
727.55
727.55
727.55
727.55
727.55
727.55
727.55
727.55
727.55
727.55
727.55
727.55
727.55
727.55
727.55
727.55
727.55
727.55
727.55
727.55
727.55
727.55
727.55
727.55
727.55
727.55
727.55
