730.19
730.19
730.19
730.19
730.19
730.19
730.19
730.19
730.19
730.19
730.19
730.19
730.19
730.19
730.19
730.19
730.19
730.19
730.19
730.19
730.19
730.19
730.19
730.19
730.19
730.19
730.19
730.19
730.19
730.19
730.19
730.19
730.19
730.19
730.19
729.38
729.38
729.38
729.38
729.38
729.38
729.38
729.02
729.02
729.02
729.02
729.02
729.02
729.02
729.02
729.02
729.02
729.02
729.02
729.02
729.02
729.02
729.02
729.02
729.02
729.02
729.02
729.02
729.02
729.02
729.02
729.02
729.02
727.96
727.96
727.96
727.96
727.96
727.96
727.96
727.96
727.96
727.96
727.96
727.96
727.96
727.96
727.96
727.96
727.96
727.96
727.96
727.96
727.96
727.96
727.96
727.96
727.96
727.96
727.96
727.96
727.96
727.69
727.69
727.69
727.69
727.69
727.69
727.69
727.69
727.69
727.69
727.69
727.69
727.69
727.69
727.69
727.69
727.69
727.69
727.69
727.69
727.69
727.69
727.69
727.69
727.69
727.69
727.69
