736.33
736.33
736.33
736.33
733.55
733.35
732.42
732.42
730.51
730.51
730.51
730.51
730.51
730.51
730.51
730.51
730.51
730.51
730.51
730.51
730.51
730.51
730.51
730.51
730.51
730.51
730.51
730.51
729.23
729.23
729.23
729.23
729.23
729.23
729.23
729.23
729.23
729.23
729.23
729.23
729.23
729.23
729.23
729.23
729.23
729.23
729.23
729.23
729.23
729.23
729.23
729.23
729.23
729.23
729.23
729.23
729.23
729.23
729.23
729.23
729.23
729.23
729.23
729.23
729.23
729.23
729.23
729.23
729.23
729.23
729.23
728.72
728.72
728.72
728.72
728.72
728.72
728.72
728.72
728.72
728.72
728.72
728.72
728.72
728.72
728.72
728.72
728.72
728.72
728.72
728.72
728.72
728.72
728.72
728.72
728.72
728.72
728.72
728.72
728.72
728.72
728.72
728.72
728.72
728.72
728.72
728.72
728.72
728.72
728.72
728.72
728.72
728.72
728.72
727.68
727.68
727.68
727.68
727.68
727.68
727.68
727.68
727.68
727.68
