735.87
733.57
733.57
733.57
733.57
732.08
732.08
732.08
732.08
732.08
732.08
732.08
732.08
732.08
731.65
731.69
731.69
731.69
731.69
731.69
729.98
729.98
729.98
729.98
729.98
729.98
729.98
729.98
729.98
729.98
729.98
729.98
729.21
729.21
729.21
729.21
729.21
729.21
729.21
729.21
729.21
729.21
729.21
729.21
729.21
729.21
729.21
729.21
729.21
729.21
729.21
729.21
729.21
729.21
729.21
729.21
729.21
729.21
729.21
729.21
729.21
729.21
729.21
729.21
729.21
729.21
729.21
729.21
729.21
729.21
729.21
729.21
729.15
729.15
729.15
729.15
729.15
729.15
729.15
729.15
729.15
729.15
729.15
729.15
729.15
729.15
729.15
729.15
729.15
729.15
729.15
729.15
729.15
729.15
729.15
729.15
729.15
729.15
729.15
729.15
729.15
729.15
729.15
729.15
729.15
729.15
729.15
729.15
729.15
729.15
729.15
729.15
729.15
729.15
729.15
729.15
729.15
729.15
729.15
729.15
729.15
729.15
729.15
729.15
