0.00
731.68
731.68
731.68
731.68
731.68
731.68
731.68
731.68
731.68
731.68
730.27
730.27
730.27
730.27
730.35
730.35
730.35
730.35
730.35
730.35
730.35
730.35
730.35
730.35
730.35
730.35
730.35
730.35
730.35
730.35
730.35
730.35
730.35
730.35
730.35
730.35
730.35
730.35
730.35
730.35
730.35
730.35
730.35
730.35
730.00
730.00
729.75
729.75
729.75
729.75
729.75
729.75
729.75
729.75
729.75
729.75
729.75
729.75
729.75
729.75
729.75
729.75
729.75
729.75
729.75
729.75
729.75
729.75
729.41
729.41
729.41
729.41
729.41
729.41
729.41
729.41
729.41
729.41
729.41
729.41
729.41
729.41
729.41
729.41
729.41
729.41
729.41
729.41
729.41
729.41
729.41
729.41
729.41
729.41
729.41
729.41
729.41
729.41
729.41
729.41
729.41
729.41
729.41
729.41
729.41
729.41
729.41
729.41
729.41
729.41
729.41
729.41
729.41
729.41
729.41
729.41
729.41
729.41
726.96
726.96
726.96
726.96
726.96
