0.00
0.00
0.00
0.00
0.00
0.00
0.00
0.00
0.00
0.00
0.00
0.00
0.00
0.00
730.16
728.50
728.50
728.50
728.50
728.50
728.50
728.50
728.50
727.07
727.07
727.07
727.07
727.07
727.07
727.07
727.07
727.07
727.07
727.07
727.07
727.07
727.07
727.07
727.07
727.07
727.07
727.07
727.07
727.07
727.07
727.07
727.07
727.07
727.07
727.07
727.07
727.07
727.07
727.07
727.07
727.07
727.07
727.07
727.07
727.07
727.07
727.07
727.07
727.07
727.07
727.07
727.07
727.07
727.07
727.07
727.07
727.07
727.07
727.07
727.07
727.07
726.45
726.45
726.45
726.45
726.45
726.45
726.45
726.45
726.45
726.45
726.45
726.45
726.45
726.45
726.45
726.45
726.45
726.45
726.45
726.45
726.45
726.45
726.45
726.45
726.45
726.45
726.45
726.45
726.45
726.45
726.45
726.45
726.45
726.45
726.45
726.45
726.45
726.45
726.45
726.45
726.45
726.45
726.45
726.45
726.45
726.45
726.45
726.45
