0.00 1.00 -14524.70 -14524.70 448.03 2948.96
1.00 2.00 -14467.11 -14467.11 434.86 2936.77
2.00 2.00 -14467.11 -14504.31 434.86 2936.77
3.00 2.00 -14467.11 -14498.79 434.86 2936.77
4.00 2.00 -14467.11 -14488.81 434.86 2936.77
5.00 2.00 -14467.11 -14559.30 434.86 2936.77
6.00 2.00 -14467.11 -14527.67 434.86 2936.77
7.00 2.00 -14467.11 -14501.22 434.86 2936.77
8.00 3.00 -14428.52 -14428.52 426.26 2954.04
9.00 3.00 -14428.52 -14476.34 426.26 2954.04
10.00 3.00 -14428.52 -14434.69 426.26 2954.04
11.00 4.00 -14422.13 -14422.13 424.85 2953.56
12.00 4.00 -14422.13 -14430.84 424.85 2953.56
13.00 4.00 -14422.13 -14440.10 424.85 2953.56
14.00 5.00 -14406.12 -14406.12 421.34 2943.63
15.00 5.00 -14406.12 -14413.45 421.34 2943.63
16.00 6.00 -14395.60 -14395.60 419.05 2966.73
17.00 6.00 -14395.60 -14404.52 419.05 2966.73
18.00 7.00 -14305.62 -14305.62 399.97 2979.93
19.00 7.00 -14305.62 -14380.77 399.97 2979.93
20.00 7.00 -14305.62 -14315.74 399.97 2979.93
21.00 7.00 -14305.62 -14402.18 399.97 2979.93
22.00 7.00 -14305.62 -14355.16 399.97 2979.93
23.00 7.00 -14305.62 -14378.44 399.97 2979.93
24.00 7.00 -14305.62 -14363.05 399.97 2979.93
25.00 7.00 -14305.62 -14373.64 399.97 2979.93
26.00 7.00 -14305.62 -14390.53 399.97 2979.93
27.00 7.00 -14305.62 -14347.71 399.97 2979.93
28.00 7.00 -14305.62 -14320.12 399.97 2979.93
29.00 7.00 -14305.62 -14374.65 399.97 2979.93
30.00 7.00 -14305.62 -14398.19 399.97 2979.93
31.00 7.00 -14305.62 -14410.46 399.97 2979.93
32.00 7.00 -14305.62 -14348.35 399.97 2979.93
33.00 7.00 -14305.62 -14383.41 399.97 2979.93
34.00 7.00 -14305.62 -14409.43 399.97 2979.93
35.00 7.00 -14305.62 -14361.86 399.97 2979.93
36.00 7.00 -14305.62 -14391.80 399.97 2979.93
37.00 7.00 -14305.62 -14380.90 399.97 2979.93
38.00 7.00 -14305.62 -14377.51 399.97 2979.93
39.00 7.00 -14305.62 -14421.62 399.97 2979.93
40.00 7.00 -14305.62 -14370.31 399.97 2979.93
41.00 7.00 -14305.62 -14358.12 399.97 2979.93
42.00 7.00 -14305.62 -14419.88 399.97 2979.93
43.00 7.00 -14305.62 -14342.25 399.97 2979.93
44.00 7.00 -14305.62 -14393.16 399.97 2979.93
45.00 7.00 -14305.62 -14337.44 399.97 2979.93
46.00 7.00 -14305.62 -14323.12 399.97 2979.93
47.00 7.00 -14305.62 -14388.92 399.97 2979.93
48.00 7.00 -14305.62 -14393.05 399.97 2979.93
49.00 7.00 -14305.62 -14401.22 399.97 2979.93
