0.00 1.00 -21521.30 -21521.30 438.40 2960.81
1.00 1.00 -21521.30 -21589.35 438.40 2960.81
2.00 1.00 -21521.30 -21525.71 438.40 2960.81
3.00 1.00 -21521.30 -21550.94 438.40 2960.81
4.00 1.00 -21521.30 -21558.91 438.40 2960.81
5.00 1.00 -21521.30 -21567.17 438.40 2960.81
6.00 1.00 -21521.30 -21528.54 438.40 2960.81
7.00 1.00 -21521.30 -21541.52 438.40 2960.81
8.00 1.00 -21521.30 -21585.98 438.40 2960.81
9.00 1.00 -21521.30 -21644.79 438.40 2960.81
10.00 1.00 -21521.30 -21650.56 438.40 2960.81
11.00 1.00 -21521.30 -21543.18 438.40 2960.81
12.00 1.00 -21521.30 -21632.99 438.40 2960.81
13.00 1.00 -21521.30 -21595.45 438.40 2960.81
14.00 1.00 -21521.30 -21545.33 438.40 2960.81
15.00 1.00 -21521.30 -21576.99 438.40 2960.81
16.00 2.00 -21469.09 -21469.09 430.50 2983.68
17.00 2.00 -21469.09 -21562.82 430.50 2983.68
18.00 2.00 -21469.09 -21505.70 430.50 2983.68
19.00 2.00 -21469.09 -21510.76 430.50 2983.68
20.00 2.00 -21469.09 -21581.57 430.50 2983.68
21.00 2.00 -21469.09 -21607.39 430.50 2983.68
22.00 2.00 -21469.09 -21527.06 430.50 2983.68
23.00 2.00 -21469.09 -21609.02 430.50 2983.68
24.00 2.00 -21469.09 -21521.87 430.50 2983.68
25.00 2.00 -21469.09 -21557.48 430.50 2983.68
26.00 2.00 -21469.09 -21618.57 430.50 2983.68
27.00 2.00 -21469.09 -21490.26 430.50 2983.68
28.00 3.00 -21420.04 -21420.04 423.20 2971.97
29.00 4.00 -21383.01 -21383.01 417.77 2937.76
30.00 4.00 -21383.01 -21397.93 417.77 2937.76
31.00 4.00 -21383.01 -21409.26 417.77 2937.76
32.00 4.00 -21383.01 -21464.86 417.77 2937.76
33.00 4.00 -21383.01 -21467.51 417.77 2937.76
34.00 4.00 -21383.01 -21438.36 417.77 2937.76
35.00 4.00 -21383.01 -21511.28 417.77 2937.76
36.00 4.00 -21383.01 -21459.60 417.77 2937.76
37.00 4.00 -21383.01 -21488.14 417.77 2937.76
38.00 4.00 -21383.01 -21464.49 417.77 2937.76
39.00 5.00 -21380.14 -21380.14 417.35 2932.80
40.00 6.00 -21328.77 -21328.77 409.94 2932.32
41.00 6.00 -21328.77 -21415.73 409.94 2932.32
42.00 6.00 -21328.77 -21387.52 409.94 2932.32
43.00 6.00 -21328.77 -21440.82 409.94 2932.32
44.00 6.00 -21328.77 -21439.70 409.94 2932.32
45.00 6.00 -21328.77 -21389.49 409.94 2932.32
46.00 6.00 -21328.77 -21429.62 409.94 2932.32
47.00 6.00 -21328.77 -21427.51 409.94 2932.32
48.00 6.00 -21328.77 -21569.58 409.94 2932.32
49.00 7.00 -21320.73 -21320.73 408.80 2959.00
