0.00 1.00 -13128.51 -13128.51 441.20 2999.69
1.00 2.00 -13108.67 -13108.67 436.22 2978.77
2.00 3.00 -13069.47 -13069.47 426.55 2963.97
3.00 3.00 -13069.47 -13110.93 426.55 2963.97
4.00 4.00 -13055.24 -13055.24 423.10 2962.61
5.00 4.00 -13055.24 -13131.01 423.10 2962.61
6.00 4.00 -13055.24 -13092.79 423.10 2962.61
7.00 4.00 -13055.24 -13094.52 423.10 2962.61
8.00 4.00 -13055.24 -13105.91 423.10 2962.61
9.00 4.00 -13055.24 -13083.94 423.10 2962.61
10.00 4.00 -13055.24 -13090.44 423.10 2962.61
11.00 4.00 -13055.24 -13078.14 423.10 2962.61
12.00 4.00 -13055.24 -13103.91 423.10 2962.61
13.00 4.00 -13055.24 -13098.02 423.10 2962.61
14.00 4.00 -13055.24 -13065.99 423.10 2962.61
15.00 4.00 -13055.24 -13077.22 423.10 2962.61
16.00 4.00 -13055.24 -13105.80 423.10 2962.61
17.00 4.00 -13055.24 -13115.54 423.10 2962.61
18.00 4.00 -13055.24 -13069.04 423.10 2962.61
19.00 5.00 -13051.29 -13051.29 422.14 2951.09
20.00 5.00 -13051.29 -13064.45 422.14 2951.09
21.00 6.00 -13027.96 -13027.96 416.55 3028.30
22.00 7.00 -13031.24 -13031.24 417.33 3026.77
23.00 7.00 -13031.24 -13033.94 417.33 3026.77
24.00 7.00 -13031.24 -13083.98 417.33 3026.77
25.00 7.00 -13031.24 -13084.86 417.33 3026.77
26.00 7.00 -13031.24 -13061.35 417.33 3026.77
27.00 7.00 -13031.24 -13036.23 417.33 3026.77
28.00 8.00 -13028.39 -13028.39 416.65 3002.20
29.00 8.00 -13028.39 -13085.50 416.65 3002.20
30.00 8.00 -13028.39 -13045.80 416.65 3002.20
31.00 9.00 -13017.13 -13017.13 413.97 2984.77
32.00 9.00 -13017.13 -13043.59 413.97 2984.77
33.00 9.00 -13017.13 -13031.15 413.97 2984.77
34.00 9.00 -13017.13 -13037.38 413.97 2984.77
35.00 9.00 -13017.13 -13027.19 413.97 2984.77
36.00 9.00 -13017.13 -13057.85 413.97 2984.77
37.00 9.00 -13017.13 -13068.56 413.97 2984.77
38.00 9.00 -13017.13 -13023.50 413.97 2984.77
39.00 9.00 -13017.13 -13026.82 413.97 2984.77
40.00 9.00 -13017.13 -13057.90 413.97 2984.77
41.00 9.00 -13017.13 -13023.97 413.97 2984.77
42.00 10.00 -13013.30 -13013.30 413.07 2943.20
43.00 10.00 -13013.30 -13068.07 413.07 2943.20
44.00 10.00 -13013.30 -13023.86 413.07 2943.20
45.00 10.00 -13013.30 -13047.27 413.07 2943.20
46.00 10.00 -13013.30 -13093.31 413.07 2943.20
47.00 10.00 -13013.30 -13032.18 413.07 2943.20
48.00 10.00 -13013.30 -13050.10 413.07 2943.20
49.00 10.00 -13013.30 -13031.56 413.07 2943.20
