0.00 1.00 -16102.59 -16102.59 462.13 2976.82
1.00 2.00 -16084.57 -16084.57 458.24 2997.60
2.00 3.00 -15935.41 -15935.41 427.26 2985.79
3.00 3.00 -15935.41 -15980.34 427.26 2985.79
4.00 3.00 -15935.41 -15994.67 427.26 2985.79
5.00 3.00 -15935.41 -16001.23 427.26 2985.79
6.00 3.00 -15935.41 -16020.29 427.26 2985.79
7.00 3.00 -15935.41 -16000.73 427.26 2985.79
8.00 3.00 -15935.41 -15948.54 427.26 2985.79
9.00 3.00 -15935.41 -16006.44 427.26 2985.79
10.00 3.00 -15935.41 -16069.69 427.26 2985.79
11.00 4.00 -15902.09 -15902.09 420.64 2957.80
12.00 4.00 -15902.09 -15931.59 420.64 2957.80
13.00 4.00 -15902.09 -15956.71 420.64 2957.80
14.00 4.00 -15902.09 -15989.22 420.64 2957.80
15.00 4.00 -15902.09 -15990.50 420.64 2957.80
16.00 4.00 -15902.09 -15942.58 420.64 2957.80
17.00 4.00 -15902.09 -15927.52 420.64 2957.80
18.00 4.00 -15902.09 -15963.91 420.64 2957.80
19.00 4.00 -15902.09 -15986.42 420.64 2957.80
20.00 4.00 -15902.09 -15942.81 420.64 2957.80
21.00 4.00 -15902.09 -15934.33 420.64 2957.80
22.00 5.00 -15893.53 -15893.53 418.95 2953.28
23.00 5.00 -15893.53 -15940.93 418.95 2953.28
24.00 5.00 -15893.53 -16014.11 418.95 2953.28
25.00 5.00 -15893.53 -15986.08 418.95 2953.28
26.00 5.00 -15893.53 -15970.78 418.95 2953.28
27.00 5.00 -15893.53 -16043.53 418.95 2953.28
28.00 5.00 -15893.53 -15964.99 418.95 2953.28
29.00 5.00 -15893.53 -16005.62 418.95 2953.28
30.00 6.00 -15894.50 -15894.50 419.14 2953.86
31.00 7.00 -15876.24 -15876.24 415.57 2957.97
32.00 7.00 -15876.24 -15931.09 415.57 2957.97
33.00 7.00 -15876.24 -15898.17 415.57 2957.97
34.00 7.00 -15876.24 -15923.17 415.57 2957.97
35.00 7.00 -15876.24 -15905.93 415.57 2957.97
36.00 7.00 -15876.24 -16021.38 415.57 2957.97
37.00 7.00 -15876.24 -15877.14 415.57 2957.97
38.00 8.00 -15841.01 -15841.01 408.75 2981.08
39.00 8.00 -15841.01 -15898.34 408.75 2981.08
40.00 8.00 -15841.01 -15971.26 408.75 2981.08
41.00 9.00 -15829.22 -15829.22 406.50 2985.61
42.00 9.00 -15829.22 -15869.51 406.50 2985.61
43.00 9.00 -15829.22 -15867.03 406.50 2985.61
44.00 9.00 -15829.22 -15889.39 406.50 2985.61
45.00 9.00 -15829.22 -15881.03 406.50 2985.61
46.00 9.00 -15829.22 -15896.77 406.50 2985.61
47.00 9.00 -15829.22 -15851.98 406.50 2985.61
48.00 9.00 -15829.22 -15835.31 406.50 2985.61
49.00 9.00 -15829.22 -15853.67 406.50 2985.61
50.00 9.00 -15829.22 -15869.47 406.50 2985.61
51.00 9.00 -15829.22 -15891.45 406.50 2985.61
52.00 10.00 -15806.07 -15806.07 402.11 2979.94
