0.00 1.00 -23740.08 -23740.08 435.46 2976.25
1.00 2.00 -23606.67 -23606.67 417.49 2945.50
2.00 2.00 -23606.67 -23679.66 417.49 2945.50
3.00 2.00 -23606.67 -23730.81 417.49 2945.50
4.00 2.00 -23606.67 -23636.37 417.49 2945.50
5.00 2.00 -23606.67 -23678.70 417.49 2945.50
6.00 2.00 -23606.67 -23810.95 417.49 2945.50
7.00 2.00 -23606.67 -23643.68 417.49 2945.50
8.00 2.00 -23606.67 -23684.45 417.49 2945.50
9.00 2.00 -23606.67 -23640.53 417.49 2945.50
10.00 2.00 -23606.67 -23722.20 417.49 2945.50
11.00 2.00 -23606.67 -23684.01 417.49 2945.50
12.00 3.00 -23554.39 -23554.39 410.66 2975.87
13.00 3.00 -23554.39 -23634.70 410.66 2975.87
14.00 3.00 -23554.39 -23645.82 410.66 2975.87
15.00 3.00 -23554.39 -23569.27 410.66 2975.87
16.00 3.00 -23554.39 -23578.82 410.66 2975.87
17.00 3.00 -23554.39 -23619.06 410.66 2975.87
18.00 3.00 -23554.39 -23607.16 410.66 2975.87
19.00 3.00 -23554.39 -23574.89 410.66 2975.87
20.00 3.00 -23554.39 -23578.87 410.66 2975.87
21.00 3.00 -23554.39 -23610.49 410.66 2975.87
22.00 3.00 -23554.39 -23572.86 410.66 2975.87
23.00 3.00 -23554.39 -23623.43 410.66 2975.87
24.00 4.00 -23552.59 -23552.59 410.43 2956.15
25.00 4.00 -23552.59 -23593.82 410.43 2956.15
26.00 5.00 -23481.79 -23481.79 401.35 2962.34
27.00 5.00 -23481.79 -23608.44 401.35 2962.34
28.00 5.00 -23481.79 -23520.19 401.35 2962.34
29.00 5.00 -23481.79 -23617.03 401.35 2962.34
30.00 5.00 -23481.79 -23573.32 401.35 2962.34
31.00 5.00 -23481.79 -23545.20 401.35 2962.34
32.00 5.00 -23481.79 -23565.36 401.35 2962.34
33.00 5.00 -23481.79 -23547.05 401.35 2962.34
34.00 5.00 -23481.79 -23532.55 401.35 2962.34
35.00 5.00 -23481.79 -23566.65 401.35 2962.34
36.00 5.00 -23481.79 -23496.56 401.35 2962.34
37.00 5.00 -23481.79 -23490.37 401.35 2962.34
38.00 5.00 -23481.79 -23574.43 401.35 2962.34
39.00 5.00 -23481.79 -23569.50 401.35 2962.34
40.00 5.00 -23481.79 -23624.99 401.35 2962.34
41.00 5.00 -23481.79 -23621.81 401.35 2962.34
42.00 5.00 -23481.79 -23590.19 401.35 2962.34
43.00 6.00 -23409.61 -23409.61 392.31 2967.19
44.00 6.00 -23409.61 -23545.48 392.31 2967.19
45.00 6.00 -23409.61 -23554.28 392.31 2967.19
46.00 6.00 -23409.61 -23568.53 392.31 2967.19
47.00 6.00 -23409.61 -23517.00 392.31 2967.19
48.00 6.00 -23409.61 -23509.42 392.31 2967.19
49.00 6.00 -23409.61 -23568.08 392.31 2967.19
50.00 6.00 -23409.61 -23491.39 392.31 2967.19
