4.385500000000000114e+02
4.385500000000000114e+02
4.385500000000000114e+02
4.385500000000000114e+02
4.365099999999999909e+02
4.352300000000000182e+02
4.352300000000000182e+02
4.352300000000000182e+02
4.352300000000000182e+02
4.352300000000000182e+02
4.352300000000000182e+02
4.352300000000000182e+02
4.352300000000000182e+02
4.352300000000000182e+02
4.352300000000000182e+02
4.323999999999999773e+02
4.323999999999999773e+02
4.323999999999999773e+02
4.344100000000000250e+02
4.349700000000000273e+02
4.335500000000000114e+02
4.329100000000000250e+02
4.329100000000000250e+02
4.329100000000000250e+02
4.329100000000000250e+02
4.329100000000000250e+02
4.298399999999999750e+02
4.298399999999999750e+02
4.298399999999999750e+02
4.298399999999999750e+02
4.298399999999999750e+02
4.298399999999999750e+02
4.298399999999999750e+02
4.298399999999999750e+02
4.298399999999999750e+02
4.298399999999999750e+02
4.298399999999999750e+02
4.298399999999999750e+02
4.298399999999999750e+02
4.298399999999999750e+02
4.298399999999999750e+02
4.298399999999999750e+02
4.298399999999999750e+02
4.298399999999999750e+02
4.301200000000000045e+02
4.270400000000000205e+02
4.270400000000000205e+02
4.267599999999999909e+02
4.267599999999999909e+02
4.267599999999999909e+02
4.267599999999999909e+02
4.267599999999999909e+02
4.267599999999999909e+02
4.267599999999999909e+02
4.267599999999999909e+02
4.267599999999999909e+02
4.267599999999999909e+02
4.267599999999999909e+02
4.267599999999999909e+02
4.267599999999999909e+02
4.267599999999999909e+02
4.267599999999999909e+02
4.267599999999999909e+02
4.267599999999999909e+02
4.267599999999999909e+02
4.267599999999999909e+02
4.186000000000000227e+02
4.186000000000000227e+02
4.186000000000000227e+02
4.173600000000000136e+02
4.173600000000000136e+02
4.173600000000000136e+02
4.173600000000000136e+02
4.173600000000000136e+02
4.173600000000000136e+02
4.173600000000000136e+02
4.173600000000000136e+02
4.173600000000000136e+02
4.173600000000000136e+02
4.173600000000000136e+02
4.173600000000000136e+02
4.173600000000000136e+02
4.173600000000000136e+02
4.173600000000000136e+02
4.173600000000000136e+02
4.173600000000000136e+02
4.173600000000000136e+02
4.173600000000000136e+02
4.173600000000000136e+02
4.173600000000000136e+02
4.173600000000000136e+02
4.173600000000000136e+02
4.173600000000000136e+02
4.173600000000000136e+02
4.173600000000000136e+02
4.173600000000000136e+02
4.173600000000000136e+02
4.173600000000000136e+02
4.173600000000000136e+02
4.173600000000000136e+02
4.173600000000000136e+02
4.173600000000000136e+02
4.173600000000000136e+02
4.173600000000000136e+02
4.173600000000000136e+02
4.173600000000000136e+02
4.173600000000000136e+02
4.173600000000000136e+02
4.173600000000000136e+02
4.173600000000000136e+02
4.173600000000000136e+02
4.173600000000000136e+02
4.173600000000000136e+02
4.173600000000000136e+02
4.173600000000000136e+02
4.173600000000000136e+02
4.173600000000000136e+02
4.173600000000000136e+02
4.173600000000000136e+02
4.173600000000000136e+02
4.173600000000000136e+02
4.173600000000000136e+02
4.173600000000000136e+02
4.173600000000000136e+02
4.173600000000000136e+02
4.173600000000000136e+02
4.173600000000000136e+02
4.369300000000000068e+02
4.369300000000000068e+02
4.369300000000000068e+02
4.376700000000000159e+02
4.341399999999999864e+02
4.350699999999999932e+02
4.293399999999999750e+02
4.293399999999999750e+02
4.272300000000000182e+02
4.272300000000000182e+02
4.272300000000000182e+02
4.272300000000000182e+02
4.272300000000000182e+02
4.255000000000000000e+02
4.255000000000000000e+02
4.255000000000000000e+02
4.255000000000000000e+02
4.248399999999999750e+02
4.248399999999999750e+02
4.248399999999999750e+02
4.248399999999999750e+02
4.248399999999999750e+02
4.248399999999999750e+02
4.248399999999999750e+02
4.248399999999999750e+02
4.248399999999999750e+02
4.248399999999999750e+02
4.248399999999999750e+02
4.248399999999999750e+02
4.248399999999999750e+02
4.248399999999999750e+02
4.248399999999999750e+02
4.248399999999999750e+02
4.248399999999999750e+02
4.248399999999999750e+02
4.248399999999999750e+02
4.248399999999999750e+02
4.248399999999999750e+02
4.248399999999999750e+02
4.248399999999999750e+02
4.248399999999999750e+02
4.248399999999999750e+02
4.248399999999999750e+02
4.248399999999999750e+02
4.248399999999999750e+02
4.248399999999999750e+02
4.248399999999999750e+02
4.248399999999999750e+02
4.248399999999999750e+02
4.248399999999999750e+02
4.248399999999999750e+02
4.248399999999999750e+02
4.248399999999999750e+02
4.248399999999999750e+02
4.248399999999999750e+02
4.248399999999999750e+02
4.248399999999999750e+02
4.248399999999999750e+02
4.248399999999999750e+02
4.237400000000000091e+02
4.237400000000000091e+02
4.237400000000000091e+02
4.237400000000000091e+02
4.237400000000000091e+02
4.237400000000000091e+02
4.237400000000000091e+02
4.237400000000000091e+02
4.237400000000000091e+02
4.237400000000000091e+02
4.237400000000000091e+02
4.237400000000000091e+02
4.237400000000000091e+02
4.237400000000000091e+02
4.237400000000000091e+02
4.237400000000000091e+02
4.237400000000000091e+02
4.237400000000000091e+02
4.237400000000000091e+02
4.237400000000000091e+02
4.237400000000000091e+02
4.237400000000000091e+02
4.237400000000000091e+02
4.237400000000000091e+02
4.237400000000000091e+02
4.237400000000000091e+02
4.237400000000000091e+02
4.237400000000000091e+02
4.237400000000000091e+02
4.237400000000000091e+02
4.237400000000000091e+02
4.237400000000000091e+02
4.237400000000000091e+02
4.237400000000000091e+02
4.237400000000000091e+02
4.237400000000000091e+02
4.237400000000000091e+02
4.237400000000000091e+02
4.237400000000000091e+02
4.237400000000000091e+02
4.237400000000000091e+02
4.237400000000000091e+02
4.237400000000000091e+02
4.237400000000000091e+02
4.237400000000000091e+02
4.237400000000000091e+02
4.237400000000000091e+02
4.237400000000000091e+02
4.237400000000000091e+02
4.237400000000000091e+02
4.237400000000000091e+02
4.237400000000000091e+02
4.237400000000000091e+02
4.237400000000000091e+02
4.237400000000000091e+02
4.237400000000000091e+02
4.237400000000000091e+02
4.237400000000000091e+02
4.237400000000000091e+02
4.237400000000000091e+02
4.237400000000000091e+02
4.237400000000000091e+02
4.237400000000000091e+02
4.237400000000000091e+02
4.237400000000000091e+02
4.237400000000000091e+02
4.237400000000000091e+02
4.237400000000000091e+02
4.237400000000000091e+02
4.237400000000000091e+02
4.237400000000000091e+02
4.237400000000000091e+02
4.237400000000000091e+02
4.237400000000000091e+02
4.237400000000000091e+02
4.237400000000000091e+02
4.237400000000000091e+02
4.237400000000000091e+02
4.237400000000000091e+02
4.237400000000000091e+02
4.237400000000000091e+02
4.237400000000000091e+02
4.237400000000000091e+02
4.237400000000000091e+02
4.237400000000000091e+02
4.237400000000000091e+02
4.237400000000000091e+02
4.237400000000000091e+02
4.229900000000000091e+02
4.229900000000000091e+02
4.229900000000000091e+02
4.229900000000000091e+02
4.229900000000000091e+02
4.229900000000000091e+02
4.229900000000000091e+02
4.229900000000000091e+02
4.229900000000000091e+02
4.229900000000000091e+02
4.229900000000000091e+02
4.229900000000000091e+02
4.229900000000000091e+02
4.229900000000000091e+02
4.229900000000000091e+02
4.229900000000000091e+02
4.229900000000000091e+02
4.229900000000000091e+02
4.229900000000000091e+02
4.229900000000000091e+02
4.229900000000000091e+02
4.229900000000000091e+02
4.229900000000000091e+02
4.229900000000000091e+02
4.229900000000000091e+02
4.229900000000000091e+02
4.229900000000000091e+02
4.229900000000000091e+02
4.229900000000000091e+02
4.229900000000000091e+02
4.229900000000000091e+02
4.229900000000000091e+02
4.229900000000000091e+02
4.229900000000000091e+02
4.229900000000000091e+02
4.229900000000000091e+02
4.229900000000000091e+02
4.229900000000000091e+02
4.229900000000000091e+02
4.229900000000000091e+02
4.229900000000000091e+02
4.229900000000000091e+02
4.194700000000000273e+02
4.194700000000000273e+02
4.194700000000000273e+02
4.194700000000000273e+02
4.194700000000000273e+02
4.194700000000000273e+02
4.194700000000000273e+02
4.194700000000000273e+02
4.194700000000000273e+02
4.194700000000000273e+02
4.194700000000000273e+02
4.194700000000000273e+02
4.194700000000000273e+02
4.194700000000000273e+02
4.194700000000000273e+02
4.194700000000000273e+02
4.194700000000000273e+02
4.194700000000000273e+02
4.194700000000000273e+02
4.194700000000000273e+02
4.194700000000000273e+02
4.194700000000000273e+02
4.194700000000000273e+02
4.194700000000000273e+02
4.194700000000000273e+02
4.194700000000000273e+02
4.194700000000000273e+02
4.194700000000000273e+02
4.194700000000000273e+02
4.194700000000000273e+02
4.194700000000000273e+02
4.194700000000000273e+02
4.194700000000000273e+02
4.194700000000000273e+02
4.194700000000000273e+02
4.194700000000000273e+02
4.194700000000000273e+02
4.194700000000000273e+02
4.194700000000000273e+02
4.194700000000000273e+02
4.194700000000000273e+02
4.194700000000000273e+02
4.194700000000000273e+02
4.194700000000000273e+02
4.194700000000000273e+02
4.194700000000000273e+02
4.194700000000000273e+02
4.194700000000000273e+02
4.194700000000000273e+02
4.194700000000000273e+02
4.194700000000000273e+02
4.194700000000000273e+02
4.194700000000000273e+02
4.194700000000000273e+02
4.379300000000000068e+02
4.361899999999999977e+02
4.372799999999999727e+02
4.372799999999999727e+02
4.372799999999999727e+02
4.356600000000000250e+02
4.356600000000000250e+02
4.356600000000000250e+02
4.356600000000000250e+02
4.356600000000000250e+02
4.332300000000000182e+02
4.332300000000000182e+02
4.332300000000000182e+02
4.332300000000000182e+02
4.332300000000000182e+02
4.332300000000000182e+02
4.327400000000000091e+02
4.308399999999999750e+02
4.308399999999999750e+02
4.308399999999999750e+02
4.316499999999999773e+02
4.316499999999999773e+02
4.316499999999999773e+02
4.316499999999999773e+02
4.316499999999999773e+02
4.316499999999999773e+02
4.316499999999999773e+02
4.316499999999999773e+02
4.265600000000000023e+02
4.265600000000000023e+02
4.265600000000000023e+02
4.265600000000000023e+02
4.265600000000000023e+02
4.265600000000000023e+02
4.265600000000000023e+02
4.265600000000000023e+02
4.265600000000000023e+02
4.265600000000000023e+02
4.265600000000000023e+02
4.265600000000000023e+02
4.265600000000000023e+02
4.265600000000000023e+02
4.265600000000000023e+02
4.265600000000000023e+02
4.265600000000000023e+02
4.265600000000000023e+02
4.265600000000000023e+02
4.265500000000000114e+02
4.265500000000000114e+02
4.265500000000000114e+02
4.265500000000000114e+02
4.265500000000000114e+02
4.265500000000000114e+02
4.265500000000000114e+02
4.265500000000000114e+02
4.265500000000000114e+02
4.265500000000000114e+02
4.265500000000000114e+02
4.265500000000000114e+02
4.265500000000000114e+02
4.265500000000000114e+02
4.265500000000000114e+02
4.265500000000000114e+02
4.265500000000000114e+02
4.265500000000000114e+02
4.265500000000000114e+02
4.265500000000000114e+02
4.265500000000000114e+02
4.265500000000000114e+02
4.265500000000000114e+02
4.265500000000000114e+02
4.265500000000000114e+02
4.265500000000000114e+02
4.265500000000000114e+02
4.265500000000000114e+02
4.265500000000000114e+02
4.265500000000000114e+02
4.265500000000000114e+02
4.265500000000000114e+02
4.265500000000000114e+02
4.265500000000000114e+02
4.265500000000000114e+02
4.265500000000000114e+02
4.265500000000000114e+02
4.265500000000000114e+02
4.265500000000000114e+02
4.265500000000000114e+02
4.265500000000000114e+02
4.265500000000000114e+02
4.265500000000000114e+02
4.265500000000000114e+02
4.265500000000000114e+02
4.265500000000000114e+02
4.265500000000000114e+02
4.265500000000000114e+02
4.265500000000000114e+02
4.265500000000000114e+02
4.271000000000000227e+02
4.271000000000000227e+02
4.271000000000000227e+02
4.271000000000000227e+02
4.271000000000000227e+02
4.271000000000000227e+02
4.243199999999999932e+02
4.243199999999999932e+02
4.243199999999999932e+02
4.243199999999999932e+02
4.243199999999999932e+02
4.243199999999999932e+02
4.243199999999999932e+02
4.243199999999999932e+02
4.243199999999999932e+02
4.243199999999999932e+02
4.243199999999999932e+02
4.243199999999999932e+02
4.243199999999999932e+02
4.243199999999999932e+02
4.243199999999999932e+02
4.243199999999999932e+02
4.243199999999999932e+02
4.243199999999999932e+02
4.243199999999999932e+02
4.243199999999999932e+02
4.243199999999999932e+02
4.243199999999999932e+02
4.243199999999999932e+02
4.243199999999999932e+02
4.364499999999999886e+02
4.364499999999999886e+02
4.256200000000000045e+02
4.256200000000000045e+02
4.256200000000000045e+02
4.256200000000000045e+02
4.256200000000000045e+02
4.256200000000000045e+02
4.256200000000000045e+02
4.256200000000000045e+02
4.256200000000000045e+02
4.256200000000000045e+02
4.256200000000000045e+02
4.256200000000000045e+02
4.256200000000000045e+02
4.256200000000000045e+02
4.256200000000000045e+02
4.256200000000000045e+02
4.256200000000000045e+02
4.256200000000000045e+02
4.256200000000000045e+02
4.256200000000000045e+02
4.256200000000000045e+02
4.256200000000000045e+02
4.256200000000000045e+02
4.256200000000000045e+02
4.256200000000000045e+02
4.256200000000000045e+02
4.256200000000000045e+02
4.256200000000000045e+02
4.256200000000000045e+02
4.256200000000000045e+02
4.256200000000000045e+02
4.256200000000000045e+02
4.256200000000000045e+02
4.256200000000000045e+02
4.256200000000000045e+02
4.256200000000000045e+02
4.256200000000000045e+02
4.256200000000000045e+02
4.256200000000000045e+02
4.256200000000000045e+02
4.256200000000000045e+02
4.256200000000000045e+02
4.256200000000000045e+02
4.256200000000000045e+02
4.256200000000000045e+02
4.256200000000000045e+02
4.256200000000000045e+02
4.256200000000000045e+02
4.256200000000000045e+02
4.256200000000000045e+02
4.256200000000000045e+02
4.256200000000000045e+02
4.256200000000000045e+02
4.256200000000000045e+02
4.256200000000000045e+02
4.256200000000000045e+02
4.239399999999999977e+02
4.239399999999999977e+02
4.239399999999999977e+02
4.239399999999999977e+02
4.239399999999999977e+02
4.239399999999999977e+02
4.239399999999999977e+02
4.239399999999999977e+02
4.239399999999999977e+02
4.239399999999999977e+02
4.239399999999999977e+02
4.239399999999999977e+02
4.239399999999999977e+02
4.239399999999999977e+02
4.239399999999999977e+02
4.239399999999999977e+02
4.239399999999999977e+02
4.239399999999999977e+02
4.239399999999999977e+02
4.239399999999999977e+02
4.239399999999999977e+02
4.239399999999999977e+02
4.239399999999999977e+02
4.239399999999999977e+02
4.239399999999999977e+02
4.239399999999999977e+02
4.239399999999999977e+02
4.239399999999999977e+02
4.239399999999999977e+02
4.239399999999999977e+02
4.239399999999999977e+02
4.239399999999999977e+02
4.239399999999999977e+02
4.239399999999999977e+02
4.239399999999999977e+02
4.239399999999999977e+02
4.239399999999999977e+02
4.239399999999999977e+02
4.239399999999999977e+02
4.239399999999999977e+02
4.239399999999999977e+02
4.239399999999999977e+02
4.239399999999999977e+02
4.239399999999999977e+02
4.239399999999999977e+02
4.239399999999999977e+02
4.239399999999999977e+02
4.239399999999999977e+02
4.239399999999999977e+02
4.239399999999999977e+02
4.239399999999999977e+02
4.239399999999999977e+02
4.239399999999999977e+02
4.239399999999999977e+02
4.239399999999999977e+02
4.239399999999999977e+02
4.239399999999999977e+02
4.239399999999999977e+02
4.239399999999999977e+02
4.239399999999999977e+02
4.239399999999999977e+02
4.239399999999999977e+02
4.239399999999999977e+02
4.239399999999999977e+02
4.239399999999999977e+02
4.239399999999999977e+02
4.239399999999999977e+02
4.239399999999999977e+02
4.239399999999999977e+02
4.239399999999999977e+02
4.239399999999999977e+02
4.239399999999999977e+02
4.239399999999999977e+02
4.239399999999999977e+02
4.239399999999999977e+02
4.239399999999999977e+02
4.239399999999999977e+02
4.239399999999999977e+02
4.239399999999999977e+02
4.239399999999999977e+02
4.239399999999999977e+02
4.239399999999999977e+02
4.239399999999999977e+02
4.239399999999999977e+02
4.239399999999999977e+02
4.239399999999999977e+02
4.239399999999999977e+02
4.239399999999999977e+02
4.239399999999999977e+02
4.239399999999999977e+02
4.239399999999999977e+02
4.239399999999999977e+02
4.239399999999999977e+02
4.239399999999999977e+02
4.239399999999999977e+02
4.239399999999999977e+02
4.239399999999999977e+02
4.239399999999999977e+02
4.239399999999999977e+02
4.239399999999999977e+02
4.239399999999999977e+02
4.239399999999999977e+02
4.239399999999999977e+02
4.239399999999999977e+02
4.239399999999999977e+02
4.239399999999999977e+02
4.239399999999999977e+02
4.239399999999999977e+02
4.239399999999999977e+02
4.239399999999999977e+02
4.239399999999999977e+02
4.239399999999999977e+02
4.239399999999999977e+02
4.239399999999999977e+02
4.239399999999999977e+02
4.239399999999999977e+02
4.239399999999999977e+02
4.239399999999999977e+02
4.239399999999999977e+02
4.239399999999999977e+02
4.239399999999999977e+02
4.239399999999999977e+02
4.239399999999999977e+02
4.239399999999999977e+02
4.239399999999999977e+02
4.239399999999999977e+02
4.239399999999999977e+02
4.239399999999999977e+02
4.239399999999999977e+02
4.239399999999999977e+02
4.239399999999999977e+02
4.239399999999999977e+02
4.239399999999999977e+02
4.239399999999999977e+02
4.239399999999999977e+02
4.239399999999999977e+02
4.239399999999999977e+02
4.239399999999999977e+02
4.239399999999999977e+02
4.239399999999999977e+02
4.239399999999999977e+02
4.239399999999999977e+02
4.239399999999999977e+02
4.242900000000000205e+02
4.242900000000000205e+02
4.242900000000000205e+02
4.242900000000000205e+02
4.242900000000000205e+02
4.242900000000000205e+02
4.242900000000000205e+02
4.242900000000000205e+02
4.242900000000000205e+02
4.242900000000000205e+02
4.242900000000000205e+02
4.242900000000000205e+02
4.242900000000000205e+02
4.242900000000000205e+02
4.242900000000000205e+02
4.242900000000000205e+02
4.242900000000000205e+02
4.242900000000000205e+02
4.242900000000000205e+02
4.242900000000000205e+02
4.242900000000000205e+02
4.242900000000000205e+02
4.242900000000000205e+02
4.242900000000000205e+02
4.242900000000000205e+02
4.242900000000000205e+02
4.242900000000000205e+02
4.242900000000000205e+02
4.242900000000000205e+02
4.242900000000000205e+02
4.242900000000000205e+02
4.242900000000000205e+02
4.242900000000000205e+02
4.242900000000000205e+02
4.242900000000000205e+02
4.242900000000000205e+02
4.242900000000000205e+02
4.242900000000000205e+02
4.242900000000000205e+02
4.242900000000000205e+02
4.242900000000000205e+02
4.242900000000000205e+02
4.483100000000000023e+02
4.375099999999999909e+02
4.375099999999999909e+02
4.375099999999999909e+02
4.379900000000000091e+02
4.379900000000000091e+02
4.376499999999999773e+02
4.375299999999999727e+02
4.300299999999999727e+02
4.300299999999999727e+02
4.300299999999999727e+02
4.300299999999999727e+02
4.300299999999999727e+02
4.300299999999999727e+02
4.300299999999999727e+02
4.300299999999999727e+02
4.300299999999999727e+02
4.300299999999999727e+02
4.300299999999999727e+02
4.300299999999999727e+02
4.300299999999999727e+02
4.300299999999999727e+02
4.300299999999999727e+02
4.300299999999999727e+02
4.298299999999999841e+02
4.298299999999999841e+02
4.307799999999999727e+02
4.265899999999999750e+02
4.265899999999999750e+02
4.265899999999999750e+02
4.265899999999999750e+02
4.265899999999999750e+02
4.265899999999999750e+02
4.265899999999999750e+02
4.265899999999999750e+02
4.265899999999999750e+02
4.265899999999999750e+02
4.265899999999999750e+02
4.265899999999999750e+02
4.265899999999999750e+02
4.265899999999999750e+02
4.265899999999999750e+02
4.265899999999999750e+02
4.265899999999999750e+02
4.265899999999999750e+02
4.265899999999999750e+02
4.265899999999999750e+02
4.265899999999999750e+02
4.265899999999999750e+02
4.265899999999999750e+02
4.265899999999999750e+02
4.265899999999999750e+02
4.265899999999999750e+02
4.265899999999999750e+02
4.265899999999999750e+02
4.265899999999999750e+02
4.265899999999999750e+02
4.265899999999999750e+02
4.265899999999999750e+02
4.265899999999999750e+02
4.265899999999999750e+02
4.265899999999999750e+02
4.265899999999999750e+02
4.265899999999999750e+02
4.265899999999999750e+02
4.265899999999999750e+02
4.265899999999999750e+02
4.265899999999999750e+02
4.265899999999999750e+02
4.265899999999999750e+02
4.265899999999999750e+02
4.265899999999999750e+02
4.265899999999999750e+02
4.265899999999999750e+02
4.273700000000000045e+02
4.273700000000000045e+02
4.273700000000000045e+02
4.273700000000000045e+02
4.273700000000000045e+02
4.273700000000000045e+02
4.273700000000000045e+02
4.273700000000000045e+02
4.273700000000000045e+02
4.273700000000000045e+02
4.273700000000000045e+02
4.273700000000000045e+02
4.273700000000000045e+02
4.273700000000000045e+02
4.273700000000000045e+02
4.273700000000000045e+02
4.273700000000000045e+02
4.273700000000000045e+02
4.273700000000000045e+02
4.273700000000000045e+02
4.273700000000000045e+02
4.273700000000000045e+02
4.273700000000000045e+02
4.273700000000000045e+02
4.273700000000000045e+02
4.273700000000000045e+02
4.273700000000000045e+02
4.273700000000000045e+02
4.273700000000000045e+02
4.273700000000000045e+02
4.273700000000000045e+02
4.273700000000000045e+02
4.273700000000000045e+02
4.273700000000000045e+02
4.273700000000000045e+02
4.273700000000000045e+02
4.273700000000000045e+02
4.273700000000000045e+02
4.273700000000000045e+02
4.273700000000000045e+02
4.273700000000000045e+02
4.273700000000000045e+02
4.273700000000000045e+02
4.273700000000000045e+02
4.273700000000000045e+02
4.273700000000000045e+02
4.273700000000000045e+02
4.273700000000000045e+02
4.273700000000000045e+02
4.231200000000000045e+02
4.231200000000000045e+02
4.231200000000000045e+02
4.231200000000000045e+02
4.231200000000000045e+02
4.231200000000000045e+02
4.231200000000000045e+02
4.382300000000000182e+02
4.414200000000000159e+02
4.292200000000000273e+02
4.274900000000000091e+02
4.274900000000000091e+02
4.274900000000000091e+02
4.274900000000000091e+02
4.274900000000000091e+02
4.274900000000000091e+02
4.274900000000000091e+02
4.274900000000000091e+02
4.274900000000000091e+02
4.274900000000000091e+02
4.274900000000000091e+02
4.274900000000000091e+02
4.274900000000000091e+02
4.274900000000000091e+02
4.274900000000000091e+02
4.274900000000000091e+02
4.274900000000000091e+02
4.274900000000000091e+02
4.274900000000000091e+02
4.274900000000000091e+02
4.274900000000000091e+02
4.274900000000000091e+02
4.274900000000000091e+02
4.274900000000000091e+02
4.274900000000000091e+02
4.274900000000000091e+02
4.274900000000000091e+02
4.274900000000000091e+02
4.274900000000000091e+02
4.274900000000000091e+02
4.274900000000000091e+02
4.274900000000000091e+02
4.274900000000000091e+02
4.274900000000000091e+02
4.274900000000000091e+02
4.274900000000000091e+02
4.274900000000000091e+02
4.274900000000000091e+02
4.274900000000000091e+02
4.274900000000000091e+02
4.274900000000000091e+02
4.274900000000000091e+02
4.274900000000000091e+02
4.274900000000000091e+02
4.274900000000000091e+02
4.274900000000000091e+02
4.274900000000000091e+02
4.274900000000000091e+02
4.274900000000000091e+02
4.274900000000000091e+02
4.274900000000000091e+02
4.274900000000000091e+02
4.274900000000000091e+02
4.274900000000000091e+02
4.274900000000000091e+02
4.274900000000000091e+02
4.274900000000000091e+02
4.274900000000000091e+02
4.274900000000000091e+02
4.274900000000000091e+02
4.274900000000000091e+02
4.274900000000000091e+02
4.274900000000000091e+02
4.274900000000000091e+02
4.274900000000000091e+02
4.274900000000000091e+02
4.274900000000000091e+02
4.274900000000000091e+02
4.274900000000000091e+02
4.274900000000000091e+02
4.274900000000000091e+02
4.274900000000000091e+02
4.274900000000000091e+02
4.274900000000000091e+02
4.274900000000000091e+02
4.274900000000000091e+02
4.274900000000000091e+02
4.274900000000000091e+02
4.274900000000000091e+02
4.274900000000000091e+02
4.274900000000000091e+02
4.274900000000000091e+02
4.274900000000000091e+02
4.274900000000000091e+02
4.274900000000000091e+02
4.274900000000000091e+02
4.274900000000000091e+02
4.274900000000000091e+02
4.274900000000000091e+02
4.274900000000000091e+02
4.274900000000000091e+02
4.274900000000000091e+02
4.274900000000000091e+02
4.274900000000000091e+02
4.274900000000000091e+02
4.274900000000000091e+02
4.274900000000000091e+02
4.274900000000000091e+02
4.274900000000000091e+02
4.274900000000000091e+02
4.274900000000000091e+02
4.274900000000000091e+02
4.274900000000000091e+02
4.274900000000000091e+02
4.274900000000000091e+02
4.274900000000000091e+02
4.274900000000000091e+02
4.274900000000000091e+02
4.274900000000000091e+02
4.274900000000000091e+02
4.274900000000000091e+02
4.257400000000000091e+02
4.257400000000000091e+02
4.257400000000000091e+02
4.257400000000000091e+02
4.257400000000000091e+02
4.200400000000000205e+02
4.200400000000000205e+02
4.200400000000000205e+02
4.200400000000000205e+02
4.200400000000000205e+02
4.200400000000000205e+02
4.200400000000000205e+02
4.200400000000000205e+02
4.200400000000000205e+02
4.200400000000000205e+02
4.200400000000000205e+02
4.200400000000000205e+02
4.200400000000000205e+02
4.200400000000000205e+02
4.200400000000000205e+02
4.200400000000000205e+02
4.200400000000000205e+02
4.200400000000000205e+02
4.200400000000000205e+02
4.200400000000000205e+02
4.200400000000000205e+02
4.200400000000000205e+02
4.200400000000000205e+02
4.200400000000000205e+02
4.200400000000000205e+02
4.200400000000000205e+02
4.200400000000000205e+02
4.200400000000000205e+02
4.200400000000000205e+02
4.200400000000000205e+02
4.200400000000000205e+02
4.200400000000000205e+02
4.200400000000000205e+02
4.200400000000000205e+02
4.200400000000000205e+02
4.200400000000000205e+02
4.200400000000000205e+02
4.200400000000000205e+02
4.200400000000000205e+02
4.200400000000000205e+02
4.200400000000000205e+02
4.200400000000000205e+02
4.200400000000000205e+02
4.200400000000000205e+02
4.200400000000000205e+02
4.200400000000000205e+02
4.200400000000000205e+02
4.200400000000000205e+02
4.200400000000000205e+02
4.200400000000000205e+02
4.200400000000000205e+02
4.200400000000000205e+02
4.200400000000000205e+02
4.200400000000000205e+02
4.200400000000000205e+02
4.200400000000000205e+02
4.200400000000000205e+02
4.200400000000000205e+02
4.200400000000000205e+02
4.200400000000000205e+02
4.200400000000000205e+02
4.200400000000000205e+02
4.200400000000000205e+02
4.200400000000000205e+02
4.200400000000000205e+02
4.200400000000000205e+02
4.200400000000000205e+02
4.200400000000000205e+02
4.200400000000000205e+02
4.200400000000000205e+02
4.200400000000000205e+02
4.200400000000000205e+02
4.200400000000000205e+02
4.200400000000000205e+02
4.200400000000000205e+02
4.200400000000000205e+02
4.200400000000000205e+02
4.200400000000000205e+02
4.200400000000000205e+02
4.200400000000000205e+02
4.200400000000000205e+02
4.200400000000000205e+02
4.200400000000000205e+02
4.200400000000000205e+02
4.200400000000000205e+02
4.200400000000000205e+02
4.200400000000000205e+02
4.200400000000000205e+02
4.200400000000000205e+02
4.200400000000000205e+02
4.200400000000000205e+02
4.200400000000000205e+02
4.200400000000000205e+02
4.200400000000000205e+02
4.200400000000000205e+02
4.200400000000000205e+02
4.200400000000000205e+02
4.200400000000000205e+02
4.200400000000000205e+02
4.200400000000000205e+02
4.200400000000000205e+02
4.200400000000000205e+02
4.200400000000000205e+02
4.200400000000000205e+02
4.200400000000000205e+02
4.200400000000000205e+02
4.200400000000000205e+02
4.200400000000000205e+02
4.200400000000000205e+02
4.200400000000000205e+02
4.200400000000000205e+02
4.200400000000000205e+02
4.200400000000000205e+02
4.200400000000000205e+02
4.200400000000000205e+02
4.200400000000000205e+02
4.200400000000000205e+02
4.200400000000000205e+02
4.200400000000000205e+02
4.200400000000000205e+02
4.200400000000000205e+02
4.403399999999999750e+02
4.403399999999999750e+02
4.364900000000000091e+02
4.364900000000000091e+02
4.364900000000000091e+02
4.364900000000000091e+02
4.364900000000000091e+02
4.364900000000000091e+02
4.364900000000000091e+02
4.366100000000000136e+02
4.366100000000000136e+02
4.233600000000000136e+02
4.233600000000000136e+02
4.233600000000000136e+02
4.233600000000000136e+02
4.233600000000000136e+02
4.233600000000000136e+02
4.233600000000000136e+02
4.233600000000000136e+02
4.233600000000000136e+02
4.233600000000000136e+02
4.233600000000000136e+02
4.233600000000000136e+02
4.233600000000000136e+02
4.233600000000000136e+02
4.233600000000000136e+02
4.233600000000000136e+02
4.233600000000000136e+02
4.233600000000000136e+02
4.233600000000000136e+02
4.233600000000000136e+02
4.233600000000000136e+02
4.233600000000000136e+02
4.233600000000000136e+02
4.233600000000000136e+02
4.233600000000000136e+02
4.233600000000000136e+02
4.233600000000000136e+02
4.233600000000000136e+02
4.233600000000000136e+02
4.233600000000000136e+02
4.233600000000000136e+02
4.233600000000000136e+02
4.233600000000000136e+02
4.233600000000000136e+02
4.233600000000000136e+02
4.233600000000000136e+02
4.233600000000000136e+02
4.233600000000000136e+02
4.233600000000000136e+02
4.233600000000000136e+02
4.233600000000000136e+02
4.233600000000000136e+02
4.233600000000000136e+02
4.233600000000000136e+02
4.233600000000000136e+02
4.233600000000000136e+02
4.233600000000000136e+02
4.233600000000000136e+02
4.233600000000000136e+02
4.233600000000000136e+02
4.233600000000000136e+02
4.233600000000000136e+02
4.233600000000000136e+02
4.233600000000000136e+02
4.233600000000000136e+02
4.233600000000000136e+02
4.233600000000000136e+02
4.233600000000000136e+02
4.233600000000000136e+02
4.233600000000000136e+02
4.233600000000000136e+02
4.233600000000000136e+02
4.233600000000000136e+02
4.233600000000000136e+02
4.233600000000000136e+02
4.233600000000000136e+02
4.233600000000000136e+02
4.233600000000000136e+02
4.233600000000000136e+02
4.233600000000000136e+02
4.233600000000000136e+02
4.233600000000000136e+02
4.233600000000000136e+02
4.233600000000000136e+02
4.233600000000000136e+02
4.233600000000000136e+02
4.233600000000000136e+02
4.233600000000000136e+02
4.233600000000000136e+02
4.233600000000000136e+02
4.233600000000000136e+02
4.233600000000000136e+02
4.233600000000000136e+02
4.233600000000000136e+02
4.233600000000000136e+02
4.233600000000000136e+02
4.233600000000000136e+02
4.233600000000000136e+02
4.233600000000000136e+02
4.233600000000000136e+02
4.233600000000000136e+02
4.233600000000000136e+02
4.233600000000000136e+02
4.233600000000000136e+02
4.233600000000000136e+02
4.233600000000000136e+02
4.233600000000000136e+02
4.233600000000000136e+02
4.233600000000000136e+02
4.233600000000000136e+02
4.233600000000000136e+02
4.233600000000000136e+02
4.233600000000000136e+02
4.233600000000000136e+02
4.233600000000000136e+02
4.233600000000000136e+02
4.233600000000000136e+02
4.233600000000000136e+02
4.233600000000000136e+02
4.233600000000000136e+02
4.233600000000000136e+02
4.233600000000000136e+02
4.233600000000000136e+02
4.233600000000000136e+02
4.233600000000000136e+02
4.233600000000000136e+02
4.233600000000000136e+02
4.233600000000000136e+02
4.233600000000000136e+02
4.233600000000000136e+02
4.233600000000000136e+02
4.233600000000000136e+02
4.319399999999999977e+02
4.319399999999999977e+02
4.319399999999999977e+02
4.276200000000000045e+02
4.276200000000000045e+02
4.276200000000000045e+02
4.276200000000000045e+02
4.276200000000000045e+02
4.276200000000000045e+02
4.276200000000000045e+02
4.276200000000000045e+02
4.276200000000000045e+02
4.276200000000000045e+02
4.276200000000000045e+02
4.276200000000000045e+02
4.276200000000000045e+02
4.276200000000000045e+02
4.276200000000000045e+02
4.276200000000000045e+02
4.276200000000000045e+02
4.276200000000000045e+02
4.276200000000000045e+02
4.276200000000000045e+02
4.276200000000000045e+02
4.276200000000000045e+02
4.276200000000000045e+02
4.276200000000000045e+02
4.276200000000000045e+02
4.276200000000000045e+02
4.276200000000000045e+02
4.276200000000000045e+02
4.276200000000000045e+02
4.276200000000000045e+02
4.276200000000000045e+02
4.276200000000000045e+02
4.277500000000000000e+02
4.277500000000000000e+02
4.277500000000000000e+02
4.277500000000000000e+02
4.277500000000000000e+02
4.288299999999999841e+02
4.288299999999999841e+02
4.288299999999999841e+02
4.288299999999999841e+02
4.288299999999999841e+02
4.288299999999999841e+02
4.288299999999999841e+02
4.288299999999999841e+02
4.288299999999999841e+02
4.288299999999999841e+02
4.288299999999999841e+02
4.258100000000000023e+02
4.258100000000000023e+02
4.258100000000000023e+02
4.258100000000000023e+02
4.258100000000000023e+02
4.258100000000000023e+02
4.258100000000000023e+02
4.258100000000000023e+02
4.258100000000000023e+02
4.258100000000000023e+02
4.258100000000000023e+02
4.258100000000000023e+02
4.258100000000000023e+02
4.258100000000000023e+02
4.258100000000000023e+02
4.258100000000000023e+02
4.258100000000000023e+02
4.258100000000000023e+02
4.258100000000000023e+02
4.258100000000000023e+02
4.258100000000000023e+02
4.258100000000000023e+02
4.258100000000000023e+02
4.258100000000000023e+02
4.258100000000000023e+02
4.258100000000000023e+02
4.258100000000000023e+02
4.257400000000000091e+02
4.257400000000000091e+02
4.257400000000000091e+02
4.257400000000000091e+02
4.257400000000000091e+02
4.257400000000000091e+02
4.257400000000000091e+02
4.275199999999999818e+02
4.275199999999999818e+02
4.275199999999999818e+02
4.275199999999999818e+02
4.275199999999999818e+02
4.275199999999999818e+02
4.275199999999999818e+02
4.275199999999999818e+02
4.275199999999999818e+02
4.275199999999999818e+02
4.275199999999999818e+02
4.275199999999999818e+02
4.275199999999999818e+02
4.275199999999999818e+02
4.275199999999999818e+02
4.275199999999999818e+02
4.275199999999999818e+02
4.275199999999999818e+02
4.275199999999999818e+02
4.275199999999999818e+02
4.275199999999999818e+02
4.275199999999999818e+02
4.275199999999999818e+02
4.275199999999999818e+02
4.275199999999999818e+02
4.275199999999999818e+02
4.275199999999999818e+02
4.275199999999999818e+02
4.275199999999999818e+02
4.275199999999999818e+02
4.275199999999999818e+02
4.275199999999999818e+02
4.275199999999999818e+02
4.275199999999999818e+02
4.275199999999999818e+02
4.275199999999999818e+02
4.275199999999999818e+02
4.275199999999999818e+02
4.275199999999999818e+02
4.275199999999999818e+02
4.275199999999999818e+02
4.275199999999999818e+02
4.275199999999999818e+02
4.275199999999999818e+02
4.275199999999999818e+02
4.275199999999999818e+02
4.275199999999999818e+02
4.262500000000000000e+02
4.262500000000000000e+02
4.262500000000000000e+02
4.262500000000000000e+02
4.262500000000000000e+02
4.242900000000000205e+02
4.242900000000000205e+02
4.242900000000000205e+02
4.242900000000000205e+02
4.242900000000000205e+02
4.242900000000000205e+02
4.242900000000000205e+02
4.242900000000000205e+02
4.242900000000000205e+02
4.242900000000000205e+02
4.242900000000000205e+02
4.242900000000000205e+02
4.242900000000000205e+02
4.242900000000000205e+02
4.242900000000000205e+02
4.242900000000000205e+02
4.242900000000000205e+02
4.242900000000000205e+02
4.242900000000000205e+02
4.242900000000000205e+02
4.242900000000000205e+02
4.242900000000000205e+02
4.242900000000000205e+02
4.242900000000000205e+02
4.242900000000000205e+02
4.242900000000000205e+02
4.242900000000000205e+02
4.242900000000000205e+02
4.242900000000000205e+02
4.242900000000000205e+02
4.242900000000000205e+02
4.242900000000000205e+02
4.242900000000000205e+02
4.242900000000000205e+02
4.242900000000000205e+02
4.242900000000000205e+02
4.242900000000000205e+02
4.242900000000000205e+02
4.242900000000000205e+02
4.242900000000000205e+02
4.242900000000000205e+02
4.242900000000000205e+02
4.242900000000000205e+02
4.242900000000000205e+02
4.242900000000000205e+02
4.242900000000000205e+02
4.242900000000000205e+02
4.242900000000000205e+02
4.242900000000000205e+02
4.242900000000000205e+02
4.242900000000000205e+02
4.242900000000000205e+02
4.242900000000000205e+02
4.242900000000000205e+02
4.242900000000000205e+02
4.242900000000000205e+02
4.242900000000000205e+02
4.242900000000000205e+02
4.242900000000000205e+02
4.242900000000000205e+02
4.242900000000000205e+02
4.242900000000000205e+02
4.242900000000000205e+02
4.242900000000000205e+02
4.242900000000000205e+02
4.242900000000000205e+02
4.242900000000000205e+02
4.242900000000000205e+02
4.242900000000000205e+02
4.242900000000000205e+02
4.242900000000000205e+02
4.242900000000000205e+02
4.242900000000000205e+02
4.242900000000000205e+02
4.242900000000000205e+02
4.242900000000000205e+02
4.242900000000000205e+02
4.242900000000000205e+02
4.242900000000000205e+02
4.242900000000000205e+02
4.242900000000000205e+02
4.242900000000000205e+02
4.242900000000000205e+02
4.242900000000000205e+02
4.242900000000000205e+02
4.242900000000000205e+02
4.242900000000000205e+02
4.242900000000000205e+02
4.242900000000000205e+02
4.242900000000000205e+02
4.242900000000000205e+02
4.242900000000000205e+02
4.242900000000000205e+02
4.242900000000000205e+02
4.242900000000000205e+02
4.242900000000000205e+02
4.242900000000000205e+02
4.242900000000000205e+02
4.242900000000000205e+02
4.242900000000000205e+02
4.375000000000000000e+02
4.375000000000000000e+02
4.375000000000000000e+02
4.375000000000000000e+02
4.405699999999999932e+02
4.335600000000000023e+02
4.335600000000000023e+02
4.321200000000000045e+02
4.321200000000000045e+02
4.321200000000000045e+02
4.321200000000000045e+02
4.321200000000000045e+02
4.321200000000000045e+02
4.321200000000000045e+02
4.321200000000000045e+02
4.321200000000000045e+02
4.321200000000000045e+02
4.321200000000000045e+02
4.321200000000000045e+02
4.321200000000000045e+02
4.321200000000000045e+02
4.321200000000000045e+02
4.321200000000000045e+02
4.321200000000000045e+02
4.321200000000000045e+02
4.321200000000000045e+02
4.321200000000000045e+02
4.321200000000000045e+02
4.321200000000000045e+02
4.319100000000000250e+02
4.319100000000000250e+02
4.319100000000000250e+02
4.318600000000000136e+02
4.318600000000000136e+02
4.318600000000000136e+02
4.318600000000000136e+02
4.318600000000000136e+02
4.318600000000000136e+02
4.318600000000000136e+02
4.318600000000000136e+02
4.318600000000000136e+02
4.318600000000000136e+02
4.277900000000000205e+02
4.277900000000000205e+02
4.277900000000000205e+02
4.277900000000000205e+02
4.277900000000000205e+02
4.277900000000000205e+02
4.277900000000000205e+02
4.277900000000000205e+02
4.277900000000000205e+02
4.277900000000000205e+02
4.277900000000000205e+02
4.277900000000000205e+02
4.277900000000000205e+02
4.277900000000000205e+02
4.277900000000000205e+02
4.277900000000000205e+02
4.287699999999999818e+02
4.287699999999999818e+02
4.301000000000000227e+02
4.301000000000000227e+02
4.301000000000000227e+02
4.301000000000000227e+02
4.301000000000000227e+02
4.307599999999999909e+02
4.307599999999999909e+02
4.307599999999999909e+02
4.307599999999999909e+02
4.307599999999999909e+02
4.304300000000000068e+02
4.321299999999999955e+02
4.321299999999999955e+02
4.321299999999999955e+02
4.321299999999999955e+02
4.321299999999999955e+02
4.321299999999999955e+02
4.321299999999999955e+02
4.321299999999999955e+02
4.321299999999999955e+02
4.321299999999999955e+02
4.321299999999999955e+02
4.321299999999999955e+02
4.321299999999999955e+02
4.321299999999999955e+02
4.321299999999999955e+02
4.321299999999999955e+02
4.321299999999999955e+02
4.321299999999999955e+02
4.321299999999999955e+02
4.321299999999999955e+02
4.321299999999999955e+02
4.321299999999999955e+02
4.321299999999999955e+02
4.321299999999999955e+02
4.321299999999999955e+02
4.321299999999999955e+02
4.321299999999999955e+02
4.321299999999999955e+02
4.321299999999999955e+02
4.321299999999999955e+02
4.321299999999999955e+02
4.321299999999999955e+02
4.321299999999999955e+02
4.321299999999999955e+02
4.273199999999999932e+02
4.273199999999999932e+02
4.273199999999999932e+02
4.273199999999999932e+02
4.273199999999999932e+02
4.273199999999999932e+02
4.273199999999999932e+02
4.273199999999999932e+02
4.273199999999999932e+02
4.273199999999999932e+02
4.273199999999999932e+02
4.273199999999999932e+02
4.273199999999999932e+02
4.273199999999999932e+02
4.273199999999999932e+02
4.273199999999999932e+02
4.273199999999999932e+02
4.273199999999999932e+02
4.273199999999999932e+02
4.273199999999999932e+02
4.273199999999999932e+02
4.273199999999999932e+02
4.366399999999999864e+02
4.366399999999999864e+02
4.364599999999999795e+02
4.271800000000000068e+02
4.251899999999999977e+02
4.251899999999999977e+02
4.210299999999999727e+02
4.210299999999999727e+02
4.210299999999999727e+02
4.210299999999999727e+02
4.210299999999999727e+02
4.210299999999999727e+02
4.210299999999999727e+02
4.210299999999999727e+02
4.210299999999999727e+02
4.210299999999999727e+02
4.210299999999999727e+02
4.210299999999999727e+02
4.210299999999999727e+02
4.210299999999999727e+02
4.210299999999999727e+02
4.210299999999999727e+02
4.210299999999999727e+02
4.210299999999999727e+02
4.210299999999999727e+02
4.210299999999999727e+02
4.210299999999999727e+02
4.210299999999999727e+02
4.210299999999999727e+02
4.210299999999999727e+02
4.210299999999999727e+02
4.210299999999999727e+02
4.210299999999999727e+02
4.210299999999999727e+02
4.210299999999999727e+02
4.210299999999999727e+02
4.210299999999999727e+02
4.210299999999999727e+02
4.210299999999999727e+02
4.210299999999999727e+02
4.210299999999999727e+02
4.210299999999999727e+02
4.210299999999999727e+02
4.210299999999999727e+02
4.210299999999999727e+02
4.210299999999999727e+02
4.210299999999999727e+02
4.210299999999999727e+02
4.210299999999999727e+02
4.210299999999999727e+02
4.210299999999999727e+02
4.210299999999999727e+02
4.210299999999999727e+02
4.210299999999999727e+02
4.210299999999999727e+02
4.210299999999999727e+02
4.210299999999999727e+02
4.210299999999999727e+02
4.210299999999999727e+02
4.210299999999999727e+02
4.210299999999999727e+02
4.210299999999999727e+02
4.210299999999999727e+02
4.210299999999999727e+02
4.210299999999999727e+02
4.210299999999999727e+02
4.210299999999999727e+02
4.210299999999999727e+02
4.210299999999999727e+02
4.210299999999999727e+02
4.210299999999999727e+02
4.210299999999999727e+02
4.210299999999999727e+02
4.210299999999999727e+02
4.210299999999999727e+02
4.210299999999999727e+02
4.210299999999999727e+02
4.210299999999999727e+02
4.210299999999999727e+02
4.210299999999999727e+02
4.210299999999999727e+02
4.210299999999999727e+02
4.210299999999999727e+02
4.210299999999999727e+02
4.210299999999999727e+02
4.210299999999999727e+02
4.210299999999999727e+02
4.210299999999999727e+02
4.210299999999999727e+02
4.210299999999999727e+02
4.210299999999999727e+02
4.210299999999999727e+02
4.210299999999999727e+02
4.210299999999999727e+02
4.210299999999999727e+02
4.210299999999999727e+02
4.210299999999999727e+02
4.210299999999999727e+02
4.210299999999999727e+02
4.210299999999999727e+02
4.210299999999999727e+02
4.210299999999999727e+02
4.210299999999999727e+02
4.210299999999999727e+02
4.210299999999999727e+02
4.231800000000000068e+02
4.231800000000000068e+02
4.231800000000000068e+02
4.231800000000000068e+02
4.231800000000000068e+02
4.231800000000000068e+02
4.231800000000000068e+02
4.231800000000000068e+02
4.231800000000000068e+02
4.231800000000000068e+02
4.231800000000000068e+02
4.231800000000000068e+02
4.231800000000000068e+02
4.231800000000000068e+02
4.231800000000000068e+02
4.231800000000000068e+02
4.231800000000000068e+02
4.231800000000000068e+02
4.231800000000000068e+02
4.231800000000000068e+02
4.231800000000000068e+02
4.231800000000000068e+02
4.231800000000000068e+02
4.231800000000000068e+02
4.254399999999999977e+02
4.254399999999999977e+02
4.254399999999999977e+02
4.254399999999999977e+02
4.254399999999999977e+02
4.254399999999999977e+02
4.254399999999999977e+02
4.254399999999999977e+02
4.254399999999999977e+02
4.254399999999999977e+02
4.254399999999999977e+02
4.254399999999999977e+02
4.254399999999999977e+02
4.254399999999999977e+02
4.254399999999999977e+02
4.254399999999999977e+02
4.254399999999999977e+02
4.254399999999999977e+02
4.254399999999999977e+02
4.254399999999999977e+02
4.254399999999999977e+02
4.254399999999999977e+02
4.254399999999999977e+02
4.254399999999999977e+02
4.254399999999999977e+02
4.254399999999999977e+02
4.254399999999999977e+02
4.254399999999999977e+02
4.254399999999999977e+02
4.254399999999999977e+02
4.254399999999999977e+02
4.254399999999999977e+02
4.254399999999999977e+02
4.254399999999999977e+02
4.254399999999999977e+02
4.254399999999999977e+02
4.254399999999999977e+02
4.254399999999999977e+02
4.254399999999999977e+02
4.254399999999999977e+02
4.254399999999999977e+02
4.254399999999999977e+02
4.254399999999999977e+02
4.254399999999999977e+02
4.254399999999999977e+02
4.254399999999999977e+02
4.254399999999999977e+02
4.254399999999999977e+02
4.254399999999999977e+02
4.254399999999999977e+02
4.254399999999999977e+02
4.254399999999999977e+02
4.254399999999999977e+02
4.254399999999999977e+02
4.254399999999999977e+02
4.254399999999999977e+02
4.254399999999999977e+02
4.254399999999999977e+02
4.254399999999999977e+02
4.254399999999999977e+02
4.254399999999999977e+02
4.254399999999999977e+02
4.254399999999999977e+02
4.254399999999999977e+02
4.254399999999999977e+02
4.254399999999999977e+02
4.254399999999999977e+02
4.254399999999999977e+02
4.254399999999999977e+02
4.254399999999999977e+02
4.254399999999999977e+02
4.254399999999999977e+02
4.254399999999999977e+02
4.254399999999999977e+02
4.254399999999999977e+02
4.223700000000000045e+02
4.223700000000000045e+02
4.223700000000000045e+02
4.223700000000000045e+02
4.223700000000000045e+02
4.223700000000000045e+02
4.223700000000000045e+02
4.223700000000000045e+02
4.223700000000000045e+02
4.223700000000000045e+02
4.223700000000000045e+02
4.223700000000000045e+02
4.223700000000000045e+02
4.223700000000000045e+02
4.223700000000000045e+02
4.223700000000000045e+02
4.223700000000000045e+02
4.223700000000000045e+02
4.223700000000000045e+02
4.223700000000000045e+02
4.223700000000000045e+02
4.223700000000000045e+02
4.223700000000000045e+02
4.223700000000000045e+02
4.223700000000000045e+02
4.223700000000000045e+02
4.223700000000000045e+02
4.223700000000000045e+02
4.223700000000000045e+02
4.223700000000000045e+02
4.223700000000000045e+02
4.223700000000000045e+02
4.223700000000000045e+02
4.223700000000000045e+02
4.223700000000000045e+02
4.223700000000000045e+02
4.223700000000000045e+02
4.223700000000000045e+02
4.223700000000000045e+02
4.366800000000000068e+02
4.366800000000000068e+02
4.366800000000000068e+02
4.366800000000000068e+02
4.267400000000000091e+02
4.267400000000000091e+02
4.267400000000000091e+02
4.267400000000000091e+02
4.267400000000000091e+02
4.267400000000000091e+02
4.267400000000000091e+02
4.267400000000000091e+02
4.267400000000000091e+02
4.267400000000000091e+02
4.267400000000000091e+02
4.267400000000000091e+02
4.267400000000000091e+02
4.267400000000000091e+02
4.267400000000000091e+02
4.267400000000000091e+02
4.267400000000000091e+02
4.267400000000000091e+02
4.267400000000000091e+02
4.267400000000000091e+02
4.267400000000000091e+02
4.267400000000000091e+02
4.267400000000000091e+02
4.267400000000000091e+02
4.267400000000000091e+02
4.267400000000000091e+02
4.267400000000000091e+02
4.267400000000000091e+02
4.267400000000000091e+02
4.267400000000000091e+02
4.267400000000000091e+02
4.267400000000000091e+02
4.267400000000000091e+02
4.267400000000000091e+02
4.267400000000000091e+02
4.267400000000000091e+02
4.267400000000000091e+02
4.267400000000000091e+02
4.267400000000000091e+02
4.267400000000000091e+02
4.267400000000000091e+02
4.267400000000000091e+02
4.267400000000000091e+02
4.267400000000000091e+02
4.267400000000000091e+02
4.267400000000000091e+02
4.267400000000000091e+02
4.267400000000000091e+02
4.267400000000000091e+02
4.267400000000000091e+02
4.255199999999999818e+02
4.255199999999999818e+02
4.216499999999999773e+02
4.216499999999999773e+02
4.216499999999999773e+02
4.216499999999999773e+02
4.216499999999999773e+02
4.216499999999999773e+02
4.216499999999999773e+02
4.216499999999999773e+02
4.216499999999999773e+02
4.216499999999999773e+02
4.216499999999999773e+02
4.216499999999999773e+02
4.216499999999999773e+02
4.216499999999999773e+02
4.216499999999999773e+02
4.216499999999999773e+02
4.216499999999999773e+02
4.216499999999999773e+02
4.216499999999999773e+02
4.216499999999999773e+02
4.216499999999999773e+02
4.216499999999999773e+02
4.216499999999999773e+02
4.216499999999999773e+02
4.216499999999999773e+02
4.216499999999999773e+02
4.216499999999999773e+02
4.216499999999999773e+02
4.216499999999999773e+02
4.216499999999999773e+02
4.216499999999999773e+02
4.216499999999999773e+02
4.216499999999999773e+02
4.216499999999999773e+02
4.216499999999999773e+02
4.216499999999999773e+02
4.216499999999999773e+02
4.216499999999999773e+02
4.216499999999999773e+02
4.216499999999999773e+02
4.216499999999999773e+02
4.216499999999999773e+02
4.216499999999999773e+02
4.216499999999999773e+02
4.216499999999999773e+02
4.216499999999999773e+02
4.216499999999999773e+02
4.216499999999999773e+02
4.216499999999999773e+02
4.216499999999999773e+02
4.216499999999999773e+02
4.216499999999999773e+02
4.216499999999999773e+02
4.216499999999999773e+02
4.216499999999999773e+02
4.216499999999999773e+02
4.216499999999999773e+02
4.216499999999999773e+02
4.216499999999999773e+02
4.216499999999999773e+02
4.216499999999999773e+02
4.216499999999999773e+02
4.216499999999999773e+02
4.216499999999999773e+02
4.216499999999999773e+02
4.216499999999999773e+02
4.216499999999999773e+02
4.216499999999999773e+02
4.216499999999999773e+02
4.216499999999999773e+02
4.216499999999999773e+02
4.351600000000000250e+02
4.297699999999999818e+02
4.228399999999999750e+02
4.228399999999999750e+02
4.228399999999999750e+02
4.228399999999999750e+02
4.228399999999999750e+02
4.228399999999999750e+02
4.228399999999999750e+02
4.228399999999999750e+02
4.228399999999999750e+02
4.228399999999999750e+02
4.228399999999999750e+02
4.228399999999999750e+02
4.228399999999999750e+02
4.228399999999999750e+02
4.228399999999999750e+02
4.228399999999999750e+02
4.228399999999999750e+02
4.228399999999999750e+02
4.228399999999999750e+02
4.228399999999999750e+02
4.228399999999999750e+02
4.228399999999999750e+02
4.228399999999999750e+02
4.228399999999999750e+02
4.228399999999999750e+02
4.228399999999999750e+02
4.228399999999999750e+02
4.228399999999999750e+02
4.228399999999999750e+02
4.228399999999999750e+02
4.228399999999999750e+02
4.228399999999999750e+02
4.228399999999999750e+02
4.228399999999999750e+02
4.228399999999999750e+02
4.228399999999999750e+02
4.228399999999999750e+02
4.228399999999999750e+02
4.228399999999999750e+02
4.228399999999999750e+02
4.228399999999999750e+02
4.228399999999999750e+02
4.228399999999999750e+02
4.228399999999999750e+02
4.228399999999999750e+02
4.228399999999999750e+02
4.228399999999999750e+02
4.228399999999999750e+02
4.228399999999999750e+02
4.228399999999999750e+02
4.228399999999999750e+02
4.228399999999999750e+02
4.228399999999999750e+02
4.228399999999999750e+02
4.228399999999999750e+02
4.228399999999999750e+02
4.228399999999999750e+02
4.228399999999999750e+02
4.228399999999999750e+02
4.228399999999999750e+02
4.228399999999999750e+02
4.228399999999999750e+02
4.228399999999999750e+02
4.228399999999999750e+02
4.228399999999999750e+02
4.228399999999999750e+02
4.228399999999999750e+02
4.228399999999999750e+02
4.228399999999999750e+02
4.228399999999999750e+02
4.228399999999999750e+02
4.228399999999999750e+02
4.228399999999999750e+02
4.228399999999999750e+02
4.228399999999999750e+02
4.228399999999999750e+02
4.228399999999999750e+02
4.228399999999999750e+02
4.228399999999999750e+02
4.228399999999999750e+02
4.228399999999999750e+02
4.228399999999999750e+02
4.228399999999999750e+02
4.228399999999999750e+02
4.228399999999999750e+02
4.228399999999999750e+02
4.228399999999999750e+02
4.228399999999999750e+02
4.228399999999999750e+02
4.228399999999999750e+02
4.228399999999999750e+02
4.228399999999999750e+02
4.228399999999999750e+02
4.228399999999999750e+02
4.228399999999999750e+02
4.228399999999999750e+02
4.228399999999999750e+02
4.228399999999999750e+02
4.228399999999999750e+02
4.228399999999999750e+02
4.228399999999999750e+02
4.228399999999999750e+02
4.228399999999999750e+02
4.228399999999999750e+02
4.228399999999999750e+02
4.228399999999999750e+02
4.228399999999999750e+02
4.228399999999999750e+02
4.228399999999999750e+02
4.228399999999999750e+02
4.228399999999999750e+02
4.228399999999999750e+02
4.228399999999999750e+02
4.228399999999999750e+02
4.228399999999999750e+02
4.228399999999999750e+02
4.228399999999999750e+02
4.228399999999999750e+02
4.228399999999999750e+02
4.228399999999999750e+02
4.228399999999999750e+02
4.228399999999999750e+02
4.228399999999999750e+02
4.228399999999999750e+02
4.228399999999999750e+02
4.228399999999999750e+02
4.228399999999999750e+02
4.228399999999999750e+02
4.228399999999999750e+02
4.228399999999999750e+02
4.228399999999999750e+02
4.228399999999999750e+02
4.228399999999999750e+02
4.228399999999999750e+02
4.228399999999999750e+02
4.228399999999999750e+02
4.228399999999999750e+02
4.228399999999999750e+02
4.228399999999999750e+02
4.228399999999999750e+02
4.228399999999999750e+02
4.228399999999999750e+02
4.228399999999999750e+02
4.228399999999999750e+02
4.228399999999999750e+02
4.228399999999999750e+02
4.228399999999999750e+02
4.228399999999999750e+02
4.228399999999999750e+02
4.228399999999999750e+02
4.228399999999999750e+02
4.228399999999999750e+02
4.228399999999999750e+02
4.228399999999999750e+02
4.228399999999999750e+02
4.228399999999999750e+02
4.228399999999999750e+02
4.228399999999999750e+02
4.228399999999999750e+02
4.228399999999999750e+02
4.228399999999999750e+02
4.228399999999999750e+02
4.228399999999999750e+02
4.228399999999999750e+02
4.228399999999999750e+02
4.228399999999999750e+02
4.228399999999999750e+02
4.228399999999999750e+02
4.228399999999999750e+02
4.228399999999999750e+02
4.228399999999999750e+02
4.228399999999999750e+02
4.228399999999999750e+02
4.228399999999999750e+02
4.228399999999999750e+02
4.228399999999999750e+02
4.228399999999999750e+02
4.228399999999999750e+02
4.228399999999999750e+02
4.228399999999999750e+02
4.228399999999999750e+02
4.228399999999999750e+02
4.228399999999999750e+02
4.228399999999999750e+02
4.228399999999999750e+02
4.228399999999999750e+02
4.228399999999999750e+02
4.228399999999999750e+02
4.228399999999999750e+02
4.228399999999999750e+02
4.228399999999999750e+02
4.228399999999999750e+02
4.228399999999999750e+02
4.228399999999999750e+02
4.228399999999999750e+02
4.228399999999999750e+02
4.228399999999999750e+02
4.228399999999999750e+02
4.228399999999999750e+02
4.228399999999999750e+02
4.228399999999999750e+02
4.228399999999999750e+02
4.228399999999999750e+02
4.228399999999999750e+02
4.228399999999999750e+02
4.228399999999999750e+02
4.228399999999999750e+02
4.228399999999999750e+02
4.228399999999999750e+02
4.228399999999999750e+02
4.228399999999999750e+02
4.228399999999999750e+02
4.228399999999999750e+02
4.228399999999999750e+02
4.228399999999999750e+02
4.228399999999999750e+02
4.228399999999999750e+02
4.228399999999999750e+02
4.228399999999999750e+02
4.228399999999999750e+02
4.228399999999999750e+02
4.228399999999999750e+02
4.228399999999999750e+02
4.228399999999999750e+02
4.228399999999999750e+02
4.228399999999999750e+02
4.228399999999999750e+02
4.228399999999999750e+02
4.228399999999999750e+02
4.228399999999999750e+02
4.228399999999999750e+02
4.228399999999999750e+02
4.228399999999999750e+02
4.228399999999999750e+02
4.228399999999999750e+02
4.228399999999999750e+02
4.228399999999999750e+02
4.228399999999999750e+02
4.228399999999999750e+02
4.228399999999999750e+02
4.228399999999999750e+02
4.405299999999999727e+02
4.405299999999999727e+02
4.262699999999999818e+02
4.262699999999999818e+02
4.262699999999999818e+02
4.262699999999999818e+02
4.262699999999999818e+02
4.262699999999999818e+02
4.262699999999999818e+02
4.262699999999999818e+02
4.262699999999999818e+02
4.262699999999999818e+02
4.262699999999999818e+02
4.262699999999999818e+02
4.262699999999999818e+02
4.262699999999999818e+02
4.262699999999999818e+02
4.262699999999999818e+02
4.262699999999999818e+02
4.262699999999999818e+02
4.262699999999999818e+02
4.262699999999999818e+02
4.262699999999999818e+02
4.262699999999999818e+02
4.262699999999999818e+02
4.262699999999999818e+02
4.262699999999999818e+02
4.262699999999999818e+02
4.262699999999999818e+02
4.262699999999999818e+02
4.262699999999999818e+02
4.262699999999999818e+02
4.262699999999999818e+02
4.262699999999999818e+02
4.262699999999999818e+02
4.262699999999999818e+02
4.262699999999999818e+02
4.262699999999999818e+02
4.262699999999999818e+02
4.262699999999999818e+02
4.262699999999999818e+02
4.262699999999999818e+02
4.262699999999999818e+02
4.262699999999999818e+02
4.262699999999999818e+02
4.262699999999999818e+02
4.262699999999999818e+02
4.262699999999999818e+02
4.262699999999999818e+02
4.262699999999999818e+02
4.262699999999999818e+02
4.262699999999999818e+02
4.259700000000000273e+02
4.259700000000000273e+02
4.259700000000000273e+02
4.259700000000000273e+02
4.259700000000000273e+02
4.259700000000000273e+02
4.259700000000000273e+02
4.259700000000000273e+02
4.259700000000000273e+02
4.259700000000000273e+02
4.259700000000000273e+02
4.259700000000000273e+02
4.259700000000000273e+02
4.259700000000000273e+02
4.259700000000000273e+02
4.259700000000000273e+02
4.259700000000000273e+02
4.259700000000000273e+02
4.259700000000000273e+02
4.220799999999999841e+02
4.220799999999999841e+02
4.220799999999999841e+02
4.220799999999999841e+02
4.220799999999999841e+02
4.220799999999999841e+02
4.220799999999999841e+02
4.220799999999999841e+02
4.220799999999999841e+02
4.220799999999999841e+02
4.220799999999999841e+02
4.220799999999999841e+02
4.220799999999999841e+02
4.220799999999999841e+02
4.220799999999999841e+02
4.220799999999999841e+02
4.220799999999999841e+02
4.220799999999999841e+02
4.220799999999999841e+02
4.220799999999999841e+02
4.220799999999999841e+02
4.220799999999999841e+02
4.220799999999999841e+02
4.220799999999999841e+02
4.220799999999999841e+02
4.220799999999999841e+02
4.220799999999999841e+02
4.220799999999999841e+02
4.220799999999999841e+02
4.220799999999999841e+02
4.220799999999999841e+02
4.220799999999999841e+02
4.220799999999999841e+02
4.220799999999999841e+02
4.220799999999999841e+02
4.220799999999999841e+02
4.220799999999999841e+02
4.220799999999999841e+02
4.220799999999999841e+02
4.220799999999999841e+02
4.220799999999999841e+02
4.220799999999999841e+02
4.220799999999999841e+02
4.220799999999999841e+02
4.220799999999999841e+02
4.220799999999999841e+02
4.220799999999999841e+02
4.220799999999999841e+02
4.220799999999999841e+02
4.220799999999999841e+02
4.220799999999999841e+02
4.220799999999999841e+02
4.220799999999999841e+02
4.220799999999999841e+02
4.220799999999999841e+02
4.220799999999999841e+02
4.290400000000000205e+02
4.290400000000000205e+02
4.290400000000000205e+02
4.290400000000000205e+02
4.290400000000000205e+02
4.290400000000000205e+02
4.290400000000000205e+02
4.290400000000000205e+02
4.290400000000000205e+02
4.290400000000000205e+02
4.290400000000000205e+02
4.290400000000000205e+02
4.290400000000000205e+02
4.290400000000000205e+02
4.290400000000000205e+02
4.315000000000000000e+02
4.315000000000000000e+02
4.315000000000000000e+02
4.315000000000000000e+02
4.294200000000000159e+02
4.294200000000000159e+02
4.294200000000000159e+02
4.294200000000000159e+02
4.294200000000000159e+02
4.294200000000000159e+02
4.294200000000000159e+02
4.294200000000000159e+02
4.294200000000000159e+02
4.294200000000000159e+02
4.294200000000000159e+02
4.294200000000000159e+02
4.294200000000000159e+02
4.294200000000000159e+02
4.294200000000000159e+02
4.294200000000000159e+02
4.294200000000000159e+02
4.294200000000000159e+02
4.294200000000000159e+02
4.294200000000000159e+02
4.294200000000000159e+02
4.294200000000000159e+02
4.294200000000000159e+02
4.294200000000000159e+02
4.294200000000000159e+02
4.294200000000000159e+02
4.294200000000000159e+02
4.294200000000000159e+02
4.294200000000000159e+02
4.294200000000000159e+02
4.294200000000000159e+02
4.294200000000000159e+02
4.294200000000000159e+02
4.294200000000000159e+02
4.294200000000000159e+02
4.294200000000000159e+02
4.263500000000000227e+02
4.263500000000000227e+02
4.263500000000000227e+02
4.263500000000000227e+02
4.263500000000000227e+02
4.263500000000000227e+02
4.263500000000000227e+02
4.263500000000000227e+02
4.263500000000000227e+02
4.263500000000000227e+02
4.263500000000000227e+02
4.263500000000000227e+02
4.263500000000000227e+02
4.263500000000000227e+02
4.263500000000000227e+02
4.263500000000000227e+02
4.263500000000000227e+02
4.263500000000000227e+02
4.263500000000000227e+02
4.263500000000000227e+02
4.263500000000000227e+02
4.263500000000000227e+02
4.263500000000000227e+02
4.263500000000000227e+02
4.263500000000000227e+02
4.263500000000000227e+02
4.263500000000000227e+02
4.263500000000000227e+02
4.263500000000000227e+02
4.263500000000000227e+02
4.263500000000000227e+02
4.263500000000000227e+02
4.263500000000000227e+02
4.263500000000000227e+02
4.263500000000000227e+02
4.263500000000000227e+02
4.263500000000000227e+02
4.263500000000000227e+02
4.263500000000000227e+02
4.263500000000000227e+02
4.263500000000000227e+02
4.263500000000000227e+02
4.263500000000000227e+02
4.263500000000000227e+02
4.263500000000000227e+02
4.263500000000000227e+02
4.263500000000000227e+02
4.263500000000000227e+02
4.263500000000000227e+02
4.263500000000000227e+02
4.263500000000000227e+02
4.263500000000000227e+02
4.263500000000000227e+02
4.263500000000000227e+02
4.263500000000000227e+02
4.263500000000000227e+02
4.263500000000000227e+02
4.263500000000000227e+02
4.263500000000000227e+02
4.263500000000000227e+02
4.263500000000000227e+02
4.263500000000000227e+02
4.263500000000000227e+02
4.263500000000000227e+02
4.263500000000000227e+02
4.263500000000000227e+02
4.263500000000000227e+02
4.263500000000000227e+02
4.263500000000000227e+02
4.263500000000000227e+02
4.263500000000000227e+02
4.263500000000000227e+02
4.263500000000000227e+02
4.263500000000000227e+02
4.263500000000000227e+02
4.263500000000000227e+02
4.263500000000000227e+02
4.263500000000000227e+02
4.263500000000000227e+02
4.263500000000000227e+02
4.263500000000000227e+02
4.263500000000000227e+02
4.263500000000000227e+02
4.263500000000000227e+02
4.263500000000000227e+02
4.263500000000000227e+02
4.263500000000000227e+02
4.263500000000000227e+02
4.263500000000000227e+02
4.263500000000000227e+02
4.263500000000000227e+02
4.263500000000000227e+02
4.263500000000000227e+02
4.263500000000000227e+02
4.263500000000000227e+02
4.263500000000000227e+02
4.263500000000000227e+02
4.263500000000000227e+02
4.263500000000000227e+02
4.263500000000000227e+02
4.263500000000000227e+02
4.263500000000000227e+02
4.263500000000000227e+02
4.263500000000000227e+02
4.263500000000000227e+02
4.263500000000000227e+02
4.263500000000000227e+02
4.263500000000000227e+02
4.263500000000000227e+02
4.263500000000000227e+02
4.260099999999999909e+02
4.260099999999999909e+02
4.260099999999999909e+02
4.260099999999999909e+02
4.260099999999999909e+02
4.260099999999999909e+02
4.260099999999999909e+02
4.260099999999999909e+02
4.260099999999999909e+02
4.260099999999999909e+02
4.260099999999999909e+02
4.263500000000000227e+02
4.263500000000000227e+02
4.263500000000000227e+02
4.263500000000000227e+02
4.263500000000000227e+02
4.263500000000000227e+02
4.263500000000000227e+02
4.263500000000000227e+02
4.263500000000000227e+02
4.263500000000000227e+02
4.263500000000000227e+02
4.229200000000000159e+02
4.229200000000000159e+02
4.229200000000000159e+02
4.229200000000000159e+02
4.229200000000000159e+02
4.229200000000000159e+02
4.229200000000000159e+02
4.229200000000000159e+02
4.229200000000000159e+02
4.229200000000000159e+02
4.229200000000000159e+02
4.229200000000000159e+02
4.229200000000000159e+02
4.229200000000000159e+02
4.229200000000000159e+02
4.229200000000000159e+02
4.229200000000000159e+02
4.229200000000000159e+02
4.229200000000000159e+02
4.229200000000000159e+02
4.229200000000000159e+02
4.229200000000000159e+02
4.229200000000000159e+02
4.229200000000000159e+02
4.229200000000000159e+02
4.229200000000000159e+02
4.229200000000000159e+02
4.229200000000000159e+02
4.229200000000000159e+02
4.229200000000000159e+02
4.229200000000000159e+02
4.229200000000000159e+02
4.229200000000000159e+02
4.229200000000000159e+02
4.229200000000000159e+02
4.229200000000000159e+02
4.229200000000000159e+02
4.229200000000000159e+02
4.229200000000000159e+02
4.229200000000000159e+02
4.229200000000000159e+02
4.229200000000000159e+02
4.229200000000000159e+02
4.229200000000000159e+02
4.229200000000000159e+02
4.229200000000000159e+02
4.229200000000000159e+02
4.229200000000000159e+02
4.229200000000000159e+02
4.229200000000000159e+02
4.229200000000000159e+02
4.229200000000000159e+02
4.229200000000000159e+02
4.229200000000000159e+02
4.229200000000000159e+02
4.229200000000000159e+02
4.356100000000000136e+02
4.356100000000000136e+02
4.356100000000000136e+02
4.333199999999999932e+02
4.333199999999999932e+02
4.298500000000000227e+02
4.349599999999999795e+02
4.349599999999999795e+02
4.349599999999999795e+02
4.349599999999999795e+02
4.311299999999999955e+02
4.283000000000000114e+02
4.283000000000000114e+02
4.283000000000000114e+02
4.283000000000000114e+02
4.283000000000000114e+02
4.283000000000000114e+02
4.283000000000000114e+02
4.283000000000000114e+02
4.308600000000000136e+02
4.308600000000000136e+02
4.308600000000000136e+02
4.259499999999999886e+02
4.259499999999999886e+02
4.259499999999999886e+02
4.259499999999999886e+02
4.259499999999999886e+02
4.259499999999999886e+02
4.259499999999999886e+02
4.259499999999999886e+02
4.259499999999999886e+02
4.259499999999999886e+02
4.259499999999999886e+02
4.259499999999999886e+02
4.259499999999999886e+02
4.259499999999999886e+02
4.259499999999999886e+02
4.259499999999999886e+02
4.259499999999999886e+02
4.259499999999999886e+02
4.259499999999999886e+02
4.259499999999999886e+02
4.259499999999999886e+02
4.259499999999999886e+02
4.259499999999999886e+02
4.259499999999999886e+02
4.259499999999999886e+02
4.259499999999999886e+02
4.259499999999999886e+02
4.259499999999999886e+02
4.259499999999999886e+02
4.259499999999999886e+02
4.259499999999999886e+02
4.259499999999999886e+02
4.259499999999999886e+02
4.259499999999999886e+02
4.259499999999999886e+02
4.259499999999999886e+02
4.259499999999999886e+02
4.259499999999999886e+02
4.259499999999999886e+02
4.259499999999999886e+02
4.259499999999999886e+02
4.259499999999999886e+02
4.259499999999999886e+02
4.259499999999999886e+02
4.259499999999999886e+02
4.259499999999999886e+02
4.259499999999999886e+02
4.259499999999999886e+02
4.259499999999999886e+02
4.259499999999999886e+02
4.259499999999999886e+02
4.259499999999999886e+02
4.259499999999999886e+02
4.259499999999999886e+02
4.259499999999999886e+02
4.259499999999999886e+02
4.259499999999999886e+02
4.259499999999999886e+02
4.259499999999999886e+02
4.259499999999999886e+02
4.259499999999999886e+02
4.259499999999999886e+02
4.259499999999999886e+02
4.259499999999999886e+02
4.259499999999999886e+02
4.259499999999999886e+02
4.259499999999999886e+02
4.259499999999999886e+02
4.259499999999999886e+02
4.259499999999999886e+02
4.259499999999999886e+02
4.259499999999999886e+02
4.259499999999999886e+02
4.259499999999999886e+02
4.259499999999999886e+02
4.259499999999999886e+02
4.259499999999999886e+02
4.259499999999999886e+02
4.259499999999999886e+02
4.259499999999999886e+02
4.259499999999999886e+02
4.259499999999999886e+02
4.259499999999999886e+02
4.259499999999999886e+02
4.259499999999999886e+02
4.259499999999999886e+02
4.259499999999999886e+02
4.259499999999999886e+02
4.259499999999999886e+02
4.259499999999999886e+02
4.259499999999999886e+02
4.259499999999999886e+02
4.259499999999999886e+02
4.259499999999999886e+02
4.259499999999999886e+02
4.259499999999999886e+02
4.259499999999999886e+02
4.259499999999999886e+02
4.259499999999999886e+02
4.259499999999999886e+02
4.259499999999999886e+02
4.259499999999999886e+02
4.259499999999999886e+02
4.259499999999999886e+02
4.259499999999999886e+02
4.495500000000000114e+02
4.351999999999999886e+02
4.351999999999999886e+02
4.308600000000000136e+02
4.308600000000000136e+02
4.308600000000000136e+02
4.308600000000000136e+02
4.308600000000000136e+02
4.308600000000000136e+02
4.277400000000000091e+02
4.277400000000000091e+02
4.277400000000000091e+02
4.277400000000000091e+02
4.277400000000000091e+02
4.277400000000000091e+02
4.277400000000000091e+02
4.277400000000000091e+02
4.277400000000000091e+02
4.277400000000000091e+02
4.277400000000000091e+02
4.277400000000000091e+02
4.277400000000000091e+02
4.277400000000000091e+02
4.277400000000000091e+02
4.277400000000000091e+02
4.277400000000000091e+02
4.277400000000000091e+02
4.277400000000000091e+02
4.277400000000000091e+02
4.277400000000000091e+02
4.277400000000000091e+02
4.277400000000000091e+02
4.277400000000000091e+02
4.277400000000000091e+02
4.277400000000000091e+02
4.277400000000000091e+02
4.277400000000000091e+02
4.277400000000000091e+02
4.277400000000000091e+02
4.277400000000000091e+02
4.277400000000000091e+02
4.277400000000000091e+02
4.277400000000000091e+02
4.277400000000000091e+02
4.277400000000000091e+02
4.246499999999999773e+02
4.246499999999999773e+02
4.246499999999999773e+02
4.246499999999999773e+02
4.246499999999999773e+02
4.246499999999999773e+02
4.246499999999999773e+02
4.246499999999999773e+02
4.246499999999999773e+02
4.246499999999999773e+02
4.246499999999999773e+02
4.246499999999999773e+02
4.246499999999999773e+02
4.246499999999999773e+02
4.288199999999999932e+02
4.288199999999999932e+02
4.288199999999999932e+02
4.288199999999999932e+02
4.288199999999999932e+02
4.288199999999999932e+02
4.288199999999999932e+02
4.288199999999999932e+02
4.288199999999999932e+02
4.288199999999999932e+02
4.263299999999999841e+02
4.263299999999999841e+02
4.263299999999999841e+02
4.263299999999999841e+02
4.263299999999999841e+02
4.263299999999999841e+02
4.263299999999999841e+02
4.263299999999999841e+02
4.263299999999999841e+02
4.263299999999999841e+02
4.263299999999999841e+02
4.263299999999999841e+02
4.263299999999999841e+02
4.263299999999999841e+02
4.263299999999999841e+02
4.236200000000000045e+02
4.236200000000000045e+02
4.236200000000000045e+02
4.236200000000000045e+02
4.236200000000000045e+02
4.236200000000000045e+02
4.236200000000000045e+02
4.236200000000000045e+02
4.236200000000000045e+02
4.236200000000000045e+02
4.236200000000000045e+02
4.236200000000000045e+02
4.236200000000000045e+02
4.236200000000000045e+02
4.236200000000000045e+02
4.236200000000000045e+02
4.236200000000000045e+02
4.236200000000000045e+02
4.236200000000000045e+02
4.236200000000000045e+02
4.236200000000000045e+02
4.236200000000000045e+02
4.236200000000000045e+02
4.236200000000000045e+02
4.236200000000000045e+02
4.236200000000000045e+02
4.236200000000000045e+02
4.236200000000000045e+02
4.236200000000000045e+02
4.236200000000000045e+02
4.236200000000000045e+02
4.236200000000000045e+02
4.232400000000000091e+02
4.232400000000000091e+02
4.232400000000000091e+02
4.232400000000000091e+02
4.232400000000000091e+02
4.232400000000000091e+02
4.232400000000000091e+02
4.232400000000000091e+02
4.232400000000000091e+02
4.232400000000000091e+02
4.232400000000000091e+02
4.232400000000000091e+02
4.232400000000000091e+02
4.232400000000000091e+02
4.232400000000000091e+02
4.232400000000000091e+02
4.232400000000000091e+02
4.232400000000000091e+02
4.232400000000000091e+02
4.232400000000000091e+02
4.232400000000000091e+02
4.232400000000000091e+02
4.232400000000000091e+02
4.232400000000000091e+02
4.232400000000000091e+02
4.232400000000000091e+02
4.232400000000000091e+02
4.232400000000000091e+02
4.232400000000000091e+02
4.232400000000000091e+02
4.232400000000000091e+02
4.232400000000000091e+02
4.232400000000000091e+02
4.232400000000000091e+02
4.232400000000000091e+02
4.232400000000000091e+02
4.232400000000000091e+02
4.232400000000000091e+02
4.232400000000000091e+02
4.232400000000000091e+02
4.232400000000000091e+02
4.232400000000000091e+02
4.232400000000000091e+02
4.232400000000000091e+02
4.232400000000000091e+02
4.232400000000000091e+02
4.232400000000000091e+02
4.232400000000000091e+02
4.232400000000000091e+02
4.244100000000000250e+02
4.244100000000000250e+02
4.244100000000000250e+02
4.244100000000000250e+02
4.244100000000000250e+02
4.244100000000000250e+02
4.244100000000000250e+02
4.244100000000000250e+02
4.244100000000000250e+02
4.244100000000000250e+02
4.244100000000000250e+02
4.244100000000000250e+02
4.244100000000000250e+02
4.244100000000000250e+02
4.244100000000000250e+02
4.244100000000000250e+02
4.244100000000000250e+02
4.244100000000000250e+02
4.244100000000000250e+02
4.244100000000000250e+02
4.244100000000000250e+02
4.244100000000000250e+02
4.244100000000000250e+02
4.244100000000000250e+02
4.244100000000000250e+02
4.244100000000000250e+02
4.244100000000000250e+02
4.244100000000000250e+02
4.244100000000000250e+02
4.244100000000000250e+02
4.244100000000000250e+02
4.244100000000000250e+02
4.266899999999999977e+02
4.266899999999999977e+02
4.266899999999999977e+02
4.266899999999999977e+02
4.266899999999999977e+02
4.266899999999999977e+02
4.266899999999999977e+02
4.266899999999999977e+02
4.266899999999999977e+02
4.266899999999999977e+02
4.266899999999999977e+02
4.266899999999999977e+02
4.266899999999999977e+02
4.266899999999999977e+02
4.266899999999999977e+02
4.266899999999999977e+02
4.266899999999999977e+02
4.266899999999999977e+02
4.266899999999999977e+02
4.266899999999999977e+02
4.266899999999999977e+02
4.266899999999999977e+02
4.266899999999999977e+02
4.266899999999999977e+02
4.266899999999999977e+02
4.266899999999999977e+02
4.266899999999999977e+02
4.266899999999999977e+02
4.266899999999999977e+02
4.266899999999999977e+02
4.266899999999999977e+02
4.266899999999999977e+02
4.266899999999999977e+02
4.266899999999999977e+02
4.266899999999999977e+02
4.266899999999999977e+02
4.266899999999999977e+02
4.266899999999999977e+02
4.266899999999999977e+02
4.266899999999999977e+02
4.266899999999999977e+02
4.266899999999999977e+02
4.266899999999999977e+02
4.266899999999999977e+02
4.266899999999999977e+02
4.266899999999999977e+02
