9.535977830239332487e-02
3.214986859235023364e-01
4.162802909361912329e-01
2.160784637498187055e-01
1.415256256348273431e-06
2.638040284376253486e-01
5.624664042309489576e-01
1.442763246681686429e-01
9.547711153390045849e-03
1.536253246954589861e-02
3.288428137706531640e-01
7.370636311284575193e+00
7.086739167939350409e+03
4.457706202648604510e+00
4.333518788397548727e-02
1.711409628514166670e+01
1.845402154376204962e+01
1.954273505717772252e+01
1.753904577786211405e+01
1.849589041218856522e+01
2.220894084844711713e+01
1.268756980023137082e+01
1.522724642879633628e+01
1.637655315894481234e+01
1.766551468435436689e+01
2.367119007347591975e+01
1.851684383762038166e+01
2.267651706374655163e+01
1.834885055382753549e+01
2.115224424314018137e+01
2.540243917289566511e+01
2.156664293433412638e+01
2.314504892396922031e+01
1.509298024078997535e+01
1.305407013239595315e+01
1.784770315189465606e+01
2.147548009162116500e+01
2.072831645622535390e+01
2.269916099512425944e+01
1.958575111034753036e+01
1.939284229807291382e+01
1.457792761789900027e+01
1.842393624589558598e+01
1.803156544252184190e+01
1.811254444513496864e+01
2.245961514870281661e+01
2.183869649864830009e+01
1.172179447924759543e+01
1.853926079948905681e+01
1.979559228848073005e+01
1.811675346120874863e+01
2.326594892271400639e+01
2.426172439397999980e+01
2.398247503420366300e+01
1.837598840672056255e+01
2.282391368437329149e+01
1.909165526640164501e+01
1.407847594677786240e+01
2.202114720224251343e+01
2.098828821072113371e+01
1.547370593813495532e+01
2.634850090421894464e+01
1.703080606632066818e+01
2.652567581092664639e+01
1.954325783462372002e+01
2.368657657688431684e+01
1.865589103813773875e+01
2.227840195713531557e+01
2.400480935637948576e+01
1.256037193071084346e+01
1.897041708227521895e+01
2.186160214216592479e+01
1.682935124367269353e+01
1.982314177458625437e+01
2.164864341318859786e+01
2.014705970518991407e+01
1.508883400227455951e+01
1.576721155564016996e+01
1.795470581083703010e+01
2.086928773768238798e+01
1.529160884260992326e+01
1.898181325937321873e+01
2.526956943873592465e+01
2.297470006143841559e+01
2.010796714446610522e+01
2.378133350469161655e+01
2.220595653831968974e+01
2.224170428140728006e+01
2.113798807165873939e+01
2.351497151086576665e+01
1.957413537758212740e+01
1.268754677281730281e+01
2.155864282395866738e+01
2.212512091032493800e+01
1.700810959259398913e+01
2.099745018696958354e+01
2.070135080905705394e+01
1.855869291017614842e+01
1.742834820060737044e+01
2.083046188308563984e+01
2.020442587821565539e+01
1.780387347206861293e+01
1.705772739069618993e+01
2.069714026748621549e+01
1.474422610198102745e+01
1.658983748519655421e+01
2.187927730186921949e+01
1.888619971825077926e+01
2.120213546777517166e+01
1.736414653790707519e+01
2.079193562354357994e+01
1.956702742476453594e+01
2.209622488167994447e+01
2.079002717998418603e+01
1.752357065891215271e+01
2.513958792781541263e+01
1.699542599261257791e+01
1.751053853955034256e+01
2.215057902762177733e+01
2.145468787519207865e+01
1.938950004382243009e+01
1.690927885827469268e+01
2.178914519743067402e+01
1.783644997719265035e+01
2.488706592928880568e+01
1.688001040273054798e+01
1.825609966332243417e+01
1.628477888097791393e+01
1.674471002736511593e+01
2.218434587181295825e+01
2.318725265120279033e+01
1.496369388471108053e+01
1.989853749487415158e+01
2.137831818455550348e+01
1.720392407098644583e+01
1.857087799586523857e+01
1.944047652510064239e+01
2.091125746329860391e+01
1.511142725990031010e+01
1.756753219480035000e+01
2.597314483528014861e+01
1.898065595363825508e+01
2.035276167826889093e+01
1.916032848796665533e+01
2.233491137833083329e+01
2.420377577699277793e+01
1.955562850102330330e+01
2.527187765103815309e+01
1.840146533978025545e+01
2.099206313657828105e+01
1.847393535591534786e+01
2.317372440425528168e+01
2.577143280982586759e+01
2.167640918141777462e+01
2.333200493047162638e+01
2.149595040742320862e+01
2.185922599737429550e+01
1.952776320023574641e+01
1.796588327925899620e+01
1.397747036356665262e+01
1.951340261751499128e+01
2.142884948009830381e+01
2.429485351766863843e+01
1.570251165187092290e+01
1.476732802531753919e+01
1.417357409814464475e+01
1.580543159901157146e+01
2.223253849044247232e+01
2.076784727387746798e+01
1.646311912463574956e+01
1.265091213434135042e+01
2.006692721317756067e+01
2.459628242643271889e+01
1.882034320591273158e+01
2.008247118193084191e+01
2.218842873968797846e+01
2.262665658398820412e+01
2.076949193764072277e+01
2.134631864102474808e+01
2.209575627233268946e+01
2.086349952963820087e+01
2.635712393398545217e+01
2.148082323843977193e+01
1.767566727836351248e+01
2.064174613665492330e+01
2.384961135720417857e+01
2.215174818024988213e+01
2.528591333954695841e+01
2.105964100096615610e+01
1.729191771544152445e+01
2.184827047740845885e+01
2.708493293676981750e+01
2.000790041044594503e+01
2.009158859401009067e+01
1.928673244529656117e+01
1.367838802677402299e+01
1.405693109693704912e+01
1.957594369343216556e+01
1.963979350451004535e+01
2.012110506727285397e+01
1.627178579040320727e+01
2.240952881766797589e+01
1.926515608492171694e+01
2.506937351639677303e+01
1.923980958770752281e+01
1.513419958671734378e+01
1.983210333020339178e+01
1.311799711571334370e+01
1.644718979562508210e+01
1.663488923457012447e+01
1.427409844836113706e+01
2.043595343266249742e+01
1.466135760092157803e+01
2.294868078381626475e+01
2.290799969449211915e+01
2.236812315595102518e+01
1.710760314006798311e+01
1.564667012138956181e+01
1.165190059416400992e+01
1.815991195241425871e+01
2.284835701863719848e+01
2.371757140747996573e+01
1.707697054981350249e+01
2.564966790480726999e+01
1.596375744946109343e+01
2.015791764204593761e+01
2.014493159946740164e+01
1.983103392831771217e+01
1.793825728916256779e+01
1.971102733069065138e+01
2.270099744888385729e+01
1.548959614823830755e+01
1.943967620655952899e+01
1.964194699911489650e+01
1.908528236997028316e+01
2.136359006265738358e+01
2.212783299625155564e+01
1.912875586038523323e+01
2.863058867188207657e+01
2.328317308049023282e+01
2.281636513310889924e+01
2.176462492671242543e+01
2.185298559106626115e+01
2.214414764789138701e+01
2.171922859646041104e+01
1.569641232698694289e+01
2.005154992386623292e+01
1.502501015405840157e+01
1.875700064507014631e+01
2.416888024628073595e+01
2.267021922980693560e+01
2.612433726194005956e+01
2.542876282285558531e+01
1.938947264647428881e+01
1.772955244069353853e+01
2.028512281124478633e+01
1.710556999067700801e+01
1.433439809804628240e+01
1.974105369424486156e+01
1.886253760976313032e+01
1.926411277284191215e+01
2.119269118270864638e+01
1.997232283692955335e+01
1.865625289675521259e+01
1.981667734499344036e+01
1.805756685188261557e+01
1.693066343069448010e+01
1.227037153982407425e+01
1.993574299946612527e+01
2.162345692642644579e+01
2.166164183894059647e+01
2.456921574488019999e+01
1.894686939961053795e+01
1.984936997831277949e+01
1.441693334253214509e+01
2.245431082382189913e+01
1.393908374016687546e+01
1.108898105237118337e+01
1.686655121484037423e+01
2.146145320534600032e+01
1.955160461598236310e+01
1.632480007653889231e+01
2.037855799203857643e+01
1.439155136187234518e+01
1.836762983444810970e+01
1.572971609973109963e+01
1.887059135437659307e+01
8.307027550208186284e+00
1.854584773494197947e+01
1.620652784503293731e+01
1.763188716398108369e+01
1.480371562345878900e+01
1.888834777049006064e+01
2.070940152735387585e+01
2.037518098161407565e+01
1.077344492533764075e+01
2.027445591405842151e+01
1.406836069613145668e+01
1.278432956677620425e+01
1.542166921153880388e+01
2.324481134196212295e+01
2.033971821283578052e+01
2.264967376846195535e+01
1.527801724687730811e+01
2.007902730624941512e+01
1.297147802099710567e+01
2.010432627749523604e+01
1.929899398832654711e+01
2.030323511513487844e+01
2.244489106469990602e+01
2.194018246859492649e+01
1.713760392801410504e+01
1.419015925086353747e+01
2.094254496721993064e+01
1.653800258843590143e+01
2.105740371417385148e+01
2.001207708356736958e+01
2.122539237650254051e+01
2.222441477897331197e+01
1.490549935884664201e+01
1.521224845128363157e+01
1.777783513133614335e+01
2.146277294643885369e+01
1.460581399879632514e+01
2.549243325318141018e+01
1.708872058294317142e+01
1.844247864763598344e+01
2.141430334802355517e+01
2.205934301342412240e+01
1.983878799584632802e+01
2.064445798706898216e+01
1.299110982232120115e+01
1.713842649334022994e+01
2.080672777253797889e+01
1.854547468671314903e+01
2.282515605438575435e+01
1.760337891590609871e+01
1.502332143899733197e+01
1.396425445453380121e+01
2.243356619856252365e+01
2.515475216869968733e+01
1.996175456876012788e+01
2.477832507904826898e+01
2.114394033247660687e+01
1.369038771293891976e+01
1.405564787254845527e+01
1.865145879104580828e+01
2.079968027603021596e+01
2.265425127830641827e+01
2.005733342004107911e+01
1.888200910199952176e+01
2.002997838376250428e+01
2.150112323264889369e+01
2.183525679315035717e+01
1.649112982291328677e+01
1.313004546608124201e+01
2.073564374800806931e+01
1.972635762976196006e+01
2.111726314864043630e+01
2.457776248275625264e+01
1.965388305137284775e+01
1.293931639614670814e+01
1.746502880524809598e+01
1.149013427696370293e+01
2.125533950798490679e+01
2.071911108690929382e+01
1.929453994408000739e+01
1.988248626418769760e+01
1.796155252511192302e+01
1.727112066843320193e+01
1.641627668895206682e+01
1.855278400099236791e+01
1.970061081339335729e+01
2.039662718153569898e+01
1.557537217036274058e+01
1.937902107738394264e+01
2.814970924056560975e+01
1.550549760544668487e+01
1.191635548059101524e+01
1.641189625408915731e+01
1.900734095298941995e+01
1.822365656825850166e+01
1.350328564599630354e+01
2.327848991932289380e+01
2.057822418514811602e+01
1.601010270704588834e+01
1.931002287384671945e+01
2.182837111055712143e+01
2.201794966351972249e+01
2.211125610164569011e+01
1.858929020285993161e+01
2.372702565887815851e+01
2.230007977955700582e+01
2.206253430108018065e+01
1.891572514544090922e+01
1.754492296854088451e+01
1.757500374164017742e+01
2.098045859560739146e+01
1.885650253348753935e+01
2.585994764359690024e+01
1.706296864717971218e+01
1.577278940302137400e+01
2.306820110870401663e+01
2.154669389903769527e+01
1.940327085180896205e+01
2.541996308283646044e+01
1.722995377211221069e+01
2.378031927143763369e+01
2.148288521213951086e+01
2.139099839319669982e+01
1.964323200867818997e+01
1.944402306665902103e+01
2.781086860301140717e+01
1.796826139334203987e+01
1.841331320670638050e+01
