0.00 0.00 -9947.46 -9951.89 0.00 0.00
1.00 0.00 -9947.46 -9956.23 0.00 0.00
2.00 0.00 -9947.46 -9952.45 0.00 0.00
3.00 0.00 -9947.46 -9953.31 0.00 0.00
4.00 0.00 -9947.46 -9962.27 0.00 0.00
5.00 0.00 -9947.46 -9955.26 0.00 0.00
6.00 0.00 -9947.46 -9948.19 0.00 0.00
7.00 0.00 -9947.46 -9955.09 0.00 0.00
8.00 0.00 -9947.46 -9956.82 0.00 0.00
9.00 0.00 -9947.46 -9950.04 0.00 0.00
10.00 0.00 -9947.46 -9952.53 0.00 0.00
11.00 0.00 -9947.46 -9949.76 0.00 0.00
12.00 0.00 -9947.46 -9952.68 0.00 0.00
13.00 0.00 -9947.46 -9958.20 0.00 0.00
14.00 0.00 -9947.46 -9953.35 0.00 0.00
15.00 0.00 -9947.46 -9954.06 0.00 0.00
16.00 0.00 -9947.46 -9954.09 0.00 0.00
17.00 0.00 -9947.46 -9951.31 0.00 0.00
18.00 0.00 -9947.46 -9950.69 0.00 0.00
19.00 1.00 -9942.94 -9942.94 0.00 0.00
20.00 1.00 -9942.94 -9951.64 0.00 0.00
21.00 1.00 -9942.94 -9950.25 0.00 0.00
22.00 2.00 -9943.01 -9943.01 0.00 0.00
23.00 2.00 -9943.01 -9953.35 0.00 0.00
24.00 2.00 -9943.01 -9950.98 0.00 0.00
25.00 2.00 -9943.01 -9955.25 0.00 0.00
26.00 2.00 -9943.01 -9952.88 0.00 0.00
27.00 3.00 -9942.76 -9942.76 0.00 0.00
28.00 3.00 -9942.76 -9951.10 0.00 0.00
29.00 3.00 -9942.76 -9950.52 0.00 0.00
30.00 3.00 -9942.76 -9952.29 0.00 0.00
31.00 3.00 -9942.76 -9952.12 0.00 0.00
