0.00 0.00 -15076.77 -15086.07 0.00 0.00
1.00 0.00 -15076.77 -15083.46 0.00 0.00
2.00 0.00 -15076.77 -15082.35 0.00 0.00
3.00 0.00 -15076.77 -15083.89 0.00 0.00
4.00 0.00 -15076.77 -15083.54 0.00 0.00
5.00 0.00 -15076.77 -15081.72 0.00 0.00
6.00 0.00 -15076.77 -15081.10 0.00 0.00
7.00 1.00 -15077.46 -15077.46 0.00 0.00
8.00 1.00 -15077.46 -15085.11 0.00 0.00
9.00 1.00 -15077.46 -15081.35 0.00 0.00
10.00 1.00 -15077.46 -15095.27 0.00 0.00
11.00 2.00 -15075.84 -15075.84 0.00 0.00
12.00 2.00 -15075.84 -15076.11 0.00 0.00
13.00 2.00 -15075.84 -15082.32 0.00 0.00
14.00 2.00 -15075.84 -15088.65 0.00 0.00
15.00 3.00 -15075.83 -15075.83 0.00 0.00
16.00 3.00 -15075.83 -15082.70 0.00 0.00
17.00 3.00 -15075.83 -15080.93 0.00 0.00
18.00 3.00 -15075.83 -15085.66 0.00 0.00
19.00 3.00 -15075.83 -15081.35 0.00 0.00
20.00 4.00 -15077.50 -15077.50 0.00 0.00
21.00 5.00 -15078.91 -15078.91 0.00 0.00
22.00 6.00 -15075.16 -15075.16 0.00 0.00
23.00 6.00 -15075.16 -15078.57 0.00 0.00
24.00 7.00 -15073.93 -15073.93 0.00 0.00
25.00 7.00 -15073.93 -15081.72 0.00 0.00
26.00 7.00 -15073.93 -15082.75 0.00 0.00
27.00 7.00 -15073.93 -15081.36 0.00 0.00
28.00 7.00 -15073.93 -15090.21 0.00 0.00
29.00 7.00 -15073.93 -15083.91 0.00 0.00
30.00 7.00 -15073.93 -15078.65 0.00 0.00
31.00 7.00 -15073.93 -15075.73 0.00 0.00
