0.00 0.00 -13122.92 -13130.59 0.00 0.00
1.00 0.00 -13122.92 -13126.26 0.00 0.00
2.00 1.00 -13121.95 -13121.95 0.00 0.00
3.00 1.00 -13121.95 -13134.57 0.00 0.00
4.00 1.00 -13121.95 -13133.48 0.00 0.00
5.00 1.00 -13121.95 -13130.77 0.00 0.00
6.00 1.00 -13121.95 -13135.60 0.00 0.00
7.00 1.00 -13121.95 -13127.54 0.00 0.00
8.00 1.00 -13121.95 -13126.22 0.00 0.00
9.00 1.00 -13121.95 -13129.26 0.00 0.00
10.00 1.00 -13121.95 -13136.81 0.00 0.00
11.00 1.00 -13121.95 -13123.92 0.00 0.00
12.00 1.00 -13121.95 -13125.04 0.00 0.00
13.00 2.00 -13122.68 -13122.68 0.00 0.00
14.00 2.00 -13122.68 -13137.04 0.00 0.00
15.00 2.00 -13122.68 -13129.80 0.00 0.00
16.00 2.00 -13122.68 -13126.46 0.00 0.00
17.00 2.00 -13122.68 -13132.19 0.00 0.00
18.00 2.00 -13122.68 -13130.41 0.00 0.00
19.00 2.00 -13122.68 -13132.99 0.00 0.00
20.00 2.00 -13122.68 -13125.16 0.00 0.00
21.00 2.00 -13122.68 -13127.63 0.00 0.00
22.00 2.00 -13122.68 -13127.22 0.00 0.00
23.00 2.00 -13122.68 -13125.63 0.00 0.00
24.00 2.00 -13122.68 -13125.24 0.00 0.00
25.00 3.00 -13119.83 -13119.83 0.00 0.00
26.00 3.00 -13119.83 -13129.95 0.00 0.00
27.00 3.00 -13119.83 -13123.86 0.00 0.00
28.00 3.00 -13119.83 -13132.43 0.00 0.00
29.00 3.00 -13119.83 -13127.64 0.00 0.00
30.00 3.00 -13119.83 -13130.17 0.00 0.00
31.00 3.00 -13119.83 -13132.85 0.00 0.00
