0.00 0.00 -11422.71 -11431.64 0.00 0.00
1.00 0.00 -11422.71 -11434.04 0.00 0.00
2.00 1.00 -11424.25 -11424.25 0.00 0.00
3.00 1.00 -11424.25 -11434.15 0.00 0.00
4.00 1.00 -11424.25 -11432.06 0.00 0.00
5.00 1.00 -11424.25 -11427.04 0.00 0.00
6.00 1.00 -11424.25 -11434.63 0.00 0.00
7.00 1.00 -11424.25 -11428.30 0.00 0.00
8.00 1.00 -11424.25 -11430.66 0.00 0.00
9.00 1.00 -11424.25 -11435.52 0.00 0.00
10.00 2.00 -11425.22 -11425.22 0.00 0.00
11.00 3.00 -11424.42 -11424.42 0.00 0.00
12.00 3.00 -11424.42 -11426.38 0.00 0.00
13.00 3.00 -11424.42 -11431.59 0.00 0.00
14.00 3.00 -11424.42 -11430.01 0.00 0.00
15.00 3.00 -11424.42 -11429.76 0.00 0.00
16.00 3.00 -11424.42 -11424.64 0.00 0.00
17.00 3.00 -11424.42 -11428.61 0.00 0.00
18.00 3.00 -11424.42 -11429.69 0.00 0.00
19.00 3.00 -11424.42 -11434.20 0.00 0.00
20.00 3.00 -11424.42 -11426.83 0.00 0.00
21.00 4.00 -11424.31 -11424.31 0.00 0.00
22.00 4.00 -11424.31 -11429.67 0.00 0.00
23.00 4.00 -11424.31 -11429.15 0.00 0.00
24.00 5.00 -11424.57 -11424.57 0.00 0.00
25.00 5.00 -11424.57 -11437.70 0.00 0.00
26.00 6.00 -11427.61 -11427.61 0.00 0.00
27.00 6.00 -11427.61 -11435.96 0.00 0.00
28.00 6.00 -11427.61 -11434.11 0.00 0.00
29.00 6.00 -11427.61 -11431.15 0.00 0.00
30.00 6.00 -11427.61 -11436.33 0.00 0.00
31.00 6.00 -11427.61 -11431.68 0.00 0.00
