0.00 1.00 -8655.09 -8655.09 0.00 0.00
1.00 1.00 -8655.09 -8656.74 0.00 0.00
2.00 1.00 -8655.09 -8667.87 0.00 0.00
3.00 1.00 -8655.09 -8661.58 0.00 0.00
4.00 1.00 -8655.09 -8664.72 0.00 0.00
5.00 1.00 -8655.09 -8666.98 0.00 0.00
6.00 1.00 -8655.09 -8658.36 0.00 0.00
7.00 1.00 -8655.09 -8663.99 0.00 0.00
8.00 1.00 -8655.09 -8662.20 0.00 0.00
9.00 1.00 -8655.09 -8658.05 0.00 0.00
10.00 1.00 -8655.09 -8660.09 0.00 0.00
11.00 1.00 -8655.09 -8664.44 0.00 0.00
12.00 1.00 -8655.09 -8660.30 0.00 0.00
13.00 1.00 -8655.09 -8660.62 0.00 0.00
14.00 1.00 -8655.09 -8657.72 0.00 0.00
15.00 1.00 -8655.09 -8658.32 0.00 0.00
16.00 1.00 -8655.09 -8666.99 0.00 0.00
17.00 1.00 -8655.09 -8657.45 0.00 0.00
18.00 1.00 -8655.09 -8657.50 0.00 0.00
19.00 1.00 -8655.09 -8658.56 0.00 0.00
20.00 1.00 -8655.09 -8657.68 0.00 0.00
21.00 1.00 -8655.09 -8661.21 0.00 0.00
22.00 1.00 -8655.09 -8657.15 0.00 0.00
23.00 1.00 -8655.09 -8664.61 0.00 0.00
24.00 1.00 -8655.09 -8661.15 0.00 0.00
25.00 1.00 -8655.09 -8663.90 0.00 0.00
26.00 1.00 -8655.09 -8664.98 0.00 0.00
27.00 1.00 -8655.09 -8666.95 0.00 0.00
28.00 1.00 -8655.09 -8657.88 0.00 0.00
29.00 1.00 -8655.09 -8661.46 0.00 0.00
30.00 1.00 -8655.09 -8669.80 0.00 0.00
31.00 1.00 -8655.09 -8664.43 0.00 0.00
