0.00 0.00 -7536.12 -7539.90 0.00 0.00
1.00 0.00 -7536.12 -7541.64 0.00 0.00
2.00 0.00 -7536.12 -7539.31 0.00 0.00
3.00 0.00 -7536.12 -7542.88 0.00 0.00
4.00 0.00 -7536.12 -7544.27 0.00 0.00
5.00 0.00 -7536.12 -7541.71 0.00 0.00
6.00 1.00 -7536.57 -7536.57 0.00 0.00
7.00 1.00 -7536.57 -7544.84 0.00 0.00
8.00 1.00 -7536.57 -7539.44 0.00 0.00
9.00 2.00 -7536.65 -7536.65 0.00 0.00
10.00 2.00 -7536.65 -7541.45 0.00 0.00
11.00 2.00 -7536.65 -7540.19 0.00 0.00
12.00 2.00 -7536.65 -7543.83 0.00 0.00
13.00 2.00 -7536.65 -7540.50 0.00 0.00
14.00 2.00 -7536.65 -7540.25 0.00 0.00
15.00 3.00 -7536.21 -7536.21 0.00 0.00
16.00 3.00 -7536.21 -7539.54 0.00 0.00
17.00 3.00 -7536.21 -7547.25 0.00 0.00
18.00 3.00 -7536.21 -7540.08 0.00 0.00
19.00 3.00 -7536.21 -7546.48 0.00 0.00
20.00 3.00 -7536.21 -7541.97 0.00 0.00
21.00 4.00 -7535.21 -7535.21 0.00 0.00
22.00 4.00 -7535.21 -7542.45 0.00 0.00
23.00 4.00 -7535.21 -7538.36 0.00 0.00
24.00 4.00 -7535.21 -7542.69 0.00 0.00
25.00 4.00 -7535.21 -7540.97 0.00 0.00
26.00 4.00 -7535.21 -7541.13 0.00 0.00
27.00 4.00 -7535.21 -7537.66 0.00 0.00
28.00 5.00 -7537.03 -7537.03 0.00 0.00
29.00 5.00 -7537.03 -7538.37 0.00 0.00
30.00 5.00 -7537.03 -7543.14 0.00 0.00
31.00 5.00 -7537.03 -7541.84 0.00 0.00
