[0.000e+00 9.000e-01 1.092e+00 1.500e+00 1.000e-06 5.000e-01 1.000e+00
 5.000e-03 1.000e-03 1.000e-03 5.000e-01 5.000e+00 2.400e+04 5.000e+00
 1.000e-02]	2919.8194653728783
[4.000e-02 9.000e-01 1.092e+00 1.500e+00 1.000e-06 5.000e-01 1.000e+00
 5.000e-03 1.000e-03 1.000e-03 5.000e-01 5.000e+00 2.400e+04 5.000e+00
 1.000e-02]	2952.876841252742
[8.000e-02 9.000e-01 1.092e+00 1.500e+00 1.000e-06 5.000e-01 1.000e+00
 5.000e-03 1.000e-03 1.000e-03 5.000e-01 5.000e+00 2.400e+04 5.000e+00
 1.000e-02]	2937.964972579643
[1.200e-01 9.000e-01 1.092e+00 1.500e+00 1.000e-06 5.000e-01 1.000e+00
 5.000e-03 1.000e-03 1.000e-03 5.000e-01 5.000e+00 2.400e+04 5.000e+00
 1.000e-02]	2954.6512896448808
[1.600e-01 9.000e-01 1.092e+00 1.500e+00 1.000e-06 5.000e-01 1.000e+00
 5.000e-03 1.000e-03 1.000e-03 5.000e-01 5.000e+00 2.400e+04 5.000e+00
 1.000e-02]	2944.3394801952168
[2.000e-01 9.000e-01 1.092e+00 1.500e+00 1.000e-06 5.000e-01 1.000e+00
 5.000e-03 1.000e-03 1.000e-03 5.000e-01 5.000e+00 2.400e+04 5.000e+00
 1.000e-02]	2936.28501005056
[2.400e-01 9.000e-01 1.092e+00 1.500e+00 1.000e-06 5.000e-01 1.000e+00
 5.000e-03 1.000e-03 1.000e-03 5.000e-01 5.000e+00 2.400e+04 5.000e+00
 1.000e-02]	2944.4053342104135
[2.800e-01 9.000e-01 1.092e+00 1.500e+00 1.000e-06 5.000e-01 1.000e+00
 5.000e-03 1.000e-03 1.000e-03 5.000e-01 5.000e+00 2.400e+04 5.000e+00
 1.000e-02]	2942.441219346158
[3.200e-01 9.000e-01 1.092e+00 1.500e+00 1.000e-06 5.000e-01 1.000e+00
 5.000e-03 1.000e-03 1.000e-03 5.000e-01 5.000e+00 2.400e+04 5.000e+00
 1.000e-02]	2943.0320760989603
[3.600e-01 9.000e-01 1.092e+00 1.500e+00 1.000e-06 5.000e-01 1.000e+00
 5.000e-03 1.000e-03 1.000e-03 5.000e-01 5.000e+00 2.400e+04 5.000e+00
 1.000e-02]	2941.697207156675
[4.000e-01 9.000e-01 1.092e+00 1.500e+00 1.000e-06 5.000e-01 1.000e+00
 5.000e-03 1.000e-03 1.000e-03 5.000e-01 5.000e+00 2.400e+04 5.000e+00
 1.000e-02]	2935.184881869463
[4.400e-01 9.000e-01 1.092e+00 1.500e+00 1.000e-06 5.000e-01 1.000e+00
 5.000e-03 1.000e-03 1.000e-03 5.000e-01 5.000e+00 2.400e+04 5.000e+00
 1.000e-02]	2934.6576291736897
[4.800e-01 9.000e-01 1.092e+00 1.500e+00 1.000e-06 5.000e-01 1.000e+00
 5.000e-03 1.000e-03 1.000e-03 5.000e-01 5.000e+00 2.400e+04 5.000e+00
 1.000e-02]	2944.3394801952168
[5.200e-01 9.000e-01 1.092e+00 1.500e+00 1.000e-06 5.000e-01 1.000e+00
 5.000e-03 1.000e-03 1.000e-03 5.000e-01 5.000e+00 2.400e+04 5.000e+00
 1.000e-02]	2935.2461199096288
[5.600e-01 9.000e-01 1.092e+00 1.500e+00 1.000e-06 5.000e-01 1.000e+00
 5.000e-03 1.000e-03 1.000e-03 5.000e-01 5.000e+00 2.400e+04 5.000e+00
 1.000e-02]	2933.8616176871265
[6.000e-01 9.000e-01 1.092e+00 1.500e+00 1.000e-06 5.000e-01 1.000e+00
 5.000e-03 1.000e-03 1.000e-03 5.000e-01 5.000e+00 2.400e+04 5.000e+00
 1.000e-02]	2935.7096009485786
[6.400e-01 9.000e-01 1.092e+00 1.500e+00 1.000e-06 5.000e-01 1.000e+00
 5.000e-03 1.000e-03 1.000e-03 5.000e-01 5.000e+00 2.400e+04 5.000e+00
 1.000e-02]	2925.9649292119702
[6.800e-01 9.000e-01 1.092e+00 1.500e+00 1.000e-06 5.000e-01 1.000e+00
 5.000e-03 1.000e-03 1.000e-03 5.000e-01 5.000e+00 2.400e+04 5.000e+00
 1.000e-02]	2922.711993337346
[7.200e-01 9.000e-01 1.092e+00 1.500e+00 1.000e-06 5.000e-01 1.000e+00
 5.000e-03 1.000e-03 1.000e-03 5.000e-01 5.000e+00 2.400e+04 5.000e+00
 1.000e-02]	2933.3910216048116
[7.600e-01 9.000e-01 1.092e+00 1.500e+00 1.000e-06 5.000e-01 1.000e+00
 5.000e-03 1.000e-03 1.000e-03 5.000e-01 5.000e+00 2.400e+04 5.000e+00
 1.000e-02]	2937.484597075463
[8.000e-01 9.000e-01 1.092e+00 1.500e+00 1.000e-06 5.000e-01 1.000e+00
 5.000e-03 1.000e-03 1.000e-03 5.000e-01 5.000e+00 2.400e+04 5.000e+00
 1.000e-02]	2935.1719453783057
[8.400e-01 9.000e-01 1.092e+00 1.500e+00 1.000e-06 5.000e-01 1.000e+00
 5.000e-03 1.000e-03 1.000e-03 5.000e-01 5.000e+00 2.400e+04 5.000e+00
 1.000e-02]	2925.4214782623135
[8.800e-01 9.000e-01 1.092e+00 1.500e+00 1.000e-06 5.000e-01 1.000e+00
 5.000e-03 1.000e-03 1.000e-03 5.000e-01 5.000e+00 2.400e+04 5.000e+00
 1.000e-02]	2940.4372644930713
[9.200e-01 9.000e-01 1.092e+00 1.500e+00 1.000e-06 5.000e-01 1.000e+00
 5.000e-03 1.000e-03 1.000e-03 5.000e-01 5.000e+00 2.400e+04 5.000e+00
 1.000e-02]	2922.279825285235
[9.600e-01 9.000e-01 1.092e+00 1.500e+00 1.000e-06 5.000e-01 1.000e+00
 5.000e-03 1.000e-03 1.000e-03 5.000e-01 5.000e+00 2.400e+04 5.000e+00
 1.000e-02]	2926.7471737317965
[1.000e+00 9.000e-01 1.092e+00 1.500e+00 1.000e-06 5.000e-01 1.000e+00
 5.000e-03 1.000e-03 1.000e-03 5.000e-01 5.000e+00 2.400e+04 5.000e+00
 1.000e-02]	2936.8849900514097
[1.040e+00 9.000e-01 1.092e+00 1.500e+00 1.000e-06 5.000e-01 1.000e+00
 5.000e-03 1.000e-03 1.000e-03 5.000e-01 5.000e+00 2.400e+04 5.000e+00
 1.000e-02]	2922.711993337346
[1.080e+00 9.000e-01 1.092e+00 1.500e+00 1.000e-06 5.000e-01 1.000e+00
 5.000e-03 1.000e-03 1.000e-03 5.000e-01 5.000e+00 2.400e+04 5.000e+00
 1.000e-02]	2935.184881869463
[1.120e+00 9.000e-01 1.092e+00 1.500e+00 1.000e-06 5.000e-01 1.000e+00
 5.000e-03 1.000e-03 1.000e-03 5.000e-01 5.000e+00 2.400e+04 5.000e+00
 1.000e-02]	2922.413332739144
[1.160e+00 9.000e-01 1.092e+00 1.500e+00 1.000e-06 5.000e-01 1.000e+00
 5.000e-03 1.000e-03 1.000e-03 5.000e-01 5.000e+00 2.400e+04 5.000e+00
 1.000e-02]	2933.422396889221
[1.200e+00 9.000e-01 1.092e+00 1.500e+00 1.000e-06 5.000e-01 1.000e+00
 5.000e-03 1.000e-03 1.000e-03 5.000e-01 5.000e+00 2.400e+04 5.000e+00
 1.000e-02]	2940.340822982645
[1.240e+00 9.000e-01 1.092e+00 1.500e+00 1.000e-06 5.000e-01 1.000e+00
 5.000e-03 1.000e-03 1.000e-03 5.000e-01 5.000e+00 2.400e+04 5.000e+00
 1.000e-02]	2915.4029692636523
[1.280e+00 9.000e-01 1.092e+00 1.500e+00 1.000e-06 5.000e-01 1.000e+00
 5.000e-03 1.000e-03 1.000e-03 5.000e-01 5.000e+00 2.400e+04 5.000e+00
 1.000e-02]	2924.9606003928016
[1.320e+00 9.000e-01 1.092e+00 1.500e+00 1.000e-06 5.000e-01 1.000e+00
 5.000e-03 1.000e-03 1.000e-03 5.000e-01 5.000e+00 2.400e+04 5.000e+00
 1.000e-02]	2936.9974160000565
[1.360e+00 9.000e-01 1.092e+00 1.500e+00 1.000e-06 5.000e-01 1.000e+00
 5.000e-03 1.000e-03 1.000e-03 5.000e-01 5.000e+00 2.400e+04 5.000e+00
 1.000e-02]	2933.8616176871265
[1.400e+00 9.000e-01 1.092e+00 1.500e+00 1.000e-06 5.000e-01 1.000e+00
 5.000e-03 1.000e-03 1.000e-03 5.000e-01 5.000e+00 2.400e+04 5.000e+00
 1.000e-02]	2935.047879443538
[1.440e+00 9.000e-01 1.092e+00 1.500e+00 1.000e-06 5.000e-01 1.000e+00
 5.000e-03 1.000e-03 1.000e-03 5.000e-01 5.000e+00 2.400e+04 5.000e+00
 1.000e-02]	2934.1346204179704
[1.480e+00 9.000e-01 1.092e+00 1.500e+00 1.000e-06 5.000e-01 1.000e+00
 5.000e-03 1.000e-03 1.000e-03 5.000e-01 5.000e+00 2.400e+04 5.000e+00
 1.000e-02]	2934.6576291736897
[1.520e+00 9.000e-01 1.092e+00 1.500e+00 1.000e-06 5.000e-01 1.000e+00
 5.000e-03 1.000e-03 1.000e-03 5.000e-01 5.000e+00 2.400e+04 5.000e+00
 1.000e-02]	2926.6212746652454
[1.560e+00 9.000e-01 1.092e+00 1.500e+00 1.000e-06 5.000e-01 1.000e+00
 5.000e-03 1.000e-03 1.000e-03 5.000e-01 5.000e+00 2.400e+04 5.000e+00
 1.000e-02]	2937.523585840036
[1.600e+00 9.000e-01 1.092e+00 1.500e+00 1.000e-06 5.000e-01 1.000e+00
 5.000e-03 1.000e-03 1.000e-03 5.000e-01 5.000e+00 2.400e+04 5.000e+00
 1.000e-02]	2915.4721252001705
[1.640e+00 9.000e-01 1.092e+00 1.500e+00 1.000e-06 5.000e-01 1.000e+00
 5.000e-03 1.000e-03 1.000e-03 5.000e-01 5.000e+00 2.400e+04 5.000e+00
 1.000e-02]	2936.4659986664624
[1.680e+00 9.000e-01 1.092e+00 1.500e+00 1.000e-06 5.000e-01 1.000e+00
 5.000e-03 1.000e-03 1.000e-03 5.000e-01 5.000e+00 2.400e+04 5.000e+00
 1.000e-02]	2943.1593203987145
[1.720e+00 9.000e-01 1.092e+00 1.500e+00 1.000e-06 5.000e-01 1.000e+00
 5.000e-03 1.000e-03 1.000e-03 5.000e-01 5.000e+00 2.400e+04 5.000e+00
 1.000e-02]	2952.901774025968
[1.760e+00 9.000e-01 1.092e+00 1.500e+00 1.000e-06 5.000e-01 1.000e+00
 5.000e-03 1.000e-03 1.000e-03 5.000e-01 5.000e+00 2.400e+04 5.000e+00
 1.000e-02]	2941.6162954035376
[1.800e+00 9.000e-01 1.092e+00 1.500e+00 1.000e-06 5.000e-01 1.000e+00
 5.000e-03 1.000e-03 1.000e-03 5.000e-01 5.000e+00 2.400e+04 5.000e+00
 1.000e-02]	2941.031916548258
[1.840e+00 9.000e-01 1.092e+00 1.500e+00 1.000e-06 5.000e-01 1.000e+00
 5.000e-03 1.000e-03 1.000e-03 5.000e-01 5.000e+00 2.400e+04 5.000e+00
 1.000e-02]	2954.6512891224365
[1.880e+00 9.000e-01 1.092e+00 1.500e+00 1.000e-06 5.000e-01 1.000e+00
 5.000e-03 1.000e-03 1.000e-03 5.000e-01 5.000e+00 2.400e+04 5.000e+00
 1.000e-02]	2939.493084634958
[1.920e+00 9.000e-01 1.092e+00 1.500e+00 1.000e-06 5.000e-01 1.000e+00
 5.000e-03 1.000e-03 1.000e-03 5.000e-01 5.000e+00 2.400e+04 5.000e+00
 1.000e-02]	2915.811877319463
[1.960e+00 9.000e-01 1.092e+00 1.500e+00 1.000e-06 5.000e-01 1.000e+00
 5.000e-03 1.000e-03 1.000e-03 5.000e-01 5.000e+00 2.400e+04 5.000e+00
 1.000e-02]	2935.2461199096288
[1.960e+00 0.000e+00 1.092e+00 1.500e+00 1.000e-06 5.000e-01 1.000e+00
 5.000e-03 1.000e-03 1.000e-03 5.000e-01 5.000e+00 2.400e+04 5.000e+00
 1.000e-02]	2941.214527670886
[1.960e+00 4.000e-03 1.092e+00 1.500e+00 1.000e-06 5.000e-01 1.000e+00
 5.000e-03 1.000e-03 1.000e-03 5.000e-01 5.000e+00 2.400e+04 5.000e+00
 1.000e-02]	2935.8595827475497
[1.960e+00 8.000e-03 1.092e+00 1.500e+00 1.000e-06 5.000e-01 1.000e+00
 5.000e-03 1.000e-03 1.000e-03 5.000e-01 5.000e+00 2.400e+04 5.000e+00
 1.000e-02]	2951.7084861436842
[1.960e+00 1.200e-02 1.092e+00 1.500e+00 1.000e-06 5.000e-01 1.000e+00
 5.000e-03 1.000e-03 1.000e-03 5.000e-01 5.000e+00 2.400e+04 5.000e+00
 1.000e-02]	2953.9845506155934
[1.960e+00 1.600e-02 1.092e+00 1.500e+00 1.000e-06 5.000e-01 1.000e+00
 5.000e-03 1.000e-03 1.000e-03 5.000e-01 5.000e+00 2.400e+04 5.000e+00
 1.000e-02]	2937.606830577483
[1.960e+00 2.000e-02 1.092e+00 1.500e+00 1.000e-06 5.000e-01 1.000e+00
 5.000e-03 1.000e-03 1.000e-03 5.000e-01 5.000e+00 2.400e+04 5.000e+00
 1.000e-02]	2946.019740353
[1.960e+00 2.400e-02 1.092e+00 1.500e+00 1.000e-06 5.000e-01 1.000e+00
 5.000e-03 1.000e-03 1.000e-03 5.000e-01 5.000e+00 2.400e+04 5.000e+00
 1.000e-02]	2935.029198764698
[1.960e+00 2.800e-02 1.092e+00 1.500e+00 1.000e-06 5.000e-01 1.000e+00
 5.000e-03 1.000e-03 1.000e-03 5.000e-01 5.000e+00 2.400e+04 5.000e+00
 1.000e-02]	2952.8019633570666
[1.960e+00 3.200e-02 1.092e+00 1.500e+00 1.000e-06 5.000e-01 1.000e+00
 5.000e-03 1.000e-03 1.000e-03 5.000e-01 5.000e+00 2.400e+04 5.000e+00
 1.000e-02]	2944.412678850398
[1.960e+00 3.600e-02 1.092e+00 1.500e+00 1.000e-06 5.000e-01 1.000e+00
 5.000e-03 1.000e-03 1.000e-03 5.000e-01 5.000e+00 2.400e+04 5.000e+00
 1.000e-02]	2927.864949806111
[1.960e+00 4.000e-02 1.092e+00 1.500e+00 1.000e-06 5.000e-01 1.000e+00
 5.000e-03 1.000e-03 1.000e-03 5.000e-01 5.000e+00 2.400e+04 5.000e+00
 1.000e-02]	2949.070399302684
[1.960e+00 4.400e-02 1.092e+00 1.500e+00 1.000e-06 5.000e-01 1.000e+00
 5.000e-03 1.000e-03 1.000e-03 5.000e-01 5.000e+00 2.400e+04 5.000e+00
 1.000e-02]	2937.0472232588118
[1.960e+00 4.800e-02 1.092e+00 1.500e+00 1.000e-06 5.000e-01 1.000e+00
 5.000e-03 1.000e-03 1.000e-03 5.000e-01 5.000e+00 2.400e+04 5.000e+00
 1.000e-02]	2933.2506854649346
[1.960e+00 5.200e-02 1.092e+00 1.500e+00 1.000e-06 5.000e-01 1.000e+00
 5.000e-03 1.000e-03 1.000e-03 5.000e-01 5.000e+00 2.400e+04 5.000e+00
 1.000e-02]	2949.091928164039
[1.960e+00 5.600e-02 1.092e+00 1.500e+00 1.000e-06 5.000e-01 1.000e+00
 5.000e-03 1.000e-03 1.000e-03 5.000e-01 5.000e+00 2.400e+04 5.000e+00
 1.000e-02]	2958.746326266532
[1.960e+00 6.000e-02 1.092e+00 1.500e+00 1.000e-06 5.000e-01 1.000e+00
 5.000e-03 1.000e-03 1.000e-03 5.000e-01 5.000e+00 2.400e+04 5.000e+00
 1.000e-02]	2956.110020074602
[1.960e+00 6.400e-02 1.092e+00 1.500e+00 1.000e-06 5.000e-01 1.000e+00
 5.000e-03 1.000e-03 1.000e-03 5.000e-01 5.000e+00 2.400e+04 5.000e+00
 1.000e-02]	2931.9428376795713
[1.960e+00 6.800e-02 1.092e+00 1.500e+00 1.000e-06 5.000e-01 1.000e+00
 5.000e-03 1.000e-03 1.000e-03 5.000e-01 5.000e+00 2.400e+04 5.000e+00
 1.000e-02]	2941.6984501896263
[1.960e+00 7.200e-02 1.092e+00 1.500e+00 1.000e-06 5.000e-01 1.000e+00
 5.000e-03 1.000e-03 1.000e-03 5.000e-01 5.000e+00 2.400e+04 5.000e+00
 1.000e-02]	2920.007317949864
[1.960e+00 7.600e-02 1.092e+00 1.500e+00 1.000e-06 5.000e-01 1.000e+00
 5.000e-03 1.000e-03 1.000e-03 5.000e-01 5.000e+00 2.400e+04 5.000e+00
 1.000e-02]	2952.947093600644
[1.960e+00 8.000e-02 1.092e+00 1.500e+00 1.000e-06 5.000e-01 1.000e+00
 5.000e-03 1.000e-03 1.000e-03 5.000e-01 5.000e+00 2.400e+04 5.000e+00
 1.000e-02]	2924.982062963059
[1.960e+00 8.400e-02 1.092e+00 1.500e+00 1.000e-06 5.000e-01 1.000e+00
 5.000e-03 1.000e-03 1.000e-03 5.000e-01 5.000e+00 2.400e+04 5.000e+00
 1.000e-02]	2941.050677574711
[1.960e+00 8.800e-02 1.092e+00 1.500e+00 1.000e-06 5.000e-01 1.000e+00
 5.000e-03 1.000e-03 1.000e-03 5.000e-01 5.000e+00 2.400e+04 5.000e+00
 1.000e-02]	2964.089178350177
[1.960e+00 9.200e-02 1.092e+00 1.500e+00 1.000e-06 5.000e-01 1.000e+00
 5.000e-03 1.000e-03 1.000e-03 5.000e-01 5.000e+00 2.400e+04 5.000e+00
 1.000e-02]	2934.3639094503665
[1.960e+00 9.600e-02 1.092e+00 1.500e+00 1.000e-06 5.000e-01 1.000e+00
 5.000e-03 1.000e-03 1.000e-03 5.000e-01 5.000e+00 2.400e+04 5.000e+00
 1.000e-02]	2933.0894400598786
[1.960e+00 1.000e-01 1.092e+00 1.500e+00 1.000e-06 5.000e-01 1.000e+00
 5.000e-03 1.000e-03 1.000e-03 5.000e-01 5.000e+00 2.400e+04 5.000e+00
 1.000e-02]	2953.7320726348453
[1.960e+00 1.040e-01 1.092e+00 1.500e+00 1.000e-06 5.000e-01 1.000e+00
 5.000e-03 1.000e-03 1.000e-03 5.000e-01 5.000e+00 2.400e+04 5.000e+00
 1.000e-02]	2950.519139439175
[1.960e+00 1.080e-01 1.092e+00 1.500e+00 1.000e-06 5.000e-01 1.000e+00
 5.000e-03 1.000e-03 1.000e-03 5.000e-01 5.000e+00 2.400e+04 5.000e+00
 1.000e-02]	2933.2740447904275
[1.960e+00 1.120e-01 1.092e+00 1.500e+00 1.000e-06 5.000e-01 1.000e+00
 5.000e-03 1.000e-03 1.000e-03 5.000e-01 5.000e+00 2.400e+04 5.000e+00
 1.000e-02]	2945.320482489165
[1.960e+00 1.160e-01 1.092e+00 1.500e+00 1.000e-06 5.000e-01 1.000e+00
 5.000e-03 1.000e-03 1.000e-03 5.000e-01 5.000e+00 2.400e+04 5.000e+00
 1.000e-02]	2945.8620112696644
[1.960e+00 1.200e-01 1.092e+00 1.500e+00 1.000e-06 5.000e-01 1.000e+00
 5.000e-03 1.000e-03 1.000e-03 5.000e-01 5.000e+00 2.400e+04 5.000e+00
 1.000e-02]	2939.511683036423
[1.960e+00 1.240e-01 1.092e+00 1.500e+00 1.000e-06 5.000e-01 1.000e+00
 5.000e-03 1.000e-03 1.000e-03 5.000e-01 5.000e+00 2.400e+04 5.000e+00
 1.000e-02]	2914.0127746691646
[1.960e+00 1.280e-01 1.092e+00 1.500e+00 1.000e-06 5.000e-01 1.000e+00
 5.000e-03 1.000e-03 1.000e-03 5.000e-01 5.000e+00 2.400e+04 5.000e+00
 1.000e-02]	2926.1639287839294
[1.960e+00 1.320e-01 1.092e+00 1.500e+00 1.000e-06 5.000e-01 1.000e+00
 5.000e-03 1.000e-03 1.000e-03 5.000e-01 5.000e+00 2.400e+04 5.000e+00
 1.000e-02]	2938.3280929291577
[1.960e+00 1.360e-01 1.092e+00 1.500e+00 1.000e-06 5.000e-01 1.000e+00
 5.000e-03 1.000e-03 1.000e-03 5.000e-01 5.000e+00 2.400e+04 5.000e+00
 1.000e-02]	2942.5062190747294
[1.960e+00 1.400e-01 1.092e+00 1.500e+00 1.000e-06 5.000e-01 1.000e+00
 5.000e-03 1.000e-03 1.000e-03 5.000e-01 5.000e+00 2.400e+04 5.000e+00
 1.000e-02]	2912.1839718266374
[1.960e+00 1.440e-01 1.092e+00 1.500e+00 1.000e-06 5.000e-01 1.000e+00
 5.000e-03 1.000e-03 1.000e-03 5.000e-01 5.000e+00 2.400e+04 5.000e+00
 1.000e-02]	2939.424379894875
[1.960e+00 1.480e-01 1.092e+00 1.500e+00 1.000e-06 5.000e-01 1.000e+00
 5.000e-03 1.000e-03 1.000e-03 5.000e-01 5.000e+00 2.400e+04 5.000e+00
 1.000e-02]	2965.9643435819257
[1.960e+00 1.520e-01 1.092e+00 1.500e+00 1.000e-06 5.000e-01 1.000e+00
 5.000e-03 1.000e-03 1.000e-03 5.000e-01 5.000e+00 2.400e+04 5.000e+00
 1.000e-02]	2931.6828939757384
[1.960e+00 1.560e-01 1.092e+00 1.500e+00 1.000e-06 5.000e-01 1.000e+00
 5.000e-03 1.000e-03 1.000e-03 5.000e-01 5.000e+00 2.400e+04 5.000e+00
 1.000e-02]	2951.683116678792
[1.960e+00 1.600e-01 1.092e+00 1.500e+00 1.000e-06 5.000e-01 1.000e+00
 5.000e-03 1.000e-03 1.000e-03 5.000e-01 5.000e+00 2.400e+04 5.000e+00
 1.000e-02]	2941.803338093297
[1.960e+00 1.640e-01 1.092e+00 1.500e+00 1.000e-06 5.000e-01 1.000e+00
 5.000e-03 1.000e-03 1.000e-03 5.000e-01 5.000e+00 2.400e+04 5.000e+00
 1.000e-02]	2935.790407630136
[1.960e+00 1.680e-01 1.092e+00 1.500e+00 1.000e-06 5.000e-01 1.000e+00
 5.000e-03 1.000e-03 1.000e-03 5.000e-01 5.000e+00 2.400e+04 5.000e+00
 1.000e-02]	2954.998018632778
[1.960e+00 1.720e-01 1.092e+00 1.500e+00 1.000e-06 5.000e-01 1.000e+00
 5.000e-03 1.000e-03 1.000e-03 5.000e-01 5.000e+00 2.400e+04 5.000e+00
 1.000e-02]	2937.8125716654213
[1.960e+00 1.760e-01 1.092e+00 1.500e+00 1.000e-06 5.000e-01 1.000e+00
 5.000e-03 1.000e-03 1.000e-03 5.000e-01 5.000e+00 2.400e+04 5.000e+00
 1.000e-02]	2918.4360406233286
[1.960e+00 1.800e-01 1.092e+00 1.500e+00 1.000e-06 5.000e-01 1.000e+00
 5.000e-03 1.000e-03 1.000e-03 5.000e-01 5.000e+00 2.400e+04 5.000e+00
 1.000e-02]	2932.700844171837
[1.960e+00 1.840e-01 1.092e+00 1.500e+00 1.000e-06 5.000e-01 1.000e+00
 5.000e-03 1.000e-03 1.000e-03 5.000e-01 5.000e+00 2.400e+04 5.000e+00
 1.000e-02]	2918.0961236244543
[1.960e+00 1.880e-01 1.092e+00 1.500e+00 1.000e-06 5.000e-01 1.000e+00
 5.000e-03 1.000e-03 1.000e-03 5.000e-01 5.000e+00 2.400e+04 5.000e+00
 1.000e-02]	2939.96906619798
[1.960e+00 1.920e-01 1.092e+00 1.500e+00 1.000e-06 5.000e-01 1.000e+00
 5.000e-03 1.000e-03 1.000e-03 5.000e-01 5.000e+00 2.400e+04 5.000e+00
 1.000e-02]	2934.327187480516
[1.960e+00 1.960e-01 1.092e+00 1.500e+00 1.000e-06 5.000e-01 1.000e+00
 5.000e-03 1.000e-03 1.000e-03 5.000e-01 5.000e+00 2.400e+04 5.000e+00
 1.000e-02]	2920.3662254073497
[1.96e+00 1.96e-01 0.00e+00 1.50e+00 1.00e-06 5.00e-01 1.00e+00 5.00e-03
 1.00e-03 1.00e-03 5.00e-01 5.00e+00 2.40e+04 5.00e+00 1.00e-02]	2943.4842446204752
[1.96e+00 1.96e-01 4.00e-03 1.50e+00 1.00e-06 5.00e-01 1.00e+00 5.00e-03
 1.00e-03 1.00e-03 5.00e-01 5.00e+00 2.40e+04 5.00e+00 1.00e-02]	2920.323224876698
[1.96e+00 1.96e-01 8.00e-03 1.50e+00 1.00e-06 5.00e-01 1.00e+00 5.00e-03
 1.00e-03 1.00e-03 5.00e-01 5.00e+00 2.40e+04 5.00e+00 1.00e-02]	2942.945038206943
[1.96e+00 1.96e-01 1.20e-02 1.50e+00 1.00e-06 5.00e-01 1.00e+00 5.00e-03
 1.00e-03 1.00e-03 5.00e-01 5.00e+00 2.40e+04 5.00e+00 1.00e-02]	2930.14953608757
[1.96e+00 1.96e-01 1.60e-02 1.50e+00 1.00e-06 5.00e-01 1.00e+00 5.00e-03
 1.00e-03 1.00e-03 5.00e-01 5.00e+00 2.40e+04 5.00e+00 1.00e-02]	2933.735162582646
[1.96e+00 1.96e-01 2.00e-02 1.50e+00 1.00e-06 5.00e-01 1.00e+00 5.00e-03
 1.00e-03 1.00e-03 5.00e-01 5.00e+00 2.40e+04 5.00e+00 1.00e-02]	2930.893549215161
[1.96e+00 1.96e-01 2.40e-02 1.50e+00 1.00e-06 5.00e-01 1.00e+00 5.00e-03
 1.00e-03 1.00e-03 5.00e-01 5.00e+00 2.40e+04 5.00e+00 1.00e-02]	2974.4574779956442
[1.96e+00 1.96e-01 2.80e-02 1.50e+00 1.00e-06 5.00e-01 1.00e+00 5.00e-03
 1.00e-03 1.00e-03 5.00e-01 5.00e+00 2.40e+04 5.00e+00 1.00e-02]	2920.486640711189
[1.96e+00 1.96e-01 3.20e-02 1.50e+00 1.00e-06 5.00e-01 1.00e+00 5.00e-03
 1.00e-03 1.00e-03 5.00e-01 5.00e+00 2.40e+04 5.00e+00 1.00e-02]	2920.5153417102883
[1.96e+00 1.96e-01 3.60e-02 1.50e+00 1.00e-06 5.00e-01 1.00e+00 5.00e-03
 1.00e-03 1.00e-03 5.00e-01 5.00e+00 2.40e+04 5.00e+00 1.00e-02]	2942.7525895400127
[1.96e+00 1.96e-01 4.00e-02 1.50e+00 1.00e-06 5.00e-01 1.00e+00 5.00e-03
 1.00e-03 1.00e-03 5.00e-01 5.00e+00 2.40e+04 5.00e+00 1.00e-02]	2941.697781068859
[1.96e+00 1.96e-01 4.40e-02 1.50e+00 1.00e-06 5.00e-01 1.00e+00 5.00e-03
 1.00e-03 1.00e-03 5.00e-01 5.00e+00 2.40e+04 5.00e+00 1.00e-02]	2920.4426927653753
[1.96e+00 1.96e-01 4.80e-02 1.50e+00 1.00e-06 5.00e-01 1.00e+00 5.00e-03
 1.00e-03 1.00e-03 5.00e-01 5.00e+00 2.40e+04 5.00e+00 1.00e-02]	2941.621958417324
[1.96e+00 1.96e-01 5.20e-02 1.50e+00 1.00e-06 5.00e-01 1.00e+00 5.00e-03
 1.00e-03 1.00e-03 5.00e-01 5.00e+00 2.40e+04 5.00e+00 1.00e-02]	2920.1693377093684
[1.96e+00 1.96e-01 5.60e-02 1.50e+00 1.00e-06 5.00e-01 1.00e+00 5.00e-03
 1.00e-03 1.00e-03 5.00e-01 5.00e+00 2.40e+04 5.00e+00 1.00e-02]	2938.7658871213025
[1.96e+00 1.96e-01 6.00e-02 1.50e+00 1.00e-06 5.00e-01 1.00e+00 5.00e-03
 1.00e-03 1.00e-03 5.00e-01 5.00e+00 2.40e+04 5.00e+00 1.00e-02]	2937.856549031348
[1.96e+00 1.96e-01 6.40e-02 1.50e+00 1.00e-06 5.00e-01 1.00e+00 5.00e-03
 1.00e-03 1.00e-03 5.00e-01 5.00e+00 2.40e+04 5.00e+00 1.00e-02]	2944.2279442373465
[1.96e+00 1.96e-01 6.80e-02 1.50e+00 1.00e-06 5.00e-01 1.00e+00 5.00e-03
 1.00e-03 1.00e-03 5.00e-01 5.00e+00 2.40e+04 5.00e+00 1.00e-02]	2920.486640711189
[1.96e+00 1.96e-01 7.20e-02 1.50e+00 1.00e-06 5.00e-01 1.00e+00 5.00e-03
 1.00e-03 1.00e-03 5.00e-01 5.00e+00 2.40e+04 5.00e+00 1.00e-02]	2943.5406310679377
[1.96e+00 1.96e-01 7.60e-02 1.50e+00 1.00e-06 5.00e-01 1.00e+00 5.00e-03
 1.00e-03 1.00e-03 5.00e-01 5.00e+00 2.40e+04 5.00e+00 1.00e-02]	2945.4851244637916
[1.96e+00 1.96e-01 8.00e-02 1.50e+00 1.00e-06 5.00e-01 1.00e+00 5.00e-03
 1.00e-03 1.00e-03 5.00e-01 5.00e+00 2.40e+04 5.00e+00 1.00e-02]	2928.679608410341
[1.96e+00 1.96e-01 8.40e-02 1.50e+00 1.00e-06 5.00e-01 1.00e+00 5.00e-03
 1.00e-03 1.00e-03 5.00e-01 5.00e+00 2.40e+04 5.00e+00 1.00e-02]	2943.0741896182153
[1.96e+00 1.96e-01 8.80e-02 1.50e+00 1.00e-06 5.00e-01 1.00e+00 5.00e-03
 1.00e-03 1.00e-03 5.00e-01 5.00e+00 2.40e+04 5.00e+00 1.00e-02]	2943.9218999815434
[1.96e+00 1.96e-01 9.20e-02 1.50e+00 1.00e-06 5.00e-01 1.00e+00 5.00e-03
 1.00e-03 1.00e-03 5.00e-01 5.00e+00 2.40e+04 5.00e+00 1.00e-02]	2920.486640711189
[1.96e+00 1.96e-01 9.60e-02 1.50e+00 1.00e-06 5.00e-01 1.00e+00 5.00e-03
 1.00e-03 1.00e-03 5.00e-01 5.00e+00 2.40e+04 5.00e+00 1.00e-02]	2943.9792891003076
[1.96e+00 1.96e-01 1.00e-01 1.50e+00 1.00e-06 5.00e-01 1.00e+00 5.00e-03
 1.00e-03 1.00e-03 5.00e-01 5.00e+00 2.40e+04 5.00e+00 1.00e-02]	2937.281606641791
[1.96e+00 1.96e-01 1.04e-01 1.50e+00 1.00e-06 5.00e-01 1.00e+00 5.00e-03
 1.00e-03 1.00e-03 5.00e-01 5.00e+00 2.40e+04 5.00e+00 1.00e-02]	2930.084111793925
[1.96e+00 1.96e-01 1.08e-01 1.50e+00 1.00e-06 5.00e-01 1.00e+00 5.00e-03
 1.00e-03 1.00e-03 5.00e-01 5.00e+00 2.40e+04 5.00e+00 1.00e-02]	2938.728038584051
[1.96e+00 1.96e-01 1.12e-01 1.50e+00 1.00e-06 5.00e-01 1.00e+00 5.00e-03
 1.00e-03 1.00e-03 5.00e-01 5.00e+00 2.40e+04 5.00e+00 1.00e-02]	2936.316126704268
[1.96e+00 1.96e-01 1.16e-01 1.50e+00 1.00e-06 5.00e-01 1.00e+00 5.00e-03
 1.00e-03 1.00e-03 5.00e-01 5.00e+00 2.40e+04 5.00e+00 1.00e-02]	2931.112599613263
[1.96e+00 1.96e-01 1.20e-01 1.50e+00 1.00e-06 5.00e-01 1.00e+00 5.00e-03
 1.00e-03 1.00e-03 5.00e-01 5.00e+00 2.40e+04 5.00e+00 1.00e-02]	2929.597891417233
[1.96e+00 1.96e-01 1.24e-01 1.50e+00 1.00e-06 5.00e-01 1.00e+00 5.00e-03
 1.00e-03 1.00e-03 5.00e-01 5.00e+00 2.40e+04 5.00e+00 1.00e-02]	2920.486640711189
[1.96e+00 1.96e-01 1.28e-01 1.50e+00 1.00e-06 5.00e-01 1.00e+00 5.00e-03
 1.00e-03 1.00e-03 5.00e-01 5.00e+00 2.40e+04 5.00e+00 1.00e-02]	2948.4993431322378
[1.96e+00 1.96e-01 1.32e-01 1.50e+00 1.00e-06 5.00e-01 1.00e+00 5.00e-03
 1.00e-03 1.00e-03 5.00e-01 5.00e+00 2.40e+04 5.00e+00 1.00e-02]	2928.0016586219326
[1.96e+00 1.96e-01 1.36e-01 1.50e+00 1.00e-06 5.00e-01 1.00e+00 5.00e-03
 1.00e-03 1.00e-03 5.00e-01 5.00e+00 2.40e+04 5.00e+00 1.00e-02]	2946.385838113623
[1.96e+00 1.96e-01 1.40e-01 1.50e+00 1.00e-06 5.00e-01 1.00e+00 5.00e-03
 1.00e-03 1.00e-03 5.00e-01 5.00e+00 2.40e+04 5.00e+00 1.00e-02]	2969.744189798423
[1.96e+00 1.96e-01 1.44e-01 1.50e+00 1.00e-06 5.00e-01 1.00e+00 5.00e-03
 1.00e-03 1.00e-03 5.00e-01 5.00e+00 2.40e+04 5.00e+00 1.00e-02]	2919.463297492809
[1.96e+00 1.96e-01 1.48e-01 1.50e+00 1.00e-06 5.00e-01 1.00e+00 5.00e-03
 1.00e-03 1.00e-03 5.00e-01 5.00e+00 2.40e+04 5.00e+00 1.00e-02]	2930.8131769318234
[1.96e+00 1.96e-01 1.52e-01 1.50e+00 1.00e-06 5.00e-01 1.00e+00 5.00e-03
 1.00e-03 1.00e-03 5.00e-01 5.00e+00 2.40e+04 5.00e+00 1.00e-02]	2931.7678363809537
[1.96e+00 1.96e-01 1.56e-01 1.50e+00 1.00e-06 5.00e-01 1.00e+00 5.00e-03
 1.00e-03 1.00e-03 5.00e-01 5.00e+00 2.40e+04 5.00e+00 1.00e-02]	2920.323224876698
[1.96e+00 1.96e-01 1.60e-01 1.50e+00 1.00e-06 5.00e-01 1.00e+00 5.00e-03
 1.00e-03 1.00e-03 5.00e-01 5.00e+00 2.40e+04 5.00e+00 1.00e-02]	2938.1676914406253
[1.96e+00 1.96e-01 1.64e-01 1.50e+00 1.00e-06 5.00e-01 1.00e+00 5.00e-03
 1.00e-03 1.00e-03 5.00e-01 5.00e+00 2.40e+04 5.00e+00 1.00e-02]	2927.6023823991613
[1.96e+00 1.96e-01 1.68e-01 1.50e+00 1.00e-06 5.00e-01 1.00e+00 5.00e-03
 1.00e-03 1.00e-03 5.00e-01 5.00e+00 2.40e+04 5.00e+00 1.00e-02]	2931.6589808432414
