[0.000e+00 9.000e-01 1.092e+00 1.500e+00 1.000e-06 5.000e-01 1.000e+00
 5.000e-03 1.000e-03 1.000e-03 5.000e-01 5.000e+00 2.400e+04 5.000e+00
 1.000e-02]	830.8499166443565
[4.000e-02 9.000e-01 1.092e+00 1.500e+00 1.000e-06 5.000e-01 1.000e+00
 5.000e-03 1.000e-03 1.000e-03 5.000e-01 5.000e+00 2.400e+04 5.000e+00
 1.000e-02]	838.7812219291138
[8.000e-02 9.000e-01 1.092e+00 1.500e+00 1.000e-06 5.000e-01 1.000e+00
 5.000e-03 1.000e-03 1.000e-03 5.000e-01 5.000e+00 2.400e+04 5.000e+00
 1.000e-02]	831.4669620542265
[1.200e-01 9.000e-01 1.092e+00 1.500e+00 1.000e-06 5.000e-01 1.000e+00
 5.000e-03 1.000e-03 1.000e-03 5.000e-01 5.000e+00 2.400e+04 5.000e+00
 1.000e-02]	830.4096991394862
[1.600e-01 9.000e-01 1.092e+00 1.500e+00 1.000e-06 5.000e-01 1.000e+00
 5.000e-03 1.000e-03 1.000e-03 5.000e-01 5.000e+00 2.400e+04 5.000e+00
 1.000e-02]	840.2145634550208
[2.000e-01 9.000e-01 1.092e+00 1.500e+00 1.000e-06 5.000e-01 1.000e+00
 5.000e-03 1.000e-03 1.000e-03 5.000e-01 5.000e+00 2.400e+04 5.000e+00
 1.000e-02]	815.5483487423405
[2.400e-01 9.000e-01 1.092e+00 1.500e+00 1.000e-06 5.000e-01 1.000e+00
 5.000e-03 1.000e-03 1.000e-03 5.000e-01 5.000e+00 2.400e+04 5.000e+00
 1.000e-02]	832.1601390142944
[2.800e-01 9.000e-01 1.092e+00 1.500e+00 1.000e-06 5.000e-01 1.000e+00
 5.000e-03 1.000e-03 1.000e-03 5.000e-01 5.000e+00 2.400e+04 5.000e+00
 1.000e-02]	823.9508859113402
[3.200e-01 9.000e-01 1.092e+00 1.500e+00 1.000e-06 5.000e-01 1.000e+00
 5.000e-03 1.000e-03 1.000e-03 5.000e-01 5.000e+00 2.400e+04 5.000e+00
 1.000e-02]	822.7409506409784
[3.600e-01 9.000e-01 1.092e+00 1.500e+00 1.000e-06 5.000e-01 1.000e+00
 5.000e-03 1.000e-03 1.000e-03 5.000e-01 5.000e+00 2.400e+04 5.000e+00
 1.000e-02]	824.2466763864064
[4.000e-01 9.000e-01 1.092e+00 1.500e+00 1.000e-06 5.000e-01 1.000e+00
 5.000e-03 1.000e-03 1.000e-03 5.000e-01 5.000e+00 2.400e+04 5.000e+00
 1.000e-02]	831.1647035291536
[4.400e-01 9.000e-01 1.092e+00 1.500e+00 1.000e-06 5.000e-01 1.000e+00
 5.000e-03 1.000e-03 1.000e-03 5.000e-01 5.000e+00 2.400e+04 5.000e+00
 1.000e-02]	832.5400080513724
[4.800e-01 9.000e-01 1.092e+00 1.500e+00 1.000e-06 5.000e-01 1.000e+00
 5.000e-03 1.000e-03 1.000e-03 5.000e-01 5.000e+00 2.400e+04 5.000e+00
 1.000e-02]	840.2145634550208
[5.200e-01 9.000e-01 1.092e+00 1.500e+00 1.000e-06 5.000e-01 1.000e+00
 5.000e-03 1.000e-03 1.000e-03 5.000e-01 5.000e+00 2.400e+04 5.000e+00
 1.000e-02]	833.1887296320842
[5.600e-01 9.000e-01 1.092e+00 1.500e+00 1.000e-06 5.000e-01 1.000e+00
 5.000e-03 1.000e-03 1.000e-03 5.000e-01 5.000e+00 2.400e+04 5.000e+00
 1.000e-02]	833.3929157377245
[6.000e-01 9.000e-01 1.092e+00 1.500e+00 1.000e-06 5.000e-01 1.000e+00
 5.000e-03 1.000e-03 1.000e-03 5.000e-01 5.000e+00 2.400e+04 5.000e+00
 1.000e-02]	817.0742918670585
[6.400e-01 9.000e-01 1.092e+00 1.500e+00 1.000e-06 5.000e-01 1.000e+00
 5.000e-03 1.000e-03 1.000e-03 5.000e-01 5.000e+00 2.400e+04 5.000e+00
 1.000e-02]	847.6969149225757
[6.800e-01 9.000e-01 1.092e+00 1.500e+00 1.000e-06 5.000e-01 1.000e+00
 5.000e-03 1.000e-03 1.000e-03 5.000e-01 5.000e+00 2.400e+04 5.000e+00
 1.000e-02]	823.1706509176371
[7.200e-01 9.000e-01 1.092e+00 1.500e+00 1.000e-06 5.000e-01 1.000e+00
 5.000e-03 1.000e-03 1.000e-03 5.000e-01 5.000e+00 2.400e+04 5.000e+00
 1.000e-02]	818.6155275858421
[7.600e-01 9.000e-01 1.092e+00 1.500e+00 1.000e-06 5.000e-01 1.000e+00
 5.000e-03 1.000e-03 1.000e-03 5.000e-01 5.000e+00 2.400e+04 5.000e+00
 1.000e-02]	822.4917264727117
[8.000e-01 9.000e-01 1.092e+00 1.500e+00 1.000e-06 5.000e-01 1.000e+00
 5.000e-03 1.000e-03 1.000e-03 5.000e-01 5.000e+00 2.400e+04 5.000e+00
 1.000e-02]	822.4403234118768
[8.400e-01 9.000e-01 1.092e+00 1.500e+00 1.000e-06 5.000e-01 1.000e+00
 5.000e-03 1.000e-03 1.000e-03 5.000e-01 5.000e+00 2.400e+04 5.000e+00
 1.000e-02]	819.8128989719019
[8.800e-01 9.000e-01 1.092e+00 1.500e+00 1.000e-06 5.000e-01 1.000e+00
 5.000e-03 1.000e-03 1.000e-03 5.000e-01 5.000e+00 2.400e+04 5.000e+00
 1.000e-02]	825.986546759558
[9.200e-01 9.000e-01 1.092e+00 1.500e+00 1.000e-06 5.000e-01 1.000e+00
 5.000e-03 1.000e-03 1.000e-03 5.000e-01 5.000e+00 2.400e+04 5.000e+00
 1.000e-02]	811.9508370603634
[9.600e-01 9.000e-01 1.092e+00 1.500e+00 1.000e-06 5.000e-01 1.000e+00
 5.000e-03 1.000e-03 1.000e-03 5.000e-01 5.000e+00 2.400e+04 5.000e+00
 1.000e-02]	846.6111541300642
[1.000e+00 9.000e-01 1.092e+00 1.500e+00 1.000e-06 5.000e-01 1.000e+00
 5.000e-03 1.000e-03 1.000e-03 5.000e-01 5.000e+00 2.400e+04 5.000e+00
 1.000e-02]	830.3625076561893
[1.040e+00 9.000e-01 1.092e+00 1.500e+00 1.000e-06 5.000e-01 1.000e+00
 5.000e-03 1.000e-03 1.000e-03 5.000e-01 5.000e+00 2.400e+04 5.000e+00
 1.000e-02]	823.1706509176371
[1.080e+00 9.000e-01 1.092e+00 1.500e+00 1.000e-06 5.000e-01 1.000e+00
 5.000e-03 1.000e-03 1.000e-03 5.000e-01 5.000e+00 2.400e+04 5.000e+00
 1.000e-02]	831.1647035291536
[1.120e+00 9.000e-01 1.092e+00 1.500e+00 1.000e-06 5.000e-01 1.000e+00
 5.000e-03 1.000e-03 1.000e-03 5.000e-01 5.000e+00 2.400e+04 5.000e+00
 1.000e-02]	823.3392009516563
[1.160e+00 9.000e-01 1.092e+00 1.500e+00 1.000e-06 5.000e-01 1.000e+00
 5.000e-03 1.000e-03 1.000e-03 5.000e-01 5.000e+00 2.400e+04 5.000e+00
 1.000e-02]	812.7286222924777
[1.200e+00 9.000e-01 1.092e+00 1.500e+00 1.000e-06 5.000e-01 1.000e+00
 5.000e-03 1.000e-03 1.000e-03 5.000e-01 5.000e+00 2.400e+04 5.000e+00
 1.000e-02]	829.7672519615847
[1.240e+00 9.000e-01 1.092e+00 1.500e+00 1.000e-06 5.000e-01 1.000e+00
 5.000e-03 1.000e-03 1.000e-03 5.000e-01 5.000e+00 2.400e+04 5.000e+00
 1.000e-02]	824.7423971247948
[1.280e+00 9.000e-01 1.092e+00 1.500e+00 1.000e-06 5.000e-01 1.000e+00
 5.000e-03 1.000e-03 1.000e-03 5.000e-01 5.000e+00 2.400e+04 5.000e+00
 1.000e-02]	814.6578646186949
[1.320e+00 9.000e-01 1.092e+00 1.500e+00 1.000e-06 5.000e-01 1.000e+00
 5.000e-03 1.000e-03 1.000e-03 5.000e-01 5.000e+00 2.400e+04 5.000e+00
 1.000e-02]	817.173376848098
[1.360e+00 9.000e-01 1.092e+00 1.500e+00 1.000e-06 5.000e-01 1.000e+00
 5.000e-03 1.000e-03 1.000e-03 5.000e-01 5.000e+00 2.400e+04 5.000e+00
 1.000e-02]	833.3929157377245
[1.400e+00 9.000e-01 1.092e+00 1.500e+00 1.000e-06 5.000e-01 1.000e+00
 5.000e-03 1.000e-03 1.000e-03 5.000e-01 5.000e+00 2.400e+04 5.000e+00
 1.000e-02]	833.2577777540967
[1.440e+00 9.000e-01 1.092e+00 1.500e+00 1.000e-06 5.000e-01 1.000e+00
 5.000e-03 1.000e-03 1.000e-03 5.000e-01 5.000e+00 2.400e+04 5.000e+00
 1.000e-02]	832.6598591110736
[1.480e+00 9.000e-01 1.092e+00 1.500e+00 1.000e-06 5.000e-01 1.000e+00
 5.000e-03 1.000e-03 1.000e-03 5.000e-01 5.000e+00 2.400e+04 5.000e+00
 1.000e-02]	832.5400080513724
[1.520e+00 9.000e-01 1.092e+00 1.500e+00 1.000e-06 5.000e-01 1.000e+00
 5.000e-03 1.000e-03 1.000e-03 5.000e-01 5.000e+00 2.400e+04 5.000e+00
 1.000e-02]	847.1200078045908
[1.560e+00 9.000e-01 1.092e+00 1.500e+00 1.000e-06 5.000e-01 1.000e+00
 5.000e-03 1.000e-03 1.000e-03 5.000e-01 5.000e+00 2.400e+04 5.000e+00
 1.000e-02]	823.0245594560052
[1.600e+00 9.000e-01 1.092e+00 1.500e+00 1.000e-06 5.000e-01 1.000e+00
 5.000e-03 1.000e-03 1.000e-03 5.000e-01 5.000e+00 2.400e+04 5.000e+00
 1.000e-02]	826.7111468608663
[1.640e+00 9.000e-01 1.092e+00 1.500e+00 1.000e-06 5.000e-01 1.000e+00
 5.000e-03 1.000e-03 1.000e-03 5.000e-01 5.000e+00 2.400e+04 5.000e+00
 1.000e-02]	821.1087144830433
[1.680e+00 9.000e-01 1.092e+00 1.500e+00 1.000e-06 5.000e-01 1.000e+00
 5.000e-03 1.000e-03 1.000e-03 5.000e-01 5.000e+00 2.400e+04 5.000e+00
 1.000e-02]	822.1980549176383
[1.720e+00 9.000e-01 1.092e+00 1.500e+00 1.000e-06 5.000e-01 1.000e+00
 5.000e-03 1.000e-03 1.000e-03 5.000e-01 5.000e+00 2.400e+04 5.000e+00
 1.000e-02]	835.2323446842883
[1.760e+00 9.000e-01 1.092e+00 1.500e+00 1.000e-06 5.000e-01 1.000e+00
 5.000e-03 1.000e-03 1.000e-03 5.000e-01 5.000e+00 2.400e+04 5.000e+00
 1.000e-02]	830.72263801776
[1.800e+00 9.000e-01 1.092e+00 1.500e+00 1.000e-06 5.000e-01 1.000e+00
 5.000e-03 1.000e-03 1.000e-03 5.000e-01 5.000e+00 2.400e+04 5.000e+00
 1.000e-02]	834.8726447379396
[1.840e+00 9.000e-01 1.092e+00 1.500e+00 1.000e-06 5.000e-01 1.000e+00
 5.000e-03 1.000e-03 1.000e-03 5.000e-01 5.000e+00 2.400e+04 5.000e+00
 1.000e-02]	830.4096989736926
[1.880e+00 9.000e-01 1.092e+00 1.500e+00 1.000e-06 5.000e-01 1.000e+00
 5.000e-03 1.000e-03 1.000e-03 5.000e-01 5.000e+00 2.400e+04 5.000e+00
 1.000e-02]	831.7133141482649
[1.920e+00 9.000e-01 1.092e+00 1.500e+00 1.000e-06 5.000e-01 1.000e+00
 5.000e-03 1.000e-03 1.000e-03 5.000e-01 5.000e+00 2.400e+04 5.000e+00
 1.000e-02]	818.8657750020487
[1.960e+00 9.000e-01 1.092e+00 1.500e+00 1.000e-06 5.000e-01 1.000e+00
 5.000e-03 1.000e-03 1.000e-03 5.000e-01 5.000e+00 2.400e+04 5.000e+00
 1.000e-02]	833.1887296320842
[1.960e+00 0.000e+00 1.092e+00 1.500e+00 1.000e-06 5.000e-01 1.000e+00
 5.000e-03 1.000e-03 1.000e-03 5.000e-01 5.000e+00 2.400e+04 5.000e+00
 1.000e-02]	820.8623925410893
[1.960e+00 4.000e-03 1.092e+00 1.500e+00 1.000e-06 5.000e-01 1.000e+00
 5.000e-03 1.000e-03 1.000e-03 5.000e-01 5.000e+00 2.400e+04 5.000e+00
 1.000e-02]	831.7187829776395
[1.960e+00 8.000e-03 1.092e+00 1.500e+00 1.000e-06 5.000e-01 1.000e+00
 5.000e-03 1.000e-03 1.000e-03 5.000e-01 5.000e+00 2.400e+04 5.000e+00
 1.000e-02]	817.332554266999
[1.960e+00 1.200e-02 1.092e+00 1.500e+00 1.000e-06 5.000e-01 1.000e+00
 5.000e-03 1.000e-03 1.000e-03 5.000e-01 5.000e+00 2.400e+04 5.000e+00
 1.000e-02]	816.9682327853592
[1.960e+00 1.600e-02 1.092e+00 1.500e+00 1.000e-06 5.000e-01 1.000e+00
 5.000e-03 1.000e-03 1.000e-03 5.000e-01 5.000e+00 2.400e+04 5.000e+00
 1.000e-02]	822.8689082593479
[1.960e+00 2.000e-02 1.092e+00 1.500e+00 1.000e-06 5.000e-01 1.000e+00
 5.000e-03 1.000e-03 1.000e-03 5.000e-01 5.000e+00 2.400e+04 5.000e+00
 1.000e-02]	827.9624674540862
[1.960e+00 2.400e-02 1.092e+00 1.500e+00 1.000e-06 5.000e-01 1.000e+00
 5.000e-03 1.000e-03 1.000e-03 5.000e-01 5.000e+00 2.400e+04 5.000e+00
 1.000e-02]	832.9155263909977
[1.960e+00 2.800e-02 1.092e+00 1.500e+00 1.000e-06 5.000e-01 1.000e+00
 5.000e-03 1.000e-03 1.000e-03 5.000e-01 5.000e+00 2.400e+04 5.000e+00
 1.000e-02]	833.6913817077798
[1.960e+00 3.200e-02 1.092e+00 1.500e+00 1.000e-06 5.000e-01 1.000e+00
 5.000e-03 1.000e-03 1.000e-03 5.000e-01 5.000e+00 2.400e+04 5.000e+00
 1.000e-02]	813.138291530524
[1.960e+00 3.600e-02 1.092e+00 1.500e+00 1.000e-06 5.000e-01 1.000e+00
 5.000e-03 1.000e-03 1.000e-03 5.000e-01 5.000e+00 2.400e+04 5.000e+00
 1.000e-02]	833.4304157236048
[1.960e+00 4.000e-02 1.092e+00 1.500e+00 1.000e-06 5.000e-01 1.000e+00
 5.000e-03 1.000e-03 1.000e-03 5.000e-01 5.000e+00 2.400e+04 5.000e+00
 1.000e-02]	839.9274657242609
[1.960e+00 4.400e-02 1.092e+00 1.500e+00 1.000e-06 5.000e-01 1.000e+00
 5.000e-03 1.000e-03 1.000e-03 5.000e-01 5.000e+00 2.400e+04 5.000e+00
 1.000e-02]	829.4342572147748
[1.960e+00 4.800e-02 1.092e+00 1.500e+00 1.000e-06 5.000e-01 1.000e+00
 5.000e-03 1.000e-03 1.000e-03 5.000e-01 5.000e+00 2.400e+04 5.000e+00
 1.000e-02]	827.7758634170755
[1.960e+00 5.200e-02 1.092e+00 1.500e+00 1.000e-06 5.000e-01 1.000e+00
 5.000e-03 1.000e-03 1.000e-03 5.000e-01 5.000e+00 2.400e+04 5.000e+00
 1.000e-02]	818.6670092798967
[1.960e+00 5.600e-02 1.092e+00 1.500e+00 1.000e-06 5.000e-01 1.000e+00
 5.000e-03 1.000e-03 1.000e-03 5.000e-01 5.000e+00 2.400e+04 5.000e+00
 1.000e-02]	834.8428166040161
[1.960e+00 6.000e-02 1.092e+00 1.500e+00 1.000e-06 5.000e-01 1.000e+00
 5.000e-03 1.000e-03 1.000e-03 5.000e-01 5.000e+00 2.400e+04 5.000e+00
 1.000e-02]	828.7949804763625
[1.960e+00 6.400e-02 1.092e+00 1.500e+00 1.000e-06 5.000e-01 1.000e+00
 5.000e-03 1.000e-03 1.000e-03 5.000e-01 5.000e+00 2.400e+04 5.000e+00
 1.000e-02]	821.2038082879287
[1.960e+00 6.800e-02 1.092e+00 1.500e+00 1.000e-06 5.000e-01 1.000e+00
 5.000e-03 1.000e-03 1.000e-03 5.000e-01 5.000e+00 2.400e+04 5.000e+00
 1.000e-02]	826.4887218990391
[1.960e+00 7.200e-02 1.092e+00 1.500e+00 1.000e-06 5.000e-01 1.000e+00
 5.000e-03 1.000e-03 1.000e-03 5.000e-01 5.000e+00 2.400e+04 5.000e+00
 1.000e-02]	829.2389909470154
[1.960e+00 7.600e-02 1.092e+00 1.500e+00 1.000e-06 5.000e-01 1.000e+00
 5.000e-03 1.000e-03 1.000e-03 5.000e-01 5.000e+00 2.400e+04 5.000e+00
 1.000e-02]	831.0844841367912
[1.960e+00 8.000e-02 1.092e+00 1.500e+00 1.000e-06 5.000e-01 1.000e+00
 5.000e-03 1.000e-03 1.000e-03 5.000e-01 5.000e+00 2.400e+04 5.000e+00
 1.000e-02]	819.3849689876745
[1.960e+00 8.400e-02 1.092e+00 1.500e+00 1.000e-06 5.000e-01 1.000e+00
 5.000e-03 1.000e-03 1.000e-03 5.000e-01 5.000e+00 2.400e+04 5.000e+00
 1.000e-02]	830.3432733603375
[1.960e+00 8.800e-02 1.092e+00 1.500e+00 1.000e-06 5.000e-01 1.000e+00
 5.000e-03 1.000e-03 1.000e-03 5.000e-01 5.000e+00 2.400e+04 5.000e+00
 1.000e-02]	826.9303566751015
[1.960e+00 9.200e-02 1.092e+00 1.500e+00 1.000e-06 5.000e-01 1.000e+00
 5.000e-03 1.000e-03 1.000e-03 5.000e-01 5.000e+00 2.400e+04 5.000e+00
 1.000e-02]	826.075776644782
[1.960e+00 9.600e-02 1.092e+00 1.500e+00 1.000e-06 5.000e-01 1.000e+00
 5.000e-03 1.000e-03 1.000e-03 5.000e-01 5.000e+00 2.400e+04 5.000e+00
 1.000e-02]	825.2817725836723
[1.960e+00 1.000e-01 1.092e+00 1.500e+00 1.000e-06 5.000e-01 1.000e+00
 5.000e-03 1.000e-03 1.000e-03 5.000e-01 5.000e+00 2.400e+04 5.000e+00
 1.000e-02]	831.9962998609649
[1.960e+00 1.040e-01 1.092e+00 1.500e+00 1.000e-06 5.000e-01 1.000e+00
 5.000e-03 1.000e-03 1.000e-03 5.000e-01 5.000e+00 2.400e+04 5.000e+00
 1.000e-02]	827.9005249755345
[1.960e+00 1.080e-01 1.092e+00 1.500e+00 1.000e-06 5.000e-01 1.000e+00
 5.000e-03 1.000e-03 1.000e-03 5.000e-01 5.000e+00 2.400e+04 5.000e+00
 1.000e-02]	832.1692351481394
[1.960e+00 1.120e-01 1.092e+00 1.500e+00 1.000e-06 5.000e-01 1.000e+00
 5.000e-03 1.000e-03 1.000e-03 5.000e-01 5.000e+00 2.400e+04 5.000e+00
 1.000e-02]	816.3803316001246
[1.960e+00 1.160e-01 1.092e+00 1.500e+00 1.000e-06 5.000e-01 1.000e+00
 5.000e-03 1.000e-03 1.000e-03 5.000e-01 5.000e+00 2.400e+04 5.000e+00
 1.000e-02]	832.3700504032531
[1.960e+00 1.200e-01 1.092e+00 1.500e+00 1.000e-06 5.000e-01 1.000e+00
 5.000e-03 1.000e-03 1.000e-03 5.000e-01 5.000e+00 2.400e+04 5.000e+00
 1.000e-02]	836.8373391632972
[1.960e+00 1.240e-01 1.092e+00 1.500e+00 1.000e-06 5.000e-01 1.000e+00
 5.000e-03 1.000e-03 1.000e-03 5.000e-01 5.000e+00 2.400e+04 5.000e+00
 1.000e-02]	829.2610129302386
[1.960e+00 1.280e-01 1.092e+00 1.500e+00 1.000e-06 5.000e-01 1.000e+00
 5.000e-03 1.000e-03 1.000e-03 5.000e-01 5.000e+00 2.400e+04 5.000e+00
 1.000e-02]	828.8865168588632
[1.960e+00 1.320e-01 1.092e+00 1.500e+00 1.000e-06 5.000e-01 1.000e+00
 5.000e-03 1.000e-03 1.000e-03 5.000e-01 5.000e+00 2.400e+04 5.000e+00
 1.000e-02]	830.8865054766004
[1.960e+00 1.360e-01 1.092e+00 1.500e+00 1.000e-06 5.000e-01 1.000e+00
 5.000e-03 1.000e-03 1.000e-03 5.000e-01 5.000e+00 2.400e+04 5.000e+00
 1.000e-02]	829.7657995589349
[1.960e+00 1.400e-01 1.092e+00 1.500e+00 1.000e-06 5.000e-01 1.000e+00
 5.000e-03 1.000e-03 1.000e-03 5.000e-01 5.000e+00 2.400e+04 5.000e+00
 1.000e-02]	841.5838315657926
[1.960e+00 1.440e-01 1.092e+00 1.500e+00 1.000e-06 5.000e-01 1.000e+00
 5.000e-03 1.000e-03 1.000e-03 5.000e-01 5.000e+00 2.400e+04 5.000e+00
 1.000e-02]	818.7854258524085
[1.960e+00 1.480e-01 1.092e+00 1.500e+00 1.000e-06 5.000e-01 1.000e+00
 5.000e-03 1.000e-03 1.000e-03 5.000e-01 5.000e+00 2.400e+04 5.000e+00
 1.000e-02]	825.3674421928251
[1.960e+00 1.520e-01 1.092e+00 1.500e+00 1.000e-06 5.000e-01 1.000e+00
 5.000e-03 1.000e-03 1.000e-03 5.000e-01 5.000e+00 2.400e+04 5.000e+00
 1.000e-02]	825.0722961292768
[1.960e+00 1.560e-01 1.092e+00 1.500e+00 1.000e-06 5.000e-01 1.000e+00
 5.000e-03 1.000e-03 1.000e-03 5.000e-01 5.000e+00 2.400e+04 5.000e+00
 1.000e-02]	822.5822793327227
[1.960e+00 1.600e-01 1.092e+00 1.500e+00 1.000e-06 5.000e-01 1.000e+00
 5.000e-03 1.000e-03 1.000e-03 5.000e-01 5.000e+00 2.400e+04 5.000e+00
 1.000e-02]	836.562977634093
[1.960e+00 1.640e-01 1.092e+00 1.500e+00 1.000e-06 5.000e-01 1.000e+00
 5.000e-03 1.000e-03 1.000e-03 5.000e-01 5.000e+00 2.400e+04 5.000e+00
 1.000e-02]	823.4127792905463
[1.960e+00 1.680e-01 1.092e+00 1.500e+00 1.000e-06 5.000e-01 1.000e+00
 5.000e-03 1.000e-03 1.000e-03 5.000e-01 5.000e+00 2.400e+04 5.000e+00
 1.000e-02]	825.5556916591129
[1.960e+00 1.720e-01 1.092e+00 1.500e+00 1.000e-06 5.000e-01 1.000e+00
 5.000e-03 1.000e-03 1.000e-03 5.000e-01 5.000e+00 2.400e+04 5.000e+00
 1.000e-02]	828.3755280491749
[1.960e+00 1.760e-01 1.092e+00 1.500e+00 1.000e-06 5.000e-01 1.000e+00
 5.000e-03 1.000e-03 1.000e-03 5.000e-01 5.000e+00 2.400e+04 5.000e+00
 1.000e-02]	825.7686432016652
[1.960e+00 1.800e-01 1.092e+00 1.500e+00 1.000e-06 5.000e-01 1.000e+00
 5.000e-03 1.000e-03 1.000e-03 5.000e-01 5.000e+00 2.400e+04 5.000e+00
 1.000e-02]	834.1261002248367
[1.960e+00 1.840e-01 1.092e+00 1.500e+00 1.000e-06 5.000e-01 1.000e+00
 5.000e-03 1.000e-03 1.000e-03 5.000e-01 5.000e+00 2.400e+04 5.000e+00
 1.000e-02]	818.3393340201561
[1.960e+00 1.880e-01 1.092e+00 1.500e+00 1.000e-06 5.000e-01 1.000e+00
 5.000e-03 1.000e-03 1.000e-03 5.000e-01 5.000e+00 2.400e+04 5.000e+00
 1.000e-02]	827.4107064876596
[1.960e+00 1.920e-01 1.092e+00 1.500e+00 1.000e-06 5.000e-01 1.000e+00
 5.000e-03 1.000e-03 1.000e-03 5.000e-01 5.000e+00 2.400e+04 5.000e+00
 1.000e-02]	835.0027855675272
[1.960e+00 1.960e-01 1.092e+00 1.500e+00 1.000e-06 5.000e-01 1.000e+00
 5.000e-03 1.000e-03 1.000e-03 5.000e-01 5.000e+00 2.400e+04 5.000e+00
 1.000e-02]	818.6817690916191
[1.96e+00 1.96e-01 0.00e+00 1.50e+00 1.00e-06 5.00e-01 1.00e+00 5.00e-03
 1.00e-03 1.00e-03 5.00e-01 5.00e+00 2.40e+04 5.00e+00 1.00e-02]	832.6498761982782
[1.96e+00 1.96e-01 4.00e-03 1.50e+00 1.00e-06 5.00e-01 1.00e+00 5.00e-03
 1.00e-03 1.00e-03 5.00e-01 5.00e+00 2.40e+04 5.00e+00 1.00e-02]	818.4186996688444
[1.96e+00 1.96e-01 8.00e-03 1.50e+00 1.00e-06 5.00e-01 1.00e+00 5.00e-03
 1.00e-03 1.00e-03 5.00e-01 5.00e+00 2.40e+04 5.00e+00 1.00e-02]	831.7769702942428
[1.96e+00 1.96e-01 1.20e-02 1.50e+00 1.00e-06 5.00e-01 1.00e+00 5.00e-03
 1.00e-03 1.00e-03 5.00e-01 5.00e+00 2.40e+04 5.00e+00 1.00e-02]	825.3135933408714
[1.96e+00 1.96e-01 1.60e-02 1.50e+00 1.00e-06 5.00e-01 1.00e+00 5.00e-03
 1.00e-03 1.00e-03 5.00e-01 5.00e+00 2.40e+04 5.00e+00 1.00e-02]	823.082972737901
[1.96e+00 1.96e-01 2.00e-02 1.50e+00 1.00e-06 5.00e-01 1.00e+00 5.00e-03
 1.00e-03 1.00e-03 5.00e-01 5.00e+00 2.40e+04 5.00e+00 1.00e-02]	830.1372926494535
[1.96e+00 1.96e-01 2.40e-02 1.50e+00 1.00e-06 5.00e-01 1.00e+00 5.00e-03
 1.00e-03 1.00e-03 5.00e-01 5.00e+00 2.40e+04 5.00e+00 1.00e-02]	825.884147987853
[1.96e+00 1.96e-01 2.80e-02 1.50e+00 1.00e-06 5.00e-01 1.00e+00 5.00e-03
 1.00e-03 1.00e-03 5.00e-01 5.00e+00 2.40e+04 5.00e+00 1.00e-02]	818.6018136147808
[1.96e+00 1.96e-01 3.20e-02 1.50e+00 1.00e-06 5.00e-01 1.00e+00 5.00e-03
 1.00e-03 1.00e-03 5.00e-01 5.00e+00 2.40e+04 5.00e+00 1.00e-02]	819.7501079390223
[1.96e+00 1.96e-01 3.60e-02 1.50e+00 1.00e-06 5.00e-01 1.00e+00 5.00e-03
 1.00e-03 1.00e-03 5.00e-01 5.00e+00 2.40e+04 5.00e+00 1.00e-02]	820.6771913212137
[1.96e+00 1.96e-01 4.00e-02 1.50e+00 1.00e-06 5.00e-01 1.00e+00 5.00e-03
 1.00e-03 1.00e-03 5.00e-01 5.00e+00 2.40e+04 5.00e+00 1.00e-02]	834.0509665582057
[1.96e+00 1.96e-01 4.40e-02 1.50e+00 1.00e-06 5.00e-01 1.00e+00 5.00e-03
 1.00e-03 1.00e-03 5.00e-01 5.00e+00 2.40e+04 5.00e+00 1.00e-02]	818.5520212916282
[1.96e+00 1.96e-01 4.80e-02 1.50e+00 1.00e-06 5.00e-01 1.00e+00 5.00e-03
 1.00e-03 1.00e-03 5.00e-01 5.00e+00 2.40e+04 5.00e+00 1.00e-02]	817.7310333977458
[1.96e+00 1.96e-01 5.20e-02 1.50e+00 1.00e-06 5.00e-01 1.00e+00 5.00e-03
 1.00e-03 1.00e-03 5.00e-01 5.00e+00 2.40e+04 5.00e+00 1.00e-02]	818.370263487363
[1.96e+00 1.96e-01 5.60e-02 1.50e+00 1.00e-06 5.00e-01 1.00e+00 5.00e-03
 1.00e-03 1.00e-03 5.00e-01 5.00e+00 2.40e+04 5.00e+00 1.00e-02]	818.002274206311
[1.96e+00 1.96e-01 6.00e-02 1.50e+00 1.00e-06 5.00e-01 1.00e+00 5.00e-03
 1.00e-03 1.00e-03 5.00e-01 5.00e+00 2.40e+04 5.00e+00 1.00e-02]	809.6265825857372
[1.96e+00 1.96e-01 6.40e-02 1.50e+00 1.00e-06 5.00e-01 1.00e+00 5.00e-03
 1.00e-03 1.00e-03 5.00e-01 5.00e+00 2.40e+04 5.00e+00 1.00e-02]	832.3825699747257
[1.96e+00 1.96e-01 6.80e-02 1.50e+00 1.00e-06 5.00e-01 1.00e+00 5.00e-03
 1.00e-03 1.00e-03 5.00e-01 5.00e+00 2.40e+04 5.00e+00 1.00e-02]	818.6018136147808
[1.96e+00 1.96e-01 7.20e-02 1.50e+00 1.00e-06 5.00e-01 1.00e+00 5.00e-03
 1.00e-03 1.00e-03 5.00e-01 5.00e+00 2.40e+04 5.00e+00 1.00e-02]	830.1709791789613
[1.96e+00 1.96e-01 7.60e-02 1.50e+00 1.00e-06 5.00e-01 1.00e+00 5.00e-03
 1.00e-03 1.00e-03 5.00e-01 5.00e+00 2.40e+04 5.00e+00 1.00e-02]	829.9098159581947
[1.96e+00 1.96e-01 8.00e-02 1.50e+00 1.00e-06 5.00e-01 1.00e+00 5.00e-03
 1.00e-03 1.00e-03 5.00e-01 5.00e+00 2.40e+04 5.00e+00 1.00e-02]	812.0392832704892
[1.96e+00 1.96e-01 8.40e-02 1.50e+00 1.00e-06 5.00e-01 1.00e+00 5.00e-03
 1.00e-03 1.00e-03 5.00e-01 5.00e+00 2.40e+04 5.00e+00 1.00e-02]	837.7845913447868
[1.96e+00 1.96e-01 8.80e-02 1.50e+00 1.00e-06 5.00e-01 1.00e+00 5.00e-03
 1.00e-03 1.00e-03 5.00e-01 5.00e+00 2.40e+04 5.00e+00 1.00e-02]	817.9236625608469
[1.96e+00 1.96e-01 9.20e-02 1.50e+00 1.00e-06 5.00e-01 1.00e+00 5.00e-03
 1.00e-03 1.00e-03 5.00e-01 5.00e+00 2.40e+04 5.00e+00 1.00e-02]	818.6018136147808
[1.96e+00 1.96e-01 9.60e-02 1.50e+00 1.00e-06 5.00e-01 1.00e+00 5.00e-03
 1.00e-03 1.00e-03 5.00e-01 5.00e+00 2.40e+04 5.00e+00 1.00e-02]	827.3046426686524
[1.96e+00 1.96e-01 1.00e-01 1.50e+00 1.00e-06 5.00e-01 1.00e+00 5.00e-03
 1.00e-03 1.00e-03 5.00e-01 5.00e+00 2.40e+04 5.00e+00 1.00e-02]	824.8250224184948
[1.96e+00 1.96e-01 1.04e-01 1.50e+00 1.00e-06 5.00e-01 1.00e+00 5.00e-03
 1.00e-03 1.00e-03 5.00e-01 5.00e+00 2.40e+04 5.00e+00 1.00e-02]	813.9254703481664
[1.96e+00 1.96e-01 1.08e-01 1.50e+00 1.00e-06 5.00e-01 1.00e+00 5.00e-03
 1.00e-03 1.00e-03 5.00e-01 5.00e+00 2.40e+04 5.00e+00 1.00e-02]	809.518939495276
[1.96e+00 1.96e-01 1.12e-01 1.50e+00 1.00e-06 5.00e-01 1.00e+00 5.00e-03
 1.00e-03 1.00e-03 5.00e-01 5.00e+00 2.40e+04 5.00e+00 1.00e-02]	826.689097388175
[1.96e+00 1.96e-01 1.16e-01 1.50e+00 1.00e-06 5.00e-01 1.00e+00 5.00e-03
 1.00e-03 1.00e-03 5.00e-01 5.00e+00 2.40e+04 5.00e+00 1.00e-02]	826.479322065887
[1.96e+00 1.96e-01 1.20e-01 1.50e+00 1.00e-06 5.00e-01 1.00e+00 5.00e-03
 1.00e-03 1.00e-03 5.00e-01 5.00e+00 2.40e+04 5.00e+00 1.00e-02]	825.2868034534572
[1.96e+00 1.96e-01 1.24e-01 1.50e+00 1.00e-06 5.00e-01 1.00e+00 5.00e-03
 1.00e-03 1.00e-03 5.00e-01 5.00e+00 2.40e+04 5.00e+00 1.00e-02]	818.6018136147808
[1.96e+00 1.96e-01 1.28e-01 1.50e+00 1.00e-06 5.00e-01 1.00e+00 5.00e-03
 1.00e-03 1.00e-03 5.00e-01 5.00e+00 2.40e+04 5.00e+00 1.00e-02]	837.8388410646847
[1.96e+00 1.96e-01 1.32e-01 1.50e+00 1.00e-06 5.00e-01 1.00e+00 5.00e-03
 1.00e-03 1.00e-03 5.00e-01 5.00e+00 2.40e+04 5.00e+00 1.00e-02]	814.9114533090745
[1.96e+00 1.96e-01 1.36e-01 1.50e+00 1.00e-06 5.00e-01 1.00e+00 5.00e-03
 1.00e-03 1.00e-03 5.00e-01 5.00e+00 2.40e+04 5.00e+00 1.00e-02]	824.5370672379704
[1.96e+00 1.96e-01 1.40e-01 1.50e+00 1.00e-06 5.00e-01 1.00e+00 5.00e-03
 1.00e-03 1.00e-03 5.00e-01 5.00e+00 2.40e+04 5.00e+00 1.00e-02]	829.7169134650408
[1.96e+00 1.96e-01 1.44e-01 1.50e+00 1.00e-06 5.00e-01 1.00e+00 5.00e-03
 1.00e-03 1.00e-03 5.00e-01 5.00e+00 2.40e+04 5.00e+00 1.00e-02]	819.5167106752031
[1.96e+00 1.96e-01 1.48e-01 1.50e+00 1.00e-06 5.00e-01 1.00e+00 5.00e-03
 1.00e-03 1.00e-03 5.00e-01 5.00e+00 2.40e+04 5.00e+00 1.00e-02]	823.7468546306701
[1.96e+00 1.96e-01 1.52e-01 1.50e+00 1.00e-06 5.00e-01 1.00e+00 5.00e-03
 1.00e-03 1.00e-03 5.00e-01 5.00e+00 2.40e+04 5.00e+00 1.00e-02]	827.0284839412113
[1.96e+00 1.96e-01 1.56e-01 1.50e+00 1.00e-06 5.00e-01 1.00e+00 5.00e-03
 1.00e-03 1.00e-03 5.00e-01 5.00e+00 2.40e+04 5.00e+00 1.00e-02]	818.4186996688444
[1.96e+00 1.96e-01 1.60e-01 1.50e+00 1.00e-06 5.00e-01 1.00e+00 5.00e-03
 1.00e-03 1.00e-03 5.00e-01 5.00e+00 2.40e+04 5.00e+00 1.00e-02]	820.9003613520075
[1.96e+00 1.96e-01 1.64e-01 1.50e+00 1.00e-06 5.00e-01 1.00e+00 5.00e-03
 1.00e-03 1.00e-03 5.00e-01 5.00e+00 2.40e+04 5.00e+00 1.00e-02]	814.9278743782576
[1.96e+00 1.96e-01 1.68e-01 1.50e+00 1.00e-06 5.00e-01 1.00e+00 5.00e-03
 1.00e-03 1.00e-03 5.00e-01 5.00e+00 2.40e+04 5.00e+00 1.00e-02]	828.6282286036183
