
samples_per_chain:,12
burnin:,0.25
num params:,415
initial_proposed_vec:,[ 1.17571510e+00  1.22466417e+00  8.01355301e-01  1.01659741e+00
  9.14799431e-07  5.18846934e-01  1.16583849e+00  4.23972322e-03
  8.71050619e-04  8.76714394e-04  5.61618730e-01  5.20567036e+00
  2.40012587e+04  4.29294467e+00  6.67881918e-03  1.90762157e+02
 -1.73242689e+02  3.11724418e+01  3.20844318e+00 -1.39360273e+02
  1.02000997e+02 -9.40071828e+01 -7.70361452e+01 -1.17902739e+02
 -1.44070038e+02  3.92213180e+01  1.53673905e+02  1.84711322e+02
 -3.12283738e+01 -6.16972942e+01  7.79353590e+01 -1.61322568e+02
  9.10436045e+01 -1.65133101e+02  1.91600817e+02 -1.71787993e+02
 -4.12199702e+01  1.07954779e+02 -9.34473814e+01 -9.96271645e+01
 -1.32880415e+01 -4.85663097e+01 -4.95036388e+00  7.05837470e+01
  7.86099309e+01  1.72637127e+02 -4.99477224e+00  7.62157742e+01
 -5.70345133e+01  1.42901573e+02 -5.02499192e+01 -1.49598804e+02
 -1.29239926e+01  6.62157596e+01 -4.17763887e+01 -1.32936751e+02
  6.70309206e+01  1.91098024e+02 -1.60595576e+02  6.67237269e+01
  9.71096081e+01 -1.99812416e+02 -1.91583389e+02  7.50351967e+01
 -1.65715508e+02 -1.72586929e+02  7.71410994e+01 -1.82370712e+02
  1.41992608e+02  1.02137501e+02 -9.02381624e+01 -1.62137023e+02
  1.72333290e+02 -4.05925767e+01 -6.29285837e+01  8.02123050e+00
  8.50493319e+01  1.89553337e+00  4.74643181e+01  1.42686420e+01
  1.96530258e+02 -1.82278390e+02  1.98072653e+02 -1.45433257e+02
 -1.10678584e+02  5.31401194e+01 -3.15210876e+01  2.12837416e+01
 -2.24944986e+01 -9.32334711e+01  1.78957027e+02  1.48095132e+02
  7.93420271e+01 -1.50285943e+02 -9.95501153e+01 -6.49655593e+01
  1.00599923e+02 -1.15416777e+02  2.35974845e+01 -1.99586301e+02
  1.79014456e+02 -4.57159420e+01 -9.40412298e+01  3.23945352e+01
 -1.87849132e+01  7.89615117e+01  1.59332987e+02 -1.74145289e+02
 -1.73765891e+02  1.58914742e+02  1.82292072e+02 -1.14878465e+02
 -1.68931013e+02 -7.21963543e+01  1.47570866e+02 -1.16351953e+01
 -1.56594577e+02  3.78127598e+01 -4.94385305e+01 -1.39578213e+02
  3.47443068e+01  4.47613866e+00 -5.27400886e+01 -1.42514221e+02
  1.94141396e+02 -1.34022493e+02 -1.44828273e+02 -1.55497811e+02
  6.79781809e+01 -1.87318542e+02  1.23544178e+02 -8.03716022e+01
  4.61197860e+01  1.26381589e+02 -1.68655276e+02  5.48791979e+01
  1.18036249e+02 -1.53901808e+01 -8.90368316e+01  9.84452564e+01
 -1.11049159e+02  1.00681314e+02 -1.06964940e+02  1.31700340e+02
 -1.46256790e+02 -1.16550729e+02  1.01971500e+02 -1.88949890e+02
 -1.90670389e+02 -1.74865555e+02 -5.52654312e+01  1.22606454e+02
 -8.94004616e+01  1.09055107e+02 -5.72771028e+01  6.18641903e+01
  1.55223318e+02  4.63178155e+01  1.59841359e+02  3.81259051e+00
  9.75734499e+01  1.95077526e+02  5.87213923e+01  1.20786303e+02
 -1.35720228e+02 -1.87107718e+01  1.59769094e+01 -1.54631734e+02
 -1.35188392e+02  1.38977321e+02  8.18621282e+01  2.81118329e+00
  9.02672420e+01 -4.80602493e+01  9.90902279e+01 -6.51515126e+01
 -1.54593672e+02  1.67111268e+02 -1.49445237e+01  1.64062858e+02
 -8.07240003e+01 -1.55019980e+02 -3.77008159e+01  2.19045806e+01
  1.82611631e+02 -1.87297586e+02  1.20567937e+01 -2.29362459e+01
 -1.49577764e+02 -1.03201375e+02  5.91661785e+01  1.95874607e+02
 -7.13600016e+01 -8.55159106e+01  8.84077451e+00  4.06417519e+01
  1.37227967e+02 -3.34295529e+01 -2.07137459e+01 -1.46330282e+02
 -4.64766958e+01 -5.81158692e+01  8.29305660e+01 -3.50757551e+00
  1.56369478e+02  2.77838166e+01 -1.33525753e+02  1.90364774e+02
  1.64235883e+02  1.27281170e+02 -5.86367881e-01  1.38566984e+02
 -1.58497790e+02 -1.15768936e+01  1.16555607e+02 -2.25489889e+01
 -9.50554900e+01 -1.37790396e+02 -1.24698077e+02 -1.27897665e+02
  1.83052938e+02 -1.43415295e+02  1.87850814e+02 -1.58809350e+02
  1.00678937e+02 -1.38759076e+02 -1.70391766e+02 -5.33362802e+01
  4.95348797e+01 -9.50288888e+01 -1.66171120e+02  1.68449791e+02
  1.13801625e+02 -1.01575748e+02  2.82132080e+01  1.25177836e+02
  1.78206622e+02  6.82252933e+01 -8.40495058e+01  3.91393560e+01
  8.74587731e+01 -1.11362794e+02 -1.41713899e+02  6.07425840e+01
  1.06175158e+02  1.95675019e+02 -1.30493195e+02 -1.47221935e+02
  2.80049328e+01 -1.12979180e+02 -1.57560836e+02 -1.80538141e+02
  1.39855802e+02  5.79327820e+01 -1.43499969e+02 -5.97641609e+00
  1.73707382e+02 -1.51724548e+02  1.04958281e+02  4.49428083e+01
  9.28306650e+01 -7.97590800e+01  1.41938329e+02 -1.12058409e+02
 -5.96325067e+01 -2.49363898e+00 -5.29797243e+01 -8.07832396e-01
  1.93803403e+02 -8.69842592e+01  1.32496005e+02 -5.09571846e+01
  4.14574023e+01 -1.70548247e+02  8.30675785e+01 -1.77645159e+01
  1.73206616e+02 -1.95886904e+02  7.26354763e+01 -1.05187040e+02
 -1.63354705e+02  5.38740342e+01  9.33032173e+01  1.06952946e+02
 -1.46928442e+02 -3.44778059e+01  1.72094023e+01 -1.47509171e+02
 -1.00676401e+02  1.21754020e+02  1.95935574e+02 -1.83227351e+02
 -9.76511557e+01 -8.37452419e+01  7.41703541e+01 -3.25154750e+01
  1.47154234e+02  2.78884451e+01 -2.42146468e+01 -1.39104445e+02
  5.40010041e+01  1.83297157e+01  6.92844721e+01 -1.49097875e+02
 -1.87344139e+02 -4.36014145e+01  1.65825055e+02  1.10738317e+02
  1.43355694e+02 -1.13055415e+02  1.16933167e+02  9.63932323e+01
 -1.29110435e+02 -1.16691124e+02  1.12308492e+02  4.52299666e+01
  1.98235468e+02 -4.25874580e+01  1.72261499e+02  1.66968715e+02
 -9.50048294e+00 -1.22236354e+02 -5.07939176e+00  7.44796973e+01
  1.01926684e+02 -4.01411035e+01 -1.77853390e+02  4.23416687e+01
 -1.54834590e+01  9.54172934e+01  7.08740335e+00  1.69080509e+02
 -1.95987766e+02  9.96030547e+01  8.17650180e+01 -1.78720313e+02
 -1.18322425e+02  1.64920564e+02  1.23539695e+02 -1.90841788e+02
 -1.08867575e+02 -1.44530845e+02  3.58632359e+01 -1.59455943e+02
 -6.44205035e+01 -1.27425153e+02  9.08645314e+01 -1.91856851e+02
  1.45758816e+02 -2.38166388e+01 -5.02015515e+01 -1.82773272e+02
 -4.31794324e+01 -5.37918010e+01 -1.31773589e+02  8.34994451e+01
  4.43533687e+01  1.87522511e+02  9.89388842e+01 -5.26236190e+01
 -1.71940896e+02  1.37159712e+02 -1.85927355e+02  1.23471370e+02
  1.07837327e+02  7.14279602e+01  4.49763109e+01  1.93837065e+00
  1.69926594e+02  1.86567808e+02 -3.93910805e+01  1.76035944e+02
  1.19751057e+02 -5.66382619e+01 -1.82383241e+02  1.18655846e+02
 -6.39495325e+01  1.15707105e+02 -1.63921236e+02 -1.68368242e+02
  9.05418048e+01  8.46371775e+01 -8.67616450e+01 -6.45764218e+01
 -1.73845210e+02  1.74077424e+02  1.77474629e+01  2.96310837e+01
 -1.40280824e+02 -1.37470050e+02  1.16825654e+02 -1.90024351e+01
 -2.51248704e+01 -7.88832302e+01  1.23168606e+02  1.08827172e+02
  1.07667382e+02 -1.01546058e+02  7.63996455e+01  6.83608735e+01
  1.54578176e+02  1.21407296e+02 -1.59684979e+02 -1.54117993e+02
 -1.21237444e+02 -1.41736703e+01 -1.35285064e+02 -1.92816671e+02
 -1.45876162e+02 -1.77051026e+01 -2.20527227e+00  2.77593033e+01
 -1.96580193e+02 -1.12127997e+02  9.66914624e+01]
stepsize_vec:,[5.0e-02 5.0e-02 5.0e-02 5.0e-02 4.0e-08 5.0e-03 4.0e-02 3.0e-04 1.2e-04
 4.0e-05 2.0e-02 2.0e-01 1.0e-01 2.0e-01 1.5e-03 4.0e+01 4.0e+01 4.0e+01
 4.0e+01 4.0e+01 4.0e+01 4.0e+01 4.0e+01 4.0e+01 4.0e+01 4.0e+01 4.0e+01
 4.0e+01 4.0e+01 4.0e+01 4.0e+01 4.0e+01 4.0e+01 4.0e+01 4.0e+01 4.0e+01
 4.0e+01 4.0e+01 4.0e+01 4.0e+01 4.0e+01 4.0e+01 4.0e+01 4.0e+01 4.0e+01
 4.0e+01 4.0e+01 4.0e+01 4.0e+01 4.0e+01 4.0e+01 4.0e+01 4.0e+01 4.0e+01
 4.0e+01 4.0e+01 4.0e+01 4.0e+01 4.0e+01 4.0e+01 4.0e+01 4.0e+01 4.0e+01
 4.0e+01 4.0e+01 4.0e+01 4.0e+01 4.0e+01 4.0e+01 4.0e+01 4.0e+01 4.0e+01
 4.0e+01 4.0e+01 4.0e+01 4.0e+01 4.0e+01 4.0e+01 4.0e+01 4.0e+01 4.0e+01
 4.0e+01 4.0e+01 4.0e+01 4.0e+01 4.0e+01 4.0e+01 4.0e+01 4.0e+01 4.0e+01
 4.0e+01 4.0e+01 4.0e+01 4.0e+01 4.0e+01 4.0e+01 4.0e+01 4.0e+01 4.0e+01
 4.0e+01 4.0e+01 4.0e+01 4.0e+01 4.0e+01 4.0e+01 4.0e+01 4.0e+01 4.0e+01
 4.0e+01 4.0e+01 4.0e+01 4.0e+01 4.0e+01 4.0e+01 4.0e+01 4.0e+01 4.0e+01
 4.0e+01 4.0e+01 4.0e+01 4.0e+01 4.0e+01 4.0e+01 4.0e+01 4.0e+01 4.0e+01
 4.0e+01 4.0e+01 4.0e+01 4.0e+01 4.0e+01 4.0e+01 4.0e+01 4.0e+01 4.0e+01
 4.0e+01 4.0e+01 4.0e+01 4.0e+01 4.0e+01 4.0e+01 4.0e+01 4.0e+01 4.0e+01
 4.0e+01 4.0e+01 4.0e+01 4.0e+01 4.0e+01 4.0e+01 4.0e+01 4.0e+01 4.0e+01
 4.0e+01 4.0e+01 4.0e+01 4.0e+01 4.0e+01 4.0e+01 4.0e+01 4.0e+01 4.0e+01
 4.0e+01 4.0e+01 4.0e+01 4.0e+01 4.0e+01 4.0e+01 4.0e+01 4.0e+01 4.0e+01
 4.0e+01 4.0e+01 4.0e+01 4.0e+01 4.0e+01 4.0e+01 4.0e+01 4.0e+01 4.0e+01
 4.0e+01 4.0e+01 4.0e+01 4.0e+01 4.0e+01 4.0e+01 4.0e+01 4.0e+01 4.0e+01
 4.0e+01 4.0e+01 4.0e+01 4.0e+01 4.0e+01 4.0e+01 4.0e+01 4.0e+01 4.0e+01
 4.0e+01 4.0e+01 4.0e+01 4.0e+01 4.0e+01 4.0e+01 4.0e+01 4.0e+01 4.0e+01
 4.0e+01 4.0e+01 4.0e+01 4.0e+01 4.0e+01 4.0e+01 4.0e+01 4.0e+01 4.0e+01
 4.0e+01 4.0e+01 4.0e+01 4.0e+01 4.0e+01 4.0e+01 4.0e+01 4.0e+01 4.0e+01
 4.0e+01 4.0e+01 4.0e+01 4.0e+01 4.0e+01 4.0e+01 4.0e+01 4.0e+01 4.0e+01
 4.0e+01 4.0e+01 4.0e+01 4.0e+01 4.0e+01 4.0e+01 4.0e+01 4.0e+01 4.0e+01
 4.0e+01 4.0e+01 4.0e+01 4.0e+01 4.0e+01 4.0e+01 4.0e+01 4.0e+01 4.0e+01
 4.0e+01 4.0e+01 4.0e+01 4.0e+01 4.0e+01 4.0e+01 4.0e+01 4.0e+01 4.0e+01
 4.0e+01 4.0e+01 4.0e+01 4.0e+01 4.0e+01 4.0e+01 4.0e+01 4.0e+01 4.0e+01
 4.0e+01 4.0e+01 4.0e+01 4.0e+01 4.0e+01 4.0e+01 4.0e+01 4.0e+01 4.0e+01
 4.0e+01 4.0e+01 4.0e+01 4.0e+01 4.0e+01 4.0e+01 4.0e+01 4.0e+01 4.0e+01
 4.0e+01 4.0e+01 4.0e+01 4.0e+01 4.0e+01 4.0e+01 4.0e+01 4.0e+01 4.0e+01
 4.0e+01 4.0e+01 4.0e+01 4.0e+01 4.0e+01 4.0e+01 4.0e+01 4.0e+01 4.0e+01
 4.0e+01 4.0e+01 4.0e+01 4.0e+01 4.0e+01 4.0e+01 4.0e+01 4.0e+01 4.0e+01
 4.0e+01 4.0e+01 4.0e+01 4.0e+01 4.0e+01 4.0e+01 4.0e+01 4.0e+01 4.0e+01
 4.0e+01 4.0e+01 4.0e+01 4.0e+01 4.0e+01 4.0e+01 4.0e+01 4.0e+01 4.0e+01
 4.0e+01 4.0e+01 4.0e+01 4.0e+01 4.0e+01 4.0e+01 4.0e+01 4.0e+01 4.0e+01
 4.0e+01 4.0e+01 4.0e+01 4.0e+01 4.0e+01 4.0e+01 4.0e+01 4.0e+01 4.0e+01
 4.0e+01 4.0e+01 4.0e+01 4.0e+01 4.0e+01 4.0e+01 4.0e+01 4.0e+01 4.0e+01
 4.0e+01 4.0e+01 4.0e+01 4.0e+01 4.0e+01 4.0e+01 4.0e+01 4.0e+01 4.0e+01
 4.0e+01 4.0e+01 4.0e+01 4.0e+01 4.0e+01 4.0e+01 4.0e+01 4.0e+01 4.0e+01
 4.0e+01 4.0e+01 4.0e+01 4.0e+01 4.0e+01 4.0e+01 4.0e+01 4.0e+01 4.0e+01
 4.0e+01 4.0e+01 4.0e+01 4.0e+01 4.0e+01 4.0e+01 4.0e+01 4.0e+01 4.0e+01
 4.0e+01 4.0e+01 4.0e+01 4.0e+01 4.0e+01 4.0e+01 4.0e+01 4.0e+01 4.0e+01
 4.0e+01 4.0e+01 4.0e+01 4.0e+01 4.0e+01 4.0e+01 4.0e+01 4.0e+01 4.0e+01
 4.0e+01]
step_ratio_vec:,[0.1 0.1 0.1 0.1 0.1 0.1 0.1 0.1 0.1 0.1 0.1 0.1 0.1 0.1 0.1 0.1 0.1 0.1
 0.1 0.1 0.1 0.1 0.1 0.1 0.1 0.1 0.1 0.1 0.1 0.1 0.1 0.1 0.1 0.1 0.1 0.1
 0.1 0.1 0.1 0.1 0.1 0.1 0.1 0.1 0.1 0.1 0.1 0.1 0.1 0.1 0.1 0.1 0.1 0.1
 0.1 0.1 0.1 0.1 0.1 0.1 0.1 0.1 0.1 0.1 0.1 0.1 0.1 0.1 0.1 0.1 0.1 0.1
 0.1 0.1 0.1 0.1 0.1 0.1 0.1 0.1 0.1 0.1 0.1 0.1 0.1 0.1 0.1 0.1 0.1 0.1
 0.1 0.1 0.1 0.1 0.1 0.1 0.1 0.1 0.1 0.1 0.1 0.1 0.1 0.1 0.1 0.1 0.1 0.1
 0.1 0.1 0.1 0.1 0.1 0.1 0.1 0.1 0.1 0.1 0.1 0.1 0.1 0.1 0.1 0.1 0.1 0.1
 0.1 0.1 0.1 0.1 0.1 0.1 0.1 0.1 0.1 0.1 0.1 0.1 0.1 0.1 0.1 0.1 0.1 0.1
 0.1 0.1 0.1 0.1 0.1 0.1 0.1 0.1 0.1 0.1 0.1 0.1 0.1 0.1 0.1 0.1 0.1 0.1
 0.1 0.1 0.1 0.1 0.1 0.1 0.1 0.1 0.1 0.1 0.1 0.1 0.1 0.1 0.1 0.1 0.1 0.1
 0.1 0.1 0.1 0.1 0.1 0.1 0.1 0.1 0.1 0.1 0.1 0.1 0.1 0.1 0.1 0.1 0.1 0.1
 0.1 0.1 0.1 0.1 0.1 0.1 0.1 0.1 0.1 0.1 0.1 0.1 0.1 0.1 0.1 0.1 0.1 0.1
 0.1 0.1 0.1 0.1 0.1 0.1 0.1 0.1 0.1 0.1 0.1 0.1 0.1 0.1 0.1 0.1 0.1 0.1
 0.1 0.1 0.1 0.1 0.1 0.1 0.1 0.1 0.1 0.1 0.1 0.1 0.1 0.1 0.1 0.1 0.1 0.1
 0.1 0.1 0.1 0.1 0.1 0.1 0.1 0.1 0.1 0.1 0.1 0.1 0.1 0.1 0.1 0.1 0.1 0.1
 0.1 0.1 0.1 0.1 0.1 0.1 0.1 0.1 0.1 0.1 0.1 0.1 0.1 0.1 0.1 0.1 0.1 0.1
 0.1 0.1 0.1 0.1 0.1 0.1 0.1 0.1 0.1 0.1 0.1 0.1 0.1 0.1 0.1 0.1 0.1 0.1
 0.1 0.1 0.1 0.1 0.1 0.1 0.1 0.1 0.1 0.1 0.1 0.1 0.1 0.1 0.1 0.1 0.1 0.1
 0.1 0.1 0.1 0.1 0.1 0.1 0.1 0.1 0.1 0.1 0.1 0.1 0.1 0.1 0.1 0.1 0.1 0.1
 0.1 0.1 0.1 0.1 0.1 0.1 0.1 0.1 0.1 0.1 0.1 0.1 0.1 0.1 0.1 0.1 0.1 0.1
 0.1 0.1 0.1 0.1 0.1 0.1 0.1 0.1 0.1 0.1 0.1 0.1 0.1 0.1 0.1 0.1 0.1 0.1
 0.1 0.1 0.1 0.1 0.1 0.1 0.1 0.1 0.1 0.1 0.1 0.1 0.1 0.1 0.1 0.1 0.1 0.1
 0.1 0.1 0.1 0.1 0.1 0.1 0.1 0.1 0.1 0.1 0.1 0.1 0.1 0.1 0.1 0.1 0.1 0.1
 0.1]
swap interval:,100
sim interval:,[-1.1175e+08 -7.4500e+07 -3.7250e+07  0.0000e+00]
likelihood_sed (T/F):,True
erodep_coords:,[[ 0  3]
 [42 94]
 [42 95]
 ...
 [96 78]
 [96 79]
 [96 80]]
sed scaling factor:,50
samples_per_chain:,12
burnin:,0.25
num params:,415
initial_proposed_vec:,[ 1.17571510e+00  1.22466417e+00  8.01355301e-01  1.01659741e+00
  9.14799431e-07  5.18846934e-01  1.16583849e+00  4.23972322e-03
  8.71050619e-04  8.76714394e-04  5.61618730e-01  5.20567036e+00
  2.40012587e+04  4.29294467e+00  6.67881918e-03  1.90762157e+02
 -1.73242689e+02  3.11724418e+01  3.20844318e+00 -1.39360273e+02
  1.02000997e+02 -9.40071828e+01 -7.70361452e+01 -1.17902739e+02
 -1.44070038e+02  3.92213180e+01  1.53673905e+02  1.84711322e+02
 -3.12283738e+01 -6.16972942e+01  7.79353590e+01 -1.61322568e+02
  9.10436045e+01 -1.65133101e+02  1.91600817e+02 -1.71787993e+02
 -4.12199702e+01  1.07954779e+02 -9.34473814e+01 -9.96271645e+01
 -1.32880415e+01 -4.85663097e+01 -4.95036388e+00  7.05837470e+01
  7.86099309e+01  1.72637127e+02 -4.99477224e+00  7.62157742e+01
 -5.70345133e+01  1.42901573e+02 -5.02499192e+01 -1.49598804e+02
 -1.29239926e+01  6.62157596e+01 -4.17763887e+01 -1.32936751e+02
  6.70309206e+01  1.91098024e+02 -1.60595576e+02  6.67237269e+01
  9.71096081e+01 -1.99812416e+02 -1.91583389e+02  7.50351967e+01
 -1.65715508e+02 -1.72586929e+02  7.71410994e+01 -1.82370712e+02
  1.41992608e+02  1.02137501e+02 -9.02381624e+01 -1.62137023e+02
  1.72333290e+02 -4.05925767e+01 -6.29285837e+01  8.02123050e+00
  8.50493319e+01  1.89553337e+00  4.74643181e+01  1.42686420e+01
  1.96530258e+02 -1.82278390e+02  1.98072653e+02 -1.45433257e+02
 -1.10678584e+02  5.31401194e+01 -3.15210876e+01  2.12837416e+01
 -2.24944986e+01 -9.32334711e+01  1.78957027e+02  1.48095132e+02
  7.93420271e+01 -1.50285943e+02 -9.95501153e+01 -6.49655593e+01
  1.00599923e+02 -1.15416777e+02  2.35974845e+01 -1.99586301e+02
  1.79014456e+02 -4.57159420e+01 -9.40412298e+01  3.23945352e+01
 -1.87849132e+01  7.89615117e+01  1.59332987e+02 -1.74145289e+02
 -1.73765891e+02  1.58914742e+02  1.82292072e+02 -1.14878465e+02
 -1.68931013e+02 -7.21963543e+01  1.47570866e+02 -1.16351953e+01
 -1.56594577e+02  3.78127598e+01 -4.94385305e+01 -1.39578213e+02
  3.47443068e+01  4.47613866e+00 -5.27400886e+01 -1.42514221e+02
  1.94141396e+02 -1.34022493e+02 -1.44828273e+02 -1.55497811e+02
  6.79781809e+01 -1.87318542e+02  1.23544178e+02 -8.03716022e+01
  4.61197860e+01  1.26381589e+02 -1.68655276e+02  5.48791979e+01
  1.18036249e+02 -1.53901808e+01 -8.90368316e+01  9.84452564e+01
 -1.11049159e+02  1.00681314e+02 -1.06964940e+02  1.31700340e+02
 -1.46256790e+02 -1.16550729e+02  1.01971500e+02 -1.88949890e+02
 -1.90670389e+02 -1.74865555e+02 -5.52654312e+01  1.22606454e+02
 -8.94004616e+01  1.09055107e+02 -5.72771028e+01  6.18641903e+01
  1.55223318e+02  4.63178155e+01  1.59841359e+02  3.81259051e+00
  9.75734499e+01  1.95077526e+02  5.87213923e+01  1.20786303e+02
 -1.35720228e+02 -1.87107718e+01  1.59769094e+01 -1.54631734e+02
 -1.35188392e+02  1.38977321e+02  8.18621282e+01  2.81118329e+00
  9.02672420e+01 -4.80602493e+01  9.90902279e+01 -6.51515126e+01
 -1.54593672e+02  1.67111268e+02 -1.49445237e+01  1.64062858e+02
 -8.07240003e+01 -1.55019980e+02 -3.77008159e+01  2.19045806e+01
  1.82611631e+02 -1.87297586e+02  1.20567937e+01 -2.29362459e+01
 -1.49577764e+02 -1.03201375e+02  5.91661785e+01  1.95874607e+02
 -7.13600016e+01 -8.55159106e+01  8.84077451e+00  4.06417519e+01
  1.37227967e+02 -3.34295529e+01 -2.07137459e+01 -1.46330282e+02
 -4.64766958e+01 -5.81158692e+01  8.29305660e+01 -3.50757551e+00
  1.56369478e+02  2.77838166e+01 -1.33525753e+02  1.90364774e+02
  1.64235883e+02  1.27281170e+02 -5.86367881e-01  1.38566984e+02
 -1.58497790e+02 -1.15768936e+01  1.16555607e+02 -2.25489889e+01
 -9.50554900e+01 -1.37790396e+02 -1.24698077e+02 -1.27897665e+02
  1.83052938e+02 -1.43415295e+02  1.87850814e+02 -1.58809350e+02
  1.00678937e+02 -1.38759076e+02 -1.70391766e+02 -5.33362802e+01
  4.95348797e+01 -9.50288888e+01 -1.66171120e+02  1.68449791e+02
  1.13801625e+02 -1.01575748e+02  2.82132080e+01  1.25177836e+02
  1.78206622e+02  6.82252933e+01 -8.40495058e+01  3.91393560e+01
  8.74587731e+01 -1.11362794e+02 -1.41713899e+02  6.07425840e+01
  1.06175158e+02  1.95675019e+02 -1.30493195e+02 -1.47221935e+02
  2.80049328e+01 -1.12979180e+02 -1.57560836e+02 -1.80538141e+02
  1.39855802e+02  5.79327820e+01 -1.43499969e+02 -5.97641609e+00
  1.73707382e+02 -1.51724548e+02  1.04958281e+02  4.49428083e+01
  9.28306650e+01 -7.97590800e+01  1.41938329e+02 -1.12058409e+02
 -5.96325067e+01 -2.49363898e+00 -5.29797243e+01 -8.07832396e-01
  1.93803403e+02 -8.69842592e+01  1.32496005e+02 -5.09571846e+01
  4.14574023e+01 -1.70548247e+02  8.30675785e+01 -1.77645159e+01
  1.73206616e+02 -1.95886904e+02  7.26354763e+01 -1.05187040e+02
 -1.63354705e+02  5.38740342e+01  9.33032173e+01  1.06952946e+02
 -1.46928442e+02 -3.44778059e+01  1.72094023e+01 -1.47509171e+02
 -1.00676401e+02  1.21754020e+02  1.95935574e+02 -1.83227351e+02
 -9.76511557e+01 -8.37452419e+01  7.41703541e+01 -3.25154750e+01
  1.47154234e+02  2.78884451e+01 -2.42146468e+01 -1.39104445e+02
  5.40010041e+01  1.83297157e+01  6.92844721e+01 -1.49097875e+02
 -1.87344139e+02 -4.36014145e+01  1.65825055e+02  1.10738317e+02
  1.43355694e+02 -1.13055415e+02  1.16933167e+02  9.63932323e+01
 -1.29110435e+02 -1.16691124e+02  1.12308492e+02  4.52299666e+01
  1.98235468e+02 -4.25874580e+01  1.72261499e+02  1.66968715e+02
 -9.50048294e+00 -1.22236354e+02 -5.07939176e+00  7.44796973e+01
  1.01926684e+02 -4.01411035e+01 -1.77853390e+02  4.23416687e+01
 -1.54834590e+01  9.54172934e+01  7.08740335e+00  1.69080509e+02
 -1.95987766e+02  9.96030547e+01  8.17650180e+01 -1.78720313e+02
 -1.18322425e+02  1.64920564e+02  1.23539695e+02 -1.90841788e+02
 -1.08867575e+02 -1.44530845e+02  3.58632359e+01 -1.59455943e+02
 -6.44205035e+01 -1.27425153e+02  9.08645314e+01 -1.91856851e+02
  1.45758816e+02 -2.38166388e+01 -5.02015515e+01 -1.82773272e+02
 -4.31794324e+01 -5.37918010e+01 -1.31773589e+02  8.34994451e+01
  4.43533687e+01  1.87522511e+02  9.89388842e+01 -5.26236190e+01
 -1.71940896e+02  1.37159712e+02 -1.85927355e+02  1.23471370e+02
  1.07837327e+02  7.14279602e+01  4.49763109e+01  1.93837065e+00
  1.69926594e+02  1.86567808e+02 -3.93910805e+01  1.76035944e+02
  1.19751057e+02 -5.66382619e+01 -1.82383241e+02  1.18655846e+02
 -6.39495325e+01  1.15707105e+02 -1.63921236e+02 -1.68368242e+02
  9.05418048e+01  8.46371775e+01 -8.67616450e+01 -6.45764218e+01
 -1.73845210e+02  1.74077424e+02  1.77474629e+01  2.96310837e+01
 -1.40280824e+02 -1.37470050e+02  1.16825654e+02 -1.90024351e+01
 -2.51248704e+01 -7.88832302e+01  1.23168606e+02  1.08827172e+02
  1.07667382e+02 -1.01546058e+02  7.63996455e+01  6.83608735e+01
  1.54578176e+02  1.21407296e+02 -1.59684979e+02 -1.54117993e+02
 -1.21237444e+02 -1.41736703e+01 -1.35285064e+02 -1.92816671e+02
 -1.45876162e+02 -1.77051026e+01 -2.20527227e+00  2.77593033e+01
 -1.96580193e+02 -1.12127997e+02  9.66914624e+01]
stepsize_vec:,[5.0e-02 5.0e-02 5.0e-02 5.0e-02 4.0e-08 5.0e-03 4.0e-02 3.0e-04 1.2e-04
 4.0e-05 2.0e-02 2.0e-01 1.0e-01 2.0e-01 1.5e-03 4.0e+01 4.0e+01 4.0e+01
 4.0e+01 4.0e+01 4.0e+01 4.0e+01 4.0e+01 4.0e+01 4.0e+01 4.0e+01 4.0e+01
 4.0e+01 4.0e+01 4.0e+01 4.0e+01 4.0e+01 4.0e+01 4.0e+01 4.0e+01 4.0e+01
 4.0e+01 4.0e+01 4.0e+01 4.0e+01 4.0e+01 4.0e+01 4.0e+01 4.0e+01 4.0e+01
 4.0e+01 4.0e+01 4.0e+01 4.0e+01 4.0e+01 4.0e+01 4.0e+01 4.0e+01 4.0e+01
 4.0e+01 4.0e+01 4.0e+01 4.0e+01 4.0e+01 4.0e+01 4.0e+01 4.0e+01 4.0e+01
 4.0e+01 4.0e+01 4.0e+01 4.0e+01 4.0e+01 4.0e+01 4.0e+01 4.0e+01 4.0e+01
 4.0e+01 4.0e+01 4.0e+01 4.0e+01 4.0e+01 4.0e+01 4.0e+01 4.0e+01 4.0e+01
 4.0e+01 4.0e+01 4.0e+01 4.0e+01 4.0e+01 4.0e+01 4.0e+01 4.0e+01 4.0e+01
 4.0e+01 4.0e+01 4.0e+01 4.0e+01 4.0e+01 4.0e+01 4.0e+01 4.0e+01 4.0e+01
 4.0e+01 4.0e+01 4.0e+01 4.0e+01 4.0e+01 4.0e+01 4.0e+01 4.0e+01 4.0e+01
 4.0e+01 4.0e+01 4.0e+01 4.0e+01 4.0e+01 4.0e+01 4.0e+01 4.0e+01 4.0e+01
 4.0e+01 4.0e+01 4.0e+01 4.0e+01 4.0e+01 4.0e+01 4.0e+01 4.0e+01 4.0e+01
 4.0e+01 4.0e+01 4.0e+01 4.0e+01 4.0e+01 4.0e+01 4.0e+01 4.0e+01 4.0e+01
 4.0e+01 4.0e+01 4.0e+01 4.0e+01 4.0e+01 4.0e+01 4.0e+01 4.0e+01 4.0e+01
 4.0e+01 4.0e+01 4.0e+01 4.0e+01 4.0e+01 4.0e+01 4.0e+01 4.0e+01 4.0e+01
 4.0e+01 4.0e+01 4.0e+01 4.0e+01 4.0e+01 4.0e+01 4.0e+01 4.0e+01 4.0e+01
 4.0e+01 4.0e+01 4.0e+01 4.0e+01 4.0e+01 4.0e+01 4.0e+01 4.0e+01 4.0e+01
 4.0e+01 4.0e+01 4.0e+01 4.0e+01 4.0e+01 4.0e+01 4.0e+01 4.0e+01 4.0e+01
 4.0e+01 4.0e+01 4.0e+01 4.0e+01 4.0e+01 4.0e+01 4.0e+01 4.0e+01 4.0e+01
 4.0e+01 4.0e+01 4.0e+01 4.0e+01 4.0e+01 4.0e+01 4.0e+01 4.0e+01 4.0e+01
 4.0e+01 4.0e+01 4.0e+01 4.0e+01 4.0e+01 4.0e+01 4.0e+01 4.0e+01 4.0e+01
 4.0e+01 4.0e+01 4.0e+01 4.0e+01 4.0e+01 4.0e+01 4.0e+01 4.0e+01 4.0e+01
 4.0e+01 4.0e+01 4.0e+01 4.0e+01 4.0e+01 4.0e+01 4.0e+01 4.0e+01 4.0e+01
 4.0e+01 4.0e+01 4.0e+01 4.0e+01 4.0e+01 4.0e+01 4.0e+01 4.0e+01 4.0e+01
 4.0e+01 4.0e+01 4.0e+01 4.0e+01 4.0e+01 4.0e+01 4.0e+01 4.0e+01 4.0e+01
 4.0e+01 4.0e+01 4.0e+01 4.0e+01 4.0e+01 4.0e+01 4.0e+01 4.0e+01 4.0e+01
 4.0e+01 4.0e+01 4.0e+01 4.0e+01 4.0e+01 4.0e+01 4.0e+01 4.0e+01 4.0e+01
 4.0e+01 4.0e+01 4.0e+01 4.0e+01 4.0e+01 4.0e+01 4.0e+01 4.0e+01 4.0e+01
 4.0e+01 4.0e+01 4.0e+01 4.0e+01 4.0e+01 4.0e+01 4.0e+01 4.0e+01 4.0e+01
 4.0e+01 4.0e+01 4.0e+01 4.0e+01 4.0e+01 4.0e+01 4.0e+01 4.0e+01 4.0e+01
 4.0e+01 4.0e+01 4.0e+01 4.0e+01 4.0e+01 4.0e+01 4.0e+01 4.0e+01 4.0e+01
 4.0e+01 4.0e+01 4.0e+01 4.0e+01 4.0e+01 4.0e+01 4.0e+01 4.0e+01 4.0e+01
 4.0e+01 4.0e+01 4.0e+01 4.0e+01 4.0e+01 4.0e+01 4.0e+01 4.0e+01 4.0e+01
 4.0e+01 4.0e+01 4.0e+01 4.0e+01 4.0e+01 4.0e+01 4.0e+01 4.0e+01 4.0e+01
 4.0e+01 4.0e+01 4.0e+01 4.0e+01 4.0e+01 4.0e+01 4.0e+01 4.0e+01 4.0e+01
 4.0e+01 4.0e+01 4.0e+01 4.0e+01 4.0e+01 4.0e+01 4.0e+01 4.0e+01 4.0e+01
 4.0e+01 4.0e+01 4.0e+01 4.0e+01 4.0e+01 4.0e+01 4.0e+01 4.0e+01 4.0e+01
 4.0e+01 4.0e+01 4.0e+01 4.0e+01 4.0e+01 4.0e+01 4.0e+01 4.0e+01 4.0e+01
 4.0e+01 4.0e+01 4.0e+01 4.0e+01 4.0e+01 4.0e+01 4.0e+01 4.0e+01 4.0e+01
 4.0e+01 4.0e+01 4.0e+01 4.0e+01 4.0e+01 4.0e+01 4.0e+01 4.0e+01 4.0e+01
 4.0e+01 4.0e+01 4.0e+01 4.0e+01 4.0e+01 4.0e+01 4.0e+01 4.0e+01 4.0e+01
 4.0e+01 4.0e+01 4.0e+01 4.0e+01 4.0e+01 4.0e+01 4.0e+01 4.0e+01 4.0e+01
 4.0e+01 4.0e+01 4.0e+01 4.0e+01 4.0e+01 4.0e+01 4.0e+01 4.0e+01 4.0e+01
 4.0e+01 4.0e+01 4.0e+01 4.0e+01 4.0e+01 4.0e+01 4.0e+01 4.0e+01 4.0e+01
 4.0e+01]
step_ratio_vec:,[0.1 0.1 0.1 0.1 0.1 0.1 0.1 0.1 0.1 0.1 0.1 0.1 0.1 0.1 0.1 0.1 0.1 0.1
 0.1 0.1 0.1 0.1 0.1 0.1 0.1 0.1 0.1 0.1 0.1 0.1 0.1 0.1 0.1 0.1 0.1 0.1
 0.1 0.1 0.1 0.1 0.1 0.1 0.1 0.1 0.1 0.1 0.1 0.1 0.1 0.1 0.1 0.1 0.1 0.1
 0.1 0.1 0.1 0.1 0.1 0.1 0.1 0.1 0.1 0.1 0.1 0.1 0.1 0.1 0.1 0.1 0.1 0.1
 0.1 0.1 0.1 0.1 0.1 0.1 0.1 0.1 0.1 0.1 0.1 0.1 0.1 0.1 0.1 0.1 0.1 0.1
 0.1 0.1 0.1 0.1 0.1 0.1 0.1 0.1 0.1 0.1 0.1 0.1 0.1 0.1 0.1 0.1 0.1 0.1
 0.1 0.1 0.1 0.1 0.1 0.1 0.1 0.1 0.1 0.1 0.1 0.1 0.1 0.1 0.1 0.1 0.1 0.1
 0.1 0.1 0.1 0.1 0.1 0.1 0.1 0.1 0.1 0.1 0.1 0.1 0.1 0.1 0.1 0.1 0.1 0.1
 0.1 0.1 0.1 0.1 0.1 0.1 0.1 0.1 0.1 0.1 0.1 0.1 0.1 0.1 0.1 0.1 0.1 0.1
 0.1 0.1 0.1 0.1 0.1 0.1 0.1 0.1 0.1 0.1 0.1 0.1 0.1 0.1 0.1 0.1 0.1 0.1
 0.1 0.1 0.1 0.1 0.1 0.1 0.1 0.1 0.1 0.1 0.1 0.1 0.1 0.1 0.1 0.1 0.1 0.1
 0.1 0.1 0.1 0.1 0.1 0.1 0.1 0.1 0.1 0.1 0.1 0.1 0.1 0.1 0.1 0.1 0.1 0.1
 0.1 0.1 0.1 0.1 0.1 0.1 0.1 0.1 0.1 0.1 0.1 0.1 0.1 0.1 0.1 0.1 0.1 0.1
 0.1 0.1 0.1 0.1 0.1 0.1 0.1 0.1 0.1 0.1 0.1 0.1 0.1 0.1 0.1 0.1 0.1 0.1
 0.1 0.1 0.1 0.1 0.1 0.1 0.1 0.1 0.1 0.1 0.1 0.1 0.1 0.1 0.1 0.1 0.1 0.1
 0.1 0.1 0.1 0.1 0.1 0.1 0.1 0.1 0.1 0.1 0.1 0.1 0.1 0.1 0.1 0.1 0.1 0.1
 0.1 0.1 0.1 0.1 0.1 0.1 0.1 0.1 0.1 0.1 0.1 0.1 0.1 0.1 0.1 0.1 0.1 0.1
 0.1 0.1 0.1 0.1 0.1 0.1 0.1 0.1 0.1 0.1 0.1 0.1 0.1 0.1 0.1 0.1 0.1 0.1
 0.1 0.1 0.1 0.1 0.1 0.1 0.1 0.1 0.1 0.1 0.1 0.1 0.1 0.1 0.1 0.1 0.1 0.1
 0.1 0.1 0.1 0.1 0.1 0.1 0.1 0.1 0.1 0.1 0.1 0.1 0.1 0.1 0.1 0.1 0.1 0.1
 0.1 0.1 0.1 0.1 0.1 0.1 0.1 0.1 0.1 0.1 0.1 0.1 0.1 0.1 0.1 0.1 0.1 0.1
 0.1 0.1 0.1 0.1 0.1 0.1 0.1 0.1 0.1 0.1 0.1 0.1 0.1 0.1 0.1 0.1 0.1 0.1
 0.1 0.1 0.1 0.1 0.1 0.1 0.1 0.1 0.1 0.1 0.1 0.1 0.1 0.1 0.1 0.1 0.1 0.1
 0.1]
swap interval:,100
sim interval:,[-1.1175e+08 -7.4500e+07 -3.7250e+07  0.0000e+00]
likelihood_sed (T/F):,True
erodep_coords:,[[ 0  3]
 [42 94]
 [42 95]
 ...
 [96 78]
 [96 79]
 [96 80]]
sed scaling factor:,50
samples_per_chain:,12
burnin:,0.25
num params:,415
initial_proposed_vec:,[ 1.17571510e+00  1.22466417e+00  8.01355301e-01  1.01659741e+00
  9.14799431e-07  5.18846934e-01  1.16583849e+00  4.23972322e-03
  8.71050619e-04  8.76714394e-04  5.61618730e-01  5.20567036e+00
  2.40012587e+04  4.29294467e+00  6.67881918e-03  1.90762157e+02
 -1.73242689e+02  3.11724418e+01  3.20844318e+00 -1.39360273e+02
  1.02000997e+02 -9.40071828e+01 -7.70361452e+01 -1.17902739e+02
 -1.44070038e+02  3.92213180e+01  1.53673905e+02  1.84711322e+02
 -3.12283738e+01 -6.16972942e+01  7.79353590e+01 -1.61322568e+02
  9.10436045e+01 -1.65133101e+02  1.91600817e+02 -1.71787993e+02
 -4.12199702e+01  1.07954779e+02 -9.34473814e+01 -9.96271645e+01
 -1.32880415e+01 -4.85663097e+01 -4.95036388e+00  7.05837470e+01
  7.86099309e+01  1.72637127e+02 -4.99477224e+00  7.62157742e+01
 -5.70345133e+01  1.42901573e+02 -5.02499192e+01 -1.49598804e+02
 -1.29239926e+01  6.62157596e+01 -4.17763887e+01 -1.32936751e+02
  6.70309206e+01  1.91098024e+02 -1.60595576e+02  6.67237269e+01
  9.71096081e+01 -1.99812416e+02 -1.91583389e+02  7.50351967e+01
 -1.65715508e+02 -1.72586929e+02  7.71410994e+01 -1.82370712e+02
  1.41992608e+02  1.02137501e+02 -9.02381624e+01 -1.62137023e+02
  1.72333290e+02 -4.05925767e+01 -6.29285837e+01  8.02123050e+00
  8.50493319e+01  1.89553337e+00  4.74643181e+01  1.42686420e+01
  1.96530258e+02 -1.82278390e+02  1.98072653e+02 -1.45433257e+02
 -1.10678584e+02  5.31401194e+01 -3.15210876e+01  2.12837416e+01
 -2.24944986e+01 -9.32334711e+01  1.78957027e+02  1.48095132e+02
  7.93420271e+01 -1.50285943e+02 -9.95501153e+01 -6.49655593e+01
  1.00599923e+02 -1.15416777e+02  2.35974845e+01 -1.99586301e+02
  1.79014456e+02 -4.57159420e+01 -9.40412298e+01  3.23945352e+01
 -1.87849132e+01  7.89615117e+01  1.59332987e+02 -1.74145289e+02
 -1.73765891e+02  1.58914742e+02  1.82292072e+02 -1.14878465e+02
 -1.68931013e+02 -7.21963543e+01  1.47570866e+02 -1.16351953e+01
 -1.56594577e+02  3.78127598e+01 -4.94385305e+01 -1.39578213e+02
  3.47443068e+01  4.47613866e+00 -5.27400886e+01 -1.42514221e+02
  1.94141396e+02 -1.34022493e+02 -1.44828273e+02 -1.55497811e+02
  6.79781809e+01 -1.87318542e+02  1.23544178e+02 -8.03716022e+01
  4.61197860e+01  1.26381589e+02 -1.68655276e+02  5.48791979e+01
  1.18036249e+02 -1.53901808e+01 -8.90368316e+01  9.84452564e+01
 -1.11049159e+02  1.00681314e+02 -1.06964940e+02  1.31700340e+02
 -1.46256790e+02 -1.16550729e+02  1.01971500e+02 -1.88949890e+02
 -1.90670389e+02 -1.74865555e+02 -5.52654312e+01  1.22606454e+02
 -8.94004616e+01  1.09055107e+02 -5.72771028e+01  6.18641903e+01
  1.55223318e+02  4.63178155e+01  1.59841359e+02  3.81259051e+00
  9.75734499e+01  1.95077526e+02  5.87213923e+01  1.20786303e+02
 -1.35720228e+02 -1.87107718e+01  1.59769094e+01 -1.54631734e+02
 -1.35188392e+02  1.38977321e+02  8.18621282e+01  2.81118329e+00
  9.02672420e+01 -4.80602493e+01  9.90902279e+01 -6.51515126e+01
 -1.54593672e+02  1.67111268e+02 -1.49445237e+01  1.64062858e+02
 -8.07240003e+01 -1.55019980e+02 -3.77008159e+01  2.19045806e+01
  1.82611631e+02 -1.87297586e+02  1.20567937e+01 -2.29362459e+01
 -1.49577764e+02 -1.03201375e+02  5.91661785e+01  1.95874607e+02
 -7.13600016e+01 -8.55159106e+01  8.84077451e+00  4.06417519e+01
  1.37227967e+02 -3.34295529e+01 -2.07137459e+01 -1.46330282e+02
 -4.64766958e+01 -5.81158692e+01  8.29305660e+01 -3.50757551e+00
  1.56369478e+02  2.77838166e+01 -1.33525753e+02  1.90364774e+02
  1.64235883e+02  1.27281170e+02 -5.86367881e-01  1.38566984e+02
 -1.58497790e+02 -1.15768936e+01  1.16555607e+02 -2.25489889e+01
 -9.50554900e+01 -1.37790396e+02 -1.24698077e+02 -1.27897665e+02
  1.83052938e+02 -1.43415295e+02  1.87850814e+02 -1.58809350e+02
  1.00678937e+02 -1.38759076e+02 -1.70391766e+02 -5.33362802e+01
  4.95348797e+01 -9.50288888e+01 -1.66171120e+02  1.68449791e+02
  1.13801625e+02 -1.01575748e+02  2.82132080e+01  1.25177836e+02
  1.78206622e+02  6.82252933e+01 -8.40495058e+01  3.91393560e+01
  8.74587731e+01 -1.11362794e+02 -1.41713899e+02  6.07425840e+01
  1.06175158e+02  1.95675019e+02 -1.30493195e+02 -1.47221935e+02
  2.80049328e+01 -1.12979180e+02 -1.57560836e+02 -1.80538141e+02
  1.39855802e+02  5.79327820e+01 -1.43499969e+02 -5.97641609e+00
  1.73707382e+02 -1.51724548e+02  1.04958281e+02  4.49428083e+01
  9.28306650e+01 -7.97590800e+01  1.41938329e+02 -1.12058409e+02
 -5.96325067e+01 -2.49363898e+00 -5.29797243e+01 -8.07832396e-01
  1.93803403e+02 -8.69842592e+01  1.32496005e+02 -5.09571846e+01
  4.14574023e+01 -1.70548247e+02  8.30675785e+01 -1.77645159e+01
  1.73206616e+02 -1.95886904e+02  7.26354763e+01 -1.05187040e+02
 -1.63354705e+02  5.38740342e+01  9.33032173e+01  1.06952946e+02
 -1.46928442e+02 -3.44778059e+01  1.72094023e+01 -1.47509171e+02
 -1.00676401e+02  1.21754020e+02  1.95935574e+02 -1.83227351e+02
 -9.76511557e+01 -8.37452419e+01  7.41703541e+01 -3.25154750e+01
  1.47154234e+02  2.78884451e+01 -2.42146468e+01 -1.39104445e+02
  5.40010041e+01  1.83297157e+01  6.92844721e+01 -1.49097875e+02
 -1.87344139e+02 -4.36014145e+01  1.65825055e+02  1.10738317e+02
  1.43355694e+02 -1.13055415e+02  1.16933167e+02  9.63932323e+01
 -1.29110435e+02 -1.16691124e+02  1.12308492e+02  4.52299666e+01
  1.98235468e+02 -4.25874580e+01  1.72261499e+02  1.66968715e+02
 -9.50048294e+00 -1.22236354e+02 -5.07939176e+00  7.44796973e+01
  1.01926684e+02 -4.01411035e+01 -1.77853390e+02  4.23416687e+01
 -1.54834590e+01  9.54172934e+01  7.08740335e+00  1.69080509e+02
 -1.95987766e+02  9.96030547e+01  8.17650180e+01 -1.78720313e+02
 -1.18322425e+02  1.64920564e+02  1.23539695e+02 -1.90841788e+02
 -1.08867575e+02 -1.44530845e+02  3.58632359e+01 -1.59455943e+02
 -6.44205035e+01 -1.27425153e+02  9.08645314e+01 -1.91856851e+02
  1.45758816e+02 -2.38166388e+01 -5.02015515e+01 -1.82773272e+02
 -4.31794324e+01 -5.37918010e+01 -1.31773589e+02  8.34994451e+01
  4.43533687e+01  1.87522511e+02  9.89388842e+01 -5.26236190e+01
 -1.71940896e+02  1.37159712e+02 -1.85927355e+02  1.23471370e+02
  1.07837327e+02  7.14279602e+01  4.49763109e+01  1.93837065e+00
  1.69926594e+02  1.86567808e+02 -3.93910805e+01  1.76035944e+02
  1.19751057e+02 -5.66382619e+01 -1.82383241e+02  1.18655846e+02
 -6.39495325e+01  1.15707105e+02 -1.63921236e+02 -1.68368242e+02
  9.05418048e+01  8.46371775e+01 -8.67616450e+01 -6.45764218e+01
 -1.73845210e+02  1.74077424e+02  1.77474629e+01  2.96310837e+01
 -1.40280824e+02 -1.37470050e+02  1.16825654e+02 -1.90024351e+01
 -2.51248704e+01 -7.88832302e+01  1.23168606e+02  1.08827172e+02
  1.07667382e+02 -1.01546058e+02  7.63996455e+01  6.83608735e+01
  1.54578176e+02  1.21407296e+02 -1.59684979e+02 -1.54117993e+02
 -1.21237444e+02 -1.41736703e+01 -1.35285064e+02 -1.92816671e+02
 -1.45876162e+02 -1.77051026e+01 -2.20527227e+00  2.77593033e+01
 -1.96580193e+02 -1.12127997e+02  9.66914624e+01]
stepsize_vec:,[5.0e-02 5.0e-02 5.0e-02 5.0e-02 4.0e-08 5.0e-03 4.0e-02 3.0e-04 1.2e-04
 4.0e-05 2.0e-02 2.0e-01 1.0e-01 2.0e-01 1.5e-03 4.0e+01 4.0e+01 4.0e+01
 4.0e+01 4.0e+01 4.0e+01 4.0e+01 4.0e+01 4.0e+01 4.0e+01 4.0e+01 4.0e+01
 4.0e+01 4.0e+01 4.0e+01 4.0e+01 4.0e+01 4.0e+01 4.0e+01 4.0e+01 4.0e+01
 4.0e+01 4.0e+01 4.0e+01 4.0e+01 4.0e+01 4.0e+01 4.0e+01 4.0e+01 4.0e+01
 4.0e+01 4.0e+01 4.0e+01 4.0e+01 4.0e+01 4.0e+01 4.0e+01 4.0e+01 4.0e+01
 4.0e+01 4.0e+01 4.0e+01 4.0e+01 4.0e+01 4.0e+01 4.0e+01 4.0e+01 4.0e+01
 4.0e+01 4.0e+01 4.0e+01 4.0e+01 4.0e+01 4.0e+01 4.0e+01 4.0e+01 4.0e+01
 4.0e+01 4.0e+01 4.0e+01 4.0e+01 4.0e+01 4.0e+01 4.0e+01 4.0e+01 4.0e+01
 4.0e+01 4.0e+01 4.0e+01 4.0e+01 4.0e+01 4.0e+01 4.0e+01 4.0e+01 4.0e+01
 4.0e+01 4.0e+01 4.0e+01 4.0e+01 4.0e+01 4.0e+01 4.0e+01 4.0e+01 4.0e+01
 4.0e+01 4.0e+01 4.0e+01 4.0e+01 4.0e+01 4.0e+01 4.0e+01 4.0e+01 4.0e+01
 4.0e+01 4.0e+01 4.0e+01 4.0e+01 4.0e+01 4.0e+01 4.0e+01 4.0e+01 4.0e+01
 4.0e+01 4.0e+01 4.0e+01 4.0e+01 4.0e+01 4.0e+01 4.0e+01 4.0e+01 4.0e+01
 4.0e+01 4.0e+01 4.0e+01 4.0e+01 4.0e+01 4.0e+01 4.0e+01 4.0e+01 4.0e+01
 4.0e+01 4.0e+01 4.0e+01 4.0e+01 4.0e+01 4.0e+01 4.0e+01 4.0e+01 4.0e+01
 4.0e+01 4.0e+01 4.0e+01 4.0e+01 4.0e+01 4.0e+01 4.0e+01 4.0e+01 4.0e+01
 4.0e+01 4.0e+01 4.0e+01 4.0e+01 4.0e+01 4.0e+01 4.0e+01 4.0e+01 4.0e+01
 4.0e+01 4.0e+01 4.0e+01 4.0e+01 4.0e+01 4.0e+01 4.0e+01 4.0e+01 4.0e+01
 4.0e+01 4.0e+01 4.0e+01 4.0e+01 4.0e+01 4.0e+01 4.0e+01 4.0e+01 4.0e+01
 4.0e+01 4.0e+01 4.0e+01 4.0e+01 4.0e+01 4.0e+01 4.0e+01 4.0e+01 4.0e+01
 4.0e+01 4.0e+01 4.0e+01 4.0e+01 4.0e+01 4.0e+01 4.0e+01 4.0e+01 4.0e+01
 4.0e+01 4.0e+01 4.0e+01 4.0e+01 4.0e+01 4.0e+01 4.0e+01 4.0e+01 4.0e+01
 4.0e+01 4.0e+01 4.0e+01 4.0e+01 4.0e+01 4.0e+01 4.0e+01 4.0e+01 4.0e+01
 4.0e+01 4.0e+01 4.0e+01 4.0e+01 4.0e+01 4.0e+01 4.0e+01 4.0e+01 4.0e+01
 4.0e+01 4.0e+01 4.0e+01 4.0e+01 4.0e+01 4.0e+01 4.0e+01 4.0e+01 4.0e+01
 4.0e+01 4.0e+01 4.0e+01 4.0e+01 4.0e+01 4.0e+01 4.0e+01 4.0e+01 4.0e+01
 4.0e+01 4.0e+01 4.0e+01 4.0e+01 4.0e+01 4.0e+01 4.0e+01 4.0e+01 4.0e+01
 4.0e+01 4.0e+01 4.0e+01 4.0e+01 4.0e+01 4.0e+01 4.0e+01 4.0e+01 4.0e+01
 4.0e+01 4.0e+01 4.0e+01 4.0e+01 4.0e+01 4.0e+01 4.0e+01 4.0e+01 4.0e+01
 4.0e+01 4.0e+01 4.0e+01 4.0e+01 4.0e+01 4.0e+01 4.0e+01 4.0e+01 4.0e+01
 4.0e+01 4.0e+01 4.0e+01 4.0e+01 4.0e+01 4.0e+01 4.0e+01 4.0e+01 4.0e+01
 4.0e+01 4.0e+01 4.0e+01 4.0e+01 4.0e+01 4.0e+01 4.0e+01 4.0e+01 4.0e+01
 4.0e+01 4.0e+01 4.0e+01 4.0e+01 4.0e+01 4.0e+01 4.0e+01 4.0e+01 4.0e+01
 4.0e+01 4.0e+01 4.0e+01 4.0e+01 4.0e+01 4.0e+01 4.0e+01 4.0e+01 4.0e+01
 4.0e+01 4.0e+01 4.0e+01 4.0e+01 4.0e+01 4.0e+01 4.0e+01 4.0e+01 4.0e+01
 4.0e+01 4.0e+01 4.0e+01 4.0e+01 4.0e+01 4.0e+01 4.0e+01 4.0e+01 4.0e+01
 4.0e+01 4.0e+01 4.0e+01 4.0e+01 4.0e+01 4.0e+01 4.0e+01 4.0e+01 4.0e+01
 4.0e+01 4.0e+01 4.0e+01 4.0e+01 4.0e+01 4.0e+01 4.0e+01 4.0e+01 4.0e+01
 4.0e+01 4.0e+01 4.0e+01 4.0e+01 4.0e+01 4.0e+01 4.0e+01 4.0e+01 4.0e+01
 4.0e+01 4.0e+01 4.0e+01 4.0e+01 4.0e+01 4.0e+01 4.0e+01 4.0e+01 4.0e+01
 4.0e+01 4.0e+01 4.0e+01 4.0e+01 4.0e+01 4.0e+01 4.0e+01 4.0e+01 4.0e+01
 4.0e+01 4.0e+01 4.0e+01 4.0e+01 4.0e+01 4.0e+01 4.0e+01 4.0e+01 4.0e+01
 4.0e+01 4.0e+01 4.0e+01 4.0e+01 4.0e+01 4.0e+01 4.0e+01 4.0e+01 4.0e+01
 4.0e+01 4.0e+01 4.0e+01 4.0e+01 4.0e+01 4.0e+01 4.0e+01 4.0e+01 4.0e+01
 4.0e+01 4.0e+01 4.0e+01 4.0e+01 4.0e+01 4.0e+01 4.0e+01 4.0e+01 4.0e+01
 4.0e+01]
step_ratio_vec:,[0.1 0.1 0.1 0.1 0.1 0.1 0.1 0.1 0.1 0.1 0.1 0.1 0.1 0.1 0.1 0.1 0.1 0.1
 0.1 0.1 0.1 0.1 0.1 0.1 0.1 0.1 0.1 0.1 0.1 0.1 0.1 0.1 0.1 0.1 0.1 0.1
 0.1 0.1 0.1 0.1 0.1 0.1 0.1 0.1 0.1 0.1 0.1 0.1 0.1 0.1 0.1 0.1 0.1 0.1
 0.1 0.1 0.1 0.1 0.1 0.1 0.1 0.1 0.1 0.1 0.1 0.1 0.1 0.1 0.1 0.1 0.1 0.1
 0.1 0.1 0.1 0.1 0.1 0.1 0.1 0.1 0.1 0.1 0.1 0.1 0.1 0.1 0.1 0.1 0.1 0.1
 0.1 0.1 0.1 0.1 0.1 0.1 0.1 0.1 0.1 0.1 0.1 0.1 0.1 0.1 0.1 0.1 0.1 0.1
 0.1 0.1 0.1 0.1 0.1 0.1 0.1 0.1 0.1 0.1 0.1 0.1 0.1 0.1 0.1 0.1 0.1 0.1
 0.1 0.1 0.1 0.1 0.1 0.1 0.1 0.1 0.1 0.1 0.1 0.1 0.1 0.1 0.1 0.1 0.1 0.1
 0.1 0.1 0.1 0.1 0.1 0.1 0.1 0.1 0.1 0.1 0.1 0.1 0.1 0.1 0.1 0.1 0.1 0.1
 0.1 0.1 0.1 0.1 0.1 0.1 0.1 0.1 0.1 0.1 0.1 0.1 0.1 0.1 0.1 0.1 0.1 0.1
 0.1 0.1 0.1 0.1 0.1 0.1 0.1 0.1 0.1 0.1 0.1 0.1 0.1 0.1 0.1 0.1 0.1 0.1
 0.1 0.1 0.1 0.1 0.1 0.1 0.1 0.1 0.1 0.1 0.1 0.1 0.1 0.1 0.1 0.1 0.1 0.1
 0.1 0.1 0.1 0.1 0.1 0.1 0.1 0.1 0.1 0.1 0.1 0.1 0.1 0.1 0.1 0.1 0.1 0.1
 0.1 0.1 0.1 0.1 0.1 0.1 0.1 0.1 0.1 0.1 0.1 0.1 0.1 0.1 0.1 0.1 0.1 0.1
 0.1 0.1 0.1 0.1 0.1 0.1 0.1 0.1 0.1 0.1 0.1 0.1 0.1 0.1 0.1 0.1 0.1 0.1
 0.1 0.1 0.1 0.1 0.1 0.1 0.1 0.1 0.1 0.1 0.1 0.1 0.1 0.1 0.1 0.1 0.1 0.1
 0.1 0.1 0.1 0.1 0.1 0.1 0.1 0.1 0.1 0.1 0.1 0.1 0.1 0.1 0.1 0.1 0.1 0.1
 0.1 0.1 0.1 0.1 0.1 0.1 0.1 0.1 0.1 0.1 0.1 0.1 0.1 0.1 0.1 0.1 0.1 0.1
 0.1 0.1 0.1 0.1 0.1 0.1 0.1 0.1 0.1 0.1 0.1 0.1 0.1 0.1 0.1 0.1 0.1 0.1
 0.1 0.1 0.1 0.1 0.1 0.1 0.1 0.1 0.1 0.1 0.1 0.1 0.1 0.1 0.1 0.1 0.1 0.1
 0.1 0.1 0.1 0.1 0.1 0.1 0.1 0.1 0.1 0.1 0.1 0.1 0.1 0.1 0.1 0.1 0.1 0.1
 0.1 0.1 0.1 0.1 0.1 0.1 0.1 0.1 0.1 0.1 0.1 0.1 0.1 0.1 0.1 0.1 0.1 0.1
 0.1 0.1 0.1 0.1 0.1 0.1 0.1 0.1 0.1 0.1 0.1 0.1 0.1 0.1 0.1 0.1 0.1 0.1
 0.1]
swap interval:,100
sim interval:,[-1.1175e+08 -7.4500e+07 -3.7250e+07  0.0000e+00]
likelihood_sed (T/F):,True
erodep_coords:,[[ 0  3]
 [42 94]
 [42 95]
 ...
 [96 78]
 [96 79]
 [96 80]]
sed scaling factor:,50
samples_per_chain:,12
burnin:,0.25
num params:,415
initial_proposed_vec:,[ 1.17571510e+00  1.22466417e+00  8.01355301e-01  1.01659741e+00
  9.14799431e-07  5.18846934e-01  1.16583849e+00  4.23972322e-03
  8.71050619e-04  8.76714394e-04  5.61618730e-01  5.20567036e+00
  2.40012587e+04  4.29294467e+00  6.67881918e-03  1.90762157e+02
 -1.73242689e+02  3.11724418e+01  3.20844318e+00 -1.39360273e+02
  1.02000997e+02 -9.40071828e+01 -7.70361452e+01 -1.17902739e+02
 -1.44070038e+02  3.92213180e+01  1.53673905e+02  1.84711322e+02
 -3.12283738e+01 -6.16972942e+01  7.79353590e+01 -1.61322568e+02
  9.10436045e+01 -1.65133101e+02  1.91600817e+02 -1.71787993e+02
 -4.12199702e+01  1.07954779e+02 -9.34473814e+01 -9.96271645e+01
 -1.32880415e+01 -4.85663097e+01 -4.95036388e+00  7.05837470e+01
  7.86099309e+01  1.72637127e+02 -4.99477224e+00  7.62157742e+01
 -5.70345133e+01  1.42901573e+02 -5.02499192e+01 -1.49598804e+02
 -1.29239926e+01  6.62157596e+01 -4.17763887e+01 -1.32936751e+02
  6.70309206e+01  1.91098024e+02 -1.60595576e+02  6.67237269e+01
  9.71096081e+01 -1.99812416e+02 -1.91583389e+02  7.50351967e+01
 -1.65715508e+02 -1.72586929e+02  7.71410994e+01 -1.82370712e+02
  1.41992608e+02  1.02137501e+02 -9.02381624e+01 -1.62137023e+02
  1.72333290e+02 -4.05925767e+01 -6.29285837e+01  8.02123050e+00
  8.50493319e+01  1.89553337e+00  4.74643181e+01  1.42686420e+01
  1.96530258e+02 -1.82278390e+02  1.98072653e+02 -1.45433257e+02
 -1.10678584e+02  5.31401194e+01 -3.15210876e+01  2.12837416e+01
 -2.24944986e+01 -9.32334711e+01  1.78957027e+02  1.48095132e+02
  7.93420271e+01 -1.50285943e+02 -9.95501153e+01 -6.49655593e+01
  1.00599923e+02 -1.15416777e+02  2.35974845e+01 -1.99586301e+02
  1.79014456e+02 -4.57159420e+01 -9.40412298e+01  3.23945352e+01
 -1.87849132e+01  7.89615117e+01  1.59332987e+02 -1.74145289e+02
 -1.73765891e+02  1.58914742e+02  1.82292072e+02 -1.14878465e+02
 -1.68931013e+02 -7.21963543e+01  1.47570866e+02 -1.16351953e+01
 -1.56594577e+02  3.78127598e+01 -4.94385305e+01 -1.39578213e+02
  3.47443068e+01  4.47613866e+00 -5.27400886e+01 -1.42514221e+02
  1.94141396e+02 -1.34022493e+02 -1.44828273e+02 -1.55497811e+02
  6.79781809e+01 -1.87318542e+02  1.23544178e+02 -8.03716022e+01
  4.61197860e+01  1.26381589e+02 -1.68655276e+02  5.48791979e+01
  1.18036249e+02 -1.53901808e+01 -8.90368316e+01  9.84452564e+01
 -1.11049159e+02  1.00681314e+02 -1.06964940e+02  1.31700340e+02
 -1.46256790e+02 -1.16550729e+02  1.01971500e+02 -1.88949890e+02
 -1.90670389e+02 -1.74865555e+02 -5.52654312e+01  1.22606454e+02
 -8.94004616e+01  1.09055107e+02 -5.72771028e+01  6.18641903e+01
  1.55223318e+02  4.63178155e+01  1.59841359e+02  3.81259051e+00
  9.75734499e+01  1.95077526e+02  5.87213923e+01  1.20786303e+02
 -1.35720228e+02 -1.87107718e+01  1.59769094e+01 -1.54631734e+02
 -1.35188392e+02  1.38977321e+02  8.18621282e+01  2.81118329e+00
  9.02672420e+01 -4.80602493e+01  9.90902279e+01 -6.51515126e+01
 -1.54593672e+02  1.67111268e+02 -1.49445237e+01  1.64062858e+02
 -8.07240003e+01 -1.55019980e+02 -3.77008159e+01  2.19045806e+01
  1.82611631e+02 -1.87297586e+02  1.20567937e+01 -2.29362459e+01
 -1.49577764e+02 -1.03201375e+02  5.91661785e+01  1.95874607e+02
 -7.13600016e+01 -8.55159106e+01  8.84077451e+00  4.06417519e+01
  1.37227967e+02 -3.34295529e+01 -2.07137459e+01 -1.46330282e+02
 -4.64766958e+01 -5.81158692e+01  8.29305660e+01 -3.50757551e+00
  1.56369478e+02  2.77838166e+01 -1.33525753e+02  1.90364774e+02
  1.64235883e+02  1.27281170e+02 -5.86367881e-01  1.38566984e+02
 -1.58497790e+02 -1.15768936e+01  1.16555607e+02 -2.25489889e+01
 -9.50554900e+01 -1.37790396e+02 -1.24698077e+02 -1.27897665e+02
  1.83052938e+02 -1.43415295e+02  1.87850814e+02 -1.58809350e+02
  1.00678937e+02 -1.38759076e+02 -1.70391766e+02 -5.33362802e+01
  4.95348797e+01 -9.50288888e+01 -1.66171120e+02  1.68449791e+02
  1.13801625e+02 -1.01575748e+02  2.82132080e+01  1.25177836e+02
  1.78206622e+02  6.82252933e+01 -8.40495058e+01  3.91393560e+01
  8.74587731e+01 -1.11362794e+02 -1.41713899e+02  6.07425840e+01
  1.06175158e+02  1.95675019e+02 -1.30493195e+02 -1.47221935e+02
  2.80049328e+01 -1.12979180e+02 -1.57560836e+02 -1.80538141e+02
  1.39855802e+02  5.79327820e+01 -1.43499969e+02 -5.97641609e+00
  1.73707382e+02 -1.51724548e+02  1.04958281e+02  4.49428083e+01
  9.28306650e+01 -7.97590800e+01  1.41938329e+02 -1.12058409e+02
 -5.96325067e+01 -2.49363898e+00 -5.29797243e+01 -8.07832396e-01
  1.93803403e+02 -8.69842592e+01  1.32496005e+02 -5.09571846e+01
  4.14574023e+01 -1.70548247e+02  8.30675785e+01 -1.77645159e+01
  1.73206616e+02 -1.95886904e+02  7.26354763e+01 -1.05187040e+02
 -1.63354705e+02  5.38740342e+01  9.33032173e+01  1.06952946e+02
 -1.46928442e+02 -3.44778059e+01  1.72094023e+01 -1.47509171e+02
 -1.00676401e+02  1.21754020e+02  1.95935574e+02 -1.83227351e+02
 -9.76511557e+01 -8.37452419e+01  7.41703541e+01 -3.25154750e+01
  1.47154234e+02  2.78884451e+01 -2.42146468e+01 -1.39104445e+02
  5.40010041e+01  1.83297157e+01  6.92844721e+01 -1.49097875e+02
 -1.87344139e+02 -4.36014145e+01  1.65825055e+02  1.10738317e+02
  1.43355694e+02 -1.13055415e+02  1.16933167e+02  9.63932323e+01
 -1.29110435e+02 -1.16691124e+02  1.12308492e+02  4.52299666e+01
  1.98235468e+02 -4.25874580e+01  1.72261499e+02  1.66968715e+02
 -9.50048294e+00 -1.22236354e+02 -5.07939176e+00  7.44796973e+01
  1.01926684e+02 -4.01411035e+01 -1.77853390e+02  4.23416687e+01
 -1.54834590e+01  9.54172934e+01  7.08740335e+00  1.69080509e+02
 -1.95987766e+02  9.96030547e+01  8.17650180e+01 -1.78720313e+02
 -1.18322425e+02  1.64920564e+02  1.23539695e+02 -1.90841788e+02
 -1.08867575e+02 -1.44530845e+02  3.58632359e+01 -1.59455943e+02
 -6.44205035e+01 -1.27425153e+02  9.08645314e+01 -1.91856851e+02
  1.45758816e+02 -2.38166388e+01 -5.02015515e+01 -1.82773272e+02
 -4.31794324e+01 -5.37918010e+01 -1.31773589e+02  8.34994451e+01
  4.43533687e+01  1.87522511e+02  9.89388842e+01 -5.26236190e+01
 -1.71940896e+02  1.37159712e+02 -1.85927355e+02  1.23471370e+02
  1.07837327e+02  7.14279602e+01  4.49763109e+01  1.93837065e+00
  1.69926594e+02  1.86567808e+02 -3.93910805e+01  1.76035944e+02
  1.19751057e+02 -5.66382619e+01 -1.82383241e+02  1.18655846e+02
 -6.39495325e+01  1.15707105e+02 -1.63921236e+02 -1.68368242e+02
  9.05418048e+01  8.46371775e+01 -8.67616450e+01 -6.45764218e+01
 -1.73845210e+02  1.74077424e+02  1.77474629e+01  2.96310837e+01
 -1.40280824e+02 -1.37470050e+02  1.16825654e+02 -1.90024351e+01
 -2.51248704e+01 -7.88832302e+01  1.23168606e+02  1.08827172e+02
  1.07667382e+02 -1.01546058e+02  7.63996455e+01  6.83608735e+01
  1.54578176e+02  1.21407296e+02 -1.59684979e+02 -1.54117993e+02
 -1.21237444e+02 -1.41736703e+01 -1.35285064e+02 -1.92816671e+02
 -1.45876162e+02 -1.77051026e+01 -2.20527227e+00  2.77593033e+01
 -1.96580193e+02 -1.12127997e+02  9.66914624e+01]
stepsize_vec:,[5.0e-02 5.0e-02 5.0e-02 5.0e-02 4.0e-08 5.0e-03 4.0e-02 3.0e-04 1.2e-04
 4.0e-05 2.0e-02 2.0e-01 1.0e-01 2.0e-01 1.5e-03 4.0e+01 4.0e+01 4.0e+01
 4.0e+01 4.0e+01 4.0e+01 4.0e+01 4.0e+01 4.0e+01 4.0e+01 4.0e+01 4.0e+01
 4.0e+01 4.0e+01 4.0e+01 4.0e+01 4.0e+01 4.0e+01 4.0e+01 4.0e+01 4.0e+01
 4.0e+01 4.0e+01 4.0e+01 4.0e+01 4.0e+01 4.0e+01 4.0e+01 4.0e+01 4.0e+01
 4.0e+01 4.0e+01 4.0e+01 4.0e+01 4.0e+01 4.0e+01 4.0e+01 4.0e+01 4.0e+01
 4.0e+01 4.0e+01 4.0e+01 4.0e+01 4.0e+01 4.0e+01 4.0e+01 4.0e+01 4.0e+01
 4.0e+01 4.0e+01 4.0e+01 4.0e+01 4.0e+01 4.0e+01 4.0e+01 4.0e+01 4.0e+01
 4.0e+01 4.0e+01 4.0e+01 4.0e+01 4.0e+01 4.0e+01 4.0e+01 4.0e+01 4.0e+01
 4.0e+01 4.0e+01 4.0e+01 4.0e+01 4.0e+01 4.0e+01 4.0e+01 4.0e+01 4.0e+01
 4.0e+01 4.0e+01 4.0e+01 4.0e+01 4.0e+01 4.0e+01 4.0e+01 4.0e+01 4.0e+01
 4.0e+01 4.0e+01 4.0e+01 4.0e+01 4.0e+01 4.0e+01 4.0e+01 4.0e+01 4.0e+01
 4.0e+01 4.0e+01 4.0e+01 4.0e+01 4.0e+01 4.0e+01 4.0e+01 4.0e+01 4.0e+01
 4.0e+01 4.0e+01 4.0e+01 4.0e+01 4.0e+01 4.0e+01 4.0e+01 4.0e+01 4.0e+01
 4.0e+01 4.0e+01 4.0e+01 4.0e+01 4.0e+01 4.0e+01 4.0e+01 4.0e+01 4.0e+01
 4.0e+01 4.0e+01 4.0e+01 4.0e+01 4.0e+01 4.0e+01 4.0e+01 4.0e+01 4.0e+01
 4.0e+01 4.0e+01 4.0e+01 4.0e+01 4.0e+01 4.0e+01 4.0e+01 4.0e+01 4.0e+01
 4.0e+01 4.0e+01 4.0e+01 4.0e+01 4.0e+01 4.0e+01 4.0e+01 4.0e+01 4.0e+01
 4.0e+01 4.0e+01 4.0e+01 4.0e+01 4.0e+01 4.0e+01 4.0e+01 4.0e+01 4.0e+01
 4.0e+01 4.0e+01 4.0e+01 4.0e+01 4.0e+01 4.0e+01 4.0e+01 4.0e+01 4.0e+01
 4.0e+01 4.0e+01 4.0e+01 4.0e+01 4.0e+01 4.0e+01 4.0e+01 4.0e+01 4.0e+01
 4.0e+01 4.0e+01 4.0e+01 4.0e+01 4.0e+01 4.0e+01 4.0e+01 4.0e+01 4.0e+01
 4.0e+01 4.0e+01 4.0e+01 4.0e+01 4.0e+01 4.0e+01 4.0e+01 4.0e+01 4.0e+01
 4.0e+01 4.0e+01 4.0e+01 4.0e+01 4.0e+01 4.0e+01 4.0e+01 4.0e+01 4.0e+01
 4.0e+01 4.0e+01 4.0e+01 4.0e+01 4.0e+01 4.0e+01 4.0e+01 4.0e+01 4.0e+01
 4.0e+01 4.0e+01 4.0e+01 4.0e+01 4.0e+01 4.0e+01 4.0e+01 4.0e+01 4.0e+01
 4.0e+01 4.0e+01 4.0e+01 4.0e+01 4.0e+01 4.0e+01 4.0e+01 4.0e+01 4.0e+01
 4.0e+01 4.0e+01 4.0e+01 4.0e+01 4.0e+01 4.0e+01 4.0e+01 4.0e+01 4.0e+01
 4.0e+01 4.0e+01 4.0e+01 4.0e+01 4.0e+01 4.0e+01 4.0e+01 4.0e+01 4.0e+01
 4.0e+01 4.0e+01 4.0e+01 4.0e+01 4.0e+01 4.0e+01 4.0e+01 4.0e+01 4.0e+01
 4.0e+01 4.0e+01 4.0e+01 4.0e+01 4.0e+01 4.0e+01 4.0e+01 4.0e+01 4.0e+01
 4.0e+01 4.0e+01 4.0e+01 4.0e+01 4.0e+01 4.0e+01 4.0e+01 4.0e+01 4.0e+01
 4.0e+01 4.0e+01 4.0e+01 4.0e+01 4.0e+01 4.0e+01 4.0e+01 4.0e+01 4.0e+01
 4.0e+01 4.0e+01 4.0e+01 4.0e+01 4.0e+01 4.0e+01 4.0e+01 4.0e+01 4.0e+01
 4.0e+01 4.0e+01 4.0e+01 4.0e+01 4.0e+01 4.0e+01 4.0e+01 4.0e+01 4.0e+01
 4.0e+01 4.0e+01 4.0e+01 4.0e+01 4.0e+01 4.0e+01 4.0e+01 4.0e+01 4.0e+01
 4.0e+01 4.0e+01 4.0e+01 4.0e+01 4.0e+01 4.0e+01 4.0e+01 4.0e+01 4.0e+01
 4.0e+01 4.0e+01 4.0e+01 4.0e+01 4.0e+01 4.0e+01 4.0e+01 4.0e+01 4.0e+01
 4.0e+01 4.0e+01 4.0e+01 4.0e+01 4.0e+01 4.0e+01 4.0e+01 4.0e+01 4.0e+01
 4.0e+01 4.0e+01 4.0e+01 4.0e+01 4.0e+01 4.0e+01 4.0e+01 4.0e+01 4.0e+01
 4.0e+01 4.0e+01 4.0e+01 4.0e+01 4.0e+01 4.0e+01 4.0e+01 4.0e+01 4.0e+01
 4.0e+01 4.0e+01 4.0e+01 4.0e+01 4.0e+01 4.0e+01 4.0e+01 4.0e+01 4.0e+01
 4.0e+01 4.0e+01 4.0e+01 4.0e+01 4.0e+01 4.0e+01 4.0e+01 4.0e+01 4.0e+01
 4.0e+01 4.0e+01 4.0e+01 4.0e+01 4.0e+01 4.0e+01 4.0e+01 4.0e+01 4.0e+01
 4.0e+01 4.0e+01 4.0e+01 4.0e+01 4.0e+01 4.0e+01 4.0e+01 4.0e+01 4.0e+01
 4.0e+01 4.0e+01 4.0e+01 4.0e+01 4.0e+01 4.0e+01 4.0e+01 4.0e+01 4.0e+01
 4.0e+01]
step_ratio_vec:,[0.1 0.1 0.1 0.1 0.1 0.1 0.1 0.1 0.1 0.1 0.1 0.1 0.1 0.1 0.1 0.1 0.1 0.1
 0.1 0.1 0.1 0.1 0.1 0.1 0.1 0.1 0.1 0.1 0.1 0.1 0.1 0.1 0.1 0.1 0.1 0.1
 0.1 0.1 0.1 0.1 0.1 0.1 0.1 0.1 0.1 0.1 0.1 0.1 0.1 0.1 0.1 0.1 0.1 0.1
 0.1 0.1 0.1 0.1 0.1 0.1 0.1 0.1 0.1 0.1 0.1 0.1 0.1 0.1 0.1 0.1 0.1 0.1
 0.1 0.1 0.1 0.1 0.1 0.1 0.1 0.1 0.1 0.1 0.1 0.1 0.1 0.1 0.1 0.1 0.1 0.1
 0.1 0.1 0.1 0.1 0.1 0.1 0.1 0.1 0.1 0.1 0.1 0.1 0.1 0.1 0.1 0.1 0.1 0.1
 0.1 0.1 0.1 0.1 0.1 0.1 0.1 0.1 0.1 0.1 0.1 0.1 0.1 0.1 0.1 0.1 0.1 0.1
 0.1 0.1 0.1 0.1 0.1 0.1 0.1 0.1 0.1 0.1 0.1 0.1 0.1 0.1 0.1 0.1 0.1 0.1
 0.1 0.1 0.1 0.1 0.1 0.1 0.1 0.1 0.1 0.1 0.1 0.1 0.1 0.1 0.1 0.1 0.1 0.1
 0.1 0.1 0.1 0.1 0.1 0.1 0.1 0.1 0.1 0.1 0.1 0.1 0.1 0.1 0.1 0.1 0.1 0.1
 0.1 0.1 0.1 0.1 0.1 0.1 0.1 0.1 0.1 0.1 0.1 0.1 0.1 0.1 0.1 0.1 0.1 0.1
 0.1 0.1 0.1 0.1 0.1 0.1 0.1 0.1 0.1 0.1 0.1 0.1 0.1 0.1 0.1 0.1 0.1 0.1
 0.1 0.1 0.1 0.1 0.1 0.1 0.1 0.1 0.1 0.1 0.1 0.1 0.1 0.1 0.1 0.1 0.1 0.1
 0.1 0.1 0.1 0.1 0.1 0.1 0.1 0.1 0.1 0.1 0.1 0.1 0.1 0.1 0.1 0.1 0.1 0.1
 0.1 0.1 0.1 0.1 0.1 0.1 0.1 0.1 0.1 0.1 0.1 0.1 0.1 0.1 0.1 0.1 0.1 0.1
 0.1 0.1 0.1 0.1 0.1 0.1 0.1 0.1 0.1 0.1 0.1 0.1 0.1 0.1 0.1 0.1 0.1 0.1
 0.1 0.1 0.1 0.1 0.1 0.1 0.1 0.1 0.1 0.1 0.1 0.1 0.1 0.1 0.1 0.1 0.1 0.1
 0.1 0.1 0.1 0.1 0.1 0.1 0.1 0.1 0.1 0.1 0.1 0.1 0.1 0.1 0.1 0.1 0.1 0.1
 0.1 0.1 0.1 0.1 0.1 0.1 0.1 0.1 0.1 0.1 0.1 0.1 0.1 0.1 0.1 0.1 0.1 0.1
 0.1 0.1 0.1 0.1 0.1 0.1 0.1 0.1 0.1 0.1 0.1 0.1 0.1 0.1 0.1 0.1 0.1 0.1
 0.1 0.1 0.1 0.1 0.1 0.1 0.1 0.1 0.1 0.1 0.1 0.1 0.1 0.1 0.1 0.1 0.1 0.1
 0.1 0.1 0.1 0.1 0.1 0.1 0.1 0.1 0.1 0.1 0.1 0.1 0.1 0.1 0.1 0.1 0.1 0.1
 0.1 0.1 0.1 0.1 0.1 0.1 0.1 0.1 0.1 0.1 0.1 0.1 0.1 0.1 0.1 0.1 0.1 0.1
 0.1]
swap interval:,100
sim interval:,[-1.1175e+08 -7.4500e+07 -3.7250e+07  0.0000e+00]
likelihood_sed (T/F):,True
erodep_coords:,[[ 0  3]
 [42 94]
 [42 95]
 ...
 [96 78]
 [96 79]
 [96 80]]
sed scaling factor:,50
samples_per_chain:,12
burnin:,0.25
num params:,415
initial_proposed_vec:,[ 1.17571510e+00  1.22466417e+00  8.01355301e-01  1.01659741e+00
  9.14799431e-07  5.18846934e-01  1.16583849e+00  4.23972322e-03
  8.71050619e-04  8.76714394e-04  5.61618730e-01  5.20567036e+00
  2.40012587e+04  4.29294467e+00  6.67881918e-03  1.90762157e+02
 -1.73242689e+02  3.11724418e+01  3.20844318e+00 -1.39360273e+02
  1.02000997e+02 -9.40071828e+01 -7.70361452e+01 -1.17902739e+02
 -1.44070038e+02  3.92213180e+01  1.53673905e+02  1.84711322e+02
 -3.12283738e+01 -6.16972942e+01  7.79353590e+01 -1.61322568e+02
  9.10436045e+01 -1.65133101e+02  1.91600817e+02 -1.71787993e+02
 -4.12199702e+01  1.07954779e+02 -9.34473814e+01 -9.96271645e+01
 -1.32880415e+01 -4.85663097e+01 -4.95036388e+00  7.05837470e+01
  7.86099309e+01  1.72637127e+02 -4.99477224e+00  7.62157742e+01
 -5.70345133e+01  1.42901573e+02 -5.02499192e+01 -1.49598804e+02
 -1.29239926e+01  6.62157596e+01 -4.17763887e+01 -1.32936751e+02
  6.70309206e+01  1.91098024e+02 -1.60595576e+02  6.67237269e+01
  9.71096081e+01 -1.99812416e+02 -1.91583389e+02  7.50351967e+01
 -1.65715508e+02 -1.72586929e+02  7.71410994e+01 -1.82370712e+02
  1.41992608e+02  1.02137501e+02 -9.02381624e+01 -1.62137023e+02
  1.72333290e+02 -4.05925767e+01 -6.29285837e+01  8.02123050e+00
  8.50493319e+01  1.89553337e+00  4.74643181e+01  1.42686420e+01
  1.96530258e+02 -1.82278390e+02  1.98072653e+02 -1.45433257e+02
 -1.10678584e+02  5.31401194e+01 -3.15210876e+01  2.12837416e+01
 -2.24944986e+01 -9.32334711e+01  1.78957027e+02  1.48095132e+02
  7.93420271e+01 -1.50285943e+02 -9.95501153e+01 -6.49655593e+01
  1.00599923e+02 -1.15416777e+02  2.35974845e+01 -1.99586301e+02
  1.79014456e+02 -4.57159420e+01 -9.40412298e+01  3.23945352e+01
 -1.87849132e+01  7.89615117e+01  1.59332987e+02 -1.74145289e+02
 -1.73765891e+02  1.58914742e+02  1.82292072e+02 -1.14878465e+02
 -1.68931013e+02 -7.21963543e+01  1.47570866e+02 -1.16351953e+01
 -1.56594577e+02  3.78127598e+01 -4.94385305e+01 -1.39578213e+02
  3.47443068e+01  4.47613866e+00 -5.27400886e+01 -1.42514221e+02
  1.94141396e+02 -1.34022493e+02 -1.44828273e+02 -1.55497811e+02
  6.79781809e+01 -1.87318542e+02  1.23544178e+02 -8.03716022e+01
  4.61197860e+01  1.26381589e+02 -1.68655276e+02  5.48791979e+01
  1.18036249e+02 -1.53901808e+01 -8.90368316e+01  9.84452564e+01
 -1.11049159e+02  1.00681314e+02 -1.06964940e+02  1.31700340e+02
 -1.46256790e+02 -1.16550729e+02  1.01971500e+02 -1.88949890e+02
 -1.90670389e+02 -1.74865555e+02 -5.52654312e+01  1.22606454e+02
 -8.94004616e+01  1.09055107e+02 -5.72771028e+01  6.18641903e+01
  1.55223318e+02  4.63178155e+01  1.59841359e+02  3.81259051e+00
  9.75734499e+01  1.95077526e+02  5.87213923e+01  1.20786303e+02
 -1.35720228e+02 -1.87107718e+01  1.59769094e+01 -1.54631734e+02
 -1.35188392e+02  1.38977321e+02  8.18621282e+01  2.81118329e+00
  9.02672420e+01 -4.80602493e+01  9.90902279e+01 -6.51515126e+01
 -1.54593672e+02  1.67111268e+02 -1.49445237e+01  1.64062858e+02
 -8.07240003e+01 -1.55019980e+02 -3.77008159e+01  2.19045806e+01
  1.82611631e+02 -1.87297586e+02  1.20567937e+01 -2.29362459e+01
 -1.49577764e+02 -1.03201375e+02  5.91661785e+01  1.95874607e+02
 -7.13600016e+01 -8.55159106e+01  8.84077451e+00  4.06417519e+01
  1.37227967e+02 -3.34295529e+01 -2.07137459e+01 -1.46330282e+02
 -4.64766958e+01 -5.81158692e+01  8.29305660e+01 -3.50757551e+00
  1.56369478e+02  2.77838166e+01 -1.33525753e+02  1.90364774e+02
  1.64235883e+02  1.27281170e+02 -5.86367881e-01  1.38566984e+02
 -1.58497790e+02 -1.15768936e+01  1.16555607e+02 -2.25489889e+01
 -9.50554900e+01 -1.37790396e+02 -1.24698077e+02 -1.27897665e+02
  1.83052938e+02 -1.43415295e+02  1.87850814e+02 -1.58809350e+02
  1.00678937e+02 -1.38759076e+02 -1.70391766e+02 -5.33362802e+01
  4.95348797e+01 -9.50288888e+01 -1.66171120e+02  1.68449791e+02
  1.13801625e+02 -1.01575748e+02  2.82132080e+01  1.25177836e+02
  1.78206622e+02  6.82252933e+01 -8.40495058e+01  3.91393560e+01
  8.74587731e+01 -1.11362794e+02 -1.41713899e+02  6.07425840e+01
  1.06175158e+02  1.95675019e+02 -1.30493195e+02 -1.47221935e+02
  2.80049328e+01 -1.12979180e+02 -1.57560836e+02 -1.80538141e+02
  1.39855802e+02  5.79327820e+01 -1.43499969e+02 -5.97641609e+00
  1.73707382e+02 -1.51724548e+02  1.04958281e+02  4.49428083e+01
  9.28306650e+01 -7.97590800e+01  1.41938329e+02 -1.12058409e+02
 -5.96325067e+01 -2.49363898e+00 -5.29797243e+01 -8.07832396e-01
  1.93803403e+02 -8.69842592e+01  1.32496005e+02 -5.09571846e+01
  4.14574023e+01 -1.70548247e+02  8.30675785e+01 -1.77645159e+01
  1.73206616e+02 -1.95886904e+02  7.26354763e+01 -1.05187040e+02
 -1.63354705e+02  5.38740342e+01  9.33032173e+01  1.06952946e+02
 -1.46928442e+02 -3.44778059e+01  1.72094023e+01 -1.47509171e+02
 -1.00676401e+02  1.21754020e+02  1.95935574e+02 -1.83227351e+02
 -9.76511557e+01 -8.37452419e+01  7.41703541e+01 -3.25154750e+01
  1.47154234e+02  2.78884451e+01 -2.42146468e+01 -1.39104445e+02
  5.40010041e+01  1.83297157e+01  6.92844721e+01 -1.49097875e+02
 -1.87344139e+02 -4.36014145e+01  1.65825055e+02  1.10738317e+02
  1.43355694e+02 -1.13055415e+02  1.16933167e+02  9.63932323e+01
 -1.29110435e+02 -1.16691124e+02  1.12308492e+02  4.52299666e+01
  1.98235468e+02 -4.25874580e+01  1.72261499e+02  1.66968715e+02
 -9.50048294e+00 -1.22236354e+02 -5.07939176e+00  7.44796973e+01
  1.01926684e+02 -4.01411035e+01 -1.77853390e+02  4.23416687e+01
 -1.54834590e+01  9.54172934e+01  7.08740335e+00  1.69080509e+02
 -1.95987766e+02  9.96030547e+01  8.17650180e+01 -1.78720313e+02
 -1.18322425e+02  1.64920564e+02  1.23539695e+02 -1.90841788e+02
 -1.08867575e+02 -1.44530845e+02  3.58632359e+01 -1.59455943e+02
 -6.44205035e+01 -1.27425153e+02  9.08645314e+01 -1.91856851e+02
  1.45758816e+02 -2.38166388e+01 -5.02015515e+01 -1.82773272e+02
 -4.31794324e+01 -5.37918010e+01 -1.31773589e+02  8.34994451e+01
  4.43533687e+01  1.87522511e+02  9.89388842e+01 -5.26236190e+01
 -1.71940896e+02  1.37159712e+02 -1.85927355e+02  1.23471370e+02
  1.07837327e+02  7.14279602e+01  4.49763109e+01  1.93837065e+00
  1.69926594e+02  1.86567808e+02 -3.93910805e+01  1.76035944e+02
  1.19751057e+02 -5.66382619e+01 -1.82383241e+02  1.18655846e+02
 -6.39495325e+01  1.15707105e+02 -1.63921236e+02 -1.68368242e+02
  9.05418048e+01  8.46371775e+01 -8.67616450e+01 -6.45764218e+01
 -1.73845210e+02  1.74077424e+02  1.77474629e+01  2.96310837e+01
 -1.40280824e+02 -1.37470050e+02  1.16825654e+02 -1.90024351e+01
 -2.51248704e+01 -7.88832302e+01  1.23168606e+02  1.08827172e+02
  1.07667382e+02 -1.01546058e+02  7.63996455e+01  6.83608735e+01
  1.54578176e+02  1.21407296e+02 -1.59684979e+02 -1.54117993e+02
 -1.21237444e+02 -1.41736703e+01 -1.35285064e+02 -1.92816671e+02
 -1.45876162e+02 -1.77051026e+01 -2.20527227e+00  2.77593033e+01
 -1.96580193e+02 -1.12127997e+02  9.66914624e+01]
stepsize_vec:,[5.0e-02 5.0e-02 5.0e-02 5.0e-02 4.0e-08 5.0e-03 4.0e-02 3.0e-04 1.2e-04
 4.0e-05 2.0e-02 2.0e-01 1.0e-01 2.0e-01 1.5e-03 4.0e+01 4.0e+01 4.0e+01
 4.0e+01 4.0e+01 4.0e+01 4.0e+01 4.0e+01 4.0e+01 4.0e+01 4.0e+01 4.0e+01
 4.0e+01 4.0e+01 4.0e+01 4.0e+01 4.0e+01 4.0e+01 4.0e+01 4.0e+01 4.0e+01
 4.0e+01 4.0e+01 4.0e+01 4.0e+01 4.0e+01 4.0e+01 4.0e+01 4.0e+01 4.0e+01
 4.0e+01 4.0e+01 4.0e+01 4.0e+01 4.0e+01 4.0e+01 4.0e+01 4.0e+01 4.0e+01
 4.0e+01 4.0e+01 4.0e+01 4.0e+01 4.0e+01 4.0e+01 4.0e+01 4.0e+01 4.0e+01
 4.0e+01 4.0e+01 4.0e+01 4.0e+01 4.0e+01 4.0e+01 4.0e+01 4.0e+01 4.0e+01
 4.0e+01 4.0e+01 4.0e+01 4.0e+01 4.0e+01 4.0e+01 4.0e+01 4.0e+01 4.0e+01
 4.0e+01 4.0e+01 4.0e+01 4.0e+01 4.0e+01 4.0e+01 4.0e+01 4.0e+01 4.0e+01
 4.0e+01 4.0e+01 4.0e+01 4.0e+01 4.0e+01 4.0e+01 4.0e+01 4.0e+01 4.0e+01
 4.0e+01 4.0e+01 4.0e+01 4.0e+01 4.0e+01 4.0e+01 4.0e+01 4.0e+01 4.0e+01
 4.0e+01 4.0e+01 4.0e+01 4.0e+01 4.0e+01 4.0e+01 4.0e+01 4.0e+01 4.0e+01
 4.0e+01 4.0e+01 4.0e+01 4.0e+01 4.0e+01 4.0e+01 4.0e+01 4.0e+01 4.0e+01
 4.0e+01 4.0e+01 4.0e+01 4.0e+01 4.0e+01 4.0e+01 4.0e+01 4.0e+01 4.0e+01
 4.0e+01 4.0e+01 4.0e+01 4.0e+01 4.0e+01 4.0e+01 4.0e+01 4.0e+01 4.0e+01
 4.0e+01 4.0e+01 4.0e+01 4.0e+01 4.0e+01 4.0e+01 4.0e+01 4.0e+01 4.0e+01
 4.0e+01 4.0e+01 4.0e+01 4.0e+01 4.0e+01 4.0e+01 4.0e+01 4.0e+01 4.0e+01
 4.0e+01 4.0e+01 4.0e+01 4.0e+01 4.0e+01 4.0e+01 4.0e+01 4.0e+01 4.0e+01
 4.0e+01 4.0e+01 4.0e+01 4.0e+01 4.0e+01 4.0e+01 4.0e+01 4.0e+01 4.0e+01
 4.0e+01 4.0e+01 4.0e+01 4.0e+01 4.0e+01 4.0e+01 4.0e+01 4.0e+01 4.0e+01
 4.0e+01 4.0e+01 4.0e+01 4.0e+01 4.0e+01 4.0e+01 4.0e+01 4.0e+01 4.0e+01
 4.0e+01 4.0e+01 4.0e+01 4.0e+01 4.0e+01 4.0e+01 4.0e+01 4.0e+01 4.0e+01
 4.0e+01 4.0e+01 4.0e+01 4.0e+01 4.0e+01 4.0e+01 4.0e+01 4.0e+01 4.0e+01
 4.0e+01 4.0e+01 4.0e+01 4.0e+01 4.0e+01 4.0e+01 4.0e+01 4.0e+01 4.0e+01
 4.0e+01 4.0e+01 4.0e+01 4.0e+01 4.0e+01 4.0e+01 4.0e+01 4.0e+01 4.0e+01
 4.0e+01 4.0e+01 4.0e+01 4.0e+01 4.0e+01 4.0e+01 4.0e+01 4.0e+01 4.0e+01
 4.0e+01 4.0e+01 4.0e+01 4.0e+01 4.0e+01 4.0e+01 4.0e+01 4.0e+01 4.0e+01
 4.0e+01 4.0e+01 4.0e+01 4.0e+01 4.0e+01 4.0e+01 4.0e+01 4.0e+01 4.0e+01
 4.0e+01 4.0e+01 4.0e+01 4.0e+01 4.0e+01 4.0e+01 4.0e+01 4.0e+01 4.0e+01
 4.0e+01 4.0e+01 4.0e+01 4.0e+01 4.0e+01 4.0e+01 4.0e+01 4.0e+01 4.0e+01
 4.0e+01 4.0e+01 4.0e+01 4.0e+01 4.0e+01 4.0e+01 4.0e+01 4.0e+01 4.0e+01
 4.0e+01 4.0e+01 4.0e+01 4.0e+01 4.0e+01 4.0e+01 4.0e+01 4.0e+01 4.0e+01
 4.0e+01 4.0e+01 4.0e+01 4.0e+01 4.0e+01 4.0e+01 4.0e+01 4.0e+01 4.0e+01
 4.0e+01 4.0e+01 4.0e+01 4.0e+01 4.0e+01 4.0e+01 4.0e+01 4.0e+01 4.0e+01
 4.0e+01 4.0e+01 4.0e+01 4.0e+01 4.0e+01 4.0e+01 4.0e+01 4.0e+01 4.0e+01
 4.0e+01 4.0e+01 4.0e+01 4.0e+01 4.0e+01 4.0e+01 4.0e+01 4.0e+01 4.0e+01
 4.0e+01 4.0e+01 4.0e+01 4.0e+01 4.0e+01 4.0e+01 4.0e+01 4.0e+01 4.0e+01
 4.0e+01 4.0e+01 4.0e+01 4.0e+01 4.0e+01 4.0e+01 4.0e+01 4.0e+01 4.0e+01
 4.0e+01 4.0e+01 4.0e+01 4.0e+01 4.0e+01 4.0e+01 4.0e+01 4.0e+01 4.0e+01
 4.0e+01 4.0e+01 4.0e+01 4.0e+01 4.0e+01 4.0e+01 4.0e+01 4.0e+01 4.0e+01
 4.0e+01 4.0e+01 4.0e+01 4.0e+01 4.0e+01 4.0e+01 4.0e+01 4.0e+01 4.0e+01
 4.0e+01 4.0e+01 4.0e+01 4.0e+01 4.0e+01 4.0e+01 4.0e+01 4.0e+01 4.0e+01
 4.0e+01 4.0e+01 4.0e+01 4.0e+01 4.0e+01 4.0e+01 4.0e+01 4.0e+01 4.0e+01
 4.0e+01 4.0e+01 4.0e+01 4.0e+01 4.0e+01 4.0e+01 4.0e+01 4.0e+01 4.0e+01
 4.0e+01 4.0e+01 4.0e+01 4.0e+01 4.0e+01 4.0e+01 4.0e+01 4.0e+01 4.0e+01
 4.0e+01]
step_ratio_vec:,[0.1 0.1 0.1 0.1 0.1 0.1 0.1 0.1 0.1 0.1 0.1 0.1 0.1 0.1 0.1 0.1 0.1 0.1
 0.1 0.1 0.1 0.1 0.1 0.1 0.1 0.1 0.1 0.1 0.1 0.1 0.1 0.1 0.1 0.1 0.1 0.1
 0.1 0.1 0.1 0.1 0.1 0.1 0.1 0.1 0.1 0.1 0.1 0.1 0.1 0.1 0.1 0.1 0.1 0.1
 0.1 0.1 0.1 0.1 0.1 0.1 0.1 0.1 0.1 0.1 0.1 0.1 0.1 0.1 0.1 0.1 0.1 0.1
 0.1 0.1 0.1 0.1 0.1 0.1 0.1 0.1 0.1 0.1 0.1 0.1 0.1 0.1 0.1 0.1 0.1 0.1
 0.1 0.1 0.1 0.1 0.1 0.1 0.1 0.1 0.1 0.1 0.1 0.1 0.1 0.1 0.1 0.1 0.1 0.1
 0.1 0.1 0.1 0.1 0.1 0.1 0.1 0.1 0.1 0.1 0.1 0.1 0.1 0.1 0.1 0.1 0.1 0.1
 0.1 0.1 0.1 0.1 0.1 0.1 0.1 0.1 0.1 0.1 0.1 0.1 0.1 0.1 0.1 0.1 0.1 0.1
 0.1 0.1 0.1 0.1 0.1 0.1 0.1 0.1 0.1 0.1 0.1 0.1 0.1 0.1 0.1 0.1 0.1 0.1
 0.1 0.1 0.1 0.1 0.1 0.1 0.1 0.1 0.1 0.1 0.1 0.1 0.1 0.1 0.1 0.1 0.1 0.1
 0.1 0.1 0.1 0.1 0.1 0.1 0.1 0.1 0.1 0.1 0.1 0.1 0.1 0.1 0.1 0.1 0.1 0.1
 0.1 0.1 0.1 0.1 0.1 0.1 0.1 0.1 0.1 0.1 0.1 0.1 0.1 0.1 0.1 0.1 0.1 0.1
 0.1 0.1 0.1 0.1 0.1 0.1 0.1 0.1 0.1 0.1 0.1 0.1 0.1 0.1 0.1 0.1 0.1 0.1
 0.1 0.1 0.1 0.1 0.1 0.1 0.1 0.1 0.1 0.1 0.1 0.1 0.1 0.1 0.1 0.1 0.1 0.1
 0.1 0.1 0.1 0.1 0.1 0.1 0.1 0.1 0.1 0.1 0.1 0.1 0.1 0.1 0.1 0.1 0.1 0.1
 0.1 0.1 0.1 0.1 0.1 0.1 0.1 0.1 0.1 0.1 0.1 0.1 0.1 0.1 0.1 0.1 0.1 0.1
 0.1 0.1 0.1 0.1 0.1 0.1 0.1 0.1 0.1 0.1 0.1 0.1 0.1 0.1 0.1 0.1 0.1 0.1
 0.1 0.1 0.1 0.1 0.1 0.1 0.1 0.1 0.1 0.1 0.1 0.1 0.1 0.1 0.1 0.1 0.1 0.1
 0.1 0.1 0.1 0.1 0.1 0.1 0.1 0.1 0.1 0.1 0.1 0.1 0.1 0.1 0.1 0.1 0.1 0.1
 0.1 0.1 0.1 0.1 0.1 0.1 0.1 0.1 0.1 0.1 0.1 0.1 0.1 0.1 0.1 0.1 0.1 0.1
 0.1 0.1 0.1 0.1 0.1 0.1 0.1 0.1 0.1 0.1 0.1 0.1 0.1 0.1 0.1 0.1 0.1 0.1
 0.1 0.1 0.1 0.1 0.1 0.1 0.1 0.1 0.1 0.1 0.1 0.1 0.1 0.1 0.1 0.1 0.1 0.1
 0.1 0.1 0.1 0.1 0.1 0.1 0.1 0.1 0.1 0.1 0.1 0.1 0.1 0.1 0.1 0.1 0.1 0.1
 0.1]
swap interval:,100
sim interval:,[-1.1175e+08 -7.4500e+07 -3.7250e+07  0.0000e+00]
likelihood_sed (T/F):,True
erodep_coords:,[[ 0  3]
 [42 94]
 [42 95]
 ...
 [96 78]
 [96 79]
 [96 80]]
sed scaling factor:,50
samples_per_chain:,12
burnin:,0.25
num params:,415
initial_proposed_vec:,[ 1.17571510e+00  1.22466417e+00  8.01355301e-01  1.01659741e+00
  9.14799431e-07  5.18846934e-01  1.16583849e+00  4.23972322e-03
  8.71050619e-04  8.76714394e-04  5.61618730e-01  5.20567036e+00
  2.40012587e+04  4.29294467e+00  6.67881918e-03  1.90762157e+02
 -1.73242689e+02  3.11724418e+01  3.20844318e+00 -1.39360273e+02
  1.02000997e+02 -9.40071828e+01 -7.70361452e+01 -1.17902739e+02
 -1.44070038e+02  3.92213180e+01  1.53673905e+02  1.84711322e+02
 -3.12283738e+01 -6.16972942e+01  7.79353590e+01 -1.61322568e+02
  9.10436045e+01 -1.65133101e+02  1.91600817e+02 -1.71787993e+02
 -4.12199702e+01  1.07954779e+02 -9.34473814e+01 -9.96271645e+01
 -1.32880415e+01 -4.85663097e+01 -4.95036388e+00  7.05837470e+01
  7.86099309e+01  1.72637127e+02 -4.99477224e+00  7.62157742e+01
 -5.70345133e+01  1.42901573e+02 -5.02499192e+01 -1.49598804e+02
 -1.29239926e+01  6.62157596e+01 -4.17763887e+01 -1.32936751e+02
  6.70309206e+01  1.91098024e+02 -1.60595576e+02  6.67237269e+01
  9.71096081e+01 -1.99812416e+02 -1.91583389e+02  7.50351967e+01
 -1.65715508e+02 -1.72586929e+02  7.71410994e+01 -1.82370712e+02
  1.41992608e+02  1.02137501e+02 -9.02381624e+01 -1.62137023e+02
  1.72333290e+02 -4.05925767e+01 -6.29285837e+01  8.02123050e+00
  8.50493319e+01  1.89553337e+00  4.74643181e+01  1.42686420e+01
  1.96530258e+02 -1.82278390e+02  1.98072653e+02 -1.45433257e+02
 -1.10678584e+02  5.31401194e+01 -3.15210876e+01  2.12837416e+01
 -2.24944986e+01 -9.32334711e+01  1.78957027e+02  1.48095132e+02
  7.93420271e+01 -1.50285943e+02 -9.95501153e+01 -6.49655593e+01
  1.00599923e+02 -1.15416777e+02  2.35974845e+01 -1.99586301e+02
  1.79014456e+02 -4.57159420e+01 -9.40412298e+01  3.23945352e+01
 -1.87849132e+01  7.89615117e+01  1.59332987e+02 -1.74145289e+02
 -1.73765891e+02  1.58914742e+02  1.82292072e+02 -1.14878465e+02
 -1.68931013e+02 -7.21963543e+01  1.47570866e+02 -1.16351953e+01
 -1.56594577e+02  3.78127598e+01 -4.94385305e+01 -1.39578213e+02
  3.47443068e+01  4.47613866e+00 -5.27400886e+01 -1.42514221e+02
  1.94141396e+02 -1.34022493e+02 -1.44828273e+02 -1.55497811e+02
  6.79781809e+01 -1.87318542e+02  1.23544178e+02 -8.03716022e+01
  4.61197860e+01  1.26381589e+02 -1.68655276e+02  5.48791979e+01
  1.18036249e+02 -1.53901808e+01 -8.90368316e+01  9.84452564e+01
 -1.11049159e+02  1.00681314e+02 -1.06964940e+02  1.31700340e+02
 -1.46256790e+02 -1.16550729e+02  1.01971500e+02 -1.88949890e+02
 -1.90670389e+02 -1.74865555e+02 -5.52654312e+01  1.22606454e+02
 -8.94004616e+01  1.09055107e+02 -5.72771028e+01  6.18641903e+01
  1.55223318e+02  4.63178155e+01  1.59841359e+02  3.81259051e+00
  9.75734499e+01  1.95077526e+02  5.87213923e+01  1.20786303e+02
 -1.35720228e+02 -1.87107718e+01  1.59769094e+01 -1.54631734e+02
 -1.35188392e+02  1.38977321e+02  8.18621282e+01  2.81118329e+00
  9.02672420e+01 -4.80602493e+01  9.90902279e+01 -6.51515126e+01
 -1.54593672e+02  1.67111268e+02 -1.49445237e+01  1.64062858e+02
 -8.07240003e+01 -1.55019980e+02 -3.77008159e+01  2.19045806e+01
  1.82611631e+02 -1.87297586e+02  1.20567937e+01 -2.29362459e+01
 -1.49577764e+02 -1.03201375e+02  5.91661785e+01  1.95874607e+02
 -7.13600016e+01 -8.55159106e+01  8.84077451e+00  4.06417519e+01
  1.37227967e+02 -3.34295529e+01 -2.07137459e+01 -1.46330282e+02
 -4.64766958e+01 -5.81158692e+01  8.29305660e+01 -3.50757551e+00
  1.56369478e+02  2.77838166e+01 -1.33525753e+02  1.90364774e+02
  1.64235883e+02  1.27281170e+02 -5.86367881e-01  1.38566984e+02
 -1.58497790e+02 -1.15768936e+01  1.16555607e+02 -2.25489889e+01
 -9.50554900e+01 -1.37790396e+02 -1.24698077e+02 -1.27897665e+02
  1.83052938e+02 -1.43415295e+02  1.87850814e+02 -1.58809350e+02
  1.00678937e+02 -1.38759076e+02 -1.70391766e+02 -5.33362802e+01
  4.95348797e+01 -9.50288888e+01 -1.66171120e+02  1.68449791e+02
  1.13801625e+02 -1.01575748e+02  2.82132080e+01  1.25177836e+02
  1.78206622e+02  6.82252933e+01 -8.40495058e+01  3.91393560e+01
  8.74587731e+01 -1.11362794e+02 -1.41713899e+02  6.07425840e+01
  1.06175158e+02  1.95675019e+02 -1.30493195e+02 -1.47221935e+02
  2.80049328e+01 -1.12979180e+02 -1.57560836e+02 -1.80538141e+02
  1.39855802e+02  5.79327820e+01 -1.43499969e+02 -5.97641609e+00
  1.73707382e+02 -1.51724548e+02  1.04958281e+02  4.49428083e+01
  9.28306650e+01 -7.97590800e+01  1.41938329e+02 -1.12058409e+02
 -5.96325067e+01 -2.49363898e+00 -5.29797243e+01 -8.07832396e-01
  1.93803403e+02 -8.69842592e+01  1.32496005e+02 -5.09571846e+01
  4.14574023e+01 -1.70548247e+02  8.30675785e+01 -1.77645159e+01
  1.73206616e+02 -1.95886904e+02  7.26354763e+01 -1.05187040e+02
 -1.63354705e+02  5.38740342e+01  9.33032173e+01  1.06952946e+02
 -1.46928442e+02 -3.44778059e+01  1.72094023e+01 -1.47509171e+02
 -1.00676401e+02  1.21754020e+02  1.95935574e+02 -1.83227351e+02
 -9.76511557e+01 -8.37452419e+01  7.41703541e+01 -3.25154750e+01
  1.47154234e+02  2.78884451e+01 -2.42146468e+01 -1.39104445e+02
  5.40010041e+01  1.83297157e+01  6.92844721e+01 -1.49097875e+02
 -1.87344139e+02 -4.36014145e+01  1.65825055e+02  1.10738317e+02
  1.43355694e+02 -1.13055415e+02  1.16933167e+02  9.63932323e+01
 -1.29110435e+02 -1.16691124e+02  1.12308492e+02  4.52299666e+01
  1.98235468e+02 -4.25874580e+01  1.72261499e+02  1.66968715e+02
 -9.50048294e+00 -1.22236354e+02 -5.07939176e+00  7.44796973e+01
  1.01926684e+02 -4.01411035e+01 -1.77853390e+02  4.23416687e+01
 -1.54834590e+01  9.54172934e+01  7.08740335e+00  1.69080509e+02
 -1.95987766e+02  9.96030547e+01  8.17650180e+01 -1.78720313e+02
 -1.18322425e+02  1.64920564e+02  1.23539695e+02 -1.90841788e+02
 -1.08867575e+02 -1.44530845e+02  3.58632359e+01 -1.59455943e+02
 -6.44205035e+01 -1.27425153e+02  9.08645314e+01 -1.91856851e+02
  1.45758816e+02 -2.38166388e+01 -5.02015515e+01 -1.82773272e+02
 -4.31794324e+01 -5.37918010e+01 -1.31773589e+02  8.34994451e+01
  4.43533687e+01  1.87522511e+02  9.89388842e+01 -5.26236190e+01
 -1.71940896e+02  1.37159712e+02 -1.85927355e+02  1.23471370e+02
  1.07837327e+02  7.14279602e+01  4.49763109e+01  1.93837065e+00
  1.69926594e+02  1.86567808e+02 -3.93910805e+01  1.76035944e+02
  1.19751057e+02 -5.66382619e+01 -1.82383241e+02  1.18655846e+02
 -6.39495325e+01  1.15707105e+02 -1.63921236e+02 -1.68368242e+02
  9.05418048e+01  8.46371775e+01 -8.67616450e+01 -6.45764218e+01
 -1.73845210e+02  1.74077424e+02  1.77474629e+01  2.96310837e+01
 -1.40280824e+02 -1.37470050e+02  1.16825654e+02 -1.90024351e+01
 -2.51248704e+01 -7.88832302e+01  1.23168606e+02  1.08827172e+02
  1.07667382e+02 -1.01546058e+02  7.63996455e+01  6.83608735e+01
  1.54578176e+02  1.21407296e+02 -1.59684979e+02 -1.54117993e+02
 -1.21237444e+02 -1.41736703e+01 -1.35285064e+02 -1.92816671e+02
 -1.45876162e+02 -1.77051026e+01 -2.20527227e+00  2.77593033e+01
 -1.96580193e+02 -1.12127997e+02  9.66914624e+01]
stepsize_vec:,[5.0e-02 5.0e-02 5.0e-02 5.0e-02 4.0e-08 5.0e-03 4.0e-02 3.0e-04 1.2e-04
 4.0e-05 2.0e-02 2.0e-01 1.0e-01 2.0e-01 1.5e-03 4.0e+01 4.0e+01 4.0e+01
 4.0e+01 4.0e+01 4.0e+01 4.0e+01 4.0e+01 4.0e+01 4.0e+01 4.0e+01 4.0e+01
 4.0e+01 4.0e+01 4.0e+01 4.0e+01 4.0e+01 4.0e+01 4.0e+01 4.0e+01 4.0e+01
 4.0e+01 4.0e+01 4.0e+01 4.0e+01 4.0e+01 4.0e+01 4.0e+01 4.0e+01 4.0e+01
 4.0e+01 4.0e+01 4.0e+01 4.0e+01 4.0e+01 4.0e+01 4.0e+01 4.0e+01 4.0e+01
 4.0e+01 4.0e+01 4.0e+01 4.0e+01 4.0e+01 4.0e+01 4.0e+01 4.0e+01 4.0e+01
 4.0e+01 4.0e+01 4.0e+01 4.0e+01 4.0e+01 4.0e+01 4.0e+01 4.0e+01 4.0e+01
 4.0e+01 4.0e+01 4.0e+01 4.0e+01 4.0e+01 4.0e+01 4.0e+01 4.0e+01 4.0e+01
 4.0e+01 4.0e+01 4.0e+01 4.0e+01 4.0e+01 4.0e+01 4.0e+01 4.0e+01 4.0e+01
 4.0e+01 4.0e+01 4.0e+01 4.0e+01 4.0e+01 4.0e+01 4.0e+01 4.0e+01 4.0e+01
 4.0e+01 4.0e+01 4.0e+01 4.0e+01 4.0e+01 4.0e+01 4.0e+01 4.0e+01 4.0e+01
 4.0e+01 4.0e+01 4.0e+01 4.0e+01 4.0e+01 4.0e+01 4.0e+01 4.0e+01 4.0e+01
 4.0e+01 4.0e+01 4.0e+01 4.0e+01 4.0e+01 4.0e+01 4.0e+01 4.0e+01 4.0e+01
 4.0e+01 4.0e+01 4.0e+01 4.0e+01 4.0e+01 4.0e+01 4.0e+01 4.0e+01 4.0e+01
 4.0e+01 4.0e+01 4.0e+01 4.0e+01 4.0e+01 4.0e+01 4.0e+01 4.0e+01 4.0e+01
 4.0e+01 4.0e+01 4.0e+01 4.0e+01 4.0e+01 4.0e+01 4.0e+01 4.0e+01 4.0e+01
 4.0e+01 4.0e+01 4.0e+01 4.0e+01 4.0e+01 4.0e+01 4.0e+01 4.0e+01 4.0e+01
 4.0e+01 4.0e+01 4.0e+01 4.0e+01 4.0e+01 4.0e+01 4.0e+01 4.0e+01 4.0e+01
 4.0e+01 4.0e+01 4.0e+01 4.0e+01 4.0e+01 4.0e+01 4.0e+01 4.0e+01 4.0e+01
 4.0e+01 4.0e+01 4.0e+01 4.0e+01 4.0e+01 4.0e+01 4.0e+01 4.0e+01 4.0e+01
 4.0e+01 4.0e+01 4.0e+01 4.0e+01 4.0e+01 4.0e+01 4.0e+01 4.0e+01 4.0e+01
 4.0e+01 4.0e+01 4.0e+01 4.0e+01 4.0e+01 4.0e+01 4.0e+01 4.0e+01 4.0e+01
 4.0e+01 4.0e+01 4.0e+01 4.0e+01 4.0e+01 4.0e+01 4.0e+01 4.0e+01 4.0e+01
 4.0e+01 4.0e+01 4.0e+01 4.0e+01 4.0e+01 4.0e+01 4.0e+01 4.0e+01 4.0e+01
 4.0e+01 4.0e+01 4.0e+01 4.0e+01 4.0e+01 4.0e+01 4.0e+01 4.0e+01 4.0e+01
 4.0e+01 4.0e+01 4.0e+01 4.0e+01 4.0e+01 4.0e+01 4.0e+01 4.0e+01 4.0e+01
 4.0e+01 4.0e+01 4.0e+01 4.0e+01 4.0e+01 4.0e+01 4.0e+01 4.0e+01 4.0e+01
 4.0e+01 4.0e+01 4.0e+01 4.0e+01 4.0e+01 4.0e+01 4.0e+01 4.0e+01 4.0e+01
 4.0e+01 4.0e+01 4.0e+01 4.0e+01 4.0e+01 4.0e+01 4.0e+01 4.0e+01 4.0e+01
 4.0e+01 4.0e+01 4.0e+01 4.0e+01 4.0e+01 4.0e+01 4.0e+01 4.0e+01 4.0e+01
 4.0e+01 4.0e+01 4.0e+01 4.0e+01 4.0e+01 4.0e+01 4.0e+01 4.0e+01 4.0e+01
 4.0e+01 4.0e+01 4.0e+01 4.0e+01 4.0e+01 4.0e+01 4.0e+01 4.0e+01 4.0e+01
 4.0e+01 4.0e+01 4.0e+01 4.0e+01 4.0e+01 4.0e+01 4.0e+01 4.0e+01 4.0e+01
 4.0e+01 4.0e+01 4.0e+01 4.0e+01 4.0e+01 4.0e+01 4.0e+01 4.0e+01 4.0e+01
 4.0e+01 4.0e+01 4.0e+01 4.0e+01 4.0e+01 4.0e+01 4.0e+01 4.0e+01 4.0e+01
 4.0e+01 4.0e+01 4.0e+01 4.0e+01 4.0e+01 4.0e+01 4.0e+01 4.0e+01 4.0e+01
 4.0e+01 4.0e+01 4.0e+01 4.0e+01 4.0e+01 4.0e+01 4.0e+01 4.0e+01 4.0e+01
 4.0e+01 4.0e+01 4.0e+01 4.0e+01 4.0e+01 4.0e+01 4.0e+01 4.0e+01 4.0e+01
 4.0e+01 4.0e+01 4.0e+01 4.0e+01 4.0e+01 4.0e+01 4.0e+01 4.0e+01 4.0e+01
 4.0e+01 4.0e+01 4.0e+01 4.0e+01 4.0e+01 4.0e+01 4.0e+01 4.0e+01 4.0e+01
 4.0e+01 4.0e+01 4.0e+01 4.0e+01 4.0e+01 4.0e+01 4.0e+01 4.0e+01 4.0e+01
 4.0e+01 4.0e+01 4.0e+01 4.0e+01 4.0e+01 4.0e+01 4.0e+01 4.0e+01 4.0e+01
 4.0e+01 4.0e+01 4.0e+01 4.0e+01 4.0e+01 4.0e+01 4.0e+01 4.0e+01 4.0e+01
 4.0e+01 4.0e+01 4.0e+01 4.0e+01 4.0e+01 4.0e+01 4.0e+01 4.0e+01 4.0e+01
 4.0e+01 4.0e+01 4.0e+01 4.0e+01 4.0e+01 4.0e+01 4.0e+01 4.0e+01 4.0e+01
 4.0e+01]
step_ratio_vec:,[0.1 0.1 0.1 0.1 0.1 0.1 0.1 0.1 0.1 0.1 0.1 0.1 0.1 0.1 0.1 0.1 0.1 0.1
 0.1 0.1 0.1 0.1 0.1 0.1 0.1 0.1 0.1 0.1 0.1 0.1 0.1 0.1 0.1 0.1 0.1 0.1
 0.1 0.1 0.1 0.1 0.1 0.1 0.1 0.1 0.1 0.1 0.1 0.1 0.1 0.1 0.1 0.1 0.1 0.1
 0.1 0.1 0.1 0.1 0.1 0.1 0.1 0.1 0.1 0.1 0.1 0.1 0.1 0.1 0.1 0.1 0.1 0.1
 0.1 0.1 0.1 0.1 0.1 0.1 0.1 0.1 0.1 0.1 0.1 0.1 0.1 0.1 0.1 0.1 0.1 0.1
 0.1 0.1 0.1 0.1 0.1 0.1 0.1 0.1 0.1 0.1 0.1 0.1 0.1 0.1 0.1 0.1 0.1 0.1
 0.1 0.1 0.1 0.1 0.1 0.1 0.1 0.1 0.1 0.1 0.1 0.1 0.1 0.1 0.1 0.1 0.1 0.1
 0.1 0.1 0.1 0.1 0.1 0.1 0.1 0.1 0.1 0.1 0.1 0.1 0.1 0.1 0.1 0.1 0.1 0.1
 0.1 0.1 0.1 0.1 0.1 0.1 0.1 0.1 0.1 0.1 0.1 0.1 0.1 0.1 0.1 0.1 0.1 0.1
 0.1 0.1 0.1 0.1 0.1 0.1 0.1 0.1 0.1 0.1 0.1 0.1 0.1 0.1 0.1 0.1 0.1 0.1
 0.1 0.1 0.1 0.1 0.1 0.1 0.1 0.1 0.1 0.1 0.1 0.1 0.1 0.1 0.1 0.1 0.1 0.1
 0.1 0.1 0.1 0.1 0.1 0.1 0.1 0.1 0.1 0.1 0.1 0.1 0.1 0.1 0.1 0.1 0.1 0.1
 0.1 0.1 0.1 0.1 0.1 0.1 0.1 0.1 0.1 0.1 0.1 0.1 0.1 0.1 0.1 0.1 0.1 0.1
 0.1 0.1 0.1 0.1 0.1 0.1 0.1 0.1 0.1 0.1 0.1 0.1 0.1 0.1 0.1 0.1 0.1 0.1
 0.1 0.1 0.1 0.1 0.1 0.1 0.1 0.1 0.1 0.1 0.1 0.1 0.1 0.1 0.1 0.1 0.1 0.1
 0.1 0.1 0.1 0.1 0.1 0.1 0.1 0.1 0.1 0.1 0.1 0.1 0.1 0.1 0.1 0.1 0.1 0.1
 0.1 0.1 0.1 0.1 0.1 0.1 0.1 0.1 0.1 0.1 0.1 0.1 0.1 0.1 0.1 0.1 0.1 0.1
 0.1 0.1 0.1 0.1 0.1 0.1 0.1 0.1 0.1 0.1 0.1 0.1 0.1 0.1 0.1 0.1 0.1 0.1
 0.1 0.1 0.1 0.1 0.1 0.1 0.1 0.1 0.1 0.1 0.1 0.1 0.1 0.1 0.1 0.1 0.1 0.1
 0.1 0.1 0.1 0.1 0.1 0.1 0.1 0.1 0.1 0.1 0.1 0.1 0.1 0.1 0.1 0.1 0.1 0.1
 0.1 0.1 0.1 0.1 0.1 0.1 0.1 0.1 0.1 0.1 0.1 0.1 0.1 0.1 0.1 0.1 0.1 0.1
 0.1 0.1 0.1 0.1 0.1 0.1 0.1 0.1 0.1 0.1 0.1 0.1 0.1 0.1 0.1 0.1 0.1 0.1
 0.1 0.1 0.1 0.1 0.1 0.1 0.1 0.1 0.1 0.1 0.1 0.1 0.1 0.1 0.1 0.1 0.1 0.1
 0.1]
swap interval:,100
sim interval:,[-1.1175e+08 -7.4500e+07 -3.7250e+07  0.0000e+00]
likelihood_sed (T/F):,True
erodep_coords:,[[ 0  3]
 [42 94]
 [42 95]
 ...
 [96 78]
 [96 79]
 [96 80]]
sed scaling factor:,50
samples_per_chain:,12
burnin:,0.25
num params:,415
initial_proposed_vec:,[ 1.17571510e+00  1.22466417e+00  8.01355301e-01  1.01659741e+00
  9.14799431e-07  5.18846934e-01  1.16583849e+00  4.23972322e-03
  8.71050619e-04  8.76714394e-04  5.61618730e-01  5.20567036e+00
  2.40012587e+04  4.29294467e+00  6.67881918e-03  1.90762157e+02
 -1.73242689e+02  3.11724418e+01  3.20844318e+00 -1.39360273e+02
  1.02000997e+02 -9.40071828e+01 -7.70361452e+01 -1.17902739e+02
 -1.44070038e+02  3.92213180e+01  1.53673905e+02  1.84711322e+02
 -3.12283738e+01 -6.16972942e+01  7.79353590e+01 -1.61322568e+02
  9.10436045e+01 -1.65133101e+02  1.91600817e+02 -1.71787993e+02
 -4.12199702e+01  1.07954779e+02 -9.34473814e+01 -9.96271645e+01
 -1.32880415e+01 -4.85663097e+01 -4.95036388e+00  7.05837470e+01
  7.86099309e+01  1.72637127e+02 -4.99477224e+00  7.62157742e+01
 -5.70345133e+01  1.42901573e+02 -5.02499192e+01 -1.49598804e+02
 -1.29239926e+01  6.62157596e+01 -4.17763887e+01 -1.32936751e+02
  6.70309206e+01  1.91098024e+02 -1.60595576e+02  6.67237269e+01
  9.71096081e+01 -1.99812416e+02 -1.91583389e+02  7.50351967e+01
 -1.65715508e+02 -1.72586929e+02  7.71410994e+01 -1.82370712e+02
  1.41992608e+02  1.02137501e+02 -9.02381624e+01 -1.62137023e+02
  1.72333290e+02 -4.05925767e+01 -6.29285837e+01  8.02123050e+00
  8.50493319e+01  1.89553337e+00  4.74643181e+01  1.42686420e+01
  1.96530258e+02 -1.82278390e+02  1.98072653e+02 -1.45433257e+02
 -1.10678584e+02  5.31401194e+01 -3.15210876e+01  2.12837416e+01
 -2.24944986e+01 -9.32334711e+01  1.78957027e+02  1.48095132e+02
  7.93420271e+01 -1.50285943e+02 -9.95501153e+01 -6.49655593e+01
  1.00599923e+02 -1.15416777e+02  2.35974845e+01 -1.99586301e+02
  1.79014456e+02 -4.57159420e+01 -9.40412298e+01  3.23945352e+01
 -1.87849132e+01  7.89615117e+01  1.59332987e+02 -1.74145289e+02
 -1.73765891e+02  1.58914742e+02  1.82292072e+02 -1.14878465e+02
 -1.68931013e+02 -7.21963543e+01  1.47570866e+02 -1.16351953e+01
 -1.56594577e+02  3.78127598e+01 -4.94385305e+01 -1.39578213e+02
  3.47443068e+01  4.47613866e+00 -5.27400886e+01 -1.42514221e+02
  1.94141396e+02 -1.34022493e+02 -1.44828273e+02 -1.55497811e+02
  6.79781809e+01 -1.87318542e+02  1.23544178e+02 -8.03716022e+01
  4.61197860e+01  1.26381589e+02 -1.68655276e+02  5.48791979e+01
  1.18036249e+02 -1.53901808e+01 -8.90368316e+01  9.84452564e+01
 -1.11049159e+02  1.00681314e+02 -1.06964940e+02  1.31700340e+02
 -1.46256790e+02 -1.16550729e+02  1.01971500e+02 -1.88949890e+02
 -1.90670389e+02 -1.74865555e+02 -5.52654312e+01  1.22606454e+02
 -8.94004616e+01  1.09055107e+02 -5.72771028e+01  6.18641903e+01
  1.55223318e+02  4.63178155e+01  1.59841359e+02  3.81259051e+00
  9.75734499e+01  1.95077526e+02  5.87213923e+01  1.20786303e+02
 -1.35720228e+02 -1.87107718e+01  1.59769094e+01 -1.54631734e+02
 -1.35188392e+02  1.38977321e+02  8.18621282e+01  2.81118329e+00
  9.02672420e+01 -4.80602493e+01  9.90902279e+01 -6.51515126e+01
 -1.54593672e+02  1.67111268e+02 -1.49445237e+01  1.64062858e+02
 -8.07240003e+01 -1.55019980e+02 -3.77008159e+01  2.19045806e+01
  1.82611631e+02 -1.87297586e+02  1.20567937e+01 -2.29362459e+01
 -1.49577764e+02 -1.03201375e+02  5.91661785e+01  1.95874607e+02
 -7.13600016e+01 -8.55159106e+01  8.84077451e+00  4.06417519e+01
  1.37227967e+02 -3.34295529e+01 -2.07137459e+01 -1.46330282e+02
 -4.64766958e+01 -5.81158692e+01  8.29305660e+01 -3.50757551e+00
  1.56369478e+02  2.77838166e+01 -1.33525753e+02  1.90364774e+02
  1.64235883e+02  1.27281170e+02 -5.86367881e-01  1.38566984e+02
 -1.58497790e+02 -1.15768936e+01  1.16555607e+02 -2.25489889e+01
 -9.50554900e+01 -1.37790396e+02 -1.24698077e+02 -1.27897665e+02
  1.83052938e+02 -1.43415295e+02  1.87850814e+02 -1.58809350e+02
  1.00678937e+02 -1.38759076e+02 -1.70391766e+02 -5.33362802e+01
  4.95348797e+01 -9.50288888e+01 -1.66171120e+02  1.68449791e+02
  1.13801625e+02 -1.01575748e+02  2.82132080e+01  1.25177836e+02
  1.78206622e+02  6.82252933e+01 -8.40495058e+01  3.91393560e+01
  8.74587731e+01 -1.11362794e+02 -1.41713899e+02  6.07425840e+01
  1.06175158e+02  1.95675019e+02 -1.30493195e+02 -1.47221935e+02
  2.80049328e+01 -1.12979180e+02 -1.57560836e+02 -1.80538141e+02
  1.39855802e+02  5.79327820e+01 -1.43499969e+02 -5.97641609e+00
  1.73707382e+02 -1.51724548e+02  1.04958281e+02  4.49428083e+01
  9.28306650e+01 -7.97590800e+01  1.41938329e+02 -1.12058409e+02
 -5.96325067e+01 -2.49363898e+00 -5.29797243e+01 -8.07832396e-01
  1.93803403e+02 -8.69842592e+01  1.32496005e+02 -5.09571846e+01
  4.14574023e+01 -1.70548247e+02  8.30675785e+01 -1.77645159e+01
  1.73206616e+02 -1.95886904e+02  7.26354763e+01 -1.05187040e+02
 -1.63354705e+02  5.38740342e+01  9.33032173e+01  1.06952946e+02
 -1.46928442e+02 -3.44778059e+01  1.72094023e+01 -1.47509171e+02
 -1.00676401e+02  1.21754020e+02  1.95935574e+02 -1.83227351e+02
 -9.76511557e+01 -8.37452419e+01  7.41703541e+01 -3.25154750e+01
  1.47154234e+02  2.78884451e+01 -2.42146468e+01 -1.39104445e+02
  5.40010041e+01  1.83297157e+01  6.92844721e+01 -1.49097875e+02
 -1.87344139e+02 -4.36014145e+01  1.65825055e+02  1.10738317e+02
  1.43355694e+02 -1.13055415e+02  1.16933167e+02  9.63932323e+01
 -1.29110435e+02 -1.16691124e+02  1.12308492e+02  4.52299666e+01
  1.98235468e+02 -4.25874580e+01  1.72261499e+02  1.66968715e+02
 -9.50048294e+00 -1.22236354e+02 -5.07939176e+00  7.44796973e+01
  1.01926684e+02 -4.01411035e+01 -1.77853390e+02  4.23416687e+01
 -1.54834590e+01  9.54172934e+01  7.08740335e+00  1.69080509e+02
 -1.95987766e+02  9.96030547e+01  8.17650180e+01 -1.78720313e+02
 -1.18322425e+02  1.64920564e+02  1.23539695e+02 -1.90841788e+02
 -1.08867575e+02 -1.44530845e+02  3.58632359e+01 -1.59455943e+02
 -6.44205035e+01 -1.27425153e+02  9.08645314e+01 -1.91856851e+02
  1.45758816e+02 -2.38166388e+01 -5.02015515e+01 -1.82773272e+02
 -4.31794324e+01 -5.37918010e+01 -1.31773589e+02  8.34994451e+01
  4.43533687e+01  1.87522511e+02  9.89388842e+01 -5.26236190e+01
 -1.71940896e+02  1.37159712e+02 -1.85927355e+02  1.23471370e+02
  1.07837327e+02  7.14279602e+01  4.49763109e+01  1.93837065e+00
  1.69926594e+02  1.86567808e+02 -3.93910805e+01  1.76035944e+02
  1.19751057e+02 -5.66382619e+01 -1.82383241e+02  1.18655846e+02
 -6.39495325e+01  1.15707105e+02 -1.63921236e+02 -1.68368242e+02
  9.05418048e+01  8.46371775e+01 -8.67616450e+01 -6.45764218e+01
 -1.73845210e+02  1.74077424e+02  1.77474629e+01  2.96310837e+01
 -1.40280824e+02 -1.37470050e+02  1.16825654e+02 -1.90024351e+01
 -2.51248704e+01 -7.88832302e+01  1.23168606e+02  1.08827172e+02
  1.07667382e+02 -1.01546058e+02  7.63996455e+01  6.83608735e+01
  1.54578176e+02  1.21407296e+02 -1.59684979e+02 -1.54117993e+02
 -1.21237444e+02 -1.41736703e+01 -1.35285064e+02 -1.92816671e+02
 -1.45876162e+02 -1.77051026e+01 -2.20527227e+00  2.77593033e+01
 -1.96580193e+02 -1.12127997e+02  9.66914624e+01]
stepsize_vec:,[5.0e-02 5.0e-02 5.0e-02 5.0e-02 4.0e-08 5.0e-03 4.0e-02 3.0e-04 1.2e-04
 4.0e-05 2.0e-02 2.0e-01 1.0e-01 2.0e-01 1.5e-03 4.0e+01 4.0e+01 4.0e+01
 4.0e+01 4.0e+01 4.0e+01 4.0e+01 4.0e+01 4.0e+01 4.0e+01 4.0e+01 4.0e+01
 4.0e+01 4.0e+01 4.0e+01 4.0e+01 4.0e+01 4.0e+01 4.0e+01 4.0e+01 4.0e+01
 4.0e+01 4.0e+01 4.0e+01 4.0e+01 4.0e+01 4.0e+01 4.0e+01 4.0e+01 4.0e+01
 4.0e+01 4.0e+01 4.0e+01 4.0e+01 4.0e+01 4.0e+01 4.0e+01 4.0e+01 4.0e+01
 4.0e+01 4.0e+01 4.0e+01 4.0e+01 4.0e+01 4.0e+01 4.0e+01 4.0e+01 4.0e+01
 4.0e+01 4.0e+01 4.0e+01 4.0e+01 4.0e+01 4.0e+01 4.0e+01 4.0e+01 4.0e+01
 4.0e+01 4.0e+01 4.0e+01 4.0e+01 4.0e+01 4.0e+01 4.0e+01 4.0e+01 4.0e+01
 4.0e+01 4.0e+01 4.0e+01 4.0e+01 4.0e+01 4.0e+01 4.0e+01 4.0e+01 4.0e+01
 4.0e+01 4.0e+01 4.0e+01 4.0e+01 4.0e+01 4.0e+01 4.0e+01 4.0e+01 4.0e+01
 4.0e+01 4.0e+01 4.0e+01 4.0e+01 4.0e+01 4.0e+01 4.0e+01 4.0e+01 4.0e+01
 4.0e+01 4.0e+01 4.0e+01 4.0e+01 4.0e+01 4.0e+01 4.0e+01 4.0e+01 4.0e+01
 4.0e+01 4.0e+01 4.0e+01 4.0e+01 4.0e+01 4.0e+01 4.0e+01 4.0e+01 4.0e+01
 4.0e+01 4.0e+01 4.0e+01 4.0e+01 4.0e+01 4.0e+01 4.0e+01 4.0e+01 4.0e+01
 4.0e+01 4.0e+01 4.0e+01 4.0e+01 4.0e+01 4.0e+01 4.0e+01 4.0e+01 4.0e+01
 4.0e+01 4.0e+01 4.0e+01 4.0e+01 4.0e+01 4.0e+01 4.0e+01 4.0e+01 4.0e+01
 4.0e+01 4.0e+01 4.0e+01 4.0e+01 4.0e+01 4.0e+01 4.0e+01 4.0e+01 4.0e+01
 4.0e+01 4.0e+01 4.0e+01 4.0e+01 4.0e+01 4.0e+01 4.0e+01 4.0e+01 4.0e+01
 4.0e+01 4.0e+01 4.0e+01 4.0e+01 4.0e+01 4.0e+01 4.0e+01 4.0e+01 4.0e+01
 4.0e+01 4.0e+01 4.0e+01 4.0e+01 4.0e+01 4.0e+01 4.0e+01 4.0e+01 4.0e+01
 4.0e+01 4.0e+01 4.0e+01 4.0e+01 4.0e+01 4.0e+01 4.0e+01 4.0e+01 4.0e+01
 4.0e+01 4.0e+01 4.0e+01 4.0e+01 4.0e+01 4.0e+01 4.0e+01 4.0e+01 4.0e+01
 4.0e+01 4.0e+01 4.0e+01 4.0e+01 4.0e+01 4.0e+01 4.0e+01 4.0e+01 4.0e+01
 4.0e+01 4.0e+01 4.0e+01 4.0e+01 4.0e+01 4.0e+01 4.0e+01 4.0e+01 4.0e+01
 4.0e+01 4.0e+01 4.0e+01 4.0e+01 4.0e+01 4.0e+01 4.0e+01 4.0e+01 4.0e+01
 4.0e+01 4.0e+01 4.0e+01 4.0e+01 4.0e+01 4.0e+01 4.0e+01 4.0e+01 4.0e+01
 4.0e+01 4.0e+01 4.0e+01 4.0e+01 4.0e+01 4.0e+01 4.0e+01 4.0e+01 4.0e+01
 4.0e+01 4.0e+01 4.0e+01 4.0e+01 4.0e+01 4.0e+01 4.0e+01 4.0e+01 4.0e+01
 4.0e+01 4.0e+01 4.0e+01 4.0e+01 4.0e+01 4.0e+01 4.0e+01 4.0e+01 4.0e+01
 4.0e+01 4.0e+01 4.0e+01 4.0e+01 4.0e+01 4.0e+01 4.0e+01 4.0e+01 4.0e+01
 4.0e+01 4.0e+01 4.0e+01 4.0e+01 4.0e+01 4.0e+01 4.0e+01 4.0e+01 4.0e+01
 4.0e+01 4.0e+01 4.0e+01 4.0e+01 4.0e+01 4.0e+01 4.0e+01 4.0e+01 4.0e+01
 4.0e+01 4.0e+01 4.0e+01 4.0e+01 4.0e+01 4.0e+01 4.0e+01 4.0e+01 4.0e+01
 4.0e+01 4.0e+01 4.0e+01 4.0e+01 4.0e+01 4.0e+01 4.0e+01 4.0e+01 4.0e+01
 4.0e+01 4.0e+01 4.0e+01 4.0e+01 4.0e+01 4.0e+01 4.0e+01 4.0e+01 4.0e+01
 4.0e+01 4.0e+01 4.0e+01 4.0e+01 4.0e+01 4.0e+01 4.0e+01 4.0e+01 4.0e+01
 4.0e+01 4.0e+01 4.0e+01 4.0e+01 4.0e+01 4.0e+01 4.0e+01 4.0e+01 4.0e+01
 4.0e+01 4.0e+01 4.0e+01 4.0e+01 4.0e+01 4.0e+01 4.0e+01 4.0e+01 4.0e+01
 4.0e+01 4.0e+01 4.0e+01 4.0e+01 4.0e+01 4.0e+01 4.0e+01 4.0e+01 4.0e+01
 4.0e+01 4.0e+01 4.0e+01 4.0e+01 4.0e+01 4.0e+01 4.0e+01 4.0e+01 4.0e+01
 4.0e+01 4.0e+01 4.0e+01 4.0e+01 4.0e+01 4.0e+01 4.0e+01 4.0e+01 4.0e+01
 4.0e+01 4.0e+01 4.0e+01 4.0e+01 4.0e+01 4.0e+01 4.0e+01 4.0e+01 4.0e+01
 4.0e+01 4.0e+01 4.0e+01 4.0e+01 4.0e+01 4.0e+01 4.0e+01 4.0e+01 4.0e+01
 4.0e+01 4.0e+01 4.0e+01 4.0e+01 4.0e+01 4.0e+01 4.0e+01 4.0e+01 4.0e+01
 4.0e+01 4.0e+01 4.0e+01 4.0e+01 4.0e+01 4.0e+01 4.0e+01 4.0e+01 4.0e+01
 4.0e+01]
step_ratio_vec:,[0.1 0.1 0.1 0.1 0.1 0.1 0.1 0.1 0.1 0.1 0.1 0.1 0.1 0.1 0.1 0.1 0.1 0.1
 0.1 0.1 0.1 0.1 0.1 0.1 0.1 0.1 0.1 0.1 0.1 0.1 0.1 0.1 0.1 0.1 0.1 0.1
 0.1 0.1 0.1 0.1 0.1 0.1 0.1 0.1 0.1 0.1 0.1 0.1 0.1 0.1 0.1 0.1 0.1 0.1
 0.1 0.1 0.1 0.1 0.1 0.1 0.1 0.1 0.1 0.1 0.1 0.1 0.1 0.1 0.1 0.1 0.1 0.1
 0.1 0.1 0.1 0.1 0.1 0.1 0.1 0.1 0.1 0.1 0.1 0.1 0.1 0.1 0.1 0.1 0.1 0.1
 0.1 0.1 0.1 0.1 0.1 0.1 0.1 0.1 0.1 0.1 0.1 0.1 0.1 0.1 0.1 0.1 0.1 0.1
 0.1 0.1 0.1 0.1 0.1 0.1 0.1 0.1 0.1 0.1 0.1 0.1 0.1 0.1 0.1 0.1 0.1 0.1
 0.1 0.1 0.1 0.1 0.1 0.1 0.1 0.1 0.1 0.1 0.1 0.1 0.1 0.1 0.1 0.1 0.1 0.1
 0.1 0.1 0.1 0.1 0.1 0.1 0.1 0.1 0.1 0.1 0.1 0.1 0.1 0.1 0.1 0.1 0.1 0.1
 0.1 0.1 0.1 0.1 0.1 0.1 0.1 0.1 0.1 0.1 0.1 0.1 0.1 0.1 0.1 0.1 0.1 0.1
 0.1 0.1 0.1 0.1 0.1 0.1 0.1 0.1 0.1 0.1 0.1 0.1 0.1 0.1 0.1 0.1 0.1 0.1
 0.1 0.1 0.1 0.1 0.1 0.1 0.1 0.1 0.1 0.1 0.1 0.1 0.1 0.1 0.1 0.1 0.1 0.1
 0.1 0.1 0.1 0.1 0.1 0.1 0.1 0.1 0.1 0.1 0.1 0.1 0.1 0.1 0.1 0.1 0.1 0.1
 0.1 0.1 0.1 0.1 0.1 0.1 0.1 0.1 0.1 0.1 0.1 0.1 0.1 0.1 0.1 0.1 0.1 0.1
 0.1 0.1 0.1 0.1 0.1 0.1 0.1 0.1 0.1 0.1 0.1 0.1 0.1 0.1 0.1 0.1 0.1 0.1
 0.1 0.1 0.1 0.1 0.1 0.1 0.1 0.1 0.1 0.1 0.1 0.1 0.1 0.1 0.1 0.1 0.1 0.1
 0.1 0.1 0.1 0.1 0.1 0.1 0.1 0.1 0.1 0.1 0.1 0.1 0.1 0.1 0.1 0.1 0.1 0.1
 0.1 0.1 0.1 0.1 0.1 0.1 0.1 0.1 0.1 0.1 0.1 0.1 0.1 0.1 0.1 0.1 0.1 0.1
 0.1 0.1 0.1 0.1 0.1 0.1 0.1 0.1 0.1 0.1 0.1 0.1 0.1 0.1 0.1 0.1 0.1 0.1
 0.1 0.1 0.1 0.1 0.1 0.1 0.1 0.1 0.1 0.1 0.1 0.1 0.1 0.1 0.1 0.1 0.1 0.1
 0.1 0.1 0.1 0.1 0.1 0.1 0.1 0.1 0.1 0.1 0.1 0.1 0.1 0.1 0.1 0.1 0.1 0.1
 0.1 0.1 0.1 0.1 0.1 0.1 0.1 0.1 0.1 0.1 0.1 0.1 0.1 0.1 0.1 0.1 0.1 0.1
 0.1 0.1 0.1 0.1 0.1 0.1 0.1 0.1 0.1 0.1 0.1 0.1 0.1 0.1 0.1 0.1 0.1 0.1
 0.1]
swap interval:,100
sim interval:,[-1.1175e+08 -7.4500e+07 -3.7250e+07  0.0000e+00]
likelihood_sed (T/F):,True
erodep_coords:,[[ 0  3]
 [42 94]
 [42 95]
 ...
 [96 78]
 [96 79]
 [96 80]]
sed scaling factor:,50
samples_per_chain:,12
burnin:,0.25
num params:,415
initial_proposed_vec:,[ 1.17571510e+00  1.22466417e+00  8.01355301e-01  1.01659741e+00
  9.14799431e-07  5.18846934e-01  1.16583849e+00  4.23972322e-03
  8.71050619e-04  8.76714394e-04  5.61618730e-01  5.20567036e+00
  2.40012587e+04  4.29294467e+00  6.67881918e-03  1.90762157e+02
 -1.73242689e+02  3.11724418e+01  3.20844318e+00 -1.39360273e+02
  1.02000997e+02 -9.40071828e+01 -7.70361452e+01 -1.17902739e+02
 -1.44070038e+02  3.92213180e+01  1.53673905e+02  1.84711322e+02
 -3.12283738e+01 -6.16972942e+01  7.79353590e+01 -1.61322568e+02
  9.10436045e+01 -1.65133101e+02  1.91600817e+02 -1.71787993e+02
 -4.12199702e+01  1.07954779e+02 -9.34473814e+01 -9.96271645e+01
 -1.32880415e+01 -4.85663097e+01 -4.95036388e+00  7.05837470e+01
  7.86099309e+01  1.72637127e+02 -4.99477224e+00  7.62157742e+01
 -5.70345133e+01  1.42901573e+02 -5.02499192e+01 -1.49598804e+02
 -1.29239926e+01  6.62157596e+01 -4.17763887e+01 -1.32936751e+02
  6.70309206e+01  1.91098024e+02 -1.60595576e+02  6.67237269e+01
  9.71096081e+01 -1.99812416e+02 -1.91583389e+02  7.50351967e+01
 -1.65715508e+02 -1.72586929e+02  7.71410994e+01 -1.82370712e+02
  1.41992608e+02  1.02137501e+02 -9.02381624e+01 -1.62137023e+02
  1.72333290e+02 -4.05925767e+01 -6.29285837e+01  8.02123050e+00
  8.50493319e+01  1.89553337e+00  4.74643181e+01  1.42686420e+01
  1.96530258e+02 -1.82278390e+02  1.98072653e+02 -1.45433257e+02
 -1.10678584e+02  5.31401194e+01 -3.15210876e+01  2.12837416e+01
 -2.24944986e+01 -9.32334711e+01  1.78957027e+02  1.48095132e+02
  7.93420271e+01 -1.50285943e+02 -9.95501153e+01 -6.49655593e+01
  1.00599923e+02 -1.15416777e+02  2.35974845e+01 -1.99586301e+02
  1.79014456e+02 -4.57159420e+01 -9.40412298e+01  3.23945352e+01
 -1.87849132e+01  7.89615117e+01  1.59332987e+02 -1.74145289e+02
 -1.73765891e+02  1.58914742e+02  1.82292072e+02 -1.14878465e+02
 -1.68931013e+02 -7.21963543e+01  1.47570866e+02 -1.16351953e+01
 -1.56594577e+02  3.78127598e+01 -4.94385305e+01 -1.39578213e+02
  3.47443068e+01  4.47613866e+00 -5.27400886e+01 -1.42514221e+02
  1.94141396e+02 -1.34022493e+02 -1.44828273e+02 -1.55497811e+02
  6.79781809e+01 -1.87318542e+02  1.23544178e+02 -8.03716022e+01
  4.61197860e+01  1.26381589e+02 -1.68655276e+02  5.48791979e+01
  1.18036249e+02 -1.53901808e+01 -8.90368316e+01  9.84452564e+01
 -1.11049159e+02  1.00681314e+02 -1.06964940e+02  1.31700340e+02
 -1.46256790e+02 -1.16550729e+02  1.01971500e+02 -1.88949890e+02
 -1.90670389e+02 -1.74865555e+02 -5.52654312e+01  1.22606454e+02
 -8.94004616e+01  1.09055107e+02 -5.72771028e+01  6.18641903e+01
  1.55223318e+02  4.63178155e+01  1.59841359e+02  3.81259051e+00
  9.75734499e+01  1.95077526e+02  5.87213923e+01  1.20786303e+02
 -1.35720228e+02 -1.87107718e+01  1.59769094e+01 -1.54631734e+02
 -1.35188392e+02  1.38977321e+02  8.18621282e+01  2.81118329e+00
  9.02672420e+01 -4.80602493e+01  9.90902279e+01 -6.51515126e+01
 -1.54593672e+02  1.67111268e+02 -1.49445237e+01  1.64062858e+02
 -8.07240003e+01 -1.55019980e+02 -3.77008159e+01  2.19045806e+01
  1.82611631e+02 -1.87297586e+02  1.20567937e+01 -2.29362459e+01
 -1.49577764e+02 -1.03201375e+02  5.91661785e+01  1.95874607e+02
 -7.13600016e+01 -8.55159106e+01  8.84077451e+00  4.06417519e+01
  1.37227967e+02 -3.34295529e+01 -2.07137459e+01 -1.46330282e+02
 -4.64766958e+01 -5.81158692e+01  8.29305660e+01 -3.50757551e+00
  1.56369478e+02  2.77838166e+01 -1.33525753e+02  1.90364774e+02
  1.64235883e+02  1.27281170e+02 -5.86367881e-01  1.38566984e+02
 -1.58497790e+02 -1.15768936e+01  1.16555607e+02 -2.25489889e+01
 -9.50554900e+01 -1.37790396e+02 -1.24698077e+02 -1.27897665e+02
  1.83052938e+02 -1.43415295e+02  1.87850814e+02 -1.58809350e+02
  1.00678937e+02 -1.38759076e+02 -1.70391766e+02 -5.33362802e+01
  4.95348797e+01 -9.50288888e+01 -1.66171120e+02  1.68449791e+02
  1.13801625e+02 -1.01575748e+02  2.82132080e+01  1.25177836e+02
  1.78206622e+02  6.82252933e+01 -8.40495058e+01  3.91393560e+01
  8.74587731e+01 -1.11362794e+02 -1.41713899e+02  6.07425840e+01
  1.06175158e+02  1.95675019e+02 -1.30493195e+02 -1.47221935e+02
  2.80049328e+01 -1.12979180e+02 -1.57560836e+02 -1.80538141e+02
  1.39855802e+02  5.79327820e+01 -1.43499969e+02 -5.97641609e+00
  1.73707382e+02 -1.51724548e+02  1.04958281e+02  4.49428083e+01
  9.28306650e+01 -7.97590800e+01  1.41938329e+02 -1.12058409e+02
 -5.96325067e+01 -2.49363898e+00 -5.29797243e+01 -8.07832396e-01
  1.93803403e+02 -8.69842592e+01  1.32496005e+02 -5.09571846e+01
  4.14574023e+01 -1.70548247e+02  8.30675785e+01 -1.77645159e+01
  1.73206616e+02 -1.95886904e+02  7.26354763e+01 -1.05187040e+02
 -1.63354705e+02  5.38740342e+01  9.33032173e+01  1.06952946e+02
 -1.46928442e+02 -3.44778059e+01  1.72094023e+01 -1.47509171e+02
 -1.00676401e+02  1.21754020e+02  1.95935574e+02 -1.83227351e+02
 -9.76511557e+01 -8.37452419e+01  7.41703541e+01 -3.25154750e+01
  1.47154234e+02  2.78884451e+01 -2.42146468e+01 -1.39104445e+02
  5.40010041e+01  1.83297157e+01  6.92844721e+01 -1.49097875e+02
 -1.87344139e+02 -4.36014145e+01  1.65825055e+02  1.10738317e+02
  1.43355694e+02 -1.13055415e+02  1.16933167e+02  9.63932323e+01
 -1.29110435e+02 -1.16691124e+02  1.12308492e+02  4.52299666e+01
  1.98235468e+02 -4.25874580e+01  1.72261499e+02  1.66968715e+02
 -9.50048294e+00 -1.22236354e+02 -5.07939176e+00  7.44796973e+01
  1.01926684e+02 -4.01411035e+01 -1.77853390e+02  4.23416687e+01
 -1.54834590e+01  9.54172934e+01  7.08740335e+00  1.69080509e+02
 -1.95987766e+02  9.96030547e+01  8.17650180e+01 -1.78720313e+02
 -1.18322425e+02  1.64920564e+02  1.23539695e+02 -1.90841788e+02
 -1.08867575e+02 -1.44530845e+02  3.58632359e+01 -1.59455943e+02
 -6.44205035e+01 -1.27425153e+02  9.08645314e+01 -1.91856851e+02
  1.45758816e+02 -2.38166388e+01 -5.02015515e+01 -1.82773272e+02
 -4.31794324e+01 -5.37918010e+01 -1.31773589e+02  8.34994451e+01
  4.43533687e+01  1.87522511e+02  9.89388842e+01 -5.26236190e+01
 -1.71940896e+02  1.37159712e+02 -1.85927355e+02  1.23471370e+02
  1.07837327e+02  7.14279602e+01  4.49763109e+01  1.93837065e+00
  1.69926594e+02  1.86567808e+02 -3.93910805e+01  1.76035944e+02
  1.19751057e+02 -5.66382619e+01 -1.82383241e+02  1.18655846e+02
 -6.39495325e+01  1.15707105e+02 -1.63921236e+02 -1.68368242e+02
  9.05418048e+01  8.46371775e+01 -8.67616450e+01 -6.45764218e+01
 -1.73845210e+02  1.74077424e+02  1.77474629e+01  2.96310837e+01
 -1.40280824e+02 -1.37470050e+02  1.16825654e+02 -1.90024351e+01
 -2.51248704e+01 -7.88832302e+01  1.23168606e+02  1.08827172e+02
  1.07667382e+02 -1.01546058e+02  7.63996455e+01  6.83608735e+01
  1.54578176e+02  1.21407296e+02 -1.59684979e+02 -1.54117993e+02
 -1.21237444e+02 -1.41736703e+01 -1.35285064e+02 -1.92816671e+02
 -1.45876162e+02 -1.77051026e+01 -2.20527227e+00  2.77593033e+01
 -1.96580193e+02 -1.12127997e+02  9.66914624e+01]
stepsize_vec:,[5.0e-02 5.0e-02 5.0e-02 5.0e-02 4.0e-08 5.0e-03 4.0e-02 3.0e-04 1.2e-04
 4.0e-05 2.0e-02 2.0e-01 1.0e-01 2.0e-01 1.5e-03 4.0e+01 4.0e+01 4.0e+01
 4.0e+01 4.0e+01 4.0e+01 4.0e+01 4.0e+01 4.0e+01 4.0e+01 4.0e+01 4.0e+01
 4.0e+01 4.0e+01 4.0e+01 4.0e+01 4.0e+01 4.0e+01 4.0e+01 4.0e+01 4.0e+01
 4.0e+01 4.0e+01 4.0e+01 4.0e+01 4.0e+01 4.0e+01 4.0e+01 4.0e+01 4.0e+01
 4.0e+01 4.0e+01 4.0e+01 4.0e+01 4.0e+01 4.0e+01 4.0e+01 4.0e+01 4.0e+01
 4.0e+01 4.0e+01 4.0e+01 4.0e+01 4.0e+01 4.0e+01 4.0e+01 4.0e+01 4.0e+01
 4.0e+01 4.0e+01 4.0e+01 4.0e+01 4.0e+01 4.0e+01 4.0e+01 4.0e+01 4.0e+01
 4.0e+01 4.0e+01 4.0e+01 4.0e+01 4.0e+01 4.0e+01 4.0e+01 4.0e+01 4.0e+01
 4.0e+01 4.0e+01 4.0e+01 4.0e+01 4.0e+01 4.0e+01 4.0e+01 4.0e+01 4.0e+01
 4.0e+01 4.0e+01 4.0e+01 4.0e+01 4.0e+01 4.0e+01 4.0e+01 4.0e+01 4.0e+01
 4.0e+01 4.0e+01 4.0e+01 4.0e+01 4.0e+01 4.0e+01 4.0e+01 4.0e+01 4.0e+01
 4.0e+01 4.0e+01 4.0e+01 4.0e+01 4.0e+01 4.0e+01 4.0e+01 4.0e+01 4.0e+01
 4.0e+01 4.0e+01 4.0e+01 4.0e+01 4.0e+01 4.0e+01 4.0e+01 4.0e+01 4.0e+01
 4.0e+01 4.0e+01 4.0e+01 4.0e+01 4.0e+01 4.0e+01 4.0e+01 4.0e+01 4.0e+01
 4.0e+01 4.0e+01 4.0e+01 4.0e+01 4.0e+01 4.0e+01 4.0e+01 4.0e+01 4.0e+01
 4.0e+01 4.0e+01 4.0e+01 4.0e+01 4.0e+01 4.0e+01 4.0e+01 4.0e+01 4.0e+01
 4.0e+01 4.0e+01 4.0e+01 4.0e+01 4.0e+01 4.0e+01 4.0e+01 4.0e+01 4.0e+01
 4.0e+01 4.0e+01 4.0e+01 4.0e+01 4.0e+01 4.0e+01 4.0e+01 4.0e+01 4.0e+01
 4.0e+01 4.0e+01 4.0e+01 4.0e+01 4.0e+01 4.0e+01 4.0e+01 4.0e+01 4.0e+01
 4.0e+01 4.0e+01 4.0e+01 4.0e+01 4.0e+01 4.0e+01 4.0e+01 4.0e+01 4.0e+01
 4.0e+01 4.0e+01 4.0e+01 4.0e+01 4.0e+01 4.0e+01 4.0e+01 4.0e+01 4.0e+01
 4.0e+01 4.0e+01 4.0e+01 4.0e+01 4.0e+01 4.0e+01 4.0e+01 4.0e+01 4.0e+01
 4.0e+01 4.0e+01 4.0e+01 4.0e+01 4.0e+01 4.0e+01 4.0e+01 4.0e+01 4.0e+01
 4.0e+01 4.0e+01 4.0e+01 4.0e+01 4.0e+01 4.0e+01 4.0e+01 4.0e+01 4.0e+01
 4.0e+01 4.0e+01 4.0e+01 4.0e+01 4.0e+01 4.0e+01 4.0e+01 4.0e+01 4.0e+01
 4.0e+01 4.0e+01 4.0e+01 4.0e+01 4.0e+01 4.0e+01 4.0e+01 4.0e+01 4.0e+01
 4.0e+01 4.0e+01 4.0e+01 4.0e+01 4.0e+01 4.0e+01 4.0e+01 4.0e+01 4.0e+01
 4.0e+01 4.0e+01 4.0e+01 4.0e+01 4.0e+01 4.0e+01 4.0e+01 4.0e+01 4.0e+01
 4.0e+01 4.0e+01 4.0e+01 4.0e+01 4.0e+01 4.0e+01 4.0e+01 4.0e+01 4.0e+01
 4.0e+01 4.0e+01 4.0e+01 4.0e+01 4.0e+01 4.0e+01 4.0e+01 4.0e+01 4.0e+01
 4.0e+01 4.0e+01 4.0e+01 4.0e+01 4.0e+01 4.0e+01 4.0e+01 4.0e+01 4.0e+01
 4.0e+01 4.0e+01 4.0e+01 4.0e+01 4.0e+01 4.0e+01 4.0e+01 4.0e+01 4.0e+01
 4.0e+01 4.0e+01 4.0e+01 4.0e+01 4.0e+01 4.0e+01 4.0e+01 4.0e+01 4.0e+01
 4.0e+01 4.0e+01 4.0e+01 4.0e+01 4.0e+01 4.0e+01 4.0e+01 4.0e+01 4.0e+01
 4.0e+01 4.0e+01 4.0e+01 4.0e+01 4.0e+01 4.0e+01 4.0e+01 4.0e+01 4.0e+01
 4.0e+01 4.0e+01 4.0e+01 4.0e+01 4.0e+01 4.0e+01 4.0e+01 4.0e+01 4.0e+01
 4.0e+01 4.0e+01 4.0e+01 4.0e+01 4.0e+01 4.0e+01 4.0e+01 4.0e+01 4.0e+01
 4.0e+01 4.0e+01 4.0e+01 4.0e+01 4.0e+01 4.0e+01 4.0e+01 4.0e+01 4.0e+01
 4.0e+01 4.0e+01 4.0e+01 4.0e+01 4.0e+01 4.0e+01 4.0e+01 4.0e+01 4.0e+01
 4.0e+01 4.0e+01 4.0e+01 4.0e+01 4.0e+01 4.0e+01 4.0e+01 4.0e+01 4.0e+01
 4.0e+01 4.0e+01 4.0e+01 4.0e+01 4.0e+01 4.0e+01 4.0e+01 4.0e+01 4.0e+01
 4.0e+01 4.0e+01 4.0e+01 4.0e+01 4.0e+01 4.0e+01 4.0e+01 4.0e+01 4.0e+01
 4.0e+01 4.0e+01 4.0e+01 4.0e+01 4.0e+01 4.0e+01 4.0e+01 4.0e+01 4.0e+01
 4.0e+01 4.0e+01 4.0e+01 4.0e+01 4.0e+01 4.0e+01 4.0e+01 4.0e+01 4.0e+01
 4.0e+01 4.0e+01 4.0e+01 4.0e+01 4.0e+01 4.0e+01 4.0e+01 4.0e+01 4.0e+01
 4.0e+01]
step_ratio_vec:,[0.1 0.1 0.1 0.1 0.1 0.1 0.1 0.1 0.1 0.1 0.1 0.1 0.1 0.1 0.1 0.1 0.1 0.1
 0.1 0.1 0.1 0.1 0.1 0.1 0.1 0.1 0.1 0.1 0.1 0.1 0.1 0.1 0.1 0.1 0.1 0.1
 0.1 0.1 0.1 0.1 0.1 0.1 0.1 0.1 0.1 0.1 0.1 0.1 0.1 0.1 0.1 0.1 0.1 0.1
 0.1 0.1 0.1 0.1 0.1 0.1 0.1 0.1 0.1 0.1 0.1 0.1 0.1 0.1 0.1 0.1 0.1 0.1
 0.1 0.1 0.1 0.1 0.1 0.1 0.1 0.1 0.1 0.1 0.1 0.1 0.1 0.1 0.1 0.1 0.1 0.1
 0.1 0.1 0.1 0.1 0.1 0.1 0.1 0.1 0.1 0.1 0.1 0.1 0.1 0.1 0.1 0.1 0.1 0.1
 0.1 0.1 0.1 0.1 0.1 0.1 0.1 0.1 0.1 0.1 0.1 0.1 0.1 0.1 0.1 0.1 0.1 0.1
 0.1 0.1 0.1 0.1 0.1 0.1 0.1 0.1 0.1 0.1 0.1 0.1 0.1 0.1 0.1 0.1 0.1 0.1
 0.1 0.1 0.1 0.1 0.1 0.1 0.1 0.1 0.1 0.1 0.1 0.1 0.1 0.1 0.1 0.1 0.1 0.1
 0.1 0.1 0.1 0.1 0.1 0.1 0.1 0.1 0.1 0.1 0.1 0.1 0.1 0.1 0.1 0.1 0.1 0.1
 0.1 0.1 0.1 0.1 0.1 0.1 0.1 0.1 0.1 0.1 0.1 0.1 0.1 0.1 0.1 0.1 0.1 0.1
 0.1 0.1 0.1 0.1 0.1 0.1 0.1 0.1 0.1 0.1 0.1 0.1 0.1 0.1 0.1 0.1 0.1 0.1
 0.1 0.1 0.1 0.1 0.1 0.1 0.1 0.1 0.1 0.1 0.1 0.1 0.1 0.1 0.1 0.1 0.1 0.1
 0.1 0.1 0.1 0.1 0.1 0.1 0.1 0.1 0.1 0.1 0.1 0.1 0.1 0.1 0.1 0.1 0.1 0.1
 0.1 0.1 0.1 0.1 0.1 0.1 0.1 0.1 0.1 0.1 0.1 0.1 0.1 0.1 0.1 0.1 0.1 0.1
 0.1 0.1 0.1 0.1 0.1 0.1 0.1 0.1 0.1 0.1 0.1 0.1 0.1 0.1 0.1 0.1 0.1 0.1
 0.1 0.1 0.1 0.1 0.1 0.1 0.1 0.1 0.1 0.1 0.1 0.1 0.1 0.1 0.1 0.1 0.1 0.1
 0.1 0.1 0.1 0.1 0.1 0.1 0.1 0.1 0.1 0.1 0.1 0.1 0.1 0.1 0.1 0.1 0.1 0.1
 0.1 0.1 0.1 0.1 0.1 0.1 0.1 0.1 0.1 0.1 0.1 0.1 0.1 0.1 0.1 0.1 0.1 0.1
 0.1 0.1 0.1 0.1 0.1 0.1 0.1 0.1 0.1 0.1 0.1 0.1 0.1 0.1 0.1 0.1 0.1 0.1
 0.1 0.1 0.1 0.1 0.1 0.1 0.1 0.1 0.1 0.1 0.1 0.1 0.1 0.1 0.1 0.1 0.1 0.1
 0.1 0.1 0.1 0.1 0.1 0.1 0.1 0.1 0.1 0.1 0.1 0.1 0.1 0.1 0.1 0.1 0.1 0.1
 0.1 0.1 0.1 0.1 0.1 0.1 0.1 0.1 0.1 0.1 0.1 0.1 0.1 0.1 0.1 0.1 0.1 0.1
 0.1]
swap interval:,100
sim interval:,[-1.1175e+08 -7.4500e+07 -3.7250e+07  0.0000e+00]
likelihood_sed (T/F):,True
erodep_coords:,[[ 0  3]
 [42 94]
 [42 95]
 ...
 [96 78]
 [96 79]
 [96 80]]
sed scaling factor:,50