-351697.72000 -429078.25000 -214553.95000 -236706.52000 -318536.01000 -289017.62000 -261775.12000 -388489.09000
-352026.50000 -428833.27000 -214856.75000 -236622.91000 -318679.39000 -288367.31000 -261633.45000 -387996.36000
-351535.64000 -428799.45000 -214383.55000 -236492.21000 -318591.03000 -288719.02000 -261469.12000 -388068.99000
-351572.15000 -428454.01000 -214318.83000 -236415.89000 -318593.70000 -288318.74000 -261292.63000 -387709.54000
-351895.16000 -428429.03000 -214322.36000 -236676.36000 -318493.13000 -288469.20000 -260885.37000 -387384.11000
-351773.26000 -428416.28000 -214119.40000 -236679.18000 -318480.67000 -288524.39000 -261183.54000 -387315.37000
-351697.88000 -428492.42000 -214360.67000 -236590.28000 -318349.80000 -288410.48000 -261039.18000 -387713.38000
-351028.31000 -428210.22000 -214185.57000 -236500.48000 -318495.14000 -288629.59000 -261047.14000 -387870.20000
-351313.78000 -428250.99000 -214364.36000 -236165.46000 -318792.96000 -288334.07000 -261064.12000 -387406.62000
-351588.63000 -427801.02000 -214244.09000 -236326.96000 -318339.12000 -288321.40000 -261217.39000 -387690.67000
-351201.41000 -427942.94000 -214205.56000 -236689.20000 -318499.04000 -288552.21000 -261029.21000 -387392.47000
