2939.86
2930.74
2930.74
2930.74
2930.74
2930.74
2930.74
2930.74
2930.74
2928.62
2928.62
2928.62
2934.16
2934.16
2934.16
2934.16
2909.16
2909.16
2909.16
2909.16
2909.16
2909.16
2909.16
2909.16
2909.16
2909.16
2909.16
2909.16
2909.16
2909.16
2909.16
2909.16
2909.16
2909.16
2909.16
2909.16
2909.16
2909.16
2921.05
2921.05
2921.05
2921.05
2921.05
2921.05
2921.05
2921.05
2921.05
2921.05
2921.05
2921.05
2921.05
2921.05
2921.05
2921.05
2921.05
2921.05
2921.05
2921.05
2921.05
2921.05
2921.05
2921.05
2921.05
2921.05
2921.05
2921.05
2921.05
2921.05
2921.05
2921.05
2921.05
2921.05
2921.05
2921.72
2921.72
2921.72
2937.79
2938.61
2938.61
2938.61
2938.61
2938.61
2938.61
2937.39
2937.39
2937.39
2937.39
2937.39
2937.39
2937.39
2937.39
2937.39
2937.39
2937.39
2937.39
2937.39
2937.39
2937.39
2944.17
2944.17
2944.17
2944.17
2944.17
2944.17
2944.17
2944.17
2944.17
2944.17
2944.17
2944.17
2944.17
2944.17
2944.17
2944.17
2944.17
2944.17
2938.30
2938.30
2938.30
2938.30
2938.30
2938.30
2938.30
2938.30
2938.30
2938.30
2938.30
2935.89
2935.89
2934.83
2921.36
2921.36
2921.36
2921.36
2921.36
2921.36
2921.36
2921.36
2921.36
2921.36
2921.36
2921.36
2928.28
2948.63
2948.63
2948.63
2948.63
2928.91
2926.15
2926.15
2926.15
2926.15
2926.15
2926.15
2926.15
2926.15
2926.15
2926.15
2926.15
2926.15
2926.15
2926.15
2926.15
2926.15
2926.15
2926.15
2926.15
2926.15
2926.15
2926.15
2926.15
2926.15
2926.15
2926.15
2926.15
2926.15
2926.15
2926.15
2926.15
2926.19
2926.19
2926.19
2926.19
2926.19
2926.19
2927.68
2927.68
2927.68
2927.68
2927.68
2927.68
2927.68
2927.68
2927.68
2927.68
2927.68
2927.68
2927.68
2927.68
2927.68
2927.68
2927.68
2927.68
2928.53
2928.53
2928.53
2928.53
2928.53
2918.30
2918.30
2918.30
2918.30
2918.30
2918.30
2918.30
2918.30
2918.30
2918.30
2918.30
2924.63
2924.63
2924.63
2924.63
2924.63
2924.63
2924.63
2924.63
2924.63
2924.63
2924.63
2924.63
2924.63
2924.63
2924.63
2924.63
2924.63
2941.73
2941.73
2941.73
2941.73
2941.73
2941.73
