2965.54
2965.54
2906.74
2906.74
2922.27
2907.11
2907.11
2907.11
2907.11
2907.11
2907.11
2907.11
2907.11
2907.11
2919.62
2919.62
2911.80
2911.80
2911.80
2911.80
2911.80
2911.80
2909.57
2909.57
2909.57
2901.69
2901.69
2901.69
2901.69
2901.69
2901.69
2901.69
2901.69
2901.69
2901.69
2901.69
2901.69
2901.69
2901.69
2901.69
2901.69
2901.69
2901.69
2901.69
2901.69
2914.86
2914.57
2905.28
2905.28
2905.28
2905.28
2905.28
2905.28
2905.28
2905.28
2905.28
2905.28
2915.26
2915.26
2915.26
2915.26
2915.26
2915.26
2915.26
2915.26
2915.26
2915.26
2915.26
2915.26
2915.26
2915.26
2915.26
2915.26
2915.26
2917.45
2906.38
2906.38
2906.38
2899.69
2899.69
2899.69
2899.69
2899.69
2899.69
2899.69
2899.69
2899.69
2899.69
2899.69
2899.69
2899.69
2899.69
2899.69
2899.69
2899.69
2899.69
2899.69
2899.69
2899.69
2899.69
2899.69
2899.69
2899.69
2899.69
2899.69
2899.69
2899.69
2899.69
2899.69
2899.69
2899.69
2899.69
2899.69
2899.69
2899.69
2899.69
2899.69
2899.69
2899.69
2899.69
2899.69
2899.69
2899.69
2899.69
2899.69
2899.69
2899.69
2899.69
2899.69
2899.69
2899.69
2899.69
2899.69
2899.69
2899.69
2899.69
2899.69
2906.98
2902.07
2902.07
2902.07
2902.07
2902.07
2902.07
2902.07
2902.07
2902.07
2902.07
2902.07
2902.07
2902.07
2902.07
2902.07
2902.07
2902.07
2902.07
2902.07
2902.07
2902.07
2902.07
2902.07
2902.07
2902.07
2902.07
2902.07
2902.07
2902.07
2902.07
2902.07
2902.07
2902.07
2902.07
2902.07
2902.07
2902.07
2902.07
2902.07
2902.07
2902.07
2902.07
2902.07
2902.07
2902.07
2902.07
2902.07
2902.07
2902.07
2902.07
2902.07
2902.07
2902.07
2902.07
2902.07
2902.07
2902.07
2902.07
2908.44
2908.44
2908.44
2908.44
2908.44
2908.44
2908.44
2908.44
2908.44
2908.44
2908.44
2908.44
2908.44
2908.44
2908.44
2908.44
2908.44
2908.44
2908.44
2908.44
2908.44
2908.44
2908.44
2908.44
2908.44
2908.44
2908.44
2908.44
2908.44
2908.44
2908.44
2908.44
2908.44
2908.44
2908.44
2908.44
2908.44
2908.44
2908.44
2908.44
2908.44
2908.44
2908.44
