2929.54
2929.54
2929.54
2929.54
2929.54
2929.54
2922.54
2923.04
2925.67
2925.67
2925.67
2929.25
2929.25
2929.25
2929.25
2929.25
2929.25
2929.25
2929.25
2929.25
2929.25
2929.25
2930.32
2930.32
2930.32
2930.32
2930.32
2930.32
2930.32
2930.32
2930.32
2930.32
2930.32
2930.32
2930.32
2930.32
2930.32
2930.32
2930.32
2930.32
2930.32
2930.32
2930.32
2930.32
2930.32
2930.32
2930.32
2930.32
2930.32
2930.32
2926.21
2926.21
2926.21
2926.21
2926.21
2926.21
2926.21
2926.21
2926.21
2926.21
2919.47
2919.47
2919.47
2919.47
2919.47
2919.47
2919.47
2919.47
2919.47
2919.47
2919.47
2919.47
2919.47
2919.47
2919.47
2919.47
2919.47
2919.47
2919.47
2919.47
2919.47
2919.47
2919.47
2919.47
2919.47
2919.47
2919.47
2919.47
2919.47
2919.47
2919.47
2919.47
2919.47
2919.47
2919.47
2919.47
2919.47
2919.47
2919.47
2919.47
2919.47
2919.47
2919.47
2919.47
2919.47
2919.47
2919.47
2919.47
2919.47
2919.47
2919.47
2919.47
2919.47
2919.47
2919.47
2919.47
2919.47
2919.47
2919.47
2919.47
2919.47
2919.47
2919.47
2919.47
2919.47
2919.47
2919.47
2919.47
2930.52
2930.52
2930.52
2916.26
2916.26
2916.26
2916.26
2918.15
2918.15
2918.15
2918.15
2918.15
2918.15
2934.04
2934.04
2934.04
2934.04
2934.04
2934.04
2934.04
2934.04
2934.04
2934.04
2934.04
2934.04
2934.04
2934.04
2934.04
2934.04
2934.04
2934.04
2934.04
2934.04
2934.04
2934.04
2934.04
2934.04
2934.04
2934.04
2934.04
2934.04
2934.04
2934.04
2934.04
2934.04
2934.04
2934.04
2934.04
2934.04
2934.04
2934.04
2934.04
2934.04
2934.04
2934.04
2934.04
2934.04
2934.04
2934.04
2934.04
2934.04
2934.04
2934.04
2923.79
2923.79
2923.79
2923.79
2923.79
2923.79
2923.79
2923.79
2923.79
2923.79
2923.79
2923.79
2923.79
2923.79
2923.79
2923.79
2923.79
2923.79
2923.79
2923.79
2923.79
2933.03
2933.03
2933.03
2933.03
2933.03
2933.03
2933.03
2933.03
2933.03
2933.03
2933.03
2933.03
2933.03
2933.03
2933.03
2933.03
2933.03
2933.03
2933.03
2933.03
2933.03
2933.03
2933.03
2933.03
2933.03
