1.00
1.00
2943.13
2943.13
2943.13
2943.13
2943.13
2926.44
2926.44
2926.44
2926.44
2926.44
2926.44
2926.44
2926.44
2926.44
2926.44
2926.44
2926.44
2926.44
2926.44
2926.44
2926.44
2926.44
2926.44
2926.44
2926.44
2926.44
2926.44
2926.44
2926.44
2926.44
2926.44
2926.44
2926.44
2926.44
2926.44
2926.44
2926.44
2926.44
2926.44
2926.44
2926.44
2926.44
2926.44
2926.44
2926.44
2926.44
2926.44
2926.44
2926.44
2926.44
2926.44
2926.44
2926.44
2926.44
2926.44
2926.44
2926.44
2926.44
2926.44
2926.44
2926.44
2926.44
2926.44
2926.44
2926.44
2926.44
2926.44
2926.44
2926.44
2926.44
2926.44
2926.44
2926.44
2926.44
2926.44
2926.44
2926.44
2926.44
2926.44
2926.44
2926.44
2926.44
2926.44
2926.44
2926.44
2926.44
2926.44
2926.44
2926.44
2926.44
2926.44
2926.44
2926.44
2926.44
2926.44
2926.44
2926.44
2926.44
2926.44
2926.44
2926.44
2926.44
2926.44
2926.44
2926.44
2926.44
2926.44
2926.44
2926.44
2926.44
2926.44
2926.44
2926.44
2926.44
2926.44
2926.44
2926.44
2926.44
2926.44
2926.44
2926.44
2926.44
2926.44
2926.44
2926.44
2926.44
2926.44
2926.44
2926.44
2926.09
2926.09
2926.09
2939.71
2939.10
2939.10
2939.10
2935.27
2935.27
2935.27
2935.27
2924.44
2928.14
2928.14
2912.23
2912.23
2912.23
2912.23
2912.23
2912.23
2912.23
2912.23
2912.23
2912.23
2912.23
2912.23
2912.23
2912.23
2912.23
2912.23
2912.23
2912.23
2912.23
2912.23
2912.23
2912.23
2912.23
2912.23
2912.23
2912.23
2912.23
2912.23
2912.23
2912.23
2912.23
2912.23
2912.23
2912.23
2912.23
2912.23
2912.23
2912.23
2912.23
2912.23
2912.23
2912.23
2912.23
2912.23
2920.17
2920.17
2920.17
2920.17
2920.17
2920.17
2920.17
2920.17
2920.17
2920.17
2920.17
2920.17
2920.17
2920.17
2920.17
2920.17
2920.17
2920.17
2920.17
2920.17
2920.17
2920.17
2920.17
2920.17
2920.17
2920.17
2920.17
2920.17
2920.17
2920.17
2920.17
2920.17
2920.17
2920.17
2920.17
2920.17
2920.17
2920.17
2920.17
2923.50
2923.50
2923.50
2910.61
2910.61
2910.61
2910.61
2910.61
2918.16
2918.16
2918.16
2918.16
2918.16
