-13056.67
-12792.67
-12978.47
-12949.50
-12809.05
-12931.43
-12816.70
-12787.93
-12800.65
-12665.61
-12687.71
-12776.31
-13180.73
-12849.17
-12885.14
-12798.85
-12796.71
-12974.33
-12953.86
-12914.64
-12805.90
-12746.93
-12819.11
-12950.55
-12653.89
-12845.73
-12916.07
-12844.89
-12883.17
-12818.70
-12867.80
-12796.89
-12999.65
-12993.12
-12975.39
-12799.37
-12856.58
-12770.33
-12810.64
-12771.40
-12790.61
-12770.29
-12993.59
-12924.47
-12867.49
-12966.13
-12786.93
-12850.00
-12918.06
-12885.21
-12993.97
-12803.33
-12838.03
-12804.67
-12869.33
-12739.20
-12806.50
-12883.10
-12819.10
-12883.61
-12757.44
-12891.61
-12885.44
-12905.64
-12957.52
-12872.63
-12751.26
-13001.40
-12836.58
-12801.09
-12860.68
-12954.80
-13045.81
-12838.64
-12917.91
-13052.93
-12953.22
-12828.70
-12746.76
-12698.91
-12777.52
-12926.25
-12998.48
-12765.03
-12857.98
-12724.17
-12768.09
-12780.67
-12798.32
-12808.36
-12784.06
-12912.24
-12872.77
-13158.37
-12880.66
-12817.19
-13015.10
-12851.90
-12789.77
-12921.02
-12787.17
-12931.62
-12971.58
-12679.81
-12748.27
-12888.74
-12717.44
-12867.71
-12810.14
-12792.87
-12811.96
-12732.12
-12801.70
-12804.98
-12837.24
-12742.45
-12977.94
-12669.95
-12975.05
-12852.82
-12720.04
-12878.40
-12914.98
-12763.87
-12865.44
-12963.17
-12836.15
-12900.24
-12936.17
-12807.00
-12828.70
-12746.47
-12961.97
-12833.24
-12915.30
-12811.35
-12777.44
-12839.10
-12875.54
-12804.82
-12951.99
-12800.73
-12828.18
-12912.17
-12787.61
-12713.40
-13016.23
-12920.41
-12820.95
-12973.94
-12930.04
-12856.02
-12827.75
-12792.31
-12832.13
-12800.92
-12816.70
-12767.38
-12962.99
-13066.92
-12807.41
-12736.12
-13104.82
-12796.01
-12711.33
-12937.31
-12888.99
-12803.33
-12817.71
-12923.92
-12819.67
-12825.16
-12815.04
-12899.76
-12821.05
-12857.03
-12840.19
-12587.15
-12863.34
-12761.73
-12797.63
-12838.97
-12820.81
-12715.72
-12930.81
-12931.60
-12704.51
-12863.74
-12840.49
-12899.19
-12791.06
-13295.66
-12843.68
-12792.39
-12774.63
-12809.46
-12884.14
-12818.59
-12750.09
-12919.23
-12690.46
-12669.31
-12860.90
-12765.67
-12970.79
-12797.43
-12898.78
-12723.96
-12729.98
-12837.68
-12795.12
-12995.21
-12900.76
-12851.00
-12932.55
-13009.06
-12854.30
-12793.89
-12892.34
-12720.22
-13022.61
-12851.51
-12813.49
-13016.62
-12823.00
-12714.22
-12850.70
-12850.40
-13058.90
-12823.57
-12794.45
-12762.58
-12798.68
-12899.34
-12814.02
-12837.08
-12810.87
-12722.34
-12749.09
-12919.78
-12757.63
-12728.25
-12961.05
-12716.05
-12920.51
-12757.17
-12798.67
-12669.21
-12775.60
-12872.09
-12791.59
-12751.95
-12738.11
-12770.33
-12732.96
-12878.68
-12785.88
-12756.39
-12709.71
-12735.08
-12682.84
-12674.62
-12746.49
-12847.83
-12795.13
-12876.51
-12725.67
-12821.10
-12697.60
-12735.08
-12827.92
-12816.49
-12986.78
-12770.02
-12750.63
-12753.56
-12902.12
-12857.60
-12791.82
-12668.31
-12737.86
-12820.28
-12725.39
-12740.23
-12737.96
-12712.20
-12981.45
-12788.67
-12824.77
-12799.01
-12686.28
-12761.72
-13119.97
-12770.46
-12745.56
-13046.84
-12949.30
-12718.76
-12823.43
-12772.20
-12775.12
-12842.12
-12644.65
-12769.98
-12824.13
-12917.41
-12945.17
-12898.10
-12756.13
-12788.25
-12792.08
-12671.58
-12778.02
-12961.46
-12881.15
-12729.36
-12886.84
-12699.59
-12855.00
-12836.87
-12863.04
-12807.53
-12807.67
-12913.93
-12739.22
-12742.27
-12623.23
-12735.47
-12640.23
-12699.60
-12790.38
-12917.20
-12794.28
-12895.04
-12803.65
-12766.43
-12805.48
-12864.70
-12933.15
-12756.87
-12770.85
-12851.74
-12836.04
-12814.06
