-7075.16
-7091.16
-7168.07
-7195.56
-7152.71
-7103.44
-7190.20
-7126.18
-7046.63
-7050.73
-7125.05
-7067.52
-7188.11
-7099.88
-7154.07
-7067.34
-7096.15
-7084.81
-7046.53
-7188.44
-7137.92
-7065.22
-7070.71
-7069.17
-7173.66
-7124.39
-7098.51
-7129.58
-7148.86
-7160.28
-7009.26
-7088.64
-7147.74
-7109.14
-7220.73
-7148.98
-7082.12
-7151.79
-7163.95
-7074.13
-7058.34
-7079.77
-7125.97
-7103.15
-7061.75
-7135.40
-7088.77
-7050.16
-7085.43
-7106.00
-7098.36
-7111.75
-7087.87
-7162.79
-7072.64
-7161.81
-7042.77
-7050.42
-7075.81
-7173.67
-7087.31
-7119.07
-7090.72
-7117.18
-7019.90
-7098.12
-7129.23
-7089.93
-7134.24
-7155.84
-7057.60
-7100.01
-7066.13
-7074.44
-7151.96
-7127.08
-7089.13
-7240.26
-7114.22
-7112.30
-7173.23
-7151.13
-7095.81
-7074.44
-7205.00
-7090.11
-7163.78
-7126.70
-7105.54
-7086.74
-7121.33
-7027.74
-7129.44
-7084.42
-7130.88
-7116.03
-7169.58
-6991.64
-7038.33
-7128.94
-7136.60
-7094.56
-7081.03
-7057.17
-7044.56
-7058.57
-7130.71
-7094.36
-7084.39
-7023.94
-7051.58
-7188.27
-7097.02
-7252.56
-7070.94
-7135.84
-7079.08
-7024.32
-7197.25
-7120.72
-7092.37
-7105.26
-7012.55
-7104.18
-7095.31
-7098.45
-7028.53
-7064.24
-7176.58
-7059.38
-7134.67
-7028.98
-7109.05
-7080.19
-7048.69
-7049.73
-7099.67
-7162.90
-7008.08
-7069.56
-7122.22
-7147.06
-7193.72
-7081.97
-7067.06
-7111.31
-7116.95
-7099.42
-7040.82
-7073.04
-7144.27
-7099.60
-7019.62
-7088.91
-7095.74
-7210.91
-7087.46
-7239.60
-7098.92
-7158.29
-7101.45
-7102.47
-7178.91
-7158.90
-7083.07
-7137.79
-7123.99
-7096.89
-7011.08
-7049.78
-7132.85
-7096.52
-7041.23
-7204.77
-6974.15
-7161.20
-7070.39
-7151.91
-7060.26
-7036.78
-7067.85
-7158.03
-7104.21
-7151.28
-7086.96
-6993.45
-7050.36
-7103.25
-7072.19
-7116.23
-7161.53
-7115.98
-7076.90
-7082.23
-7127.51
-7053.06
-6992.61
-7114.65
-7056.97
-7015.73
-7052.83
-7072.30
-7145.36
-7082.44
-7056.53
-7105.51
-7060.97
-7303.30
-7152.88
-7110.26
-7098.13
-7068.49
-7101.84
-7063.39
-7154.54
-7165.70
-7319.88
-7101.30
-12903.28
-12911.16
-12871.01
-12764.56
-12969.88
-12830.47
-12892.11
-12786.13
-12857.57
-12944.22
-12954.25
-12822.97
-13172.19
-12892.05
-12851.80
-12634.36
-12761.78
-12789.79
-12801.04
-12871.06
-12861.59
-12716.91
-12883.77
-12875.00
-12881.78
-12920.08
-12899.93
-12939.42
-12803.67
-12887.87
-12800.43
-12791.35
-12871.27
-12746.16
-12757.05
-13126.14
-12894.00
-12985.58
-13083.61
-12953.62
-12692.27
-12896.63
-12861.18
-12837.68
-12861.87
-13008.91
-12828.92
-13021.40
-12847.14
-12901.46
-12853.47
-13161.65
-12878.15
-12939.79
-12823.92
-12916.11
-12859.07
-12828.09
-12916.11
-12842.79
-12710.17
-13214.15
-12769.24
-12896.86
-12854.85
-12809.47
-12681.60
-13113.23
-12806.80
-12829.91
-12891.36
-12746.92
-12850.99
-12820.17
-13076.31
-12849.37
-12732.59
-12964.31
-12997.24
-12863.52
-13139.96
-12800.92
-12848.30
-13009.63
-12874.41
-12879.84
-12755.44
-12877.93
-12842.87
-12805.53
-12958.66
-13209.31
-12810.52
-12843.49
-12889.19
-12900.91
-12774.18
-13081.61
-12844.35
-13079.29
-12934.41
-12857.35
-12874.60
-12821.79
-12684.56
-13188.30
-12901.16
-12945.64
-12871.05
-13211.16
-12844.01
-12696.33
-12913.74
-13008.20
-12690.16
-12692.68
-12902.03
-12783.64
-13163.76
-12887.83
-12850.37
-12989.29
-13288.18
-12813.90
-13074.29
