-10479.43
-10732.29
-10585.50
-10512.35
-10508.11
-10589.98
-10549.49
-10526.83
-10494.04
-10615.42
-10568.12
-10652.45
-10458.94
-10688.89
-10619.23
-10651.42
-10735.72
-10438.66
-10480.04
-10511.21
-10530.40
-10618.82
-10518.86
-10510.06
-10599.73
-10662.85
-10592.16
-10464.29
-10514.31
-10540.22
-10466.57
-10457.49
-10620.42
-10588.51
-10485.62
-10526.81
-10616.87
-10478.90
-10530.18
-10540.85
-10554.59
-10587.34
-10595.56
-10602.51
-10673.14
-10831.25
-10412.57
-10570.40
-10590.81
-10488.85
-10502.26
-10512.52
-10553.30
-10532.93
-10505.74
-10477.94
-10570.18
-10605.19
-10488.77
-10406.62
-10437.39
-10407.74
-10529.20
-10514.98
-10585.97
-10494.26
-10490.54
-10470.38
-10496.01
-10503.41
-10507.71
-10513.36
-10622.13
-10462.16
-10542.88
-10599.59
-10578.01
-10496.62
-10474.47
-10608.81
-10690.01
-10501.55
-10513.38
-10460.70
-10613.47
-10524.55
-10511.02
-10513.65
-10418.69
-10482.32
-10525.83
-10447.98
-10777.81
-10451.02
-10494.82
-10477.94
-10509.30
-10802.37
-10597.66
-10596.68
-10658.79
-10562.02
-10565.10
-10496.47
-10565.07
-10506.51
-10504.78
-10498.35
-10552.54
-10616.73
-10646.20
-10543.09
-10486.65
-10483.30
-10511.68
-10537.62
-10539.19
-10482.10
-10543.51
-10574.29
-10486.19
-10464.50
-10497.45
-10590.45
-10927.83
-10691.24
-10496.95
-10551.41
-10619.51
-10418.54
-10645.36
-10643.56
-10608.27
-10543.74
-10493.13
-10599.71
-10494.00
-10524.52
-10510.45
-10538.09
-10535.58
-10532.83
-10661.95
-10548.12
-10420.69
-10603.53
-10620.28
-10497.06
-10523.61
-10503.15
-10450.12
-10487.58
-10581.93
-10562.19
-10484.06
-10462.67
-10571.79
-10563.33
-10599.13
-10785.02
-10503.81
-10460.41
-10577.92
-10500.34
-10430.12
-10549.95
-10580.06
-10608.55
-10537.28
-10507.42
-10511.19
-10512.61
-10518.77
-10625.50
-10504.30
-10494.11
-10510.37
-10683.59
-10607.45
-10709.84
-10542.71
-10566.02
-10560.73
-10477.46
-10577.09
-10563.43
-10592.31
-10535.12
-10573.21
-10495.52
-10611.13
-10481.25
-10597.39
-10504.92
-10466.85
-10458.09
-10665.23
-10692.20
-10530.12
-10706.22
-10611.31
-10552.92
-10468.90
-10509.22
-10587.06
-10448.21
-10765.27
-10588.88
-10515.13
-10810.33
-10476.15
-10499.07
-10611.44
-10444.20
-10453.10
-10437.98
-10574.92
-10561.61
-12907.10
-12947.37
-13236.48
-12757.75
-12850.35
-12909.14
-13049.51
-12763.24
-12857.53
-12790.55
-12869.85
-13002.64
-12824.04
-12897.86
-12727.57
-12708.78
-12712.24
-12817.40
-13002.88
-12708.48
-12840.04
-12763.34
-12909.42
-12974.04
-12640.18
-12992.05
-12760.81
-12655.71
-12863.88
-12810.09
-12806.56
-12809.75
-13012.22
-12707.06
-12712.04
-12690.01
-12814.29
-12920.02
-12773.16
-12906.73
-12709.37
-12898.39
-12611.01
-12843.04
-12869.06
-12905.07
-12767.05
-12792.64
-12755.26
-12820.99
-12870.23
-12742.51
-12712.17
-12797.60
-12955.82
-12755.17
-12867.05
-12893.21
-12853.52
-12739.31
-12842.84
-12813.18
-12813.47
-12739.12
-12788.13
-12818.62
-12782.41
-12729.83
-12924.94
-12830.15
-12753.31
-12925.94
-12759.19
-12903.84
-12733.73
-12773.87
-12910.88
-12818.60
-12819.43
-12696.69
-12878.07
-12837.86
-12942.95
-12872.02
-12946.47
-12782.78
-12697.47
-12880.03
-12788.84
-12935.09
-13063.37
-12875.27
-12988.57
-12939.62
-12717.45
-12862.97
-12985.52
-12841.38
-12791.73
-12915.92
-12796.82
-12820.11
-12874.86
-12783.48
-12881.65
-13047.70
-12886.20
-13016.06
-12813.62
-12761.45
-12765.29
-12896.91
-12758.44
-12863.60
-12908.45
-12920.16
-12823.51
-12847.32
-12732.52
-12736.65
-12779.17
-12832.05
-12610.39
-12819.01
-12826.21
