-8868.20
-8650.23
-8665.51
-8675.05
-8762.50
-8632.99
-8688.15
-8692.85
-8664.39
-8579.14
-8660.24
-8685.42
-8618.30
-8605.45
-8692.17
-8593.46
-8531.07
-8571.54
-8695.91
-8657.86
-8709.90
-8675.55
-8586.46
-8716.67
-8699.89
-8712.68
-8498.17
-8610.54
-8579.28
-8625.58
-8611.43
-8547.40
-8752.75
-8575.00
-8694.57
-8625.32
-8714.84
-8656.11
-8620.82
-8765.60
-8557.83
-8677.31
-8589.56
-8656.35
-8687.89
-8642.28
-8612.73
-8725.62
-8590.58
-8601.86
-8679.56
-8671.99
-8591.71
-8614.39
-8548.66
-8609.83
-8581.60
-8694.21
-8624.05
-8644.40
-8695.41
-8566.20
-8680.48
-8590.98
-8704.70
-8589.55
-8747.59
-8568.09
-8548.86
-8719.56
-8610.97
-8640.63
-8741.79
-8576.34
-8562.29
-8747.21
-8654.06
-8674.78
-8677.23
-8600.83
-8640.89
-8619.43
-8597.92
-8951.80
-8642.12
-8711.06
-8586.75
-8748.71
-8676.86
-8659.07
-8549.96
-8802.88
-8737.85
-8625.65
-8575.69
-8542.38
-8691.78
-8624.46
-8680.52
-8653.84
-8640.77
-8628.78
-8671.08
-8597.40
-8621.23
-8674.65
-8551.24
-8636.81
-8641.20
-8713.14
-8562.48
-8546.30
-8545.51
-8619.49
-8659.60
-8651.27
-8587.57
-8785.11
-8598.12
-8628.88
-8812.77
-8665.00
-8575.98
-8593.30
-8616.03
-8537.66
-8743.86
-8629.26
-8719.56
-8522.89
-8643.27
-8628.71
-8613.73
-8538.24
-8639.78
-8610.83
-8623.25
-8696.04
-8586.80
-8611.46
-8581.80
-8685.13
-8653.12
-8535.73
-8657.91
-8704.75
-8613.33
-8586.50
-8728.04
-8643.91
-8837.90
-8599.80
-8542.02
-8598.08
-8699.98
-8579.55
-8572.91
-8582.58
-8707.00
-8579.94
-8652.18
-8712.22
-8553.60
-8640.56
-8604.40
-8646.07
-8760.43
-8575.54
-8551.88
-8763.73
-8573.29
-8647.23
-8593.19
-8548.75
-8596.39
-8570.12
-8601.13
-8616.09
-8713.73
-8592.80
-8563.27
-8648.75
-8613.10
-8605.34
-8626.24
-8744.96
-8570.39
-8651.71
-8676.50
-8625.07
-8737.20
-8604.35
-8566.49
-8618.29
-8549.72
-8660.84
-8659.53
-8597.07
-8544.05
-8560.17
-8713.60
-8712.29
-8606.75
-8594.26
-8588.62
-8727.86
-8654.52
-8705.32
-8666.79
-8637.75
-8603.36
-8577.20
-8727.61
-8677.27
-8597.89
-8548.67
-8615.19
-8574.53
-12808.81
-12758.87
-12801.71
-12779.11
-12869.49
-12812.98
-12832.83
-12981.45
-12799.02
-12896.09
-12778.40
-12761.08
-12816.11
-13137.40
-12740.01
-13212.99
-12757.17
-12895.45
-12804.70
-12862.19
-12732.06
-12710.48
-12733.61
-12720.88
-12742.02
-12876.40
-12686.70
-13100.61
-12979.87
-12966.24
-12746.41
-12791.39
-12838.16
-12893.35
-13008.91
-12642.26
-12729.17
-13039.71
-12775.15
-12776.30
-12899.08
-12699.32
-12720.42
-12814.80
-12797.90
-12836.31
-12719.84
-12813.24
-12815.59
-12791.20
-12795.83
-13022.90
-12702.58
-13038.99
-12839.36
-12785.71
-12877.24
-12865.86
-12778.45
-12877.70
-12944.74
-12789.25
-12675.26
-12818.39
-12651.89
-12852.84
-12700.26
-12766.28
-12658.39
-12720.31
-12802.98
-12928.60
-12740.19
-12891.06
-12992.84
-12812.93
-13033.18
-12881.48
-12870.75
-12720.02
-12840.93
-12826.25
-12926.16
-12992.50
-12686.53
-12740.11
-12738.69
-12688.16
-12821.29
-12710.15
-12830.81
-12909.87
-12833.46
-12913.39
-12792.08
-12785.41
-12986.25
-12949.88
-13007.55
-12657.00
-12760.20
-12860.87
-13003.72
-12830.49
-12811.79
-12828.21
-12828.28
-12846.82
-12841.79
-12860.11
-12875.80
-12835.25
-12764.76
-12743.77
-12721.61
-12973.23
-13245.96
-12629.50
-12920.22
-12753.87
-12698.50
-12814.62
-12817.80
-12771.81
-12821.53
-12780.90
