0.00 1.00 -8280.28 -8280.28 437.93 2934.29
1.00 1.00 -8280.28 -8331.67 437.93 2934.29
2.00 1.00 -8280.28 -8307.29 437.93 2934.29
3.00 1.00 -8280.28 -8312.13 437.93 2934.29
4.00 1.00 -8280.28 -8287.39 437.93 2934.29
5.00 2.00 -8279.79 -8279.79 436.19 2942.56
6.00 3.00 -8276.67 -8276.67 437.28 2921.65
7.00 3.00 -8276.67 -8290.46 437.28 2921.65
8.00 3.00 -8276.67 -8280.54 437.28 2921.65
9.00 4.00 -8275.84 -8275.84 435.66 2924.30
10.00 4.00 -8275.84 -8276.32 435.66 2924.30
11.00 4.00 -8275.84 -8287.69 435.66 2924.30
12.00 4.00 -8275.84 -8286.60 435.66 2924.30
13.00 4.00 -8275.84 -8285.95 435.66 2924.30
14.00 5.00 -8276.12 -8276.12 433.23 2948.72
15.00 5.00 -8276.12 -8293.05 433.23 2948.72
16.00 5.00 -8276.12 -8299.09 433.23 2948.72
17.00 5.00 -8276.12 -8285.17 433.23 2948.72
18.00 5.00 -8276.12 -8293.08 433.23 2948.72
19.00 5.00 -8276.12 -8283.21 433.23 2948.72
20.00 6.00 -8273.22 -8273.22 432.74 2927.80
21.00 7.00 -8270.10 -8270.10 430.84 2920.02
22.00 7.00 -8270.10 -8289.25 430.84 2920.02
23.00 7.00 -8270.10 -8280.52 430.84 2920.02
24.00 8.00 -8270.12 -8270.12 431.65 2911.35
25.00 8.00 -8270.12 -8278.21 431.65 2911.35
26.00 8.00 -8270.12 -8277.15 431.65 2911.35
27.00 8.00 -8270.12 -8274.29 431.65 2911.35
28.00 8.00 -8270.12 -8294.29 431.65 2911.35
29.00 8.00 -8270.12 -8284.30 431.65 2911.35
30.00 8.00 -8270.12 -8280.68 431.65 2911.35
31.00 8.00 -8270.12 -8289.70 431.65 2911.35
32.00 9.00 -8267.73 -8267.73 426.56 2935.79
33.00 9.00 -8267.73 -8277.70 426.56 2935.79
34.00 9.00 -8267.73 -8276.34 426.56 2935.79
35.00 9.00 -8267.73 -8272.84 426.56 2935.79
36.00 9.00 -8267.73 -8278.98 426.56 2935.79
37.00 9.00 -8267.73 -8280.38 426.56 2935.79
38.00 9.00 -8267.73 -8288.59 426.56 2935.79
39.00 9.00 -8267.73 -8289.97 426.56 2935.79
40.00 9.00 -8267.73 -8292.37 426.56 2935.79
41.00 9.00 -8267.73 -8278.53 426.56 2935.79
42.00 9.00 -8267.73 -8287.09 426.56 2935.79
43.00 9.00 -8267.73 -8304.11 426.56 2935.79
44.00 9.00 -8267.73 -8286.38 426.56 2935.79
45.00 9.00 -8267.73 -8289.79 426.56 2935.79
46.00 9.00 -8267.73 -8270.91 426.56 2935.79
47.00 9.00 -8267.73 -8268.75 426.56 2935.79
48.00 9.00 -8267.73 -8299.89 426.56 2935.79
49.00 9.00 -8267.73 -8282.15 426.56 2935.79
50.00 9.00 -8267.73 -8276.94 426.56 2935.79
51.00 10.00 -8266.92 -8266.92 426.55 2932.80
52.00 10.00 -8266.92 -8272.34 426.55 2932.80
53.00 10.00 -8266.92 -8268.26 426.55 2932.80
54.00 10.00 -8266.92 -8274.71 426.55 2932.80
55.00 10.00 -8266.92 -8280.42 426.55 2932.80
56.00 10.00 -8266.92 -8288.11 426.55 2932.80
57.00 10.00 -8266.92 -8272.89 426.55 2932.80
58.00 10.00 -8266.92 -8284.75 426.55 2932.80
59.00 10.00 -8266.92 -8292.02 426.55 2932.80
60.00 10.00 -8266.92 -8299.64 426.55 2932.80
61.00 10.00 -8266.92 -8286.32 426.55 2932.80
62.00 10.00 -8266.92 -8282.07 426.55 2932.80
63.00 10.00 -8266.92 -8301.06 426.55 2932.80
64.00 10.00 -8266.92 -8287.29 426.55 2932.80
65.00 10.00 -8266.92 -8292.17 426.55 2932.80
66.00 10.00 -8266.92 -8279.82 426.55 2932.80
67.00 10.00 -8266.92 -8282.75 426.55 2932.80
68.00 10.00 -8266.92 -8273.95 426.55 2932.80
69.00 10.00 -8266.92 -8279.30 426.55 2932.80
70.00 10.00 -8266.92 -8273.80 426.55 2932.80
71.00 10.00 -8266.92 -8273.50 426.55 2932.80
72.00 10.00 -8266.92 -8273.46 426.55 2932.80
73.00 10.00 -8266.92 -8286.12 426.55 2932.80
74.00 10.00 -8266.92 -8269.70 426.55 2932.80
75.00 10.00 -8266.92 -8276.95 426.55 2932.80
76.00 10.00 -8266.92 -8279.09 426.55 2932.80
77.00 10.00 -8266.92 -8286.24 426.55 2932.80
78.00 10.00 -8266.92 -8300.76 426.55 2932.80
79.00 10.00 -8266.92 -8278.80 426.55 2932.80
80.00 10.00 -8266.92 -8267.77 426.55 2932.80
81.00 10.00 -8266.92 -8283.84 426.55 2932.80
82.00 10.00 -8266.92 -8279.15 426.55 2932.80
83.00 10.00 -8266.92 -8272.79 426.55 2932.80
84.00 10.00 -8266.92 -8278.63 426.55 2932.80
85.00 10.00 -8266.92 -8280.58 426.55 2932.80
86.00 10.00 -8266.92 -8280.55 426.55 2932.80
87.00 10.00 -8266.92 -8279.56 426.55 2932.80
88.00 10.00 -8266.92 -8287.17 426.55 2932.80
89.00 10.00 -8266.92 -8290.59 426.55 2932.80
90.00 10.00 -8266.92 -8270.47 426.55 2932.80
91.00 10.00 -8266.92 -8271.50 426.55 2932.80
92.00 10.00 -8266.92 -8279.20 426.55 2932.80
93.00 10.00 -8266.92 -8276.23 426.55 2932.80
94.00 10.00 -8266.92 -8285.08 426.55 2932.80
95.00 10.00 -8266.92 -8291.51 426.55 2932.80
96.00 10.00 -8266.92 -8275.48 426.55 2932.80
97.00 10.00 -8266.92 -8273.20 426.55 2932.80
98.00 10.00 -8266.92 -8296.91 426.55 2932.80
99.00 10.00 -8266.92 -8288.94 426.55 2932.80
100.00 10.00 -8266.92 -8276.23 426.55 2932.80
101.00 11.00 -8265.10 -8265.10 427.10 2915.53
102.00 11.00 -8265.10 -8292.35 427.10 2915.53
103.00 11.00 -8265.10 -8291.90 427.10 2915.53
104.00 11.00 -8265.10 -8271.90 427.10 2915.53
105.00 11.00 -8265.10 -8271.26 427.10 2915.53
106.00 11.00 -8265.10 -8276.90 427.10 2915.53
107.00 12.00 -8261.18 -8261.18 424.32 2909.81
108.00 12.00 -8261.18 -8288.86 424.32 2909.81
109.00 12.00 -8261.18 -8298.04 424.32 2909.81
110.00 12.00 -8261.18 -8286.98 424.32 2909.81
111.00 12.00 -8261.18 -8299.41 424.32 2909.81
112.00 12.00 -8261.18 -8292.70 424.32 2909.81
113.00 12.00 -8261.18 -8290.97 424.32 2909.81
114.00 12.00 -8261.18 -8273.09 424.32 2909.81
115.00 12.00 -8261.18 -8271.82 424.32 2909.81
116.00 12.00 -8261.18 -8293.47 424.32 2909.81
117.00 12.00 -8261.18 -8287.35 424.32 2909.81
118.00 12.00 -8261.18 -8302.67 424.32 2909.81
119.00 12.00 -8261.18 -8289.10 424.32 2909.81
120.00 12.00 -8261.18 -8287.25 424.32 2909.81
121.00 12.00 -8261.18 -8277.86 424.32 2909.81
122.00 12.00 -8261.18 -8282.42 424.32 2909.81
123.00 12.00 -8261.18 -8278.24 424.32 2909.81
124.00 12.00 -8261.18 -8276.40 424.32 2909.81
125.00 12.00 -8261.18 -8274.42 424.32 2909.81
126.00 12.00 -8261.18 -8272.26 424.32 2909.81
127.00 12.00 -8261.18 -8274.46 424.32 2909.81
128.00 12.00 -8261.18 -8302.58 424.32 2909.81
129.00 12.00 -8261.18 -8302.56 424.32 2909.81
130.00 12.00 -8261.18 -8267.11 424.32 2909.81
131.00 13.00 -14993.97 -14993.97 436.45 2926.48
132.00 13.00 -14993.97 -15012.30 436.45 2926.48
133.00 14.00 -14968.27 -14968.27 425.62 2914.99
134.00 14.00 -14968.27 -15002.16 425.62 2914.99
135.00 14.00 -14968.27 -15028.40 425.62 2914.99
136.00 14.00 -14968.27 -15001.64 425.62 2914.99
137.00 14.00 -14968.27 -15015.03 425.62 2914.99
138.00 14.00 -14968.27 -14977.98 425.62 2914.99
139.00 14.00 -14968.27 -14977.99 425.62 2914.99
140.00 14.00 -14968.27 -14989.95 425.62 2914.99
141.00 14.00 -14968.27 -14997.74 425.62 2914.99
142.00 14.00 -14968.27 -15024.94 425.62 2914.99
143.00 14.00 -14968.27 -15006.41 425.62 2914.99
144.00 14.00 -14968.27 -15008.85 425.62 2914.99
145.00 14.00 -14968.27 -14989.89 425.62 2914.99
146.00 14.00 -14968.27 -14981.00 425.62 2914.99
147.00 14.00 -14968.27 -14974.96 425.62 2914.99
148.00 14.00 -14968.27 -15027.01 425.62 2914.99
149.00 14.00 -14968.27 -15019.72 425.62 2914.99
150.00 14.00 -14968.27 -15002.12 425.62 2914.99
151.00 14.00 -14968.27 -15007.34 425.62 2914.99
152.00 14.00 -14968.27 -14998.66 425.62 2914.99
153.00 14.00 -14968.27 -15007.01 425.62 2914.99
154.00 14.00 -14968.27 -14989.22 425.62 2914.99
155.00 14.00 -14968.27 -14984.40 425.62 2914.99
156.00 14.00 -14968.27 -14995.22 425.62 2914.99
157.00 14.00 -14968.27 -15004.99 425.62 2914.99
158.00 14.00 -14968.27 -15004.48 425.62 2914.99
159.00 14.00 -14968.27 -14985.53 425.62 2914.99
160.00 14.00 -14968.27 -15000.49 425.62 2914.99
161.00 14.00 -14968.27 -15045.45 425.62 2914.99
162.00 14.00 -14968.27 -14970.80 425.62 2914.99
163.00 14.00 -14968.27 -14992.13 425.62 2914.99
164.00 14.00 -14968.27 -14995.11 425.62 2914.99
165.00 14.00 -14968.27 -14998.65 425.62 2914.99
166.00 14.00 -14968.27 -14997.43 425.62 2914.99
167.00 14.00 -14968.27 -15000.59 425.62 2914.99
168.00 14.00 -14968.27 -14972.66 425.62 2914.99
169.00 14.00 -14968.27 -14991.12 425.62 2914.99
170.00 14.00 -14968.27 -14994.00 425.62 2914.99
171.00 14.00 -14968.27 -14975.63 425.62 2914.99
172.00 14.00 -14968.27 -15006.45 425.62 2914.99
173.00 14.00 -14968.27 -14997.17 425.62 2914.99
174.00 14.00 -14968.27 -14990.75 425.62 2914.99
175.00 14.00 -14968.27 -14990.90 425.62 2914.99
176.00 14.00 -14968.27 -15032.46 425.62 2914.99
177.00 14.00 -14968.27 -15029.24 425.62 2914.99
178.00 14.00 -14968.27 -15026.20 425.62 2914.99
179.00 14.00 -14968.27 -14997.47 425.62 2914.99
180.00 14.00 -14968.27 -15045.90 425.62 2914.99
181.00 14.00 -14968.27 -15013.55 425.62 2914.99
182.00 14.00 -14968.27 -15019.12 425.62 2914.99
183.00 14.00 -14968.27 -15012.15 425.62 2914.99
184.00 14.00 -14968.27 -14992.54 425.62 2914.99
185.00 14.00 -14968.27 -15016.36 425.62 2914.99
186.00 14.00 -14968.27 -15023.26 425.62 2914.99
187.00 14.00 -14968.27 -15009.71 425.62 2914.99
188.00 14.00 -14968.27 -14997.34 425.62 2914.99
189.00 15.00 -14967.05 -14967.05 423.94 2923.81
190.00 15.00 -14967.05 -14980.54 423.94 2923.81
191.00 15.00 -14967.05 -14982.48 423.94 2923.81
192.00 15.00 -14967.05 -14985.24 423.94 2923.81
193.00 15.00 -14967.05 -14995.01 423.94 2923.81
194.00 15.00 -14967.05 -14998.66 423.94 2923.81
195.00 15.00 -14967.05 -14987.17 423.94 2923.81
196.00 15.00 -14967.05 -14992.43 423.94 2923.81
197.00 15.00 -14967.05 -15019.98 423.94 2923.81
198.00 15.00 -14967.05 -14989.30 423.94 2923.81
199.00 15.00 -14967.05 -14987.50 423.94 2923.81
200.00 15.00 -14967.05 -14982.84 423.94 2923.81
201.00 15.00 -14967.05 -15007.64 423.94 2923.81
202.00 15.00 -14967.05 -15032.16 423.94 2923.81
203.00 15.00 -14967.05 -15015.62 423.94 2923.81
204.00 15.00 -14967.05 -15005.84 423.94 2923.81
205.00 15.00 -14967.05 -14992.45 423.94 2923.81
206.00 15.00 -14967.05 -14989.40 423.94 2923.81
207.00 15.00 -14967.05 -15004.96 423.94 2923.81
208.00 15.00 -14967.05 -15015.93 423.94 2923.81
209.00 15.00 -14967.05 -15003.50 423.94 2923.81
210.00 15.00 -14967.05 -15003.62 423.94 2923.81
211.00 15.00 -14967.05 -15006.83 423.94 2923.81
212.00 15.00 -14967.05 -14977.15 423.94 2923.81
213.00 15.00 -14967.05 -14971.58 423.94 2923.81
214.00 15.00 -14967.05 -15020.06 423.94 2923.81
215.00 15.00 -14967.05 -14990.33 423.94 2923.81
216.00 15.00 -14967.05 -14974.61 423.94 2923.81
217.00 15.00 -14967.05 -14995.49 423.94 2923.81
218.00 15.00 -14967.05 -14986.86 423.94 2923.81
219.00 15.00 -14967.05 -14977.56 423.94 2923.81
220.00 15.00 -14967.05 -14998.05 423.94 2923.81
221.00 15.00 -14967.05 -15043.78 423.94 2923.81
222.00 15.00 -14967.05 -15018.92 423.94 2923.81
223.00 15.00 -14967.05 -14996.65 423.94 2923.81
224.00 15.00 -14967.05 -15009.80 423.94 2923.81
225.00 15.00 -14967.05 -15005.32 423.94 2923.81
226.00 15.00 -14967.05 -14982.33 423.94 2923.81
227.00 15.00 -14967.05 -14969.32 423.94 2923.81
228.00 15.00 -14967.05 -14986.62 423.94 2923.81
229.00 15.00 -14967.05 -15006.61 423.94 2923.81
230.00 15.00 -14967.05 -15042.07 423.94 2923.81
231.00 15.00 -14967.05 -15012.58 423.94 2923.81
232.00 15.00 -14967.05 -15013.90 423.94 2923.81
233.00 15.00 -14967.05 -15019.84 423.94 2923.81
234.00 15.00 -14967.05 -15020.39 423.94 2923.81
235.00 15.00 -14967.05 -15015.76 423.94 2923.81
236.00 15.00 -14967.05 -15001.26 423.94 2923.81
237.00 15.00 -14967.05 -15002.93 423.94 2923.81
238.00 15.00 -14967.05 -15003.55 423.94 2923.81
239.00 15.00 -14967.05 -14991.50 423.94 2923.81
240.00 15.00 -14967.05 -14997.56 423.94 2923.81
241.00 15.00 -14967.05 -15011.63 423.94 2923.81
242.00 15.00 -14967.05 -14986.35 423.94 2923.81
243.00 15.00 -14967.05 -14981.70 423.94 2923.81
244.00 15.00 -14967.05 -14996.94 423.94 2923.81
245.00 15.00 -14967.05 -15029.90 423.94 2923.81
246.00 15.00 -14967.05 -14978.81 423.94 2923.81
247.00 15.00 -14967.05 -14991.23 423.94 2923.81
248.00 15.00 -14967.05 -14985.97 423.94 2923.81
249.00 15.00 -14967.05 -15002.47 423.94 2923.81
250.00 15.00 -14967.05 -15020.50 423.94 2923.81
251.00 15.00 -14967.05 -15017.09 423.94 2923.81
252.00 15.00 -14967.05 -14981.54 423.94 2923.81
253.00 15.00 -14967.05 -14980.70 423.94 2923.81
254.00 15.00 -14967.05 -14998.19 423.94 2923.81
255.00 15.00 -14967.05 -15011.02 423.94 2923.81
256.00 15.00 -14967.05 -14977.71 423.94 2923.81
257.00 15.00 -14967.05 -14994.49 423.94 2923.81
258.00 15.00 -14967.05 -15002.49 423.94 2923.81
259.00 15.00 -14967.05 -14981.96 423.94 2923.81
260.00 15.00 -14967.05 -15024.96 423.94 2923.81
261.00 15.00 -14967.05 -14999.75 423.94 2923.81
262.00 15.00 -14967.05 -15050.88 423.94 2923.81
263.00 15.00 -14967.05 -15031.46 423.94 2923.81
264.00 15.00 -14967.05 -15021.64 423.94 2923.81
265.00 15.00 -14967.05 -15004.70 423.94 2923.81
266.00 15.00 -14967.05 -15041.94 423.94 2923.81
267.00 15.00 -14967.05 -15009.40 423.94 2923.81
268.00 15.00 -14967.05 -15029.22 423.94 2923.81
269.00 15.00 -14967.05 -15010.34 423.94 2923.81
270.00 15.00 -14967.05 -14988.66 423.94 2923.81
271.00 15.00 -14967.05 -14979.08 423.94 2923.81
272.00 15.00 -14967.05 -15006.22 423.94 2923.81
273.00 15.00 -14967.05 -14993.60 423.94 2923.81
274.00 15.00 -14967.05 -15012.37 423.94 2923.81
275.00 15.00 -14967.05 -15010.81 423.94 2923.81
276.00 15.00 -14967.05 -14992.14 423.94 2923.81
277.00 15.00 -14967.05 -14988.97 423.94 2923.81
278.00 15.00 -14967.05 -14988.58 423.94 2923.81
279.00 15.00 -14967.05 -14980.96 423.94 2923.81
280.00 15.00 -14967.05 -14989.07 423.94 2923.81
281.00 15.00 -14967.05 -14987.57 423.94 2923.81
282.00 15.00 -14967.05 -14987.19 423.94 2923.81
283.00 15.00 -14967.05 -14990.71 423.94 2923.81
284.00 15.00 -14967.05 -14996.53 423.94 2923.81
285.00 15.00 -14967.05 -14992.47 423.94 2923.81
286.00 15.00 -14967.05 -14990.11 423.94 2923.81
287.00 15.00 -14967.05 -14997.57 423.94 2923.81
288.00 15.00 -14967.05 -14989.64 423.94 2923.81
289.00 15.00 -14967.05 -14979.80 423.94 2923.81
290.00 15.00 -14967.05 -14979.22 423.94 2923.81
291.00 15.00 -14967.05 -14982.61 423.94 2923.81
292.00 15.00 -14967.05 -15019.96 423.94 2923.81
293.00 15.00 -14967.05 -15003.47 423.94 2923.81
294.00 15.00 -14967.05 -14990.18 423.94 2923.81
295.00 15.00 -14967.05 -15001.69 423.94 2923.81
296.00 15.00 -14967.05 -14996.61 423.94 2923.81
297.00 15.00 -14967.05 -14993.10 423.94 2923.81
298.00 15.00 -14967.05 -15006.68 423.94 2923.81
299.00 15.00 -14967.05 -14998.71 423.94 2923.81
300.00 15.00 -14967.05 -15014.70 423.94 2923.81
301.00 15.00 -14967.05 -14980.99 423.94 2923.81
302.00 15.00 -14967.05 -15004.91 423.94 2923.81
303.00 15.00 -14967.05 -15009.54 423.94 2923.81
304.00 15.00 -14967.05 -14999.91 423.94 2923.81
305.00 15.00 -14967.05 -14995.53 423.94 2923.81
306.00 15.00 -14967.05 -14993.32 423.94 2923.81
307.00 15.00 -14967.05 -15033.17 423.94 2923.81
308.00 15.00 -14967.05 -14988.83 423.94 2923.81
309.00 15.00 -14967.05 -14983.41 423.94 2923.81
310.00 15.00 -14967.05 -14972.15 423.94 2923.81
311.00 15.00 -14967.05 -15003.46 423.94 2923.81
312.00 15.00 -14967.05 -14987.36 423.94 2923.81
313.00 15.00 -14967.05 -14979.02 423.94 2923.81
314.00 15.00 -14967.05 -15000.06 423.94 2923.81
315.00 15.00 -14967.05 -14984.45 423.94 2923.81
316.00 15.00 -14967.05 -15034.90 423.94 2923.81
317.00 15.00 -14967.05 -15007.07 423.94 2923.81
318.00 15.00 -14967.05 -15012.19 423.94 2923.81
319.00 15.00 -14967.05 -14979.79 423.94 2923.81
320.00 15.00 -14967.05 -14986.40 423.94 2923.81
321.00 15.00 -14967.05 -14997.08 423.94 2923.81
322.00 15.00 -14967.05 -14970.99 423.94 2923.81
323.00 15.00 -14967.05 -14979.71 423.94 2923.81
324.00 15.00 -14967.05 -15007.26 423.94 2923.81
325.00 15.00 -14967.05 -15001.02 423.94 2923.81
326.00 15.00 -14967.05 -14998.05 423.94 2923.81
327.00 15.00 -14967.05 -14998.08 423.94 2923.81
328.00 15.00 -14967.05 -15025.24 423.94 2923.81
329.00 15.00 -14967.05 -15025.99 423.94 2923.81
330.00 15.00 -14967.05 -15035.86 423.94 2923.81
331.00 15.00 -14967.05 -15014.45 423.94 2923.81
332.00 16.00 -14968.89 -14968.89 424.29 2923.61
333.00 16.00 -14968.89 -14993.88 424.29 2923.61
334.00 16.00 -14968.89 -15005.20 424.29 2923.61
335.00 16.00 -14968.89 -15019.42 424.29 2923.61
336.00 16.00 -14968.89 -15020.56 424.29 2923.61
337.00 16.00 -14968.89 -15032.98 424.29 2923.61
338.00 16.00 -14968.89 -14991.20 424.29 2923.61
339.00 16.00 -14968.89 -14991.57 424.29 2923.61
340.00 16.00 -14968.89 -15023.79 424.29 2923.61
341.00 16.00 -14968.89 -15012.41 424.29 2923.61
342.00 16.00 -14968.89 -14993.64 424.29 2923.61
343.00 16.00 -14968.89 -14990.48 424.29 2923.61
344.00 16.00 -14968.89 -14995.88 424.29 2923.61
345.00 16.00 -14968.89 -14987.37 424.29 2923.61
346.00 16.00 -14968.89 -14995.98 424.29 2923.61
347.00 16.00 -14968.89 -14973.63 424.29 2923.61
348.00 16.00 -14968.89 -14974.19 424.29 2923.61
349.00 16.00 -14968.89 -15020.57 424.29 2923.61
350.00 16.00 -14968.89 -15037.03 424.29 2923.61
351.00 16.00 -14968.89 -15038.31 424.29 2923.61
352.00 16.00 -14968.89 -15002.59 424.29 2923.61
353.00 16.00 -14968.89 -15008.13 424.29 2923.61
354.00 16.00 -14968.89 -14978.40 424.29 2923.61
355.00 16.00 -14968.89 -14978.28 424.29 2923.61
356.00 16.00 -14968.89 -15031.88 424.29 2923.61
357.00 16.00 -14968.89 -15033.49 424.29 2923.61
358.00 16.00 -14968.89 -14985.85 424.29 2923.61
359.00 16.00 -14968.89 -14986.44 424.29 2923.61
360.00 16.00 -14968.89 -14991.43 424.29 2923.61
361.00 16.00 -14968.89 -14980.90 424.29 2923.61
362.00 16.00 -14968.89 -15001.80 424.29 2923.61
363.00 16.00 -14968.89 -14991.76 424.29 2923.61
364.00 16.00 -14968.89 -14984.59 424.29 2923.61
365.00 16.00 -14968.89 -14983.07 424.29 2923.61
366.00 16.00 -14968.89 -14991.98 424.29 2923.61
367.00 16.00 -14968.89 -15006.54 424.29 2923.61
368.00 16.00 -14968.89 -15023.36 424.29 2923.61
369.00 16.00 -14968.89 -15021.51 424.29 2923.61
370.00 16.00 -14968.89 -15003.46 424.29 2923.61
371.00 16.00 -14968.89 -14983.06 424.29 2923.61
372.00 16.00 -14968.89 -14996.54 424.29 2923.61
373.00 16.00 -14968.89 -15005.65 424.29 2923.61
