0.00 1.00 -10104.95 -10104.95 448.31 2920.94
1.00 1.00 -10104.95 -10137.64 448.31 2920.94
2.00 1.00 -10104.95 -10114.47 448.31 2920.94
3.00 1.00 -10104.95 -10121.27 448.31 2920.94
4.00 1.00 -10104.95 -10119.13 448.31 2920.94
5.00 2.00 -10092.84 -10092.84 437.51 2937.50
6.00 2.00 -10092.84 -10099.12 437.51 2937.50
7.00 2.00 -10092.84 -10101.86 437.51 2937.50
8.00 3.00 -10093.09 -10093.09 437.99 2937.02
9.00 3.00 -10093.09 -10121.26 437.99 2937.02
10.00 4.00 -10093.78 -10093.78 437.65 2940.05
11.00 5.00 -10091.95 -10091.95 437.53 2924.94
12.00 6.00 -10079.32 -10079.32 430.03 2921.21
13.00 6.00 -10079.32 -10092.25 430.03 2921.21
14.00 6.00 -10079.32 -10100.15 430.03 2921.21
15.00 6.00 -10079.32 -10104.41 430.03 2921.21
16.00 6.00 -10079.32 -10083.43 430.03 2921.21
17.00 6.00 -10079.32 -10085.96 430.03 2921.21
18.00 6.00 -10079.32 -10099.99 430.03 2921.21
19.00 6.00 -10079.32 -10091.71 430.03 2921.21
20.00 6.00 -10079.32 -10097.22 430.03 2921.21
21.00 6.00 -10079.32 -10101.96 430.03 2921.21
22.00 6.00 -10079.32 -10123.24 430.03 2921.21
23.00 6.00 -10079.32 -10110.61 430.03 2921.21
24.00 6.00 -10079.32 -10115.32 430.03 2921.21
25.00 6.00 -10079.32 -10119.20 430.03 2921.21
26.00 6.00 -10079.32 -10081.41 430.03 2921.21
27.00 6.00 -10079.32 -10118.20 430.03 2921.21
28.00 7.00 -10079.64 -10079.64 429.83 2913.04
29.00 7.00 -10079.64 -10082.05 429.83 2913.04
30.00 8.00 -10081.30 -10081.30 430.78 2921.79
31.00 9.00 -10075.74 -10075.74 426.59 2916.15
32.00 9.00 -10075.74 -10080.39 426.59 2916.15
33.00 9.00 -10075.74 -10082.60 426.59 2916.15
34.00 9.00 -10075.74 -10102.87 426.59 2916.15
35.00 9.00 -10075.74 -10119.39 426.59 2916.15
36.00 9.00 -10075.74 -10090.98 426.59 2916.15
37.00 9.00 -10075.74 -10085.98 426.59 2916.15
38.00 9.00 -10075.74 -10116.18 426.59 2916.15
39.00 9.00 -10075.74 -10104.96 426.59 2916.15
40.00 9.00 -10075.74 -10103.55 426.59 2916.15
41.00 9.00 -10075.74 -10080.33 426.59 2916.15
42.00 9.00 -10075.74 -10093.23 426.59 2916.15
43.00 9.00 -10075.74 -10109.88 426.59 2916.15
44.00 9.00 -10075.74 -10103.73 426.59 2916.15
45.00 9.00 -10075.74 -10107.95 426.59 2916.15
46.00 9.00 -10075.74 -10087.20 426.59 2916.15
47.00 9.00 -10075.74 -10089.99 426.59 2916.15
48.00 9.00 -10075.74 -10105.85 426.59 2916.15
49.00 9.00 -10075.74 -10115.62 426.59 2916.15
50.00 9.00 -10075.74 -10095.28 426.59 2916.15
51.00 9.00 -10075.74 -10098.73 426.59 2916.15
52.00 9.00 -10075.74 -10099.37 426.59 2916.15
53.00 9.00 -10075.74 -10106.33 426.59 2916.15
54.00 9.00 -10075.74 -10082.24 426.59 2916.15
55.00 9.00 -10075.74 -10086.91 426.59 2916.15
56.00 9.00 -10075.74 -10087.37 426.59 2916.15
57.00 9.00 -10075.74 -10089.32 426.59 2916.15
58.00 9.00 -10075.74 -10113.89 426.59 2916.15
59.00 9.00 -10075.74 -10113.69 426.59 2916.15
60.00 9.00 -10075.74 -10090.67 426.59 2916.15
61.00 9.00 -10075.74 -10091.88 426.59 2916.15
62.00 9.00 -10075.74 -10087.65 426.59 2916.15
63.00 9.00 -10075.74 -10109.40 426.59 2916.15
64.00 9.00 -10075.74 -10096.76 426.59 2916.15
65.00 9.00 -10075.74 -10127.18 426.59 2916.15
66.00 9.00 -10075.74 -10087.42 426.59 2916.15
67.00 9.00 -10075.74 -10081.16 426.59 2916.15
68.00 9.00 -10075.74 -10108.14 426.59 2916.15
69.00 9.00 -10075.74 -10091.25 426.59 2916.15
70.00 9.00 -10075.74 -10097.99 426.59 2916.15
71.00 9.00 -10075.74 -10098.09 426.59 2916.15
72.00 9.00 -10075.74 -10090.56 426.59 2916.15
73.00 9.00 -10075.74 -10082.18 426.59 2916.15
74.00 9.00 -10075.74 -10102.26 426.59 2916.15
75.00 9.00 -10075.74 -10109.57 426.59 2916.15
76.00 9.00 -10075.74 -10102.21 426.59 2916.15
77.00 9.00 -10075.74 -10086.74 426.59 2916.15
78.00 10.00 -10075.19 -10075.19 427.37 2911.07
79.00 10.00 -10075.19 -10088.61 427.37 2911.07
80.00 10.00 -10075.19 -10099.87 427.37 2911.07
81.00 10.00 -10075.19 -10087.06 427.37 2911.07
82.00 10.00 -10075.19 -10100.93 427.37 2911.07
83.00 10.00 -10075.19 -10092.08 427.37 2911.07
84.00 10.00 -10075.19 -10091.11 427.37 2911.07
85.00 10.00 -10075.19 -10100.91 427.37 2911.07
86.00 10.00 -10075.19 -10080.06 427.37 2911.07
87.00 10.00 -10075.19 -10088.46 427.37 2911.07
88.00 10.00 -10075.19 -10092.77 427.37 2911.07
89.00 10.00 -10075.19 -10093.03 427.37 2911.07
90.00 10.00 -10075.19 -10087.93 427.37 2911.07
91.00 10.00 -10075.19 -10099.22 427.37 2911.07
92.00 10.00 -10075.19 -10120.11 427.37 2911.07
93.00 10.00 -10075.19 -10101.79 427.37 2911.07
94.00 10.00 -10075.19 -10084.13 427.37 2911.07
95.00 10.00 -10075.19 -10107.34 427.37 2911.07
96.00 10.00 -10075.19 -10077.16 427.37 2911.07
97.00 10.00 -10075.19 -10086.62 427.37 2911.07
98.00 10.00 -10075.19 -10118.94 427.37 2911.07
99.00 10.00 -10075.19 -10097.78 427.37 2911.07
100.00 10.00 -10075.19 -10088.22 427.37 2911.07
101.00 10.00 -10075.19 -10085.22 427.37 2911.07
102.00 10.00 -10075.19 -10095.62 427.37 2911.07
103.00 10.00 -10075.19 -10110.88 427.37 2911.07
104.00 10.00 -10075.19 -10103.22 427.37 2911.07
105.00 10.00 -10075.19 -10120.73 427.37 2911.07
106.00 10.00 -10075.19 -10112.94 427.37 2911.07
107.00 10.00 -10075.19 -10105.37 427.37 2911.07
108.00 10.00 -10075.19 -10095.92 427.37 2911.07
109.00 10.00 -10075.19 -10092.45 427.37 2911.07
110.00 10.00 -10075.19 -10085.90 427.37 2911.07
111.00 10.00 -10075.19 -10094.46 427.37 2911.07
112.00 10.00 -10075.19 -10085.12 427.37 2911.07
113.00 10.00 -10075.19 -10094.24 427.37 2911.07
114.00 10.00 -10075.19 -10096.21 427.37 2911.07
115.00 10.00 -10075.19 -10092.32 427.37 2911.07
116.00 10.00 -10075.19 -10078.47 427.37 2911.07
117.00 10.00 -10075.19 -10084.77 427.37 2911.07
118.00 10.00 -10075.19 -10119.60 427.37 2911.07
119.00 10.00 -10075.19 -10088.80 427.37 2911.07
120.00 10.00 -10075.19 -10116.29 427.37 2911.07
121.00 10.00 -10075.19 -10083.10 427.37 2911.07
122.00 10.00 -10075.19 -10103.59 427.37 2911.07
123.00 10.00 -10075.19 -10108.59 427.37 2911.07
124.00 10.00 -10075.19 -10102.04 427.37 2911.07
125.00 10.00 -10075.19 -10105.66 427.37 2911.07
126.00 10.00 -10075.19 -10089.03 427.37 2911.07
127.00 11.00 -10071.75 -10071.75 423.12 2924.98
128.00 11.00 -10071.75 -10101.44 423.12 2924.98
129.00 11.00 -10071.75 -10097.69 423.12 2924.98
130.00 11.00 -10071.75 -10100.85 423.12 2924.98
131.00 11.00 -15016.38 -15027.32 423.12 2924.98
132.00 11.00 -15016.38 -15021.98 423.12 2924.98
133.00 11.00 -15016.38 -15040.93 423.12 2924.98
134.00 12.00 -15000.01 -15000.01 438.23 2941.18
135.00 13.00 -15000.79 -15000.79 441.42 2907.32
136.00 14.00 -14976.43 -14976.43 429.22 2913.91
137.00 15.00 -14972.90 -14972.90 427.49 2914.36
138.00 15.00 -14972.90 -15007.84 427.49 2914.36
139.00 15.00 -14972.90 -15018.01 427.49 2914.36
140.00 15.00 -14972.90 -14985.62 427.49 2914.36
141.00 15.00 -14972.90 -15009.05 427.49 2914.36
142.00 15.00 -14972.90 -14990.99 427.49 2914.36
143.00 15.00 -14972.90 -15033.86 427.49 2914.36
144.00 15.00 -14972.90 -14989.29 427.49 2914.36
145.00 15.00 -14972.90 -14995.99 427.49 2914.36
146.00 15.00 -14972.90 -14981.79 427.49 2914.36
147.00 15.00 -14972.90 -14974.30 427.49 2914.36
148.00 15.00 -14972.90 -15000.05 427.49 2914.36
149.00 15.00 -14972.90 -14987.15 427.49 2914.36
150.00 15.00 -14972.90 -15018.77 427.49 2914.36
151.00 15.00 -14972.90 -15018.22 427.49 2914.36
152.00 15.00 -14972.90 -15027.36 427.49 2914.36
153.00 15.00 -14972.90 -15007.37 427.49 2914.36
154.00 15.00 -14972.90 -14984.08 427.49 2914.36
155.00 15.00 -14972.90 -14976.01 427.49 2914.36
156.00 15.00 -14972.90 -15023.65 427.49 2914.36
157.00 15.00 -14972.90 -15030.30 427.49 2914.36
158.00 15.00 -14972.90 -14984.38 427.49 2914.36
159.00 15.00 -14972.90 -14988.71 427.49 2914.36
160.00 15.00 -14972.90 -15001.72 427.49 2914.36
161.00 15.00 -14972.90 -14991.91 427.49 2914.36
162.00 15.00 -14972.90 -14985.35 427.49 2914.36
163.00 15.00 -14972.90 -14973.47 427.49 2914.36
164.00 15.00 -14972.90 -15034.67 427.49 2914.36
165.00 15.00 -14972.90 -15034.95 427.49 2914.36
166.00 15.00 -14972.90 -14993.52 427.49 2914.36
167.00 15.00 -14972.90 -14997.70 427.49 2914.36
168.00 15.00 -14972.90 -14988.13 427.49 2914.36
169.00 15.00 -14972.90 -15003.03 427.49 2914.36
170.00 15.00 -14972.90 -14979.60 427.49 2914.36
171.00 15.00 -14972.90 -15001.54 427.49 2914.36
172.00 15.00 -14972.90 -15016.89 427.49 2914.36
173.00 15.00 -14972.90 -14980.89 427.49 2914.36
174.00 15.00 -14972.90 -14986.50 427.49 2914.36
175.00 15.00 -14972.90 -15005.83 427.49 2914.36
176.00 15.00 -14972.90 -15004.00 427.49 2914.36
177.00 15.00 -14972.90 -14996.30 427.49 2914.36
178.00 15.00 -14972.90 -15010.17 427.49 2914.36
179.00 15.00 -14972.90 -14986.47 427.49 2914.36
180.00 15.00 -14972.90 -15000.09 427.49 2914.36
181.00 15.00 -14972.90 -14974.11 427.49 2914.36
182.00 15.00 -14972.90 -14982.28 427.49 2914.36
183.00 15.00 -14972.90 -14984.49 427.49 2914.36
184.00 15.00 -14972.90 -14989.57 427.49 2914.36
185.00 15.00 -14972.90 -14995.20 427.49 2914.36
186.00 15.00 -14972.90 -15024.07 427.49 2914.36
187.00 15.00 -14972.90 -15021.13 427.49 2914.36
188.00 15.00 -14972.90 -15006.45 427.49 2914.36
189.00 15.00 -14972.90 -14995.18 427.49 2914.36
190.00 15.00 -14972.90 -14997.95 427.49 2914.36
191.00 15.00 -14972.90 -15047.64 427.49 2914.36
192.00 15.00 -14972.90 -15008.85 427.49 2914.36
193.00 15.00 -14972.90 -14985.24 427.49 2914.36
194.00 15.00 -14972.90 -15006.27 427.49 2914.36
195.00 15.00 -14972.90 -15005.89 427.49 2914.36
196.00 15.00 -14972.90 -14995.15 427.49 2914.36
197.00 15.00 -14972.90 -14997.61 427.49 2914.36
198.00 15.00 -14972.90 -15010.09 427.49 2914.36
199.00 15.00 -14972.90 -14975.00 427.49 2914.36
200.00 15.00 -14972.90 -14979.95 427.49 2914.36
201.00 15.00 -14972.90 -14988.16 427.49 2914.36
202.00 15.00 -14972.90 -14990.11 427.49 2914.36
203.00 15.00 -14972.90 -14984.12 427.49 2914.36
204.00 15.00 -14972.90 -14984.33 427.49 2914.36
205.00 15.00 -14972.90 -15006.53 427.49 2914.36
206.00 15.00 -14972.90 -15004.40 427.49 2914.36
207.00 15.00 -14972.90 -15024.78 427.49 2914.36
208.00 15.00 -14972.90 -14995.33 427.49 2914.36
209.00 15.00 -14972.90 -14983.62 427.49 2914.36
210.00 15.00 -14972.90 -14977.11 427.49 2914.36
211.00 15.00 -14972.90 -14989.19 427.49 2914.36
212.00 15.00 -14972.90 -14991.19 427.49 2914.36
213.00 15.00 -14972.90 -14989.23 427.49 2914.36
214.00 15.00 -14972.90 -14985.12 427.49 2914.36
215.00 15.00 -14972.90 -14976.77 427.49 2914.36
216.00 15.00 -14972.90 -14988.59 427.49 2914.36
217.00 15.00 -14972.90 -15010.67 427.49 2914.36
218.00 15.00 -14972.90 -15016.38 427.49 2914.36
219.00 15.00 -14972.90 -15008.87 427.49 2914.36
220.00 15.00 -14972.90 -14994.08 427.49 2914.36
221.00 15.00 -14972.90 -15011.78 427.49 2914.36
222.00 15.00 -14972.90 -15013.26 427.49 2914.36
223.00 15.00 -14972.90 -14981.49 427.49 2914.36
224.00 15.00 -14972.90 -15000.34 427.49 2914.36
225.00 15.00 -14972.90 -14974.66 427.49 2914.36
226.00 15.00 -14972.90 -15036.98 427.49 2914.36
227.00 15.00 -14972.90 -15020.43 427.49 2914.36
228.00 15.00 -14972.90 -14987.44 427.49 2914.36
229.00 15.00 -14972.90 -14988.59 427.49 2914.36
230.00 15.00 -14972.90 -14983.48 427.49 2914.36
231.00 15.00 -14972.90 -15011.97 427.49 2914.36
232.00 15.00 -14972.90 -14999.72 427.49 2914.36
233.00 15.00 -14972.90 -14998.33 427.49 2914.36
234.00 15.00 -14972.90 -15000.47 427.49 2914.36
235.00 15.00 -14972.90 -14980.22 427.49 2914.36
236.00 15.00 -14972.90 -14992.07 427.49 2914.36
237.00 15.00 -14972.90 -14992.46 427.49 2914.36
238.00 15.00 -14972.90 -15018.36 427.49 2914.36
239.00 15.00 -14972.90 -15014.13 427.49 2914.36
240.00 15.00 -14972.90 -15015.88 427.49 2914.36
241.00 15.00 -14972.90 -15005.61 427.49 2914.36
242.00 15.00 -14972.90 -15060.95 427.49 2914.36
243.00 15.00 -14972.90 -15023.47 427.49 2914.36
244.00 15.00 -14972.90 -14986.00 427.49 2914.36
245.00 15.00 -14972.90 -14981.97 427.49 2914.36
246.00 15.00 -14972.90 -14996.65 427.49 2914.36
247.00 15.00 -14972.90 -14993.90 427.49 2914.36
248.00 16.00 -14973.50 -14973.50 425.74 2933.85
249.00 16.00 -14973.50 -14976.01 425.74 2933.85
250.00 16.00 -14973.50 -14994.32 425.74 2933.85
251.00 16.00 -14973.50 -15012.15 425.74 2933.85
252.00 16.00 -14973.50 -14978.33 425.74 2933.85
253.00 17.00 -14962.10 -14962.10 420.04 2931.17
254.00 17.00 -14962.10 -14985.53 420.04 2931.17
255.00 17.00 -14962.10 -14972.85 420.04 2931.17
256.00 17.00 -14962.10 -14980.98 420.04 2931.17
257.00 17.00 -14962.10 -15003.69 420.04 2931.17
258.00 17.00 -14962.10 -15016.18 420.04 2931.17
259.00 17.00 -14962.10 -15019.54 420.04 2931.17
260.00 17.00 -14962.10 -14997.43 420.04 2931.17
261.00 17.00 -14962.10 -15010.69 420.04 2931.17
262.00 17.00 -14962.10 -15009.71 420.04 2931.17
263.00 17.00 -14962.10 -15012.69 420.04 2931.17
264.00 17.00 -14962.10 -14986.79 420.04 2931.17
265.00 17.00 -14962.10 -15002.88 420.04 2931.17
266.00 17.00 -14962.10 -14995.59 420.04 2931.17
267.00 17.00 -14962.10 -14982.24 420.04 2931.17
268.00 17.00 -14962.10 -14989.81 420.04 2931.17
269.00 17.00 -14962.10 -14993.58 420.04 2931.17
270.00 17.00 -14962.10 -15012.01 420.04 2931.17
271.00 17.00 -14962.10 -15051.60 420.04 2931.17
272.00 17.00 -14962.10 -15020.77 420.04 2931.17
273.00 17.00 -14962.10 -15032.66 420.04 2931.17
274.00 17.00 -14962.10 -14990.10 420.04 2931.17
275.00 17.00 -14962.10 -14980.42 420.04 2931.17
276.00 17.00 -14962.10 -14994.12 420.04 2931.17
277.00 17.00 -14962.10 -15023.17 420.04 2931.17
278.00 17.00 -14962.10 -14987.47 420.04 2931.17
279.00 17.00 -14962.10 -14980.42 420.04 2931.17
280.00 17.00 -14962.10 -14990.07 420.04 2931.17
281.00 17.00 -14962.10 -14995.17 420.04 2931.17
282.00 17.00 -14962.10 -14985.26 420.04 2931.17
283.00 17.00 -14962.10 -14984.85 420.04 2931.17
284.00 17.00 -14962.10 -14990.96 420.04 2931.17
285.00 17.00 -14962.10 -14995.29 420.04 2931.17
286.00 17.00 -14962.10 -14984.30 420.04 2931.17
287.00 17.00 -14962.10 -14980.56 420.04 2931.17
288.00 17.00 -14962.10 -15001.23 420.04 2931.17
289.00 17.00 -14962.10 -14981.42 420.04 2931.17
290.00 17.00 -14962.10 -14987.39 420.04 2931.17
291.00 17.00 -14962.10 -14988.48 420.04 2931.17
292.00 17.00 -14962.10 -15005.88 420.04 2931.17
293.00 17.00 -14962.10 -14982.78 420.04 2931.17
294.00 17.00 -14962.10 -15011.22 420.04 2931.17
295.00 17.00 -14962.10 -14981.75 420.04 2931.17
296.00 17.00 -14962.10 -14971.76 420.04 2931.17
297.00 17.00 -14962.10 -15004.88 420.04 2931.17
298.00 17.00 -14962.10 -14991.99 420.04 2931.17
299.00 17.00 -14962.10 -14976.83 420.04 2931.17
300.00 17.00 -14962.10 -14986.61 420.04 2931.17
301.00 17.00 -14962.10 -14985.19 420.04 2931.17
302.00 17.00 -14962.10 -15032.27 420.04 2931.17
303.00 17.00 -14962.10 -15036.15 420.04 2931.17
304.00 17.00 -14962.10 -14976.61 420.04 2931.17
305.00 17.00 -14962.10 -15005.10 420.04 2931.17
306.00 17.00 -14962.10 -15024.12 420.04 2931.17
307.00 17.00 -14962.10 -15001.80 420.04 2931.17
308.00 17.00 -14962.10 -14985.97 420.04 2931.17
309.00 17.00 -14962.10 -14988.35 420.04 2931.17
310.00 17.00 -14962.10 -15008.27 420.04 2931.17
311.00 17.00 -14962.10 -15030.75 420.04 2931.17
312.00 17.00 -14962.10 -14997.82 420.04 2931.17
313.00 17.00 -14962.10 -14985.62 420.04 2931.17
314.00 17.00 -14962.10 -14996.07 420.04 2931.17
315.00 17.00 -14962.10 -14986.40 420.04 2931.17
316.00 17.00 -14962.10 -14987.25 420.04 2931.17
317.00 17.00 -14962.10 -14968.34 420.04 2931.17
318.00 17.00 -14962.10 -14990.19 420.04 2931.17
319.00 17.00 -14962.10 -14977.28 420.04 2931.17
320.00 17.00 -14962.10 -15008.98 420.04 2931.17
321.00 17.00 -14962.10 -15025.81 420.04 2931.17
322.00 17.00 -14962.10 -14983.18 420.04 2931.17
323.00 17.00 -14962.10 -14970.08 420.04 2931.17
324.00 17.00 -14962.10 -14993.01 420.04 2931.17
325.00 17.00 -14962.10 -15003.41 420.04 2931.17
326.00 17.00 -14962.10 -14990.42 420.04 2931.17
327.00 17.00 -14962.10 -14971.14 420.04 2931.17
328.00 17.00 -14962.10 -14991.14 420.04 2931.17
329.00 17.00 -14962.10 -14995.46 420.04 2931.17
330.00 17.00 -14962.10 -14977.21 420.04 2931.17
331.00 17.00 -14962.10 -14981.60 420.04 2931.17
332.00 17.00 -14962.10 -15003.01 420.04 2931.17
333.00 17.00 -14962.10 -14996.77 420.04 2931.17
334.00 17.00 -14962.10 -15015.96 420.04 2931.17
335.00 17.00 -14962.10 -15021.44 420.04 2931.17
336.00 17.00 -14962.10 -14999.21 420.04 2931.17
337.00 17.00 -14962.10 -15012.78 420.04 2931.17
338.00 17.00 -14962.10 -14999.99 420.04 2931.17
339.00 17.00 -14962.10 -14991.49 420.04 2931.17
340.00 17.00 -14962.10 -15003.81 420.04 2931.17
341.00 17.00 -14962.10 -15015.97 420.04 2931.17
342.00 17.00 -14962.10 -14985.74 420.04 2931.17
343.00 17.00 -14962.10 -14978.49 420.04 2931.17
344.00 17.00 -14962.10 -15011.36 420.04 2931.17
345.00 17.00 -14962.10 -14994.12 420.04 2931.17
346.00 17.00 -14962.10 -14984.83 420.04 2931.17
347.00 17.00 -14962.10 -14989.83 420.04 2931.17
348.00 17.00 -14962.10 -14991.16 420.04 2931.17
349.00 17.00 -14962.10 -14986.23 420.04 2931.17
350.00 17.00 -14962.10 -14983.80 420.04 2931.17
351.00 17.00 -14962.10 -14993.79 420.04 2931.17
352.00 17.00 -14962.10 -14992.52 420.04 2931.17
353.00 17.00 -14962.10 -14988.59 420.04 2931.17
354.00 17.00 -14962.10 -15014.19 420.04 2931.17
355.00 17.00 -14962.10 -15006.55 420.04 2931.17
356.00 17.00 -14962.10 -15020.26 420.04 2931.17
357.00 17.00 -14962.10 -14982.96 420.04 2931.17
358.00 17.00 -14962.10 -14995.57 420.04 2931.17
359.00 17.00 -14962.10 -14977.28 420.04 2931.17
360.00 17.00 -14962.10 -15001.51 420.04 2931.17
361.00 17.00 -14962.10 -15025.56 420.04 2931.17
362.00 17.00 -14962.10 -14995.73 420.04 2931.17
363.00 17.00 -14962.10 -14972.25 420.04 2931.17
364.00 17.00 -14962.10 -15012.99 420.04 2931.17
365.00 17.00 -14962.10 -15007.49 420.04 2931.17
366.00 17.00 -14962.10 -14981.92 420.04 2931.17
367.00 17.00 -14962.10 -15002.33 420.04 2931.17
368.00 17.00 -14962.10 -14979.45 420.04 2931.17
369.00 17.00 -14962.10 -14977.80 420.04 2931.17
370.00 17.00 -14962.10 -14997.01 420.04 2931.17
371.00 17.00 -14962.10 -15008.09 420.04 2931.17
372.00 17.00 -14962.10 -15039.47 420.04 2931.17
373.00 17.00 -14962.10 -15054.93 420.04 2931.17
