
samples_per_chain:,50
burnin:,0.35
num params:,415
initial_proposed_vec:,[ 1.02900043e+00  1.89759214e+00  1.30846877e+00  2.08714568e+00
  9.51108378e-07  5.41661290e-01  8.00254853e-01  4.17540834e-03
  8.75748131e-04  1.12440840e-03  5.46252110e-01  5.28083840e+00
  2.40016355e+04  5.83602124e+00  9.44786491e-03  1.43702546e+02
 -5.03324986e+02 -7.24916801e+01 -1.41395931e+02  4.66942001e+02
  1.32972537e+02 -2.84252952e+02 -1.08138434e+02 -1.29231029e+02
 -5.29100137e+02 -1.85602513e+02  5.99781191e+02  4.56064634e+02
 -1.51866105e+02 -5.20416249e+02 -3.44940928e+02 -2.81996366e+02
 -3.84369463e+02  5.21037837e+02  1.23362076e+02 -1.96831447e+02
 -1.84061231e+02 -2.09326285e+02 -1.09807104e+02  4.26137862e+02
 -5.54571222e+02  1.20017481e+02  5.31304583e+02  1.00868841e+02
  5.31928471e+02  2.00455395e+02 -5.45144923e+02 -2.53484373e+01
  9.06199678e+01  3.70336821e+01  5.07401306e+02  8.53310408e+00
 -2.22083563e+02  4.83159574e+02  5.83889108e+02 -2.82801646e+02
  4.44403797e+02  3.87516274e+02  1.99583279e+02  5.00345862e+02
 -3.54930168e+02  3.20254068e+02 -2.54414608e+02  7.21485166e+01
  1.91240329e+02  3.70704336e+02 -1.44970503e+02 -1.58504734e+02
 -2.92272093e+02 -3.35167312e+02 -2.12243236e+02  8.91539036e+01
  8.96581920e+01  5.58526508e+02  1.02714248e+02  4.86443553e+02
 -4.99777459e+02  1.67758472e+02 -1.06091019e+02 -8.95421697e+01
 -1.66547195e+02  5.03393164e+01  5.40464646e+02  2.75041191e+01
  5.30511532e+01  2.96129221e+01  4.03466417e+02 -4.80851815e+02
  9.42154259e+01 -2.72113130e+02  4.39438974e+02 -4.27796389e+02
  5.24013891e+02 -1.16171743e+02 -4.47296947e+02 -1.35243927e+02
  5.97455347e+02  3.55524136e+02 -9.59091825e+01 -5.39478280e+01
 -1.61536278e+02  1.57059090e+02  4.98922509e+02  1.45724040e+02
  8.62037505e+01  2.91770096e+02  2.15660253e+02  2.46048271e+02
  5.65536203e+00  5.14933229e+02 -5.78491685e+02 -2.92475409e+02
 -2.78847295e+02  5.33838961e+02 -5.08541951e+02 -5.21780234e+02
  5.16222298e+02 -5.23527706e+02  5.71572316e+02 -1.49717247e+01
  4.01428604e+01 -2.15675406e+02  4.92777774e+02 -3.80012553e+02
 -3.80373972e+02 -1.75422122e+02  1.76193997e+00 -1.32551615e+02
 -1.12549584e+02 -1.94539454e+02 -5.70694754e+02  1.93730811e+01
  1.19297710e+02  4.01157747e+01  3.56468842e+02  9.58802757e+01
  3.11345501e+02 -5.08694017e+02 -2.62231631e+02 -1.18628773e+02
  5.02048666e+02 -5.90381346e+02 -3.63109355e+02  1.93746998e+01
  1.70929294e+02 -2.81343240e+02 -3.70471974e+02  1.91944385e+02
 -3.09548755e+02  2.65848186e+02 -5.72697828e+02 -4.01844013e+02
  1.10794970e+02  5.03744995e+02  5.17155708e+02  2.18792179e+02
  6.61622061e+01  2.87961687e+02  2.33456657e+02 -3.79748486e+02
  3.18386125e+02 -9.36162156e+01 -1.91189406e+02  2.40410933e+02
 -3.94691115e+02 -5.26804369e+02 -4.84285417e+02  3.37584932e+02
  5.82771049e+02 -1.57668542e+02 -1.52141338e+02  4.25088619e+02
 -3.71635565e+02 -5.75956758e+02 -5.30403016e+02  2.73474170e+02
  2.85143377e+02  3.63405123e+02 -3.99001306e+02 -6.81677556e+01
 -2.43605725e+00 -3.39105841e+02  2.94262379e+02 -8.23436406e+01
 -2.36706555e+02  2.94557753e+02 -3.41707504e+01  1.57963008e+02
 -4.72193026e+02  4.92128837e+02 -4.83251826e+02 -4.87462006e+02
 -3.92770005e+02  4.52948360e+02  1.17590657e+02 -1.31381630e+02
  1.37303260e+02 -2.97739859e+02  3.07029155e+02  2.75779314e+02
 -2.62890520e+02 -2.44271442e+02 -3.31518601e+02 -5.56028013e+02
 -5.11021205e+02 -5.45658182e+02  2.01186732e+02  5.65076535e+02
  1.42671041e+01  6.37535392e+01  1.11233736e+02 -5.07654934e+02
  5.98939695e+02  7.44454066e+01 -4.33530368e+01 -2.21887066e+02
  4.85532659e+02 -4.99099876e+02 -5.41516157e+02 -3.19264392e+02
  5.30197295e+02  3.62332472e+02 -2.24488283e+02 -4.95283460e+02
 -1.47524468e+00  4.02899005e+02  5.13439743e+02  4.19759647e+02
  2.65674237e+02  2.58145365e+02  5.56747794e+02  8.29292587e+01
  7.88075610e+01  1.80327588e+02  1.97109829e+02  3.45567884e+02
  1.42959482e+02 -3.52872004e+02 -1.42262646e+01  4.02827813e+02
 -1.63138205e+02  2.25151423e+02 -3.69047496e+02  5.58791347e+02
 -1.05948322e+02 -3.14114488e+02 -3.06673725e+02 -3.50514812e+02
  4.11936792e+02  4.71259086e+02  2.88028103e+02  1.83596723e+02
 -7.53241364e+01  4.60514733e+02 -1.15522691e+02 -2.80161406e+02
 -6.85542520e+01  5.18599991e+02 -3.49772736e+01  3.28588247e+02
 -3.82824256e+02  2.41424357e+02 -2.77776515e+02 -7.56906328e+01
  5.84322206e+02  2.68959568e+02 -5.94090528e+02 -8.64042236e+01
 -1.10080412e+02  5.25275739e+02  2.00645204e+02 -5.80753249e+02
 -4.79681196e+02  4.35520182e+02  3.27202282e+02 -6.66023930e+01
 -1.30861113e+02 -5.53944897e+02 -3.13336123e+02 -4.57308384e+02
  5.41847736e+02  1.13755125e+02 -1.73271128e+02 -5.17696148e+02
 -2.25118323e+02 -4.22380023e+02  9.06944265e+01 -3.70504695e+01
 -3.19493911e+02 -7.70450382e+01  3.62807709e+02  4.77461562e+02
  4.07180966e+02  5.05086453e+01  1.84969646e+02 -2.70248233e+02
  5.77044000e+02  5.43841372e+02  4.08561537e+02 -1.01351256e+02
  2.32154855e+02 -4.11700092e+02 -1.78261555e+02  5.95217555e+02
  1.52315861e+02  2.08445182e+02 -2.40972808e+02 -2.63352830e+02
  3.73831006e+02 -1.00667636e+02 -6.28042605e+01 -5.86374497e+02
 -1.69933851e+01  1.91274902e+00 -5.33539680e+02 -2.37816117e+02
  3.22336202e+02 -8.34486225e+01 -5.94068871e+02  4.29412743e+02
 -2.51479598e+02  4.65101775e+02  5.45694335e+02  3.61525636e+02
 -5.94927979e+02  3.42433445e+02  4.30000771e+02 -1.74276712e+02
  5.66034468e+02  9.74118295e+00  4.34467611e+02 -2.05087809e+02
 -4.95999181e+02  2.25146990e+02  2.49618584e+02  1.47439034e+02
  5.96777438e+02  1.94851986e+02  1.45951320e+02 -2.45161305e+02
  1.75589070e+02  5.92022956e+02 -4.76444184e+02 -5.96454774e+02
  1.69061306e+02 -3.25225235e+02 -2.28475224e+02  2.53816610e+02
  5.94360119e+02  1.24721651e+02 -5.37222593e+02 -4.70900374e+02
 -4.07776846e+02 -3.99097543e+02 -5.83828525e+02  5.35768002e+02
 -5.90079547e+02 -1.69969394e+02 -5.91506508e+02  5.69487430e+02
  6.63789703e+01  4.36885760e+02  5.71596175e+02 -5.72223850e+02
 -8.65350607e+01 -2.86861661e+02  1.59042929e+02  2.98885309e+02
  5.01547517e+02 -5.57663578e+02 -4.22666155e+02  3.38971294e+02
 -3.51289879e+02 -2.34639893e+01 -3.46568035e+02 -5.58659878e+02
  2.92286716e+02 -3.62575124e+02  1.36791189e+02  4.63980380e+02
  4.84008463e+02  2.25962751e+02  7.54037400e+01  5.40846938e+02
  3.34835221e+02 -5.71821917e+02  9.80352659e+01 -4.01702008e+02
  4.69337762e+02  3.37828782e+02 -1.59427396e+02 -9.15312758e+01
 -1.96849019e+02  5.04928902e+02  1.79958156e+02 -3.16501579e+02
  4.77533830e+02  1.52577992e+02 -1.13154262e+02  2.88932888e+02
 -1.61898419e+02  4.32710128e+02  4.43379066e+02 -5.82143075e+02
 -2.20605477e+02 -5.70665177e+02 -1.96032738e+02  5.03379479e+02
 -2.19256183e+02  1.04900868e+01  1.03091013e+00  7.47847265e+01
  3.17745648e+02 -1.34871926e+02 -4.00143517e+02]
stepsize_vec:,[3.0e-01 3.0e-01 3.0e-01 3.0e-01 4.0e-08 5.0e-03 4.0e-02 3.0e-04 1.2e-04
 4.0e-05 2.0e-02 2.0e-01 1.0e-01 2.0e-01 1.5e-03 1.2e+02 1.2e+02 1.2e+02
 1.2e+02 1.2e+02 1.2e+02 1.2e+02 1.2e+02 1.2e+02 1.2e+02 1.2e+02 1.2e+02
 1.2e+02 1.2e+02 1.2e+02 1.2e+02 1.2e+02 1.2e+02 1.2e+02 1.2e+02 1.2e+02
 1.2e+02 1.2e+02 1.2e+02 1.2e+02 1.2e+02 1.2e+02 1.2e+02 1.2e+02 1.2e+02
 1.2e+02 1.2e+02 1.2e+02 1.2e+02 1.2e+02 1.2e+02 1.2e+02 1.2e+02 1.2e+02
 1.2e+02 1.2e+02 1.2e+02 1.2e+02 1.2e+02 1.2e+02 1.2e+02 1.2e+02 1.2e+02
 1.2e+02 1.2e+02 1.2e+02 1.2e+02 1.2e+02 1.2e+02 1.2e+02 1.2e+02 1.2e+02
 1.2e+02 1.2e+02 1.2e+02 1.2e+02 1.2e+02 1.2e+02 1.2e+02 1.2e+02 1.2e+02
 1.2e+02 1.2e+02 1.2e+02 1.2e+02 1.2e+02 1.2e+02 1.2e+02 1.2e+02 1.2e+02
 1.2e+02 1.2e+02 1.2e+02 1.2e+02 1.2e+02 1.2e+02 1.2e+02 1.2e+02 1.2e+02
 1.2e+02 1.2e+02 1.2e+02 1.2e+02 1.2e+02 1.2e+02 1.2e+02 1.2e+02 1.2e+02
 1.2e+02 1.2e+02 1.2e+02 1.2e+02 1.2e+02 1.2e+02 1.2e+02 1.2e+02 1.2e+02
 1.2e+02 1.2e+02 1.2e+02 1.2e+02 1.2e+02 1.2e+02 1.2e+02 1.2e+02 1.2e+02
 1.2e+02 1.2e+02 1.2e+02 1.2e+02 1.2e+02 1.2e+02 1.2e+02 1.2e+02 1.2e+02
 1.2e+02 1.2e+02 1.2e+02 1.2e+02 1.2e+02 1.2e+02 1.2e+02 1.2e+02 1.2e+02
 1.2e+02 1.2e+02 1.2e+02 1.2e+02 1.2e+02 1.2e+02 1.2e+02 1.2e+02 1.2e+02
 1.2e+02 1.2e+02 1.2e+02 1.2e+02 1.2e+02 1.2e+02 1.2e+02 1.2e+02 1.2e+02
 1.2e+02 1.2e+02 1.2e+02 1.2e+02 1.2e+02 1.2e+02 1.2e+02 1.2e+02 1.2e+02
 1.2e+02 1.2e+02 1.2e+02 1.2e+02 1.2e+02 1.2e+02 1.2e+02 1.2e+02 1.2e+02
 1.2e+02 1.2e+02 1.2e+02 1.2e+02 1.2e+02 1.2e+02 1.2e+02 1.2e+02 1.2e+02
 1.2e+02 1.2e+02 1.2e+02 1.2e+02 1.2e+02 1.2e+02 1.2e+02 1.2e+02 1.2e+02
 1.2e+02 1.2e+02 1.2e+02 1.2e+02 1.2e+02 1.2e+02 1.2e+02 1.2e+02 1.2e+02
 1.2e+02 1.2e+02 1.2e+02 1.2e+02 1.2e+02 1.2e+02 1.2e+02 1.2e+02 1.2e+02
 1.2e+02 1.2e+02 1.2e+02 1.2e+02 1.2e+02 1.2e+02 1.2e+02 1.2e+02 1.2e+02
 1.2e+02 1.2e+02 1.2e+02 1.2e+02 1.2e+02 1.2e+02 1.2e+02 1.2e+02 1.2e+02
 1.2e+02 1.2e+02 1.2e+02 1.2e+02 1.2e+02 1.2e+02 1.2e+02 1.2e+02 1.2e+02
 1.2e+02 1.2e+02 1.2e+02 1.2e+02 1.2e+02 1.2e+02 1.2e+02 1.2e+02 1.2e+02
 1.2e+02 1.2e+02 1.2e+02 1.2e+02 1.2e+02 1.2e+02 1.2e+02 1.2e+02 1.2e+02
 1.2e+02 1.2e+02 1.2e+02 1.2e+02 1.2e+02 1.2e+02 1.2e+02 1.2e+02 1.2e+02
 1.2e+02 1.2e+02 1.2e+02 1.2e+02 1.2e+02 1.2e+02 1.2e+02 1.2e+02 1.2e+02
 1.2e+02 1.2e+02 1.2e+02 1.2e+02 1.2e+02 1.2e+02 1.2e+02 1.2e+02 1.2e+02
 1.2e+02 1.2e+02 1.2e+02 1.2e+02 1.2e+02 1.2e+02 1.2e+02 1.2e+02 1.2e+02
 1.2e+02 1.2e+02 1.2e+02 1.2e+02 1.2e+02 1.2e+02 1.2e+02 1.2e+02 1.2e+02
 1.2e+02 1.2e+02 1.2e+02 1.2e+02 1.2e+02 1.2e+02 1.2e+02 1.2e+02 1.2e+02
 1.2e+02 1.2e+02 1.2e+02 1.2e+02 1.2e+02 1.2e+02 1.2e+02 1.2e+02 1.2e+02
 1.2e+02 1.2e+02 1.2e+02 1.2e+02 1.2e+02 1.2e+02 1.2e+02 1.2e+02 1.2e+02
 1.2e+02 1.2e+02 1.2e+02 1.2e+02 1.2e+02 1.2e+02 1.2e+02 1.2e+02 1.2e+02
 1.2e+02 1.2e+02 1.2e+02 1.2e+02 1.2e+02 1.2e+02 1.2e+02 1.2e+02 1.2e+02
 1.2e+02 1.2e+02 1.2e+02 1.2e+02 1.2e+02 1.2e+02 1.2e+02 1.2e+02 1.2e+02
 1.2e+02 1.2e+02 1.2e+02 1.2e+02 1.2e+02 1.2e+02 1.2e+02 1.2e+02 1.2e+02
 1.2e+02 1.2e+02 1.2e+02 1.2e+02 1.2e+02 1.2e+02 1.2e+02 1.2e+02 1.2e+02
 1.2e+02 1.2e+02 1.2e+02 1.2e+02 1.2e+02 1.2e+02 1.2e+02 1.2e+02 1.2e+02
 1.2e+02 1.2e+02 1.2e+02 1.2e+02 1.2e+02 1.2e+02 1.2e+02 1.2e+02 1.2e+02
 1.2e+02 1.2e+02 1.2e+02 1.2e+02 1.2e+02 1.2e+02 1.2e+02 1.2e+02 1.2e+02
 1.2e+02 1.2e+02 1.2e+02 1.2e+02 1.2e+02 1.2e+02 1.2e+02 1.2e+02 1.2e+02
 1.2e+02]
step_ratio_vec:,[0.1 0.1 0.1 0.1 0.1 0.1 0.1 0.1 0.1 0.1 0.1 0.1 0.1 0.1 0.1 0.1 0.1 0.1
 0.1 0.1 0.1 0.1 0.1 0.1 0.1 0.1 0.1 0.1 0.1 0.1 0.1 0.1 0.1 0.1 0.1 0.1
 0.1 0.1 0.1 0.1 0.1 0.1 0.1 0.1 0.1 0.1 0.1 0.1 0.1 0.1 0.1 0.1 0.1 0.1
 0.1 0.1 0.1 0.1 0.1 0.1 0.1 0.1 0.1 0.1 0.1 0.1 0.1 0.1 0.1 0.1 0.1 0.1
 0.1 0.1 0.1 0.1 0.1 0.1 0.1 0.1 0.1 0.1 0.1 0.1 0.1 0.1 0.1 0.1 0.1 0.1
 0.1 0.1 0.1 0.1 0.1 0.1 0.1 0.1 0.1 0.1 0.1 0.1 0.1 0.1 0.1 0.1 0.1 0.1
 0.1 0.1 0.1 0.1 0.1 0.1 0.1 0.1 0.1 0.1 0.1 0.1 0.1 0.1 0.1 0.1 0.1 0.1
 0.1 0.1 0.1 0.1 0.1 0.1 0.1 0.1 0.1 0.1 0.1 0.1 0.1 0.1 0.1 0.1 0.1 0.1
 0.1 0.1 0.1 0.1 0.1 0.1 0.1 0.1 0.1 0.1 0.1 0.1 0.1 0.1 0.1 0.1 0.1 0.1
 0.1 0.1 0.1 0.1 0.1 0.1 0.1 0.1 0.1 0.1 0.1 0.1 0.1 0.1 0.1 0.1 0.1 0.1
 0.1 0.1 0.1 0.1 0.1 0.1 0.1 0.1 0.1 0.1 0.1 0.1 0.1 0.1 0.1 0.1 0.1 0.1
 0.1 0.1 0.1 0.1 0.1 0.1 0.1 0.1 0.1 0.1 0.1 0.1 0.1 0.1 0.1 0.1 0.1 0.1
 0.1 0.1 0.1 0.1 0.1 0.1 0.1 0.1 0.1 0.1 0.1 0.1 0.1 0.1 0.1 0.1 0.1 0.1
 0.1 0.1 0.1 0.1 0.1 0.1 0.1 0.1 0.1 0.1 0.1 0.1 0.1 0.1 0.1 0.1 0.1 0.1
 0.1 0.1 0.1 0.1 0.1 0.1 0.1 0.1 0.1 0.1 0.1 0.1 0.1 0.1 0.1 0.1 0.1 0.1
 0.1 0.1 0.1 0.1 0.1 0.1 0.1 0.1 0.1 0.1 0.1 0.1 0.1 0.1 0.1 0.1 0.1 0.1
 0.1 0.1 0.1 0.1 0.1 0.1 0.1 0.1 0.1 0.1 0.1 0.1 0.1 0.1 0.1 0.1 0.1 0.1
 0.1 0.1 0.1 0.1 0.1 0.1 0.1 0.1 0.1 0.1 0.1 0.1 0.1 0.1 0.1 0.1 0.1 0.1
 0.1 0.1 0.1 0.1 0.1 0.1 0.1 0.1 0.1 0.1 0.1 0.1 0.1 0.1 0.1 0.1 0.1 0.1
 0.1 0.1 0.1 0.1 0.1 0.1 0.1 0.1 0.1 0.1 0.1 0.1 0.1 0.1 0.1 0.1 0.1 0.1
 0.1 0.1 0.1 0.1 0.1 0.1 0.1 0.1 0.1 0.1 0.1 0.1 0.1 0.1 0.1 0.1 0.1 0.1
 0.1 0.1 0.1 0.1 0.1 0.1 0.1 0.1 0.1 0.1 0.1 0.1 0.1 0.1 0.1 0.1 0.1 0.1
 0.1 0.1 0.1 0.1 0.1 0.1 0.1 0.1 0.1 0.1 0.1 0.1 0.1 0.1 0.1 0.1 0.1 0.1
 0.1]
swap interval:,400
sim interval:,[-1.1175e+08 -7.4500e+07 -3.7250e+07  0.0000e+00]
likelihood_sed (T/F):,True
erodep_coords:,[[ 0  3]
 [42 94]
 [42 95]
 ...
 [96 78]
 [96 79]
 [96 80]]
sed scaling factor:,1
samples_per_chain:,50
burnin:,0.35
num params:,415
initial_proposed_vec:,[ 1.02900043e+00  1.89759214e+00  1.30846877e+00  2.08714568e+00
  9.51108378e-07  5.41661290e-01  8.00254853e-01  4.17540834e-03
  8.75748131e-04  1.12440840e-03  5.46252110e-01  5.28083840e+00
  2.40016355e+04  5.83602124e+00  9.44786491e-03  1.43702546e+02
 -5.03324986e+02 -7.24916801e+01 -1.41395931e+02  4.66942001e+02
  1.32972537e+02 -2.84252952e+02 -1.08138434e+02 -1.29231029e+02
 -5.29100137e+02 -1.85602513e+02  5.99781191e+02  4.56064634e+02
 -1.51866105e+02 -5.20416249e+02 -3.44940928e+02 -2.81996366e+02
 -3.84369463e+02  5.21037837e+02  1.23362076e+02 -1.96831447e+02
 -1.84061231e+02 -2.09326285e+02 -1.09807104e+02  4.26137862e+02
 -5.54571222e+02  1.20017481e+02  5.31304583e+02  1.00868841e+02
  5.31928471e+02  2.00455395e+02 -5.45144923e+02 -2.53484373e+01
  9.06199678e+01  3.70336821e+01  5.07401306e+02  8.53310408e+00
 -2.22083563e+02  4.83159574e+02  5.83889108e+02 -2.82801646e+02
  4.44403797e+02  3.87516274e+02  1.99583279e+02  5.00345862e+02
 -3.54930168e+02  3.20254068e+02 -2.54414608e+02  7.21485166e+01
  1.91240329e+02  3.70704336e+02 -1.44970503e+02 -1.58504734e+02
 -2.92272093e+02 -3.35167312e+02 -2.12243236e+02  8.91539036e+01
  8.96581920e+01  5.58526508e+02  1.02714248e+02  4.86443553e+02
 -4.99777459e+02  1.67758472e+02 -1.06091019e+02 -8.95421697e+01
 -1.66547195e+02  5.03393164e+01  5.40464646e+02  2.75041191e+01
  5.30511532e+01  2.96129221e+01  4.03466417e+02 -4.80851815e+02
  9.42154259e+01 -2.72113130e+02  4.39438974e+02 -4.27796389e+02
  5.24013891e+02 -1.16171743e+02 -4.47296947e+02 -1.35243927e+02
  5.97455347e+02  3.55524136e+02 -9.59091825e+01 -5.39478280e+01
 -1.61536278e+02  1.57059090e+02  4.98922509e+02  1.45724040e+02
  8.62037505e+01  2.91770096e+02  2.15660253e+02  2.46048271e+02
  5.65536203e+00  5.14933229e+02 -5.78491685e+02 -2.92475409e+02
 -2.78847295e+02  5.33838961e+02 -5.08541951e+02 -5.21780234e+02
  5.16222298e+02 -5.23527706e+02  5.71572316e+02 -1.49717247e+01
  4.01428604e+01 -2.15675406e+02  4.92777774e+02 -3.80012553e+02
 -3.80373972e+02 -1.75422122e+02  1.76193997e+00 -1.32551615e+02
 -1.12549584e+02 -1.94539454e+02 -5.70694754e+02  1.93730811e+01
  1.19297710e+02  4.01157747e+01  3.56468842e+02  9.58802757e+01
  3.11345501e+02 -5.08694017e+02 -2.62231631e+02 -1.18628773e+02
  5.02048666e+02 -5.90381346e+02 -3.63109355e+02  1.93746998e+01
  1.70929294e+02 -2.81343240e+02 -3.70471974e+02  1.91944385e+02
 -3.09548755e+02  2.65848186e+02 -5.72697828e+02 -4.01844013e+02
  1.10794970e+02  5.03744995e+02  5.17155708e+02  2.18792179e+02
  6.61622061e+01  2.87961687e+02  2.33456657e+02 -3.79748486e+02
  3.18386125e+02 -9.36162156e+01 -1.91189406e+02  2.40410933e+02
 -3.94691115e+02 -5.26804369e+02 -4.84285417e+02  3.37584932e+02
  5.82771049e+02 -1.57668542e+02 -1.52141338e+02  4.25088619e+02
 -3.71635565e+02 -5.75956758e+02 -5.30403016e+02  2.73474170e+02
  2.85143377e+02  3.63405123e+02 -3.99001306e+02 -6.81677556e+01
 -2.43605725e+00 -3.39105841e+02  2.94262379e+02 -8.23436406e+01
 -2.36706555e+02  2.94557753e+02 -3.41707504e+01  1.57963008e+02
 -4.72193026e+02  4.92128837e+02 -4.83251826e+02 -4.87462006e+02
 -3.92770005e+02  4.52948360e+02  1.17590657e+02 -1.31381630e+02
  1.37303260e+02 -2.97739859e+02  3.07029155e+02  2.75779314e+02
 -2.62890520e+02 -2.44271442e+02 -3.31518601e+02 -5.56028013e+02
 -5.11021205e+02 -5.45658182e+02  2.01186732e+02  5.65076535e+02
  1.42671041e+01  6.37535392e+01  1.11233736e+02 -5.07654934e+02
  5.98939695e+02  7.44454066e+01 -4.33530368e+01 -2.21887066e+02
  4.85532659e+02 -4.99099876e+02 -5.41516157e+02 -3.19264392e+02
  5.30197295e+02  3.62332472e+02 -2.24488283e+02 -4.95283460e+02
 -1.47524468e+00  4.02899005e+02  5.13439743e+02  4.19759647e+02
  2.65674237e+02  2.58145365e+02  5.56747794e+02  8.29292587e+01
  7.88075610e+01  1.80327588e+02  1.97109829e+02  3.45567884e+02
  1.42959482e+02 -3.52872004e+02 -1.42262646e+01  4.02827813e+02
 -1.63138205e+02  2.25151423e+02 -3.69047496e+02  5.58791347e+02
 -1.05948322e+02 -3.14114488e+02 -3.06673725e+02 -3.50514812e+02
  4.11936792e+02  4.71259086e+02  2.88028103e+02  1.83596723e+02
 -7.53241364e+01  4.60514733e+02 -1.15522691e+02 -2.80161406e+02
 -6.85542520e+01  5.18599991e+02 -3.49772736e+01  3.28588247e+02
 -3.82824256e+02  2.41424357e+02 -2.77776515e+02 -7.56906328e+01
  5.84322206e+02  2.68959568e+02 -5.94090528e+02 -8.64042236e+01
 -1.10080412e+02  5.25275739e+02  2.00645204e+02 -5.80753249e+02
 -4.79681196e+02  4.35520182e+02  3.27202282e+02 -6.66023930e+01
 -1.30861113e+02 -5.53944897e+02 -3.13336123e+02 -4.57308384e+02
  5.41847736e+02  1.13755125e+02 -1.73271128e+02 -5.17696148e+02
 -2.25118323e+02 -4.22380023e+02  9.06944265e+01 -3.70504695e+01
 -3.19493911e+02 -7.70450382e+01  3.62807709e+02  4.77461562e+02
  4.07180966e+02  5.05086453e+01  1.84969646e+02 -2.70248233e+02
  5.77044000e+02  5.43841372e+02  4.08561537e+02 -1.01351256e+02
  2.32154855e+02 -4.11700092e+02 -1.78261555e+02  5.95217555e+02
  1.52315861e+02  2.08445182e+02 -2.40972808e+02 -2.63352830e+02
  3.73831006e+02 -1.00667636e+02 -6.28042605e+01 -5.86374497e+02
 -1.69933851e+01  1.91274902e+00 -5.33539680e+02 -2.37816117e+02
  3.22336202e+02 -8.34486225e+01 -5.94068871e+02  4.29412743e+02
 -2.51479598e+02  4.65101775e+02  5.45694335e+02  3.61525636e+02
 -5.94927979e+02  3.42433445e+02  4.30000771e+02 -1.74276712e+02
  5.66034468e+02  9.74118295e+00  4.34467611e+02 -2.05087809e+02
 -4.95999181e+02  2.25146990e+02  2.49618584e+02  1.47439034e+02
  5.96777438e+02  1.94851986e+02  1.45951320e+02 -2.45161305e+02
  1.75589070e+02  5.92022956e+02 -4.76444184e+02 -5.96454774e+02
  1.69061306e+02 -3.25225235e+02 -2.28475224e+02  2.53816610e+02
  5.94360119e+02  1.24721651e+02 -5.37222593e+02 -4.70900374e+02
 -4.07776846e+02 -3.99097543e+02 -5.83828525e+02  5.35768002e+02
 -5.90079547e+02 -1.69969394e+02 -5.91506508e+02  5.69487430e+02
  6.63789703e+01  4.36885760e+02  5.71596175e+02 -5.72223850e+02
 -8.65350607e+01 -2.86861661e+02  1.59042929e+02  2.98885309e+02
  5.01547517e+02 -5.57663578e+02 -4.22666155e+02  3.38971294e+02
 -3.51289879e+02 -2.34639893e+01 -3.46568035e+02 -5.58659878e+02
  2.92286716e+02 -3.62575124e+02  1.36791189e+02  4.63980380e+02
  4.84008463e+02  2.25962751e+02  7.54037400e+01  5.40846938e+02
  3.34835221e+02 -5.71821917e+02  9.80352659e+01 -4.01702008e+02
  4.69337762e+02  3.37828782e+02 -1.59427396e+02 -9.15312758e+01
 -1.96849019e+02  5.04928902e+02  1.79958156e+02 -3.16501579e+02
  4.77533830e+02  1.52577992e+02 -1.13154262e+02  2.88932888e+02
 -1.61898419e+02  4.32710128e+02  4.43379066e+02 -5.82143075e+02
 -2.20605477e+02 -5.70665177e+02 -1.96032738e+02  5.03379479e+02
 -2.19256183e+02  1.04900868e+01  1.03091013e+00  7.47847265e+01
  3.17745648e+02 -1.34871926e+02 -4.00143517e+02]
stepsize_vec:,[3.0e-01 3.0e-01 3.0e-01 3.0e-01 4.0e-08 5.0e-03 4.0e-02 3.0e-04 1.2e-04
 4.0e-05 2.0e-02 2.0e-01 1.0e-01 2.0e-01 1.5e-03 1.2e+02 1.2e+02 1.2e+02
 1.2e+02 1.2e+02 1.2e+02 1.2e+02 1.2e+02 1.2e+02 1.2e+02 1.2e+02 1.2e+02
 1.2e+02 1.2e+02 1.2e+02 1.2e+02 1.2e+02 1.2e+02 1.2e+02 1.2e+02 1.2e+02
 1.2e+02 1.2e+02 1.2e+02 1.2e+02 1.2e+02 1.2e+02 1.2e+02 1.2e+02 1.2e+02
 1.2e+02 1.2e+02 1.2e+02 1.2e+02 1.2e+02 1.2e+02 1.2e+02 1.2e+02 1.2e+02
 1.2e+02 1.2e+02 1.2e+02 1.2e+02 1.2e+02 1.2e+02 1.2e+02 1.2e+02 1.2e+02
 1.2e+02 1.2e+02 1.2e+02 1.2e+02 1.2e+02 1.2e+02 1.2e+02 1.2e+02 1.2e+02
 1.2e+02 1.2e+02 1.2e+02 1.2e+02 1.2e+02 1.2e+02 1.2e+02 1.2e+02 1.2e+02
 1.2e+02 1.2e+02 1.2e+02 1.2e+02 1.2e+02 1.2e+02 1.2e+02 1.2e+02 1.2e+02
 1.2e+02 1.2e+02 1.2e+02 1.2e+02 1.2e+02 1.2e+02 1.2e+02 1.2e+02 1.2e+02
 1.2e+02 1.2e+02 1.2e+02 1.2e+02 1.2e+02 1.2e+02 1.2e+02 1.2e+02 1.2e+02
 1.2e+02 1.2e+02 1.2e+02 1.2e+02 1.2e+02 1.2e+02 1.2e+02 1.2e+02 1.2e+02
 1.2e+02 1.2e+02 1.2e+02 1.2e+02 1.2e+02 1.2e+02 1.2e+02 1.2e+02 1.2e+02
 1.2e+02 1.2e+02 1.2e+02 1.2e+02 1.2e+02 1.2e+02 1.2e+02 1.2e+02 1.2e+02
 1.2e+02 1.2e+02 1.2e+02 1.2e+02 1.2e+02 1.2e+02 1.2e+02 1.2e+02 1.2e+02
 1.2e+02 1.2e+02 1.2e+02 1.2e+02 1.2e+02 1.2e+02 1.2e+02 1.2e+02 1.2e+02
 1.2e+02 1.2e+02 1.2e+02 1.2e+02 1.2e+02 1.2e+02 1.2e+02 1.2e+02 1.2e+02
 1.2e+02 1.2e+02 1.2e+02 1.2e+02 1.2e+02 1.2e+02 1.2e+02 1.2e+02 1.2e+02
 1.2e+02 1.2e+02 1.2e+02 1.2e+02 1.2e+02 1.2e+02 1.2e+02 1.2e+02 1.2e+02
 1.2e+02 1.2e+02 1.2e+02 1.2e+02 1.2e+02 1.2e+02 1.2e+02 1.2e+02 1.2e+02
 1.2e+02 1.2e+02 1.2e+02 1.2e+02 1.2e+02 1.2e+02 1.2e+02 1.2e+02 1.2e+02
 1.2e+02 1.2e+02 1.2e+02 1.2e+02 1.2e+02 1.2e+02 1.2e+02 1.2e+02 1.2e+02
 1.2e+02 1.2e+02 1.2e+02 1.2e+02 1.2e+02 1.2e+02 1.2e+02 1.2e+02 1.2e+02
 1.2e+02 1.2e+02 1.2e+02 1.2e+02 1.2e+02 1.2e+02 1.2e+02 1.2e+02 1.2e+02
 1.2e+02 1.2e+02 1.2e+02 1.2e+02 1.2e+02 1.2e+02 1.2e+02 1.2e+02 1.2e+02
 1.2e+02 1.2e+02 1.2e+02 1.2e+02 1.2e+02 1.2e+02 1.2e+02 1.2e+02 1.2e+02
 1.2e+02 1.2e+02 1.2e+02 1.2e+02 1.2e+02 1.2e+02 1.2e+02 1.2e+02 1.2e+02
 1.2e+02 1.2e+02 1.2e+02 1.2e+02 1.2e+02 1.2e+02 1.2e+02 1.2e+02 1.2e+02
 1.2e+02 1.2e+02 1.2e+02 1.2e+02 1.2e+02 1.2e+02 1.2e+02 1.2e+02 1.2e+02
 1.2e+02 1.2e+02 1.2e+02 1.2e+02 1.2e+02 1.2e+02 1.2e+02 1.2e+02 1.2e+02
 1.2e+02 1.2e+02 1.2e+02 1.2e+02 1.2e+02 1.2e+02 1.2e+02 1.2e+02 1.2e+02
 1.2e+02 1.2e+02 1.2e+02 1.2e+02 1.2e+02 1.2e+02 1.2e+02 1.2e+02 1.2e+02
 1.2e+02 1.2e+02 1.2e+02 1.2e+02 1.2e+02 1.2e+02 1.2e+02 1.2e+02 1.2e+02
 1.2e+02 1.2e+02 1.2e+02 1.2e+02 1.2e+02 1.2e+02 1.2e+02 1.2e+02 1.2e+02
 1.2e+02 1.2e+02 1.2e+02 1.2e+02 1.2e+02 1.2e+02 1.2e+02 1.2e+02 1.2e+02
 1.2e+02 1.2e+02 1.2e+02 1.2e+02 1.2e+02 1.2e+02 1.2e+02 1.2e+02 1.2e+02
 1.2e+02 1.2e+02 1.2e+02 1.2e+02 1.2e+02 1.2e+02 1.2e+02 1.2e+02 1.2e+02
 1.2e+02 1.2e+02 1.2e+02 1.2e+02 1.2e+02 1.2e+02 1.2e+02 1.2e+02 1.2e+02
 1.2e+02 1.2e+02 1.2e+02 1.2e+02 1.2e+02 1.2e+02 1.2e+02 1.2e+02 1.2e+02
 1.2e+02 1.2e+02 1.2e+02 1.2e+02 1.2e+02 1.2e+02 1.2e+02 1.2e+02 1.2e+02
 1.2e+02 1.2e+02 1.2e+02 1.2e+02 1.2e+02 1.2e+02 1.2e+02 1.2e+02 1.2e+02
 1.2e+02 1.2e+02 1.2e+02 1.2e+02 1.2e+02 1.2e+02 1.2e+02 1.2e+02 1.2e+02
 1.2e+02 1.2e+02 1.2e+02 1.2e+02 1.2e+02 1.2e+02 1.2e+02 1.2e+02 1.2e+02
 1.2e+02 1.2e+02 1.2e+02 1.2e+02 1.2e+02 1.2e+02 1.2e+02 1.2e+02 1.2e+02
 1.2e+02 1.2e+02 1.2e+02 1.2e+02 1.2e+02 1.2e+02 1.2e+02 1.2e+02 1.2e+02
 1.2e+02]
step_ratio_vec:,[0.1 0.1 0.1 0.1 0.1 0.1 0.1 0.1 0.1 0.1 0.1 0.1 0.1 0.1 0.1 0.1 0.1 0.1
 0.1 0.1 0.1 0.1 0.1 0.1 0.1 0.1 0.1 0.1 0.1 0.1 0.1 0.1 0.1 0.1 0.1 0.1
 0.1 0.1 0.1 0.1 0.1 0.1 0.1 0.1 0.1 0.1 0.1 0.1 0.1 0.1 0.1 0.1 0.1 0.1
 0.1 0.1 0.1 0.1 0.1 0.1 0.1 0.1 0.1 0.1 0.1 0.1 0.1 0.1 0.1 0.1 0.1 0.1
 0.1 0.1 0.1 0.1 0.1 0.1 0.1 0.1 0.1 0.1 0.1 0.1 0.1 0.1 0.1 0.1 0.1 0.1
 0.1 0.1 0.1 0.1 0.1 0.1 0.1 0.1 0.1 0.1 0.1 0.1 0.1 0.1 0.1 0.1 0.1 0.1
 0.1 0.1 0.1 0.1 0.1 0.1 0.1 0.1 0.1 0.1 0.1 0.1 0.1 0.1 0.1 0.1 0.1 0.1
 0.1 0.1 0.1 0.1 0.1 0.1 0.1 0.1 0.1 0.1 0.1 0.1 0.1 0.1 0.1 0.1 0.1 0.1
 0.1 0.1 0.1 0.1 0.1 0.1 0.1 0.1 0.1 0.1 0.1 0.1 0.1 0.1 0.1 0.1 0.1 0.1
 0.1 0.1 0.1 0.1 0.1 0.1 0.1 0.1 0.1 0.1 0.1 0.1 0.1 0.1 0.1 0.1 0.1 0.1
 0.1 0.1 0.1 0.1 0.1 0.1 0.1 0.1 0.1 0.1 0.1 0.1 0.1 0.1 0.1 0.1 0.1 0.1
 0.1 0.1 0.1 0.1 0.1 0.1 0.1 0.1 0.1 0.1 0.1 0.1 0.1 0.1 0.1 0.1 0.1 0.1
 0.1 0.1 0.1 0.1 0.1 0.1 0.1 0.1 0.1 0.1 0.1 0.1 0.1 0.1 0.1 0.1 0.1 0.1
 0.1 0.1 0.1 0.1 0.1 0.1 0.1 0.1 0.1 0.1 0.1 0.1 0.1 0.1 0.1 0.1 0.1 0.1
 0.1 0.1 0.1 0.1 0.1 0.1 0.1 0.1 0.1 0.1 0.1 0.1 0.1 0.1 0.1 0.1 0.1 0.1
 0.1 0.1 0.1 0.1 0.1 0.1 0.1 0.1 0.1 0.1 0.1 0.1 0.1 0.1 0.1 0.1 0.1 0.1
 0.1 0.1 0.1 0.1 0.1 0.1 0.1 0.1 0.1 0.1 0.1 0.1 0.1 0.1 0.1 0.1 0.1 0.1
 0.1 0.1 0.1 0.1 0.1 0.1 0.1 0.1 0.1 0.1 0.1 0.1 0.1 0.1 0.1 0.1 0.1 0.1
 0.1 0.1 0.1 0.1 0.1 0.1 0.1 0.1 0.1 0.1 0.1 0.1 0.1 0.1 0.1 0.1 0.1 0.1
 0.1 0.1 0.1 0.1 0.1 0.1 0.1 0.1 0.1 0.1 0.1 0.1 0.1 0.1 0.1 0.1 0.1 0.1
 0.1 0.1 0.1 0.1 0.1 0.1 0.1 0.1 0.1 0.1 0.1 0.1 0.1 0.1 0.1 0.1 0.1 0.1
 0.1 0.1 0.1 0.1 0.1 0.1 0.1 0.1 0.1 0.1 0.1 0.1 0.1 0.1 0.1 0.1 0.1 0.1
 0.1 0.1 0.1 0.1 0.1 0.1 0.1 0.1 0.1 0.1 0.1 0.1 0.1 0.1 0.1 0.1 0.1 0.1
 0.1]
swap interval:,400
sim interval:,[-1.1175e+08 -7.4500e+07 -3.7250e+07  0.0000e+00]
likelihood_sed (T/F):,True
erodep_coords:,[[ 0  3]
 [42 94]
 [42 95]
 ...
 [96 78]
 [96 79]
 [96 80]]
sed scaling factor:,1
samples_per_chain:,50
burnin:,0.35
num params:,415
initial_proposed_vec:,[ 1.02900043e+00  1.89759214e+00  1.30846877e+00  2.08714568e+00
  9.51108378e-07  5.41661290e-01  8.00254853e-01  4.17540834e-03
  8.75748131e-04  1.12440840e-03  5.46252110e-01  5.28083840e+00
  2.40016355e+04  5.83602124e+00  9.44786491e-03  1.43702546e+02
 -5.03324986e+02 -7.24916801e+01 -1.41395931e+02  4.66942001e+02
  1.32972537e+02 -2.84252952e+02 -1.08138434e+02 -1.29231029e+02
 -5.29100137e+02 -1.85602513e+02  5.99781191e+02  4.56064634e+02
 -1.51866105e+02 -5.20416249e+02 -3.44940928e+02 -2.81996366e+02
 -3.84369463e+02  5.21037837e+02  1.23362076e+02 -1.96831447e+02
 -1.84061231e+02 -2.09326285e+02 -1.09807104e+02  4.26137862e+02
 -5.54571222e+02  1.20017481e+02  5.31304583e+02  1.00868841e+02
  5.31928471e+02  2.00455395e+02 -5.45144923e+02 -2.53484373e+01
  9.06199678e+01  3.70336821e+01  5.07401306e+02  8.53310408e+00
 -2.22083563e+02  4.83159574e+02  5.83889108e+02 -2.82801646e+02
  4.44403797e+02  3.87516274e+02  1.99583279e+02  5.00345862e+02
 -3.54930168e+02  3.20254068e+02 -2.54414608e+02  7.21485166e+01
  1.91240329e+02  3.70704336e+02 -1.44970503e+02 -1.58504734e+02
 -2.92272093e+02 -3.35167312e+02 -2.12243236e+02  8.91539036e+01
  8.96581920e+01  5.58526508e+02  1.02714248e+02  4.86443553e+02
 -4.99777459e+02  1.67758472e+02 -1.06091019e+02 -8.95421697e+01
 -1.66547195e+02  5.03393164e+01  5.40464646e+02  2.75041191e+01
  5.30511532e+01  2.96129221e+01  4.03466417e+02 -4.80851815e+02
  9.42154259e+01 -2.72113130e+02  4.39438974e+02 -4.27796389e+02
  5.24013891e+02 -1.16171743e+02 -4.47296947e+02 -1.35243927e+02
  5.97455347e+02  3.55524136e+02 -9.59091825e+01 -5.39478280e+01
 -1.61536278e+02  1.57059090e+02  4.98922509e+02  1.45724040e+02
  8.62037505e+01  2.91770096e+02  2.15660253e+02  2.46048271e+02
  5.65536203e+00  5.14933229e+02 -5.78491685e+02 -2.92475409e+02
 -2.78847295e+02  5.33838961e+02 -5.08541951e+02 -5.21780234e+02
  5.16222298e+02 -5.23527706e+02  5.71572316e+02 -1.49717247e+01
  4.01428604e+01 -2.15675406e+02  4.92777774e+02 -3.80012553e+02
 -3.80373972e+02 -1.75422122e+02  1.76193997e+00 -1.32551615e+02
 -1.12549584e+02 -1.94539454e+02 -5.70694754e+02  1.93730811e+01
  1.19297710e+02  4.01157747e+01  3.56468842e+02  9.58802757e+01
  3.11345501e+02 -5.08694017e+02 -2.62231631e+02 -1.18628773e+02
  5.02048666e+02 -5.90381346e+02 -3.63109355e+02  1.93746998e+01
  1.70929294e+02 -2.81343240e+02 -3.70471974e+02  1.91944385e+02
 -3.09548755e+02  2.65848186e+02 -5.72697828e+02 -4.01844013e+02
  1.10794970e+02  5.03744995e+02  5.17155708e+02  2.18792179e+02
  6.61622061e+01  2.87961687e+02  2.33456657e+02 -3.79748486e+02
  3.18386125e+02 -9.36162156e+01 -1.91189406e+02  2.40410933e+02
 -3.94691115e+02 -5.26804369e+02 -4.84285417e+02  3.37584932e+02
  5.82771049e+02 -1.57668542e+02 -1.52141338e+02  4.25088619e+02
 -3.71635565e+02 -5.75956758e+02 -5.30403016e+02  2.73474170e+02
  2.85143377e+02  3.63405123e+02 -3.99001306e+02 -6.81677556e+01
 -2.43605725e+00 -3.39105841e+02  2.94262379e+02 -8.23436406e+01
 -2.36706555e+02  2.94557753e+02 -3.41707504e+01  1.57963008e+02
 -4.72193026e+02  4.92128837e+02 -4.83251826e+02 -4.87462006e+02
 -3.92770005e+02  4.52948360e+02  1.17590657e+02 -1.31381630e+02
  1.37303260e+02 -2.97739859e+02  3.07029155e+02  2.75779314e+02
 -2.62890520e+02 -2.44271442e+02 -3.31518601e+02 -5.56028013e+02
 -5.11021205e+02 -5.45658182e+02  2.01186732e+02  5.65076535e+02
  1.42671041e+01  6.37535392e+01  1.11233736e+02 -5.07654934e+02
  5.98939695e+02  7.44454066e+01 -4.33530368e+01 -2.21887066e+02
  4.85532659e+02 -4.99099876e+02 -5.41516157e+02 -3.19264392e+02
  5.30197295e+02  3.62332472e+02 -2.24488283e+02 -4.95283460e+02
 -1.47524468e+00  4.02899005e+02  5.13439743e+02  4.19759647e+02
  2.65674237e+02  2.58145365e+02  5.56747794e+02  8.29292587e+01
  7.88075610e+01  1.80327588e+02  1.97109829e+02  3.45567884e+02
  1.42959482e+02 -3.52872004e+02 -1.42262646e+01  4.02827813e+02
 -1.63138205e+02  2.25151423e+02 -3.69047496e+02  5.58791347e+02
 -1.05948322e+02 -3.14114488e+02 -3.06673725e+02 -3.50514812e+02
  4.11936792e+02  4.71259086e+02  2.88028103e+02  1.83596723e+02
 -7.53241364e+01  4.60514733e+02 -1.15522691e+02 -2.80161406e+02
 -6.85542520e+01  5.18599991e+02 -3.49772736e+01  3.28588247e+02
 -3.82824256e+02  2.41424357e+02 -2.77776515e+02 -7.56906328e+01
  5.84322206e+02  2.68959568e+02 -5.94090528e+02 -8.64042236e+01
 -1.10080412e+02  5.25275739e+02  2.00645204e+02 -5.80753249e+02
 -4.79681196e+02  4.35520182e+02  3.27202282e+02 -6.66023930e+01
 -1.30861113e+02 -5.53944897e+02 -3.13336123e+02 -4.57308384e+02
  5.41847736e+02  1.13755125e+02 -1.73271128e+02 -5.17696148e+02
 -2.25118323e+02 -4.22380023e+02  9.06944265e+01 -3.70504695e+01
 -3.19493911e+02 -7.70450382e+01  3.62807709e+02  4.77461562e+02
  4.07180966e+02  5.05086453e+01  1.84969646e+02 -2.70248233e+02
  5.77044000e+02  5.43841372e+02  4.08561537e+02 -1.01351256e+02
  2.32154855e+02 -4.11700092e+02 -1.78261555e+02  5.95217555e+02
  1.52315861e+02  2.08445182e+02 -2.40972808e+02 -2.63352830e+02
  3.73831006e+02 -1.00667636e+02 -6.28042605e+01 -5.86374497e+02
 -1.69933851e+01  1.91274902e+00 -5.33539680e+02 -2.37816117e+02
  3.22336202e+02 -8.34486225e+01 -5.94068871e+02  4.29412743e+02
 -2.51479598e+02  4.65101775e+02  5.45694335e+02  3.61525636e+02
 -5.94927979e+02  3.42433445e+02  4.30000771e+02 -1.74276712e+02
  5.66034468e+02  9.74118295e+00  4.34467611e+02 -2.05087809e+02
 -4.95999181e+02  2.25146990e+02  2.49618584e+02  1.47439034e+02
  5.96777438e+02  1.94851986e+02  1.45951320e+02 -2.45161305e+02
  1.75589070e+02  5.92022956e+02 -4.76444184e+02 -5.96454774e+02
  1.69061306e+02 -3.25225235e+02 -2.28475224e+02  2.53816610e+02
  5.94360119e+02  1.24721651e+02 -5.37222593e+02 -4.70900374e+02
 -4.07776846e+02 -3.99097543e+02 -5.83828525e+02  5.35768002e+02
 -5.90079547e+02 -1.69969394e+02 -5.91506508e+02  5.69487430e+02
  6.63789703e+01  4.36885760e+02  5.71596175e+02 -5.72223850e+02
 -8.65350607e+01 -2.86861661e+02  1.59042929e+02  2.98885309e+02
  5.01547517e+02 -5.57663578e+02 -4.22666155e+02  3.38971294e+02
 -3.51289879e+02 -2.34639893e+01 -3.46568035e+02 -5.58659878e+02
  2.92286716e+02 -3.62575124e+02  1.36791189e+02  4.63980380e+02
  4.84008463e+02  2.25962751e+02  7.54037400e+01  5.40846938e+02
  3.34835221e+02 -5.71821917e+02  9.80352659e+01 -4.01702008e+02
  4.69337762e+02  3.37828782e+02 -1.59427396e+02 -9.15312758e+01
 -1.96849019e+02  5.04928902e+02  1.79958156e+02 -3.16501579e+02
  4.77533830e+02  1.52577992e+02 -1.13154262e+02  2.88932888e+02
 -1.61898419e+02  4.32710128e+02  4.43379066e+02 -5.82143075e+02
 -2.20605477e+02 -5.70665177e+02 -1.96032738e+02  5.03379479e+02
 -2.19256183e+02  1.04900868e+01  1.03091013e+00  7.47847265e+01
  3.17745648e+02 -1.34871926e+02 -4.00143517e+02]
stepsize_vec:,[3.0e-01 3.0e-01 3.0e-01 3.0e-01 4.0e-08 5.0e-03 4.0e-02 3.0e-04 1.2e-04
 4.0e-05 2.0e-02 2.0e-01 1.0e-01 2.0e-01 1.5e-03 1.2e+02 1.2e+02 1.2e+02
 1.2e+02 1.2e+02 1.2e+02 1.2e+02 1.2e+02 1.2e+02 1.2e+02 1.2e+02 1.2e+02
 1.2e+02 1.2e+02 1.2e+02 1.2e+02 1.2e+02 1.2e+02 1.2e+02 1.2e+02 1.2e+02
 1.2e+02 1.2e+02 1.2e+02 1.2e+02 1.2e+02 1.2e+02 1.2e+02 1.2e+02 1.2e+02
 1.2e+02 1.2e+02 1.2e+02 1.2e+02 1.2e+02 1.2e+02 1.2e+02 1.2e+02 1.2e+02
 1.2e+02 1.2e+02 1.2e+02 1.2e+02 1.2e+02 1.2e+02 1.2e+02 1.2e+02 1.2e+02
 1.2e+02 1.2e+02 1.2e+02 1.2e+02 1.2e+02 1.2e+02 1.2e+02 1.2e+02 1.2e+02
 1.2e+02 1.2e+02 1.2e+02 1.2e+02 1.2e+02 1.2e+02 1.2e+02 1.2e+02 1.2e+02
 1.2e+02 1.2e+02 1.2e+02 1.2e+02 1.2e+02 1.2e+02 1.2e+02 1.2e+02 1.2e+02
 1.2e+02 1.2e+02 1.2e+02 1.2e+02 1.2e+02 1.2e+02 1.2e+02 1.2e+02 1.2e+02
 1.2e+02 1.2e+02 1.2e+02 1.2e+02 1.2e+02 1.2e+02 1.2e+02 1.2e+02 1.2e+02
 1.2e+02 1.2e+02 1.2e+02 1.2e+02 1.2e+02 1.2e+02 1.2e+02 1.2e+02 1.2e+02
 1.2e+02 1.2e+02 1.2e+02 1.2e+02 1.2e+02 1.2e+02 1.2e+02 1.2e+02 1.2e+02
 1.2e+02 1.2e+02 1.2e+02 1.2e+02 1.2e+02 1.2e+02 1.2e+02 1.2e+02 1.2e+02
 1.2e+02 1.2e+02 1.2e+02 1.2e+02 1.2e+02 1.2e+02 1.2e+02 1.2e+02 1.2e+02
 1.2e+02 1.2e+02 1.2e+02 1.2e+02 1.2e+02 1.2e+02 1.2e+02 1.2e+02 1.2e+02
 1.2e+02 1.2e+02 1.2e+02 1.2e+02 1.2e+02 1.2e+02 1.2e+02 1.2e+02 1.2e+02
 1.2e+02 1.2e+02 1.2e+02 1.2e+02 1.2e+02 1.2e+02 1.2e+02 1.2e+02 1.2e+02
 1.2e+02 1.2e+02 1.2e+02 1.2e+02 1.2e+02 1.2e+02 1.2e+02 1.2e+02 1.2e+02
 1.2e+02 1.2e+02 1.2e+02 1.2e+02 1.2e+02 1.2e+02 1.2e+02 1.2e+02 1.2e+02
 1.2e+02 1.2e+02 1.2e+02 1.2e+02 1.2e+02 1.2e+02 1.2e+02 1.2e+02 1.2e+02
 1.2e+02 1.2e+02 1.2e+02 1.2e+02 1.2e+02 1.2e+02 1.2e+02 1.2e+02 1.2e+02
 1.2e+02 1.2e+02 1.2e+02 1.2e+02 1.2e+02 1.2e+02 1.2e+02 1.2e+02 1.2e+02
 1.2e+02 1.2e+02 1.2e+02 1.2e+02 1.2e+02 1.2e+02 1.2e+02 1.2e+02 1.2e+02
 1.2e+02 1.2e+02 1.2e+02 1.2e+02 1.2e+02 1.2e+02 1.2e+02 1.2e+02 1.2e+02
 1.2e+02 1.2e+02 1.2e+02 1.2e+02 1.2e+02 1.2e+02 1.2e+02 1.2e+02 1.2e+02
 1.2e+02 1.2e+02 1.2e+02 1.2e+02 1.2e+02 1.2e+02 1.2e+02 1.2e+02 1.2e+02
 1.2e+02 1.2e+02 1.2e+02 1.2e+02 1.2e+02 1.2e+02 1.2e+02 1.2e+02 1.2e+02
 1.2e+02 1.2e+02 1.2e+02 1.2e+02 1.2e+02 1.2e+02 1.2e+02 1.2e+02 1.2e+02
 1.2e+02 1.2e+02 1.2e+02 1.2e+02 1.2e+02 1.2e+02 1.2e+02 1.2e+02 1.2e+02
 1.2e+02 1.2e+02 1.2e+02 1.2e+02 1.2e+02 1.2e+02 1.2e+02 1.2e+02 1.2e+02
 1.2e+02 1.2e+02 1.2e+02 1.2e+02 1.2e+02 1.2e+02 1.2e+02 1.2e+02 1.2e+02
 1.2e+02 1.2e+02 1.2e+02 1.2e+02 1.2e+02 1.2e+02 1.2e+02 1.2e+02 1.2e+02
 1.2e+02 1.2e+02 1.2e+02 1.2e+02 1.2e+02 1.2e+02 1.2e+02 1.2e+02 1.2e+02
 1.2e+02 1.2e+02 1.2e+02 1.2e+02 1.2e+02 1.2e+02 1.2e+02 1.2e+02 1.2e+02
 1.2e+02 1.2e+02 1.2e+02 1.2e+02 1.2e+02 1.2e+02 1.2e+02 1.2e+02 1.2e+02
 1.2e+02 1.2e+02 1.2e+02 1.2e+02 1.2e+02 1.2e+02 1.2e+02 1.2e+02 1.2e+02
 1.2e+02 1.2e+02 1.2e+02 1.2e+02 1.2e+02 1.2e+02 1.2e+02 1.2e+02 1.2e+02
 1.2e+02 1.2e+02 1.2e+02 1.2e+02 1.2e+02 1.2e+02 1.2e+02 1.2e+02 1.2e+02
 1.2e+02 1.2e+02 1.2e+02 1.2e+02 1.2e+02 1.2e+02 1.2e+02 1.2e+02 1.2e+02
 1.2e+02 1.2e+02 1.2e+02 1.2e+02 1.2e+02 1.2e+02 1.2e+02 1.2e+02 1.2e+02
 1.2e+02 1.2e+02 1.2e+02 1.2e+02 1.2e+02 1.2e+02 1.2e+02 1.2e+02 1.2e+02
 1.2e+02 1.2e+02 1.2e+02 1.2e+02 1.2e+02 1.2e+02 1.2e+02 1.2e+02 1.2e+02
 1.2e+02 1.2e+02 1.2e+02 1.2e+02 1.2e+02 1.2e+02 1.2e+02 1.2e+02 1.2e+02
 1.2e+02 1.2e+02 1.2e+02 1.2e+02 1.2e+02 1.2e+02 1.2e+02 1.2e+02 1.2e+02
 1.2e+02]
step_ratio_vec:,[0.1 0.1 0.1 0.1 0.1 0.1 0.1 0.1 0.1 0.1 0.1 0.1 0.1 0.1 0.1 0.1 0.1 0.1
 0.1 0.1 0.1 0.1 0.1 0.1 0.1 0.1 0.1 0.1 0.1 0.1 0.1 0.1 0.1 0.1 0.1 0.1
 0.1 0.1 0.1 0.1 0.1 0.1 0.1 0.1 0.1 0.1 0.1 0.1 0.1 0.1 0.1 0.1 0.1 0.1
 0.1 0.1 0.1 0.1 0.1 0.1 0.1 0.1 0.1 0.1 0.1 0.1 0.1 0.1 0.1 0.1 0.1 0.1
 0.1 0.1 0.1 0.1 0.1 0.1 0.1 0.1 0.1 0.1 0.1 0.1 0.1 0.1 0.1 0.1 0.1 0.1
 0.1 0.1 0.1 0.1 0.1 0.1 0.1 0.1 0.1 0.1 0.1 0.1 0.1 0.1 0.1 0.1 0.1 0.1
 0.1 0.1 0.1 0.1 0.1 0.1 0.1 0.1 0.1 0.1 0.1 0.1 0.1 0.1 0.1 0.1 0.1 0.1
 0.1 0.1 0.1 0.1 0.1 0.1 0.1 0.1 0.1 0.1 0.1 0.1 0.1 0.1 0.1 0.1 0.1 0.1
 0.1 0.1 0.1 0.1 0.1 0.1 0.1 0.1 0.1 0.1 0.1 0.1 0.1 0.1 0.1 0.1 0.1 0.1
 0.1 0.1 0.1 0.1 0.1 0.1 0.1 0.1 0.1 0.1 0.1 0.1 0.1 0.1 0.1 0.1 0.1 0.1
 0.1 0.1 0.1 0.1 0.1 0.1 0.1 0.1 0.1 0.1 0.1 0.1 0.1 0.1 0.1 0.1 0.1 0.1
 0.1 0.1 0.1 0.1 0.1 0.1 0.1 0.1 0.1 0.1 0.1 0.1 0.1 0.1 0.1 0.1 0.1 0.1
 0.1 0.1 0.1 0.1 0.1 0.1 0.1 0.1 0.1 0.1 0.1 0.1 0.1 0.1 0.1 0.1 0.1 0.1
 0.1 0.1 0.1 0.1 0.1 0.1 0.1 0.1 0.1 0.1 0.1 0.1 0.1 0.1 0.1 0.1 0.1 0.1
 0.1 0.1 0.1 0.1 0.1 0.1 0.1 0.1 0.1 0.1 0.1 0.1 0.1 0.1 0.1 0.1 0.1 0.1
 0.1 0.1 0.1 0.1 0.1 0.1 0.1 0.1 0.1 0.1 0.1 0.1 0.1 0.1 0.1 0.1 0.1 0.1
 0.1 0.1 0.1 0.1 0.1 0.1 0.1 0.1 0.1 0.1 0.1 0.1 0.1 0.1 0.1 0.1 0.1 0.1
 0.1 0.1 0.1 0.1 0.1 0.1 0.1 0.1 0.1 0.1 0.1 0.1 0.1 0.1 0.1 0.1 0.1 0.1
 0.1 0.1 0.1 0.1 0.1 0.1 0.1 0.1 0.1 0.1 0.1 0.1 0.1 0.1 0.1 0.1 0.1 0.1
 0.1 0.1 0.1 0.1 0.1 0.1 0.1 0.1 0.1 0.1 0.1 0.1 0.1 0.1 0.1 0.1 0.1 0.1
 0.1 0.1 0.1 0.1 0.1 0.1 0.1 0.1 0.1 0.1 0.1 0.1 0.1 0.1 0.1 0.1 0.1 0.1
 0.1 0.1 0.1 0.1 0.1 0.1 0.1 0.1 0.1 0.1 0.1 0.1 0.1 0.1 0.1 0.1 0.1 0.1
 0.1 0.1 0.1 0.1 0.1 0.1 0.1 0.1 0.1 0.1 0.1 0.1 0.1 0.1 0.1 0.1 0.1 0.1
 0.1]
swap interval:,400
sim interval:,[-1.1175e+08 -7.4500e+07 -3.7250e+07  0.0000e+00]
likelihood_sed (T/F):,True
erodep_coords:,[[ 0  3]
 [42 94]
 [42 95]
 ...
 [96 78]
 [96 79]
 [96 80]]
sed scaling factor:,1
samples_per_chain:,50
burnin:,0.35
num params:,415
initial_proposed_vec:,[ 1.02900043e+00  1.89759214e+00  1.30846877e+00  2.08714568e+00
  9.51108378e-07  5.41661290e-01  8.00254853e-01  4.17540834e-03
  8.75748131e-04  1.12440840e-03  5.46252110e-01  5.28083840e+00
  2.40016355e+04  5.83602124e+00  9.44786491e-03  1.43702546e+02
 -5.03324986e+02 -7.24916801e+01 -1.41395931e+02  4.66942001e+02
  1.32972537e+02 -2.84252952e+02 -1.08138434e+02 -1.29231029e+02
 -5.29100137e+02 -1.85602513e+02  5.99781191e+02  4.56064634e+02
 -1.51866105e+02 -5.20416249e+02 -3.44940928e+02 -2.81996366e+02
 -3.84369463e+02  5.21037837e+02  1.23362076e+02 -1.96831447e+02
 -1.84061231e+02 -2.09326285e+02 -1.09807104e+02  4.26137862e+02
 -5.54571222e+02  1.20017481e+02  5.31304583e+02  1.00868841e+02
  5.31928471e+02  2.00455395e+02 -5.45144923e+02 -2.53484373e+01
  9.06199678e+01  3.70336821e+01  5.07401306e+02  8.53310408e+00
 -2.22083563e+02  4.83159574e+02  5.83889108e+02 -2.82801646e+02
  4.44403797e+02  3.87516274e+02  1.99583279e+02  5.00345862e+02
 -3.54930168e+02  3.20254068e+02 -2.54414608e+02  7.21485166e+01
  1.91240329e+02  3.70704336e+02 -1.44970503e+02 -1.58504734e+02
 -2.92272093e+02 -3.35167312e+02 -2.12243236e+02  8.91539036e+01
  8.96581920e+01  5.58526508e+02  1.02714248e+02  4.86443553e+02
 -4.99777459e+02  1.67758472e+02 -1.06091019e+02 -8.95421697e+01
 -1.66547195e+02  5.03393164e+01  5.40464646e+02  2.75041191e+01
  5.30511532e+01  2.96129221e+01  4.03466417e+02 -4.80851815e+02
  9.42154259e+01 -2.72113130e+02  4.39438974e+02 -4.27796389e+02
  5.24013891e+02 -1.16171743e+02 -4.47296947e+02 -1.35243927e+02
  5.97455347e+02  3.55524136e+02 -9.59091825e+01 -5.39478280e+01
 -1.61536278e+02  1.57059090e+02  4.98922509e+02  1.45724040e+02
  8.62037505e+01  2.91770096e+02  2.15660253e+02  2.46048271e+02
  5.65536203e+00  5.14933229e+02 -5.78491685e+02 -2.92475409e+02
 -2.78847295e+02  5.33838961e+02 -5.08541951e+02 -5.21780234e+02
  5.16222298e+02 -5.23527706e+02  5.71572316e+02 -1.49717247e+01
  4.01428604e+01 -2.15675406e+02  4.92777774e+02 -3.80012553e+02
 -3.80373972e+02 -1.75422122e+02  1.76193997e+00 -1.32551615e+02
 -1.12549584e+02 -1.94539454e+02 -5.70694754e+02  1.93730811e+01
  1.19297710e+02  4.01157747e+01  3.56468842e+02  9.58802757e+01
  3.11345501e+02 -5.08694017e+02 -2.62231631e+02 -1.18628773e+02
  5.02048666e+02 -5.90381346e+02 -3.63109355e+02  1.93746998e+01
  1.70929294e+02 -2.81343240e+02 -3.70471974e+02  1.91944385e+02
 -3.09548755e+02  2.65848186e+02 -5.72697828e+02 -4.01844013e+02
  1.10794970e+02  5.03744995e+02  5.17155708e+02  2.18792179e+02
  6.61622061e+01  2.87961687e+02  2.33456657e+02 -3.79748486e+02
  3.18386125e+02 -9.36162156e+01 -1.91189406e+02  2.40410933e+02
 -3.94691115e+02 -5.26804369e+02 -4.84285417e+02  3.37584932e+02
  5.82771049e+02 -1.57668542e+02 -1.52141338e+02  4.25088619e+02
 -3.71635565e+02 -5.75956758e+02 -5.30403016e+02  2.73474170e+02
  2.85143377e+02  3.63405123e+02 -3.99001306e+02 -6.81677556e+01
 -2.43605725e+00 -3.39105841e+02  2.94262379e+02 -8.23436406e+01
 -2.36706555e+02  2.94557753e+02 -3.41707504e+01  1.57963008e+02
 -4.72193026e+02  4.92128837e+02 -4.83251826e+02 -4.87462006e+02
 -3.92770005e+02  4.52948360e+02  1.17590657e+02 -1.31381630e+02
  1.37303260e+02 -2.97739859e+02  3.07029155e+02  2.75779314e+02
 -2.62890520e+02 -2.44271442e+02 -3.31518601e+02 -5.56028013e+02
 -5.11021205e+02 -5.45658182e+02  2.01186732e+02  5.65076535e+02
  1.42671041e+01  6.37535392e+01  1.11233736e+02 -5.07654934e+02
  5.98939695e+02  7.44454066e+01 -4.33530368e+01 -2.21887066e+02
  4.85532659e+02 -4.99099876e+02 -5.41516157e+02 -3.19264392e+02
  5.30197295e+02  3.62332472e+02 -2.24488283e+02 -4.95283460e+02
 -1.47524468e+00  4.02899005e+02  5.13439743e+02  4.19759647e+02
  2.65674237e+02  2.58145365e+02  5.56747794e+02  8.29292587e+01
  7.88075610e+01  1.80327588e+02  1.97109829e+02  3.45567884e+02
  1.42959482e+02 -3.52872004e+02 -1.42262646e+01  4.02827813e+02
 -1.63138205e+02  2.25151423e+02 -3.69047496e+02  5.58791347e+02
 -1.05948322e+02 -3.14114488e+02 -3.06673725e+02 -3.50514812e+02
  4.11936792e+02  4.71259086e+02  2.88028103e+02  1.83596723e+02
 -7.53241364e+01  4.60514733e+02 -1.15522691e+02 -2.80161406e+02
 -6.85542520e+01  5.18599991e+02 -3.49772736e+01  3.28588247e+02
 -3.82824256e+02  2.41424357e+02 -2.77776515e+02 -7.56906328e+01
  5.84322206e+02  2.68959568e+02 -5.94090528e+02 -8.64042236e+01
 -1.10080412e+02  5.25275739e+02  2.00645204e+02 -5.80753249e+02
 -4.79681196e+02  4.35520182e+02  3.27202282e+02 -6.66023930e+01
 -1.30861113e+02 -5.53944897e+02 -3.13336123e+02 -4.57308384e+02
  5.41847736e+02  1.13755125e+02 -1.73271128e+02 -5.17696148e+02
 -2.25118323e+02 -4.22380023e+02  9.06944265e+01 -3.70504695e+01
 -3.19493911e+02 -7.70450382e+01  3.62807709e+02  4.77461562e+02
  4.07180966e+02  5.05086453e+01  1.84969646e+02 -2.70248233e+02
  5.77044000e+02  5.43841372e+02  4.08561537e+02 -1.01351256e+02
  2.32154855e+02 -4.11700092e+02 -1.78261555e+02  5.95217555e+02
  1.52315861e+02  2.08445182e+02 -2.40972808e+02 -2.63352830e+02
  3.73831006e+02 -1.00667636e+02 -6.28042605e+01 -5.86374497e+02
 -1.69933851e+01  1.91274902e+00 -5.33539680e+02 -2.37816117e+02
  3.22336202e+02 -8.34486225e+01 -5.94068871e+02  4.29412743e+02
 -2.51479598e+02  4.65101775e+02  5.45694335e+02  3.61525636e+02
 -5.94927979e+02  3.42433445e+02  4.30000771e+02 -1.74276712e+02
  5.66034468e+02  9.74118295e+00  4.34467611e+02 -2.05087809e+02
 -4.95999181e+02  2.25146990e+02  2.49618584e+02  1.47439034e+02
  5.96777438e+02  1.94851986e+02  1.45951320e+02 -2.45161305e+02
  1.75589070e+02  5.92022956e+02 -4.76444184e+02 -5.96454774e+02
  1.69061306e+02 -3.25225235e+02 -2.28475224e+02  2.53816610e+02
  5.94360119e+02  1.24721651e+02 -5.37222593e+02 -4.70900374e+02
 -4.07776846e+02 -3.99097543e+02 -5.83828525e+02  5.35768002e+02
 -5.90079547e+02 -1.69969394e+02 -5.91506508e+02  5.69487430e+02
  6.63789703e+01  4.36885760e+02  5.71596175e+02 -5.72223850e+02
 -8.65350607e+01 -2.86861661e+02  1.59042929e+02  2.98885309e+02
  5.01547517e+02 -5.57663578e+02 -4.22666155e+02  3.38971294e+02
 -3.51289879e+02 -2.34639893e+01 -3.46568035e+02 -5.58659878e+02
  2.92286716e+02 -3.62575124e+02  1.36791189e+02  4.63980380e+02
  4.84008463e+02  2.25962751e+02  7.54037400e+01  5.40846938e+02
  3.34835221e+02 -5.71821917e+02  9.80352659e+01 -4.01702008e+02
  4.69337762e+02  3.37828782e+02 -1.59427396e+02 -9.15312758e+01
 -1.96849019e+02  5.04928902e+02  1.79958156e+02 -3.16501579e+02
  4.77533830e+02  1.52577992e+02 -1.13154262e+02  2.88932888e+02
 -1.61898419e+02  4.32710128e+02  4.43379066e+02 -5.82143075e+02
 -2.20605477e+02 -5.70665177e+02 -1.96032738e+02  5.03379479e+02
 -2.19256183e+02  1.04900868e+01  1.03091013e+00  7.47847265e+01
  3.17745648e+02 -1.34871926e+02 -4.00143517e+02]
stepsize_vec:,[3.0e-01 3.0e-01 3.0e-01 3.0e-01 4.0e-08 5.0e-03 4.0e-02 3.0e-04 1.2e-04
 4.0e-05 2.0e-02 2.0e-01 1.0e-01 2.0e-01 1.5e-03 1.2e+02 1.2e+02 1.2e+02
 1.2e+02 1.2e+02 1.2e+02 1.2e+02 1.2e+02 1.2e+02 1.2e+02 1.2e+02 1.2e+02
 1.2e+02 1.2e+02 1.2e+02 1.2e+02 1.2e+02 1.2e+02 1.2e+02 1.2e+02 1.2e+02
 1.2e+02 1.2e+02 1.2e+02 1.2e+02 1.2e+02 1.2e+02 1.2e+02 1.2e+02 1.2e+02
 1.2e+02 1.2e+02 1.2e+02 1.2e+02 1.2e+02 1.2e+02 1.2e+02 1.2e+02 1.2e+02
 1.2e+02 1.2e+02 1.2e+02 1.2e+02 1.2e+02 1.2e+02 1.2e+02 1.2e+02 1.2e+02
 1.2e+02 1.2e+02 1.2e+02 1.2e+02 1.2e+02 1.2e+02 1.2e+02 1.2e+02 1.2e+02
 1.2e+02 1.2e+02 1.2e+02 1.2e+02 1.2e+02 1.2e+02 1.2e+02 1.2e+02 1.2e+02
 1.2e+02 1.2e+02 1.2e+02 1.2e+02 1.2e+02 1.2e+02 1.2e+02 1.2e+02 1.2e+02
 1.2e+02 1.2e+02 1.2e+02 1.2e+02 1.2e+02 1.2e+02 1.2e+02 1.2e+02 1.2e+02
 1.2e+02 1.2e+02 1.2e+02 1.2e+02 1.2e+02 1.2e+02 1.2e+02 1.2e+02 1.2e+02
 1.2e+02 1.2e+02 1.2e+02 1.2e+02 1.2e+02 1.2e+02 1.2e+02 1.2e+02 1.2e+02
 1.2e+02 1.2e+02 1.2e+02 1.2e+02 1.2e+02 1.2e+02 1.2e+02 1.2e+02 1.2e+02
 1.2e+02 1.2e+02 1.2e+02 1.2e+02 1.2e+02 1.2e+02 1.2e+02 1.2e+02 1.2e+02
 1.2e+02 1.2e+02 1.2e+02 1.2e+02 1.2e+02 1.2e+02 1.2e+02 1.2e+02 1.2e+02
 1.2e+02 1.2e+02 1.2e+02 1.2e+02 1.2e+02 1.2e+02 1.2e+02 1.2e+02 1.2e+02
 1.2e+02 1.2e+02 1.2e+02 1.2e+02 1.2e+02 1.2e+02 1.2e+02 1.2e+02 1.2e+02
 1.2e+02 1.2e+02 1.2e+02 1.2e+02 1.2e+02 1.2e+02 1.2e+02 1.2e+02 1.2e+02
 1.2e+02 1.2e+02 1.2e+02 1.2e+02 1.2e+02 1.2e+02 1.2e+02 1.2e+02 1.2e+02
 1.2e+02 1.2e+02 1.2e+02 1.2e+02 1.2e+02 1.2e+02 1.2e+02 1.2e+02 1.2e+02
 1.2e+02 1.2e+02 1.2e+02 1.2e+02 1.2e+02 1.2e+02 1.2e+02 1.2e+02 1.2e+02
 1.2e+02 1.2e+02 1.2e+02 1.2e+02 1.2e+02 1.2e+02 1.2e+02 1.2e+02 1.2e+02
 1.2e+02 1.2e+02 1.2e+02 1.2e+02 1.2e+02 1.2e+02 1.2e+02 1.2e+02 1.2e+02
 1.2e+02 1.2e+02 1.2e+02 1.2e+02 1.2e+02 1.2e+02 1.2e+02 1.2e+02 1.2e+02
 1.2e+02 1.2e+02 1.2e+02 1.2e+02 1.2e+02 1.2e+02 1.2e+02 1.2e+02 1.2e+02
 1.2e+02 1.2e+02 1.2e+02 1.2e+02 1.2e+02 1.2e+02 1.2e+02 1.2e+02 1.2e+02
 1.2e+02 1.2e+02 1.2e+02 1.2e+02 1.2e+02 1.2e+02 1.2e+02 1.2e+02 1.2e+02
 1.2e+02 1.2e+02 1.2e+02 1.2e+02 1.2e+02 1.2e+02 1.2e+02 1.2e+02 1.2e+02
 1.2e+02 1.2e+02 1.2e+02 1.2e+02 1.2e+02 1.2e+02 1.2e+02 1.2e+02 1.2e+02
 1.2e+02 1.2e+02 1.2e+02 1.2e+02 1.2e+02 1.2e+02 1.2e+02 1.2e+02 1.2e+02
 1.2e+02 1.2e+02 1.2e+02 1.2e+02 1.2e+02 1.2e+02 1.2e+02 1.2e+02 1.2e+02
 1.2e+02 1.2e+02 1.2e+02 1.2e+02 1.2e+02 1.2e+02 1.2e+02 1.2e+02 1.2e+02
 1.2e+02 1.2e+02 1.2e+02 1.2e+02 1.2e+02 1.2e+02 1.2e+02 1.2e+02 1.2e+02
 1.2e+02 1.2e+02 1.2e+02 1.2e+02 1.2e+02 1.2e+02 1.2e+02 1.2e+02 1.2e+02
 1.2e+02 1.2e+02 1.2e+02 1.2e+02 1.2e+02 1.2e+02 1.2e+02 1.2e+02 1.2e+02
 1.2e+02 1.2e+02 1.2e+02 1.2e+02 1.2e+02 1.2e+02 1.2e+02 1.2e+02 1.2e+02
 1.2e+02 1.2e+02 1.2e+02 1.2e+02 1.2e+02 1.2e+02 1.2e+02 1.2e+02 1.2e+02
 1.2e+02 1.2e+02 1.2e+02 1.2e+02 1.2e+02 1.2e+02 1.2e+02 1.2e+02 1.2e+02
 1.2e+02 1.2e+02 1.2e+02 1.2e+02 1.2e+02 1.2e+02 1.2e+02 1.2e+02 1.2e+02
 1.2e+02 1.2e+02 1.2e+02 1.2e+02 1.2e+02 1.2e+02 1.2e+02 1.2e+02 1.2e+02
 1.2e+02 1.2e+02 1.2e+02 1.2e+02 1.2e+02 1.2e+02 1.2e+02 1.2e+02 1.2e+02
 1.2e+02 1.2e+02 1.2e+02 1.2e+02 1.2e+02 1.2e+02 1.2e+02 1.2e+02 1.2e+02
 1.2e+02 1.2e+02 1.2e+02 1.2e+02 1.2e+02 1.2e+02 1.2e+02 1.2e+02 1.2e+02
 1.2e+02 1.2e+02 1.2e+02 1.2e+02 1.2e+02 1.2e+02 1.2e+02 1.2e+02 1.2e+02
 1.2e+02 1.2e+02 1.2e+02 1.2e+02 1.2e+02 1.2e+02 1.2e+02 1.2e+02 1.2e+02
 1.2e+02]
step_ratio_vec:,[0.1 0.1 0.1 0.1 0.1 0.1 0.1 0.1 0.1 0.1 0.1 0.1 0.1 0.1 0.1 0.1 0.1 0.1
 0.1 0.1 0.1 0.1 0.1 0.1 0.1 0.1 0.1 0.1 0.1 0.1 0.1 0.1 0.1 0.1 0.1 0.1
 0.1 0.1 0.1 0.1 0.1 0.1 0.1 0.1 0.1 0.1 0.1 0.1 0.1 0.1 0.1 0.1 0.1 0.1
 0.1 0.1 0.1 0.1 0.1 0.1 0.1 0.1 0.1 0.1 0.1 0.1 0.1 0.1 0.1 0.1 0.1 0.1
 0.1 0.1 0.1 0.1 0.1 0.1 0.1 0.1 0.1 0.1 0.1 0.1 0.1 0.1 0.1 0.1 0.1 0.1
 0.1 0.1 0.1 0.1 0.1 0.1 0.1 0.1 0.1 0.1 0.1 0.1 0.1 0.1 0.1 0.1 0.1 0.1
 0.1 0.1 0.1 0.1 0.1 0.1 0.1 0.1 0.1 0.1 0.1 0.1 0.1 0.1 0.1 0.1 0.1 0.1
 0.1 0.1 0.1 0.1 0.1 0.1 0.1 0.1 0.1 0.1 0.1 0.1 0.1 0.1 0.1 0.1 0.1 0.1
 0.1 0.1 0.1 0.1 0.1 0.1 0.1 0.1 0.1 0.1 0.1 0.1 0.1 0.1 0.1 0.1 0.1 0.1
 0.1 0.1 0.1 0.1 0.1 0.1 0.1 0.1 0.1 0.1 0.1 0.1 0.1 0.1 0.1 0.1 0.1 0.1
 0.1 0.1 0.1 0.1 0.1 0.1 0.1 0.1 0.1 0.1 0.1 0.1 0.1 0.1 0.1 0.1 0.1 0.1
 0.1 0.1 0.1 0.1 0.1 0.1 0.1 0.1 0.1 0.1 0.1 0.1 0.1 0.1 0.1 0.1 0.1 0.1
 0.1 0.1 0.1 0.1 0.1 0.1 0.1 0.1 0.1 0.1 0.1 0.1 0.1 0.1 0.1 0.1 0.1 0.1
 0.1 0.1 0.1 0.1 0.1 0.1 0.1 0.1 0.1 0.1 0.1 0.1 0.1 0.1 0.1 0.1 0.1 0.1
 0.1 0.1 0.1 0.1 0.1 0.1 0.1 0.1 0.1 0.1 0.1 0.1 0.1 0.1 0.1 0.1 0.1 0.1
 0.1 0.1 0.1 0.1 0.1 0.1 0.1 0.1 0.1 0.1 0.1 0.1 0.1 0.1 0.1 0.1 0.1 0.1
 0.1 0.1 0.1 0.1 0.1 0.1 0.1 0.1 0.1 0.1 0.1 0.1 0.1 0.1 0.1 0.1 0.1 0.1
 0.1 0.1 0.1 0.1 0.1 0.1 0.1 0.1 0.1 0.1 0.1 0.1 0.1 0.1 0.1 0.1 0.1 0.1
 0.1 0.1 0.1 0.1 0.1 0.1 0.1 0.1 0.1 0.1 0.1 0.1 0.1 0.1 0.1 0.1 0.1 0.1
 0.1 0.1 0.1 0.1 0.1 0.1 0.1 0.1 0.1 0.1 0.1 0.1 0.1 0.1 0.1 0.1 0.1 0.1
 0.1 0.1 0.1 0.1 0.1 0.1 0.1 0.1 0.1 0.1 0.1 0.1 0.1 0.1 0.1 0.1 0.1 0.1
 0.1 0.1 0.1 0.1 0.1 0.1 0.1 0.1 0.1 0.1 0.1 0.1 0.1 0.1 0.1 0.1 0.1 0.1
 0.1 0.1 0.1 0.1 0.1 0.1 0.1 0.1 0.1 0.1 0.1 0.1 0.1 0.1 0.1 0.1 0.1 0.1
 0.1]
swap interval:,400
sim interval:,[-1.1175e+08 -7.4500e+07 -3.7250e+07  0.0000e+00]
likelihood_sed (T/F):,True
erodep_coords:,[[ 0  3]
 [42 94]
 [42 95]
 ...
 [96 78]
 [96 79]
 [96 80]]
sed scaling factor:,1
samples_per_chain:,50
burnin:,0.35
num params:,415
initial_proposed_vec:,[ 1.02900043e+00  1.89759214e+00  1.30846877e+00  2.08714568e+00
  9.51108378e-07  5.41661290e-01  8.00254853e-01  4.17540834e-03
  8.75748131e-04  1.12440840e-03  5.46252110e-01  5.28083840e+00
  2.40016355e+04  5.83602124e+00  9.44786491e-03  1.43702546e+02
 -5.03324986e+02 -7.24916801e+01 -1.41395931e+02  4.66942001e+02
  1.32972537e+02 -2.84252952e+02 -1.08138434e+02 -1.29231029e+02
 -5.29100137e+02 -1.85602513e+02  5.99781191e+02  4.56064634e+02
 -1.51866105e+02 -5.20416249e+02 -3.44940928e+02 -2.81996366e+02
 -3.84369463e+02  5.21037837e+02  1.23362076e+02 -1.96831447e+02
 -1.84061231e+02 -2.09326285e+02 -1.09807104e+02  4.26137862e+02
 -5.54571222e+02  1.20017481e+02  5.31304583e+02  1.00868841e+02
  5.31928471e+02  2.00455395e+02 -5.45144923e+02 -2.53484373e+01
  9.06199678e+01  3.70336821e+01  5.07401306e+02  8.53310408e+00
 -2.22083563e+02  4.83159574e+02  5.83889108e+02 -2.82801646e+02
  4.44403797e+02  3.87516274e+02  1.99583279e+02  5.00345862e+02
 -3.54930168e+02  3.20254068e+02 -2.54414608e+02  7.21485166e+01
  1.91240329e+02  3.70704336e+02 -1.44970503e+02 -1.58504734e+02
 -2.92272093e+02 -3.35167312e+02 -2.12243236e+02  8.91539036e+01
  8.96581920e+01  5.58526508e+02  1.02714248e+02  4.86443553e+02
 -4.99777459e+02  1.67758472e+02 -1.06091019e+02 -8.95421697e+01
 -1.66547195e+02  5.03393164e+01  5.40464646e+02  2.75041191e+01
  5.30511532e+01  2.96129221e+01  4.03466417e+02 -4.80851815e+02
  9.42154259e+01 -2.72113130e+02  4.39438974e+02 -4.27796389e+02
  5.24013891e+02 -1.16171743e+02 -4.47296947e+02 -1.35243927e+02
  5.97455347e+02  3.55524136e+02 -9.59091825e+01 -5.39478280e+01
 -1.61536278e+02  1.57059090e+02  4.98922509e+02  1.45724040e+02
  8.62037505e+01  2.91770096e+02  2.15660253e+02  2.46048271e+02
  5.65536203e+00  5.14933229e+02 -5.78491685e+02 -2.92475409e+02
 -2.78847295e+02  5.33838961e+02 -5.08541951e+02 -5.21780234e+02
  5.16222298e+02 -5.23527706e+02  5.71572316e+02 -1.49717247e+01
  4.01428604e+01 -2.15675406e+02  4.92777774e+02 -3.80012553e+02
 -3.80373972e+02 -1.75422122e+02  1.76193997e+00 -1.32551615e+02
 -1.12549584e+02 -1.94539454e+02 -5.70694754e+02  1.93730811e+01
  1.19297710e+02  4.01157747e+01  3.56468842e+02  9.58802757e+01
  3.11345501e+02 -5.08694017e+02 -2.62231631e+02 -1.18628773e+02
  5.02048666e+02 -5.90381346e+02 -3.63109355e+02  1.93746998e+01
  1.70929294e+02 -2.81343240e+02 -3.70471974e+02  1.91944385e+02
 -3.09548755e+02  2.65848186e+02 -5.72697828e+02 -4.01844013e+02
  1.10794970e+02  5.03744995e+02  5.17155708e+02  2.18792179e+02
  6.61622061e+01  2.87961687e+02  2.33456657e+02 -3.79748486e+02
  3.18386125e+02 -9.36162156e+01 -1.91189406e+02  2.40410933e+02
 -3.94691115e+02 -5.26804369e+02 -4.84285417e+02  3.37584932e+02
  5.82771049e+02 -1.57668542e+02 -1.52141338e+02  4.25088619e+02
 -3.71635565e+02 -5.75956758e+02 -5.30403016e+02  2.73474170e+02
  2.85143377e+02  3.63405123e+02 -3.99001306e+02 -6.81677556e+01
 -2.43605725e+00 -3.39105841e+02  2.94262379e+02 -8.23436406e+01
 -2.36706555e+02  2.94557753e+02 -3.41707504e+01  1.57963008e+02
 -4.72193026e+02  4.92128837e+02 -4.83251826e+02 -4.87462006e+02
 -3.92770005e+02  4.52948360e+02  1.17590657e+02 -1.31381630e+02
  1.37303260e+02 -2.97739859e+02  3.07029155e+02  2.75779314e+02
 -2.62890520e+02 -2.44271442e+02 -3.31518601e+02 -5.56028013e+02
 -5.11021205e+02 -5.45658182e+02  2.01186732e+02  5.65076535e+02
  1.42671041e+01  6.37535392e+01  1.11233736e+02 -5.07654934e+02
  5.98939695e+02  7.44454066e+01 -4.33530368e+01 -2.21887066e+02
  4.85532659e+02 -4.99099876e+02 -5.41516157e+02 -3.19264392e+02
  5.30197295e+02  3.62332472e+02 -2.24488283e+02 -4.95283460e+02
 -1.47524468e+00  4.02899005e+02  5.13439743e+02  4.19759647e+02
  2.65674237e+02  2.58145365e+02  5.56747794e+02  8.29292587e+01
  7.88075610e+01  1.80327588e+02  1.97109829e+02  3.45567884e+02
  1.42959482e+02 -3.52872004e+02 -1.42262646e+01  4.02827813e+02
 -1.63138205e+02  2.25151423e+02 -3.69047496e+02  5.58791347e+02
 -1.05948322e+02 -3.14114488e+02 -3.06673725e+02 -3.50514812e+02
  4.11936792e+02  4.71259086e+02  2.88028103e+02  1.83596723e+02
 -7.53241364e+01  4.60514733e+02 -1.15522691e+02 -2.80161406e+02
 -6.85542520e+01  5.18599991e+02 -3.49772736e+01  3.28588247e+02
 -3.82824256e+02  2.41424357e+02 -2.77776515e+02 -7.56906328e+01
  5.84322206e+02  2.68959568e+02 -5.94090528e+02 -8.64042236e+01
 -1.10080412e+02  5.25275739e+02  2.00645204e+02 -5.80753249e+02
 -4.79681196e+02  4.35520182e+02  3.27202282e+02 -6.66023930e+01
 -1.30861113e+02 -5.53944897e+02 -3.13336123e+02 -4.57308384e+02
  5.41847736e+02  1.13755125e+02 -1.73271128e+02 -5.17696148e+02
 -2.25118323e+02 -4.22380023e+02  9.06944265e+01 -3.70504695e+01
 -3.19493911e+02 -7.70450382e+01  3.62807709e+02  4.77461562e+02
  4.07180966e+02  5.05086453e+01  1.84969646e+02 -2.70248233e+02
  5.77044000e+02  5.43841372e+02  4.08561537e+02 -1.01351256e+02
  2.32154855e+02 -4.11700092e+02 -1.78261555e+02  5.95217555e+02
  1.52315861e+02  2.08445182e+02 -2.40972808e+02 -2.63352830e+02
  3.73831006e+02 -1.00667636e+02 -6.28042605e+01 -5.86374497e+02
 -1.69933851e+01  1.91274902e+00 -5.33539680e+02 -2.37816117e+02
  3.22336202e+02 -8.34486225e+01 -5.94068871e+02  4.29412743e+02
 -2.51479598e+02  4.65101775e+02  5.45694335e+02  3.61525636e+02
 -5.94927979e+02  3.42433445e+02  4.30000771e+02 -1.74276712e+02
  5.66034468e+02  9.74118295e+00  4.34467611e+02 -2.05087809e+02
 -4.95999181e+02  2.25146990e+02  2.49618584e+02  1.47439034e+02
  5.96777438e+02  1.94851986e+02  1.45951320e+02 -2.45161305e+02
  1.75589070e+02  5.92022956e+02 -4.76444184e+02 -5.96454774e+02
  1.69061306e+02 -3.25225235e+02 -2.28475224e+02  2.53816610e+02
  5.94360119e+02  1.24721651e+02 -5.37222593e+02 -4.70900374e+02
 -4.07776846e+02 -3.99097543e+02 -5.83828525e+02  5.35768002e+02
 -5.90079547e+02 -1.69969394e+02 -5.91506508e+02  5.69487430e+02
  6.63789703e+01  4.36885760e+02  5.71596175e+02 -5.72223850e+02
 -8.65350607e+01 -2.86861661e+02  1.59042929e+02  2.98885309e+02
  5.01547517e+02 -5.57663578e+02 -4.22666155e+02  3.38971294e+02
 -3.51289879e+02 -2.34639893e+01 -3.46568035e+02 -5.58659878e+02
  2.92286716e+02 -3.62575124e+02  1.36791189e+02  4.63980380e+02
  4.84008463e+02  2.25962751e+02  7.54037400e+01  5.40846938e+02
  3.34835221e+02 -5.71821917e+02  9.80352659e+01 -4.01702008e+02
  4.69337762e+02  3.37828782e+02 -1.59427396e+02 -9.15312758e+01
 -1.96849019e+02  5.04928902e+02  1.79958156e+02 -3.16501579e+02
  4.77533830e+02  1.52577992e+02 -1.13154262e+02  2.88932888e+02
 -1.61898419e+02  4.32710128e+02  4.43379066e+02 -5.82143075e+02
 -2.20605477e+02 -5.70665177e+02 -1.96032738e+02  5.03379479e+02
 -2.19256183e+02  1.04900868e+01  1.03091013e+00  7.47847265e+01
  3.17745648e+02 -1.34871926e+02 -4.00143517e+02]
stepsize_vec:,[3.0e-01 3.0e-01 3.0e-01 3.0e-01 4.0e-08 5.0e-03 4.0e-02 3.0e-04 1.2e-04
 4.0e-05 2.0e-02 2.0e-01 1.0e-01 2.0e-01 1.5e-03 1.2e+02 1.2e+02 1.2e+02
 1.2e+02 1.2e+02 1.2e+02 1.2e+02 1.2e+02 1.2e+02 1.2e+02 1.2e+02 1.2e+02
 1.2e+02 1.2e+02 1.2e+02 1.2e+02 1.2e+02 1.2e+02 1.2e+02 1.2e+02 1.2e+02
 1.2e+02 1.2e+02 1.2e+02 1.2e+02 1.2e+02 1.2e+02 1.2e+02 1.2e+02 1.2e+02
 1.2e+02 1.2e+02 1.2e+02 1.2e+02 1.2e+02 1.2e+02 1.2e+02 1.2e+02 1.2e+02
 1.2e+02 1.2e+02 1.2e+02 1.2e+02 1.2e+02 1.2e+02 1.2e+02 1.2e+02 1.2e+02
 1.2e+02 1.2e+02 1.2e+02 1.2e+02 1.2e+02 1.2e+02 1.2e+02 1.2e+02 1.2e+02
 1.2e+02 1.2e+02 1.2e+02 1.2e+02 1.2e+02 1.2e+02 1.2e+02 1.2e+02 1.2e+02
 1.2e+02 1.2e+02 1.2e+02 1.2e+02 1.2e+02 1.2e+02 1.2e+02 1.2e+02 1.2e+02
 1.2e+02 1.2e+02 1.2e+02 1.2e+02 1.2e+02 1.2e+02 1.2e+02 1.2e+02 1.2e+02
 1.2e+02 1.2e+02 1.2e+02 1.2e+02 1.2e+02 1.2e+02 1.2e+02 1.2e+02 1.2e+02
 1.2e+02 1.2e+02 1.2e+02 1.2e+02 1.2e+02 1.2e+02 1.2e+02 1.2e+02 1.2e+02
 1.2e+02 1.2e+02 1.2e+02 1.2e+02 1.2e+02 1.2e+02 1.2e+02 1.2e+02 1.2e+02
 1.2e+02 1.2e+02 1.2e+02 1.2e+02 1.2e+02 1.2e+02 1.2e+02 1.2e+02 1.2e+02
 1.2e+02 1.2e+02 1.2e+02 1.2e+02 1.2e+02 1.2e+02 1.2e+02 1.2e+02 1.2e+02
 1.2e+02 1.2e+02 1.2e+02 1.2e+02 1.2e+02 1.2e+02 1.2e+02 1.2e+02 1.2e+02
 1.2e+02 1.2e+02 1.2e+02 1.2e+02 1.2e+02 1.2e+02 1.2e+02 1.2e+02 1.2e+02
 1.2e+02 1.2e+02 1.2e+02 1.2e+02 1.2e+02 1.2e+02 1.2e+02 1.2e+02 1.2e+02
 1.2e+02 1.2e+02 1.2e+02 1.2e+02 1.2e+02 1.2e+02 1.2e+02 1.2e+02 1.2e+02
 1.2e+02 1.2e+02 1.2e+02 1.2e+02 1.2e+02 1.2e+02 1.2e+02 1.2e+02 1.2e+02
 1.2e+02 1.2e+02 1.2e+02 1.2e+02 1.2e+02 1.2e+02 1.2e+02 1.2e+02 1.2e+02
 1.2e+02 1.2e+02 1.2e+02 1.2e+02 1.2e+02 1.2e+02 1.2e+02 1.2e+02 1.2e+02
 1.2e+02 1.2e+02 1.2e+02 1.2e+02 1.2e+02 1.2e+02 1.2e+02 1.2e+02 1.2e+02
 1.2e+02 1.2e+02 1.2e+02 1.2e+02 1.2e+02 1.2e+02 1.2e+02 1.2e+02 1.2e+02
 1.2e+02 1.2e+02 1.2e+02 1.2e+02 1.2e+02 1.2e+02 1.2e+02 1.2e+02 1.2e+02
 1.2e+02 1.2e+02 1.2e+02 1.2e+02 1.2e+02 1.2e+02 1.2e+02 1.2e+02 1.2e+02
 1.2e+02 1.2e+02 1.2e+02 1.2e+02 1.2e+02 1.2e+02 1.2e+02 1.2e+02 1.2e+02
 1.2e+02 1.2e+02 1.2e+02 1.2e+02 1.2e+02 1.2e+02 1.2e+02 1.2e+02 1.2e+02
 1.2e+02 1.2e+02 1.2e+02 1.2e+02 1.2e+02 1.2e+02 1.2e+02 1.2e+02 1.2e+02
 1.2e+02 1.2e+02 1.2e+02 1.2e+02 1.2e+02 1.2e+02 1.2e+02 1.2e+02 1.2e+02
 1.2e+02 1.2e+02 1.2e+02 1.2e+02 1.2e+02 1.2e+02 1.2e+02 1.2e+02 1.2e+02
 1.2e+02 1.2e+02 1.2e+02 1.2e+02 1.2e+02 1.2e+02 1.2e+02 1.2e+02 1.2e+02
 1.2e+02 1.2e+02 1.2e+02 1.2e+02 1.2e+02 1.2e+02 1.2e+02 1.2e+02 1.2e+02
 1.2e+02 1.2e+02 1.2e+02 1.2e+02 1.2e+02 1.2e+02 1.2e+02 1.2e+02 1.2e+02
 1.2e+02 1.2e+02 1.2e+02 1.2e+02 1.2e+02 1.2e+02 1.2e+02 1.2e+02 1.2e+02
 1.2e+02 1.2e+02 1.2e+02 1.2e+02 1.2e+02 1.2e+02 1.2e+02 1.2e+02 1.2e+02
 1.2e+02 1.2e+02 1.2e+02 1.2e+02 1.2e+02 1.2e+02 1.2e+02 1.2e+02 1.2e+02
 1.2e+02 1.2e+02 1.2e+02 1.2e+02 1.2e+02 1.2e+02 1.2e+02 1.2e+02 1.2e+02
 1.2e+02 1.2e+02 1.2e+02 1.2e+02 1.2e+02 1.2e+02 1.2e+02 1.2e+02 1.2e+02
 1.2e+02 1.2e+02 1.2e+02 1.2e+02 1.2e+02 1.2e+02 1.2e+02 1.2e+02 1.2e+02
 1.2e+02 1.2e+02 1.2e+02 1.2e+02 1.2e+02 1.2e+02 1.2e+02 1.2e+02 1.2e+02
 1.2e+02 1.2e+02 1.2e+02 1.2e+02 1.2e+02 1.2e+02 1.2e+02 1.2e+02 1.2e+02
 1.2e+02 1.2e+02 1.2e+02 1.2e+02 1.2e+02 1.2e+02 1.2e+02 1.2e+02 1.2e+02
 1.2e+02 1.2e+02 1.2e+02 1.2e+02 1.2e+02 1.2e+02 1.2e+02 1.2e+02 1.2e+02
 1.2e+02 1.2e+02 1.2e+02 1.2e+02 1.2e+02 1.2e+02 1.2e+02 1.2e+02 1.2e+02
 1.2e+02]
step_ratio_vec:,[0.1 0.1 0.1 0.1 0.1 0.1 0.1 0.1 0.1 0.1 0.1 0.1 0.1 0.1 0.1 0.1 0.1 0.1
 0.1 0.1 0.1 0.1 0.1 0.1 0.1 0.1 0.1 0.1 0.1 0.1 0.1 0.1 0.1 0.1 0.1 0.1
 0.1 0.1 0.1 0.1 0.1 0.1 0.1 0.1 0.1 0.1 0.1 0.1 0.1 0.1 0.1 0.1 0.1 0.1
 0.1 0.1 0.1 0.1 0.1 0.1 0.1 0.1 0.1 0.1 0.1 0.1 0.1 0.1 0.1 0.1 0.1 0.1
 0.1 0.1 0.1 0.1 0.1 0.1 0.1 0.1 0.1 0.1 0.1 0.1 0.1 0.1 0.1 0.1 0.1 0.1
 0.1 0.1 0.1 0.1 0.1 0.1 0.1 0.1 0.1 0.1 0.1 0.1 0.1 0.1 0.1 0.1 0.1 0.1
 0.1 0.1 0.1 0.1 0.1 0.1 0.1 0.1 0.1 0.1 0.1 0.1 0.1 0.1 0.1 0.1 0.1 0.1
 0.1 0.1 0.1 0.1 0.1 0.1 0.1 0.1 0.1 0.1 0.1 0.1 0.1 0.1 0.1 0.1 0.1 0.1
 0.1 0.1 0.1 0.1 0.1 0.1 0.1 0.1 0.1 0.1 0.1 0.1 0.1 0.1 0.1 0.1 0.1 0.1
 0.1 0.1 0.1 0.1 0.1 0.1 0.1 0.1 0.1 0.1 0.1 0.1 0.1 0.1 0.1 0.1 0.1 0.1
 0.1 0.1 0.1 0.1 0.1 0.1 0.1 0.1 0.1 0.1 0.1 0.1 0.1 0.1 0.1 0.1 0.1 0.1
 0.1 0.1 0.1 0.1 0.1 0.1 0.1 0.1 0.1 0.1 0.1 0.1 0.1 0.1 0.1 0.1 0.1 0.1
 0.1 0.1 0.1 0.1 0.1 0.1 0.1 0.1 0.1 0.1 0.1 0.1 0.1 0.1 0.1 0.1 0.1 0.1
 0.1 0.1 0.1 0.1 0.1 0.1 0.1 0.1 0.1 0.1 0.1 0.1 0.1 0.1 0.1 0.1 0.1 0.1
 0.1 0.1 0.1 0.1 0.1 0.1 0.1 0.1 0.1 0.1 0.1 0.1 0.1 0.1 0.1 0.1 0.1 0.1
 0.1 0.1 0.1 0.1 0.1 0.1 0.1 0.1 0.1 0.1 0.1 0.1 0.1 0.1 0.1 0.1 0.1 0.1
 0.1 0.1 0.1 0.1 0.1 0.1 0.1 0.1 0.1 0.1 0.1 0.1 0.1 0.1 0.1 0.1 0.1 0.1
 0.1 0.1 0.1 0.1 0.1 0.1 0.1 0.1 0.1 0.1 0.1 0.1 0.1 0.1 0.1 0.1 0.1 0.1
 0.1 0.1 0.1 0.1 0.1 0.1 0.1 0.1 0.1 0.1 0.1 0.1 0.1 0.1 0.1 0.1 0.1 0.1
 0.1 0.1 0.1 0.1 0.1 0.1 0.1 0.1 0.1 0.1 0.1 0.1 0.1 0.1 0.1 0.1 0.1 0.1
 0.1 0.1 0.1 0.1 0.1 0.1 0.1 0.1 0.1 0.1 0.1 0.1 0.1 0.1 0.1 0.1 0.1 0.1
 0.1 0.1 0.1 0.1 0.1 0.1 0.1 0.1 0.1 0.1 0.1 0.1 0.1 0.1 0.1 0.1 0.1 0.1
 0.1 0.1 0.1 0.1 0.1 0.1 0.1 0.1 0.1 0.1 0.1 0.1 0.1 0.1 0.1 0.1 0.1 0.1
 0.1]
swap interval:,400
sim interval:,[-1.1175e+08 -7.4500e+07 -3.7250e+07  0.0000e+00]
likelihood_sed (T/F):,True
erodep_coords:,[[ 0  3]
 [42 94]
 [42 95]
 ...
 [96 78]
 [96 79]
 [96 80]]
sed scaling factor:,1
samples_per_chain:,50
burnin:,0.35
num params:,415
initial_proposed_vec:,[ 1.02900043e+00  1.89759214e+00  1.30846877e+00  2.08714568e+00
  9.51108378e-07  5.41661290e-01  8.00254853e-01  4.17540834e-03
  8.75748131e-04  1.12440840e-03  5.46252110e-01  5.28083840e+00
  2.40016355e+04  5.83602124e+00  9.44786491e-03  1.43702546e+02
 -5.03324986e+02 -7.24916801e+01 -1.41395931e+02  4.66942001e+02
  1.32972537e+02 -2.84252952e+02 -1.08138434e+02 -1.29231029e+02
 -5.29100137e+02 -1.85602513e+02  5.99781191e+02  4.56064634e+02
 -1.51866105e+02 -5.20416249e+02 -3.44940928e+02 -2.81996366e+02
 -3.84369463e+02  5.21037837e+02  1.23362076e+02 -1.96831447e+02
 -1.84061231e+02 -2.09326285e+02 -1.09807104e+02  4.26137862e+02
 -5.54571222e+02  1.20017481e+02  5.31304583e+02  1.00868841e+02
  5.31928471e+02  2.00455395e+02 -5.45144923e+02 -2.53484373e+01
  9.06199678e+01  3.70336821e+01  5.07401306e+02  8.53310408e+00
 -2.22083563e+02  4.83159574e+02  5.83889108e+02 -2.82801646e+02
  4.44403797e+02  3.87516274e+02  1.99583279e+02  5.00345862e+02
 -3.54930168e+02  3.20254068e+02 -2.54414608e+02  7.21485166e+01
  1.91240329e+02  3.70704336e+02 -1.44970503e+02 -1.58504734e+02
 -2.92272093e+02 -3.35167312e+02 -2.12243236e+02  8.91539036e+01
  8.96581920e+01  5.58526508e+02  1.02714248e+02  4.86443553e+02
 -4.99777459e+02  1.67758472e+02 -1.06091019e+02 -8.95421697e+01
 -1.66547195e+02  5.03393164e+01  5.40464646e+02  2.75041191e+01
  5.30511532e+01  2.96129221e+01  4.03466417e+02 -4.80851815e+02
  9.42154259e+01 -2.72113130e+02  4.39438974e+02 -4.27796389e+02
  5.24013891e+02 -1.16171743e+02 -4.47296947e+02 -1.35243927e+02
  5.97455347e+02  3.55524136e+02 -9.59091825e+01 -5.39478280e+01
 -1.61536278e+02  1.57059090e+02  4.98922509e+02  1.45724040e+02
  8.62037505e+01  2.91770096e+02  2.15660253e+02  2.46048271e+02
  5.65536203e+00  5.14933229e+02 -5.78491685e+02 -2.92475409e+02
 -2.78847295e+02  5.33838961e+02 -5.08541951e+02 -5.21780234e+02
  5.16222298e+02 -5.23527706e+02  5.71572316e+02 -1.49717247e+01
  4.01428604e+01 -2.15675406e+02  4.92777774e+02 -3.80012553e+02
 -3.80373972e+02 -1.75422122e+02  1.76193997e+00 -1.32551615e+02
 -1.12549584e+02 -1.94539454e+02 -5.70694754e+02  1.93730811e+01
  1.19297710e+02  4.01157747e+01  3.56468842e+02  9.58802757e+01
  3.11345501e+02 -5.08694017e+02 -2.62231631e+02 -1.18628773e+02
  5.02048666e+02 -5.90381346e+02 -3.63109355e+02  1.93746998e+01
  1.70929294e+02 -2.81343240e+02 -3.70471974e+02  1.91944385e+02
 -3.09548755e+02  2.65848186e+02 -5.72697828e+02 -4.01844013e+02
  1.10794970e+02  5.03744995e+02  5.17155708e+02  2.18792179e+02
  6.61622061e+01  2.87961687e+02  2.33456657e+02 -3.79748486e+02
  3.18386125e+02 -9.36162156e+01 -1.91189406e+02  2.40410933e+02
 -3.94691115e+02 -5.26804369e+02 -4.84285417e+02  3.37584932e+02
  5.82771049e+02 -1.57668542e+02 -1.52141338e+02  4.25088619e+02
 -3.71635565e+02 -5.75956758e+02 -5.30403016e+02  2.73474170e+02
  2.85143377e+02  3.63405123e+02 -3.99001306e+02 -6.81677556e+01
 -2.43605725e+00 -3.39105841e+02  2.94262379e+02 -8.23436406e+01
 -2.36706555e+02  2.94557753e+02 -3.41707504e+01  1.57963008e+02
 -4.72193026e+02  4.92128837e+02 -4.83251826e+02 -4.87462006e+02
 -3.92770005e+02  4.52948360e+02  1.17590657e+02 -1.31381630e+02
  1.37303260e+02 -2.97739859e+02  3.07029155e+02  2.75779314e+02
 -2.62890520e+02 -2.44271442e+02 -3.31518601e+02 -5.56028013e+02
 -5.11021205e+02 -5.45658182e+02  2.01186732e+02  5.65076535e+02
  1.42671041e+01  6.37535392e+01  1.11233736e+02 -5.07654934e+02
  5.98939695e+02  7.44454066e+01 -4.33530368e+01 -2.21887066e+02
  4.85532659e+02 -4.99099876e+02 -5.41516157e+02 -3.19264392e+02
  5.30197295e+02  3.62332472e+02 -2.24488283e+02 -4.95283460e+02
 -1.47524468e+00  4.02899005e+02  5.13439743e+02  4.19759647e+02
  2.65674237e+02  2.58145365e+02  5.56747794e+02  8.29292587e+01
  7.88075610e+01  1.80327588e+02  1.97109829e+02  3.45567884e+02
  1.42959482e+02 -3.52872004e+02 -1.42262646e+01  4.02827813e+02
 -1.63138205e+02  2.25151423e+02 -3.69047496e+02  5.58791347e+02
 -1.05948322e+02 -3.14114488e+02 -3.06673725e+02 -3.50514812e+02
  4.11936792e+02  4.71259086e+02  2.88028103e+02  1.83596723e+02
 -7.53241364e+01  4.60514733e+02 -1.15522691e+02 -2.80161406e+02
 -6.85542520e+01  5.18599991e+02 -3.49772736e+01  3.28588247e+02
 -3.82824256e+02  2.41424357e+02 -2.77776515e+02 -7.56906328e+01
  5.84322206e+02  2.68959568e+02 -5.94090528e+02 -8.64042236e+01
 -1.10080412e+02  5.25275739e+02  2.00645204e+02 -5.80753249e+02
 -4.79681196e+02  4.35520182e+02  3.27202282e+02 -6.66023930e+01
 -1.30861113e+02 -5.53944897e+02 -3.13336123e+02 -4.57308384e+02
  5.41847736e+02  1.13755125e+02 -1.73271128e+02 -5.17696148e+02
 -2.25118323e+02 -4.22380023e+02  9.06944265e+01 -3.70504695e+01
 -3.19493911e+02 -7.70450382e+01  3.62807709e+02  4.77461562e+02
  4.07180966e+02  5.05086453e+01  1.84969646e+02 -2.70248233e+02
  5.77044000e+02  5.43841372e+02  4.08561537e+02 -1.01351256e+02
  2.32154855e+02 -4.11700092e+02 -1.78261555e+02  5.95217555e+02
  1.52315861e+02  2.08445182e+02 -2.40972808e+02 -2.63352830e+02
  3.73831006e+02 -1.00667636e+02 -6.28042605e+01 -5.86374497e+02
 -1.69933851e+01  1.91274902e+00 -5.33539680e+02 -2.37816117e+02
  3.22336202e+02 -8.34486225e+01 -5.94068871e+02  4.29412743e+02
 -2.51479598e+02  4.65101775e+02  5.45694335e+02  3.61525636e+02
 -5.94927979e+02  3.42433445e+02  4.30000771e+02 -1.74276712e+02
  5.66034468e+02  9.74118295e+00  4.34467611e+02 -2.05087809e+02
 -4.95999181e+02  2.25146990e+02  2.49618584e+02  1.47439034e+02
  5.96777438e+02  1.94851986e+02  1.45951320e+02 -2.45161305e+02
  1.75589070e+02  5.92022956e+02 -4.76444184e+02 -5.96454774e+02
  1.69061306e+02 -3.25225235e+02 -2.28475224e+02  2.53816610e+02
  5.94360119e+02  1.24721651e+02 -5.37222593e+02 -4.70900374e+02
 -4.07776846e+02 -3.99097543e+02 -5.83828525e+02  5.35768002e+02
 -5.90079547e+02 -1.69969394e+02 -5.91506508e+02  5.69487430e+02
  6.63789703e+01  4.36885760e+02  5.71596175e+02 -5.72223850e+02
 -8.65350607e+01 -2.86861661e+02  1.59042929e+02  2.98885309e+02
  5.01547517e+02 -5.57663578e+02 -4.22666155e+02  3.38971294e+02
 -3.51289879e+02 -2.34639893e+01 -3.46568035e+02 -5.58659878e+02
  2.92286716e+02 -3.62575124e+02  1.36791189e+02  4.63980380e+02
  4.84008463e+02  2.25962751e+02  7.54037400e+01  5.40846938e+02
  3.34835221e+02 -5.71821917e+02  9.80352659e+01 -4.01702008e+02
  4.69337762e+02  3.37828782e+02 -1.59427396e+02 -9.15312758e+01
 -1.96849019e+02  5.04928902e+02  1.79958156e+02 -3.16501579e+02
  4.77533830e+02  1.52577992e+02 -1.13154262e+02  2.88932888e+02
 -1.61898419e+02  4.32710128e+02  4.43379066e+02 -5.82143075e+02
 -2.20605477e+02 -5.70665177e+02 -1.96032738e+02  5.03379479e+02
 -2.19256183e+02  1.04900868e+01  1.03091013e+00  7.47847265e+01
  3.17745648e+02 -1.34871926e+02 -4.00143517e+02]
stepsize_vec:,[3.0e-01 3.0e-01 3.0e-01 3.0e-01 4.0e-08 5.0e-03 4.0e-02 3.0e-04 1.2e-04
 4.0e-05 2.0e-02 2.0e-01 1.0e-01 2.0e-01 1.5e-03 1.2e+02 1.2e+02 1.2e+02
 1.2e+02 1.2e+02 1.2e+02 1.2e+02 1.2e+02 1.2e+02 1.2e+02 1.2e+02 1.2e+02
 1.2e+02 1.2e+02 1.2e+02 1.2e+02 1.2e+02 1.2e+02 1.2e+02 1.2e+02 1.2e+02
 1.2e+02 1.2e+02 1.2e+02 1.2e+02 1.2e+02 1.2e+02 1.2e+02 1.2e+02 1.2e+02
 1.2e+02 1.2e+02 1.2e+02 1.2e+02 1.2e+02 1.2e+02 1.2e+02 1.2e+02 1.2e+02
 1.2e+02 1.2e+02 1.2e+02 1.2e+02 1.2e+02 1.2e+02 1.2e+02 1.2e+02 1.2e+02
 1.2e+02 1.2e+02 1.2e+02 1.2e+02 1.2e+02 1.2e+02 1.2e+02 1.2e+02 1.2e+02
 1.2e+02 1.2e+02 1.2e+02 1.2e+02 1.2e+02 1.2e+02 1.2e+02 1.2e+02 1.2e+02
 1.2e+02 1.2e+02 1.2e+02 1.2e+02 1.2e+02 1.2e+02 1.2e+02 1.2e+02 1.2e+02
 1.2e+02 1.2e+02 1.2e+02 1.2e+02 1.2e+02 1.2e+02 1.2e+02 1.2e+02 1.2e+02
 1.2e+02 1.2e+02 1.2e+02 1.2e+02 1.2e+02 1.2e+02 1.2e+02 1.2e+02 1.2e+02
 1.2e+02 1.2e+02 1.2e+02 1.2e+02 1.2e+02 1.2e+02 1.2e+02 1.2e+02 1.2e+02
 1.2e+02 1.2e+02 1.2e+02 1.2e+02 1.2e+02 1.2e+02 1.2e+02 1.2e+02 1.2e+02
 1.2e+02 1.2e+02 1.2e+02 1.2e+02 1.2e+02 1.2e+02 1.2e+02 1.2e+02 1.2e+02
 1.2e+02 1.2e+02 1.2e+02 1.2e+02 1.2e+02 1.2e+02 1.2e+02 1.2e+02 1.2e+02
 1.2e+02 1.2e+02 1.2e+02 1.2e+02 1.2e+02 1.2e+02 1.2e+02 1.2e+02 1.2e+02
 1.2e+02 1.2e+02 1.2e+02 1.2e+02 1.2e+02 1.2e+02 1.2e+02 1.2e+02 1.2e+02
 1.2e+02 1.2e+02 1.2e+02 1.2e+02 1.2e+02 1.2e+02 1.2e+02 1.2e+02 1.2e+02
 1.2e+02 1.2e+02 1.2e+02 1.2e+02 1.2e+02 1.2e+02 1.2e+02 1.2e+02 1.2e+02
 1.2e+02 1.2e+02 1.2e+02 1.2e+02 1.2e+02 1.2e+02 1.2e+02 1.2e+02 1.2e+02
 1.2e+02 1.2e+02 1.2e+02 1.2e+02 1.2e+02 1.2e+02 1.2e+02 1.2e+02 1.2e+02
 1.2e+02 1.2e+02 1.2e+02 1.2e+02 1.2e+02 1.2e+02 1.2e+02 1.2e+02 1.2e+02
 1.2e+02 1.2e+02 1.2e+02 1.2e+02 1.2e+02 1.2e+02 1.2e+02 1.2e+02 1.2e+02
 1.2e+02 1.2e+02 1.2e+02 1.2e+02 1.2e+02 1.2e+02 1.2e+02 1.2e+02 1.2e+02
 1.2e+02 1.2e+02 1.2e+02 1.2e+02 1.2e+02 1.2e+02 1.2e+02 1.2e+02 1.2e+02
 1.2e+02 1.2e+02 1.2e+02 1.2e+02 1.2e+02 1.2e+02 1.2e+02 1.2e+02 1.2e+02
 1.2e+02 1.2e+02 1.2e+02 1.2e+02 1.2e+02 1.2e+02 1.2e+02 1.2e+02 1.2e+02
 1.2e+02 1.2e+02 1.2e+02 1.2e+02 1.2e+02 1.2e+02 1.2e+02 1.2e+02 1.2e+02
 1.2e+02 1.2e+02 1.2e+02 1.2e+02 1.2e+02 1.2e+02 1.2e+02 1.2e+02 1.2e+02
 1.2e+02 1.2e+02 1.2e+02 1.2e+02 1.2e+02 1.2e+02 1.2e+02 1.2e+02 1.2e+02
 1.2e+02 1.2e+02 1.2e+02 1.2e+02 1.2e+02 1.2e+02 1.2e+02 1.2e+02 1.2e+02
 1.2e+02 1.2e+02 1.2e+02 1.2e+02 1.2e+02 1.2e+02 1.2e+02 1.2e+02 1.2e+02
 1.2e+02 1.2e+02 1.2e+02 1.2e+02 1.2e+02 1.2e+02 1.2e+02 1.2e+02 1.2e+02
 1.2e+02 1.2e+02 1.2e+02 1.2e+02 1.2e+02 1.2e+02 1.2e+02 1.2e+02 1.2e+02
 1.2e+02 1.2e+02 1.2e+02 1.2e+02 1.2e+02 1.2e+02 1.2e+02 1.2e+02 1.2e+02
 1.2e+02 1.2e+02 1.2e+02 1.2e+02 1.2e+02 1.2e+02 1.2e+02 1.2e+02 1.2e+02
 1.2e+02 1.2e+02 1.2e+02 1.2e+02 1.2e+02 1.2e+02 1.2e+02 1.2e+02 1.2e+02
 1.2e+02 1.2e+02 1.2e+02 1.2e+02 1.2e+02 1.2e+02 1.2e+02 1.2e+02 1.2e+02
 1.2e+02 1.2e+02 1.2e+02 1.2e+02 1.2e+02 1.2e+02 1.2e+02 1.2e+02 1.2e+02
 1.2e+02 1.2e+02 1.2e+02 1.2e+02 1.2e+02 1.2e+02 1.2e+02 1.2e+02 1.2e+02
 1.2e+02 1.2e+02 1.2e+02 1.2e+02 1.2e+02 1.2e+02 1.2e+02 1.2e+02 1.2e+02
 1.2e+02 1.2e+02 1.2e+02 1.2e+02 1.2e+02 1.2e+02 1.2e+02 1.2e+02 1.2e+02
 1.2e+02 1.2e+02 1.2e+02 1.2e+02 1.2e+02 1.2e+02 1.2e+02 1.2e+02 1.2e+02
 1.2e+02 1.2e+02 1.2e+02 1.2e+02 1.2e+02 1.2e+02 1.2e+02 1.2e+02 1.2e+02
 1.2e+02 1.2e+02 1.2e+02 1.2e+02 1.2e+02 1.2e+02 1.2e+02 1.2e+02 1.2e+02
 1.2e+02]
step_ratio_vec:,[0.1 0.1 0.1 0.1 0.1 0.1 0.1 0.1 0.1 0.1 0.1 0.1 0.1 0.1 0.1 0.1 0.1 0.1
 0.1 0.1 0.1 0.1 0.1 0.1 0.1 0.1 0.1 0.1 0.1 0.1 0.1 0.1 0.1 0.1 0.1 0.1
 0.1 0.1 0.1 0.1 0.1 0.1 0.1 0.1 0.1 0.1 0.1 0.1 0.1 0.1 0.1 0.1 0.1 0.1
 0.1 0.1 0.1 0.1 0.1 0.1 0.1 0.1 0.1 0.1 0.1 0.1 0.1 0.1 0.1 0.1 0.1 0.1
 0.1 0.1 0.1 0.1 0.1 0.1 0.1 0.1 0.1 0.1 0.1 0.1 0.1 0.1 0.1 0.1 0.1 0.1
 0.1 0.1 0.1 0.1 0.1 0.1 0.1 0.1 0.1 0.1 0.1 0.1 0.1 0.1 0.1 0.1 0.1 0.1
 0.1 0.1 0.1 0.1 0.1 0.1 0.1 0.1 0.1 0.1 0.1 0.1 0.1 0.1 0.1 0.1 0.1 0.1
 0.1 0.1 0.1 0.1 0.1 0.1 0.1 0.1 0.1 0.1 0.1 0.1 0.1 0.1 0.1 0.1 0.1 0.1
 0.1 0.1 0.1 0.1 0.1 0.1 0.1 0.1 0.1 0.1 0.1 0.1 0.1 0.1 0.1 0.1 0.1 0.1
 0.1 0.1 0.1 0.1 0.1 0.1 0.1 0.1 0.1 0.1 0.1 0.1 0.1 0.1 0.1 0.1 0.1 0.1
 0.1 0.1 0.1 0.1 0.1 0.1 0.1 0.1 0.1 0.1 0.1 0.1 0.1 0.1 0.1 0.1 0.1 0.1
 0.1 0.1 0.1 0.1 0.1 0.1 0.1 0.1 0.1 0.1 0.1 0.1 0.1 0.1 0.1 0.1 0.1 0.1
 0.1 0.1 0.1 0.1 0.1 0.1 0.1 0.1 0.1 0.1 0.1 0.1 0.1 0.1 0.1 0.1 0.1 0.1
 0.1 0.1 0.1 0.1 0.1 0.1 0.1 0.1 0.1 0.1 0.1 0.1 0.1 0.1 0.1 0.1 0.1 0.1
 0.1 0.1 0.1 0.1 0.1 0.1 0.1 0.1 0.1 0.1 0.1 0.1 0.1 0.1 0.1 0.1 0.1 0.1
 0.1 0.1 0.1 0.1 0.1 0.1 0.1 0.1 0.1 0.1 0.1 0.1 0.1 0.1 0.1 0.1 0.1 0.1
 0.1 0.1 0.1 0.1 0.1 0.1 0.1 0.1 0.1 0.1 0.1 0.1 0.1 0.1 0.1 0.1 0.1 0.1
 0.1 0.1 0.1 0.1 0.1 0.1 0.1 0.1 0.1 0.1 0.1 0.1 0.1 0.1 0.1 0.1 0.1 0.1
 0.1 0.1 0.1 0.1 0.1 0.1 0.1 0.1 0.1 0.1 0.1 0.1 0.1 0.1 0.1 0.1 0.1 0.1
 0.1 0.1 0.1 0.1 0.1 0.1 0.1 0.1 0.1 0.1 0.1 0.1 0.1 0.1 0.1 0.1 0.1 0.1
 0.1 0.1 0.1 0.1 0.1 0.1 0.1 0.1 0.1 0.1 0.1 0.1 0.1 0.1 0.1 0.1 0.1 0.1
 0.1 0.1 0.1 0.1 0.1 0.1 0.1 0.1 0.1 0.1 0.1 0.1 0.1 0.1 0.1 0.1 0.1 0.1
 0.1 0.1 0.1 0.1 0.1 0.1 0.1 0.1 0.1 0.1 0.1 0.1 0.1 0.1 0.1 0.1 0.1 0.1
 0.1]
swap interval:,400
sim interval:,[-1.1175e+08 -7.4500e+07 -3.7250e+07  0.0000e+00]
likelihood_sed (T/F):,True
erodep_coords:,[[ 0  3]
 [42 94]
 [42 95]
 ...
 [96 78]
 [96 79]
 [96 80]]
sed scaling factor:,1
samples_per_chain:,50
burnin:,0.35
num params:,415
initial_proposed_vec:,[ 1.02900043e+00  1.89759214e+00  1.30846877e+00  2.08714568e+00
  9.51108378e-07  5.41661290e-01  8.00254853e-01  4.17540834e-03
  8.75748131e-04  1.12440840e-03  5.46252110e-01  5.28083840e+00
  2.40016355e+04  5.83602124e+00  9.44786491e-03  1.43702546e+02
 -5.03324986e+02 -7.24916801e+01 -1.41395931e+02  4.66942001e+02
  1.32972537e+02 -2.84252952e+02 -1.08138434e+02 -1.29231029e+02
 -5.29100137e+02 -1.85602513e+02  5.99781191e+02  4.56064634e+02
 -1.51866105e+02 -5.20416249e+02 -3.44940928e+02 -2.81996366e+02
 -3.84369463e+02  5.21037837e+02  1.23362076e+02 -1.96831447e+02
 -1.84061231e+02 -2.09326285e+02 -1.09807104e+02  4.26137862e+02
 -5.54571222e+02  1.20017481e+02  5.31304583e+02  1.00868841e+02
  5.31928471e+02  2.00455395e+02 -5.45144923e+02 -2.53484373e+01
  9.06199678e+01  3.70336821e+01  5.07401306e+02  8.53310408e+00
 -2.22083563e+02  4.83159574e+02  5.83889108e+02 -2.82801646e+02
  4.44403797e+02  3.87516274e+02  1.99583279e+02  5.00345862e+02
 -3.54930168e+02  3.20254068e+02 -2.54414608e+02  7.21485166e+01
  1.91240329e+02  3.70704336e+02 -1.44970503e+02 -1.58504734e+02
 -2.92272093e+02 -3.35167312e+02 -2.12243236e+02  8.91539036e+01
  8.96581920e+01  5.58526508e+02  1.02714248e+02  4.86443553e+02
 -4.99777459e+02  1.67758472e+02 -1.06091019e+02 -8.95421697e+01
 -1.66547195e+02  5.03393164e+01  5.40464646e+02  2.75041191e+01
  5.30511532e+01  2.96129221e+01  4.03466417e+02 -4.80851815e+02
  9.42154259e+01 -2.72113130e+02  4.39438974e+02 -4.27796389e+02
  5.24013891e+02 -1.16171743e+02 -4.47296947e+02 -1.35243927e+02
  5.97455347e+02  3.55524136e+02 -9.59091825e+01 -5.39478280e+01
 -1.61536278e+02  1.57059090e+02  4.98922509e+02  1.45724040e+02
  8.62037505e+01  2.91770096e+02  2.15660253e+02  2.46048271e+02
  5.65536203e+00  5.14933229e+02 -5.78491685e+02 -2.92475409e+02
 -2.78847295e+02  5.33838961e+02 -5.08541951e+02 -5.21780234e+02
  5.16222298e+02 -5.23527706e+02  5.71572316e+02 -1.49717247e+01
  4.01428604e+01 -2.15675406e+02  4.92777774e+02 -3.80012553e+02
 -3.80373972e+02 -1.75422122e+02  1.76193997e+00 -1.32551615e+02
 -1.12549584e+02 -1.94539454e+02 -5.70694754e+02  1.93730811e+01
  1.19297710e+02  4.01157747e+01  3.56468842e+02  9.58802757e+01
  3.11345501e+02 -5.08694017e+02 -2.62231631e+02 -1.18628773e+02
  5.02048666e+02 -5.90381346e+02 -3.63109355e+02  1.93746998e+01
  1.70929294e+02 -2.81343240e+02 -3.70471974e+02  1.91944385e+02
 -3.09548755e+02  2.65848186e+02 -5.72697828e+02 -4.01844013e+02
  1.10794970e+02  5.03744995e+02  5.17155708e+02  2.18792179e+02
  6.61622061e+01  2.87961687e+02  2.33456657e+02 -3.79748486e+02
  3.18386125e+02 -9.36162156e+01 -1.91189406e+02  2.40410933e+02
 -3.94691115e+02 -5.26804369e+02 -4.84285417e+02  3.37584932e+02
  5.82771049e+02 -1.57668542e+02 -1.52141338e+02  4.25088619e+02
 -3.71635565e+02 -5.75956758e+02 -5.30403016e+02  2.73474170e+02
  2.85143377e+02  3.63405123e+02 -3.99001306e+02 -6.81677556e+01
 -2.43605725e+00 -3.39105841e+02  2.94262379e+02 -8.23436406e+01
 -2.36706555e+02  2.94557753e+02 -3.41707504e+01  1.57963008e+02
 -4.72193026e+02  4.92128837e+02 -4.83251826e+02 -4.87462006e+02
 -3.92770005e+02  4.52948360e+02  1.17590657e+02 -1.31381630e+02
  1.37303260e+02 -2.97739859e+02  3.07029155e+02  2.75779314e+02
 -2.62890520e+02 -2.44271442e+02 -3.31518601e+02 -5.56028013e+02
 -5.11021205e+02 -5.45658182e+02  2.01186732e+02  5.65076535e+02
  1.42671041e+01  6.37535392e+01  1.11233736e+02 -5.07654934e+02
  5.98939695e+02  7.44454066e+01 -4.33530368e+01 -2.21887066e+02
  4.85532659e+02 -4.99099876e+02 -5.41516157e+02 -3.19264392e+02
  5.30197295e+02  3.62332472e+02 -2.24488283e+02 -4.95283460e+02
 -1.47524468e+00  4.02899005e+02  5.13439743e+02  4.19759647e+02
  2.65674237e+02  2.58145365e+02  5.56747794e+02  8.29292587e+01
  7.88075610e+01  1.80327588e+02  1.97109829e+02  3.45567884e+02
  1.42959482e+02 -3.52872004e+02 -1.42262646e+01  4.02827813e+02
 -1.63138205e+02  2.25151423e+02 -3.69047496e+02  5.58791347e+02
 -1.05948322e+02 -3.14114488e+02 -3.06673725e+02 -3.50514812e+02
  4.11936792e+02  4.71259086e+02  2.88028103e+02  1.83596723e+02
 -7.53241364e+01  4.60514733e+02 -1.15522691e+02 -2.80161406e+02
 -6.85542520e+01  5.18599991e+02 -3.49772736e+01  3.28588247e+02
 -3.82824256e+02  2.41424357e+02 -2.77776515e+02 -7.56906328e+01
  5.84322206e+02  2.68959568e+02 -5.94090528e+02 -8.64042236e+01
 -1.10080412e+02  5.25275739e+02  2.00645204e+02 -5.80753249e+02
 -4.79681196e+02  4.35520182e+02  3.27202282e+02 -6.66023930e+01
 -1.30861113e+02 -5.53944897e+02 -3.13336123e+02 -4.57308384e+02
  5.41847736e+02  1.13755125e+02 -1.73271128e+02 -5.17696148e+02
 -2.25118323e+02 -4.22380023e+02  9.06944265e+01 -3.70504695e+01
 -3.19493911e+02 -7.70450382e+01  3.62807709e+02  4.77461562e+02
  4.07180966e+02  5.05086453e+01  1.84969646e+02 -2.70248233e+02
  5.77044000e+02  5.43841372e+02  4.08561537e+02 -1.01351256e+02
  2.32154855e+02 -4.11700092e+02 -1.78261555e+02  5.95217555e+02
  1.52315861e+02  2.08445182e+02 -2.40972808e+02 -2.63352830e+02
  3.73831006e+02 -1.00667636e+02 -6.28042605e+01 -5.86374497e+02
 -1.69933851e+01  1.91274902e+00 -5.33539680e+02 -2.37816117e+02
  3.22336202e+02 -8.34486225e+01 -5.94068871e+02  4.29412743e+02
 -2.51479598e+02  4.65101775e+02  5.45694335e+02  3.61525636e+02
 -5.94927979e+02  3.42433445e+02  4.30000771e+02 -1.74276712e+02
  5.66034468e+02  9.74118295e+00  4.34467611e+02 -2.05087809e+02
 -4.95999181e+02  2.25146990e+02  2.49618584e+02  1.47439034e+02
  5.96777438e+02  1.94851986e+02  1.45951320e+02 -2.45161305e+02
  1.75589070e+02  5.92022956e+02 -4.76444184e+02 -5.96454774e+02
  1.69061306e+02 -3.25225235e+02 -2.28475224e+02  2.53816610e+02
  5.94360119e+02  1.24721651e+02 -5.37222593e+02 -4.70900374e+02
 -4.07776846e+02 -3.99097543e+02 -5.83828525e+02  5.35768002e+02
 -5.90079547e+02 -1.69969394e+02 -5.91506508e+02  5.69487430e+02
  6.63789703e+01  4.36885760e+02  5.71596175e+02 -5.72223850e+02
 -8.65350607e+01 -2.86861661e+02  1.59042929e+02  2.98885309e+02
  5.01547517e+02 -5.57663578e+02 -4.22666155e+02  3.38971294e+02
 -3.51289879e+02 -2.34639893e+01 -3.46568035e+02 -5.58659878e+02
  2.92286716e+02 -3.62575124e+02  1.36791189e+02  4.63980380e+02
  4.84008463e+02  2.25962751e+02  7.54037400e+01  5.40846938e+02
  3.34835221e+02 -5.71821917e+02  9.80352659e+01 -4.01702008e+02
  4.69337762e+02  3.37828782e+02 -1.59427396e+02 -9.15312758e+01
 -1.96849019e+02  5.04928902e+02  1.79958156e+02 -3.16501579e+02
  4.77533830e+02  1.52577992e+02 -1.13154262e+02  2.88932888e+02
 -1.61898419e+02  4.32710128e+02  4.43379066e+02 -5.82143075e+02
 -2.20605477e+02 -5.70665177e+02 -1.96032738e+02  5.03379479e+02
 -2.19256183e+02  1.04900868e+01  1.03091013e+00  7.47847265e+01
  3.17745648e+02 -1.34871926e+02 -4.00143517e+02]
stepsize_vec:,[3.0e-01 3.0e-01 3.0e-01 3.0e-01 4.0e-08 5.0e-03 4.0e-02 3.0e-04 1.2e-04
 4.0e-05 2.0e-02 2.0e-01 1.0e-01 2.0e-01 1.5e-03 1.2e+02 1.2e+02 1.2e+02
 1.2e+02 1.2e+02 1.2e+02 1.2e+02 1.2e+02 1.2e+02 1.2e+02 1.2e+02 1.2e+02
 1.2e+02 1.2e+02 1.2e+02 1.2e+02 1.2e+02 1.2e+02 1.2e+02 1.2e+02 1.2e+02
 1.2e+02 1.2e+02 1.2e+02 1.2e+02 1.2e+02 1.2e+02 1.2e+02 1.2e+02 1.2e+02
 1.2e+02 1.2e+02 1.2e+02 1.2e+02 1.2e+02 1.2e+02 1.2e+02 1.2e+02 1.2e+02
 1.2e+02 1.2e+02 1.2e+02 1.2e+02 1.2e+02 1.2e+02 1.2e+02 1.2e+02 1.2e+02
 1.2e+02 1.2e+02 1.2e+02 1.2e+02 1.2e+02 1.2e+02 1.2e+02 1.2e+02 1.2e+02
 1.2e+02 1.2e+02 1.2e+02 1.2e+02 1.2e+02 1.2e+02 1.2e+02 1.2e+02 1.2e+02
 1.2e+02 1.2e+02 1.2e+02 1.2e+02 1.2e+02 1.2e+02 1.2e+02 1.2e+02 1.2e+02
 1.2e+02 1.2e+02 1.2e+02 1.2e+02 1.2e+02 1.2e+02 1.2e+02 1.2e+02 1.2e+02
 1.2e+02 1.2e+02 1.2e+02 1.2e+02 1.2e+02 1.2e+02 1.2e+02 1.2e+02 1.2e+02
 1.2e+02 1.2e+02 1.2e+02 1.2e+02 1.2e+02 1.2e+02 1.2e+02 1.2e+02 1.2e+02
 1.2e+02 1.2e+02 1.2e+02 1.2e+02 1.2e+02 1.2e+02 1.2e+02 1.2e+02 1.2e+02
 1.2e+02 1.2e+02 1.2e+02 1.2e+02 1.2e+02 1.2e+02 1.2e+02 1.2e+02 1.2e+02
 1.2e+02 1.2e+02 1.2e+02 1.2e+02 1.2e+02 1.2e+02 1.2e+02 1.2e+02 1.2e+02
 1.2e+02 1.2e+02 1.2e+02 1.2e+02 1.2e+02 1.2e+02 1.2e+02 1.2e+02 1.2e+02
 1.2e+02 1.2e+02 1.2e+02 1.2e+02 1.2e+02 1.2e+02 1.2e+02 1.2e+02 1.2e+02
 1.2e+02 1.2e+02 1.2e+02 1.2e+02 1.2e+02 1.2e+02 1.2e+02 1.2e+02 1.2e+02
 1.2e+02 1.2e+02 1.2e+02 1.2e+02 1.2e+02 1.2e+02 1.2e+02 1.2e+02 1.2e+02
 1.2e+02 1.2e+02 1.2e+02 1.2e+02 1.2e+02 1.2e+02 1.2e+02 1.2e+02 1.2e+02
 1.2e+02 1.2e+02 1.2e+02 1.2e+02 1.2e+02 1.2e+02 1.2e+02 1.2e+02 1.2e+02
 1.2e+02 1.2e+02 1.2e+02 1.2e+02 1.2e+02 1.2e+02 1.2e+02 1.2e+02 1.2e+02
 1.2e+02 1.2e+02 1.2e+02 1.2e+02 1.2e+02 1.2e+02 1.2e+02 1.2e+02 1.2e+02
 1.2e+02 1.2e+02 1.2e+02 1.2e+02 1.2e+02 1.2e+02 1.2e+02 1.2e+02 1.2e+02
 1.2e+02 1.2e+02 1.2e+02 1.2e+02 1.2e+02 1.2e+02 1.2e+02 1.2e+02 1.2e+02
 1.2e+02 1.2e+02 1.2e+02 1.2e+02 1.2e+02 1.2e+02 1.2e+02 1.2e+02 1.2e+02
 1.2e+02 1.2e+02 1.2e+02 1.2e+02 1.2e+02 1.2e+02 1.2e+02 1.2e+02 1.2e+02
 1.2e+02 1.2e+02 1.2e+02 1.2e+02 1.2e+02 1.2e+02 1.2e+02 1.2e+02 1.2e+02
 1.2e+02 1.2e+02 1.2e+02 1.2e+02 1.2e+02 1.2e+02 1.2e+02 1.2e+02 1.2e+02
 1.2e+02 1.2e+02 1.2e+02 1.2e+02 1.2e+02 1.2e+02 1.2e+02 1.2e+02 1.2e+02
 1.2e+02 1.2e+02 1.2e+02 1.2e+02 1.2e+02 1.2e+02 1.2e+02 1.2e+02 1.2e+02
 1.2e+02 1.2e+02 1.2e+02 1.2e+02 1.2e+02 1.2e+02 1.2e+02 1.2e+02 1.2e+02
 1.2e+02 1.2e+02 1.2e+02 1.2e+02 1.2e+02 1.2e+02 1.2e+02 1.2e+02 1.2e+02
 1.2e+02 1.2e+02 1.2e+02 1.2e+02 1.2e+02 1.2e+02 1.2e+02 1.2e+02 1.2e+02
 1.2e+02 1.2e+02 1.2e+02 1.2e+02 1.2e+02 1.2e+02 1.2e+02 1.2e+02 1.2e+02
 1.2e+02 1.2e+02 1.2e+02 1.2e+02 1.2e+02 1.2e+02 1.2e+02 1.2e+02 1.2e+02
 1.2e+02 1.2e+02 1.2e+02 1.2e+02 1.2e+02 1.2e+02 1.2e+02 1.2e+02 1.2e+02
 1.2e+02 1.2e+02 1.2e+02 1.2e+02 1.2e+02 1.2e+02 1.2e+02 1.2e+02 1.2e+02
 1.2e+02 1.2e+02 1.2e+02 1.2e+02 1.2e+02 1.2e+02 1.2e+02 1.2e+02 1.2e+02
 1.2e+02 1.2e+02 1.2e+02 1.2e+02 1.2e+02 1.2e+02 1.2e+02 1.2e+02 1.2e+02
 1.2e+02 1.2e+02 1.2e+02 1.2e+02 1.2e+02 1.2e+02 1.2e+02 1.2e+02 1.2e+02
 1.2e+02 1.2e+02 1.2e+02 1.2e+02 1.2e+02 1.2e+02 1.2e+02 1.2e+02 1.2e+02
 1.2e+02 1.2e+02 1.2e+02 1.2e+02 1.2e+02 1.2e+02 1.2e+02 1.2e+02 1.2e+02
 1.2e+02 1.2e+02 1.2e+02 1.2e+02 1.2e+02 1.2e+02 1.2e+02 1.2e+02 1.2e+02
 1.2e+02 1.2e+02 1.2e+02 1.2e+02 1.2e+02 1.2e+02 1.2e+02 1.2e+02 1.2e+02
 1.2e+02]
step_ratio_vec:,[0.1 0.1 0.1 0.1 0.1 0.1 0.1 0.1 0.1 0.1 0.1 0.1 0.1 0.1 0.1 0.1 0.1 0.1
 0.1 0.1 0.1 0.1 0.1 0.1 0.1 0.1 0.1 0.1 0.1 0.1 0.1 0.1 0.1 0.1 0.1 0.1
 0.1 0.1 0.1 0.1 0.1 0.1 0.1 0.1 0.1 0.1 0.1 0.1 0.1 0.1 0.1 0.1 0.1 0.1
 0.1 0.1 0.1 0.1 0.1 0.1 0.1 0.1 0.1 0.1 0.1 0.1 0.1 0.1 0.1 0.1 0.1 0.1
 0.1 0.1 0.1 0.1 0.1 0.1 0.1 0.1 0.1 0.1 0.1 0.1 0.1 0.1 0.1 0.1 0.1 0.1
 0.1 0.1 0.1 0.1 0.1 0.1 0.1 0.1 0.1 0.1 0.1 0.1 0.1 0.1 0.1 0.1 0.1 0.1
 0.1 0.1 0.1 0.1 0.1 0.1 0.1 0.1 0.1 0.1 0.1 0.1 0.1 0.1 0.1 0.1 0.1 0.1
 0.1 0.1 0.1 0.1 0.1 0.1 0.1 0.1 0.1 0.1 0.1 0.1 0.1 0.1 0.1 0.1 0.1 0.1
 0.1 0.1 0.1 0.1 0.1 0.1 0.1 0.1 0.1 0.1 0.1 0.1 0.1 0.1 0.1 0.1 0.1 0.1
 0.1 0.1 0.1 0.1 0.1 0.1 0.1 0.1 0.1 0.1 0.1 0.1 0.1 0.1 0.1 0.1 0.1 0.1
 0.1 0.1 0.1 0.1 0.1 0.1 0.1 0.1 0.1 0.1 0.1 0.1 0.1 0.1 0.1 0.1 0.1 0.1
 0.1 0.1 0.1 0.1 0.1 0.1 0.1 0.1 0.1 0.1 0.1 0.1 0.1 0.1 0.1 0.1 0.1 0.1
 0.1 0.1 0.1 0.1 0.1 0.1 0.1 0.1 0.1 0.1 0.1 0.1 0.1 0.1 0.1 0.1 0.1 0.1
 0.1 0.1 0.1 0.1 0.1 0.1 0.1 0.1 0.1 0.1 0.1 0.1 0.1 0.1 0.1 0.1 0.1 0.1
 0.1 0.1 0.1 0.1 0.1 0.1 0.1 0.1 0.1 0.1 0.1 0.1 0.1 0.1 0.1 0.1 0.1 0.1
 0.1 0.1 0.1 0.1 0.1 0.1 0.1 0.1 0.1 0.1 0.1 0.1 0.1 0.1 0.1 0.1 0.1 0.1
 0.1 0.1 0.1 0.1 0.1 0.1 0.1 0.1 0.1 0.1 0.1 0.1 0.1 0.1 0.1 0.1 0.1 0.1
 0.1 0.1 0.1 0.1 0.1 0.1 0.1 0.1 0.1 0.1 0.1 0.1 0.1 0.1 0.1 0.1 0.1 0.1
 0.1 0.1 0.1 0.1 0.1 0.1 0.1 0.1 0.1 0.1 0.1 0.1 0.1 0.1 0.1 0.1 0.1 0.1
 0.1 0.1 0.1 0.1 0.1 0.1 0.1 0.1 0.1 0.1 0.1 0.1 0.1 0.1 0.1 0.1 0.1 0.1
 0.1 0.1 0.1 0.1 0.1 0.1 0.1 0.1 0.1 0.1 0.1 0.1 0.1 0.1 0.1 0.1 0.1 0.1
 0.1 0.1 0.1 0.1 0.1 0.1 0.1 0.1 0.1 0.1 0.1 0.1 0.1 0.1 0.1 0.1 0.1 0.1
 0.1 0.1 0.1 0.1 0.1 0.1 0.1 0.1 0.1 0.1 0.1 0.1 0.1 0.1 0.1 0.1 0.1 0.1
 0.1]
swap interval:,400
sim interval:,[-1.1175e+08 -7.4500e+07 -3.7250e+07  0.0000e+00]
likelihood_sed (T/F):,True
erodep_coords:,[[ 0  3]
 [42 94]
 [42 95]
 ...
 [96 78]
 [96 79]
 [96 80]]
sed scaling factor:,1
samples_per_chain:,50
burnin:,0.35
num params:,415
initial_proposed_vec:,[ 1.02900043e+00  1.89759214e+00  1.30846877e+00  2.08714568e+00
  9.51108378e-07  5.41661290e-01  8.00254853e-01  4.17540834e-03
  8.75748131e-04  1.12440840e-03  5.46252110e-01  5.28083840e+00
  2.40016355e+04  5.83602124e+00  9.44786491e-03  1.43702546e+02
 -5.03324986e+02 -7.24916801e+01 -1.41395931e+02  4.66942001e+02
  1.32972537e+02 -2.84252952e+02 -1.08138434e+02 -1.29231029e+02
 -5.29100137e+02 -1.85602513e+02  5.99781191e+02  4.56064634e+02
 -1.51866105e+02 -5.20416249e+02 -3.44940928e+02 -2.81996366e+02
 -3.84369463e+02  5.21037837e+02  1.23362076e+02 -1.96831447e+02
 -1.84061231e+02 -2.09326285e+02 -1.09807104e+02  4.26137862e+02
 -5.54571222e+02  1.20017481e+02  5.31304583e+02  1.00868841e+02
  5.31928471e+02  2.00455395e+02 -5.45144923e+02 -2.53484373e+01
  9.06199678e+01  3.70336821e+01  5.07401306e+02  8.53310408e+00
 -2.22083563e+02  4.83159574e+02  5.83889108e+02 -2.82801646e+02
  4.44403797e+02  3.87516274e+02  1.99583279e+02  5.00345862e+02
 -3.54930168e+02  3.20254068e+02 -2.54414608e+02  7.21485166e+01
  1.91240329e+02  3.70704336e+02 -1.44970503e+02 -1.58504734e+02
 -2.92272093e+02 -3.35167312e+02 -2.12243236e+02  8.91539036e+01
  8.96581920e+01  5.58526508e+02  1.02714248e+02  4.86443553e+02
 -4.99777459e+02  1.67758472e+02 -1.06091019e+02 -8.95421697e+01
 -1.66547195e+02  5.03393164e+01  5.40464646e+02  2.75041191e+01
  5.30511532e+01  2.96129221e+01  4.03466417e+02 -4.80851815e+02
  9.42154259e+01 -2.72113130e+02  4.39438974e+02 -4.27796389e+02
  5.24013891e+02 -1.16171743e+02 -4.47296947e+02 -1.35243927e+02
  5.97455347e+02  3.55524136e+02 -9.59091825e+01 -5.39478280e+01
 -1.61536278e+02  1.57059090e+02  4.98922509e+02  1.45724040e+02
  8.62037505e+01  2.91770096e+02  2.15660253e+02  2.46048271e+02
  5.65536203e+00  5.14933229e+02 -5.78491685e+02 -2.92475409e+02
 -2.78847295e+02  5.33838961e+02 -5.08541951e+02 -5.21780234e+02
  5.16222298e+02 -5.23527706e+02  5.71572316e+02 -1.49717247e+01
  4.01428604e+01 -2.15675406e+02  4.92777774e+02 -3.80012553e+02
 -3.80373972e+02 -1.75422122e+02  1.76193997e+00 -1.32551615e+02
 -1.12549584e+02 -1.94539454e+02 -5.70694754e+02  1.93730811e+01
  1.19297710e+02  4.01157747e+01  3.56468842e+02  9.58802757e+01
  3.11345501e+02 -5.08694017e+02 -2.62231631e+02 -1.18628773e+02
  5.02048666e+02 -5.90381346e+02 -3.63109355e+02  1.93746998e+01
  1.70929294e+02 -2.81343240e+02 -3.70471974e+02  1.91944385e+02
 -3.09548755e+02  2.65848186e+02 -5.72697828e+02 -4.01844013e+02
  1.10794970e+02  5.03744995e+02  5.17155708e+02  2.18792179e+02
  6.61622061e+01  2.87961687e+02  2.33456657e+02 -3.79748486e+02
  3.18386125e+02 -9.36162156e+01 -1.91189406e+02  2.40410933e+02
 -3.94691115e+02 -5.26804369e+02 -4.84285417e+02  3.37584932e+02
  5.82771049e+02 -1.57668542e+02 -1.52141338e+02  4.25088619e+02
 -3.71635565e+02 -5.75956758e+02 -5.30403016e+02  2.73474170e+02
  2.85143377e+02  3.63405123e+02 -3.99001306e+02 -6.81677556e+01
 -2.43605725e+00 -3.39105841e+02  2.94262379e+02 -8.23436406e+01
 -2.36706555e+02  2.94557753e+02 -3.41707504e+01  1.57963008e+02
 -4.72193026e+02  4.92128837e+02 -4.83251826e+02 -4.87462006e+02
 -3.92770005e+02  4.52948360e+02  1.17590657e+02 -1.31381630e+02
  1.37303260e+02 -2.97739859e+02  3.07029155e+02  2.75779314e+02
 -2.62890520e+02 -2.44271442e+02 -3.31518601e+02 -5.56028013e+02
 -5.11021205e+02 -5.45658182e+02  2.01186732e+02  5.65076535e+02
  1.42671041e+01  6.37535392e+01  1.11233736e+02 -5.07654934e+02
  5.98939695e+02  7.44454066e+01 -4.33530368e+01 -2.21887066e+02
  4.85532659e+02 -4.99099876e+02 -5.41516157e+02 -3.19264392e+02
  5.30197295e+02  3.62332472e+02 -2.24488283e+02 -4.95283460e+02
 -1.47524468e+00  4.02899005e+02  5.13439743e+02  4.19759647e+02
  2.65674237e+02  2.58145365e+02  5.56747794e+02  8.29292587e+01
  7.88075610e+01  1.80327588e+02  1.97109829e+02  3.45567884e+02
  1.42959482e+02 -3.52872004e+02 -1.42262646e+01  4.02827813e+02
 -1.63138205e+02  2.25151423e+02 -3.69047496e+02  5.58791347e+02
 -1.05948322e+02 -3.14114488e+02 -3.06673725e+02 -3.50514812e+02
  4.11936792e+02  4.71259086e+02  2.88028103e+02  1.83596723e+02
 -7.53241364e+01  4.60514733e+02 -1.15522691e+02 -2.80161406e+02
 -6.85542520e+01  5.18599991e+02 -3.49772736e+01  3.28588247e+02
 -3.82824256e+02  2.41424357e+02 -2.77776515e+02 -7.56906328e+01
  5.84322206e+02  2.68959568e+02 -5.94090528e+02 -8.64042236e+01
 -1.10080412e+02  5.25275739e+02  2.00645204e+02 -5.80753249e+02
 -4.79681196e+02  4.35520182e+02  3.27202282e+02 -6.66023930e+01
 -1.30861113e+02 -5.53944897e+02 -3.13336123e+02 -4.57308384e+02
  5.41847736e+02  1.13755125e+02 -1.73271128e+02 -5.17696148e+02
 -2.25118323e+02 -4.22380023e+02  9.06944265e+01 -3.70504695e+01
 -3.19493911e+02 -7.70450382e+01  3.62807709e+02  4.77461562e+02
  4.07180966e+02  5.05086453e+01  1.84969646e+02 -2.70248233e+02
  5.77044000e+02  5.43841372e+02  4.08561537e+02 -1.01351256e+02
  2.32154855e+02 -4.11700092e+02 -1.78261555e+02  5.95217555e+02
  1.52315861e+02  2.08445182e+02 -2.40972808e+02 -2.63352830e+02
  3.73831006e+02 -1.00667636e+02 -6.28042605e+01 -5.86374497e+02
 -1.69933851e+01  1.91274902e+00 -5.33539680e+02 -2.37816117e+02
  3.22336202e+02 -8.34486225e+01 -5.94068871e+02  4.29412743e+02
 -2.51479598e+02  4.65101775e+02  5.45694335e+02  3.61525636e+02
 -5.94927979e+02  3.42433445e+02  4.30000771e+02 -1.74276712e+02
  5.66034468e+02  9.74118295e+00  4.34467611e+02 -2.05087809e+02
 -4.95999181e+02  2.25146990e+02  2.49618584e+02  1.47439034e+02
  5.96777438e+02  1.94851986e+02  1.45951320e+02 -2.45161305e+02
  1.75589070e+02  5.92022956e+02 -4.76444184e+02 -5.96454774e+02
  1.69061306e+02 -3.25225235e+02 -2.28475224e+02  2.53816610e+02
  5.94360119e+02  1.24721651e+02 -5.37222593e+02 -4.70900374e+02
 -4.07776846e+02 -3.99097543e+02 -5.83828525e+02  5.35768002e+02
 -5.90079547e+02 -1.69969394e+02 -5.91506508e+02  5.69487430e+02
  6.63789703e+01  4.36885760e+02  5.71596175e+02 -5.72223850e+02
 -8.65350607e+01 -2.86861661e+02  1.59042929e+02  2.98885309e+02
  5.01547517e+02 -5.57663578e+02 -4.22666155e+02  3.38971294e+02
 -3.51289879e+02 -2.34639893e+01 -3.46568035e+02 -5.58659878e+02
  2.92286716e+02 -3.62575124e+02  1.36791189e+02  4.63980380e+02
  4.84008463e+02  2.25962751e+02  7.54037400e+01  5.40846938e+02
  3.34835221e+02 -5.71821917e+02  9.80352659e+01 -4.01702008e+02
  4.69337762e+02  3.37828782e+02 -1.59427396e+02 -9.15312758e+01
 -1.96849019e+02  5.04928902e+02  1.79958156e+02 -3.16501579e+02
  4.77533830e+02  1.52577992e+02 -1.13154262e+02  2.88932888e+02
 -1.61898419e+02  4.32710128e+02  4.43379066e+02 -5.82143075e+02
 -2.20605477e+02 -5.70665177e+02 -1.96032738e+02  5.03379479e+02
 -2.19256183e+02  1.04900868e+01  1.03091013e+00  7.47847265e+01
  3.17745648e+02 -1.34871926e+02 -4.00143517e+02]
stepsize_vec:,[3.0e-01 3.0e-01 3.0e-01 3.0e-01 4.0e-08 5.0e-03 4.0e-02 3.0e-04 1.2e-04
 4.0e-05 2.0e-02 2.0e-01 1.0e-01 2.0e-01 1.5e-03 1.2e+02 1.2e+02 1.2e+02
 1.2e+02 1.2e+02 1.2e+02 1.2e+02 1.2e+02 1.2e+02 1.2e+02 1.2e+02 1.2e+02
 1.2e+02 1.2e+02 1.2e+02 1.2e+02 1.2e+02 1.2e+02 1.2e+02 1.2e+02 1.2e+02
 1.2e+02 1.2e+02 1.2e+02 1.2e+02 1.2e+02 1.2e+02 1.2e+02 1.2e+02 1.2e+02
 1.2e+02 1.2e+02 1.2e+02 1.2e+02 1.2e+02 1.2e+02 1.2e+02 1.2e+02 1.2e+02
 1.2e+02 1.2e+02 1.2e+02 1.2e+02 1.2e+02 1.2e+02 1.2e+02 1.2e+02 1.2e+02
 1.2e+02 1.2e+02 1.2e+02 1.2e+02 1.2e+02 1.2e+02 1.2e+02 1.2e+02 1.2e+02
 1.2e+02 1.2e+02 1.2e+02 1.2e+02 1.2e+02 1.2e+02 1.2e+02 1.2e+02 1.2e+02
 1.2e+02 1.2e+02 1.2e+02 1.2e+02 1.2e+02 1.2e+02 1.2e+02 1.2e+02 1.2e+02
 1.2e+02 1.2e+02 1.2e+02 1.2e+02 1.2e+02 1.2e+02 1.2e+02 1.2e+02 1.2e+02
 1.2e+02 1.2e+02 1.2e+02 1.2e+02 1.2e+02 1.2e+02 1.2e+02 1.2e+02 1.2e+02
 1.2e+02 1.2e+02 1.2e+02 1.2e+02 1.2e+02 1.2e+02 1.2e+02 1.2e+02 1.2e+02
 1.2e+02 1.2e+02 1.2e+02 1.2e+02 1.2e+02 1.2e+02 1.2e+02 1.2e+02 1.2e+02
 1.2e+02 1.2e+02 1.2e+02 1.2e+02 1.2e+02 1.2e+02 1.2e+02 1.2e+02 1.2e+02
 1.2e+02 1.2e+02 1.2e+02 1.2e+02 1.2e+02 1.2e+02 1.2e+02 1.2e+02 1.2e+02
 1.2e+02 1.2e+02 1.2e+02 1.2e+02 1.2e+02 1.2e+02 1.2e+02 1.2e+02 1.2e+02
 1.2e+02 1.2e+02 1.2e+02 1.2e+02 1.2e+02 1.2e+02 1.2e+02 1.2e+02 1.2e+02
 1.2e+02 1.2e+02 1.2e+02 1.2e+02 1.2e+02 1.2e+02 1.2e+02 1.2e+02 1.2e+02
 1.2e+02 1.2e+02 1.2e+02 1.2e+02 1.2e+02 1.2e+02 1.2e+02 1.2e+02 1.2e+02
 1.2e+02 1.2e+02 1.2e+02 1.2e+02 1.2e+02 1.2e+02 1.2e+02 1.2e+02 1.2e+02
 1.2e+02 1.2e+02 1.2e+02 1.2e+02 1.2e+02 1.2e+02 1.2e+02 1.2e+02 1.2e+02
 1.2e+02 1.2e+02 1.2e+02 1.2e+02 1.2e+02 1.2e+02 1.2e+02 1.2e+02 1.2e+02
 1.2e+02 1.2e+02 1.2e+02 1.2e+02 1.2e+02 1.2e+02 1.2e+02 1.2e+02 1.2e+02
 1.2e+02 1.2e+02 1.2e+02 1.2e+02 1.2e+02 1.2e+02 1.2e+02 1.2e+02 1.2e+02
 1.2e+02 1.2e+02 1.2e+02 1.2e+02 1.2e+02 1.2e+02 1.2e+02 1.2e+02 1.2e+02
 1.2e+02 1.2e+02 1.2e+02 1.2e+02 1.2e+02 1.2e+02 1.2e+02 1.2e+02 1.2e+02
 1.2e+02 1.2e+02 1.2e+02 1.2e+02 1.2e+02 1.2e+02 1.2e+02 1.2e+02 1.2e+02
 1.2e+02 1.2e+02 1.2e+02 1.2e+02 1.2e+02 1.2e+02 1.2e+02 1.2e+02 1.2e+02
 1.2e+02 1.2e+02 1.2e+02 1.2e+02 1.2e+02 1.2e+02 1.2e+02 1.2e+02 1.2e+02
 1.2e+02 1.2e+02 1.2e+02 1.2e+02 1.2e+02 1.2e+02 1.2e+02 1.2e+02 1.2e+02
 1.2e+02 1.2e+02 1.2e+02 1.2e+02 1.2e+02 1.2e+02 1.2e+02 1.2e+02 1.2e+02
 1.2e+02 1.2e+02 1.2e+02 1.2e+02 1.2e+02 1.2e+02 1.2e+02 1.2e+02 1.2e+02
 1.2e+02 1.2e+02 1.2e+02 1.2e+02 1.2e+02 1.2e+02 1.2e+02 1.2e+02 1.2e+02
 1.2e+02 1.2e+02 1.2e+02 1.2e+02 1.2e+02 1.2e+02 1.2e+02 1.2e+02 1.2e+02
 1.2e+02 1.2e+02 1.2e+02 1.2e+02 1.2e+02 1.2e+02 1.2e+02 1.2e+02 1.2e+02
 1.2e+02 1.2e+02 1.2e+02 1.2e+02 1.2e+02 1.2e+02 1.2e+02 1.2e+02 1.2e+02
 1.2e+02 1.2e+02 1.2e+02 1.2e+02 1.2e+02 1.2e+02 1.2e+02 1.2e+02 1.2e+02
 1.2e+02 1.2e+02 1.2e+02 1.2e+02 1.2e+02 1.2e+02 1.2e+02 1.2e+02 1.2e+02
 1.2e+02 1.2e+02 1.2e+02 1.2e+02 1.2e+02 1.2e+02 1.2e+02 1.2e+02 1.2e+02
 1.2e+02 1.2e+02 1.2e+02 1.2e+02 1.2e+02 1.2e+02 1.2e+02 1.2e+02 1.2e+02
 1.2e+02 1.2e+02 1.2e+02 1.2e+02 1.2e+02 1.2e+02 1.2e+02 1.2e+02 1.2e+02
 1.2e+02 1.2e+02 1.2e+02 1.2e+02 1.2e+02 1.2e+02 1.2e+02 1.2e+02 1.2e+02
 1.2e+02 1.2e+02 1.2e+02 1.2e+02 1.2e+02 1.2e+02 1.2e+02 1.2e+02 1.2e+02
 1.2e+02 1.2e+02 1.2e+02 1.2e+02 1.2e+02 1.2e+02 1.2e+02 1.2e+02 1.2e+02
 1.2e+02 1.2e+02 1.2e+02 1.2e+02 1.2e+02 1.2e+02 1.2e+02 1.2e+02 1.2e+02
 1.2e+02]
step_ratio_vec:,[0.1 0.1 0.1 0.1 0.1 0.1 0.1 0.1 0.1 0.1 0.1 0.1 0.1 0.1 0.1 0.1 0.1 0.1
 0.1 0.1 0.1 0.1 0.1 0.1 0.1 0.1 0.1 0.1 0.1 0.1 0.1 0.1 0.1 0.1 0.1 0.1
 0.1 0.1 0.1 0.1 0.1 0.1 0.1 0.1 0.1 0.1 0.1 0.1 0.1 0.1 0.1 0.1 0.1 0.1
 0.1 0.1 0.1 0.1 0.1 0.1 0.1 0.1 0.1 0.1 0.1 0.1 0.1 0.1 0.1 0.1 0.1 0.1
 0.1 0.1 0.1 0.1 0.1 0.1 0.1 0.1 0.1 0.1 0.1 0.1 0.1 0.1 0.1 0.1 0.1 0.1
 0.1 0.1 0.1 0.1 0.1 0.1 0.1 0.1 0.1 0.1 0.1 0.1 0.1 0.1 0.1 0.1 0.1 0.1
 0.1 0.1 0.1 0.1 0.1 0.1 0.1 0.1 0.1 0.1 0.1 0.1 0.1 0.1 0.1 0.1 0.1 0.1
 0.1 0.1 0.1 0.1 0.1 0.1 0.1 0.1 0.1 0.1 0.1 0.1 0.1 0.1 0.1 0.1 0.1 0.1
 0.1 0.1 0.1 0.1 0.1 0.1 0.1 0.1 0.1 0.1 0.1 0.1 0.1 0.1 0.1 0.1 0.1 0.1
 0.1 0.1 0.1 0.1 0.1 0.1 0.1 0.1 0.1 0.1 0.1 0.1 0.1 0.1 0.1 0.1 0.1 0.1
 0.1 0.1 0.1 0.1 0.1 0.1 0.1 0.1 0.1 0.1 0.1 0.1 0.1 0.1 0.1 0.1 0.1 0.1
 0.1 0.1 0.1 0.1 0.1 0.1 0.1 0.1 0.1 0.1 0.1 0.1 0.1 0.1 0.1 0.1 0.1 0.1
 0.1 0.1 0.1 0.1 0.1 0.1 0.1 0.1 0.1 0.1 0.1 0.1 0.1 0.1 0.1 0.1 0.1 0.1
 0.1 0.1 0.1 0.1 0.1 0.1 0.1 0.1 0.1 0.1 0.1 0.1 0.1 0.1 0.1 0.1 0.1 0.1
 0.1 0.1 0.1 0.1 0.1 0.1 0.1 0.1 0.1 0.1 0.1 0.1 0.1 0.1 0.1 0.1 0.1 0.1
 0.1 0.1 0.1 0.1 0.1 0.1 0.1 0.1 0.1 0.1 0.1 0.1 0.1 0.1 0.1 0.1 0.1 0.1
 0.1 0.1 0.1 0.1 0.1 0.1 0.1 0.1 0.1 0.1 0.1 0.1 0.1 0.1 0.1 0.1 0.1 0.1
 0.1 0.1 0.1 0.1 0.1 0.1 0.1 0.1 0.1 0.1 0.1 0.1 0.1 0.1 0.1 0.1 0.1 0.1
 0.1 0.1 0.1 0.1 0.1 0.1 0.1 0.1 0.1 0.1 0.1 0.1 0.1 0.1 0.1 0.1 0.1 0.1
 0.1 0.1 0.1 0.1 0.1 0.1 0.1 0.1 0.1 0.1 0.1 0.1 0.1 0.1 0.1 0.1 0.1 0.1
 0.1 0.1 0.1 0.1 0.1 0.1 0.1 0.1 0.1 0.1 0.1 0.1 0.1 0.1 0.1 0.1 0.1 0.1
 0.1 0.1 0.1 0.1 0.1 0.1 0.1 0.1 0.1 0.1 0.1 0.1 0.1 0.1 0.1 0.1 0.1 0.1
 0.1 0.1 0.1 0.1 0.1 0.1 0.1 0.1 0.1 0.1 0.1 0.1 0.1 0.1 0.1 0.1 0.1 0.1
 0.1]
swap interval:,400
sim interval:,[-1.1175e+08 -7.4500e+07 -3.7250e+07  0.0000e+00]
likelihood_sed (T/F):,True
erodep_coords:,[[ 0  3]
 [42 94]
 [42 95]
 ...
 [96 78]
 [96 79]
 [96 80]]
sed scaling factor:,1