-12464.98000 -15186.51000 -7590.51000 -8382.99000 -11280.09000 -10215.23000 -9258.61000 -13752.95000
-12456.33000 -15181.52000 -7592.02000 -8371.82000 -11276.87000 -10201.93000 -9256.51000 -13759.25000
-12455.13000 -15198.52000 -7589.47000 -8373.63000 -11261.41000 -10203.92000 -9252.93000 -13744.93000
-12448.46000 -15205.63000 -7578.41000 -8377.63000 -11279.06000 -10214.25000 -9255.72000 -13739.23000
-12435.75000 -15176.76000 -7589.61000 -8369.34000 -11259.67000 -10222.13000 -9259.05000 -13745.81000
-12501.35000 -15154.13000 -7584.03000 -8373.84000 -11280.30000 -10211.80000 -9250.34000 -13766.94000
-12447.14000 -15171.21000 -7582.17000 -8377.07000 -11270.29000 -10208.94000 -9255.52000 -13749.87000
-12424.30000 -15160.91000 -7591.59000 -8374.75000 -11263.37000 -10210.29000 -9251.41000 -13752.75000
-12454.88000 -15207.09000 -7577.56000 -8373.15000 -11266.76000 -10213.45000 -9256.81000 -13742.76000
-12434.47000 -15179.85000 -7580.37000 -8397.94000 -11266.83000 -10214.11000 -9251.72000 -13751.86000
-12418.88000 -15184.39000 -7581.74000 -8374.79000 -11256.90000 -10208.98000 -9250.68000 -13751.83000
-12428.10000 -15168.75000 -7585.41000 -8369.03000 -11258.50000 -10199.49000 -9249.29000 -13750.36000
-12416.29000 -15172.78000 -7581.68000 -8359.01000 -11270.59000 -10208.87000 -9245.66000 -13760.76000
-12419.62000 -15178.78000 -7584.90000 -8364.60000 -11255.88000 -10206.59000 -9249.68000 -13739.92000
-12419.69000 -15166.66000 -7582.29000 -8355.56000 -11248.49000 -10197.05000 -9248.22000 -13754.42000
-12405.63000 -15192.65000 -7581.37000 -8357.31000 -11248.34000 -10196.22000 -9252.52000 -13763.42000
-12405.68000 -15175.44000 -7588.93000 -8362.30000 -11260.32000 -10196.88000 -9246.40000 -13739.61000
-15125.73000 -15174.84000 -15157.82000 -15150.02000 -15142.34000 -15152.79000 -15168.79000 -15173.11000
-15127.31000 -15164.73000 -15167.20000 -15151.39000 -15151.07000 -15155.74000 -15171.55000 -15168.25000
-15125.70000 -15188.46000 -15167.88000 -15156.20000 -15143.40000 -15151.43000 -15166.47000 -15170.19000
-15136.68000 -15185.68000 -15172.30000 -15143.96000 -15135.25000 -15155.29000 -15161.19000 -15182.21000
-15124.60000 -15158.75000 -15171.15000 -15148.05000 -15144.63000 -15148.46000 -15186.78000 -15162.51000
-15129.50000 -15157.64000 -15166.47000 -15148.64000 -15137.79000 -15143.36000 -15161.45000 -15152.47000
-15127.55000 -15164.27000 -15169.66000 -15134.50000 -15143.73000 -15161.98000 -15166.40000 -15151.17000
-15123.05000 -15164.48000 -15154.70000 -15166.27000 -15143.09000 -15139.78000 -15176.80000 -15156.48000
-15134.67000 -15168.02000 -15151.84000 -15142.59000 -15146.27000 -15135.66000 -15176.64000 -15164.02000
-15131.33000 -15166.82000 -15140.85000 -15151.50000 -15131.96000 -15143.28000 -15164.01000 -15165.83000
-15122.59000 -15167.32000 -15156.48000 -15156.11000 -15152.34000 -15136.90000 -15163.72000 -15156.45000
-15119.92000 -15157.93000 -15136.23000 -15148.52000 -15130.55000 -15129.94000 -15180.16000 -15150.47000
-15107.13000 -15180.99000 -15126.07000 -15154.27000 -15137.43000 -15135.34000 -15166.91000 -15143.82000
-15109.15000 -15170.85000 -15141.38000 -15144.24000 -15140.04000 -15135.80000 -15160.15000 -15148.49000
-15123.78000 -15158.82000 -15140.22000 -15154.63000 -15117.87000 -15127.83000 -15171.14000 -15151.76000
-15112.23000 -15152.87000 -15150.62000 -15147.64000 -15124.87000 -15133.85000 -15165.81000 -15165.69000
-15101.98000 -15163.99000 -15128.12000 -15139.96000 -15129.52000 -15142.63000 -15163.60000 -15152.36000
-15114.01000 -15164.26000 -15135.69000 -15136.16000 -15114.53000 -15133.96000 -15152.93000 -15145.11000
-15109.07000 -15148.66000 -15161.91000 -15178.99000 -15128.14000 -15137.14000 -15155.74000 -15141.74000
-15109.34000 -15148.53000 -15134.47000 -15164.47000 -15123.01000 -15129.57000 -15154.10000 -15176.95000
-15108.15000 -15167.67000 -15143.74000 -15167.18000 -15130.63000 -15139.46000 -15156.85000 -15166.19000
-15118.63000 -15147.88000 -15137.68000 -15174.88000 -15105.75000 -15147.78000 -15145.50000 -15155.78000
-15108.17000 -15163.03000 -15133.88000 -15162.26000 -15110.88000 -15122.89000 -15161.91000 -15168.41000
-15108.86000 -15154.63000 -15149.19000 -15142.52000 -15115.34000 -15125.29000 -15163.79000 -15167.81000
-15102.96000 -15153.79000 -15132.12000 -15150.30000 -15113.46000 -15128.36000 -15157.65000 -15154.96000
-15112.88000 -15149.24000 -15147.94000 -15155.27000 -15105.54000 -15131.94000 -15151.84000 -15160.38000
-15117.46000 -15149.39000 -15140.65000 -15156.15000 -15111.79000 -15120.09000 -15159.60000 -15162.55000
-15111.97000 -15154.58000 -15154.08000 -15153.03000 -15108.02000 -15135.68000 -15148.20000 -15153.74000
-15117.92000 -15156.54000 -15136.70000 -15161.80000 -15122.87000 -15124.45000 -15141.24000 -15168.22000
-15104.38000 -15144.23000 -15143.74000 -15150.66000 -15130.06000 -15126.03000 -15140.81000 -15155.52000
-15141.11000 -15149.58000 -15122.50000 -15172.16000 -15123.32000 -15128.14000 -15146.96000 -15155.62000
-15109.87000 -15147.69000 -15129.25000 -15212.32000 -15122.82000 -15127.91000 -15141.28000 -15160.45000
