1.232980969336733512e+00
1.839781456836733442e+00
1.241679061479591173e+00
1.953154301581633945e+00
9.013010204081616175e-07
5.144724996683672780e-01
8.477431602295905089e-01
4.551937500000006499e-03
1.070165892857141829e-03
1.048491938775512108e-03
5.249114546938783432e-01
5.262622489132651182e+00
2.314448310214417143e+04
5.306062837576522639e+00
9.142181096938770471e-03
2.372751151128572644e+02
-3.242834707488006529e+02
-5.714728924073975236e+01
-6.511723353571433393e+01
3.454069481218108422e+02
7.590241783512756513e+01
-1.829889915069387314e+02
-6.552248344589284557e+01
-2.986553171069640484e+02
-3.133526725876779437e+02
-1.490652640134692888e+02
3.199587143779334042e+02
2.461925822258929202e+02
-7.507203115928567172e+01
-3.008490726506122428e+02
-2.642912264085205720e+02
-1.738366239322958506e+02
-2.358933065434945320e+02
3.175410508537756300e+02
8.236786183992346366e+01
-2.142957574998465020e+02
-1.441823329215562808e+02
-1.700586086771938028e+02
-1.347270920643112220e+02
2.624924802706381683e+02
-2.219241964261480859e+02
7.832170172260228469e+01
3.621361863533680321e+02
7.945525008145385470e+01
3.584828366279592160e+02
1.232405001577551502e+02
-3.998644375305362928e+02
1.464034504542349282e+02
-5.092429871239788497e+01
5.763780716173475582e+01
3.530550891750505116e+02
-2.352210562017852169e+01
-1.392761927288777599e+02
3.538031980357145585e+02
2.858385796188517247e+02
-2.119207746147706644e+02
2.987093151557397732e+02
3.259669590513776711e+02
1.798682005075257848e+02
1.844165268371427260e+02
-2.724541101519128574e+02
2.584826865326018037e+02
-2.239039132433673274e+02
1.290528524540561932e+02
1.869869219904849444e+02
1.836988666628317333e+02
-1.403715134397953790e+01
-1.201687436717346031e+02
-1.172026520812756871e+02
-2.796605712962749521e+02
-1.360843159992347182e+02
6.973646824132647914e+00
9.582366539375004777e+01
3.744741372676286915e+02
1.516049073673469536e+02
3.608024964459693251e+02
-3.868543789355608169e+02
7.952131968374995097e+01
-1.046596379850768699e+02
-1.310915712099237567e+02
-5.197748602369896531e+01
4.170727575714318291e+00
3.666818686248981294e+02
1.215563095443365853e+02
6.765626000316322575e+01
1.035427316198983938e+01
4.203141905508423406e+02
-3.248836792486230820e+02
-2.581861980528067946e+01
-1.178039131490050977e+02
2.670070045482395926e+02
-3.351130611312754581e+02
3.128691604902041377e+02
-1.355678340515815137e+02
-3.643467834213008700e+02
-1.644614896572702776e+02
3.518576601219383519e+02
3.125870553148474187e+02
-1.346644367363011838e+02
-1.189728041341326303e+02
-2.289855668790820289e+02
9.507415794252524677e+01
2.423589767470151912e+02
1.868131623938779029e+01
4.748780975790813841e+01
2.691698724319894609e+02
2.335816508497448183e+02
1.339872616256887454e+02
4.414696930645413886e+01
3.335697127179590211e+02
-4.126643890281125095e+02
-2.376481891169131870e+02
-9.758198727165819264e+01
3.891548147470412005e+02
-2.478857183318111765e+02
-2.690937579103822941e+02
2.450181285597952296e+02
-4.058721555088773698e+02
3.642434654753318455e+02
-1.066577014020152490e+02
6.643195375206637721e+01
-1.984429993314278988e+02
2.866735972243621404e+02
-2.484357790597452436e+02
-2.360970385879850539e+02
-1.117742859445152277e+02
-1.362115936458924068e+02
-1.257445920755612150e+02
-1.461603848456641863e+01
-9.758165470936226882e+01
-2.813653853634437496e+02
1.335931140895403360e+02
1.042437634643112858e+02
9.333802481558667807e+01
2.460251775150252342e+02
1.219193625714286071e+02
1.932868360868364164e+02
-2.470394079326027565e+02
-1.274294737667858612e+02
-1.916070529658417456e+02
3.445340719441841202e+02
-3.331185689821935512e+02
-2.129913048434190159e+02
4.959528286201533831e+01
9.096251276844401445e+01
-2.974087966774739016e+02
-2.893806107282647986e+02
6.624119364693872569e+01
-1.251128291145663098e+02
1.594396600894379787e+02
-3.814040372736992026e+02
-2.649376979229592735e+02
-5.309817906017855194e+01
2.892503541606629369e+02
3.168850734545154637e+02
2.656433855149238639e+02
-1.070684134084179107e+01
2.466975868151268969e+02
1.686644590458163293e+02
-3.472288334281890343e+02
1.917522988619644480e+02
1.728520603584184911e+01
-1.799742089633167552e+02
8.727086750767861645e+01
-2.572681695462495668e+02
-3.868211464637246877e+02
-2.981737659869128265e+02
2.101910350602301207e+02
4.228778976197698398e+02
-1.950553699474234861e+02
8.600182396530607321e+01
2.476486121791845676e+02
-3.311483371753066081e+02
-3.426343482086741119e+02
-2.610213423586990871e+02
2.150372962984184539e+02
3.011111743390306401e+02
2.485207911954600775e+02
-2.722248954965303369e+02
3.957312568852044876e+01
8.449566760913253916e+01
-2.608515584111481758e+02
3.524131755642854102e+01
-2.025978102727290775e+02
-1.397901489119896610e+02
2.069896284542099636e+02
1.063078715722961931e+02
3.930901917224497311e+01
-2.235341842414539428e+02
1.037510404341583694e+02
-3.665176792736990024e+02
-2.900183617372710501e+02
-2.155565343208675131e+02
2.973098506441587574e+02
1.657853758794129817e+02
-8.417893052280598454e+01
4.634212531316316586e+01
-1.634315879569896026e+02
2.005854972657393773e+02
3.087090150017598944e+02
-1.150157892491328511e+02
-1.602188296246941093e+02
-3.145899140635462459e+02
-4.099891989598719988e+02
-4.181281789701528169e+02
-3.770943469256617959e+02
8.933414559469379412e+01
2.662049422542597767e+02
-2.129815003528059947e+01
-1.894263346150509619e+01
1.150187796366579249e+02
-2.723910510027296823e+02
3.237171197666840499e+02
1.713948203547959679e+02
-1.267021278031634210e+02
-2.240825675469388898e+02
4.048927570510209080e+02
-2.719028225982654590e+02
-2.860193665386736939e+02
-3.234939632528574975e+02
2.495554401770415041e+02
3.111478547171941500e+02
-1.824026179522192592e+02
-3.556651901219644287e+02
6.240511956553583417e+01
3.315942286769650309e+02
2.501320522097196317e+02
3.491800236274242479e+02
2.825941786025517288e+01
1.881839712008417962e+02
3.196184001620411550e+02
-3.832848892227055870e+01
8.038400715609688518e+01
1.087833103987249928e+01
1.567212922419389258e+02
1.253617209627295637e+02
1.152963848343111977e+02
-2.720387242368107081e+02
9.066531713596940278e+01
2.487868831770149427e+02
-2.576358271602554169e+02
1.800664692475256459e+02
-3.452129349830100296e+02
4.077674132163262470e+02
-3.147696731426009364e+01
-2.038662937308672554e+02
-2.795157180831889718e+02
-1.686045227240553857e+02
1.120019721528061609e+02
1.615317426550514881e+02
2.082340854764285325e+02
1.748290910930105042e+02
-3.551021876076530503e+01
2.392501851209443373e+02
-2.182262093516072810e+02
-1.282740875765052238e+02
9.465115762678415479e+00
3.306745227010204644e+02
2.793490842015327047e+00
1.787381093188271848e+02
-2.027380279055865913e+02
3.128454546338776368e+02
-1.780323231317601653e+02
2.299947184443874804e+01
3.731388149797448364e+02
1.633248770410713178e+02
-1.860855648476534725e+02
1.675412955209685890e+02
-1.694020915021171731e+02
3.271187853477035219e+02
1.021818333220407453e+02
-4.391018322495406778e+02
-3.217098858727038078e+02
3.363721826578065475e+02
2.479789129372705929e+02
6.825747902408153323e+01
-1.963049395639284569e+02
-3.967622103876540223e+02
-3.237349361242085592e+02
-2.989686456968623247e+02
3.224747150843878671e+02
1.693100513507141329e+02
-2.019159584556634854e+02
-2.762921890689283373e+02
-1.368199709847450833e+02
-3.161069618715813476e+02
2.042183198744131403e+02
-1.075079227355103768e+02
-4.016595995399227377e+02
-7.682069933671069606e-01
2.372116557127298506e+02
2.093542117169130279e+02
9.537412025178528552e+01
9.829380944270373277e+01
1.467063580505359539e+02
-1.984692328206634784e+02
3.915416692768625353e+02
3.139842152251786160e+02
2.540306827491577337e+02
4.401711137670921659e+01
2.229843680383166884e+02
-1.995184889481884056e+02
-2.204646486742853710e+02
3.218741206360971887e+02
1.787899704058929728e+02
2.833240244500764220e+02
-1.037058716870663204e+02
-2.407867783721433170e+02
2.757378268430866797e+02
-1.139964294154336386e+02
-4.509115985153069062e+01
-3.644193472518370527e+02
-1.646732574227048929e+01
-4.513432989285731622e+01
-3.227319306916835444e+02
-4.685413521915825896e+01
1.834985685231890500e+02
-1.549700282716328275e+02
-4.296437637157662834e+02
2.296938591683675099e+02
-1.432452064365052422e+02
2.367981638456375606e+02
3.605175327330359210e+02
1.196585765494900357e+02
-4.785447754694132527e+02
2.510453556967858901e+02
3.532584031239539399e+02
-1.205107031971171949e+02
2.456282289516072694e+02
-6.685800751071433012e+01
2.696212393869639641e+02
-2.326485589406373151e+02
-1.985261405932653531e+02
7.703157837022952492e+01
5.158574228112226656e+00
2.086757150721948051e+01
3.397691367372191280e+02
7.303070992522960125e+01
1.729341099359946554e+02
-8.808788092887770915e+01
1.032708123105102374e+02
4.485639592195404362e+02
-3.130190222102801840e+02
-3.701513591321178751e+02
2.187227481222966219e+02
-2.243464285245406984e+02
-3.723669680989764430e+01
3.638042225188523844e+02
2.680637822192352360e+02
1.272284476952807353e+02
-3.239688857059436486e+02
-3.773357613339549061e+02
-2.632711400196175191e+02
-3.558371490243363837e+02
-3.578477978469889536e+02
4.125198947424485709e+02
-4.727418434288277922e+02
-3.456928018374998857e+01
-4.068214273663005542e+02
3.352736299383927872e+02
1.544071141823726521e+02
3.032208410400512548e+02
3.911756645509180998e+02
-3.048890384309185606e+02
1.364298189469383082e+01
-2.162256528217860989e+02
-8.125844240142849628e+01
1.788309781640310803e+02
3.124669867638264122e+02
-3.227963339195915751e+02
-3.410269171764285829e+02
3.107274599636227208e+02
-1.430234611013519270e+02
-6.662461918150501106e+01
-2.178451255232142216e+02
-2.535856101469129840e+02
2.097379455009437663e+02
-3.195113506880104524e+02
9.663315803311215291e+01
2.386219772533674472e+02
3.317395513290298936e+02
2.466737525132648159e+02
1.539527710176018616e+02
2.846744945491071803e+02
2.209410311672449723e+02
-2.174406638441580242e+02
-4.775557344801023163e+01
-3.548914738768872326e+02
2.434286593855362071e+02
1.918291855166070548e+02
-2.751122640497193856e+02
-6.288832171015313577e+01
-9.062523042461737077e+01
3.713452324277808998e+02
2.568543445319136822e+02
-2.446086862035976139e+02
2.726710549606887639e+02
1.642555336065048266e+02
4.982365546428615843e+00
1.665557008292600756e+02
-2.071171316850252992e+02
2.611308153092093676e+02
2.520877086805098202e+02
-3.367254090091582270e+02
-1.174962377667092426e+02
-2.967402085158416867e+02
-5.359852292602032975e+01
3.384093221249995054e+02
-1.766590981532658304e+02
-6.146792798469333796e+00
-1.184563818290877979e+00
1.191488530737246236e+02
2.002377365537500680e+02
-2.225537041502047657e+02
-2.010934256221171381e+02
