8.777503647556328392e-01
6.962683954183976898e-01
6.313811020410526886e-01
8.098698431717212820e-01
1.981086364490289146e-07
9.957061449018222987e-02
1.766259393903522878e-01
1.002878460994097946e-03
3.434736803624897179e-04
2.123228679545495999e-04
1.062238460732420481e-01
1.050660330241771634e+00
4.454157852322780855e+03
1.096204107577791520e+00
2.925796693017476344e-03
2.166301247849152674e+02
2.018147595837893391e+02
2.738074467285953801e+02
3.211606360527100605e+02
1.747250992682244544e+02
2.846061781617380575e+02
2.674127723671715557e+02
1.538647279841519264e+02
1.723461246061523298e+02
2.012301684829354826e+02
2.460179469500859284e+02
2.760724726382660492e+02
3.186294009349778662e+02
2.602861770492709752e+02
2.219162198244619901e+02
1.909758770118916971e+02
2.240042174763875664e+02
2.268206133464071570e+02
2.139124628634372129e+02
2.081003562476496143e+02
2.077062249741476876e+02
2.834540022151140306e+02
2.780163307809207254e+02
2.033401921801930428e+02
1.806089164934594749e+02
2.592015925851335396e+02
3.002052720014198144e+02
2.031615739669245215e+02
2.226024286476855991e+02
1.909988363559924380e+02
2.689706561200242732e+02
1.637215834791929012e+02
2.446168077900267122e+02
3.364090574213099671e+02
2.826499314574871278e+02
2.156052080585862711e+02
2.618686644273851698e+02
2.403652627325367916e+02
2.656103938446197503e+02
2.957457156746777400e+02
2.551500549030726575e+02
2.111538407315512700e+02
2.061049503618694700e+02
2.309698681047864852e+02
2.793947923386417074e+02
2.812619052350802917e+02
2.013047582786367400e+02
2.224603280371904361e+02
2.929575203076902881e+02
2.031652893717585471e+02
2.128209890754452260e+02
2.809332736497889869e+02
2.492969016569730343e+02
2.959678686550441284e+02
1.714685960496420591e+02
2.182031389036623636e+02
2.518234301449917609e+02
2.569534650885408951e+02
2.109646973789028550e+02
2.671347227735446381e+02
1.753240424606151180e+02
1.708943617465708655e+02
2.821869588556659210e+02
2.510712541484576832e+02
2.444791880622714189e+02
3.501375838427570670e+02
2.494155553404532384e+02
1.981257316950973575e+02
2.506418665472214116e+02
2.127343669020474124e+02
2.434637650881730906e+02
1.724199874609797973e+02
2.194754206179003688e+02
2.140613043291758117e+02
2.771030239663606949e+02
1.897513090433953380e+02
1.879430932916009169e+02
2.189416519804939583e+02
2.990299026602251047e+02
1.978190048599221029e+02
2.361313612284428984e+02
2.138104098708101901e+02
2.183034626995144833e+02
3.154027174164839380e+02
2.156339355153022268e+02
2.308483389175146954e+02
2.607043260425083417e+02
2.733347977738034729e+02
1.860675036138409837e+02
3.150154189845647466e+02
2.171487366539496975e+02
2.169228724058551450e+02
2.765841513231950444e+02
2.634096701106357727e+02
1.883353539277841264e+02
1.373555665491228694e+02
1.821660300422760201e+02
2.525132760770696052e+02
1.848268840553396331e+02
2.119141662527255505e+02
3.194184650643575196e+02
2.969189058428630119e+02
1.700111856311408758e+02
1.505209234017255540e+02
2.903939977029421584e+02
1.704832566308437549e+02
1.922652474473402719e+02
2.521027942280819332e+02
2.274983256355878041e+02
2.131194589689623342e+02
2.855294454382225808e+02
2.941235733027740480e+02
2.648886290579354750e+02
2.535042027175868782e+02
3.241169908170658687e+02
2.092036136223120764e+02
2.863019940528546385e+02
3.049527832262437528e+02
2.726791326572958951e+02
2.106978817766338352e+02
2.410308149073648565e+02
2.589682578991897799e+02
2.194450430486366201e+02
3.056605626132167117e+02
2.285695665855815264e+02
2.071735316587656541e+02
2.369562206446304913e+02
2.181186639924243877e+02
2.112862810628414252e+02
2.504962002257121867e+02
2.169465220292806862e+02
1.862722505630615899e+02
2.866466356263703688e+02
2.411028463219615787e+02
2.687782097355739666e+02
1.494754410634273825e+02
2.440378145352819104e+02
2.612867417282110409e+02
1.998703246783390455e+02
2.544678077159746579e+02
2.158630783315529413e+02
2.625630935861692024e+02
2.956032615199006273e+02
2.476453996437391254e+02
1.549792238071923975e+02
1.914806772061942297e+02
2.690532772901802900e+02
2.353260204906429749e+02
2.149280315744758241e+02
1.937727898733969027e+02
1.636872909264518796e+02
2.477333392472231139e+02
2.795631378785415109e+02
1.333726891948861351e+02
1.878185406512371287e+02
2.331067869974393432e+02
2.607984405392224971e+02
1.707909294046919797e+02
2.029566175586825238e+02
2.564970849281466485e+02
1.689794510350718326e+02
1.747352621092800007e+02
1.844103143474150670e+02
1.972989490031912112e+02
2.794844747898687274e+02
2.718717059457970322e+02
2.619641966720150776e+02
2.991998759296471349e+02
2.401003958702424086e+02
2.594655859183537245e+02
2.327764729047740104e+02
1.775409636755650240e+02
2.730298509096402881e+02
3.009638696589530582e+02
2.233312689132887101e+02
2.174368488638521058e+02
2.647629473415709072e+02
2.410863254700715288e+02
2.428191439435752841e+02
2.574295999194661704e+02
2.633026835185552841e+02
2.412959915796550092e+02
2.699827345963682887e+02
2.021301091945682913e+02
2.205961018778548350e+02
3.082802584480365340e+02
2.569587893058929922e+02
2.094652562201260366e+02
1.686889731683111222e+02
1.533197252111681905e+02
1.792407081460160327e+02
2.733223889934808426e+02
2.663620421035349750e+02
2.095021366139162637e+02
2.596744531062224723e+02
2.308666142726926580e+02
2.499300061072077312e+02
1.932139592209534840e+02
1.855145448581480707e+02
2.572484305020049078e+02
2.058164011468238925e+02
1.736947451248741743e+02
2.357956582387742230e+02
3.018734521810259253e+02
2.161348844488072984e+02
2.353451536311618781e+02
2.284589582381307764e+02
2.365017618585510775e+02
1.765074681295772905e+02
2.177043466980447874e+02
2.157161354937873057e+02
2.749184983266204654e+02
1.832291863615480167e+02
2.743999113090785613e+02
2.140327387766722609e+02
2.454467029263518327e+02
3.049697520005139495e+02
2.371977885272458479e+02
3.142348922236299131e+02
1.908819907436730148e+02
3.165950602182050488e+02
3.086798748581870200e+02
1.947614456428665335e+02
2.801012543632215852e+02
3.278888588237440445e+02
1.590528124504427581e+02
2.201297331732129692e+02
1.570973609917902252e+02
1.449895853335675611e+02
1.949864657577939511e+02
2.983815136364593172e+02
2.201476131512622203e+02
2.807302568606041291e+02
2.955375787585896319e+02
3.226105626302086762e+02
2.100290240578279395e+02
2.762700831436234239e+02
3.056460463662004940e+02
2.279139461847751420e+02
2.607357858990257000e+02
2.979576109579883223e+02
2.826810616515116408e+02
2.111656594626954302e+02
2.340741269054960867e+02
2.422690933752637648e+02
2.198977093012989030e+02
2.125303778423982521e+02
2.752229332580984078e+02
2.560558149347104404e+02
1.915566048336257552e+02
2.148965305265103041e+02
2.864997816332855791e+02
2.811057161306621879e+02
2.442432849276794968e+02
1.905440458407102540e+02
2.598892545527986613e+02
1.434961091234906689e+02
2.591628920875544964e+02
2.275438426991112522e+02
1.966267470591791664e+02
2.576654775093811622e+02
2.352522331919844873e+02
1.932197146531526073e+02
1.836556180298231311e+02
2.055795858954309381e+02
2.142692842901269614e+02
2.303757475979639366e+02
2.875111617841146199e+02
2.860182633714509279e+02
1.658621304519338935e+02
2.247937938677417833e+02
2.398253425835096095e+02
2.261928048199877423e+02
1.602079033808408894e+02
2.929349547269105187e+02
1.842044299774002809e+02
3.550739149519333751e+02
2.946133428009210320e+02
2.161292382577794058e+02
2.710484999873464744e+02
2.484146982588921730e+02
2.140149449467542979e+02
2.292016072015960049e+02
3.011938324732336696e+02
3.385258044417533938e+02
2.801753327003583536e+02
2.962270427023483990e+02
2.001244580159003306e+02
2.263645296629584323e+02
2.845879820193899832e+02
2.074380544672221163e+02
2.902840878076424929e+02
2.383123367536244928e+02
2.420637158550912034e+02
2.521261786930149924e+02
1.739445195110250779e+02
2.160076360665119068e+02
3.299876466894527880e+02
2.004994924894013195e+02
2.119787704735677494e+02
3.030733554709660780e+02
2.887263956378823764e+02
2.996739100930802806e+02
1.641490660190831079e+02
2.342129489151466544e+02
2.904196300250463878e+02
2.869648735735488572e+02
1.814380223856826433e+02
2.554703315644004817e+02
1.168845656403509139e+02
2.642891084105972368e+02
1.865369744606633446e+02
2.297471347955544445e+02
3.057642111520412413e+02
2.355946196859969177e+02
2.163869007402843465e+02
2.446887660273041263e+02
2.888901273800476019e+02
2.784504823600972827e+02
3.025582416928824614e+02
3.019235033743374288e+02
2.684903770427436029e+02
3.064681933777275162e+02
2.524661720868525379e+02
3.356189002950621330e+02
2.699594412364771188e+02
1.428150999862617709e+02
2.150316189670064091e+02
1.903875063468479993e+02
2.720313489946685763e+02
2.931703296054794237e+02
2.994156005517424433e+02
1.672482078665042025e+02
2.361910122835608945e+02
2.723274445439666351e+02
1.905302462341304022e+02
1.526499405638419944e+02
2.927309134742524179e+02
2.381603810539043877e+02
2.194931126239687842e+02
1.364614558537325593e+02
1.375845898667764402e+02
2.693359959741434295e+02
1.701798999605077540e+02
2.034375432281865983e+02
2.393357868782276796e+02
1.798120287778624231e+02
1.619256083847503476e+02
2.260256399428969587e+02
2.049480371978733615e+02
3.149510085030234450e+02
2.066872817784665131e+02
1.651502844820481073e+02
2.541911524975224097e+02
1.706637532868975313e+02
1.470063017063430948e+02
2.305755875461447033e+02
2.534830237397983694e+02
2.549123805934169695e+02
2.527554846036260585e+02
2.761929124902023318e+02
2.631351750900586808e+02
2.500520611637496700e+02
2.507496721212507964e+02
3.167021618383218424e+02
2.187659519477222432e+02
2.337336244760193722e+02
2.176330285221886811e+02
2.432247847121603002e+02
2.960507138969538801e+02
2.732764022504857735e+02
3.066283898449271987e+02
1.807437238581732402e+02
2.925376330603621682e+02
2.475881125487066470e+02
1.747888842951043387e+02
3.557577475296841953e+02
2.282013990886930515e+02
1.771750485357908076e+02
1.699960974473361546e+02
1.656947092747280692e+02
2.867003909755734412e+02
2.459027777528165473e+02
2.414334079370371455e+02
2.484302327136936128e+02
2.392235541399724070e+02
2.026208506041290889e+02
2.034309828373550317e+02
2.268560932164419626e+02
3.442405773742084989e+02
2.469508889149024640e+02
2.879242814828641031e+02
2.129975145346905094e+02
3.160330319797704419e+02
2.477197945079867054e+02
3.291427754839610316e+02
2.477672220355832735e+02
2.546067318268950146e+02
2.489533530748193471e+02
2.732399777600322182e+02
