-26487.34
-26504.03
-26437.27
-26391.48
-26399.00
-26450.16
-26298.92
-26362.25
-26441.31
-26397.75
-26401.87
-26321.97
-26374.90
-26387.41
-26471.97
-26611.63
-26477.79
-26374.63
-26507.87
-26505.49
-26313.08
-26333.59
-26347.89
-26630.00
-26759.68
-26367.44
-26309.45
-26435.16
-26410.70
-26312.29
-26407.50
-26640.05
-26566.72
-26414.43
-26381.89
-26445.89
-26424.74
-26603.06
-26506.77
-26400.54
-26360.67
-26396.09
-26592.41
-26339.09
-26364.26
-26343.41
-26369.71
-26644.48
-26309.59
-26430.53
-26447.83
-26523.00
-26334.32
-26426.20
-26352.81
-26391.10
-26415.89
-26441.82
-26487.17
-26392.30
-26410.64
-26312.62
-26358.81
-26424.75
-26378.32
-26363.73
-26378.98
-26346.49
-26301.99
-26476.22
-26479.99
-26325.47
-26420.88
-26322.38
-26372.36
-26329.55
-26516.76
-26596.89
-26406.02
-26339.78
-26432.90
-26516.06
-26407.39
-26445.32
-26338.39
-26364.20
-26348.31
-26574.19
-26525.09
-26244.55
-26355.96
-26355.57
-26327.63
-26325.93
-26386.90
-26302.12
-26351.33
-26455.82
-26341.09
-26295.92
-26366.00
-26327.82
-26459.36
-26330.12
-26368.10
-26369.43
-26424.11
-26333.49
-26228.64
-26236.67
-26344.47
-26360.13
-26329.66
-26323.68
-26419.01
-26377.48
-26292.14
-26358.11
-26287.64
-26310.64
-26311.85
-26309.24
-26351.68
-26323.22
-26326.96
-26298.15
-26288.88
-26304.85
-26219.03
-26276.68
-26247.85
-26294.50
-26294.59
-26274.55
-26251.79
-26267.62
-26328.10
-26240.77
-26321.85
-26196.21
-26209.12
-26264.97
-26306.23
-26276.13
-26222.48
-26209.37
-26240.80
-26248.42
-26337.66
-26259.37
-26236.36
-26256.02
-26323.78
-26235.96
-26283.90
-26275.96
-26279.00
-26234.64
-26276.47
-26317.05
-26244.33
-26234.71
-26187.20
-26262.26
-26238.09
-26270.99
-26247.10
-26259.24
-26245.86
-26283.76
-26220.91
-26306.10
-26231.57
-26241.93
-26225.95
-26249.39
-26254.87
-26265.99
-26198.74
-26182.96
-26248.81
-26245.19
-26262.45
-26212.10
-26347.89
-26352.21
-26280.34
-26352.38
-26258.51
-26313.78
-26241.46
-26314.37
-26261.88
-26289.98
-26303.01
-26243.31
-26276.79
-26265.08
-26292.23
-26238.85
-26261.62
-26305.22
-26261.12
-26239.75
-26262.16
-26313.30
-26309.86
-26271.66
-26269.69
-26222.80
-26314.85
-26210.17
-26228.64
-26265.38
-26256.71
-26280.83
-26205.13
-26264.37
-26326.24
-26291.71
-26159.86
-26205.99
-26174.31
-26207.87
-26189.12
-26231.95
-26227.67
-26248.52
-26210.97
-26234.96
-26303.47
-26196.20
-26286.17
-26203.11
-26221.76
-26289.31
-26223.73
-26246.17
-26248.73
-26206.95
-26281.98
-26157.33
-26351.89
-26255.31
-26242.57
-26221.19
-26308.26
-26237.98
-26260.58
-26265.91
-26280.02
-26316.76
-26259.05
-26215.98
-26280.44
-26217.03
-26254.70
-26267.06
-26217.06
-26255.42
-26238.97
-26258.64
-26244.64
-26218.32
-26259.79
-26192.95
-26198.41
-26293.22
-26254.59
-26291.53
-26291.82
-26249.99
-26214.62
-26197.59
-26225.32
-26195.30
-26218.37
-26242.39
-26230.10
-26180.98
-26213.78
-26207.63
-26236.38
-26234.19
-26232.09
-26294.87
-26240.88
-26256.37
-26202.35
-26230.72
-26281.46
-26233.71
-26269.72
-26242.91
-26199.36
-26203.39
-26246.19
-26253.39
-26280.82
-26282.92
-26257.06
-26255.03
-26203.08
-26234.21
-26191.04
-26253.29
-26230.90
-26224.20
-26179.44
-26249.36
-26242.06
-26262.66
-26265.80
-26297.24
-26328.62
-26184.63
