-16102.61
-16046.16
-16052.29
-16168.69
-16042.01
-16080.20
-16161.31
-16102.23
-16124.15
-16098.17
-16084.38
-16083.63
-16148.96
-16079.74
-16067.28
-16095.19
-16099.49
-16095.81
-16149.77
-16115.21
-16121.89
-16032.57
-16065.10
-16094.10
-16047.64
-16093.50
-16035.04
-16098.95
-16103.22
-16058.11
-16083.66
-16151.66
-16022.87
-16077.58
-16032.92
-16041.09
-16096.79
-16066.04
-15988.74
-15981.19
-16014.63
-16051.25
-16005.62
-15992.62
-16002.36
-15988.81
-15991.99
-16030.66
-16033.50
-16013.93
-16014.95
-16008.21
-16001.67
-15966.65
-16058.04
-16009.28
-15972.47
-15985.82
-15989.74
-15987.74
-15974.47
-15976.69
-16027.24
-15974.99
-16036.31
-15996.17
-16031.99
-15997.14
-16036.88
-15993.23
-16008.83
-16008.21
-15987.28
-16049.55
-16028.45
-15986.05
-16021.89
-15975.47
-16006.82
-16027.85
-15997.87
-16001.62
-15993.74
-15999.53
-16001.10
-16022.38
-16002.54
-16035.42
-16031.63
-16016.12
-15986.73
-16033.35
-16000.80
-15981.11
-16016.36
-15969.05
-15988.97
-16007.32
-15967.15
-16019.76
-15994.93
-16010.08
-15989.31
-16042.86
-15978.69
-15969.86
-16022.12
-16002.51
-16001.87
-16019.91
-16024.91
-16031.32
-16000.87
-15941.82
-15987.93
-15931.77
-15978.32
-15993.13
-15957.44
-15959.91
-15954.85
-15971.92
-15976.69
-16010.39
-16002.88
-15980.57
-15962.40
-15945.13
-15979.84
-15968.35
-15985.12
-15995.21
-15977.19
-15981.39
-16001.93
-15934.65
-15993.73
-15961.69
-15967.81
-15986.22
-15956.78
-15945.05
-15948.76
-15983.78
-15989.85
-15981.54
-15954.62
-15979.44
-15948.78
-15950.37
-15979.58
-15980.54
-15985.83
-15976.36
-15958.06
-15960.29
-15946.31
-15965.01
-15995.87
-15992.36
-15998.17
-15967.36
-15961.70
-15938.77
-15939.27
-15974.69
-16004.49
-15971.13
-15965.25
-15963.33
-15937.92
-16012.13
-15951.38
-16016.12
-15963.38
-15957.17
-15997.06
-15938.94
-15964.35
-15985.38
-16019.21
-15960.98
-15986.09
-15963.78
-15958.91
-15962.62
-15961.02
-16000.25
-15954.22
-15961.21
-15995.55
-15955.20
-15984.97
-15978.97
-15966.56
-16008.08
-15959.31
-15967.40
-15954.37
-15979.07
-15936.61
-15976.46
-15984.14
-15998.40
-15955.74
-15957.22
-15978.71
-15957.99
-15982.52
-15917.81
-15968.05
-15897.82
-15912.05
-15932.04
-15923.63
-15949.34
-15985.83
-15994.71
-26238.59
-26215.91
-26179.28
-26165.95
-26139.88
-26178.38
-26203.79
-26148.99
-26186.52
-26190.73
-26172.02
-26163.19
-26162.04
-26128.20
-26069.62
-26148.63
-26150.50
-26189.92
-26181.72
-26152.18
-26144.25
-26172.08
-26156.11
-26131.05
-26145.09
-26135.00
-26207.11
-26114.52
-26139.59
-26187.97
-26179.05
-26148.51
-26174.68
-26094.81
-26172.68
-26158.18
-26114.80
-26164.49
-26160.16
-26179.54
-26165.92
-26170.13
-26125.25
-26123.19
-26169.85
-26163.98
-26190.95
-26160.64
-26116.99
-26137.85
-26121.91
-26149.54
-26159.94
-26136.56
-26101.34
-26157.63
-26148.48
-26231.26
-26153.20
-26174.68
-26168.15
-26115.90
-26149.75
-26159.25
-26160.00
-26171.38
-26123.46
-26140.51
-26167.66
-26177.60
-26175.58
-26127.56
-26219.49
-26125.16
-26219.28
-26108.04
-26136.76
-26157.46
-26110.83
-26170.35
-26191.74
-26211.92
-26185.04
-26081.13
-26125.59
-26150.97
-26127.89
-26156.13
-26169.55
-26136.31
