-21771.09
-21620.62
-21797.36
-21699.38
-21751.55
-21665.64
-21633.02
-21670.75
-21872.65
-21684.44
-21833.54
-21643.10
-21730.42
-21617.82
-21575.97
-21587.83
-21563.35
-21613.67
-21580.08
-21593.90
-21560.99
-21531.98
-21529.67
-21548.49
-21529.46
-21513.74
-21531.85
-21521.85
-21519.29
-21534.02
-21499.81
-21465.10
-21485.33
-21565.66
-21457.26
-21505.30
-21458.60
-21522.21
-21539.10
-21518.06
-21484.63
-21509.32
-21482.26
-21492.98
-21536.18
-21496.18
-21524.85
-21541.32
-21505.11
-21508.18
-21557.88
-21536.46
-21516.04
-21525.82
-21495.31
-21491.75
-21466.05
-21515.38
-21528.32
-21557.11
-21553.73
-21517.63
-21515.58
-21559.55
-21472.38
-21527.33
-21506.83
-21564.68
-21550.45
-21574.79
-21560.23
-21475.78
-21497.42
-21577.60
-21507.02
-21492.29
-21557.57
-21502.22
-21560.98
-21529.30
-21502.97
-21496.94
-21498.05
-21483.82
-21532.32
-21585.27
-21502.13
-21455.92
-21523.42
-21473.81
-21540.01
-21513.14
-21533.01
-21571.06
-21521.16
-21504.40
-21540.88
-21490.48
-21510.77
-21549.74
-21515.05
-21539.42
-21499.14
-21570.71
-21478.01
-21473.48
-21477.22
-21481.38
-21521.33
-21533.10
-21561.93
-21557.09
-21510.82
-21499.84
-21497.64
-21522.00
-21498.45
-21481.56
-21501.25
-21463.24
-21489.54
-21517.32
-21502.83
-21561.29
-21497.10
-21549.67
-21493.51
-21515.59
-21558.77
-21497.56
-21515.60
-21484.06
-21525.45
-21522.67
-21515.35
-21477.95
-21589.06
-21526.45
-21529.92
-21481.57
-21486.87
-21468.04
-21503.63
-21521.17
-21539.79
-21553.40
-21490.77
-21559.99
-21508.71
-21543.72
-21523.79
-21497.33
-21513.31
-21479.08
-21517.68
-21471.07
-21475.97
-21471.05
-21495.00
-21465.68
-21538.85
-21488.67
-21523.97
-21498.64
-21515.85
-21480.13
-21516.64
-21537.76
-21535.48
-21498.48
-21486.22
-21514.96
-21477.03
-21555.44
-21522.13
-21500.86
-21462.34
-21494.66
-21511.67
-21488.39
-21518.20
-21525.09
-21522.71
-21569.44
-21489.43
-21507.78
-21502.32
-21525.34
-21517.16
-21504.65
-21476.83
-21475.23
-21494.38
-21528.28
-21532.70
-21497.23
-21510.39
-21451.92
-21506.70
-21553.77
-21502.54
-21491.36
-21490.71
-21512.23
-21509.05
-21596.77
-21505.75
-21494.46
-21472.17
-21616.53
-21499.37
-21536.73
-21519.64
-21557.68
-21519.78
-21465.22
-21497.41
-21538.70
-26212.75
-26231.97
-26195.07
-26198.65
-26227.33
-26205.80
-26182.67
-26166.18
-26199.78
-26191.72
-26242.59
-26257.57
-26230.73
-26181.33
-26197.20
-26243.92
-26182.59
-26257.38
-26159.15
-26322.73
-26425.44
-26286.76
-26366.68
-26280.61
-26232.29
-26266.81
-26246.59
-26366.21
-26344.49
-26247.80
-26287.25
-26278.32
-26212.19
-26313.64
-26277.90
-26227.78
-26296.58
-26254.04
-26279.21
-26209.31
-26275.48
-26248.09
-26229.84
-26261.91
-26305.59
-26291.80
-26273.36
-26265.03
-26290.87
-26253.94
-26254.42
-26205.54
-26276.48
-26258.23
-26261.51
-26166.76
-26241.61
-26331.28
-26281.77
-26273.57
-26327.47
-26294.46
-26333.95
-26241.04
-26194.99
-26401.11
-26267.21
-26296.63
-26287.24
-26261.27
-26226.84
-26301.69
-26241.55
-26355.05
-26277.81
-26419.72
-26354.55
-26229.13
-26283.85
-26314.89
-26280.08
-26239.09
-26239.26
-26268.70
-26450.88
-26191.35
-26334.59
-26275.85
-26260.86
-26081.38
-26116.91
-26115.03
-26145.68
-26159.11
-26224.67
