-13259.11
-13226.97
-13229.20
-13208.66
-13216.30
-13237.76
-13180.28
-13205.34
-13190.98
-13226.10
-13200.24
-13167.96
-13099.91
-13149.55
-13116.96
-13139.46
-13118.85
-13153.33
-13146.21
-13167.64
-13115.64
-13169.76
-13183.46
-13139.89
-13215.51
-13142.02
-13114.85
-13191.68
-13137.27
-13125.83
-13148.00
-13134.09
-13147.97
-13126.24
-13144.73
-13157.83
-13127.85
-13131.07
-13181.36
-13128.02
-13107.52
-13111.12
-13158.12
-13148.03
-13170.60
-13141.77
-13131.29
-13175.17
-13159.21
-13133.09
-13191.52
-13107.75
-13123.41
-13120.69
-13155.68
-13152.43
-13169.11
-13159.70
-13125.76
-13130.02
-13129.46
-13137.11
-13109.62
-13169.91
-13098.72
-13084.06
-13146.52
-13156.16
-13114.74
-13141.79
-13172.09
-13136.90
-13108.56
-13124.97
-13142.12
-13112.53
-13126.58
-13157.06
-13156.20
-13125.69
-13128.66
-13139.49
-13102.57
-13135.55
-13102.30
-13090.38
-13155.22
-13146.70
-13132.08
-13116.32
-13122.97
-13128.10
-13151.04
-13154.76
-13138.60
-13136.76
-13139.64
-13143.21
-13135.52
-13147.39
-13181.06
-13110.69
-13111.94
-13138.65
-13154.40
-13130.88
-13130.15
-13123.35
-13140.38
-13131.09
-13129.05
-13111.28
-13089.95
-13116.56
-13119.05
-13163.31
-13141.96
-13109.79
-13098.44
-13163.55
-13172.82
-13116.88
-13130.68
-13158.00
-13134.58
-13155.32
-13128.97
-13130.25
-13102.91
-13123.02
-13126.01
-13146.37
-13142.50
-13123.09
-13088.76
-13141.23
-13100.53
-13172.08
-13108.60
-13101.15
-13093.21
-13138.80
-13192.55
-13125.62
-13130.71
-13128.96
-13121.63
-13121.83
-13135.10
-13090.26
-13100.89
-13118.30
-13153.63
-13148.59
-13149.86
-13125.74
-13138.41
-13109.30
-13159.16
-13125.39
-13123.57
-13135.38
-13105.20
-13165.69
-13115.51
-13146.40
-13120.70
-13138.32
-13175.27
-13112.36
-13152.74
-13102.55
-13136.31
-13106.08
-13130.04
-13117.97
-13118.45
-13146.03
-13132.82
-13153.35
-13167.58
-13134.71
-13100.86
-13125.79
-13139.95
-13159.24
-13121.89
-13148.79
-13171.56
-13139.36
-13158.07
-13160.97
-13126.30
-13131.88
-13131.94
-13109.65
-13141.14
-13110.44
-13106.28
-13106.57
-13178.03
-13148.77
-13178.74
-13153.62
-13140.99
-13150.78
-13116.81
-13125.85
-13117.37
-13158.13
-13129.48
-13121.23
-13135.57
-13096.84
-13115.25
-13131.48
-13124.71
-13149.56
-26271.43
-26270.91
-26363.50
-26317.84
-26328.58
-26236.14
-26258.94
-26345.66
-26335.61
-26276.08
-26274.22
-26289.24
-26241.86
-26276.38
-26263.80
-26252.39
-26272.07
-26307.69
-26287.91
-26234.89
-26232.52
-26304.88
-26194.35
-26277.52
-26213.59
-26215.89
-26250.00
-26307.85
-26223.55
-26191.91
-26227.16
-26228.92
-26253.45
-26280.28
-26261.06
-26292.13
-26245.40
-26235.41
-26254.48
-26273.93
-26359.64
-26241.50
-26255.79
-26285.41
-26312.27
-26236.03
-26259.88
-26271.15
-26179.53
-26254.30
-26223.45
-26271.74
-26167.22
-26298.83
-26351.08
-26300.66
-26198.00
-26212.24
-26181.54
-26236.28
-26161.41
-26241.21
-26244.22
-26233.70
-26231.11
-26188.97
-26234.70
-26177.88
-26199.93
-26195.36
-26202.55
-26306.00
-26136.98
-26253.17
-26237.20
-26230.62
-26190.80
-26230.10
-26251.81
-26166.01
-26235.12
-26271.63
-26219.49
-26163.08
-26199.10
-26219.49
-26259.26
-26255.99
-26196.58
-26227.59
-26088.70
-26193.86
-26250.22
-26219.68
-26183.11
-26179.17
