-14594.40
-14653.42
-14592.22
-14602.30
-14671.46
-14555.62
-14553.90
-14538.03
-14668.19
-14636.77
-14540.84
-14591.34
-14538.97
-14618.88
-14602.81
-14568.37
-14557.83
-14563.83
-14572.98
-14586.87
-14593.35
-14610.76
-14581.58
-14636.95
-14571.93
-14535.42
-14562.25
-14570.71
-14538.70
-14520.50
-14522.41
-14560.78
-14551.19
-14595.81
-14552.39
-14549.69
-14567.06
-14572.48
-14558.15
-14511.93
-14551.63
-14553.47
-14558.39
-14523.33
-14492.85
-14593.47
-14509.86
-14526.68
-14530.46
-14525.87
-14548.74
-14535.22
-14523.85
-14500.97
-14552.56
-14502.32
-14523.62
-14525.09
-14501.84
-14527.69
-14529.27
-14551.53
-14524.88
-14543.52
-14523.75
-14555.89
-14560.73
-14523.69
-14519.86
-14541.20
-14519.61
-14527.24
-14574.91
-14539.07
-14579.64
-14508.62
-14560.52
-14491.83
-14520.30
-14493.42
-14482.13
-14526.38
-14535.96
-14548.35
-14565.21
-14536.69
-14522.86
-14545.46
-14498.24
-14524.24
-14511.30
-14531.24
-14510.57
-14540.03
-14521.25
-14543.40
-14498.81
-14541.40
-14513.22
-14533.44
-14530.32
-14507.44
-14521.61
-14521.16
-14559.42
-14560.64
-14521.17
-14534.57
-14518.76
-14497.65
-14523.09
-14544.75
-14488.02
-14523.53
-14510.99
-14550.76
-14567.45
-14534.98
-14561.96
-14523.71
-14531.65
-14536.04
-14498.29
-14537.92
-14520.11
-14487.98
-14568.63
-14536.22
-14528.54
-14539.81
-14516.62
-14547.20
-14514.98
-14510.60
-14540.06
-14537.45
-14528.89
-14498.23
-14545.89
-14554.81
-14566.99
-14541.09
-14524.90
-14519.18
-14534.45
-14543.32
-14556.70
-14525.44
-14541.08
-14514.51
-14528.75
-14542.52
-14552.82
-14523.83
-14543.48
-14544.87
-14534.65
-14523.26
-14511.98
-14520.66
-14506.16
-14527.24
-14497.12
-14563.59
-14497.83
-14513.25
-14525.00
-14518.24
-14503.89
-14519.28
-14531.38
-14526.51
-14555.29
-14528.26
-14558.14
-14523.45
-14513.37
-14499.51
-14571.09
-14531.65
-14515.56
-14499.76
-14499.01
-14496.22
-14521.46
-14518.36
-14545.41
-14502.88
-14547.34
-14521.52
-14539.89
-14546.86
-14576.71
-14531.14
-14578.97
-14509.49
-14507.54
-14524.47
-14535.72
-14520.94
-14531.31
-14578.96
-14513.69
-14507.41
-14578.90
-14486.59
-14558.76
-14536.55
-14564.82
-14507.13
-14522.15
-14532.71
-14543.29
-14520.20
-14561.04
-14516.60
-14507.83
-14539.20
-26320.15
-26297.21
-26343.62
-26351.62
-26364.47
-26269.92
-26361.48
-26276.41
-26314.09
-26302.45
-26369.71
-26303.52
-26248.22
-26266.33
-26307.79
-26274.82
-26263.44
-26236.59
-26319.96
-26349.09
-26266.92
-26386.23
-26224.24
-26206.13
-26223.39
-26247.63
-26194.02
-26251.48
-26214.05
-26226.04
-26216.31
-26266.31
-26198.76
-26231.09
-26213.05
-26260.32
-26231.01
-26175.83
-26169.01
-26173.45
-26168.74
-26250.15
-26201.33
-26151.23
-26207.77
-26231.40
-26133.43
-26224.90
-26263.59
-26166.44
-26223.66
-26178.78
-26156.38
-26219.88
-26214.60
-26243.86
-26190.89
-26212.49
-26169.29
-26266.44
-26201.27
-26208.03
-26286.89
-26183.65
-26200.54
-26248.61
-26138.44
-26207.49
-26156.37
-26185.65
-26215.03
-26225.96
-26145.67
-26240.19
-26305.35
-26255.04
-26209.52
-26279.20
-26209.52
-26235.14
-26187.33
-26229.03
-26253.83
-26237.57
-26239.60
-26149.11
-26234.71
-26164.80
-26184.49
-26145.76
-26179.18
-26172.07
