[2.3001e+04 9.0000e-01 1.0920e+00 1.5000e+00 1.0000e-06 5.0000e-01
 1.0000e+00 5.0000e-03 1.0000e-03 1.0000e-03 5.0000e-01 5.0000e+00
 2.4000e+04 5.0000e+00 1.0000e-02]	0.11765810838052304
[2.302101e+04 9.000000e-01 1.092000e+00 1.500000e+00 1.000000e-06
 5.000000e-01 1.000000e+00 5.000000e-03 1.000000e-03 1.000000e-03
 5.000000e-01 5.000000e+00 2.400000e+04 5.000000e+00 1.000000e-02]	0.11796507046383346
[2.304102e+04 9.000000e-01 1.092000e+00 1.500000e+00 1.000000e-06
 5.000000e-01 1.000000e+00 5.000000e-03 1.000000e-03 1.000000e-03
 5.000000e-01 5.000000e+00 2.400000e+04 5.000000e+00 1.000000e-02]	0.1174015430571591
[2.306103e+04 9.000000e-01 1.092000e+00 1.500000e+00 1.000000e-06
 5.000000e-01 1.000000e+00 5.000000e-03 1.000000e-03 1.000000e-03
 5.000000e-01 5.000000e+00 2.400000e+04 5.000000e+00 1.000000e-02]	0.11712207011563769
[2.308104e+04 9.000000e-01 1.092000e+00 1.500000e+00 1.000000e-06
 5.000000e-01 1.000000e+00 5.000000e-03 1.000000e-03 1.000000e-03
 5.000000e-01 5.000000e+00 2.400000e+04 5.000000e+00 1.000000e-02]	0.11773599428225852
[2.310105e+04 9.000000e-01 1.092000e+00 1.500000e+00 1.000000e-06
 5.000000e-01 1.000000e+00 5.000000e-03 1.000000e-03 1.000000e-03
 5.000000e-01 5.000000e+00 2.400000e+04 5.000000e+00 1.000000e-02]	0.11755273333699855
[2.312106e+04 9.000000e-01 1.092000e+00 1.500000e+00 1.000000e-06
 5.000000e-01 1.000000e+00 5.000000e-03 1.000000e-03 1.000000e-03
 5.000000e-01 5.000000e+00 2.400000e+04 5.000000e+00 1.000000e-02]	0.11773599428225852
[2.314107e+04 9.000000e-01 1.092000e+00 1.500000e+00 1.000000e-06
 5.000000e-01 1.000000e+00 5.000000e-03 1.000000e-03 1.000000e-03
 5.000000e-01 5.000000e+00 2.400000e+04 5.000000e+00 1.000000e-02]	0.11771766818773251
[2.316108e+04 9.000000e-01 1.092000e+00 1.500000e+00 1.000000e-06
 5.000000e-01 1.000000e+00 5.000000e-03 1.000000e-03 1.000000e-03
 5.000000e-01 5.000000e+00 2.400000e+04 5.000000e+00 1.000000e-02]	0.11734656477358109
[2.318109e+04 9.000000e-01 1.092000e+00 1.500000e+00 1.000000e-06
 5.000000e-01 1.000000e+00 5.000000e-03 1.000000e-03 1.000000e-03
 5.000000e-01 5.000000e+00 2.400000e+04 5.000000e+00 1.000000e-02]	0.11758938552605054
[2.32011e+04 9.00000e-01 1.09200e+00 1.50000e+00 1.00000e-06 5.00000e-01
 1.00000e+00 5.00000e-03 1.00000e-03 1.00000e-03 5.00000e-01 5.00000e+00
 2.40000e+04 5.00000e+00 1.00000e-02]	0.11835449997251087
[2.322111e+04 9.000000e-01 1.092000e+00 1.500000e+00 1.000000e-06
 5.000000e-01 1.000000e+00 5.000000e-03 1.000000e-03 1.000000e-03
 5.000000e-01 5.000000e+00 2.400000e+04 5.000000e+00 1.000000e-02]	0.11745652134073709
[2.324112e+04 9.000000e-01 1.092000e+00 1.500000e+00 1.000000e-06
 5.000000e-01 1.000000e+00 5.000000e-03 1.000000e-03 1.000000e-03
 5.000000e-01 5.000000e+00 2.400000e+04 5.000000e+00 1.000000e-02]	0.11754815181336704
[2.326113e+04 9.000000e-01 1.092000e+00 1.500000e+00 1.000000e-06
 5.000000e-01 1.000000e+00 5.000000e-03 1.000000e-03 1.000000e-03
 5.000000e-01 5.000000e+00 2.400000e+04 5.000000e+00 1.000000e-02]	0.11759854857331355
[2.328114e+04 9.000000e-01 1.092000e+00 1.500000e+00 1.000000e-06
 5.000000e-01 1.000000e+00 5.000000e-03 1.000000e-03 1.000000e-03
 5.000000e-01 5.000000e+00 2.400000e+04 5.000000e+00 1.000000e-02]	0.11758938552605054
[2.330115e+04 9.000000e-01 1.092000e+00 1.500000e+00 1.000000e-06
 5.000000e-01 1.000000e+00 5.000000e-03 1.000000e-03 1.000000e-03
 5.000000e-01 5.000000e+00 2.400000e+04 5.000000e+00 1.000000e-02]	0.11773599428225852
[2.332116e+04 9.000000e-01 1.092000e+00 1.500000e+00 1.000000e-06
 5.000000e-01 1.000000e+00 5.000000e-03 1.000000e-03 1.000000e-03
 5.000000e-01 5.000000e+00 2.400000e+04 5.000000e+00 1.000000e-02]	0.11740154305715911
[2.334117e+04 9.000000e-01 1.092000e+00 1.500000e+00 1.000000e-06
 5.000000e-01 1.000000e+00 5.000000e-03 1.000000e-03 1.000000e-03
 5.000000e-01 5.000000e+00 2.400000e+04 5.000000e+00 1.000000e-02]	0.11759854857331355
[2.336118e+04 9.000000e-01 1.092000e+00 1.500000e+00 1.000000e-06
 5.000000e-01 1.000000e+00 5.000000e-03 1.000000e-03 1.000000e-03
 5.000000e-01 5.000000e+00 2.400000e+04 5.000000e+00 1.000000e-02]	0.1173511462972126
[2.338119e+04 9.000000e-01 1.092000e+00 1.500000e+00 1.000000e-06
 5.000000e-01 1.000000e+00 5.000000e-03 1.000000e-03 1.000000e-03
 5.000000e-01 5.000000e+00 2.400000e+04 5.000000e+00 1.000000e-02]	0.11759854857331355
[2.34012e+04 9.00000e-01 1.09200e+00 1.50000e+00 1.00000e-06 5.00000e-01
 1.00000e+00 5.00000e-03 1.00000e-03 1.00000e-03 5.00000e-01 5.00000e+00
 2.40000e+04 5.00000e+00 1.00000e-02]	0.11758022247878756
[2.342121e+04 9.000000e-01 1.092000e+00 1.500000e+00 1.000000e-06
 5.000000e-01 1.000000e+00 5.000000e-03 1.000000e-03 1.000000e-03
 5.000000e-01 5.000000e+00 2.400000e+04 5.000000e+00 1.000000e-02]	0.11747484743526306
[2.344122e+04 9.000000e-01 1.092000e+00 1.500000e+00 1.000000e-06
 5.000000e-01 1.000000e+00 5.000000e-03 1.000000e-03 1.000000e-03
 5.000000e-01 5.000000e+00 2.400000e+04 5.000000e+00 1.000000e-02]	0.11758938552605054
[2.346123e+04 9.000000e-01 1.092000e+00 1.500000e+00 1.000000e-06
 5.000000e-01 1.000000e+00 5.000000e-03 1.000000e-03 1.000000e-03
 5.000000e-01 5.000000e+00 2.400000e+04 5.000000e+00 1.000000e-02]	0.11720911906463616
[2.348124e+04 9.000000e-01 1.092000e+00 1.500000e+00 1.000000e-06
 5.000000e-01 1.000000e+00 5.000000e-03 1.000000e-03 1.000000e-03
 5.000000e-01 5.000000e+00 2.400000e+04 5.000000e+00 1.000000e-02]	0.11730533106089762
[2.350125e+04 9.000000e-01 1.092000e+00 1.500000e+00 1.000000e-06
 5.000000e-01 1.000000e+00 5.000000e-03 1.000000e-03 1.000000e-03
 5.000000e-01 5.000000e+00 2.400000e+04 5.000000e+00 1.000000e-02]	0.11747942895889457
[2.352126e+04 9.000000e-01 1.092000e+00 1.500000e+00 1.000000e-06
 5.000000e-01 1.000000e+00 5.000000e-03 1.000000e-03 1.000000e-03
 5.000000e-01 5.000000e+00 2.400000e+04 5.000000e+00 1.000000e-02]	0.11748859200615754
[2.354127e+04 9.000000e-01 1.092000e+00 1.500000e+00 1.000000e-06
 5.000000e-01 1.000000e+00 5.000000e-03 1.000000e-03 1.000000e-03
 5.000000e-01 5.000000e+00 2.400000e+04 5.000000e+00 1.000000e-02]	0.11751608114794655
[2.356128e+04 9.000000e-01 1.092000e+00 1.500000e+00 1.000000e-06
 5.000000e-01 1.000000e+00 5.000000e-03 1.000000e-03 1.000000e-03
 5.000000e-01 5.000000e+00 2.400000e+04 5.000000e+00 1.000000e-02]	0.11774973885315299
[2.358129e+04 9.000000e-01 1.092000e+00 1.500000e+00 1.000000e-06
 5.000000e-01 1.000000e+00 5.000000e-03 1.000000e-03 1.000000e-03
 5.000000e-01 5.000000e+00 2.400000e+04 5.000000e+00 1.000000e-02]	0.11750233657705206
[2.36013e+04 9.00000e-01 1.09200e+00 1.50000e+00 1.00000e-06 5.00000e-01
 1.00000e+00 5.00000e-03 1.00000e-03 1.00000e-03 5.00000e-01 5.00000e+00
 2.40000e+04 5.00000e+00 1.00000e-02]	0.11695255374127221
[2.362131e+04 9.000000e-01 1.092000e+00 1.500000e+00 1.000000e-06
 5.000000e-01 1.000000e+00 5.000000e-03 1.000000e-03 1.000000e-03
 5.000000e-01 5.000000e+00 2.400000e+04 5.000000e+00 1.000000e-02]	0.11748859200615754
[2.364132e+04 9.000000e-01 1.092000e+00 1.500000e+00 1.000000e-06
 5.000000e-01 1.000000e+00 5.000000e-03 1.000000e-03 1.000000e-03
 5.000000e-01 5.000000e+00 2.400000e+04 5.000000e+00 1.000000e-02]	0.11741986915168508
[2.366133e+04 9.000000e-01 1.092000e+00 1.500000e+00 1.000000e-06
 5.000000e-01 1.000000e+00 5.000000e-03 1.000000e-03 1.000000e-03
 5.000000e-01 5.000000e+00 2.400000e+04 5.000000e+00 1.000000e-02]	0.11798797808199096
[2.368134e+04 9.000000e-01 1.092000e+00 1.500000e+00 1.000000e-06
 5.000000e-01 1.000000e+00 5.000000e-03 1.000000e-03 1.000000e-03
 5.000000e-01 5.000000e+00 2.400000e+04 5.000000e+00 1.000000e-02]	0.11814374988546193
[2.370135e+04 9.000000e-01 1.092000e+00 1.500000e+00 1.000000e-06
 5.000000e-01 1.000000e+00 5.000000e-03 1.000000e-03 1.000000e-03
 5.000000e-01 5.000000e+00 2.400000e+04 5.000000e+00 1.000000e-02]	0.117713086664101
[2.372136e+04 9.000000e-01 1.092000e+00 1.500000e+00 1.000000e-06
 5.000000e-01 1.000000e+00 5.000000e-03 1.000000e-03 1.000000e-03
 5.000000e-01 5.000000e+00 2.400000e+04 5.000000e+00 1.000000e-02]	0.11760313009694502
[2.374137e+04 9.000000e-01 1.092000e+00 1.500000e+00 1.000000e-06
 5.000000e-01 1.000000e+00 5.000000e-03 1.000000e-03 1.000000e-03
 5.000000e-01 5.000000e+00 2.400000e+04 5.000000e+00 1.000000e-02]	0.11765810838052304
[2.376138e+04 9.000000e-01 1.092000e+00 1.500000e+00 1.000000e-06
 5.000000e-01 1.000000e+00 5.000000e-03 1.000000e-03 1.000000e-03
 5.000000e-01 5.000000e+00 2.400000e+04 5.000000e+00 1.000000e-02]	0.11749775505342058
[2.378139e+04 9.000000e-01 1.092000e+00 1.500000e+00 1.000000e-06
 5.000000e-01 1.000000e+00 5.000000e-03 1.000000e-03 1.000000e-03
 5.000000e-01 5.000000e+00 2.400000e+04 5.000000e+00 1.000000e-02]	0.11773141275862699
[2.38014e+04 9.00000e-01 1.09200e+00 1.50000e+00 1.00000e-06 5.00000e-01
 1.00000e+00 5.00000e-03 1.00000e-03 1.00000e-03 5.00000e-01 5.00000e+00
 2.40000e+04 5.00000e+00 1.00000e-02]	0.11778180951857349
[2.382141e+04 9.000000e-01 1.092000e+00 1.500000e+00 1.000000e-06
 5.000000e-01 1.000000e+00 5.000000e-03 1.000000e-03 1.000000e-03
 5.000000e-01 5.000000e+00 2.400000e+04 5.000000e+00 1.000000e-02]	0.11785511389667747
[2.384142e+04 9.000000e-01 1.092000e+00 1.500000e+00 1.000000e-06
 5.000000e-01 1.000000e+00 5.000000e-03 1.000000e-03 1.000000e-03
 5.000000e-01 5.000000e+00 2.400000e+04 5.000000e+00 1.000000e-02]	0.11752066267157806
[2.386143e+04 9.000000e-01 1.092000e+00 1.500000e+00 1.000000e-06
 5.000000e-01 1.000000e+00 5.000000e-03 1.000000e-03 1.000000e-03
 5.000000e-01 5.000000e+00 2.400000e+04 5.000000e+00 1.000000e-02]	0.11759854857331355
[2.388144e+04 9.000000e-01 1.092000e+00 1.500000e+00 1.000000e-06
 5.000000e-01 1.000000e+00 5.000000e-03 1.000000e-03 1.000000e-03
 5.000000e-01 5.000000e+00 2.400000e+04 5.000000e+00 1.000000e-02]	0.11741528762805359
[2.390145e+04 9.000000e-01 1.092000e+00 1.500000e+00 1.000000e-06
 5.000000e-01 1.000000e+00 5.000000e-03 1.000000e-03 1.000000e-03
 5.000000e-01 5.000000e+00 2.400000e+04 5.000000e+00 1.000000e-02]	0.11848278263419283
[2.392146e+04 9.000000e-01 1.092000e+00 1.500000e+00 1.000000e-06
 5.000000e-01 1.000000e+00 5.000000e-03 1.000000e-03 1.000000e-03
 5.000000e-01 5.000000e+00 2.400000e+04 5.000000e+00 1.000000e-02]	0.11813458683819893
[2.394147e+04 9.000000e-01 1.092000e+00 1.500000e+00 1.000000e-06
 5.000000e-01 1.000000e+00 5.000000e-03 1.000000e-03 1.000000e-03
 5.000000e-01 5.000000e+00 2.400000e+04 5.000000e+00 1.000000e-02]	0.11751608114794655
[2.396148e+04 9.000000e-01 1.092000e+00 1.500000e+00 1.000000e-06
 5.000000e-01 1.000000e+00 5.000000e-03 1.000000e-03 1.000000e-03
 5.000000e-01 5.000000e+00 2.400000e+04 5.000000e+00 1.000000e-02]	0.1173144941081606
[2.398149e+04 9.000000e-01 1.092000e+00 1.500000e+00 1.000000e-06
 5.000000e-01 1.000000e+00 5.000000e-03 1.000000e-03 1.000000e-03
 5.000000e-01 5.000000e+00 2.400000e+04 5.000000e+00 1.000000e-02]	0.11796965198746495
[2.40015e+04 9.00000e-01 1.09200e+00 1.50000e+00 1.00000e-06 5.00000e-01
 1.00000e+00 5.00000e-03 1.00000e-03 1.00000e-03 5.00000e-01 5.00000e+00
 2.40000e+04 5.00000e+00 1.00000e-02]	0.11746568438800005
[2.402151e+04 9.000000e-01 1.092000e+00 1.500000e+00 1.000000e-06
 5.000000e-01 1.000000e+00 5.000000e-03 1.000000e-03 1.000000e-03
 5.000000e-01 5.000000e+00 2.400000e+04 5.000000e+00 1.000000e-02]	0.11803379331830592
[2.404152e+04 9.000000e-01 1.092000e+00 1.500000e+00 1.000000e-06
 5.000000e-01 1.000000e+00 5.000000e-03 1.000000e-03 1.000000e-03
 5.000000e-01 5.000000e+00 2.400000e+04 5.000000e+00 1.000000e-02]	0.11717704839921565
[2.406153e+04 9.000000e-01 1.092000e+00 1.500000e+00 1.000000e-06
 5.000000e-01 1.000000e+00 5.000000e-03 1.000000e-03 1.000000e-03
 5.000000e-01 5.000000e+00 2.400000e+04 5.000000e+00 1.000000e-02]	0.11758938552605054
[2.408154e+04 9.000000e-01 1.092000e+00 1.500000e+00 1.000000e-06
 5.000000e-01 1.000000e+00 5.000000e-03 1.000000e-03 1.000000e-03
 5.000000e-01 5.000000e+00 2.400000e+04 5.000000e+00 1.000000e-02]	0.11703960269027068
[2.410155e+04 9.000000e-01 1.092000e+00 1.500000e+00 1.000000e-06
 5.000000e-01 1.000000e+00 5.000000e-03 1.000000e-03 1.000000e-03
 5.000000e-01 5.000000e+00 2.400000e+04 5.000000e+00 1.000000e-02]	0.11777264647131051
[2.412156e+04 9.000000e-01 1.092000e+00 1.500000e+00 1.000000e-06
 5.000000e-01 1.000000e+00 5.000000e-03 1.000000e-03 1.000000e-03
 5.000000e-01 5.000000e+00 2.400000e+04 5.000000e+00 1.000000e-02]	0.11746568438800005
[2.414157e+04 9.000000e-01 1.092000e+00 1.500000e+00 1.000000e-06
 5.000000e-01 1.000000e+00 5.000000e-03 1.000000e-03 1.000000e-03
 5.000000e-01 5.000000e+00 2.400000e+04 5.000000e+00 1.000000e-02]	0.11764894533326002
[2.416158e+04 9.000000e-01 1.092000e+00 1.500000e+00 1.000000e-06
 5.000000e-01 1.000000e+00 5.000000e-03 1.000000e-03 1.000000e-03
 5.000000e-01 5.000000e+00 2.400000e+04 5.000000e+00 1.000000e-02]	0.117685597522312
[2.418159e+04 9.000000e-01 1.092000e+00 1.500000e+00 1.000000e-06
 5.000000e-01 1.000000e+00 5.000000e-03 1.000000e-03 1.000000e-03
 5.000000e-01 5.000000e+00 2.400000e+04 5.000000e+00 1.000000e-02]	0.11765810838052304
[2.42016e+04 9.00000e-01 1.09200e+00 1.50000e+00 1.00000e-06 5.00000e-01
 1.00000e+00 5.00000e-03 1.00000e-03 1.00000e-03 5.00000e-01 5.00000e+00
 2.40000e+04 5.00000e+00 1.00000e-02]	0.1173144941081606
[2.422161e+04 9.000000e-01 1.092000e+00 1.500000e+00 1.000000e-06
 5.000000e-01 1.000000e+00 5.000000e-03 1.000000e-03 1.000000e-03
 5.000000e-01 5.000000e+00 2.400000e+04 5.000000e+00 1.000000e-02]	0.11728700496637162
[2.424162e+04 9.000000e-01 1.092000e+00 1.500000e+00 1.000000e-06
 5.000000e-01 1.000000e+00 5.000000e-03 1.000000e-03 1.000000e-03
 5.000000e-01 5.000000e+00 2.400000e+04 5.000000e+00 1.000000e-02]	0.11758938552605054
[2.426163e+04 9.000000e-01 1.092000e+00 1.500000e+00 1.000000e-06
 5.000000e-01 1.000000e+00 5.000000e-03 1.000000e-03 1.000000e-03
 5.000000e-01 5.000000e+00 2.400000e+04 5.000000e+00 1.000000e-02]	0.11833159235435335
[2.428164e+04 9.000000e-01 1.092000e+00 1.500000e+00 1.000000e-06
 5.000000e-01 1.000000e+00 5.000000e-03 1.000000e-03 1.000000e-03
 5.000000e-01 5.000000e+00 2.400000e+04 5.000000e+00 1.000000e-02]	0.11747942895889457
[2.430165e+04 9.000000e-01 1.092000e+00 1.500000e+00 1.000000e-06
 5.000000e-01 1.000000e+00 5.000000e-03 1.000000e-03 1.000000e-03
 5.000000e-01 5.000000e+00 2.400000e+04 5.000000e+00 1.000000e-02]	0.11758938552605054
[2.432166e+04 9.000000e-01 1.092000e+00 1.500000e+00 1.000000e-06
 5.000000e-01 1.000000e+00 5.000000e-03 1.000000e-03 1.000000e-03
 5.000000e-01 5.000000e+00 2.400000e+04 5.000000e+00 1.000000e-02]	0.11733740172631812
[2.434167e+04 9.000000e-01 1.092000e+00 1.500000e+00 1.000000e-06
 5.000000e-01 1.000000e+00 5.000000e-03 1.000000e-03 1.000000e-03
 5.000000e-01 5.000000e+00 2.400000e+04 5.000000e+00 1.000000e-02]	0.11762145619147106
[2.436168e+04 9.000000e-01 1.092000e+00 1.500000e+00 1.000000e-06
 5.000000e-01 1.000000e+00 5.000000e-03 1.000000e-03 1.000000e-03
 5.000000e-01 5.000000e+00 2.400000e+04 5.000000e+00 1.000000e-02]	0.11733740172631812
[2.438169e+04 9.000000e-01 1.092000e+00 1.500000e+00 1.000000e-06
 5.000000e-01 1.000000e+00 5.000000e-03 1.000000e-03 1.000000e-03
 5.000000e-01 5.000000e+00 2.400000e+04 5.000000e+00 1.000000e-02]	0.11753898876610407
[2.44017e+04 9.00000e-01 1.09200e+00 1.50000e+00 1.00000e-06 5.00000e-01
 1.00000e+00 5.00000e-03 1.00000e-03 1.00000e-03 5.00000e-01 5.00000e+00
 2.40000e+04 5.00000e+00 1.00000e-02]	0.11731907563179211
[2.442171e+04 9.000000e-01 1.092000e+00 1.500000e+00 1.000000e-06
 5.000000e-01 1.000000e+00 5.000000e-03 1.000000e-03 1.000000e-03
 5.000000e-01 5.000000e+00 2.400000e+04 5.000000e+00 1.000000e-02]	0.11752982571884106
[2.444172e+04 9.000000e-01 1.092000e+00 1.500000e+00 1.000000e-06
 5.000000e-01 1.000000e+00 5.000000e-03 1.000000e-03 1.000000e-03
 5.000000e-01 5.000000e+00 2.400000e+04 5.000000e+00 1.000000e-02]	0.11753898876610407
[2.446173e+04 9.000000e-01 1.092000e+00 1.500000e+00 1.000000e-06
 5.000000e-01 1.000000e+00 5.000000e-03 1.000000e-03 1.000000e-03
 5.000000e-01 5.000000e+00 2.400000e+04 5.000000e+00 1.000000e-02]	0.11769017904594352
[2.448174e+04 9.000000e-01 1.092000e+00 1.500000e+00 1.000000e-06
 5.000000e-01 1.000000e+00 5.000000e-03 1.000000e-03 1.000000e-03
 5.000000e-01 5.000000e+00 2.400000e+04 5.000000e+00 1.000000e-02]	0.11754815181336704
[2.450175e+04 9.000000e-01 1.092000e+00 1.500000e+00 1.000000e-06
 5.000000e-01 1.000000e+00 5.000000e-03 1.000000e-03 1.000000e-03
 5.000000e-01 5.000000e+00 2.400000e+04 5.000000e+00 1.000000e-02]	0.11728700496637162
[2.452176e+04 9.000000e-01 1.092000e+00 1.500000e+00 1.000000e-06
 5.000000e-01 1.000000e+00 5.000000e-03 1.000000e-03 1.000000e-03
 5.000000e-01 5.000000e+00 2.400000e+04 5.000000e+00 1.000000e-02]	0.11825370645261789
[2.454177e+04 9.000000e-01 1.092000e+00 1.500000e+00 1.000000e-06
 5.000000e-01 1.000000e+00 5.000000e-03 1.000000e-03 1.000000e-03
 5.000000e-01 5.000000e+00 2.400000e+04 5.000000e+00 1.000000e-02]	0.11779097256583652
[2.456178e+04 9.000000e-01 1.092000e+00 1.500000e+00 1.000000e-06
 5.000000e-01 1.000000e+00 5.000000e-03 1.000000e-03 1.000000e-03
 5.000000e-01 5.000000e+00 2.400000e+04 5.000000e+00 1.000000e-02]	0.11758938552605054
[2.458179e+04 9.000000e-01 1.092000e+00 1.500000e+00 1.000000e-06
 5.000000e-01 1.000000e+00 5.000000e-03 1.000000e-03 1.000000e-03
 5.000000e-01 5.000000e+00 2.400000e+04 5.000000e+00 1.000000e-02]	0.11728700496637162
[2.46018e+04 9.00000e-01 1.09200e+00 1.50000e+00 1.00000e-06 5.00000e-01
 1.00000e+00 5.00000e-03 1.00000e-03 1.00000e-03 5.00000e-01 5.00000e+00
 2.40000e+04 5.00000e+00 1.00000e-02]	0.1174015430571591
[2.462181e+04 9.000000e-01 1.092000e+00 1.500000e+00 1.000000e-06
 5.000000e-01 1.000000e+00 5.000000e-03 1.000000e-03 1.000000e-03
 5.000000e-01 5.000000e+00 2.400000e+04 5.000000e+00 1.000000e-02]	0.11758938552605054
[2.464182e+04 9.000000e-01 1.092000e+00 1.500000e+00 1.000000e-06
 5.000000e-01 1.000000e+00 5.000000e-03 1.000000e-03 1.000000e-03
 5.000000e-01 5.000000e+00 2.400000e+04 5.000000e+00 1.000000e-02]	0.11746568438800008
[2.466183e+04 9.000000e-01 1.092000e+00 1.500000e+00 1.000000e-06
 5.000000e-01 1.000000e+00 5.000000e-03 1.000000e-03 1.000000e-03
 5.000000e-01 5.000000e+00 2.400000e+04 5.000000e+00 1.000000e-02]	0.11759854857331355
[2.468184e+04 9.000000e-01 1.092000e+00 1.500000e+00 1.000000e-06
 5.000000e-01 1.000000e+00 5.000000e-03 1.000000e-03 1.000000e-03
 5.000000e-01 5.000000e+00 2.400000e+04 5.000000e+00 1.000000e-02]	0.1173511462972126
[2.470185e+04 9.000000e-01 1.092000e+00 1.500000e+00 1.000000e-06
 5.000000e-01 1.000000e+00 5.000000e-03 1.000000e-03 1.000000e-03
 5.000000e-01 5.000000e+00 2.400000e+04 5.000000e+00 1.000000e-02]	0.11758938552605054
[2.472186e+04 9.000000e-01 1.092000e+00 1.500000e+00 1.000000e-06
 5.000000e-01 1.000000e+00 5.000000e-03 1.000000e-03 1.000000e-03
 5.000000e-01 5.000000e+00 2.400000e+04 5.000000e+00 1.000000e-02]	0.11765810838052304
[2.474187e+04 9.000000e-01 1.092000e+00 1.500000e+00 1.000000e-06
 5.000000e-01 1.000000e+00 5.000000e-03 1.000000e-03 1.000000e-03
 5.000000e-01 5.000000e+00 2.400000e+04 5.000000e+00 1.000000e-02]	0.11765810838052304
[2.476188e+04 9.000000e-01 1.092000e+00 1.500000e+00 1.000000e-06
 5.000000e-01 1.000000e+00 5.000000e-03 1.000000e-03 1.000000e-03
 5.000000e-01 5.000000e+00 2.400000e+04 5.000000e+00 1.000000e-02]	0.11749775505342054
[2.478189e+04 9.000000e-01 1.092000e+00 1.500000e+00 1.000000e-06
 5.000000e-01 1.000000e+00 5.000000e-03 1.000000e-03 1.000000e-03
 5.000000e-01 5.000000e+00 2.400000e+04 5.000000e+00 1.000000e-02]	0.11839115216156283
[2.48019e+04 9.00000e-01 1.09200e+00 1.50000e+00 1.00000e-06 5.00000e-01
 1.00000e+00 5.00000e-03 1.00000e-03 1.00000e-03 5.00000e-01 5.00000e+00
 2.40000e+04 5.00000e+00 1.00000e-02]	0.1173603093444756
[2.482191e+04 9.000000e-01 1.092000e+00 1.500000e+00 1.000000e-06
 5.000000e-01 1.000000e+00 5.000000e-03 1.000000e-03 1.000000e-03
 5.000000e-01 5.000000e+00 2.400000e+04 5.000000e+00 1.000000e-02]	0.11726867887184562
[2.484192e+04 9.000000e-01 1.092000e+00 1.500000e+00 1.000000e-06
 5.000000e-01 1.000000e+00 5.000000e-03 1.000000e-03 1.000000e-03
 5.000000e-01 5.000000e+00 2.400000e+04 5.000000e+00 1.000000e-02]	0.11773599428225852
[2.486193e+04 9.000000e-01 1.092000e+00 1.500000e+00 1.000000e-06
 5.000000e-01 1.000000e+00 5.000000e-03 1.000000e-03 1.000000e-03
 5.000000e-01 5.000000e+00 2.400000e+04 5.000000e+00 1.000000e-02]	0.11756189638426157
[2.488194e+04 9.000000e-01 1.092000e+00 1.500000e+00 1.000000e-06
 5.000000e-01 1.000000e+00 5.000000e-03 1.000000e-03 1.000000e-03
 5.000000e-01 5.000000e+00 2.400000e+04 5.000000e+00 1.000000e-02]	0.11748401048252609
[2.490195e+04 9.000000e-01 1.092000e+00 1.500000e+00 1.000000e-06
 5.000000e-01 1.000000e+00 5.000000e-03 1.000000e-03 1.000000e-03
 5.000000e-01 5.000000e+00 2.400000e+04 5.000000e+00 1.000000e-02]	0.1176993420932065
[2.492196e+04 9.000000e-01 1.092000e+00 1.500000e+00 1.000000e-06
 5.000000e-01 1.000000e+00 5.000000e-03 1.000000e-03 1.000000e-03
 5.000000e-01 5.000000e+00 2.400000e+04 5.000000e+00 1.000000e-02]	0.11728700496637162
[2.494197e+04 9.000000e-01 1.092000e+00 1.500000e+00 1.000000e-06
 5.000000e-01 1.000000e+00 5.000000e-03 1.000000e-03 1.000000e-03
 5.000000e-01 5.000000e+00 2.400000e+04 5.000000e+00 1.000000e-02]	0.11741986915168508
[2.496198e+04 9.000000e-01 1.092000e+00 1.500000e+00 1.000000e-06
 5.000000e-01 1.000000e+00 5.000000e-03 1.000000e-03 1.000000e-03
 5.000000e-01 5.000000e+00 2.400000e+04 5.000000e+00 1.000000e-02]	0.11769017904594352
[2.498199e+04 9.000000e-01 1.092000e+00 1.500000e+00 1.000000e-06
 5.000000e-01 1.000000e+00 5.000000e-03 1.000000e-03 1.000000e-03
 5.000000e-01 5.000000e+00 2.400000e+04 5.000000e+00 1.000000e-02]	0.11748859200615754
[2.498199e+04 4.000000e+00 1.092000e+00 1.500000e+00 1.000000e-06
 5.000000e-01 1.000000e+00 5.000000e-03 1.000000e-03 1.000000e-03
 5.000000e-01 5.000000e+00 2.400000e+04 5.000000e+00 1.000000e-02]	0.11742903219894811
[2.498199e+04 4.020000e+00 1.092000e+00 1.500000e+00 1.000000e-06
 5.000000e-01 1.000000e+00 5.000000e-03 1.000000e-03 1.000000e-03
 5.000000e-01 5.000000e+00 2.400000e+04 5.000000e+00 1.000000e-02]	0.11693422764674621
[2.498199e+04 4.040000e+00 1.092000e+00 1.500000e+00 1.000000e-06
 5.000000e-01 1.000000e+00 5.000000e-03 1.000000e-03 1.000000e-03
 5.000000e-01 5.000000e+00 2.400000e+04 5.000000e+00 1.000000e-02]	0.11772683123499551
[2.498199e+04 4.060000e+00 1.092000e+00 1.500000e+00 1.000000e-06
 5.000000e-01 1.000000e+00 5.000000e-03 1.000000e-03 1.000000e-03
 5.000000e-01 5.000000e+00 2.400000e+04 5.000000e+00 1.000000e-02]	0.11750233657705204
[2.498199e+04 4.080000e+00 1.092000e+00 1.500000e+00 1.000000e-06
 5.000000e-01 1.000000e+00 5.000000e-03 1.000000e-03 1.000000e-03
 5.000000e-01 5.000000e+00 2.400000e+04 5.000000e+00 1.000000e-02]	0.11730533106089759
[2.498199e+04 4.100000e+00 1.092000e+00 1.500000e+00 1.000000e-06
 5.000000e-01 1.000000e+00 5.000000e-03 1.000000e-03 1.000000e-03
 5.000000e-01 5.000000e+00 2.400000e+04 5.000000e+00 1.000000e-02]	0.11723660820642513
[2.498199e+04 4.120000e+00 1.092000e+00 1.500000e+00 1.000000e-06
 5.000000e-01 1.000000e+00 5.000000e-03 1.000000e-03 1.000000e-03
 5.000000e-01 5.000000e+00 2.400000e+04 5.000000e+00 1.000000e-02]	0.11644400461817579
[2.498199e+04 4.140000e+00 1.092000e+00 1.500000e+00 1.000000e-06
 5.000000e-01 1.000000e+00 5.000000e-03 1.000000e-03 1.000000e-03
 5.000000e-01 5.000000e+00 2.400000e+04 5.000000e+00 1.000000e-02]	0.11756189638426157
[2.498199e+04 4.160000e+00 1.092000e+00 1.500000e+00 1.000000e-06
 5.000000e-01 1.000000e+00 5.000000e-03 1.000000e-03 1.000000e-03
 5.000000e-01 5.000000e+00 2.400000e+04 5.000000e+00 1.000000e-02]	0.11714955925742664
[2.498199e+04 4.180000e+00 1.092000e+00 1.500000e+00 1.000000e-06
 5.000000e-01 1.000000e+00 5.000000e-03 1.000000e-03 1.000000e-03
 5.000000e-01 5.000000e+00 2.400000e+04 5.000000e+00 1.000000e-02]	0.11719995601737314
[2.498199e+04 4.200000e+00 1.092000e+00 1.500000e+00 1.000000e-06
 5.000000e-01 1.000000e+00 5.000000e-03 1.000000e-03 1.000000e-03
 5.000000e-01 5.000000e+00 2.400000e+04 5.000000e+00 1.000000e-02]	0.11785511389667751
[2.498199e+04 4.220000e+00 1.092000e+00 1.500000e+00 1.000000e-06
 5.000000e-01 1.000000e+00 5.000000e-03 1.000000e-03 1.000000e-03
 5.000000e-01 5.000000e+00 2.400000e+04 5.000000e+00 1.000000e-02]	0.11750691810068357
[2.498199e+04 4.240000e+00 1.092000e+00 1.500000e+00 1.000000e-06
 5.000000e-01 1.000000e+00 5.000000e-03 1.000000e-03 1.000000e-03
 5.000000e-01 5.000000e+00 2.400000e+04 5.000000e+00 1.000000e-02]	0.1174748474352631
[2.498199e+04 4.260000e+00 1.092000e+00 1.500000e+00 1.000000e-06
 5.000000e-01 1.000000e+00 5.000000e-03 1.000000e-03 1.000000e-03
 5.000000e-01 5.000000e+00 2.400000e+04 5.000000e+00 1.000000e-02]	0.11699378745395568
[2.498199e+04 4.280000e+00 1.092000e+00 1.500000e+00 1.000000e-06
 5.000000e-01 1.000000e+00 5.000000e-03 1.000000e-03 1.000000e-03
 5.000000e-01 5.000000e+00 2.400000e+04 5.000000e+00 1.000000e-02]	0.11743819524621107
[2.498199e+04 4.300000e+00 1.092000e+00 1.500000e+00 1.000000e-06
 5.000000e-01 1.000000e+00 5.000000e-03 1.000000e-03 1.000000e-03
 5.000000e-01 5.000000e+00 2.400000e+04 5.000000e+00 1.000000e-02]	0.11752066267157806
[2.498199e+04 4.320000e+00 1.092000e+00 1.500000e+00 1.000000e-06
 5.000000e-01 1.000000e+00 5.000000e-03 1.000000e-03 1.000000e-03
 5.000000e-01 5.000000e+00 2.400000e+04 5.000000e+00 1.000000e-02]	0.11718162992284713
[2.498199e+04 4.340000e+00 1.092000e+00 1.500000e+00 1.000000e-06
 5.000000e-01 1.000000e+00 5.000000e-03 1.000000e-03 1.000000e-03
 5.000000e-01 5.000000e+00 2.400000e+04 5.000000e+00 1.000000e-02]	0.11756647790789305
[2.498199e+04 4.360000e+00 1.092000e+00 1.500000e+00 1.000000e-06
 5.000000e-01 1.000000e+00 5.000000e-03 1.000000e-03 1.000000e-03
 5.000000e-01 5.000000e+00 2.400000e+04 5.000000e+00 1.000000e-02]	0.11714039621016364
[2.498199e+04 4.380000e+00 1.092000e+00 1.500000e+00 1.000000e-06
 5.000000e-01 1.000000e+00 5.000000e-03 1.000000e-03 1.000000e-03
 5.000000e-01 5.000000e+00 2.400000e+04 5.000000e+00 1.000000e-02]	0.11765810838052303
[2.498199e+04 4.400000e+00 1.092000e+00 1.500000e+00 1.000000e-06
 5.000000e-01 1.000000e+00 5.000000e-03 1.000000e-03 1.000000e-03
 5.000000e-01 5.000000e+00 2.400000e+04 5.000000e+00 1.000000e-02]	0.11758938552605053
[2.498199e+04 4.420000e+00 1.092000e+00 1.500000e+00 1.000000e-06
 5.000000e-01 1.000000e+00 5.000000e-03 1.000000e-03 1.000000e-03
 5.000000e-01 5.000000e+00 2.400000e+04 5.000000e+00 1.000000e-02]	0.1173236571554236
[2.498199e+04 4.440000e+00 1.092000e+00 1.500000e+00 1.000000e-06
 5.000000e-01 1.000000e+00 5.000000e-03 1.000000e-03 1.000000e-03
 5.000000e-01 5.000000e+00 2.400000e+04 5.000000e+00 1.000000e-02]	0.11765810838052303
[2.498199e+04 4.460000e+00 1.092000e+00 1.500000e+00 1.000000e-06
 5.000000e-01 1.000000e+00 5.000000e-03 1.000000e-03 1.000000e-03
 5.000000e-01 5.000000e+00 2.400000e+04 5.000000e+00 1.000000e-02]	0.11815749445635641
[2.498199e+04 4.480000e+00 1.092000e+00 1.500000e+00 1.000000e-06
 5.000000e-01 1.000000e+00 5.000000e-03 1.000000e-03 1.000000e-03
 5.000000e-01 5.000000e+00 2.400000e+04 5.000000e+00 1.000000e-02]	0.11739238000989609
[2.498199e+04 4.500000e+00 1.092000e+00 1.500000e+00 1.000000e-06
 5.000000e-01 1.000000e+00 5.000000e-03 1.000000e-03 1.000000e-03
 5.000000e-01 5.000000e+00 2.400000e+04 5.000000e+00 1.000000e-02]	0.11662726556343578
[2.498199e+04 4.520000e+00 1.092000e+00 1.500000e+00 1.000000e-06
 5.000000e-01 1.000000e+00 5.000000e-03 1.000000e-03 1.000000e-03
 5.000000e-01 5.000000e+00 2.400000e+04 5.000000e+00 1.000000e-02]	0.11763978228599703
[2.498199e+04 4.540000e+00 1.092000e+00 1.500000e+00 1.000000e-06
 5.000000e-01 1.000000e+00 5.000000e-03 1.000000e-03 1.000000e-03
 5.000000e-01 5.000000e+00 2.400000e+04 5.000000e+00 1.000000e-02]	0.11754815181336703
[2.498199e+04 4.560000e+00 1.092000e+00 1.500000e+00 1.000000e-06
 5.000000e-01 1.000000e+00 5.000000e-03 1.000000e-03 1.000000e-03
 5.000000e-01 5.000000e+00 2.400000e+04 5.000000e+00 1.000000e-02]	0.11749775505342054
