[2.3001e+04 9.0000e-01 1.0920e+00 1.5000e+00 1.0000e-06 5.0000e-01
 1.0000e+00 5.0000e-03 1.0000e-03 1.0000e-03 5.0000e-01 5.0000e+00
 2.4000e+04 5.0000e+00 1.0000e-02]	1059.49155198146
[2.32011e+04 9.00000e-01 1.09200e+00 1.50000e+00 1.00000e-06 5.00000e-01
 1.00000e+00 5.00000e-03 1.00000e-03 1.00000e-03 5.00000e-01 5.00000e+00
 2.40000e+04 5.00000e+00 1.00000e-02]	1059.4915519814613
[2.34012e+04 9.00000e-01 1.09200e+00 1.50000e+00 1.00000e-06 5.00000e-01
 1.00000e+00 5.00000e-03 1.00000e-03 1.00000e-03 5.00000e-01 5.00000e+00
 2.40000e+04 5.00000e+00 1.00000e-02]	1059.4915519814606
[2.36013e+04 9.00000e-01 1.09200e+00 1.50000e+00 1.00000e-06 5.00000e-01
 1.00000e+00 5.00000e-03 1.00000e-03 1.00000e-03 5.00000e-01 5.00000e+00
 2.40000e+04 5.00000e+00 1.00000e-02]	1059.4915519814613
[2.38014e+04 9.00000e-01 1.09200e+00 1.50000e+00 1.00000e-06 5.00000e-01
 1.00000e+00 5.00000e-03 1.00000e-03 1.00000e-03 5.00000e-01 5.00000e+00
 2.40000e+04 5.00000e+00 1.00000e-02]	1059.49155198146
[2.40015e+04 9.00000e-01 1.09200e+00 1.50000e+00 1.00000e-06 5.00000e-01
 1.00000e+00 5.00000e-03 1.00000e-03 1.00000e-03 5.00000e-01 5.00000e+00
 2.40000e+04 5.00000e+00 1.00000e-02]	1059.4915519814613
[2.42016e+04 9.00000e-01 1.09200e+00 1.50000e+00 1.00000e-06 5.00000e-01
 1.00000e+00 5.00000e-03 1.00000e-03 1.00000e-03 5.00000e-01 5.00000e+00
 2.40000e+04 5.00000e+00 1.00000e-02]	1059.49155198146
[2.44017e+04 9.00000e-01 1.09200e+00 1.50000e+00 1.00000e-06 5.00000e-01
 1.00000e+00 5.00000e-03 1.00000e-03 1.00000e-03 5.00000e-01 5.00000e+00
 2.40000e+04 5.00000e+00 1.00000e-02]	1059.4915519814613
[2.46018e+04 9.00000e-01 1.09200e+00 1.50000e+00 1.00000e-06 5.00000e-01
 1.00000e+00 5.00000e-03 1.00000e-03 1.00000e-03 5.00000e-01 5.00000e+00
 2.40000e+04 5.00000e+00 1.00000e-02]	1059.4915519814606
[2.48019e+04 9.00000e-01 1.09200e+00 1.50000e+00 1.00000e-06 5.00000e-01
 1.00000e+00 5.00000e-03 1.00000e-03 1.00000e-03 5.00000e-01 5.00000e+00
 2.40000e+04 5.00000e+00 1.00000e-02]	1059.4915519814613
[2.48019e+04 4.00000e+00 1.09200e+00 1.50000e+00 1.00000e-06 5.00000e-01
 1.00000e+00 5.00000e-03 1.00000e-03 1.00000e-03 5.00000e-01 5.00000e+00
 2.40000e+04 5.00000e+00 1.00000e-02]	1060.7216957520855
[2.48019e+04 4.20000e+00 1.09200e+00 1.50000e+00 1.00000e-06 5.00000e-01
 1.00000e+00 5.00000e-03 1.00000e-03 1.00000e-03 5.00000e-01 5.00000e+00
 2.40000e+04 5.00000e+00 1.00000e-02]	1060.7216957520834
[2.48019e+04 4.40000e+00 1.09200e+00 1.50000e+00 1.00000e-06 5.00000e-01
 1.00000e+00 5.00000e-03 1.00000e-03 1.00000e-03 5.00000e-01 5.00000e+00
 2.40000e+04 5.00000e+00 1.00000e-02]	1060.7216957521218
[2.48019e+04 4.60000e+00 1.09200e+00 1.50000e+00 1.00000e-06 5.00000e-01
 1.00000e+00 5.00000e-03 1.00000e-03 1.00000e-03 5.00000e-01 5.00000e+00
 2.40000e+04 5.00000e+00 1.00000e-02]	1060.7216957520834
[2.48019e+04 4.80000e+00 1.09200e+00 1.50000e+00 1.00000e-06 5.00000e-01
 1.00000e+00 5.00000e-03 1.00000e-03 1.00000e-03 5.00000e-01 5.00000e+00
 2.40000e+04 5.00000e+00 1.00000e-02]	1060.7216957520834
[2.48019e+04 5.00000e+00 1.09200e+00 1.50000e+00 1.00000e-06 5.00000e-01
 1.00000e+00 5.00000e-03 1.00000e-03 1.00000e-03 5.00000e-01 5.00000e+00
 2.40000e+04 5.00000e+00 1.00000e-02]	1060.7216957521082
[2.48019e+04 5.20000e+00 1.09200e+00 1.50000e+00 1.00000e-06 5.00000e-01
 1.00000e+00 5.00000e-03 1.00000e-03 1.00000e-03 5.00000e-01 5.00000e+00
 2.40000e+04 5.00000e+00 1.00000e-02]	1060.7216957521218
[2.48019e+04 5.40000e+00 1.09200e+00 1.50000e+00 1.00000e-06 5.00000e-01
 1.00000e+00 5.00000e-03 1.00000e-03 1.00000e-03 5.00000e-01 5.00000e+00
 2.40000e+04 5.00000e+00 1.00000e-02]	1060.7216957520834
[2.48019e+04 5.60000e+00 1.09200e+00 1.50000e+00 1.00000e-06 5.00000e-01
 1.00000e+00 5.00000e-03 1.00000e-03 1.00000e-03 5.00000e-01 5.00000e+00
 2.40000e+04 5.00000e+00 1.00000e-02]	1060.7216957520855
[2.48019e+04 5.80000e+00 1.09200e+00 1.50000e+00 1.00000e-06 5.00000e-01
 1.00000e+00 5.00000e-03 1.00000e-03 1.00000e-03 5.00000e-01 5.00000e+00
 2.40000e+04 5.00000e+00 1.00000e-02]	1060.7216957521218
[2.48019e+04 5.80000e+00 0.00000e+00 1.50000e+00 1.00000e-06 5.00000e-01
 1.00000e+00 5.00000e-03 1.00000e-03 1.00000e-03 5.00000e-01 5.00000e+00
 2.40000e+04 5.00000e+00 1.00000e-02]	1060.7216957520834
[2.48019e+04 5.80000e+00 2.00000e-02 1.50000e+00 1.00000e-06 5.00000e-01
 1.00000e+00 5.00000e-03 1.00000e-03 1.00000e-03 5.00000e-01 5.00000e+00
 2.40000e+04 5.00000e+00 1.00000e-02]	1060.7216957521082
[2.48019e+04 5.80000e+00 4.00000e-02 1.50000e+00 1.00000e-06 5.00000e-01
 1.00000e+00 5.00000e-03 1.00000e-03 1.00000e-03 5.00000e-01 5.00000e+00
 2.40000e+04 5.00000e+00 1.00000e-02]	1060.7216957521218
[2.48019e+04 5.80000e+00 6.00000e-02 1.50000e+00 1.00000e-06 5.00000e-01
 1.00000e+00 5.00000e-03 1.00000e-03 1.00000e-03 5.00000e-01 5.00000e+00
 2.40000e+04 5.00000e+00 1.00000e-02]	1060.7216957521218
[2.48019e+04 5.80000e+00 8.00000e-02 1.50000e+00 1.00000e-06 5.00000e-01
 1.00000e+00 5.00000e-03 1.00000e-03 1.00000e-03 5.00000e-01 5.00000e+00
 2.40000e+04 5.00000e+00 1.00000e-02]	1060.7216957521218
[2.48019e+04 5.80000e+00 1.00000e-01 1.50000e+00 1.00000e-06 5.00000e-01
 1.00000e+00 5.00000e-03 1.00000e-03 1.00000e-03 5.00000e-01 5.00000e+00
 2.40000e+04 5.00000e+00 1.00000e-02]	1060.7216957521218
[2.48019e+04 5.80000e+00 1.20000e-01 1.50000e+00 1.00000e-06 5.00000e-01
 1.00000e+00 5.00000e-03 1.00000e-03 1.00000e-03 5.00000e-01 5.00000e+00
 2.40000e+04 5.00000e+00 1.00000e-02]	1060.7216957521218
[2.48019e+04 5.80000e+00 1.40000e-01 1.50000e+00 1.00000e-06 5.00000e-01
 1.00000e+00 5.00000e-03 1.00000e-03 1.00000e-03 5.00000e-01 5.00000e+00
 2.40000e+04 5.00000e+00 1.00000e-02]	1060.7216957520834
[2.48019e+04 5.80000e+00 1.60000e-01 1.50000e+00 1.00000e-06 5.00000e-01
 1.00000e+00 5.00000e-03 1.00000e-03 1.00000e-03 5.00000e-01 5.00000e+00
 2.40000e+04 5.00000e+00 1.00000e-02]	1060.7216957521082
[2.48019e+04 5.80000e+00 1.80000e-01 1.50000e+00 1.00000e-06 5.00000e-01
 1.00000e+00 5.00000e-03 1.00000e-03 1.00000e-03 5.00000e-01 5.00000e+00
 2.40000e+04 5.00000e+00 1.00000e-02]	1060.7216957520834
