[0.000e+00 9.000e-01 1.092e+00 1.500e+00 1.000e-06 5.000e-01 1.000e+00
 5.000e-03 1.000e-03 1.000e-03 5.000e-01 5.000e+00 2.400e+04 5.000e+00
 1.000e-02]	449.83888047773263
[1.000e+00 9.000e-01 1.092e+00 1.500e+00 1.000e-06 5.000e-01 1.000e+00
 5.000e-03 1.000e-03 1.000e-03 5.000e-01 5.000e+00 2.400e+04 5.000e+00
 1.000e-02]	461.9358458452799
[2.000e+00 9.000e-01 1.092e+00 1.500e+00 1.000e-06 5.000e-01 1.000e+00
 5.000e-03 1.000e-03 1.000e-03 5.000e-01 5.000e+00 2.400e+04 5.000e+00
 1.000e-02]	449.9505289411234
[3.000e+00 9.000e-01 1.092e+00 1.500e+00 1.000e-06 5.000e-01 1.000e+00
 5.000e-03 1.000e-03 1.000e-03 5.000e-01 5.000e+00 2.400e+04 5.000e+00
 1.000e-02]	448.0428618031568
[4.000e+00 9.000e-01 1.092e+00 1.500e+00 1.000e-06 5.000e-01 1.000e+00
 5.000e-03 1.000e-03 1.000e-03 5.000e-01 5.000e+00 2.400e+04 5.000e+00
 1.000e-02]	448.0316987778004
[5.000e+00 9.000e-01 1.092e+00 1.500e+00 1.000e-06 5.000e-01 1.000e+00
 5.000e-03 1.000e-03 1.000e-03 5.000e-01 5.000e+00 2.400e+04 5.000e+00
 1.000e-02]	460.0586369356908
[6.000e+00 9.000e-01 1.092e+00 1.500e+00 1.000e-06 5.000e-01 1.000e+00
 5.000e-03 1.000e-03 1.000e-03 5.000e-01 5.000e+00 2.400e+04 5.000e+00
 1.000e-02]	453.272377248969
[7.000e+00 9.000e-01 1.092e+00 1.500e+00 1.000e-06 5.000e-01 1.000e+00
 5.000e-03 1.000e-03 1.000e-03 5.000e-01 5.000e+00 2.400e+04 5.000e+00
 1.000e-02]	449.35492413608375
[8.000e+00 9.000e-01 1.092e+00 1.500e+00 1.000e-06 5.000e-01 1.000e+00
 5.000e-03 1.000e-03 1.000e-03 5.000e-01 5.000e+00 2.400e+04 5.000e+00
 1.000e-02]	456.5476898740213
[9.000e+00 9.000e-01 1.092e+00 1.500e+00 1.000e-06 5.000e-01 1.000e+00
 5.000e-03 1.000e-03 1.000e-03 5.000e-01 5.000e+00 2.400e+04 5.000e+00
 1.000e-02]	450.91471827529307
[1.000e+01 9.000e-01 1.092e+00 1.500e+00 1.000e-06 5.000e-01 1.000e+00
 5.000e-03 1.000e-03 1.000e-03 5.000e-01 5.000e+00 2.400e+04 5.000e+00
 1.000e-02]	449.4010984633212
[1.100e+01 9.000e-01 1.092e+00 1.500e+00 1.000e-06 5.000e-01 1.000e+00
 5.000e-03 1.000e-03 1.000e-03 5.000e-01 5.000e+00 2.400e+04 5.000e+00
 1.000e-02]	451.8877229689231
[1.200e+01 9.000e-01 1.092e+00 1.500e+00 1.000e-06 5.000e-01 1.000e+00
 5.000e-03 1.000e-03 1.000e-03 5.000e-01 5.000e+00 2.400e+04 5.000e+00
 1.000e-02]	447.4304509016273
[1.300e+01 9.000e-01 1.092e+00 1.500e+00 1.000e-06 5.000e-01 1.000e+00
 5.000e-03 1.000e-03 1.000e-03 5.000e-01 5.000e+00 2.400e+04 5.000e+00
 1.000e-02]	446.51245709941634
[1.400e+01 9.000e-01 1.092e+00 1.500e+00 1.000e-06 5.000e-01 1.000e+00
 5.000e-03 1.000e-03 1.000e-03 5.000e-01 5.000e+00 2.400e+04 5.000e+00
 1.000e-02]	451.42043353797465
