0.00 0.00 -275136.43 -275236.88 0.00 0.00
1.00 1.00 -275120.08 -275120.08 398.91 3972.93
2.00 1.00 -275120.08 -275189.19 398.91 3972.93
3.00 1.00 -275120.08 -275137.34 398.91 3972.93
4.00 1.00 -275120.08 -275199.55 398.91 3972.93
5.00 1.00 -275120.08 -275229.85 398.91 3972.93
6.00 2.00 -275099.12 -275099.12 399.42 3982.97
7.00 2.00 -275099.12 -275110.88 399.42 3982.97
8.00 3.00 -274992.85 -274992.85 411.39 3972.53
9.00 3.00 -274992.85 -275114.13 411.39 3972.53
10.00 4.00 -274880.69 -274880.69 417.67 3963.71
11.00 5.00 -274842.89 -274842.89 411.40 3970.27
12.00 6.00 -274698.45 -274698.45 398.30 3937.32
13.00 6.00 -274698.45 -274804.33 398.30 3937.32
14.00 6.00 -274698.45 -274757.30 398.30 3937.32
15.00 6.00 -274698.45 -274763.66 398.30 3937.32
16.00 7.00 -274686.15 -274686.15 392.18 3911.65
17.00 8.00 -274623.00 -274623.00 390.46 3917.58
18.00 8.00 -274623.00 -274785.77 390.46 3917.58
19.00 9.00 -274575.70 -274575.70 404.33 3917.35
20.00 9.00 -274575.70 -274725.67 404.33 3917.35
21.00 9.00 -274575.70 -274713.40 404.33 3917.35
22.00 10.00 -274531.93 -274531.93 385.97 3882.39
23.00 11.00 -274506.38 -274506.38 391.35 3887.44
24.00 11.00 -274506.38 -274587.74 391.35 3887.44
25.00 12.00 -274490.44 -274490.44 396.61 3876.40
26.00 12.00 -274490.44 -274666.75 396.61 3876.40
27.00 13.00 -274451.30 -274451.30 403.67 3876.87
28.00 14.00 -274412.12 -274412.12 397.58 3856.94
29.00 14.00 -274412.12 -274414.45 397.58 3856.94
30.00 14.00 -274412.12 -274494.09 397.58 3856.94
31.00 14.00 -274412.12 -274423.33 397.58 3856.94
32.00 14.00 -274412.12 -274490.99 397.58 3856.94
33.00 14.00 -274412.12 -274558.38 397.58 3856.94
34.00 14.00 -274412.12 -274427.97 397.58 3856.94
35.00 14.00 -274412.12 -274554.14 397.58 3856.94
36.00 14.00 -274412.12 -274432.92 397.58 3856.94
37.00 15.00 -274318.19 -274318.19 400.72 3845.68
38.00 16.00 -274283.92 -274283.92 412.16 3831.30
39.00 16.00 -274283.92 -274308.01 412.16 3831.30
40.00 17.00 -274281.77 -274281.77 397.37 3829.89
41.00 18.00 -274210.59 -274210.59 402.93 3811.65
42.00 18.00 -274210.59 -274264.40 402.93 3811.65
43.00 18.00 -274210.59 -274303.63 402.93 3811.65
44.00 18.00 -274210.59 -274357.75 402.93 3811.65
45.00 18.00 -274210.59 -274228.49 402.93 3811.65
46.00 18.00 -274210.59 -274348.45 402.93 3811.65
47.00 19.00 -274197.84 -274197.84 400.80 3824.05
48.00 19.00 -274197.84 -274238.86 400.80 3824.05
49.00 19.00 -274197.84 -274359.17 400.80 3824.05
50.00 19.00 -274197.84 -274203.64 400.80 3824.05
51.00 19.00 -274197.84 -274291.77 400.80 3824.05
52.00 19.00 -274197.84 -274203.80 400.80 3824.05
53.00 19.00 -274197.84 -274348.60 400.80 3824.05
54.00 19.00 -274197.84 -274239.37 400.80 3824.05
55.00 19.00 -274197.84 -274232.59 400.80 3824.05
56.00 19.00 -274197.84 -274343.49 400.80 3824.05
57.00 19.00 -274197.84 -274264.08 400.80 3824.05
58.00 19.00 -274197.84 -274311.54 400.80 3824.05
59.00 19.00 -274197.84 -274294.57 400.80 3824.05
60.00 19.00 -274197.84 -274350.15 400.80 3824.05
61.00 19.00 -274197.84 -274284.89 400.80 3824.05
62.00 19.00 -274197.84 -274380.31 400.80 3824.05
63.00 19.00 -274197.84 -274264.94 400.80 3824.05
64.00 19.00 -274197.84 -274377.10 400.80 3824.05
65.00 19.00 -274197.84 -274256.95 400.80 3824.05
66.00 19.00 -274197.84 -274340.67 400.80 3824.05
67.00 19.00 -274197.84 -274281.02 400.80 3824.05
68.00 19.00 -274197.84 -274356.11 400.80 3824.05
69.00 19.00 -274197.84 -274408.48 400.80 3824.05
70.00 19.00 -274197.84 -274331.24 400.80 3824.05
71.00 19.00 -274197.84 -274286.30 400.80 3824.05
72.00 19.00 -274197.84 -274226.50 400.80 3824.05
73.00 19.00 -274197.84 -274252.21 400.80 3824.05
74.00 19.00 -274197.84 -274245.84 400.80 3824.05
75.00 19.00 -274197.84 -274198.65 400.80 3824.05
76.00 19.00 -274197.84 -274298.03 400.80 3824.05
