0.00 0.00 -225707.73 -225812.85 0.00 0.00
1.00 0.00 -225707.73 -225806.46 0.00 0.00
2.00 1.00 -225639.51 -225639.51 383.29 3945.09
3.00 2.00 -225605.66 -225605.66 392.12 3956.13
4.00 2.00 -225605.66 -225707.51 392.12 3956.13
5.00 3.00 -225575.78 -225575.78 382.97 3948.18
6.00 3.00 -225575.78 -225698.62 382.97 3948.18
7.00 3.00 -225575.78 -225706.93 382.97 3948.18
8.00 3.00 -225575.78 -225707.76 382.97 3948.18
9.00 4.00 -225565.25 -225565.25 392.31 3972.88
10.00 5.00 -225548.58 -225548.58 393.42 3967.51
11.00 5.00 -225548.58 -225635.20 393.42 3967.51
12.00 5.00 -225548.58 -225567.46 393.42 3967.51
13.00 6.00 -225544.49 -225544.49 386.37 3967.63
14.00 6.00 -225544.49 -225589.60 386.37 3967.63
15.00 6.00 -225544.49 -225762.60 386.37 3967.63
16.00 6.00 -225544.49 -225565.18 386.37 3967.63
17.00 6.00 -225544.49 -225586.06 386.37 3967.63
18.00 6.00 -225544.49 -225753.31 386.37 3967.63
19.00 6.00 -225544.49 -225564.77 386.37 3967.63
20.00 6.00 -225544.49 -225579.04 386.37 3967.63
21.00 6.00 -225544.49 -225554.83 386.37 3967.63
22.00 6.00 -225544.49 -225583.25 386.37 3967.63
23.00 6.00 -225544.49 -225668.81 386.37 3967.63
24.00 6.00 -225544.49 -225575.95 386.37 3967.63
25.00 6.00 -225544.49 -225591.02 386.37 3967.63
26.00 6.00 -225544.49 -225568.80 386.37 3967.63
27.00 6.00 -225544.49 -225603.39 386.37 3967.63
28.00 6.00 -225544.49 -225654.23 386.37 3967.63
29.00 6.00 -225544.49 -225612.27 386.37 3967.63
30.00 6.00 -225544.49 -225679.93 386.37 3967.63
31.00 6.00 -225544.49 -225651.41 386.37 3967.63
32.00 6.00 -225544.49 -225641.33 386.37 3967.63
33.00 7.00 -225497.61 -225497.61 380.43 3950.31
34.00 7.00 -225497.61 -225700.04 380.43 3950.31
35.00 7.00 -225497.61 -225666.18 380.43 3950.31
36.00 8.00 -225357.08 -225357.08 386.10 3919.33
37.00 8.00 -225357.08 -225385.28 386.10 3919.33
38.00 8.00 -225357.08 -225393.80 386.10 3919.33
39.00 8.00 -225357.08 -225366.81 386.10 3919.33
40.00 8.00 -225357.08 -225417.39 386.10 3919.33
41.00 8.00 -225357.08 -225468.02 386.10 3919.33
42.00 8.00 -225357.08 -225379.37 386.10 3919.33
43.00 8.00 -225357.08 -225410.29 386.10 3919.33
44.00 8.00 -225357.08 -225422.02 386.10 3919.33
45.00 8.00 -225357.08 -225457.41 386.10 3919.33
46.00 8.00 -225357.08 -225429.96 386.10 3919.33
47.00 9.00 -225341.15 -225341.15 391.29 3929.02
48.00 9.00 -225341.15 -225427.04 391.29 3929.02
49.00 10.00 -225311.64 -225311.64 384.91 3912.89
50.00 10.00 -225311.64 -225424.47 384.91 3912.89
51.00 10.00 -225311.64 -225372.92 384.91 3912.89
52.00 10.00 -225311.64 -225487.16 384.91 3912.89
53.00 10.00 -225311.64 -225324.31 384.91 3912.89
54.00 10.00 -225311.64 -225344.19 384.91 3912.89
55.00 10.00 -225311.64 -225314.77 384.91 3912.89
56.00 10.00 -225311.64 -225335.94 384.91 3912.89
57.00 10.00 -225311.64 -225350.81 384.91 3912.89
58.00 10.00 -225311.64 -225359.54 384.91 3912.89
59.00 10.00 -225311.64 -225431.29 384.91 3912.89
60.00 11.00 -225311.55 -225311.55 378.66 3918.79
61.00 11.00 -225311.55 -225332.62 378.66 3918.79
62.00 11.00 -225311.55 -225400.82 378.66 3918.79
63.00 11.00 -225311.55 -225361.54 378.66 3918.79
64.00 12.00 -225296.70 -225296.70 384.68 3921.14
65.00 12.00 -225296.70 -225459.25 384.68 3921.14
66.00 12.00 -225296.70 -225338.57 384.68 3921.14
67.00 12.00 -225296.70 -225432.70 384.68 3921.14
68.00 13.00 -225283.52 -225283.52 386.32 3922.10
69.00 13.00 -225283.52 -225331.46 386.32 3922.10
70.00 13.00 -225283.52 -225303.68 386.32 3922.10
71.00 13.00 -225283.52 -225337.83 386.32 3922.10
72.00 14.00 -225195.38 -225195.38 381.36 3880.17
73.00 14.00 -225195.38 -225263.52 381.36 3880.17
74.00 14.00 -225195.38 -225199.87 381.36 3880.17
75.00 14.00 -225195.38 -225272.43 381.36 3880.17
76.00 14.00 -225195.38 -225246.50 381.36 3880.17
77.00 14.00 -225195.38 -225330.06 381.36 3880.17
78.00 14.00 -225195.38 -225351.56 381.36 3880.17
79.00 15.00 -225183.07 -225183.07 386.18 3877.67
80.00 16.00 -225183.33 -225183.33 400.00 3873.84
81.00 16.00 -225183.33 -225273.17 400.00 3873.84
82.00 16.00 -225183.33 -225356.05 400.00 3873.84
83.00 16.00 -225183.33 -225272.00 400.00 3873.84
84.00 17.00 -225082.67 -225082.67 383.55 3829.87
85.00 17.00 -225082.67 -225199.18 383.55 3829.87
86.00 17.00 -225082.67 -225195.48 383.55 3829.87
87.00 17.00 -225082.67 -225135.93 383.55 3829.87
88.00 17.00 -225082.67 -225207.35 383.55 3829.87
89.00 17.00 -225082.67 -225092.97 383.55 3829.87
90.00 17.00 -225082.67 -225236.37 383.55 3829.87
91.00 17.00 -225082.67 -225159.09 383.55 3829.87
92.00 17.00 -225082.67 -225124.41 383.55 3829.87
93.00 17.00 -225082.67 -225202.12 383.55 3829.87
94.00 17.00 -225082.67 -225101.86 383.55 3829.87
95.00 17.00 -225082.67 -225084.63 383.55 3829.87
96.00 17.00 -225082.67 -225173.74 383.55 3829.87
97.00 17.00 -225082.67 -225116.53 383.55 3829.87
98.00 17.00 -225082.67 -225258.98 383.55 3829.87
99.00 17.00 -225082.67 -225162.12 383.55 3829.87
100.00 17.00 -225082.67 -225124.91 383.55 3829.87
101.00 17.00 -225082.67 -225198.14 383.55 3829.87
102.00 17.00 -225082.67 -225183.42 383.55 3829.87
103.00 17.00 -225082.67 -225218.09 383.55 3829.87
104.00 17.00 -225082.67 -225260.66 383.55 3829.87
105.00 18.00 -225038.07 -225038.07 395.25 3831.65
106.00 19.00 -225022.93 -225022.93 404.57 3824.47
107.00 20.00 -224994.30 -224994.30 392.57 3797.32
108.00 20.00 -224994.30 -225020.36 392.57 3797.32
109.00 20.00 -224994.30 -224998.42 392.57 3797.32
110.00 20.00 -224994.30 -225026.20 392.57 3797.32
111.00 20.00 -224994.30 -225102.71 392.57 3797.32
112.00 20.00 -224994.30 -225045.68 392.57 3797.32
113.00 20.00 -224994.30 -225098.02 392.57 3797.32
114.00 20.00 -224994.30 -225140.47 392.57 3797.32
115.00 20.00 -224994.30 -225141.27 392.57 3797.32
116.00 20.00 -224994.30 -225066.45 392.57 3797.32
117.00 20.00 -224994.30 -225129.59 392.57 3797.32
118.00 20.00 -224994.30 -225298.41 392.57 3797.32
119.00 20.00 -224994.30 -225032.62 392.57 3797.32
120.00 20.00 -224994.30 -225139.92 392.57 3797.32
121.00 21.00 -224911.50 -224911.50 390.78 3767.28
122.00 21.00 -224911.50 -225017.95 390.78 3767.28
123.00 21.00 -224911.50 -224955.61 390.78 3767.28
