0.00 0.00 -408855.23 -408860.98 0.00 0.00
1.00 0.00 -408855.23 -408997.22 0.00 0.00
2.00 1.00 -408781.60 -408781.60 394.70 3940.07
3.00 1.00 -408781.60 -408847.61 394.70 3940.07
4.00 2.00 -408636.13 -408636.13 394.66 3936.55
5.00 2.00 -408636.13 -408796.47 394.66 3936.55
6.00 2.00 -408636.13 -408774.39 394.66 3936.55
7.00 2.00 -408636.13 -408956.73 394.66 3936.55
8.00 2.00 -408636.13 -408951.88 394.66 3936.55
9.00 3.00 -408562.00 -408562.00 381.73 3895.12
10.00 3.00 -408562.00 -408765.93 381.73 3895.12
11.00 4.00 -408380.07 -408380.07 400.56 3863.72
12.00 4.00 -408380.07 -408477.34 400.56 3863.72
13.00 4.00 -408380.07 -408623.22 400.56 3863.72
14.00 5.00 -408267.64 -408267.64 401.31 3861.29
15.00 6.00 -408135.27 -408135.27 401.38 3827.85
16.00 6.00 -408135.27 -408287.46 401.38 3827.85
17.00 6.00 -408135.27 -408368.48 401.38 3827.85
18.00 6.00 -408135.27 -408329.50 401.38 3827.85
19.00 6.00 -408135.27 -408321.78 401.38 3827.85
20.00 6.00 -408135.27 -408271.11 401.38 3827.85
21.00 6.00 -408135.27 -408250.99 401.38 3827.85
22.00 6.00 -408135.27 -408298.71 401.38 3827.85
23.00 6.00 -408135.27 -408204.90 401.38 3827.85
24.00 7.00 -408118.01 -408118.01 406.77 3853.37
25.00 7.00 -408118.01 -408420.29 406.77 3853.37
26.00 7.00 -408118.01 -408157.31 406.77 3853.37
27.00 7.00 -408118.01 -408204.70 406.77 3853.37
28.00 7.00 -408118.01 -408232.72 406.77 3853.37
29.00 7.00 -408118.01 -408342.61 406.77 3853.37
30.00 7.00 -408118.01 -408307.66 406.77 3853.37
31.00 8.00 -408059.94 -408059.94 407.35 3843.56
32.00 8.00 -408059.94 -408116.03 407.35 3843.56
33.00 8.00 -408059.94 -408153.34 407.35 3843.56
34.00 8.00 -408059.94 -408097.92 407.35 3843.56
35.00 8.00 -408059.94 -408184.44 407.35 3843.56
36.00 8.00 -408059.94 -408154.98 407.35 3843.56
37.00 8.00 -408059.94 -408087.97 407.35 3843.56
38.00 8.00 -408059.94 -408202.90 407.35 3843.56
39.00 8.00 -408059.94 -408352.26 407.35 3843.56
40.00 8.00 -408059.94 -408107.95 407.35 3843.56
41.00 9.00 -408056.44 -408056.44 435.89 3812.68
42.00 9.00 -408056.44 -408212.51 435.89 3812.68
43.00 10.00 -407919.84 -407919.84 427.84 3802.39
44.00 11.00 -407911.92 -407911.92 426.29 3794.47
45.00 12.00 -407850.60 -407850.60 413.28 3798.54
46.00 13.00 -407843.75 -407843.75 410.18 3806.34
47.00 13.00 -407843.75 -407906.63 410.18 3806.34
48.00 13.00 -407843.75 -407944.42 410.18 3806.34
49.00 14.00 -407750.97 -407750.97 406.27 3798.01
50.00 14.00 -407750.97 -407784.08 406.27 3798.01
51.00 14.00 -407750.97 -407837.34 406.27 3798.01
52.00 14.00 -407750.97 -407872.43 406.27 3798.01
53.00 15.00 -407647.17 -407647.17 407.84 3795.34
54.00 15.00 -407647.17 -407807.39 407.84 3795.34
55.00 15.00 -407647.17 -407776.49 407.84 3795.34
56.00 15.00 -407647.17 -407749.08 407.84 3795.34
57.00 15.00 -407647.17 -407745.02 407.84 3795.34
58.00 16.00 -407579.62 -407579.62 409.11 3781.01
59.00 16.00 -407579.62 -407609.28 409.11 3781.01
60.00 17.00 -407490.21 -407490.21 410.93 3755.42
61.00 18.00 -407463.24 -407463.24 408.79 3768.85
62.00 18.00 -407463.24 -407591.86 408.79 3768.85
63.00 18.00 -407463.24 -407676.00 408.79 3768.85
64.00 18.00 -407463.24 -407639.45 408.79 3768.85
65.00 18.00 -407463.24 -407548.56 408.79 3768.85
66.00 18.00 -407463.24 -407470.57 408.79 3768.85
67.00 18.00 -407463.24 -407538.02 408.79 3768.85
68.00 18.00 -407463.24 -407826.39 408.79 3768.85
69.00 18.00 -407463.24 -407521.95 408.79 3768.85
70.00 18.00 -407463.24 -407710.28 408.79 3768.85
71.00 18.00 -407463.24 -407774.81 408.79 3768.85
72.00 18.00 -407463.24 -407734.83 408.79 3768.85
73.00 18.00 -407463.24 -407728.25 408.79 3768.85
74.00 18.00 -407463.24 -407578.50 408.79 3768.85
75.00 18.00 -407463.24 -407498.93 408.79 3768.85
76.00 18.00 -407463.24 -407766.24 408.79 3768.85
77.00 18.00 -407463.24 -407584.43 408.79 3768.85
78.00 18.00 -407463.24 -407551.92 408.79 3768.85
79.00 18.00 -407463.24 -407722.92 408.79 3768.85
80.00 18.00 -407463.24 -407585.49 408.79 3768.85
81.00 18.00 -407463.24 -407548.83 408.79 3768.85
82.00 18.00 -407463.24 -407574.23 408.79 3768.85
83.00 18.00 -407463.24 -407679.77 408.79 3768.85
84.00 18.00 -407463.24 -407611.69 408.79 3768.85
85.00 19.00 -407424.15 -407424.15 415.77 3769.39
86.00 19.00 -407424.15 -407633.20 415.77 3769.39
87.00 19.00 -407424.15 -407559.55 415.77 3769.39
88.00 19.00 -407424.15 -407578.27 415.77 3769.39
89.00 19.00 -407424.15 -407620.40 415.77 3769.39
90.00 19.00 -407424.15 -407426.36 415.77 3769.39
91.00 19.00 -407424.15 -407503.69 415.77 3769.39
92.00 19.00 -407424.15 -407461.43 415.77 3769.39
93.00 19.00 -407424.15 -407490.72 415.77 3769.39
94.00 19.00 -407424.15 -407521.28 415.77 3769.39
95.00 19.00 -407424.15 -407529.95 415.77 3769.39
96.00 19.00 -407424.15 -407472.12 415.77 3769.39
97.00 19.00 -407424.15 -407481.37 415.77 3769.39
98.00 19.00 -407424.15 -407609.27 415.77 3769.39
99.00 19.00 -407424.15 -407771.82 415.77 3769.39
100.00 19.00 -407424.15 -407505.06 415.77 3769.39
101.00 19.00 -407424.15 -407492.57 415.77 3769.39
102.00 19.00 -407424.15 -407470.44 415.77 3769.39
103.00 19.00 -407424.15 -407713.90 415.77 3769.39
104.00 19.00 -407424.15 -407658.47 415.77 3769.39
105.00 19.00 -407424.15 -407559.94 415.77 3769.39
106.00 19.00 -407424.15 -407478.41 415.77 3769.39
107.00 19.00 -407424.15 -407514.39 415.77 3769.39
108.00 19.00 -407424.15 -407444.89 415.77 3769.39
109.00 20.00 -407411.15 -407411.15 427.60 3782.03
110.00 20.00 -407411.15 -407659.24 427.60 3782.03
111.00 20.00 -407411.15 -407581.56 427.60 3782.03
112.00 20.00 -407411.15 -407468.81 427.60 3782.03
113.00 20.00 -407411.15 -407587.36 427.60 3782.03
114.00 20.00 -407411.15 -407502.02 427.60 3782.03
115.00 20.00 -407411.15 -407510.25 427.60 3782.03
116.00 20.00 -407411.15 -407444.60 427.60 3782.03
117.00 20.00 -407411.15 -407480.82 427.60 3782.03
118.00 20.00 -407411.15 -407564.59 427.60 3782.03
119.00 20.00 -407411.15 -407432.75 427.60 3782.03
120.00 20.00 -407411.15 -407430.99 427.60 3782.03
121.00 20.00 -407411.15 -407423.88 427.60 3782.03
122.00 20.00 -407411.15 -407450.35 427.60 3782.03
123.00 20.00 -407411.15 -407460.27 427.60 3782.03
