0.00 1.00 -335253.94 -335253.94 406.78 3954.54
1.00 1.00 -335253.94 -335337.40 406.78 3954.54
2.00 1.00 -335253.94 -335387.81 406.78 3954.54
3.00 2.00 -335012.70 -335012.70 393.49 3908.52
4.00 2.00 -335012.70 -335058.14 393.49 3908.52
5.00 2.00 -335012.70 -335314.18 393.49 3908.52
6.00 2.00 -335012.70 -335048.14 393.49 3908.52
7.00 2.00 -335012.70 -335202.30 393.49 3908.52
8.00 2.00 -335012.70 -335047.85 393.49 3908.52
9.00 2.00 -335012.70 -335088.28 393.49 3908.52
10.00 3.00 -334974.86 -334974.86 393.90 3910.13
11.00 4.00 -334959.07 -334959.07 394.13 3918.03
12.00 4.00 -334959.07 -335064.01 394.13 3918.03
13.00 4.00 -334959.07 -335148.81 394.13 3918.03
14.00 5.00 -334716.96 -334716.96 383.60 3909.62
15.00 5.00 -334716.96 -334969.72 383.60 3909.62
16.00 5.00 -334716.96 -334796.82 383.60 3909.62
17.00 5.00 -334716.96 -334891.81 383.60 3909.62
18.00 5.00 -334716.96 -334857.86 383.60 3909.62
19.00 5.00 -334716.96 -334961.33 383.60 3909.62
20.00 5.00 -334716.96 -334805.54 383.60 3909.62
21.00 6.00 -334699.82 -334699.82 391.43 3909.54
22.00 6.00 -334699.82 -334961.67 391.43 3909.54
23.00 7.00 -334670.42 -334670.42 390.52 3905.35
24.00 7.00 -334670.42 -334738.05 390.52 3905.35
25.00 8.00 -334593.17 -334593.17 387.34 3904.12
26.00 8.00 -334593.17 -334673.95 387.34 3904.12
27.00 8.00 -334593.17 -334706.69 387.34 3904.12
28.00 8.00 -334593.17 -334628.82 387.34 3904.12
29.00 8.00 -334593.17 -334698.14 387.34 3904.12
30.00 9.00 -334534.10 -334534.10 387.58 3896.02
31.00 9.00 -334534.10 -334595.10 387.58 3896.02
32.00 9.00 -334534.10 -334635.82 387.58 3896.02
33.00 9.00 -334534.10 -334778.99 387.58 3896.02
34.00 9.00 -334534.10 -334759.85 387.58 3896.02
35.00 10.00 -334441.37 -334441.37 381.21 3883.84
36.00 11.00 -334418.56 -334418.56 387.61 3871.18
37.00 11.00 -334418.56 -334648.67 387.61 3871.18
38.00 11.00 -334418.56 -334607.28 387.61 3871.18
39.00 11.00 -334418.56 -334494.73 387.61 3871.18
40.00 11.00 -334418.56 -334522.30 387.61 3871.18
