2925.06
2925.06
2921.30
2921.30
2921.30
2921.30
2927.70
2927.70
2927.70
2927.70
2927.70
2927.70
2927.70
2912.94
2912.94
2920.89
2920.89
2920.89
2920.89
2920.89
2920.89
2920.89
2920.89
2920.89
2920.89
2920.89
2920.89
2920.89
2920.89
2920.89
2920.89
2920.89
2920.89
2920.89
2920.89
2920.89
2920.89
2920.89
2920.89
2920.89
2920.89
2920.89
2920.89
2920.89
2920.89
2920.89
2920.89
2920.89
2920.89
2920.89
2920.89
2920.89
2920.89
2920.89
2920.89
2920.89
2920.89
2920.89
2920.89
2920.89
2920.89
2920.89
2920.89
2920.89
2920.89
2920.89
2920.89
2920.89
2920.89
2920.89
2920.89
2920.89
2920.89
2920.89
2920.89
2920.89
2920.89
2920.89
2920.89
2920.89
2920.89
2920.89
2920.89
2920.89
2920.89
2920.89
2920.89
2920.89
2920.89
2920.89
2920.89
2920.89
2920.89
2920.89
2920.89
2920.89
2920.89
2920.89
2920.89
2920.89
2920.89
2920.89
2920.89
2920.89
2920.89
2920.89
2920.89
2920.89
2920.89
2920.89
2920.89
2920.89
2920.89
2920.89
2920.89
2920.89
2920.89
2920.89
2920.89
2920.89
2920.89
2920.89
2920.89
2920.89
2920.89
2920.89
2920.89
2920.89
2920.89
2920.89
2920.89
2920.89
2920.89
2920.89
2920.89
2920.89
2920.89
2912.04
2912.04
2912.04
2922.95
2922.95
2922.95
2922.95
2922.95
2922.95
2922.95
2922.95
2922.95
2922.95
2922.95
2922.95
2922.95
2922.95
2922.95
2922.95
2922.95
2922.95
2922.95
2922.95
2922.95
2922.95
2922.95
2922.95
2922.95
2922.95
2922.95
2922.95
2922.95
2922.95
2922.95
2922.95
2929.42
2929.42
2929.42
2929.42
2929.42
2919.88
2919.88
2919.88
2919.88
2919.88
2919.88
2919.88
2919.88
2919.88
2919.88
2919.88
2928.88
2928.88
2928.88
2928.88
2928.88
2928.88
2928.88
2928.88
2928.88
2928.88
2928.88
2928.88
2928.88
2928.88
2928.88
2928.88
2928.88
2928.88
2928.88
2928.88
2928.88
2928.88
2928.88
2928.88
2928.88
2928.88
2928.88
2919.18
2919.18
2919.18
2919.18
2919.18
2919.18
2919.18
2896.16
2896.16
2896.16
2896.16
2896.16
2896.16
2896.16
2896.16
2896.16
2896.16
2896.16
2896.16
2896.16
2896.16
2896.16
2896.16
2896.16
2896.16
2896.16
2896.16
2896.16
2896.16
2896.16
2896.16
2896.16
2896.16
2896.16
2896.16
2896.16
2896.16
2896.16
2896.16
2896.16
2896.16
2896.16
2896.16
2896.16
2896.16
2896.16
2896.16
2896.16
2896.16
2896.16
2896.16
2896.16
2896.16
2896.16
2914.31
2914.31
2914.31
2914.31
2914.31
2925.62
2925.62
2925.62
2925.62
2925.62
2925.62
2925.62
2925.62
2925.62
2925.62
2925.62
2925.62
2925.62
2925.62
2925.62
2925.62
2925.62
2925.62
2925.62
2925.62
2925.62
2925.62
2925.62
2925.62
2925.62
2925.62
2925.62
2925.62
2925.62
2925.62
2925.62
2925.62
2925.62
2925.62
2925.62
2925.62
2925.62
2925.62
2925.62
2925.62
2925.62
2925.62
2925.62
2925.62
2925.62
2925.62
2925.62
2925.62
2925.62
2925.62
2925.62
2925.62
2925.62
2925.62
2925.62
2925.62
2925.62
2925.62
2925.62
2925.62
2925.62
2925.62
2925.62
2925.62
2925.62
2925.62
2925.62
2925.62
2925.62
2925.62
2925.62
2925.62
2925.62
2925.62
2925.62
2925.62
2925.62
2925.62
2925.62
2925.62
2925.62
2925.62
2925.62
2925.62
2925.62
2925.62
2925.62
2925.62
2925.62
2925.62
2925.62
2925.62
2925.62
2925.62
2925.62
2925.62
2925.62
2925.62
2925.62
2925.62
