2934.29
2934.29
2934.29
2934.29
2934.29
2942.56
2921.65
2921.65
2921.65
2924.30
2924.30
2924.30
2924.30
2924.30
2948.72
2948.72
2948.72
2948.72
2948.72
2948.72
2927.80
2920.02
2920.02
2920.02
2911.35
2911.35
2911.35
2911.35
2911.35
2911.35
2911.35
2911.35
2935.79
2935.79
2935.79
2935.79
2935.79
2935.79
2935.79
2935.79
2935.79
2935.79
2935.79
2935.79
2935.79
2935.79
2935.79
2935.79
2935.79
2935.79
2935.79
2932.80
2932.80
2932.80
2932.80
2932.80
2932.80
2932.80
2932.80
2932.80
2932.80
2932.80
2932.80
2932.80
2932.80
2932.80
2932.80
2932.80
2932.80
2932.80
2932.80
2932.80
2932.80
2932.80
2932.80
2932.80
2932.80
2932.80
2932.80
2932.80
2932.80
2932.80
2932.80
2932.80
2932.80
2932.80
2932.80
2932.80
2932.80
2932.80
2932.80
2932.80
2932.80
2932.80
2932.80
2932.80
2932.80
2932.80
2932.80
2932.80
2932.80
2915.53
2915.53
2915.53
2915.53
2915.53
2915.53
2909.81
2909.81
2909.81
2909.81
2909.81
2909.81
2909.81
2909.81
2909.81
2909.81
2909.81
2909.81
2909.81
2909.81
2909.81
2909.81
2909.81
2909.81
2909.81
2909.81
2909.81
2909.81
2909.81
2909.81
2926.48
2926.48
2914.99
2914.99
2914.99
2914.99
2914.99
2914.99
2914.99
2914.99
2914.99
2914.99
2914.99
2914.99
2914.99
2914.99
2914.99
2914.99
2914.99
2914.99
2914.99
2914.99
2914.99
2914.99
2914.99
2914.99
2914.99
2914.99
2914.99
2914.99
2914.99
2914.99
2914.99
2914.99
2914.99
2914.99
2914.99
2914.99
2914.99
2914.99
2914.99
2914.99
2914.99
2914.99
2914.99
2914.99
2914.99
2914.99
2914.99
2914.99
2914.99
2914.99
2914.99
2914.99
2914.99
2914.99
2914.99
2914.99
2923.81
2923.81
2923.81
2923.81
2923.81
2923.81
2923.81
2923.81
2923.81
2923.81
2923.81
2923.81
2923.81
2923.81
2923.81
2923.81
2923.81
2923.81
2923.81
2923.81
2923.81
2923.81
2923.81
2923.81
2923.81
2923.81
2923.81
2923.81
2923.81
2923.81
2923.81
2923.81
2923.81
2923.81
2923.81
2923.81
2923.81
2923.81
2923.81
2923.81
2923.81
2923.81
2923.81
2923.81
2923.81
2923.81
2923.81
2923.81
2923.81
2923.81
2923.81
2923.81
2923.81
2923.81
2923.81
2923.81
2923.81
2923.81
2923.81
2923.81
2923.81
2923.81
2923.81
2923.81
2923.81
2923.81
2923.81
2923.81
2923.81
2923.81
2923.81
2923.81
2923.81
2923.81
2923.81
2923.81
2923.81
2923.81
2923.81
2923.81
2923.81
2923.81
2923.81
2923.81
2923.81
2923.81
2923.81
2923.81
2923.81
2923.81
2923.81
2923.81
2923.81
2923.81
2923.81
2923.81
2923.81
2923.81
2923.81
2923.81
2923.81
2923.81
2923.81
2923.81
2923.81
2923.81
2923.81
2923.81
2923.81
2923.81
2923.81
2923.81
2923.81
2923.81
2923.81
2923.81
2923.81
2923.81
2923.81
2923.81
2923.81
2923.81
2923.81
2923.81
2923.81
2923.81
2923.81
2923.81
2923.81
2923.81
2923.81
2923.81
2923.81
2923.81
2923.81
2923.81
2923.81
2923.81
2923.81
2923.81
2923.81
2923.81
2923.81
2923.61
2923.61
2923.61
2923.61
2923.61
2923.61
2923.61
2923.61
2923.61
2923.61
2923.61
2923.61
2923.61
2923.61
2923.61
2923.61
2923.61
2923.61
2923.61
2923.61
2923.61
2923.61
2923.61
2923.61
2923.61
2923.61
2923.61
2923.61
2923.61
2923.61
2923.61
2923.61
2923.61
2923.61
2923.61
2923.61
2923.61
2923.61
2923.61
2923.61
2923.61
2923.61
