0.00 1.00 -347217.46 -347217.46 119.53 619.02
1.00 2.00 -347178.95 -347178.95 119.58 618.37
2.00 2.00 -347178.95 -347311.09 119.58 618.37
3.00 2.00 -347178.95 -347266.32 119.58 618.37
4.00 2.00 -347178.95 -347360.36 119.58 618.37
5.00 3.00 -346936.76 -346936.76 118.71 614.42
6.00 3.00 -346936.76 -347345.78 118.71 614.42
7.00 3.00 -346936.76 -347413.62 118.71 614.42
8.00 3.00 -346936.76 -347410.99 118.71 614.42
9.00 3.00 -346936.76 -347463.86 118.71 614.42
10.00 3.00 -346936.76 -347518.56 118.71 614.42
11.00 3.00 -346936.76 -347053.47 118.71 614.42
12.00 3.00 -346936.76 -346970.29 118.71 614.42
13.00 3.00 -346936.76 -347519.99 118.71 614.42
14.00 3.00 -346936.76 -347364.20 118.71 614.42
15.00 3.00 -346936.76 -347420.05 118.71 614.42
16.00 3.00 -346936.76 -347575.87 118.71 614.42
17.00 3.00 -346936.76 -347276.16 118.71 614.42
18.00 3.00 -346936.76 -347595.10 118.71 614.42
19.00 3.00 -346936.76 -347083.59 118.71 614.42
20.00 3.00 -346936.76 -347203.43 118.71 614.42
21.00 3.00 -346936.76 -347175.94 118.71 614.42
22.00 3.00 -346936.76 -347366.89 118.71 614.42
23.00 3.00 -346936.76 -347293.46 118.71 614.42
24.00 3.00 -346936.76 -347311.69 118.71 614.42
25.00 3.00 -346936.76 -347190.75 118.71 614.42
26.00 3.00 -346936.76 -347100.24 118.71 614.42
27.00 3.00 -346936.76 -347263.18 118.71 614.42
28.00 3.00 -346936.76 -347468.16 118.71 614.42
29.00 4.00 -346719.92 -346719.92 117.14 611.00
30.00 4.00 -346719.92 -347539.81 117.14 611.00
31.00 4.00 -346719.92 -347393.24 117.14 611.00
32.00 4.00 -346719.92 -347215.83 117.14 611.00
33.00 4.00 -346719.92 -347230.50 117.14 611.00
34.00 4.00 -346719.92 -347347.81 117.14 611.00
35.00 4.00 -346719.92 -347086.70 117.14 611.00
36.00 4.00 -346719.92 -347176.51 117.14 611.00
37.00 4.00 -346719.92 -347311.96 117.14 611.00
38.00 4.00 -346719.92 -347339.87 117.14 611.00
39.00 4.00 -346719.92 -347610.99 117.14 611.00
40.00 4.00 -346719.92 -347092.58 117.14 611.00
41.00 4.00 -346719.92 -347360.03 117.14 611.00
42.00 4.00 -346719.92 -347144.09 117.14 611.00
43.00 4.00 -346719.92 -347443.97 117.14 611.00
44.00 4.00 -346719.92 -346802.89 117.14 611.00
45.00 4.00 -346719.92 -347464.87 117.14 611.00
46.00 4.00 -346719.92 -347057.46 117.14 611.00
47.00 4.00 -346719.92 -347376.65 117.14 611.00
48.00 4.00 -346719.92 -347322.37 117.14 611.00
49.00 4.00 -346719.92 -347413.15 117.14 611.00
50.00 4.00 -346719.92 -347172.31 117.14 611.00
51.00 4.00 -346719.92 -347145.58 117.14 611.00
52.00 4.00 -346719.92 -347304.11 117.14 611.00
53.00 4.00 -346719.92 -347361.06 117.14 611.00
54.00 4.00 -346719.92 -347567.87 117.14 611.00
55.00 4.00 -346719.92 -347531.15 117.14 611.00
56.00 4.00 -346719.92 -347387.43 117.14 611.00
57.00 4.00 -346719.92 -347138.26 117.14 611.00
58.00 4.00 -346719.92 -347549.94 117.14 611.00
59.00 4.00 -346719.92 -347338.66 117.14 611.00
60.00 4.00 -346719.92 -347391.11 117.14 611.00
61.00 4.00 -346719.92 -347249.26 117.14 611.00
62.00 4.00 -346719.92 -347415.69 117.14 611.00
63.00 4.00 -346719.92 -347164.55 117.14 611.00
64.00 4.00 -346719.92 -347309.75 117.14 611.00
65.00 4.00 -346719.92 -347188.17 117.14 611.00
66.00 4.00 -346719.92 -347254.02 117.14 611.00
67.00 4.00 -346719.92 -347160.06 117.14 611.00
68.00 4.00 -346719.92 -347493.47 117.14 611.00
69.00 4.00 -346719.92 -347198.12 117.14 611.00
70.00 4.00 -346719.92 -347340.93 117.14 611.00
71.00 4.00 -346719.92 -347456.97 117.14 611.00
72.00 4.00 -346719.92 -347478.73 117.14 611.00
73.00 4.00 -346719.92 -347408.85 117.14 611.00
74.00 4.00 -346719.92 -347368.29 117.14 611.00
75.00 4.00 -346719.92 -347152.25 117.14 611.00
76.00 4.00 -346719.92 -347439.60 117.14 611.00
77.00 4.00 -346719.92 -347211.22 117.14 611.00
78.00 4.00 -346719.92 -347275.63 117.14 611.00
79.00 4.00 -346719.92 -347234.11 117.14 611.00
80.00 4.00 -346719.92 -347488.77 117.14 611.00
81.00 4.00 -346719.92 -347381.39 117.14 611.00
82.00 4.00 -346719.92 -347222.50 117.14 611.00
83.00 4.00 -346719.92 -347124.92 117.14 611.00
84.00 4.00 -346719.92 -347353.11 117.14 611.00
85.00 4.00 -346719.92 -347055.41 117.14 611.00
86.00 4.00 -346719.92 -347445.71 117.14 611.00
87.00 4.00 -346719.92 -347078.65 117.14 611.00
88.00 4.00 -346719.92 -347291.65 117.14 611.00
89.00 4.00 -346719.92 -347403.73 117.14 611.00
90.00 4.00 -346719.92 -347156.82 117.14 611.00
91.00 4.00 -346719.92 -347387.59 117.14 611.00
92.00 4.00 -346719.92 -347398.66 117.14 611.00
93.00 4.00 -346719.92 -347087.01 117.14 611.00
94.00 4.00 -346719.92 -347394.20 117.14 611.00
95.00 4.00 -346719.92 -347308.88 117.14 611.00
96.00 4.00 -346719.92 -347305.70 117.14 611.00
97.00 4.00 -346719.92 -347329.90 117.14 611.00
98.00 4.00 -346719.92 -347560.05 117.14 611.00
99.00 4.00 -346719.92 -347561.30 117.14 611.00
100.00 4.00 -346719.92 -347199.76 117.14 611.00
101.00 4.00 -346719.92 -347427.86 117.14 611.00
102.00 4.00 -346719.92 -347467.52 117.14 611.00
103.00 4.00 -346719.92 -347155.35 117.14 611.00
104.00 4.00 -346719.92 -347415.53 117.14 611.00
105.00 4.00 -346719.92 -347223.77 117.14 611.00
106.00 4.00 -346719.92 -347217.76 117.14 611.00
107.00 4.00 -346719.92 -347351.06 117.14 611.00
108.00 4.00 -346719.92 -347424.21 117.14 611.00
109.00 4.00 -346719.92 -347215.59 117.14 611.00
110.00 4.00 -346719.92 -347209.57 117.14 611.00
111.00 4.00 -346719.92 -347314.20 117.14 611.00
112.00 4.00 -346719.92 -347394.47 117.14 611.00
113.00 4.00 -346719.92 -347227.53 117.14 611.00
114.00 4.00 -346719.92 -347336.80 117.14 611.00
115.00 4.00 -346719.92 -347142.25 117.14 611.00
116.00 4.00 -346719.92 -347180.73 117.14 611.00
117.00 4.00 -346719.92 -347181.03 117.14 611.00
118.00 4.00 -346719.92 -347365.54 117.14 611.00
119.00 4.00 -346719.92 -347274.48 117.14 611.00
120.00 4.00 -346719.92 -347017.67 117.14 611.00
121.00 4.00 -346719.92 -347399.78 117.14 611.00
122.00 4.00 -346719.92 -347351.23 117.14 611.00
123.00 4.00 -346719.92 -347390.48 117.14 611.00
