0.00 0.00 -314600.12 -314736.64 0.00 0.00
1.00 1.00 -314595.38 -314595.38 120.05 621.04
2.00 1.00 -314595.38 -314755.83 120.05 621.04
3.00 2.00 -314388.74 -314388.74 119.47 617.28
4.00 2.00 -314388.74 -314712.57 119.47 617.28
5.00 2.00 -314388.74 -314742.51 119.47 617.28
6.00 3.00 -314154.03 -314154.03 118.88 613.04
7.00 3.00 -314154.03 -314543.10 118.88 613.04
8.00 3.00 -314154.03 -314515.48 118.88 613.04
9.00 3.00 -314154.03 -314226.15 118.88 613.04
10.00 3.00 -314154.03 -314520.93 118.88 613.04
11.00 3.00 -314154.03 -314590.25 118.88 613.04
12.00 3.00 -314154.03 -314700.83 118.88 613.04
13.00 3.00 -314154.03 -314399.71 118.88 613.04
14.00 3.00 -314154.03 -314309.50 118.88 613.04
15.00 3.00 -314154.03 -314597.73 118.88 613.04
16.00 3.00 -314154.03 -314674.33 118.88 613.04
17.00 3.00 -314154.03 -314603.09 118.88 613.04
18.00 3.00 -314154.03 -314480.52 118.88 613.04
19.00 3.00 -314154.03 -314765.82 118.88 613.04
20.00 3.00 -314154.03 -314662.77 118.88 613.04
21.00 3.00 -314154.03 -314692.08 118.88 613.04
22.00 3.00 -314154.03 -314673.05 118.88 613.04
23.00 3.00 -314154.03 -314389.62 118.88 613.04
24.00 3.00 -314154.03 -314335.33 118.88 613.04
25.00 3.00 -314154.03 -314533.42 118.88 613.04
26.00 3.00 -314154.03 -314240.53 118.88 613.04
27.00 3.00 -314154.03 -314403.18 118.88 613.04
28.00 3.00 -314154.03 -314694.05 118.88 613.04
29.00 3.00 -314154.03 -314477.43 118.88 613.04
30.00 3.00 -314154.03 -314487.96 118.88 613.04
31.00 3.00 -314154.03 -314307.65 118.88 613.04
32.00 4.00 -313782.65 -313782.65 116.87 606.49
33.00 4.00 -313782.65 -314568.58 116.87 606.49
34.00 4.00 -313782.65 -314611.42 116.87 606.49
35.00 4.00 -313782.65 -314557.43 116.87 606.49
36.00 4.00 -313782.65 -314674.55 116.87 606.49
37.00 4.00 -313782.65 -314556.48 116.87 606.49
38.00 4.00 -313782.65 -314762.92 116.87 606.49
39.00 4.00 -313782.65 -314533.33 116.87 606.49
40.00 4.00 -313782.65 -314517.67 116.87 606.49
41.00 4.00 -313782.65 -314635.18 116.87 606.49
42.00 4.00 -313782.65 -314102.99 116.87 606.49
43.00 4.00 -313782.65 -314688.81 116.87 606.49
44.00 4.00 -313782.65 -314569.19 116.87 606.49
45.00 4.00 -313782.65 -314495.05 116.87 606.49
46.00 4.00 -313782.65 -314338.46 116.87 606.49
47.00 4.00 -313782.65 -314461.20 116.87 606.49
48.00 4.00 -313782.65 -314407.03 116.87 606.49
49.00 4.00 -313782.65 -314368.45 116.87 606.49
50.00 4.00 -313782.65 -314655.55 116.87 606.49
51.00 4.00 -313782.65 -314270.07 116.87 606.49
52.00 4.00 -313782.65 -314513.36 116.87 606.49
53.00 4.00 -313782.65 -314473.44 116.87 606.49
54.00 4.00 -313782.65 -314615.25 116.87 606.49
55.00 4.00 -313782.65 -314652.69 116.87 606.49
56.00 4.00 -313782.65 -314375.54 116.87 606.49
57.00 4.00 -313782.65 -314493.98 116.87 606.49
58.00 4.00 -313782.65 -314651.03 116.87 606.49
59.00 4.00 -313782.65 -314471.04 116.87 606.49
60.00 4.00 -313782.65 -314508.94 116.87 606.49
61.00 4.00 -313782.65 -314565.93 116.87 606.49
62.00 4.00 -313782.65 -314579.91 116.87 606.49
63.00 4.00 -313782.65 -314504.06 116.87 606.49
64.00 4.00 -313782.65 -314721.96 116.87 606.49
65.00 4.00 -313782.65 -314695.68 116.87 606.49
66.00 4.00 -313782.65 -314172.69 116.87 606.49
67.00 4.00 -313782.65 -314608.77 116.87 606.49
68.00 4.00 -313782.65 -314242.09 116.87 606.49
69.00 4.00 -313782.65 -314566.16 116.87 606.49
70.00 4.00 -313782.65 -314446.57 116.87 606.49
71.00 4.00 -313782.65 -314453.34 116.87 606.49
72.00 4.00 -313782.65 -314566.81 116.87 606.49
73.00 4.00 -313782.65 -314568.25 116.87 606.49
74.00 4.00 -313782.65 -314489.72 116.87 606.49
75.00 4.00 -313782.65 -314793.35 116.87 606.49
76.00 4.00 -313782.65 -314283.44 116.87 606.49
77.00 4.00 -313782.65 -314446.22 116.87 606.49
78.00 4.00 -313782.65 -314559.74 116.87 606.49
79.00 4.00 -313782.65 -314697.73 116.87 606.49
80.00 4.00 -313782.65 -314551.71 116.87 606.49
81.00 4.00 -313782.65 -314713.59 116.87 606.49
82.00 4.00 -313782.65 -314135.96 116.87 606.49
83.00 4.00 -313782.65 -314469.29 116.87 606.49
84.00 4.00 -313782.65 -314664.96 116.87 606.49
85.00 4.00 -313782.65 -314369.27 116.87 606.49
86.00 4.00 -313782.65 -314411.78 116.87 606.49
87.00 4.00 -313782.65 -314376.59 116.87 606.49
88.00 4.00 -313782.65 -314551.73 116.87 606.49
89.00 4.00 -313782.65 -314484.17 116.87 606.49
90.00 4.00 -313782.65 -314433.74 116.87 606.49
91.00 4.00 -313782.65 -314573.43 116.87 606.49
92.00 4.00 -313782.65 -314514.34 116.87 606.49
93.00 4.00 -313782.65 -314509.54 116.87 606.49
94.00 4.00 -313782.65 -314284.03 116.87 606.49
95.00 4.00 -313782.65 -314693.09 116.87 606.49
96.00 4.00 -313782.65 -314721.15 116.87 606.49
97.00 4.00 -313782.65 -314596.79 116.87 606.49
98.00 4.00 -313782.65 -314545.84 116.87 606.49
99.00 4.00 -313782.65 -314458.13 116.87 606.49
100.00 4.00 -313782.65 -314612.76 116.87 606.49
101.00 4.00 -313782.65 -314543.03 116.87 606.49
102.00 4.00 -313782.65 -314262.91 116.87 606.49
103.00 4.00 -313782.65 -314571.09 116.87 606.49
104.00 4.00 -313782.65 -314568.86 116.87 606.49
105.00 4.00 -313782.65 -314531.36 116.87 606.49
106.00 4.00 -313782.65 -314555.40 116.87 606.49
107.00 4.00 -313782.65 -314647.97 116.87 606.49
108.00 4.00 -313782.65 -314384.36 116.87 606.49
109.00 4.00 -313782.65 -314417.69 116.87 606.49
110.00 4.00 -313782.65 -314709.01 116.87 606.49
111.00 4.00 -313782.65 -314511.52 116.87 606.49
112.00 4.00 -313782.65 -314661.06 116.87 606.49
113.00 4.00 -313782.65 -314513.01 116.87 606.49
114.00 4.00 -313782.65 -314528.30 116.87 606.49
115.00 4.00 -313782.65 -313804.88 116.87 606.49
116.00 4.00 -313782.65 -314639.78 116.87 606.49
117.00 4.00 -313782.65 -314839.67 116.87 606.49
118.00 4.00 -313782.65 -314501.73 116.87 606.49
119.00 4.00 -313782.65 -314740.27 116.87 606.49
120.00 4.00 -313782.65 -314418.50 116.87 606.49
121.00 4.00 -313782.65 -314515.54 116.87 606.49
122.00 4.00 -313782.65 -314648.34 116.87 606.49
123.00 4.00 -313782.65 -314592.86 116.87 606.49
