0.00 0.00 -258178.66 -258219.19 0.00 0.00
1.00 1.00 -258174.03 -258174.03 120.56 623.26
2.00 2.00 -257983.87 -257983.87 118.99 619.12
3.00 2.00 -257983.87 -258213.20 118.99 619.12
4.00 2.00 -257983.87 -258152.38 118.99 619.12
5.00 3.00 -257969.64 -257969.64 118.77 618.83
6.00 3.00 -257969.64 -258052.42 118.77 618.83
7.00 3.00 -257969.64 -258190.22 118.77 618.83
8.00 3.00 -257969.64 -258094.27 118.77 618.83
9.00 3.00 -257969.64 -258070.69 118.77 618.83
10.00 3.00 -257969.64 -258167.15 118.77 618.83
11.00 3.00 -257969.64 -258097.34 118.77 618.83
12.00 3.00 -257969.64 -258210.47 118.77 618.83
13.00 3.00 -257969.64 -258089.76 118.77 618.83
14.00 3.00 -257969.64 -258267.61 118.77 618.83
15.00 3.00 -257969.64 -258316.19 118.77 618.83
16.00 3.00 -257969.64 -258174.14 118.77 618.83
17.00 3.00 -257969.64 -258141.97 118.77 618.83
18.00 3.00 -257969.64 -258072.28 118.77 618.83
19.00 3.00 -257969.64 -258035.73 118.77 618.83
20.00 3.00 -257969.64 -258002.12 118.77 618.83
21.00 3.00 -257969.64 -258106.49 118.77 618.83
22.00 3.00 -257969.64 -258272.60 118.77 618.83
23.00 3.00 -257969.64 -258224.07 118.77 618.83
24.00 3.00 -257969.64 -258093.74 118.77 618.83
25.00 3.00 -257969.64 -258112.56 118.77 618.83
26.00 3.00 -257969.64 -258101.69 118.77 618.83
27.00 4.00 -257948.25 -257948.25 118.82 618.34
28.00 4.00 -257948.25 -258020.74 118.82 618.34
29.00 4.00 -257948.25 -258061.05 118.82 618.34
30.00 4.00 -257948.25 -258232.26 118.82 618.34
31.00 4.00 -257948.25 -258143.93 118.82 618.34
32.00 4.00 -257948.25 -257976.85 118.82 618.34
33.00 4.00 -257948.25 -258210.77 118.82 618.34
34.00 4.00 -257948.25 -258239.00 118.82 618.34
35.00 5.00 -257884.11 -257884.11 118.37 616.95
36.00 5.00 -257884.11 -257913.58 118.37 616.95
37.00 5.00 -257884.11 -258224.13 118.37 616.95
38.00 5.00 -257884.11 -258200.73 118.37 616.95
39.00 5.00 -257884.11 -258291.93 118.37 616.95
40.00 5.00 -257884.11 -258120.71 118.37 616.95
41.00 5.00 -257884.11 -258371.31 118.37 616.95
42.00 5.00 -257884.11 -258128.84 118.37 616.95
43.00 5.00 -257884.11 -258055.58 118.37 616.95
44.00 5.00 -257884.11 -258046.36 118.37 616.95
45.00 5.00 -257884.11 -258175.43 118.37 616.95
46.00 5.00 -257884.11 -258209.98 118.37 616.95
47.00 5.00 -257884.11 -258073.21 118.37 616.95
48.00 5.00 -257884.11 -258029.97 118.37 616.95
49.00 5.00 -257884.11 -258157.27 118.37 616.95
50.00 5.00 -257884.11 -258240.72 118.37 616.95
51.00 5.00 -257884.11 -257904.94 118.37 616.95
52.00 5.00 -257884.11 -258130.81 118.37 616.95
53.00 5.00 -257884.11 -258251.01 118.37 616.95
54.00 5.00 -257884.11 -258010.70 118.37 616.95
55.00 5.00 -257884.11 -258200.14 118.37 616.95
56.00 5.00 -257884.11 -258157.80 118.37 616.95
57.00 5.00 -257884.11 -258133.48 118.37 616.95
58.00 5.00 -257884.11 -258104.23 118.37 616.95
59.00 5.00 -257884.11 -258178.75 118.37 616.95
60.00 5.00 -257884.11 -258027.01 118.37 616.95
61.00 5.00 -257884.11 -258151.24 118.37 616.95
62.00 5.00 -257884.11 -258303.11 118.37 616.95
63.00 5.00 -257884.11 -258141.49 118.37 616.95
64.00 5.00 -257884.11 -258148.89 118.37 616.95
65.00 5.00 -257884.11 -258075.61 118.37 616.95
66.00 5.00 -257884.11 -258173.76 118.37 616.95
67.00 5.00 -257884.11 -258073.32 118.37 616.95
68.00 5.00 -257884.11 -258115.16 118.37 616.95
69.00 5.00 -257884.11 -257959.69 118.37 616.95
70.00 5.00 -257884.11 -258143.29 118.37 616.95
71.00 6.00 -257664.56 -257664.56 117.04 612.18
72.00 6.00 -257664.56 -258095.09 117.04 612.18
73.00 6.00 -257664.56 -258027.89 117.04 612.18
74.00 6.00 -257664.56 -258142.75 117.04 612.18
75.00 6.00 -257664.56 -258232.07 117.04 612.18
76.00 6.00 -257664.56 -258132.24 117.04 612.18
77.00 6.00 -257664.56 -258062.64 117.04 612.18
78.00 6.00 -257664.56 -258043.82 117.04 612.18
79.00 6.00 -257664.56 -258020.49 117.04 612.18
80.00 6.00 -257664.56 -258139.71 117.04 612.18
81.00 6.00 -257664.56 -257880.83 117.04 612.18
82.00 6.00 -257664.56 -258157.39 117.04 612.18
83.00 6.00 -257664.56 -257998.38 117.04 612.18
84.00 6.00 -257664.56 -258093.36 117.04 612.18
85.00 6.00 -257664.56 -258239.06 117.04 612.18
86.00 6.00 -257664.56 -258269.36 117.04 612.18
87.00 6.00 -257664.56 -257925.65 117.04 612.18
88.00 6.00 -257664.56 -258194.98 117.04 612.18
89.00 6.00 -257664.56 -257951.07 117.04 612.18
90.00 6.00 -257664.56 -258111.13 117.04 612.18
91.00 6.00 -257664.56 -258136.06 117.04 612.18
92.00 6.00 -257664.56 -258126.69 117.04 612.18
93.00 6.00 -257664.56 -258205.53 117.04 612.18
94.00 6.00 -257664.56 -258163.37 117.04 612.18
95.00 6.00 -257664.56 -258081.18 117.04 612.18
96.00 6.00 -257664.56 -258097.81 117.04 612.18
97.00 6.00 -257664.56 -258200.74 117.04 612.18
98.00 6.00 -257664.56 -258142.46 117.04 612.18
99.00 6.00 -257664.56 -258060.94 117.04 612.18
100.00 6.00 -257664.56 -258388.94 117.04 612.18
101.00 6.00 -257664.56 -258026.92 117.04 612.18
102.00 6.00 -257664.56 -258202.00 117.04 612.18
103.00 6.00 -257664.56 -257784.75 117.04 612.18
104.00 6.00 -257664.56 -258020.97 117.04 612.18
105.00 6.00 -257664.56 -258090.74 117.04 612.18
106.00 6.00 -257664.56 -258284.51 117.04 612.18
107.00 6.00 -257664.56 -258132.62 117.04 612.18
108.00 6.00 -257664.56 -257921.93 117.04 612.18
109.00 6.00 -257664.56 -258311.90 117.04 612.18
110.00 6.00 -257664.56 -258115.69 117.04 612.18
111.00 6.00 -257664.56 -258062.40 117.04 612.18
112.00 6.00 -257664.56 -258275.19 117.04 612.18
113.00 6.00 -257664.56 -258128.14 117.04 612.18
114.00 6.00 -257664.56 -257978.48 117.04 612.18
115.00 6.00 -257664.56 -258067.30 117.04 612.18
116.00 6.00 -257664.56 -258059.87 117.04 612.18
117.00 6.00 -257664.56 -258209.25 117.04 612.18
118.00 6.00 -257664.56 -258172.53 117.04 612.18
119.00 6.00 -257664.56 -258058.70 117.04 612.18
120.00 6.00 -257664.56 -258272.37 117.04 612.18
121.00 6.00 -257664.56 -258149.04 117.04 612.18
122.00 6.00 -257664.56 -258176.37 117.04 612.18
123.00 6.00 -257664.56 -257872.66 117.04 612.18
