0.00 1.00 -423574.79 -423574.79 120.66 623.20
1.00 2.00 -423218.31 -423218.31 119.02 618.46
2.00 2.00 -423218.31 -423728.38 119.02 618.46
3.00 2.00 -423218.31 -423219.52 119.02 618.46
4.00 2.00 -423218.31 -423421.28 119.02 618.46
5.00 2.00 -423218.31 -423493.75 119.02 618.46
6.00 2.00 -423218.31 -423346.38 119.02 618.46
7.00 3.00 -423128.18 -423128.18 118.60 617.27
8.00 3.00 -423128.18 -423508.85 118.60 617.27
9.00 3.00 -423128.18 -423468.74 118.60 617.27
10.00 3.00 -423128.18 -423524.07 118.60 617.27
11.00 3.00 -423128.18 -423298.27 118.60 617.27
12.00 3.00 -423128.18 -423619.14 118.60 617.27
13.00 3.00 -423128.18 -423402.81 118.60 617.27
14.00 3.00 -423128.18 -423618.17 118.60 617.27
15.00 3.00 -423128.18 -423365.20 118.60 617.27
16.00 3.00 -423128.18 -423770.32 118.60 617.27
17.00 3.00 -423128.18 -423449.37 118.60 617.27
18.00 4.00 -423070.70 -423070.70 118.95 616.45
19.00 4.00 -423070.70 -423338.72 118.95 616.45
20.00 4.00 -423070.70 -423547.98 118.95 616.45
21.00 4.00 -423070.70 -423520.48 118.95 616.45
22.00 4.00 -423070.70 -423460.92 118.95 616.45
23.00 4.00 -423070.70 -423302.06 118.95 616.45
24.00 4.00 -423070.70 -423487.04 118.95 616.45
25.00 4.00 -423070.70 -423231.78 118.95 616.45
26.00 4.00 -423070.70 -423601.47 118.95 616.45
27.00 4.00 -423070.70 -423751.58 118.95 616.45
28.00 4.00 -423070.70 -423780.47 118.95 616.45
29.00 4.00 -423070.70 -423279.19 118.95 616.45
30.00 4.00 -423070.70 -423717.87 118.95 616.45
31.00 4.00 -423070.70 -423236.93 118.95 616.45
32.00 4.00 -423070.70 -423352.86 118.95 616.45
33.00 4.00 -423070.70 -423318.43 118.95 616.45
34.00 4.00 -423070.70 -423506.62 118.95 616.45
35.00 4.00 -423070.70 -423482.86 118.95 616.45
36.00 4.00 -423070.70 -423158.80 118.95 616.45
37.00 4.00 -423070.70 -423247.82 118.95 616.45
38.00 4.00 -423070.70 -423412.04 118.95 616.45
39.00 4.00 -423070.70 -423423.97 118.95 616.45
40.00 5.00 -422974.71 -422974.71 118.74 615.16
41.00 5.00 -422974.71 -423224.18 118.74 615.16
42.00 5.00 -422974.71 -423768.30 118.74 615.16
43.00 5.00 -422974.71 -423137.45 118.74 615.16
44.00 5.00 -422974.71 -423499.84 118.74 615.16
45.00 5.00 -422974.71 -423652.85 118.74 615.16
46.00 5.00 -422974.71 -423695.33 118.74 615.16
47.00 5.00 -422974.71 -423493.39 118.74 615.16
48.00 5.00 -422974.71 -423337.35 118.74 615.16
49.00 5.00 -422974.71 -423182.40 118.74 615.16
50.00 5.00 -422974.71 -423072.35 118.74 615.16
51.00 5.00 -422974.71 -423606.92 118.74 615.16
52.00 5.00 -422974.71 -423146.77 118.74 615.16
53.00 5.00 -422974.71 -423173.44 118.74 615.16
54.00 5.00 -422974.71 -423195.80 118.74 615.16
55.00 5.00 -422974.71 -423003.15 118.74 615.16
56.00 5.00 -422974.71 -423358.91 118.74 615.16
57.00 5.00 -422974.71 -423675.53 118.74 615.16
58.00 5.00 -422974.71 -423742.08 118.74 615.16
59.00 5.00 -422974.71 -423474.50 118.74 615.16
60.00 5.00 -422974.71 -423142.94 118.74 615.16
61.00 5.00 -422974.71 -423341.47 118.74 615.16
62.00 5.00 -422974.71 -423062.51 118.74 615.16
63.00 5.00 -422974.71 -423515.84 118.74 615.16
64.00 5.00 -422974.71 -423073.27 118.74 615.16
65.00 5.00 -422974.71 -423584.33 118.74 615.16
66.00 6.00 -422831.50 -422831.50 117.99 613.28
67.00 6.00 -422831.50 -423269.39 117.99 613.28
68.00 6.00 -422831.50 -423447.21 117.99 613.28
69.00 6.00 -422831.50 -423909.92 117.99 613.28
70.00 6.00 -422831.50 -423149.78 117.99 613.28
71.00 6.00 -422831.50 -423439.80 117.99 613.28
72.00 6.00 -422831.50 -423087.13 117.99 613.28
73.00 6.00 -422831.50 -423295.42 117.99 613.28
74.00 6.00 -422831.50 -423328.81 117.99 613.28
75.00 6.00 -422831.50 -423220.37 117.99 613.28
76.00 6.00 -422831.50 -423368.83 117.99 613.28
77.00 6.00 -422831.50 -423441.45 117.99 613.28
78.00 6.00 -422831.50 -423197.53 117.99 613.28
79.00 6.00 -422831.50 -423567.09 117.99 613.28
80.00 6.00 -422831.50 -423422.77 117.99 613.28
81.00 6.00 -422831.50 -423386.94 117.99 613.28
82.00 6.00 -422831.50 -423504.06 117.99 613.28
83.00 6.00 -422831.50 -423286.44 117.99 613.28
84.00 6.00 -422831.50 -423522.68 117.99 613.28
85.00 6.00 -422831.50 -423541.64 117.99 613.28
86.00 6.00 -422831.50 -423330.17 117.99 613.28
87.00 6.00 -422831.50 -423327.26 117.99 613.28
88.00 6.00 -422831.50 -423350.56 117.99 613.28
89.00 6.00 -422831.50 -423363.73 117.99 613.28
90.00 6.00 -422831.50 -423160.84 117.99 613.28
91.00 6.00 -422831.50 -423794.43 117.99 613.28
92.00 6.00 -422831.50 -423436.89 117.99 613.28
93.00 6.00 -422831.50 -423323.99 117.99 613.28
94.00 6.00 -422831.50 -423543.05 117.99 613.28
95.00 6.00 -422831.50 -423008.10 117.99 613.28
96.00 6.00 -422831.50 -423404.43 117.99 613.28
97.00 6.00 -422831.50 -423775.12 117.99 613.28
98.00 6.00 -422831.50 -423476.96 117.99 613.28
99.00 6.00 -422831.50 -423299.66 117.99 613.28
100.00 6.00 -422831.50 -423542.77 117.99 613.28
101.00 6.00 -422831.50 -423679.63 117.99 613.28
102.00 6.00 -422831.50 -423708.98 117.99 613.28
103.00 6.00 -422831.50 -423560.83 117.99 613.28
104.00 6.00 -422831.50 -423324.39 117.99 613.28
105.00 6.00 -422831.50 -423392.54 117.99 613.28
106.00 6.00 -422831.50 -423347.27 117.99 613.28
107.00 6.00 -422831.50 -423432.95 117.99 613.28
108.00 6.00 -422831.50 -423140.23 117.99 613.28
109.00 6.00 -422831.50 -423432.23 117.99 613.28
110.00 6.00 -422831.50 -422976.86 117.99 613.28
111.00 6.00 -422831.50 -423650.14 117.99 613.28
112.00 6.00 -422831.50 -423347.94 117.99 613.28
113.00 6.00 -422831.50 -423227.07 117.99 613.28
114.00 6.00 -422831.50 -423299.84 117.99 613.28
115.00 6.00 -422831.50 -423553.81 117.99 613.28
116.00 6.00 -422831.50 -423331.84 117.99 613.28
117.00 6.00 -422831.50 -423493.02 117.99 613.28
118.00 6.00 -422831.50 -423559.83 117.99 613.28
119.00 6.00 -422831.50 -423727.61 117.99 613.28
120.00 6.00 -422831.50 -423504.17 117.99 613.28
121.00 6.00 -422831.50 -423621.01 117.99 613.28
122.00 6.00 -422831.50 -423351.11 117.99 613.28
123.00 6.00 -422831.50 -423198.11 117.99 613.28
