0.00 0.00 -211554.48 -211584.70 0.00 0.00
1.00 0.00 -211554.48 -211837.48 0.00 0.00
2.00 0.00 -211554.48 -211810.23 0.00 0.00
3.00 0.00 -211554.48 -211830.51 0.00 0.00
4.00 0.00 -211554.48 -211743.80 0.00 0.00
5.00 0.00 -211554.48 -211811.74 0.00 0.00
6.00 1.00 -211429.74 -211429.74 118.09 613.65
7.00 1.00 -211429.74 -211713.37 118.09 613.65
8.00 1.00 -211429.74 -211678.38 118.09 613.65
9.00 1.00 -211429.74 -211845.24 118.09 613.65
10.00 1.00 -211429.74 -211606.22 118.09 613.65
11.00 1.00 -211429.74 -211701.50 118.09 613.65
12.00 1.00 -211429.74 -211637.27 118.09 613.65
13.00 1.00 -211429.74 -211662.06 118.09 613.65
14.00 1.00 -211429.74 -211787.96 118.09 613.65
15.00 1.00 -211429.74 -211726.10 118.09 613.65
16.00 1.00 -211429.74 -211517.93 118.09 613.65
17.00 1.00 -211429.74 -211883.47 118.09 613.65
18.00 1.00 -211429.74 -211776.65 118.09 613.65
19.00 1.00 -211429.74 -211668.58 118.09 613.65
20.00 1.00 -211429.74 -211802.41 118.09 613.65
21.00 1.00 -211429.74 -211788.29 118.09 613.65
22.00 1.00 -211429.74 -211623.70 118.09 613.65
23.00 1.00 -211429.74 -211593.96 118.09 613.65
24.00 1.00 -211429.74 -211706.31 118.09 613.65
25.00 1.00 -211429.74 -211655.96 118.09 613.65
26.00 1.00 -211429.74 -211703.10 118.09 613.65
27.00 1.00 -211429.74 -211620.95 118.09 613.65
28.00 1.00 -211429.74 -211879.02 118.09 613.65
29.00 1.00 -211429.74 -211707.90 118.09 613.65
30.00 1.00 -211429.74 -211564.57 118.09 613.65
31.00 1.00 -211429.74 -211588.88 118.09 613.65
32.00 1.00 -211429.74 -211583.90 118.09 613.65
33.00 1.00 -211429.74 -211603.15 118.09 613.65
34.00 1.00 -211429.74 -211747.98 118.09 613.65
35.00 1.00 -211429.74 -211639.72 118.09 613.65
36.00 1.00 -211429.74 -211727.35 118.09 613.65
37.00 1.00 -211429.74 -211718.89 118.09 613.65
38.00 1.00 -211429.74 -211693.26 118.09 613.65
39.00 1.00 -211429.74 -211675.31 118.09 613.65
40.00 1.00 -211429.74 -211775.21 118.09 613.65
41.00 1.00 -211429.74 -211709.25 118.09 613.65
42.00 1.00 -211429.74 -211629.26 118.09 613.65
43.00 1.00 -211429.74 -211836.27 118.09 613.65
44.00 1.00 -211429.74 -211705.69 118.09 613.65
45.00 2.00 -211388.36 -211388.36 117.64 612.58
46.00 2.00 -211388.36 -211695.95 117.64 612.58
47.00 2.00 -211388.36 -211697.25 117.64 612.58
48.00 2.00 -211388.36 -211792.50 117.64 612.58
49.00 2.00 -211388.36 -211739.72 117.64 612.58
50.00 2.00 -211388.36 -211805.42 117.64 612.58
51.00 2.00 -211388.36 -211850.14 117.64 612.58
52.00 2.00 -211388.36 -211633.51 117.64 612.58
53.00 2.00 -211388.36 -211720.96 117.64 612.58
54.00 2.00 -211388.36 -211597.23 117.64 612.58
55.00 2.00 -211388.36 -211879.78 117.64 612.58
56.00 2.00 -211388.36 -211642.08 117.64 612.58
57.00 2.00 -211388.36 -211569.87 117.64 612.58
58.00 2.00 -211388.36 -211813.66 117.64 612.58
59.00 2.00 -211388.36 -211849.72 117.64 612.58
60.00 2.00 -211388.36 -211589.95 117.64 612.58
61.00 2.00 -211388.36 -211746.88 117.64 612.58
62.00 2.00 -211388.36 -211669.93 117.64 612.58
63.00 2.00 -211388.36 -211780.80 117.64 612.58
64.00 2.00 -211388.36 -211623.74 117.64 612.58
65.00 2.00 -211388.36 -211739.21 117.64 612.58
66.00 2.00 -211388.36 -211527.07 117.64 612.58
67.00 2.00 -211388.36 -211652.65 117.64 612.58
68.00 2.00 -211388.36 -211665.68 117.64 612.58
69.00 2.00 -211388.36 -211721.71 117.64 612.58
70.00 2.00 -211388.36 -211749.38 117.64 612.58
71.00 2.00 -211388.36 -211692.69 117.64 612.58
72.00 2.00 -211388.36 -211848.44 117.64 612.58
73.00 2.00 -211388.36 -211721.49 117.64 612.58
74.00 2.00 -211388.36 -211759.44 117.64 612.58
75.00 2.00 -211388.36 -211840.29 117.64 612.58
76.00 2.00 -211388.36 -211764.53 117.64 612.58
77.00 2.00 -211388.36 -211648.33 117.64 612.58
78.00 2.00 -211388.36 -211801.17 117.64 612.58
79.00 2.00 -211388.36 -211811.56 117.64 612.58
80.00 2.00 -211388.36 -211739.32 117.64 612.58
81.00 2.00 -211388.36 -211696.75 117.64 612.58
82.00 2.00 -211388.36 -211757.29 117.64 612.58
83.00 2.00 -211388.36 -211613.72 117.64 612.58
84.00 2.00 -211388.36 -211628.20 117.64 612.58
85.00 2.00 -211388.36 -211851.91 117.64 612.58
86.00 2.00 -211388.36 -211973.88 117.64 612.58
87.00 2.00 -211388.36 -211754.87 117.64 612.58
88.00 2.00 -211388.36 -211837.93 117.64 612.58
89.00 2.00 -211388.36 -211671.53 117.64 612.58
90.00 2.00 -211388.36 -211723.77 117.64 612.58
91.00 2.00 -211388.36 -211594.84 117.64 612.58
92.00 2.00 -211388.36 -211798.76 117.64 612.58
93.00 2.00 -211388.36 -211517.39 117.64 612.58
94.00 2.00 -211388.36 -211764.16 117.64 612.58
95.00 2.00 -211388.36 -211752.28 117.64 612.58
96.00 2.00 -211388.36 -211725.58 117.64 612.58
97.00 2.00 -211388.36 -211770.04 117.64 612.58
98.00 2.00 -211388.36 -211617.53 117.64 612.58
99.00 2.00 -211388.36 -211643.02 117.64 612.58
100.00 2.00 -211388.36 -211733.40 117.64 612.58
101.00 2.00 -211388.36 -211717.03 117.64 612.58
102.00 2.00 -211388.36 -211625.92 117.64 612.58
103.00 2.00 -211388.36 -211751.85 117.64 612.58
104.00 3.00 -211366.26 -211366.26 117.85 611.95
105.00 3.00 -211366.26 -211645.77 117.85 611.95
106.00 3.00 -211366.26 -211750.84 117.85 611.95
107.00 3.00 -211366.26 -211589.31 117.85 611.95
108.00 3.00 -211366.26 -211498.65 117.85 611.95
109.00 3.00 -211366.26 -211610.14 117.85 611.95
110.00 3.00 -211366.26 -211587.47 117.85 611.95
111.00 3.00 -211366.26 -211865.86 117.85 611.95
112.00 3.00 -211366.26 -211623.76 117.85 611.95
113.00 3.00 -211366.26 -211534.68 117.85 611.95
114.00 3.00 -211366.26 -211784.98 117.85 611.95
115.00 3.00 -211366.26 -211533.19 117.85 611.95
116.00 3.00 -211366.26 -211723.95 117.85 611.95
117.00 3.00 -211366.26 -211744.23 117.85 611.95
118.00 3.00 -211366.26 -211721.36 117.85 611.95
119.00 3.00 -211366.26 -211592.06 117.85 611.95
120.00 3.00 -211366.26 -211675.46 117.85 611.95
121.00 3.00 -211366.26 -211614.50 117.85 611.95
122.00 3.00 -211366.26 -211817.58 117.85 611.95
123.00 3.00 -211366.26 -211690.69 117.85 611.95
