0.00 1.00 -233596.67 -233596.67 119.52 617.44
1.00 1.00 -233596.67 -233777.43 119.52 617.44
2.00 1.00 -233596.67 -233839.05 119.52 617.44
3.00 1.00 -233596.67 -233782.94 119.52 617.44
4.00 1.00 -233596.67 -233655.87 119.52 617.44
5.00 1.00 -233596.67 -233663.61 119.52 617.44
6.00 1.00 -233596.67 -233860.95 119.52 617.44
7.00 1.00 -233596.67 -233689.91 119.52 617.44
8.00 1.00 -233596.67 -233703.13 119.52 617.44
9.00 1.00 -233596.67 -233675.31 119.52 617.44
10.00 1.00 -233596.67 -233749.75 119.52 617.44
11.00 1.00 -233596.67 -233891.92 119.52 617.44
12.00 2.00 -233575.94 -233575.94 119.32 616.95
13.00 3.00 -233468.58 -233468.58 119.32 614.30
14.00 3.00 -233468.58 -233835.81 119.32 614.30
15.00 3.00 -233468.58 -233921.78 119.32 614.30
16.00 3.00 -233468.58 -233818.96 119.32 614.30
17.00 3.00 -233468.58 -233713.79 119.32 614.30
18.00 3.00 -233468.58 -233666.20 119.32 614.30
19.00 3.00 -233468.58 -233641.22 119.32 614.30
20.00 3.00 -233468.58 -233555.43 119.32 614.30
21.00 3.00 -233468.58 -233791.42 119.32 614.30
22.00 3.00 -233468.58 -233750.77 119.32 614.30
23.00 3.00 -233468.58 -233674.13 119.32 614.30
24.00 4.00 -233362.11 -233362.11 118.03 611.81
25.00 4.00 -233362.11 -233754.66 118.03 611.81
26.00 4.00 -233362.11 -233722.71 118.03 611.81
27.00 4.00 -233362.11 -233743.58 118.03 611.81
28.00 4.00 -233362.11 -233829.78 118.03 611.81
29.00 4.00 -233362.11 -233833.52 118.03 611.81
30.00 4.00 -233362.11 -233600.05 118.03 611.81
31.00 4.00 -233362.11 -233769.11 118.03 611.81
32.00 4.00 -233362.11 -233492.08 118.03 611.81
33.00 4.00 -233362.11 -233686.03 118.03 611.81
34.00 4.00 -233362.11 -233713.05 118.03 611.81
35.00 4.00 -233362.11 -233736.71 118.03 611.81
36.00 4.00 -233362.11 -233681.68 118.03 611.81
37.00 4.00 -233362.11 -233567.98 118.03 611.81
38.00 4.00 -233362.11 -233535.99 118.03 611.81
39.00 4.00 -233362.11 -233625.18 118.03 611.81
40.00 4.00 -233362.11 -233828.10 118.03 611.81
41.00 4.00 -233362.11 -233526.86 118.03 611.81
42.00 4.00 -233362.11 -233916.31 118.03 611.81
43.00 4.00 -233362.11 -233813.06 118.03 611.81
44.00 4.00 -233362.11 -233857.91 118.03 611.81
45.00 4.00 -233362.11 -233918.19 118.03 611.81
46.00 4.00 -233362.11 -233693.73 118.03 611.81
47.00 4.00 -233362.11 -233599.86 118.03 611.81
48.00 4.00 -233362.11 -233790.19 118.03 611.81
49.00 4.00 -233362.11 -233818.84 118.03 611.81
50.00 4.00 -233362.11 -233918.53 118.03 611.81
51.00 4.00 -233362.11 -233718.91 118.03 611.81
52.00 4.00 -233362.11 -233470.31 118.03 611.81
53.00 4.00 -233362.11 -233704.91 118.03 611.81
54.00 4.00 -233362.11 -233583.57 118.03 611.81
55.00 4.00 -233362.11 -233788.51 118.03 611.81
56.00 4.00 -233362.11 -233824.10 118.03 611.81
57.00 4.00 -233362.11 -233747.99 118.03 611.81
58.00 4.00 -233362.11 -233849.55 118.03 611.81
59.00 4.00 -233362.11 -233794.07 118.03 611.81
60.00 4.00 -233362.11 -233676.57 118.03 611.81
61.00 4.00 -233362.11 -233717.79 118.03 611.81
62.00 4.00 -233362.11 -233667.12 118.03 611.81
63.00 4.00 -233362.11 -233860.40 118.03 611.81
64.00 4.00 -233362.11 -233882.04 118.03 611.81
65.00 4.00 -233362.11 -233886.76 118.03 611.81
66.00 4.00 -233362.11 -233712.86 118.03 611.81
67.00 4.00 -233362.11 -233889.81 118.03 611.81
68.00 4.00 -233362.11 -233929.33 118.03 611.81
69.00 4.00 -233362.11 -233847.08 118.03 611.81
70.00 4.00 -233362.11 -233674.47 118.03 611.81
71.00 4.00 -233362.11 -233774.64 118.03 611.81
72.00 4.00 -233362.11 -233554.07 118.03 611.81
73.00 4.00 -233362.11 -233586.02 118.03 611.81
74.00 4.00 -233362.11 -233739.33 118.03 611.81
75.00 4.00 -233362.11 -233822.08 118.03 611.81
76.00 4.00 -233362.11 -233787.32 118.03 611.81
77.00 4.00 -233362.11 -233852.49 118.03 611.81
78.00 4.00 -233362.11 -233652.52 118.03 611.81
79.00 4.00 -233362.11 -233801.03 118.03 611.81
80.00 4.00 -233362.11 -233645.44 118.03 611.81
81.00 4.00 -233362.11 -233774.75 118.03 611.81
82.00 4.00 -233362.11 -233819.77 118.03 611.81
83.00 4.00 -233362.11 -233564.76 118.03 611.81
84.00 4.00 -233362.11 -233868.97 118.03 611.81
85.00 4.00 -233362.11 -233677.07 118.03 611.81
86.00 4.00 -233362.11 -233634.92 118.03 611.81
87.00 4.00 -233362.11 -233716.07 118.03 611.81
88.00 4.00 -233362.11 -233732.47 118.03 611.81
89.00 4.00 -233362.11 -233723.95 118.03 611.81
90.00 4.00 -233362.11 -233705.15 118.03 611.81
91.00 4.00 -233362.11 -233573.94 118.03 611.81
92.00 4.00 -233362.11 -233790.40 118.03 611.81
93.00 4.00 -233362.11 -233841.40 118.03 611.81
94.00 4.00 -233362.11 -233750.17 118.03 611.81
95.00 4.00 -233362.11 -233692.73 118.03 611.81
96.00 4.00 -233362.11 -233694.65 118.03 611.81
97.00 4.00 -233362.11 -233913.51 118.03 611.81
98.00 4.00 -233362.11 -233824.88 118.03 611.81
99.00 4.00 -233362.11 -233732.04 118.03 611.81
100.00 4.00 -233362.11 -233378.60 118.03 611.81
101.00 4.00 -233362.11 -233793.16 118.03 611.81
102.00 4.00 -233362.11 -233723.10 118.03 611.81
103.00 4.00 -233362.11 -233672.81 118.03 611.81
104.00 4.00 -233362.11 -233804.36 118.03 611.81
105.00 4.00 -233362.11 -233814.39 118.03 611.81
106.00 4.00 -233362.11 -233860.84 118.03 611.81
107.00 4.00 -233362.11 -233643.91 118.03 611.81
108.00 4.00 -233362.11 -233581.60 118.03 611.81
109.00 4.00 -233362.11 -233778.67 118.03 611.81
110.00 5.00 -233339.76 -233339.76 118.05 611.26
111.00 5.00 -233339.76 -233910.06 118.05 611.26
112.00 5.00 -233339.76 -233533.78 118.05 611.26
113.00 5.00 -233339.76 -233787.01 118.05 611.26
114.00 5.00 -233339.76 -233937.71 118.05 611.26
115.00 5.00 -233339.76 -233779.20 118.05 611.26
116.00 5.00 -233339.76 -233717.13 118.05 611.26
117.00 5.00 -233339.76 -233681.99 118.05 611.26
118.00 5.00 -233339.76 -233623.27 118.05 611.26
119.00 5.00 -233339.76 -233433.55 118.05 611.26
120.00 5.00 -233339.76 -233784.06 118.05 611.26
121.00 5.00 -233339.76 -233588.24 118.05 611.26
122.00 5.00 -233339.76 -233595.16 118.05 611.26
123.00 5.00 -233339.76 -233565.56 118.05 611.26
