0.00 0.00 -284731.21 -285114.97 0.00 0.00
1.00 1.00 -284647.30 -284647.30 118.62 615.30
2.00 1.00 -284647.30 -285052.28 118.62 615.30
3.00 1.00 -284647.30 -285116.70 118.62 615.30
4.00 1.00 -284647.30 -284924.04 118.62 615.30
5.00 2.00 -284532.20 -284532.20 118.37 613.00
6.00 2.00 -284532.20 -285036.43 118.37 613.00
7.00 2.00 -284532.20 -285269.32 118.37 613.00
8.00 2.00 -284532.20 -285112.47 118.37 613.00
9.00 2.00 -284532.20 -285006.42 118.37 613.00
10.00 2.00 -284532.20 -284931.22 118.37 613.00
11.00 2.00 -284532.20 -284762.66 118.37 613.00
12.00 2.00 -284532.20 -284966.70 118.37 613.00
13.00 2.00 -284532.20 -284930.66 118.37 613.00
14.00 2.00 -284532.20 -284799.06 118.37 613.00
15.00 2.00 -284532.20 -285096.27 118.37 613.00
16.00 2.00 -284532.20 -284886.18 118.37 613.00
17.00 2.00 -284532.20 -284676.59 118.37 613.00
18.00 2.00 -284532.20 -284877.60 118.37 613.00
19.00 2.00 -284532.20 -284704.72 118.37 613.00
20.00 2.00 -284532.20 -285175.58 118.37 613.00
21.00 2.00 -284532.20 -285059.96 118.37 613.00
22.00 2.00 -284532.20 -285135.43 118.37 613.00
23.00 2.00 -284532.20 -285209.05 118.37 613.00
24.00 2.00 -284532.20 -285026.08 118.37 613.00
25.00 2.00 -284532.20 -285063.71 118.37 613.00
26.00 2.00 -284532.20 -285119.94 118.37 613.00
27.00 2.00 -284532.20 -284702.59 118.37 613.00
28.00 2.00 -284532.20 -284645.59 118.37 613.00
29.00 2.00 -284532.20 -284855.04 118.37 613.00
30.00 2.00 -284532.20 -285070.66 118.37 613.00
31.00 2.00 -284532.20 -284675.20 118.37 613.00
32.00 2.00 -284532.20 -285103.23 118.37 613.00
33.00 2.00 -284532.20 -284889.00 118.37 613.00
34.00 2.00 -284532.20 -284782.17 118.37 613.00
35.00 2.00 -284532.20 -284866.54 118.37 613.00
36.00 2.00 -284532.20 -284970.26 118.37 613.00
37.00 2.00 -284532.20 -285037.95 118.37 613.00
38.00 2.00 -284532.20 -284833.65 118.37 613.00
39.00 2.00 -284532.20 -285067.24 118.37 613.00
40.00 2.00 -284532.20 -284905.70 118.37 613.00
41.00 2.00 -284532.20 -285073.86 118.37 613.00
42.00 2.00 -284532.20 -284942.22 118.37 613.00
43.00 2.00 -284532.20 -284853.61 118.37 613.00
44.00 2.00 -284532.20 -284913.39 118.37 613.00
45.00 2.00 -284532.20 -284938.56 118.37 613.00
46.00 2.00 -284532.20 -285069.30 118.37 613.00
47.00 2.00 -284532.20 -284797.38 118.37 613.00
48.00 2.00 -284532.20 -285020.92 118.37 613.00
49.00 2.00 -284532.20 -284893.43 118.37 613.00
50.00 2.00 -284532.20 -284951.02 118.37 613.00
51.00 2.00 -284532.20 -285102.02 118.37 613.00
52.00 2.00 -284532.20 -284790.21 118.37 613.00
53.00 2.00 -284532.20 -285119.53 118.37 613.00
54.00 2.00 -284532.20 -284871.13 118.37 613.00
55.00 2.00 -284532.20 -284806.41 118.37 613.00
56.00 2.00 -284532.20 -285038.83 118.37 613.00
57.00 2.00 -284532.20 -285118.73 118.37 613.00
58.00 2.00 -284532.20 -285045.02 118.37 613.00
59.00 2.00 -284532.20 -285000.73 118.37 613.00
60.00 2.00 -284532.20 -285097.72 118.37 613.00
61.00 2.00 -284532.20 -284996.72 118.37 613.00
62.00 2.00 -284532.20 -284705.74 118.37 613.00
63.00 3.00 -284257.77 -284257.77 116.43 607.68
64.00 3.00 -284257.77 -285205.55 116.43 607.68
65.00 3.00 -284257.77 -285027.32 116.43 607.68
66.00 3.00 -284257.77 -285067.53 116.43 607.68
67.00 3.00 -284257.77 -284855.84 116.43 607.68
68.00 3.00 -284257.77 -284927.29 116.43 607.68
69.00 3.00 -284257.77 -284950.12 116.43 607.68
70.00 3.00 -284257.77 -285047.02 116.43 607.68
71.00 3.00 -284257.77 -284365.58 116.43 607.68
72.00 3.00 -284257.77 -285109.37 116.43 607.68
73.00 3.00 -284257.77 -284895.53 116.43 607.68
74.00 3.00 -284257.77 -284666.52 116.43 607.68
75.00 3.00 -284257.77 -284652.23 116.43 607.68
76.00 3.00 -284257.77 -284913.78 116.43 607.68
77.00 3.00 -284257.77 -284977.23 116.43 607.68
78.00 3.00 -284257.77 -284975.58 116.43 607.68
79.00 3.00 -284257.77 -284908.14 116.43 607.68
80.00 3.00 -284257.77 -284638.30 116.43 607.68
81.00 3.00 -284257.77 -285212.16 116.43 607.68
82.00 3.00 -284257.77 -284796.94 116.43 607.68
83.00 3.00 -284257.77 -285014.79 116.43 607.68
84.00 3.00 -284257.77 -284704.70 116.43 607.68
85.00 3.00 -284257.77 -284810.55 116.43 607.68
86.00 3.00 -284257.77 -284942.70 116.43 607.68
87.00 3.00 -284257.77 -284916.26 116.43 607.68
88.00 3.00 -284257.77 -285083.76 116.43 607.68
89.00 3.00 -284257.77 -284770.47 116.43 607.68
90.00 3.00 -284257.77 -284759.71 116.43 607.68
91.00 3.00 -284257.77 -285012.91 116.43 607.68
92.00 3.00 -284257.77 -284863.06 116.43 607.68
93.00 3.00 -284257.77 -284656.86 116.43 607.68
94.00 3.00 -284257.77 -284770.88 116.43 607.68
95.00 3.00 -284257.77 -284812.25 116.43 607.68
96.00 3.00 -284257.77 -284675.43 116.43 607.68
97.00 3.00 -284257.77 -284907.21 116.43 607.68
98.00 3.00 -284257.77 -284638.96 116.43 607.68
99.00 3.00 -284257.77 -284907.72 116.43 607.68
100.00 3.00 -284257.77 -284925.51 116.43 607.68
101.00 3.00 -284257.77 -285058.71 116.43 607.68
102.00 3.00 -284257.77 -284991.37 116.43 607.68
103.00 3.00 -284257.77 -284996.53 116.43 607.68
104.00 3.00 -284257.77 -284911.60 116.43 607.68
105.00 3.00 -284257.77 -284626.69 116.43 607.68
106.00 3.00 -284257.77 -284785.88 116.43 607.68
107.00 3.00 -284257.77 -285047.15 116.43 607.68
108.00 3.00 -284257.77 -285018.77 116.43 607.68
109.00 3.00 -284257.77 -284856.66 116.43 607.68
110.00 3.00 -284257.77 -285057.12 116.43 607.68
111.00 3.00 -284257.77 -284882.70 116.43 607.68
112.00 3.00 -284257.77 -284811.90 116.43 607.68
113.00 3.00 -284257.77 -284887.41 116.43 607.68
114.00 3.00 -284257.77 -285188.68 116.43 607.68
115.00 3.00 -284257.77 -284516.73 116.43 607.68
116.00 3.00 -284257.77 -284976.39 116.43 607.68
117.00 3.00 -284257.77 -285006.12 116.43 607.68
118.00 3.00 -284257.77 -284699.66 116.43 607.68
119.00 3.00 -284257.77 -284962.98 116.43 607.68
120.00 3.00 -284257.77 -285005.87 116.43 607.68
121.00 3.00 -284257.77 -285115.21 116.43 607.68
122.00 3.00 -284257.77 -285156.68 116.43 607.68
123.00 3.00 -284257.77 -285043.24 116.43 607.68
