0.00 1.00 -383159.98 -383159.98 118.40 616.12
1.00 1.00 -383159.98 -383459.80 118.40 616.12
2.00 1.00 -383159.98 -383721.71 118.40 616.12
3.00 1.00 -383159.98 -383492.52 118.40 616.12
4.00 1.00 -383159.98 -383345.76 118.40 616.12
5.00 1.00 -383159.98 -383608.42 118.40 616.12
6.00 1.00 -383159.98 -383712.23 118.40 616.12
7.00 1.00 -383159.98 -383711.10 118.40 616.12
8.00 1.00 -383159.98 -383515.15 118.40 616.12
9.00 1.00 -383159.98 -383317.49 118.40 616.12
10.00 1.00 -383159.98 -383571.73 118.40 616.12
11.00 1.00 -383159.98 -383340.84 118.40 616.12
12.00 1.00 -383159.98 -383789.42 118.40 616.12
13.00 1.00 -383159.98 -383538.41 118.40 616.12
14.00 1.00 -383159.98 -383530.71 118.40 616.12
15.00 1.00 -383159.98 -383557.32 118.40 616.12
16.00 1.00 -383159.98 -383522.09 118.40 616.12
17.00 1.00 -383159.98 -383567.17 118.40 616.12
18.00 1.00 -383159.98 -383729.45 118.40 616.12
19.00 1.00 -383159.98 -383200.80 118.40 616.12
20.00 1.00 -383159.98 -383845.03 118.40 616.12
21.00 1.00 -383159.98 -383457.44 118.40 616.12
22.00 1.00 -383159.98 -383526.26 118.40 616.12
23.00 1.00 -383159.98 -383709.24 118.40 616.12
24.00 1.00 -383159.98 -383393.68 118.40 616.12
25.00 1.00 -383159.98 -383488.27 118.40 616.12
26.00 1.00 -383159.98 -383422.12 118.40 616.12
27.00 1.00 -383159.98 -383519.22 118.40 616.12
28.00 1.00 -383159.98 -383719.83 118.40 616.12
29.00 1.00 -383159.98 -383813.00 118.40 616.12
30.00 1.00 -383159.98 -383420.51 118.40 616.12
31.00 1.00 -383159.98 -383472.94 118.40 616.12
32.00 1.00 -383159.98 -383568.84 118.40 616.12
33.00 1.00 -383159.98 -383481.01 118.40 616.12
34.00 1.00 -383159.98 -383499.25 118.40 616.12
35.00 1.00 -383159.98 -383588.33 118.40 616.12
36.00 1.00 -383159.98 -383685.53 118.40 616.12
37.00 1.00 -383159.98 -383504.68 118.40 616.12
38.00 1.00 -383159.98 -383611.35 118.40 616.12
39.00 1.00 -383159.98 -383519.13 118.40 616.12
40.00 1.00 -383159.98 -383647.32 118.40 616.12
41.00 1.00 -383159.98 -383395.44 118.40 616.12
42.00 1.00 -383159.98 -383860.00 118.40 616.12
43.00 1.00 -383159.98 -383595.13 118.40 616.12
44.00 1.00 -383159.98 -383371.44 118.40 616.12
45.00 2.00 -382915.23 -382915.23 116.71 612.62
46.00 2.00 -382915.23 -383810.34 116.71 612.62
47.00 2.00 -382915.23 -383789.82 116.71 612.62
48.00 2.00 -382915.23 -383402.10 116.71 612.62
49.00 2.00 -382915.23 -383546.80 116.71 612.62
50.00 2.00 -382915.23 -383774.59 116.71 612.62
51.00 2.00 -382915.23 -383499.26 116.71 612.62
52.00 2.00 -382915.23 -383624.11 116.71 612.62
53.00 2.00 -382915.23 -383632.61 116.71 612.62
54.00 2.00 -382915.23 -383721.25 116.71 612.62
55.00 2.00 -382915.23 -383609.01 116.71 612.62
56.00 2.00 -382915.23 -383443.97 116.71 612.62
57.00 2.00 -382915.23 -383539.67 116.71 612.62
58.00 2.00 -382915.23 -383304.90 116.71 612.62
59.00 2.00 -382915.23 -383277.33 116.71 612.62
60.00 2.00 -382915.23 -383507.86 116.71 612.62
61.00 2.00 -382915.23 -383425.30 116.71 612.62
62.00 2.00 -382915.23 -383704.73 116.71 612.62
63.00 2.00 -382915.23 -383379.77 116.71 612.62
64.00 2.00 -382915.23 -383648.84 116.71 612.62
65.00 2.00 -382915.23 -383536.19 116.71 612.62
66.00 2.00 -382915.23 -383529.83 116.71 612.62
67.00 2.00 -382915.23 -384093.77 116.71 612.62
68.00 2.00 -382915.23 -383690.67 116.71 612.62
69.00 2.00 -382915.23 -383637.46 116.71 612.62
70.00 2.00 -382915.23 -383258.70 116.71 612.62
71.00 2.00 -382915.23 -383297.81 116.71 612.62
72.00 2.00 -382915.23 -383690.02 116.71 612.62
73.00 2.00 -382915.23 -383471.64 116.71 612.62
74.00 2.00 -382915.23 -383727.54 116.71 612.62
75.00 2.00 -382915.23 -383468.28 116.71 612.62
76.00 2.00 -382915.23 -383256.87 116.71 612.62
77.00 2.00 -382915.23 -383255.80 116.71 612.62
78.00 2.00 -382915.23 -383505.14 116.71 612.62
79.00 2.00 -382915.23 -383573.32 116.71 612.62
80.00 2.00 -382915.23 -383783.57 116.71 612.62
81.00 2.00 -382915.23 -383355.05 116.71 612.62
82.00 2.00 -382915.23 -383193.08 116.71 612.62
83.00 2.00 -382915.23 -383582.08 116.71 612.62
84.00 2.00 -382915.23 -383625.42 116.71 612.62
85.00 2.00 -382915.23 -383560.75 116.71 612.62
86.00 2.00 -382915.23 -383619.88 116.71 612.62
87.00 2.00 -382915.23 -383696.68 116.71 612.62
88.00 2.00 -382915.23 -383096.27 116.71 612.62
89.00 2.00 -382915.23 -383601.47 116.71 612.62
90.00 2.00 -382915.23 -383457.50 116.71 612.62
91.00 2.00 -382915.23 -383501.57 116.71 612.62
92.00 2.00 -382915.23 -383616.51 116.71 612.62
93.00 2.00 -382915.23 -383253.69 116.71 612.62
94.00 2.00 -382915.23 -383214.13 116.71 612.62
95.00 2.00 -382915.23 -383617.51 116.71 612.62
96.00 2.00 -382915.23 -383689.38 116.71 612.62
97.00 2.00 -382915.23 -383569.67 116.71 612.62
98.00 2.00 -382915.23 -383728.82 116.71 612.62
99.00 2.00 -382915.23 -383643.69 116.71 612.62
100.00 2.00 -382915.23 -383322.40 116.71 612.62
101.00 2.00 -382915.23 -383484.94 116.71 612.62
102.00 2.00 -382915.23 -383658.05 116.71 612.62
103.00 2.00 -382915.23 -383589.84 116.71 612.62
104.00 2.00 -382915.23 -383330.57 116.71 612.62
105.00 2.00 -382915.23 -383564.38 116.71 612.62
106.00 2.00 -382915.23 -383530.45 116.71 612.62
107.00 2.00 -382915.23 -383536.49 116.71 612.62
108.00 2.00 -382915.23 -383817.50 116.71 612.62
109.00 2.00 -382915.23 -383586.53 116.71 612.62
110.00 2.00 -382915.23 -383155.11 116.71 612.62
111.00 2.00 -382915.23 -383381.70 116.71 612.62
112.00 2.00 -382915.23 -383697.27 116.71 612.62
113.00 2.00 -382915.23 -383495.41 116.71 612.62
114.00 2.00 -382915.23 -383394.34 116.71 612.62
115.00 2.00 -382915.23 -383461.24 116.71 612.62
116.00 2.00 -382915.23 -383635.56 116.71 612.62
117.00 2.00 -382915.23 -383502.65 116.71 612.62
118.00 2.00 -382915.23 -383584.40 116.71 612.62
119.00 2.00 -382915.23 -383455.46 116.71 612.62
120.00 2.00 -382915.23 -383205.13 116.71 612.62
121.00 2.00 -382915.23 -383337.63 116.71 612.62
122.00 2.00 -382915.23 -383434.38 116.71 612.62
123.00 2.00 -382915.23 -383477.22 116.71 612.62
