-13626.46
-13588.48
-13616.97
-13638.31
-13652.75
-13615.28
-13596.42
-13654.68
-13588.10
-13577.42
-13579.13
-13570.55
-13603.91
-13593.73
-13609.96
-13600.41
-13586.45
-13606.08
-13598.85
-13597.96
-13603.52
-13583.07
-13603.68
-13602.18
-13606.13
-13606.09
-13581.93
-13573.14
-13611.85
-13584.60
-13601.72
-13595.68
-13611.37
-13570.60
-13613.26
-13583.38
-13570.23
-13600.34
-13580.71
-13597.66
-13577.27
-13575.60
-13574.99
-13588.23
-13620.29
-13579.05
-13565.13
-13588.06
-13591.82
-13607.59
-13583.07
-13579.09
-13593.48
-13603.37
-13579.28
-13580.02
-13618.24
-13600.98
-13601.71
-13567.67
-13599.60
-13583.00
-13565.22
-13568.82
-13566.33
-13583.63
-13572.68
-13592.51
-13572.91
-13568.63
-13586.90
-13574.51
-13596.64
-13598.22
-13568.59
-13569.42
-13620.89
-13606.05
-13579.29
-13623.52
-13595.34
-13617.29
-13608.80
-13597.93
-13610.81
-13590.81
-13599.37
-13611.28
-13622.23
-13600.44
-13594.83
-13614.47
-13603.15
-13614.04
-13584.42
-13603.39
-13615.21
-13577.40
-13593.12
-13595.50
-13584.35
-13602.73
-13575.68
-13584.10
-13602.38
-13582.74
-13577.79
-13580.07
-13572.37
-13561.87
-13563.40
-13567.00
-13578.83
-13592.38
-13579.25
-13569.70
-13577.58
-13575.98
-13590.72
-13591.68
-13581.63
-13591.32
-13602.18
-13603.88
-13583.33
-13591.84
-13575.44
-13594.89
-13588.56
-13581.88
-13581.27
-14996.21
-15020.64
-14992.23
-14975.21
-14972.55
-14989.53
-14965.73
-14987.14
-14983.78
-15003.11
-15012.65
-14992.46
-14991.52
-15014.84
-15016.42
-14993.57
-15002.05
-15007.78
-15002.49
-14985.00
-15003.42
-14989.67
-14985.09
-14999.49
-15005.86
-14994.63
-14995.69
-15005.62
-14988.87
-14986.21
-14976.54
-15011.16
-15008.57
-15026.07
-15004.51
-15040.24
-15011.88
-15011.83
-15003.74
-15020.27
-15026.12
-15006.43
-15020.89
-14997.15
-15004.76
-14999.20
-14985.25
-15003.81
-15017.37
-15000.74
-15022.18
-15008.12
-14998.44
-14981.08
-15001.25
-14996.48
-14987.65
-15006.10
-14993.56
-14998.39
-14979.49
-15022.27
-15018.70
-14992.23
-15006.18
-14979.88
-14975.72
-15009.59
-15005.34
-15027.53
-15041.06
-14981.70
-15007.15
-14991.68
-14986.08
-14997.65
-14995.69
-15031.76
-15011.83
-14990.62
-15003.51
-14997.46
-14980.65
-14995.69
-15048.57
-14976.98
-15008.07
-14989.25
-14990.17
-14979.19
-14972.73
-14989.61
-15000.64
-14985.72
-14974.98
-14995.08
-14981.74
-15021.87
-15017.07
-14984.04
-14995.90
-14969.93
-14987.49
-14978.41
-14990.23
-14967.35
-14980.69
-14995.69
-15011.37
-15017.52
-15012.82
-15005.98
-14977.40
-15014.60
-15027.49
-15025.94
-15016.42
-15000.85
-15030.73
-15041.25
-15001.37
-14989.31
-14984.86
-15002.63
-14986.94
-14980.56
-14995.65
-14986.76
-14985.90
-14965.85
-14977.44
-14993.94
-14975.94
-14986.99
-14981.45
-14975.97
-14968.11
-15007.73
-15000.66
-14991.52
-15006.25
-14985.97
-14983.59
-15001.34
-14994.57
-15004.29
-15016.21
-14986.37
-14998.28
-15007.52
-15015.27
-15028.57
-15031.43
-14989.58
-14998.27
-14997.10
-15010.29
-14980.03
-14992.56
-15013.77
-15022.60
-14995.37
-15017.30
-15030.97
-15029.25
-14980.35
-15014.30
-15001.74
-14976.53
-15037.26
-15005.50
-15019.41
-15034.55
-15024.04
-14980.47
-14986.71
-14988.39
-15020.01
-15007.86
-15010.04
-15011.24
-14994.65
-14982.49
-15005.79
-15006.48
-15033.74
-14977.70
-15000.85
-15018.93
-15027.17
-15013.03
-14983.67
-14989.85
-15023.44
-15020.68
-15026.78
-15028.68
-15013.67
-14991.03
-15012.35
-15011.32
-14986.10
-14970.42
-14976.41
-14960.16
-14976.95
-14995.51
-14983.29
-14976.87
-15003.75
-15035.80
-15064.90
-14997.20
-15024.94
-15006.32
-14982.10
-14994.04
-15003.93
-15054.74
-15001.11
-14989.36
-14998.08
-15028.13
-14985.21
-14975.36
-14983.91
-14972.65
-14998.45
-15002.25
-14990.68
-14989.84
-15028.31
-14998.54
-15024.98
-14994.35
-14979.71
-14979.46
-15022.43
-15026.25
-14994.52
-15000.13
-14987.94
-14996.00
