-7514.75
-7499.05
-7510.79
-7518.82
-7526.67
-7508.80
-7505.84
-7502.30
-7497.69
-7494.44
-7509.61
-7509.39
-7507.62
-7508.91
-7502.66
-7514.62
-7506.80
-7515.54
-7496.52
-7492.81
-7513.36
-7503.56
-7494.45
-7493.81
-7493.63
-7493.86
-7501.23
-7504.68
-7501.82
-7498.73
-7491.12
-7505.58
-7501.45
-7494.49
-7503.70
-7507.66
-7501.18
-7499.33
-7505.36
-7517.35
-7513.21
-7512.11
-7512.15
-7507.48
-7496.46
-7496.57
-7520.86
-7522.23
-7490.28
-7487.43
-7507.15
-7485.44
-7502.71
-7505.36
-7501.33
-7498.68
-7499.80
-7502.82
-7513.41
-7524.79
-7508.75
-7507.75
-7498.33
-7498.95
-7498.05
-7492.68
-7490.16
-7497.45
-7493.81
-7489.47
-7480.10
-7498.29
-7484.44
-7477.09
-7499.66
-7517.09
-7516.79
-7508.58
-7502.67
-7488.11
-7490.44
-7487.55
-7490.02
-7494.44
-7511.90
-7510.32
-7497.25
-7487.12
-7489.71
-7494.17
-7496.78
-7483.88
-7521.28
-7506.54
-7494.68
-7496.38
-7515.98
-7509.64
-7484.49
-7487.17
-7514.78
-7500.44
-7481.88
-7487.30
-7521.01
-7517.13
-7499.09
-7503.60
-7514.22
-7500.00
-7511.03
-7499.48
-7501.14
-7509.64
-7523.98
-7497.51
-7503.82
-7496.97
-7507.38
-7500.72
-7497.46
-7489.77
-7488.84
-7498.01
-7502.29
-7494.87
-7502.34
-7500.15
-7492.20
-7494.48
-7491.91
-14991.81
-14999.81
-14995.99
-14996.65
-14988.26
-14987.67
-14980.81
-14991.09
-14973.85
-15026.40
-15023.89
-14989.23
-14992.85
-14970.94
-14986.81
-15007.04
-14980.83
-14970.08
-14986.90
-14999.16
-15002.12
-14987.38
-15006.24
-14994.59
-15005.92
-14979.94
-14995.72
-15034.92
-15026.58
-14995.19
-14978.42
-14984.90
-14995.48
-14981.07
-14991.29
-14979.38
-14989.13
-14982.39
-14990.95
-15004.52
-14972.38
-15032.11
-15028.42
-15018.98
-15031.84
-14980.09
-15006.64
-15005.71
-15026.19
-15010.63
-15031.51
-15006.65
-15016.47
-15029.74
-15036.69
-14989.58
-14992.27
-14985.89
-14992.18
-14970.44
-14984.98
-14973.22
-15011.16
-15011.67
-14987.27
-14974.92
-14975.06
-14990.33
-14995.90
-15027.59
-15026.69
-15004.10
-14994.13
-15002.00
-15002.12
-15010.45
-14982.79
-15014.45
-14990.68
-14979.37
-14999.28
-14999.47
-14995.83
-14977.55
-15001.60
-14984.41
-14997.51
-15026.32
-15032.74
-15010.80
-15027.08
-14994.60
-14986.72
-15004.66
-15012.38
-14982.61
-14981.38
-15021.40
-15021.07
-15049.50
-15012.83
-14999.92
-15021.58
-14988.52
-14979.02
-15031.60
-15038.89
-14988.16
-14999.79
-14983.49
-14992.88
-14998.24
-14999.84
-15000.83
-14981.48
-14986.46
-14990.48
-15025.33
-15006.00
-14996.82
-14977.56
-15025.33
-15018.53
-14990.26
-14987.71
-14974.72
-14983.41
-15012.23
-15019.81
-15021.75
-15023.11
-14998.88
-15007.31
-15033.11
-15014.16
-15007.64
-15009.23
-14981.47
-14991.76
-15018.02
-15020.84
-14982.73
-14985.38
-15001.52
-14984.63
-14997.17
-14993.14
-14966.19
-15009.96
-14990.91
-14997.47
-14990.81
-14989.94
-14973.59
-14984.37
-15008.32
-14987.01
-14973.25
-14996.01
-14991.94
-15005.76
-14978.89
-14971.24
-14995.24
-15016.97
-15000.07
-14994.07
-14996.61
-15015.87
-14991.97
-15017.50
-14979.12
-14987.51
-15021.73
-15025.76
-14973.35
-14990.26
-14987.03
-15005.81
-14979.54
-14982.50
-14977.57
-14982.96
-15035.85
-15009.10
-14996.03
-14985.10
-14997.87
-15013.24
-14956.60
-14988.81
-15001.70
-14978.47
-14982.47
-15018.16
-15022.96
-15026.81
-14986.81
-14994.69
-14974.60
-14997.38
-15036.35
-15006.68
-15000.26
-14979.06
-14981.48
-15008.62
-15002.92
-15010.44
-14984.79
-14994.45
-14976.69
-14990.97
-14976.55
-14987.45
-15001.69
-14986.78
-15018.11
-15011.13
-14984.65
-14987.93
-14997.78
-14987.57
-15010.06
-15027.46
-14975.58
-14980.36
-14997.08
-15028.72
-15005.50
-15016.24
-14979.49
-15004.99
-14985.60
-14998.87
-15033.40
-15017.74
-14983.67
-15031.83
-14981.42
-14994.60
-15012.89
-15035.47
