-8280.28
-8331.67
-8307.29
-8312.13
-8287.39
-8279.79
-8276.67
-8290.46
-8280.54
-8275.84
-8276.32
-8287.69
-8286.60
-8285.95
-8276.12
-8293.05
-8299.09
-8285.17
-8293.08
-8283.21
-8273.22
-8270.10
-8289.25
-8280.52
-8270.12
-8278.21
-8277.15
-8274.29
-8294.29
-8284.30
-8280.68
-8289.70
-8267.73
-8277.70
-8276.34
-8272.84
-8278.98
-8280.38
-8288.59
-8289.97
-8292.37
-8278.53
-8287.09
-8304.11
-8286.38
-8289.79
-8270.91
-8268.75
-8299.89
-8282.15
-8276.94
-8266.92
-8272.34
-8268.26
-8274.71
-8280.42
-8288.11
-8272.89
-8284.75
-8292.02
-8299.64
-8286.32
-8282.07
-8301.06
-8287.29
-8292.17
-8279.82
-8282.75
-8273.95
-8279.30
-8273.80
-8273.50
-8273.46
-8286.12
-8269.70
-8276.95
-8279.09
-8286.24
-8300.76
-8278.80
-8267.77
-8283.84
-8279.15
-8272.79
-8278.63
-8280.58
-8280.55
-8279.56
-8287.17
-8290.59
-8270.47
-8271.50
-8279.20
-8276.23
-8285.08
-8291.51
-8275.48
-8273.20
-8296.91
-8288.94
-8276.23
-8265.10
-8292.35
-8291.90
-8271.90
-8271.26
-8276.90
-8261.18
-8288.86
-8298.04
-8286.98
-8299.41
-8292.70
-8290.97
-8273.09
-8271.82
-8293.47
-8287.35
-8302.67
-8289.10
-8287.25
-8277.86
-8282.42
-8278.24
-8276.40
-8274.42
-8272.26
-8274.46
-8302.58
-8302.56
-8267.11
-14993.97
-15012.30
-14968.27
-15002.16
-15028.40
-15001.64
-15015.03
-14977.98
-14977.99
-14989.95
-14997.74
-15024.94
-15006.41
-15008.85
-14989.89
-14981.00
-14974.96
-15027.01
-15019.72
-15002.12
-15007.34
-14998.66
-15007.01
-14989.22
-14984.40
-14995.22
-15004.99
-15004.48
-14985.53
-15000.49
-15045.45
-14970.80
-14992.13
-14995.11
-14998.65
-14997.43
-15000.59
-14972.66
-14991.12
-14994.00
-14975.63
-15006.45
-14997.17
-14990.75
-14990.90
-15032.46
-15029.24
-15026.20
-14997.47
-15045.90
-15013.55
-15019.12
-15012.15
-14992.54
-15016.36
-15023.26
-15009.71
-14997.34
-14967.05
-14980.54
-14982.48
-14985.24
-14995.01
-14998.66
-14987.17
-14992.43
-15019.98
-14989.30
-14987.50
-14982.84
-15007.64
-15032.16
-15015.62
-15005.84
-14992.45
-14989.40
-15004.96
-15015.93
-15003.50
-15003.62
-15006.83
-14977.15
-14971.58
-15020.06
-14990.33
-14974.61
-14995.49
-14986.86
-14977.56
-14998.05
-15043.78
-15018.92
-14996.65
-15009.80
-15005.32
-14982.33
-14969.32
-14986.62
-15006.61
-15042.07
-15012.58
-15013.90
-15019.84
-15020.39
-15015.76
-15001.26
-15002.93
-15003.55
-14991.50
-14997.56
-15011.63
-14986.35
-14981.70
-14996.94
-15029.90
-14978.81
-14991.23
-14985.97
-15002.47
-15020.50
-15017.09
-14981.54
-14980.70
-14998.19
-15011.02
-14977.71
-14994.49
-15002.49
-14981.96
-15024.96
-14999.75
-15050.88
-15031.46
-15021.64
-15004.70
-15041.94
-15009.40
-15029.22
-15010.34
-14988.66
-14979.08
-15006.22
-14993.60
-15012.37
-15010.81
-14992.14
-14988.97
-14988.58
-14980.96
-14989.07
-14987.57
-14987.19
-14990.71
-14996.53
-14992.47
-14990.11
-14997.57
-14989.64
-14979.80
-14979.22
-14982.61
-15019.96
-15003.47
-14990.18
-15001.69
-14996.61
-14993.10
-15006.68
-14998.71
-15014.70
-14980.99
-15004.91
-15009.54
-14999.91
-14995.53
-14993.32
-15033.17
-14988.83
-14983.41
-14972.15
-15003.46
-14987.36
-14979.02
-15000.06
-14984.45
-15034.90
-15007.07
-15012.19
-14979.79
-14986.40
-14997.08
-14970.99
-14979.71
-15007.26
-15001.02
-14998.05
-14998.08
-15025.24
-15025.99
-15035.86
-15014.45
-14968.89
-14993.88
-15005.20
-15019.42
-15020.56
-15032.98
-14991.20
-14991.57
-15023.79
-15012.41
-14993.64
-14990.48
-14995.88
-14987.37
-14995.98
-14973.63
-14974.19
-15020.57
-15037.03
-15038.31
-15002.59
-15008.13
-14978.40
-14978.28
-15031.88
-15033.49
-14985.85
-14986.44
-14991.43
-14980.90
-15001.80
-14991.76
-14984.59
-14983.07
-14991.98
-15006.54
-15023.36
-15021.51
-15003.46
-14983.06
-14996.54
-15005.65
