-10104.95
-10137.64
-10114.47
-10121.27
-10119.13
-10092.84
-10099.12
-10101.86
-10093.09
-10121.26
-10093.78
-10091.95
-10079.32
-10092.25
-10100.15
-10104.41
-10083.43
-10085.96
-10099.99
-10091.71
-10097.22
-10101.96
-10123.24
-10110.61
-10115.32
-10119.20
-10081.41
-10118.20
-10079.64
-10082.05
-10081.30
-10075.74
-10080.39
-10082.60
-10102.87
-10119.39
-10090.98
-10085.98
-10116.18
-10104.96
-10103.55
-10080.33
-10093.23
-10109.88
-10103.73
-10107.95
-10087.20
-10089.99
-10105.85
-10115.62
-10095.28
-10098.73
-10099.37
-10106.33
-10082.24
-10086.91
-10087.37
-10089.32
-10113.89
-10113.69
-10090.67
-10091.88
-10087.65
-10109.40
-10096.76
-10127.18
-10087.42
-10081.16
-10108.14
-10091.25
-10097.99
-10098.09
-10090.56
-10082.18
-10102.26
-10109.57
-10102.21
-10086.74
-10075.19
-10088.61
-10099.87
-10087.06
-10100.93
-10092.08
-10091.11
-10100.91
-10080.06
-10088.46
-10092.77
-10093.03
-10087.93
-10099.22
-10120.11
-10101.79
-10084.13
-10107.34
-10077.16
-10086.62
-10118.94
-10097.78
-10088.22
-10085.22
-10095.62
-10110.88
-10103.22
-10120.73
-10112.94
-10105.37
-10095.92
-10092.45
-10085.90
-10094.46
-10085.12
-10094.24
-10096.21
-10092.32
-10078.47
-10084.77
-10119.60
-10088.80
-10116.29
-10083.10
-10103.59
-10108.59
-10102.04
-10105.66
-10089.03
-10071.75
-10101.44
-10097.69
-10100.85
-15027.32
-15021.98
-15040.93
-15000.01
-15000.79
-14976.43
-14972.90
-15007.84
-15018.01
-14985.62
-15009.05
-14990.99
-15033.86
-14989.29
-14995.99
-14981.79
-14974.30
-15000.05
-14987.15
-15018.77
-15018.22
-15027.36
-15007.37
-14984.08
-14976.01
-15023.65
-15030.30
-14984.38
-14988.71
-15001.72
-14991.91
-14985.35
-14973.47
-15034.67
-15034.95
-14993.52
-14997.70
-14988.13
-15003.03
-14979.60
-15001.54
-15016.89
-14980.89
-14986.50
-15005.83
-15004.00
-14996.30
-15010.17
-14986.47
-15000.09
-14974.11
-14982.28
-14984.49
-14989.57
-14995.20
-15024.07
-15021.13
-15006.45
-14995.18
-14997.95
-15047.64
-15008.85
-14985.24
-15006.27
-15005.89
-14995.15
-14997.61
-15010.09
-14975.00
-14979.95
-14988.16
-14990.11
-14984.12
-14984.33
-15006.53
-15004.40
-15024.78
-14995.33
-14983.62
-14977.11
-14989.19
-14991.19
-14989.23
-14985.12
-14976.77
-14988.59
-15010.67
-15016.38
-15008.87
-14994.08
-15011.78
-15013.26
-14981.49
-15000.34
-14974.66
-15036.98
-15020.43
-14987.44
-14988.59
-14983.48
-15011.97
-14999.72
-14998.33
-15000.47
-14980.22
-14992.07
-14992.46
-15018.36
-15014.13
-15015.88
-15005.61
-15060.95
-15023.47
-14986.00
-14981.97
-14996.65
-14993.90
-14973.50
-14976.01
-14994.32
-15012.15
-14978.33
-14962.10
-14985.53
-14972.85
-14980.98
-15003.69
-15016.18
-15019.54
-14997.43
-15010.69
-15009.71
-15012.69
-14986.79
-15002.88
-14995.59
-14982.24
-14989.81
-14993.58
-15012.01
-15051.60
-15020.77
-15032.66
-14990.10
-14980.42
-14994.12
-15023.17
-14987.47
-14980.42
-14990.07
-14995.17
-14985.26
-14984.85
-14990.96
-14995.29
-14984.30
-14980.56
-15001.23
-14981.42
-14987.39
-14988.48
-15005.88
-14982.78
-15011.22
-14981.75
-14971.76
-15004.88
-14991.99
-14976.83
-14986.61
-14985.19
-15032.27
-15036.15
-14976.61
-15005.10
-15024.12
-15001.80
-14985.97
-14988.35
-15008.27
-15030.75
-14997.82
-14985.62
-14996.07
-14986.40
-14987.25
-14968.34
-14990.19
-14977.28
-15008.98
-15025.81
-14983.18
-14970.08
-14993.01
-15003.41
-14990.42
-14971.14
-14991.14
-14995.46
-14977.21
-14981.60
-15003.01
-14996.77
-15015.96
-15021.44
-14999.21
-15012.78
-14999.99
-14991.49
-15003.81
-15015.97
-14985.74
-14978.49
-15011.36
-14994.12
-14984.83
-14989.83
-14991.16
-14986.23
-14983.80
-14993.79
-14992.52
-14988.59
-15014.19
-15006.55
-15020.26
-14982.96
-14995.57
-14977.28
-15001.51
-15025.56
-14995.73
-14972.25
-15012.99
-15007.49
-14981.92
-15002.33
-14979.45
-14977.80
-14997.01
-15008.09
-15039.47
-15054.93
