-12298.34000 -15026.38000 -7514.75000 -8280.28000 -11209.49000 -10104.95000 -9137.61000 -13626.46000
-12302.69000 -15055.74000 -7499.05000 -8331.67000 -11148.14000 -10137.64000 -9200.61000 -13588.48000
-12329.29000 -15001.97000 -7510.79000 -8307.29000 -11152.97000 -10114.47000 -9175.64000 -13616.97000
-12306.34000 -15053.20000 -7518.82000 -8312.13000 -11182.82000 -10121.27000 -9187.78000 -13638.31000
-12345.67000 -15041.79000 -7526.67000 -8287.39000 -11181.19000 -10119.13000 -9185.48000 -13652.75000
-12314.38000 -15005.42000 -7508.80000 -8279.79000 -11153.66000 -10092.84000 -9142.81000 -13615.28000
-12324.49000 -14992.98000 -7505.84000 -8276.67000 -11123.38000 -10099.12000 -9146.29000 -13596.42000
-12322.07000 -15001.29000 -7502.30000 -8290.46000 -11132.35000 -10101.86000 -9135.84000 -13654.68000
-12283.85000 -15003.95000 -7497.69000 -8280.54000 -11168.44000 -10093.09000 -9162.00000 -13588.10000
-12291.55000 -15014.75000 -7494.44000 -8275.84000 -11159.34000 -10121.26000 -9134.25000 -13577.42000
-12314.37000 -15010.97000 -7509.61000 -8276.32000 -11145.37000 -10093.78000 -9135.90000 -13579.13000
-12319.01000 -15019.13000 -7509.39000 -8287.69000 -11165.20000 -10091.95000 -9141.15000 -13570.55000
-12328.49000 -15011.75000 -7507.62000 -8286.60000 -11155.98000 -10079.32000 -9139.75000 -13603.91000
-12288.27000 -14991.93000 -7508.91000 -8285.95000 -11144.92000 -10092.25000 -9150.18000 -13593.73000
-12302.85000 -14993.29000 -7502.66000 -8276.12000 -11145.03000 -10100.15000 -9133.17000 -13609.96000
-12304.49000 -14967.80000 -7514.62000 -8293.05000 -11130.91000 -10104.41000 -9130.17000 -13600.41000
-12296.41000 -14988.81000 -7506.80000 -8299.09000 -11151.36000 -10083.43000 -9137.39000 -13586.45000
-12289.16000 -14976.86000 -7515.54000 -8285.17000 -11156.03000 -10085.96000 -9139.78000 -13606.08000
-12319.75000 -14975.59000 -7496.52000 -8293.08000 -11145.35000 -10099.99000 -9146.63000 -13598.85000
-12318.88000 -14986.77000 -7492.81000 -8283.21000 -11137.09000 -10091.71000 -9145.21000 -13597.96000
-12322.92000 -14980.98000 -7513.36000 -8273.22000 -11130.95000 -10097.22000 -9164.60000 -13603.52000
-12300.71000 -14988.20000 -7503.56000 -8270.10000 -11147.70000 -10101.96000 -9151.88000 -13583.07000
-12294.95000 -15017.78000 -7494.45000 -8289.25000 -11150.86000 -10123.24000 -9136.75000 -13603.68000
-12304.75000 -15005.41000 -7493.81000 -8280.52000 -11157.90000 -10110.61000 -9130.43000 -13602.18000
-12301.98000 -15007.76000 -7493.63000 -8270.12000 -11171.09000 -10115.32000 -9153.78000 -13606.13000
-12324.81000 -14996.83000 -7493.86000 -8278.21000 -11171.49000 -10119.20000 -9153.26000 -13606.09000
-12307.91000 -15024.19000 -7501.23000 -8277.15000 -11158.30000 -10081.41000 -9124.52000 -13581.93000
-12316.49000 -15014.52000 -7504.68000 -8274.29000 -11163.85000 -10118.20000 -9138.98000 -13573.14000
-12308.19000 -15013.77000 -7501.82000 -8294.29000 -11151.33000 -10079.64000 -9129.34000 -13611.85000
-12313.64000 -15032.86000 -7498.73000 -8284.30000 -11154.63000 -10082.05000 -9136.94000 -13584.60000
-12310.06000 -15018.70000 -7491.12000 -8280.68000 -11140.66000 -10081.30000 -9157.52000 -13601.72000
-12311.34000 -15036.52000 -7505.58000 -8289.70000 -11135.53000 -10075.74000 -9151.43000 -13595.68000
-12325.94000 -15004.18000 -7501.45000 -8267.73000 -11136.56000 -10080.39000 -9155.02000 -13611.37000
-12306.33000 -15010.60000 -7494.49000 -8277.70000 -11129.82000 -10082.60000 -9154.60000 -13570.60000
-12291.06000 -15015.92000 -7503.70000 -8276.34000 -11139.17000 -10102.87000 -9147.03000 -13613.26000
-12310.45000 -15000.69000 -7507.66000 -8272.84000 -11141.46000 -10119.39000 -9129.07000 -13583.38000
-12290.57000 -15029.87000 -7501.18000 -8278.98000 -11163.43000 -10090.98000 -9161.00000 -13570.23000
-12304.26000 -14990.41000 -7499.33000 -8280.38000 -11153.80000 -10085.98000 -9152.52000 -13600.34000
-12308.22000 -15013.51000 -7505.36000 -8288.59000 -11132.02000 -10116.18000 -9144.01000 -13580.71000
-12303.72000 -14995.78000 -7517.35000 -8289.97000 -11147.85000 -10104.96000 -9145.65000 -13597.66000
-12301.53000 -14978.57000 -7513.21000 -8292.37000 -11150.46000 -10103.55000 -9173.03000 -13577.27000
-12293.74000 -14987.65000 -7512.11000 -8278.53000 -11169.72000 -10080.33000 -9148.80000 -13575.60000
-12328.94000 -14992.64000 -7512.15000 -8287.09000 -11137.98000 -10093.23000 -9147.23000 -13574.99000
-12298.25000 -14998.96000 -7507.48000 -8304.11000 -11129.03000 -10109.88000 -9144.79000 -13588.23000
-12296.29000 -14987.63000 -7496.46000 -8286.38000 -11146.84000 -10103.73000 -9153.05000 -13620.29000
-12292.18000 -14989.41000 -7496.57000 -8289.79000 -11161.86000 -10107.95000 -9157.92000 -13579.05000
-12321.55000 -14996.11000 -7520.86000 -8270.91000 -11135.32000 -10087.20000 -9170.83000 -13565.13000
-12300.02000 -15014.63000 -7522.23000 -8268.75000 -11134.17000 -10089.99000 -9143.57000 -13588.06000
-12302.92000 -14984.76000 -7490.28000 -8299.89000 -11162.80000 -10105.85000 -9136.52000 -13591.82000
-12301.97000 -14982.08000 -7487.43000 -8282.15000 -11147.49000 -10115.62000 -9163.80000 -13607.59000
-12323.16000 -15004.56000 -7507.15000 -8276.94000 -11146.73000 -10095.28000 -9147.96000 -13583.07000
-12325.92000 -15014.97000 -7485.44000 -8266.92000 -11143.31000 -10098.73000 -9150.42000 -13579.09000
-12325.42000 -14988.70000 -7502.71000 -8272.34000 -11147.25000 -10099.37000 -9133.63000 -13593.48000
-12322.17000 -14976.87000 -7505.36000 -8268.26000 -11147.94000 -10106.33000 -9133.30000 -13603.37000
-12301.54000 -15003.95000 -7501.33000 -8274.71000 -11157.12000 -10082.24000 -9134.70000 -13579.28000
-12316.30000 -14994.12000 -7498.68000 -8280.42000 -11174.95000 -10086.91000 -9160.08000 -13580.02000
-12315.62000 -15000.69000 -7499.80000 -8288.11000 -11123.22000 -10087.37000 -9160.27000 -13618.24000
-12332.83000 -14986.22000 -7502.82000 -8272.89000 -11128.61000 -10089.32000 -9152.15000 -13600.98000
-12279.24000 -15007.96000 -7513.41000 -8284.75000 -11125.31000 -10113.89000 -9142.76000 -13601.71000
-12305.00000 -15024.50000 -7524.79000 -8292.02000 -11133.36000 -10113.69000 -9142.78000 -13567.67000
-12274.30000 -14996.99000 -7508.75000 -8299.64000 -11159.34000 -10090.67000 -9153.94000 -13599.60000
-12291.26000 -14980.96000 -7507.75000 -8286.32000 -11134.61000 -10091.88000 -9144.77000 -13583.00000
-12301.91000 -14993.02000 -7498.33000 -8282.07000 -11142.39000 -10087.65000 -9138.60000 -13565.22000
-12280.14000 -14983.40000 -7498.95000 -8301.06000 -11148.07000 -10109.40000 -9159.33000 -13568.82000
-12289.90000 -14976.08000 -7498.05000 -8287.29000 -11151.25000 -10096.76000 -9165.35000 -13566.33000
-12297.45000 -14983.35000 -7492.68000 -8292.17000 -11155.52000 -10127.18000 -9147.22000 -13583.63000
-12282.75000 -15026.90000 -7490.16000 -8279.82000 -11144.45000 -10087.42000 -9158.36000 -13572.68000
-12296.06000 -14978.04000 -7497.45000 -8282.75000 -11151.45000 -10081.16000 -9141.33000 -13592.51000
-12303.90000 -15001.78000 -7493.81000 -8273.95000 -11154.46000 -10108.14000 -9160.60000 -13572.91000
-12335.60000 -15009.84000 -7489.47000 -8279.30000 -11153.32000 -10091.25000 -9167.33000 -13568.63000
-12324.93000 -14995.98000 -7480.10000 -8273.80000 -11151.34000 -10097.99000 -9149.24000 -13586.90000
-12321.35000 -15016.24000 -7498.29000 -8273.50000 -11165.25000 -10098.09000 -9154.66000 -13574.51000
-12302.65000 -15006.10000 -7484.44000 -8273.46000 -11144.11000 -10090.56000 -9151.38000 -13596.64000
-12295.43000 -15010.57000 -7477.09000 -8286.12000 -11147.42000 -10082.18000 -9149.47000 -13598.22000
-12314.44000 -15022.19000 -7499.66000 -8269.70000 -11146.15000 -10102.26000 -9141.48000 -13568.59000
-12317.42000 -15008.81000 -7517.09000 -8276.95000 -11118.37000 -10109.57000 -9142.58000 -13569.42000
-12318.39000 -15001.62000 -7516.79000 -8279.09000 -11158.36000 -10102.21000 -9131.14000 -13620.89000
-12306.53000 -14989.90000 -7508.58000 -8286.24000 -11167.57000 -10086.74000 -9131.53000 -13606.05000
-12321.31000 -14997.71000 -7502.67000 -8300.76000 -11123.49000 -10075.19000 -9138.78000 -13579.29000
-12322.86000 -15007.22000 -7488.11000 -8278.80000 -11126.64000 -10088.61000 -9139.81000 -13623.52000
-12297.90000 -15028.26000 -7490.44000 -8267.77000 -11159.13000 -10099.87000 -9167.92000 -13595.34000
-12289.24000 -15017.87000 -7487.55000 -8283.84000 -11147.12000 -10087.06000 -9154.86000 -13617.29000
-12315.51000 -15004.89000 -7490.02000 -8279.15000 -11156.53000 -10100.93000 -9142.06000 -13608.80000
-12297.08000 -14999.16000 -7494.44000 -8272.79000 -11141.94000 -10092.08000 -9164.14000 -13597.93000
-12293.27000 -15007.64000 -7511.90000 -8278.63000 -11159.17000 -10091.11000 -9131.23000 -13610.81000
-12296.77000 -15031.85000 -7510.32000 -8280.58000 -11126.86000 -10100.91000 -9147.81000 -13590.81000
-12293.64000 -14995.82000 -7497.25000 -8280.55000 -11148.29000 -10080.06000 -9134.95000 -13599.37000
-12296.64000 -15034.93000 -7487.12000 -8279.56000 -11140.12000 -10088.46000 -9133.76000 -13611.28000
-12312.41000 -15024.30000 -7489.71000 -8287.17000 -11132.30000 -10092.77000 -9150.70000 -13622.23000
-12299.40000 -14996.42000 -7494.17000 -8290.59000 -11133.59000 -10093.03000 -9143.18000 -13600.44000
-12302.48000 -15035.46000 -7496.78000 -8270.47000 -11163.34000 -10087.93000 -9156.57000 -13594.83000
-12297.65000 -15027.19000 -7483.88000 -8271.50000 -11144.27000 -10099.22000 -9165.32000 -13614.47000
-12305.70000 -15011.64000 -7521.28000 -8279.20000 -11141.49000 -10120.11000 -9141.15000 -13603.15000
-12278.22000 -15024.39000 -7506.54000 -8276.23000 -11158.07000 -10101.79000 -9137.58000 -13614.04000
-12286.99000 -15015.37000 -7494.68000 -8285.08000 -11137.04000 -10084.13000 -9133.22000 -13584.42000
-12279.11000 -15001.68000 -7496.38000 -8291.51000 -11142.39000 -10107.34000 -9137.09000 -13603.39000
-12292.78000 -15022.95000 -7515.98000 -8275.48000 -11152.68000 -10077.16000 -9168.11000 -13615.21000
-12294.76000 -15042.01000 -7509.64000 -8273.20000 -11152.60000 -10086.62000 -9146.73000 -13577.40000
-12304.07000 -15023.18000 -7484.49000 -8296.91000 -11135.66000 -10118.94000 -9134.93000 -13593.12000
-12305.20000 -14998.29000 -7487.17000 -8288.94000 -11148.01000 -10097.78000 -9137.63000 -13595.50000
-12295.31000 -15006.66000 -7514.78000 -8276.23000 -11165.54000 -10088.22000 -9151.94000 -13584.35000
-12285.80000 -15043.39000 -7500.44000 -8265.10000 -11141.17000 -10085.22000 -9150.88000 -13602.73000
-12318.40000 -15008.03000 -7481.88000 -8292.35000 -11131.31000 -10095.62000 -9158.33000 -13575.68000
-12301.40000 -15032.07000 -7487.30000 -8291.90000 -11134.46000 -10110.88000 -9157.10000 -13584.10000
-12303.00000 -14988.78000 -7521.01000 -8271.90000 -11150.24000 -10103.22000 -9140.35000 -13602.38000
-12303.41000 -15005.04000 -7517.13000 -8271.26000 -11146.77000 -10120.73000 -9133.25000 -13582.74000
-12304.05000 -15003.84000 -7499.09000 -8276.90000 -11130.88000 -10112.94000 -9146.26000 -13577.79000
-12320.13000 -14979.94000 -7503.60000 -8261.18000 -11163.00000 -10105.37000 -9140.83000 -13580.07000
-12306.96000 -14998.55000 -7514.22000 -8288.86000 -11150.36000 -10095.92000 -9137.89000 -13572.37000
-12311.35000 -14976.52000 -7500.00000 -8298.04000 -11165.48000 -10092.45000 -9137.80000 -13561.87000
-12300.32000 -14983.47000 -7511.03000 -8286.98000 -11148.57000 -10085.90000 -9150.51000 -13563.40000
-12301.19000 -14989.44000 -7499.48000 -8299.41000 -11142.94000 -10094.46000 -9158.48000 -13567.00000
-12314.99000 -14983.92000 -7501.14000 -8292.70000 -11145.81000 -10085.12000 -9155.09000 -13578.83000
-12300.47000 -14981.43000 -7509.64000 -8290.97000 -11128.87000 -10094.24000 -9142.83000 -13592.38000
-12297.58000 -15003.62000 -7523.98000 -8273.09000 -11131.61000 -10096.21000 -9154.91000 -13579.25000
-12320.09000 -15004.49000 -7497.51000 -8271.82000 -11135.67000 -10092.32000 -9158.03000 -13569.70000
-12313.23000 -15005.38000 -7503.82000 -8293.47000 -11141.16000 -10078.47000 -9143.35000 -13577.58000
-12275.03000 -14995.36000 -7496.97000 -8287.35000 -11143.65000 -10084.77000 -9128.56000 -13575.98000
-12328.84000 -14993.21000 -7507.38000 -8302.67000 -11137.96000 -10119.60000 -9140.65000 -13590.72000
-12325.24000 -14984.38000 -7500.72000 -8289.10000 -11131.83000 -10088.80000 -9136.54000 -13591.68000
-12295.74000 -14986.63000 -7497.46000 -8287.25000 -11139.94000 -10116.29000 -9149.78000 -13581.63000
-12285.38000 -14979.53000 -7489.77000 -8277.86000 -11167.57000 -10083.10000 -9149.49000 -13591.32000
-12307.99000 -14988.04000 -7488.84000 -8282.42000 -11146.74000 -10103.59000 -9155.63000 -13602.18000
-12310.88000 -14986.10000 -7498.01000 -8278.24000 -11159.90000 -10108.59000 -9154.52000 -13603.88000
-12331.13000 -15011.19000 -7502.29000 -8276.40000 -11144.81000 -10102.04000 -9147.29000 -13583.33000
-12314.25000 -15009.43000 -7494.87000 -8274.42000 -11157.40000 -10105.66000 -9130.15000 -13591.84000
-12319.20000 -15028.94000 -7502.34000 -8272.26000 -11162.25000 -10089.03000 -9130.65000 -13575.44000
-12306.16000 -14991.09000 -7500.15000 -8274.46000 -11168.50000 -10071.75000 -9135.10000 -13594.89000
-12328.11000 -14988.95000 -7492.20000 -8302.58000 -11173.85000 -10101.44000 -9136.43000 -13588.56000
-12330.28000 -15036.48000 -7494.48000 -8302.56000 -11153.17000 -10097.69000 -9132.19000 -13581.88000
-12320.00000 -15000.60000 -7491.91000 -8267.11000 -11134.87000 -10100.85000 -9149.63000 -13581.27000
-14989.95000 -14997.82000 -14991.81000 -14993.97000 -14981.03000 -15027.32000 -15024.39000 -14996.21000
-14980.71000 -15007.09000 -14999.81000 -15012.30000 -15018.88000 -15021.98000 -14991.29000 -15020.64000
-14966.18000 -15003.20000 -14995.99000 -14968.27000 -15029.67000 -15040.93000 -15001.22000 -14992.23000
-14992.68000 -15014.00000 -14996.65000 -15002.16000 -15027.82000 -15000.01000 -14978.28000 -14975.21000
-15012.11000 -15028.49000 -14988.26000 -15028.40000 -15026.89000 -15000.79000 -14992.09000 -14972.55000
-15036.37000 -14998.23000 -14987.67000 -15001.64000 -15002.46000 -14976.43000 -15041.48000 -14989.53000
-15003.28000 -14981.31000 -14980.81000 -15015.03000 -15013.24000 -14972.90000 -15042.28000 -14965.73000
-15004.89000 -15012.57000 -14991.09000 -14977.98000 -15006.72000 -15007.84000 -14983.66000 -14987.14000
-15026.70000 -14996.12000 -14973.85000 -14977.99000 -15010.00000 -15018.01000 -15032.08000 -14983.78000
-15000.62000 -14976.27000 -15026.40000 -14989.95000 -15012.70000 -14985.62000 -14971.47000 -15003.11000
-14999.15000 -14998.91000 -15023.89000 -14997.74000 -15021.82000 -15009.05000 -14988.41000 -15012.65000
-15023.90000 -15001.21000 -14989.23000 -15024.94000 -15008.66000 -14990.99000 -14979.05000 -14992.46000
-15005.89000 -15034.16000 -14992.85000 -15006.41000 -15034.99000 -15033.86000 -14989.37000 -14991.52000
-14998.78000 -15012.02000 -14970.94000 -15008.85000 -14992.21000 -14989.29000 -15025.68000 -15014.84000
-14983.36000 -15004.55000 -14986.81000 -14989.89000 -15007.31000 -14995.99000 -14974.15000 -15016.42000
-15017.40000 -15009.23000 -15007.04000 -14981.00000 -14980.07000 -14981.79000 -14995.09000 -14993.57000
-15002.25000 -14983.05000 -14980.83000 -14974.96000 -14984.39000 -14974.30000 -14994.11000 -15002.05000
-14985.53000 -15004.24000 -14970.08000 -15027.01000 -15006.28000 -15000.05000 -15038.74000 -15007.78000
-14993.59000 -14999.08000 -14986.90000 -15019.72000 -14991.60000 -14987.15000 -15032.35000 -15002.49000
-14985.11000 -14995.40000 -14999.16000 -15002.12000 -14979.42000 -15018.77000 -15013.18000 -14985.00000
-14977.88000 -15010.49000 -15002.12000 -15007.34000 -15002.22000 -15018.22000 -15001.48000 -15003.42000
-14984.76000 -14992.08000 -14987.38000 -14998.66000 -15033.90000 -15027.36000 -14995.98000 -14989.67000
-14989.59000 -14995.81000 -15006.24000 -15007.01000 -15043.50000 -15007.37000 -15002.82000 -14985.09000
-15017.95000 -14992.52000 -14994.59000 -14989.22000 -15011.87000 -14984.08000 -15031.94000 -14999.49000
-15038.70000 -15004.92000 -15005.92000 -14984.40000 -15014.85000 -14976.01000 -15033.80000 -15005.86000
-14983.67000 -15006.26000 -14979.94000 -14995.22000 -14987.84000 -15023.65000 -15008.27000 -14994.63000
-14998.74000 -14977.52000 -14995.72000 -15004.99000 -14995.45000 -15030.30000 -14985.69000 -14995.69000
-14986.72000 -14978.03000 -15034.92000 -15004.48000 -15038.13000 -14984.38000 -14994.66000 -15005.62000
-15012.66000 -15000.60000 -15026.58000 -14985.53000 -15034.34000 -14988.71000 -14999.75000 -14988.87000
-15028.82000 -15015.94000 -14995.19000 -15000.49000 -14999.83000 -15001.72000 -14980.48000 -14986.21000
-15042.74000 -15002.16000 -14978.42000 -15045.45000 -15011.54000 -14991.91000 -15027.72000 -14976.54000
-14996.15000 -15009.32000 -14984.90000 -14970.80000 -15010.60000 -14985.35000 -15017.33000 -15011.16000
-14976.93000 -14989.87000 -14995.48000 -14992.13000 -15008.49000 -14973.47000 -15000.48000 -15008.57000
-15002.48000 -15035.04000 -14981.07000 -14995.11000 -15000.02000 -15034.67000 -15013.54000 -15026.07000
-14985.30000 -15032.79000 -14991.29000 -14998.65000 -14981.36000 -15034.95000 -15003.01000 -15004.51000
-14994.69000 -15016.70000 -14979.38000 -14997.43000 -15056.19000 -14993.52000 -15005.85000 -15040.24000
-15004.01000 -15002.17000 -14989.13000 -15000.59000 -15014.70000 -14997.70000 -14991.01000 -15011.88000
-15031.12000 -15014.60000 -14982.39000 -14972.66000 -15004.35000 -14988.13000 -14992.09000 -15011.83000
-15053.63000 -15013.12000 -14990.95000 -14991.12000 -14985.41000 -15003.03000 -14991.23000 -15003.74000
-15015.75000 -15010.66000 -15004.52000 -14994.00000 -14989.17000 -14979.60000 -14993.79000 -15020.27000
-15055.36000 -15009.48000 -14972.38000 -14975.63000 -15002.93000 -15001.54000 -14998.72000 -15026.12000
-14993.40000 -14977.10000 -15032.11000 -15006.45000 -14994.16000 -15016.89000 -14990.00000 -15006.43000
-15015.83000 -14999.82000 -15028.42000 -14997.17000 -14993.04000 -14980.89000 -15001.29000 -15020.89000
-15015.94000 -15009.96000 -15018.98000 -14990.75000 -14997.37000 -14986.50000 -14987.62000 -14997.15000
-14997.05000 -14999.61000 -15031.84000 -14990.90000 -15001.81000 -15005.83000 -14972.30000 -15004.76000
-14977.40000 -14998.12000 -14980.09000 -15032.46000 -15047.74000 -15004.00000 -14972.50000 -14999.20000
-14986.07000 -14976.09000 -15006.64000 -15029.24000 -15013.73000 -14996.30000 -14988.68000 -14985.25000
-14994.01000 -14988.21000 -15005.71000 -15026.20000 -14995.65000 -15010.17000 -15048.45000 -15003.81000
-14975.08000 -14994.98000 -15026.19000 -14997.47000 -15009.88000 -14986.47000 -15047.02000 -15017.37000
-15000.83000 -14981.90000 -15010.63000 -15045.90000 -15002.48000 -15000.09000 -15001.53000 -15000.74000
-14981.91000 -14996.19000 -15031.51000 -15013.55000 -15000.33000 -14974.11000 -14994.45000 -15022.18000
-14986.60000 -15038.19000 -15006.65000 -15019.12000 -14989.97000 -14982.28000 -15020.88000 -15008.12000
-14994.45000 -14999.65000 -15016.47000 -15012.15000 -15006.09000 -14984.49000 -15053.86000 -14998.44000
-14991.34000 -14994.03000 -15029.74000 -14992.54000 -15009.17000 -14989.57000 -15021.35000 -14981.08000
-14996.45000 -15007.53000 -15036.69000 -15016.36000 -14990.92000 -14995.20000 -15018.31000 -15001.25000
-15014.88000 -14979.29000 -14989.58000 -15023.26000 -14971.48000 -15024.07000 -14985.28000 -14996.48000
-14986.82000 -14978.61000 -14992.27000 -15009.71000 -14991.63000 -15021.13000 -14998.34000 -14987.65000
-14985.32000 -14974.17000 -14985.89000 -14997.34000 -15019.41000 -15006.45000 -15021.08000 -15006.10000
-15003.85000 -14980.11000 -14992.18000 -14967.05000 -15023.41000 -14995.18000 -15026.91000 -14993.56000
-15027.10000 -15011.18000 -14970.44000 -14980.54000 -15003.14000 -14997.95000 -14977.35000 -14998.39000
-15039.86000 -15012.17000 -14984.98000 -14982.48000 -15000.34000 -15047.64000 -14989.14000 -14979.49000
-14984.86000 -14997.29000 -14973.22000 -14985.24000 -14990.57000 -15008.85000 -15000.93000 -15022.27000
-15024.01000 -15012.93000 -15011.16000 -14995.01000 -15010.46000 -14985.24000 -15005.86000 -15018.70000
-15008.99000 -15005.45000 -15011.67000 -14998.66000 -14993.74000 -15006.27000 -14989.61000 -14992.23000
-15003.92000 -15027.36000 -14987.27000 -14987.17000 -15030.77000 -15005.89000 -15000.76000 -15006.18000
-15007.00000 -15023.04000 -14974.92000 -14992.43000 -15014.54000 -14995.15000 -14979.29000 -14979.88000
-15003.23000 -15030.03000 -14975.06000 -15019.98000 -15015.84000 -14997.61000 -14990.94000 -14975.72000
-15042.57000 -15010.54000 -14990.33000 -14989.30000 -14987.75000 -15010.09000 -15007.92000 -15009.59000
-15025.47000 -15043.48000 -14995.90000 -14987.50000 -14997.71000 -14975.00000 -15007.79000 -15005.34000
-14996.96000 -15016.45000 -15027.59000 -14982.84000 -14982.97000 -14979.95000 -14975.08000 -15027.53000
-14989.15000 -14998.31000 -15026.69000 -15007.64000 -14993.94000 -14988.16000 -15002.60000 -15041.06000
-15002.33000 -15019.94000 -15004.10000 -15032.16000 -15005.11000 -14990.11000 -14988.02000 -14981.70000
-14985.48000 -15013.83000 -14994.13000 -15015.62000 -14982.51000 -14984.12000 -15005.26000 -15007.15000
-15035.96000 -14991.78000 -15002.00000 -15005.84000 -14988.53000 -14984.33000 -15008.69000 -14991.68000
-15006.34000 -14990.61000 -15002.12000 -14992.45000 -14988.65000 -15006.53000 -15042.50000 -14986.08000
-15023.62000 -14997.61000 -15010.45000 -14989.40000 -14978.39000 -15004.40000 -15005.48000 -14997.65000
-15057.72000 -14978.08000 -14982.79000 -15004.96000 -14989.90000 -15024.78000 -14984.37000 -14995.69000
-14987.39000 -14992.53000 -15014.45000 -15015.93000 -15013.19000 -14995.33000 -14989.06000 -15031.76000
-14988.05000 -14996.88000 -14990.68000 -15003.50000 -15012.32000 -14983.62000 -14984.69000 -15011.83000
-15000.05000 -15027.31000 -14979.37000 -15003.62000 -14974.93000 -14977.11000 -14993.68000 -14990.62000
-15003.67000 -14993.63000 -14999.28000 -15006.83000 -14995.55000 -14989.19000 -15007.60000 -15003.51000
-14988.95000 -15021.50000 -14999.47000 -14977.15000 -15033.01000 -14991.19000 -14992.97000 -14997.46000
-14981.25000 -15038.77000 -14995.83000 -14971.58000 -15038.61000 -14989.23000 -14990.10000 -14980.65000
-15020.59000 -14985.80000 -14977.55000 -15020.06000 -15008.31000 -14985.12000 -15021.18000 -14995.69000
-15059.06000 -14968.85000 -15001.60000 -14990.33000 -14990.00000 -14976.77000 -14965.52000 -15048.57000
-14985.60000 -15034.28000 -14984.41000 -14974.61000 -15025.19000 -14988.59000 -15023.90000 -14976.98000
-14980.10000 -15018.02000 -14997.51000 -14995.49000 -14991.38000 -15010.67000 -15005.54000 -15008.07000
-15027.79000 -14995.35000 -15026.32000 -14986.86000 -15011.93000 -15016.38000 -14977.26000 -14989.25000
-15013.54000 -14980.41000 -15032.74000 -14977.56000 -14996.46000 -15008.87000 -14975.85000 -14990.17000
-14998.90000 -15004.00000 -15010.80000 -14998.05000 -15016.51000 -14994.08000 -14969.93000 -14979.19000
-14984.27000 -15009.85000 -15027.08000 -15043.78000 -15019.52000 -15011.78000 -14993.11000 -14972.73000
-15037.36000 -14969.37000 -14994.60000 -15018.92000 -14994.62000 -15013.26000 -15016.97000 -14989.61000
-15035.74000 -14982.50000 -14986.72000 -14996.65000 -14999.78000 -14981.49000 -15015.14000 -15000.64000
-15057.56000 -14976.00000 -15004.66000 -15009.80000 -15004.96000 -15000.34000 -15009.71000 -14985.72000
-15006.19000 -15008.69000 -15012.38000 -15005.32000 -14999.80000 -14974.66000 -15020.52000 -14974.98000
-15007.51000 -14995.33000 -14982.61000 -14982.33000 -15010.74000 -15036.98000 -14979.13000 -14995.08000
-15012.97000 -14987.86000 -14981.38000 -14969.32000 -15027.54000 -15020.43000 -15021.25000 -14981.74000
-14987.65000 -14989.39000 -15021.40000 -14986.62000 -14998.95000 -14987.44000 -14986.21000 -15021.87000
-14995.01000 -14976.67000 -15021.07000 -15006.61000 -15011.09000 -14988.59000 -14992.19000 -15017.07000
-15013.73000 -15005.21000 -15049.50000 -15042.07000 -14999.49000 -14983.48000 -14988.49000 -14984.04000
-14994.72000 -14980.18000 -15012.83000 -15012.58000 -14982.44000 -15011.97000 -14994.55000 -14995.90000
-14989.33000 -14974.55000 -14999.92000 -15013.90000 -14975.00000 -14999.72000 -14981.21000 -14969.93000
-15001.92000 -14981.34000 -15021.58000 -15019.84000 -14996.33000 -14998.33000 -14974.98000 -14987.49000
-14993.08000 -14990.66000 -14988.52000 -15020.39000 -15020.77000 -15000.47000 -15038.92000 -14978.41000
-14988.92000 -14988.31000 -14979.02000 -15015.76000 -14982.02000 -14980.22000 -15042.75000 -14990.23000
-14993.33000 -14999.39000 -15031.60000 -15001.26000 -14987.56000 -14992.07000 -15010.87000 -14967.35000
-15011.05000 -14985.91000 -15038.89000 -15002.93000 -14977.43000 -14992.46000 -15008.98000 -14980.69000
-14982.79000 -15003.94000 -14988.16000 -15003.55000 -14995.71000 -15018.36000 -14991.44000 -14995.69000
-15015.61000 -14993.98000 -14999.79000 -14991.50000 -14996.45000 -15014.13000 -14999.61000 -15011.37000
-14985.97000 -15002.96000 -14983.49000 -14997.56000 -15017.17000 -15015.88000 -15037.22000 -15017.52000
-14978.93000 -14976.27000 -14992.88000 -15011.63000 -15008.67000 -15005.61000 -15037.82000 -15012.82000
-15028.23000 -14997.44000 -14998.24000 -14986.35000 -14995.73000 -15060.95000 -14988.77000 -15005.98000
-15011.71000 -14992.07000 -14999.84000 -14981.70000 -14993.98000 -15023.47000 -14972.94000 -14977.40000
-14995.55000 -15003.64000 -15000.83000 -14996.94000 -14998.43000 -14986.00000 -14976.55000 -15014.60000
-15001.16000 -14997.10000 -14981.48000 -15029.90000 -15033.83000 -14981.97000 -14984.07000 -15027.49000
-15048.85000 -15009.89000 -14986.46000 -14978.81000 -14977.65000 -14996.65000 -14985.55000 -15025.94000
-15026.93000 -15010.58000 -14990.48000 -14991.23000 -14995.52000 -14993.90000 -14966.64000 -15016.42000
-14987.24000 -15019.21000 -15025.33000 -14985.97000 -15005.79000 -14973.50000 -14982.34000 -15000.85000
-14993.60000 -14980.88000 -15006.00000 -15002.47000 -15011.13000 -14976.01000 -14990.43000 -15030.73000
-15001.13000 -15002.01000 -14996.82000 -15020.50000 -14991.66000 -14994.32000 -14982.06000 -15041.25000
-14994.54000 -15005.98000 -14977.56000 -15017.09000 -14992.74000 -15012.15000 -14986.13000 -15001.37000
-14972.45000 -15032.54000 -15025.33000 -14981.54000 -14997.21000 -14978.33000 -14994.52000 -14989.31000
-14989.21000 -15023.18000 -15018.53000 -14980.70000 -14977.36000 -14962.10000 -14985.07000 -14984.86000
-14979.63000 -14975.80000 -14990.26000 -14998.19000 -15023.45000 -14985.53000 -14989.46000 -15002.63000
-14992.27000 -15044.90000 -14987.71000 -15011.02000 -14997.93000 -14972.85000 -14991.69000 -14986.94000
-15021.12000 -15018.15000 -14974.72000 -14977.71000 -15019.54000 -14980.98000 -15008.32000 -14980.56000
-15004.77000 -15032.05000 -14983.41000 -14994.49000 -14978.67000 -15003.69000 -15009.30000 -14995.65000
-14996.21000 -14999.75000 -15012.23000 -15002.49000 -14987.71000 -15016.18000 -14986.99000 -14986.76000
-14992.27000 -14976.36000 -15019.81000 -14981.96000 -15014.37000 -15019.54000 -15008.49000 -14985.90000
-14985.29000 -14994.56000 -15021.75000 -15024.96000 -14978.98000 -14997.43000 -14992.77000 -14965.85000
-14991.85000 -15010.24000 -15023.11000 -14999.75000 -14990.28000 -15010.69000 -15011.43000 -14977.44000
-15015.91000 -14999.60000 -14998.88000 -15050.88000 -14993.18000 -15009.71000 -15025.09000 -14993.94000
-15011.81000 -14977.34000 -15007.31000 -15031.46000 -14973.99000 -15012.69000 -15001.32000 -14975.94000
-14977.49000 -14973.12000 -15033.11000 -15021.64000 -15000.81000 -14986.79000 -15006.55000 -14986.99000
-14990.50000 -14980.23000 -15014.16000 -15004.70000 -14988.15000 -15002.88000 -15017.01000 -14981.45000
-15002.20000 -15005.78000 -15007.64000 -15041.94000 -15005.81000 -14995.59000 -14998.35000 -14975.97000
-15002.80000 -14984.07000 -15009.23000 -15009.40000 -15001.74000 -14982.24000 -15018.76000 -14968.11000
-14994.93000 -15001.04000 -14981.47000 -15029.22000 -14988.90000 -14989.81000 -15023.95000 -15007.73000
-15005.26000 -14969.27000 -14991.76000 -15010.34000 -14986.46000 -14993.58000 -15026.90000 -15000.66000
-14976.00000 -14991.61000 -15018.02000 -14988.66000 -14990.48000 -15012.01000 -15019.83000 -14991.52000
-14981.32000 -15000.89000 -15020.84000 -14979.08000 -14987.00000 -15051.60000 -15025.55000 -15006.25000
-15012.79000 -14987.16000 -14982.73000 -15006.22000 -15030.63000 -15020.77000 -14975.51000 -14985.97000
-14998.76000 -14981.75000 -14985.38000 -14993.60000 -15004.91000 -15032.66000 -14973.84000 -14983.59000
-15014.10000 -14968.75000 -15001.52000 -15012.37000 -15017.14000 -14990.10000 -15014.63000 -15001.34000
-15007.66000 -14980.24000 -14984.63000 -15010.81000 -15015.46000 -14980.42000 -14987.61000 -14994.57000
-15025.20000 -15004.90000 -14997.17000 -14992.14000 -14984.80000 -14994.12000 -14989.66000 -15004.29000
-15022.92000 -15000.00000 -14993.14000 -14988.97000 -14979.53000 -15023.17000 -14987.01000 -15016.21000
-15012.48000 -15024.73000 -14966.19000 -14988.58000 -15016.66000 -14987.47000 -14988.24000 -14986.37000
-15027.67000 -15027.00000 -15009.96000 -14980.96000 -14981.50000 -14980.42000 -14982.99000 -14998.28000
-14993.38000 -15028.73000 -14990.91000 -14989.07000 -14980.68000 -14990.07000 -14996.49000 -15007.52000
-14991.01000 -15008.46000 -14997.47000 -14987.57000 -15000.98000 -14995.17000 -14988.22000 -15015.27000
-14989.69000 -15010.59000 -14990.81000 -14987.19000 -15009.57000 -14985.26000 -14983.42000 -15028.57000
-15009.14000 -15017.04000 -14989.94000 -14990.71000 -15014.92000 -14984.85000 -14985.66000 -15031.43000
-15009.23000 -15041.65000 -14973.59000 -14996.53000 -15008.52000 -14990.96000 -14975.80000 -14989.58000
-15002.60000 -15035.92000 -14984.37000 -14992.47000 -14988.16000 -14995.29000 -15001.69000 -14998.27000
-15019.59000 -15022.67000 -15008.32000 -14990.11000 -14974.38000 -14984.30000 -14983.72000 -14997.10000
-15009.66000 -15019.20000 -14987.01000 -14997.57000 -14996.30000 -14980.56000 -14977.68000 -15010.29000
-15023.60000 -15038.70000 -14973.25000 -14989.64000 -15003.57000 -15001.23000 -14981.37000 -14980.03000
-15025.44000 -15043.37000 -14996.01000 -14979.80000 -14991.69000 -14981.42000 -14984.09000 -14992.56000
-15041.38000 -15008.57000 -14991.94000 -14979.22000 -15001.33000 -14987.39000 -14994.88000 -15013.77000
-15033.72000 -14998.92000 -15005.76000 -14982.61000 -14989.10000 -14988.48000 -14999.12000 -15022.60000
-15034.80000 -14985.41000 -14978.89000 -15019.96000 -14986.55000 -15005.88000 -14974.63000 -14995.37000
-15033.51000 -15018.82000 -14971.24000 -15003.47000 -14990.41000 -14982.78000 -14986.22000 -15017.30000
-14974.93000 -15021.00000 -14995.24000 -14990.18000 -14983.29000 -15011.22000 -15003.56000 -15030.97000
-14981.67000 -15026.05000 -15016.97000 -15001.69000 -14991.75000 -14981.75000 -15015.68000 -15029.25000
-14983.24000 -15016.55000 -15000.07000 -14996.61000 -14969.12000 -14971.76000 -14964.76000 -14980.35000
-15005.15000 -15014.14000 -14994.07000 -14993.10000 -14987.86000 -15004.88000 -14979.44000 -15014.30000
-15025.37000 -15000.65000 -14996.61000 -15006.68000 -14996.49000 -14991.99000 -14985.38000 -15001.74000
-15015.69000 -15038.52000 -15015.87000 -14998.71000 -14982.38000 -14976.83000 -14986.53000 -14976.53000
-14998.48000 -14981.88000 -14991.97000 -15014.70000 -14999.15000 -14986.61000 -14984.02000 -15037.26000
-14998.33000 -14985.83000 -15017.50000 -14980.99000 -15028.23000 -14985.19000 -14987.71000 -15005.50000
-15001.88000 -14973.40000 -14979.12000 -15004.91000 -15009.08000 -15032.27000 -15001.38000 -15019.41000
-14984.03000 -15017.30000 -14987.51000 -15009.54000 -14993.31000 -15036.15000 -14988.02000 -15034.55000
-15015.70000 -14997.83000 -15021.73000 -14999.91000 -15028.32000 -14976.61000 -14997.97000 -15024.04000
-14983.74000 -14991.41000 -15025.76000 -14995.53000 -15013.84000 -15005.10000 -14995.81000 -14980.47000
-15021.67000 -14992.16000 -14973.35000 -14993.32000 -14974.85000 -15024.12000 -14988.39000 -14986.71000
-15007.79000 -15015.69000 -14990.26000 -15033.17000 -14969.01000 -15001.80000 -14997.11000 -14988.39000
-14980.65000 -15015.51000 -14987.03000 -14988.83000 -15000.03000 -14985.97000 -15029.58000 -15020.01000
-14994.67000 -14996.38000 -15005.81000 -14983.41000 -14991.08000 -14988.35000 -15030.81000 -15007.86000
-14993.80000 -14981.62000 -14979.54000 -14972.15000 -14994.03000 -15008.27000 -14997.52000 -15010.04000
-14989.33000 -15004.28000 -14982.50000 -15003.46000 -14987.22000 -15030.75000 -15000.00000 -15011.24000
-14991.01000 -15031.72000 -14977.57000 -14987.36000 -15040.28000 -14997.82000 -14995.46000 -14994.65000
-14986.17000 -15025.86000 -14982.96000 -14979.02000 -15044.24000 -14985.62000 -14985.88000 -14982.49000
-14975.40000 -15022.90000 -15035.85000 -15000.06000 -15014.75000 -14996.07000 -15001.39000 -15005.79000
-14977.56000 -15008.94000 -15009.10000 -14984.45000 -15018.44000 -14986.40000 -15019.14000 -15006.48000
-14998.42000 -15021.15000 -14996.03000 -15034.90000 -14994.87000 -14987.25000 -14988.36000 -15033.74000
-15005.20000 -15044.25000 -14985.10000 -15007.07000 -14983.18000 -14968.34000 -14978.17000 -14977.70000
-14991.94000 -15027.70000 -14997.87000 -15012.19000 -14960.92000 -14990.19000 -15035.74000 -15000.85000
-14983.02000 -15038.67000 -15013.24000 -14979.79000 -14970.63000 -14977.28000 -15023.17000 -15018.93000
-14987.02000 -14991.55000 -14956.60000 -14986.40000 -14987.29000 -15008.98000 -14986.98000 -15027.17000
-14984.80000 -14997.64000 -14988.81000 -14997.08000 -14991.02000 -15025.81000 -14984.64000 -15013.03000
-15022.76000 -14978.86000 -15001.70000 -14970.99000 -15028.25000 -14983.18000 -14992.08000 -14983.67000
-15014.81000 -14980.83000 -14978.47000 -14979.71000 -15020.24000 -14970.08000 -14997.31000 -14989.85000
-15024.56000 -15017.01000 -14982.47000 -15007.26000 -14979.20000 -14993.01000 -14965.67000 -15023.44000
-15010.91000 -14975.04000 -15018.16000 -15001.02000 -14985.73000 -15003.41000 -14979.36000 -15020.68000
-14992.78000 -15001.59000 -15022.96000 -14998.05000 -14988.56000 -14990.42000 -15001.85000 -15026.78000
-14978.82000 -14998.26000 -15026.81000 -14998.08000 -14979.93000 -14971.14000 -15006.77000 -15028.68000
-14983.67000 -15038.52000 -14986.81000 -15025.24000 -14990.27000 -14991.14000 -14969.79000 -15013.67000
-14988.49000 -15015.87000 -14994.69000 -15025.99000 -14981.43000 -14995.46000 -14980.51000 -14991.03000
-14985.94000 -15024.52000 -14974.60000 -15035.86000 -14991.15000 -14977.21000 -14986.04000 -15012.35000
-14979.96000 -15008.01000 -14997.38000 -15014.45000 -15002.10000 -14981.60000 -14995.84000 -15011.32000
-14993.31000 -15008.65000 -15036.35000 -14968.89000 -14979.23000 -15003.01000 -15007.44000 -14986.10000
-14976.49000 -14991.76000 -15006.68000 -14993.88000 -14982.68000 -14996.77000 -15026.26000 -14970.42000
-14990.91000 -14990.53000 -15000.26000 -15005.20000 -14997.58000 -15015.96000 -14981.12000 -14976.41000
-15007.65000 -15004.84000 -14979.06000 -15019.42000 -14989.45000 -15021.44000 -15004.34000 -14960.16000
-15005.09000 -14988.91000 -14981.48000 -15020.56000 -14999.84000 -14999.21000 -14994.71000 -14976.95000
-14984.42000 -14998.91000 -15008.62000 -15032.98000 -15042.50000 -15012.78000 -14999.60000 -14995.51000
-15010.10000 -14983.46000 -15002.92000 -14991.20000 -15006.14000 -14999.99000 -15026.08000 -14983.29000
-15022.54000 -14984.71000 -15010.44000 -14991.57000 -14988.43000 -14991.49000 -15016.89000 -14976.87000
-14995.90000 -14973.84000 -14984.79000 -15023.79000 -14987.03000 -15003.81000 -14983.27000 -15003.75000
-14998.01000 -14989.65000 -14994.45000 -15012.41000 -15014.12000 -15015.97000 -14989.25000 -15035.80000
-14987.56000 -15014.89000 -14976.69000 -14993.64000 -15004.62000 -14985.74000 -15028.11000 -15064.90000
-14986.93000 -15016.49000 -14990.97000 -14990.48000 -15012.63000 -14978.49000 -14991.80000 -14997.20000
-15022.09000 -15003.55000 -14976.55000 -14995.88000 -14991.98000 -15011.36000 -14973.77000 -15024.94000
-15022.46000 -15039.75000 -14987.45000 -14987.37000 -14985.87000 -14994.12000 -14994.52000 -15006.32000
-15027.59000 -15026.17000 -15001.69000 -14995.98000 -15007.40000 -14984.83000 -14981.05000 -14982.10000
-15027.53000 -15029.99000 -14986.78000 -14973.63000 -15003.88000 -14989.83000 -14981.57000 -14994.04000
-14994.45000 -15012.56000 -15018.11000 -14974.19000 -14985.83000 -14991.16000 -14997.11000 -15003.93000
-14987.64000 -14997.49000 -15011.13000 -15020.57000 -14986.50000 -14986.23000 -14979.13000 -15054.74000
-14983.07000 -15037.52000 -14984.65000 -15037.03000 -14975.78000 -14983.80000 -14993.56000 -15001.11000
-14990.90000 -15024.48000 -14987.93000 -15038.31000 -14983.98000 -14993.79000 -15001.46000 -14989.36000
-14992.89000 -15004.09000 -14997.78000 -15002.59000 -14986.03000 -14992.52000 -15033.61000 -14998.08000
-14976.61000 -15007.55000 -14987.57000 -15008.13000 -15005.26000 -14988.59000 -15031.21000 -15028.13000
-14994.92000 -14995.95000 -15010.06000 -14978.40000 -14980.72000 -15014.19000 -14997.17000 -14985.21000
-14971.73000 -14982.11000 -15027.46000 -14978.28000 -14981.60000 -15006.55000 -15025.95000 -14975.36000
-14982.92000 -15010.32000 -14975.58000 -15031.88000 -15023.65000 -15020.26000 -14986.80000 -14983.91000
-14974.24000 -15017.39000 -14980.36000 -15033.49000 -15032.55000 -14982.96000 -14994.46000 -14972.65000
-15006.16000 -14993.40000 -14997.08000 -14985.85000 -15038.07000 -14995.57000 -15022.99000 -14998.45000
-14993.26000 -14993.45000 -15028.72000 -14986.44000 -15032.09000 -14977.28000 -15010.66000 -15002.25000
-15042.35000 -14998.95000 -15005.50000 -14991.43000 -14985.22000 -15001.51000 -14979.28000 -14990.68000
-15039.46000 -14987.87000 -15016.24000 -14980.90000 -15000.22000 -15025.56000 -14992.98000 -14989.84000
-14979.39000 -14984.59000 -14979.49000 -15001.80000 -15030.44000 -14995.73000 -14984.18000 -15028.31000
-15000.07000 -14992.21000 -15004.99000 -14991.76000 -15029.17000 -14972.25000 -14995.23000 -14998.54000
-14987.11000 -14981.82000 -14985.60000 -14984.59000 -15051.60000 -15012.99000 -14978.91000 -15024.98000
-14990.35000 -15003.32000 -14998.87000 -14983.07000 -15043.13000 -15007.49000 -14983.17000 -14994.35000
-15012.61000 -14993.29000 -15033.40000 -14991.98000 -14982.73000 -14981.92000 -14982.16000 -14979.71000
-15010.23000 -14994.90000 -15017.74000 -15006.54000 -14985.64000 -15002.33000 -14971.66000 -14979.46000
-15032.78000 -14996.85000 -14983.67000 -15023.36000 -14986.76000 -14979.45000 -14984.87000 -15022.43000
-15006.15000 -14992.57000 -15031.83000 -15021.51000 -14973.89000 -14977.80000 -15011.36000 -15026.25000
-14979.28000 -15033.10000 -14981.42000 -15003.46000 -14981.63000 -14997.01000 -14994.47000 -14994.52000
-15005.30000 -15031.04000 -14994.60000 -14983.06000 -14984.08000 -15008.09000 -15039.51000 -15000.13000
-14979.36000 -15000.95000 -15012.89000 -14996.54000 -15020.31000 -15039.47000 -14985.14000 -14987.94000
-14973.92000 -14995.21000 -15035.47000 -15005.65000 -15012.53000 -15054.93000 -15026.18000 -14996.00000
