1.676990287453222095e+00
1.256709982503348977e+00
1.060935805995987913e+00
1.383757472429836710e+00
3.034425133689908463e-06
4.208408833622993561e-01
1.283952528990668140e+00
2.642462283756624730e-01
2.993836344919737283e-02
2.237396400735319410e-02
5.328991345889043663e-01
1.044156531220249384e+01
1.178693481007194714e+04
1.035725187896385791e+01
9.262615908088298045e-02
1.006862935263995951e+00
2.284812035628697657e+01
2.450861021883637747e+01
-6.851637927105552750e-01
1.908728723021740947e+01
1.267680384889686174e+01
2.943238936634699954e+01
-6.822993422974479749e+00
1.945966206958495981e+00
-6.942987993960543669e+00
1.159557762958903027e+01
7.759186956296912463e+00
1.443731416748008733e+01
2.165236673802826672e+01
2.746837708823538726e+00
1.533160994060814986e+01
4.624126210715163943e+00
2.768170665598889357e+01
2.887931696132346815e+01
5.840388830935936859e+00
2.414248973246978025e+01
2.265895067109261873e+01
1.662970858002044139e+01
8.333937349555139207e+00
7.534833405320882527e+00
1.506204328007872406e-01
1.811370321091256841e+01
1.418612998569513906e+01
8.302109815207240118e+00
1.973646482746966768e+01
2.085662639032080534e+01
9.192097705898929050e+00
-2.300259216062828127e+00
2.942036993035095804e+01
1.302627847669435290e+01
1.484452464157087448e+01
1.925281857918104933e+01
9.630687439171115471e+00
2.240265159407403317e+01
2.573245145189224914e+01
1.142868823119331623e+01
1.120572454729960477e+01
-7.489189054779425980e-01
1.968374148125685608e+01
2.806322566964549026e+01
-8.537769823927456869e+00
2.155951393015348927e+01
1.376962927311846663e+01
1.098127813838934941e+01
5.070090138612928676e+00
1.275762722287116446e+01
2.541646563947201898e+01
1.741210537831188176e+01
8.713180690417731356e+00
6.790335998546138896e+00
5.950638907533500443e+00
2.486602743685872952e+01
7.770149676460558652e+00
1.291741931043454450e+01
2.281718912544076616e+01
1.117601583033756363e+01
-2.861060217476596890e+00
2.812586625051416789e+01
8.516130644174241482e+00
3.850206276102885905e+00
9.423202428064874070e+00
1.128462500497311716e+01
2.006976834941823284e+01
1.008801807409755291e+01
1.628819529910453312e+01
1.115303298304469770e+01
1.709345382759704890e+01
2.404827391938151848e+01
1.183969718479611544e+01
4.313845804923146510e+00
5.074884968816614217e-01
-3.865931491343537196e-01
2.013840040401754550e+01
2.025571748967268704e+01
2.527150123614274335e+01
5.843155421353537271e+00
1.049045432062138294e+00
2.409722662627342160e+01
-1.032072545467940694e+00
2.366202733489269505e+01
1.613376919039770030e+01
2.046227248443819136e+01
1.578658446379006364e+01
1.643789711421786848e+01
-9.133379962459910573e+00
2.325040577174453915e+01
9.586136335915849571e+00
6.900621162100291361e-02
2.529728574941541552e+01
2.262864022447523027e+01
1.547987395158096824e+01
1.881635882534466475e+01
1.705609234565159582e+01
1.028271214065835437e+01
6.687586734191214077e+00
7.537232639251063127e+00
1.867906003044444319e+01
2.082931490391978002e+01
1.331672615254321101e+01
9.568292205765310143e+00
-1.533812659959912672e+00
1.184028846212228814e+01
1.331130540316865840e+01
1.367245927931150717e+01
1.012512671490958382e+01
2.266537870106588315e+01
1.861129483278718855e+00
2.735174666870025817e+01
1.491754127401395813e+01
1.361643099936207335e+01
2.533548573546089866e+00
3.892283990484614264e+00
9.888135019572359852e+00
1.139774768056815901e+01
5.730713990975896621e+00
-8.406045216243123175e-01
4.956250347276153434e+00
8.380401495852467519e+00
8.842529517767484748e+00
2.062555985495353283e+01
7.915033709104270621e+00
1.239228766569869400e+01
1.462788453210587214e+01
1.651995892223944651e+01
1.168564530090232445e+01
1.461564351978599419e+01
1.774023475797113036e+01
4.899092015103702735e+00
4.124626049996664712e+00
2.656026646043799389e+01
-3.027570352510069451e+00
2.509261682060837728e+01
8.008036518953844052e+00
1.017497032846282679e+01
2.149317942002696213e+01
-1.932395256701181951e+00
2.601391740007340658e+01
2.053101289583225864e+01
1.857998907374707542e+01
3.363950983307507414e+01
1.810875084972271765e+01
2.646031068004672804e+01
1.570425473891690693e+01
1.898139227026391396e+01
2.667607137954550112e+01
5.400992744943279078e+00
2.210389104638687385e+01
2.157438968784432731e+01
1.373658782616980378e+00
3.192162520059500608e+01
1.586593217711568293e+01
2.831281902250036353e+01
1.823401960755321483e+01
1.745231712366327415e+01
3.328867501945162122e+00
1.919126188000651467e+01
1.030548294401402565e+01
9.456730699288000253e+00
3.687275469652404603e-01
1.299496152109626124e+01
1.848375646650743320e+01
1.751604969273092394e+01
1.174529309468583804e+01
9.220618886153024718e+00
2.325280140409410379e+01
1.511224337048134991e+01
8.258900408084871358e+00
6.379001831651116561e+00
-6.591474774866364905e-01
-4.186140645190443266e+00
-3.576043026410413717e+00
1.730534776357623628e+01
1.206124417476613253e+01
2.692404721697844394e+00
-4.383474580982651969e-01
3.211703323111336061e+01
1.014212297913421956e+01
1.750252000384364237e+01
1.939424627770074849e+01
1.008539681783766717e+01
-1.355559318649931511e-01
1.524333769562872476e+01
2.903922887346252590e+00
9.358066107877595741e+00
6.546975270518065493e+00
3.247500128485265947e+01
2.622281885240652866e+00
9.512903406761433089e+00
-6.341016647258833627e-01
5.552425110912468931e+00
-8.240433597680565825e+00
3.005303771674550539e+00
3.080259965760061647e+01
2.164155392231954522e+01
6.904957346497402781e+00
1.040665486966575770e+01
2.312997583930145495e+01
-7.119423960126998630e+00
-1.271273444812838438e+00
2.205350568425827618e+01
1.458756437841595321e+01
1.902602373419117399e+01
2.271517909309147143e+01
7.232575005638149257e+00
2.724327701241688260e+01
1.743053525466902798e+01
2.378956580402378052e+01
1.446083356215564564e+01
8.682339879114291392e+00
1.685454753174781928e+01
2.027658595318174406e+01
-5.187285185127317177e-01
2.278753423982274384e+01
7.202886783496010636e+00
1.862451114954563636e+01
2.072804340396380240e+01
1.235007475638381713e+01
3.113108925111592029e+01
9.620488363088238515e+00
1.077239937552124260e+01
1.105272854248649850e+01
1.953280711439527906e+01
2.110378665764735828e+01
1.762634401585561505e+01
6.613657703977246172e+00
1.564473606095589986e+01
8.884346463950702599e+00
9.142928111888243947e+00
-3.823162984104325535e+00
1.733261787259681697e+01
1.915887959570184762e+01
4.662488583883684257e+00
1.128679638619656522e+01
4.615701193188527895e+00
5.153638930919067995e+00
1.576032684912800441e+01
-2.914236910394334412e+00
4.473526639532082960e+00
7.252290281677804096e+00
2.869192609588657561e+01
1.072735969780098486e+01
1.994110460123541539e+00
2.305377084758035267e+01
1.489463295868967974e+00
1.154103839015743205e+01
-4.332143088115003593e+00
1.564805402633719478e+00
-5.601180206350377944e-01
1.297012418070850259e+01
7.647023887399750031e+00
2.298786520618688201e+01
2.954762194776008766e+00
7.112704105658441911e+00
1.278738281876364269e+01
-4.837293538218609967e+00
8.588999674608857049e+00
-3.488607846654402600e+00
2.229530691501651418e+01
7.529037223796808398e+00
6.144285970123709362e+00
1.393667376240651734e+01
5.673103119150963103e+00
2.078422300767399022e+01
2.578981284513355732e+01
1.950045715037757788e+01
-8.356468114665737801e+00
3.213932520882356592e+00
-1.098728428145061820e+01
1.840101349351597548e+01
1.692750986533083335e+01
1.167174828819858590e+01
1.300724706849960910e+01
-7.040344658054986660e-01
1.257975532083889192e+01
2.801178372628358559e+01
-5.689898958445803956e+00
9.998596360668585703e+00
8.108016140314253661e+00
1.935238548526396940e+01
6.541332687894430009e+00
2.133718177643370950e+01
1.717679459079224102e+01
5.962467595260688924e+00
2.120594620363663907e+01
1.057906970088568954e+01
1.090419603748652300e+01
2.006870445827870597e+01
1.750634493437519623e+01
4.435159791878374724e-01
2.518225156338581883e+01
4.611542200187220608e+00
3.039869247289115961e+01
2.876659285854633552e+01
9.388802273281848798e+00
2.101934515704213524e+01
1.462911213629364582e+01
1.160363848638034945e+01
1.122121595729300658e+01
1.716017394700511289e+01
5.321332171851627990e+00
1.728598688930496152e+01
1.851124359478582093e+01
6.028741838352253524e+00
7.330016250220650065e+00
1.844581036333551527e+00
3.094305346374306254e+01
1.138193065676508375e+01
1.424977635252330188e+01
2.633357675452258917e+01
1.782861724144719062e+01
2.482100539661432848e+01
3.357665962591958930e+01
3.213325991978302199e+01
1.338720829759341591e+01
1.699845099477921906e+01
1.904123104263010902e+01
2.751154929883352196e+01
1.238709215929143070e+00
-5.860667018215295343e+00
1.674174610047126066e+01
1.908704294293153225e+01
7.144479068369148145e+00
9.051891106440439927e+00
1.150186542823868407e+01
2.804316247330149636e+01
-1.157537328442507896e+00
2.071989823762073257e+01
1.512026190873666032e+01
1.731609116219585331e+01
1.582777835307839531e+01
-7.653897675678415169e+00
1.056728523889028359e+01
4.661868489288079509e+00
1.389823810451184549e+01
-3.109079116637710527e+00
-8.073923280441366757e+00
1.899777197513018479e+01
2.565160709677511974e+01
1.519864017097271969e+01
1.170580349562151845e+01
8.898162311667830338e+00
1.560243052941128750e-01
2.191515580475252634e+01
-5.128445678445816114e+00
1.389445138481591258e+01
7.180541479725990328e+00
1.921318646975276678e+01
1.198945835368301260e+01
1.663387241695883390e+01
4.168452677229280923e+00
1.155363723206245830e+01
1.284369225301484541e+01
8.429807911651012731e+00
2.498385887746628597e+01
1.640668242403056354e+01
1.308648092961201215e+01
4.855340761734662003e+00
3.356404129270039505e+01
1.946944809479929361e+01
1.992692474538799718e+00
1.978550391517064000e+01
1.401007443043454082e+01
-4.624994058632895033e+00
8.726955863285571269e+00
1.984859311064859355e+01
1.569929225137035012e+01
1.677654460556500027e+01
9.575302726002556497e+00
1.724722602241606850e+01
2.868544987992998685e+01
8.135223084969931406e+00
6.176674986841613979e+00
1.770899820033431737e+01
5.714822550270741708e+00
1.619093022673148496e+01
6.582484080812181837e+00
2.459369203449579189e+01
2.078391678626995187e+01
1.283415370056834259e+00
1.685065132918117925e+01
-5.001228133332180192e+00
-2.508468559882977456e+00
8.530825170571761262e+00
1.042462029709895077e+01
1.142315950132010371e+01
2.160313639888001092e+01
2.909416107053173306e+01
2.246586751763364376e+01
2.200936836553529119e+01
7.622707258923742124e+00
2.143979835297437742e+00
9.266682898319029249e+00
1.963808949213910537e+01
-8.810472214004002600e-01
1.125562901177147168e+01
