1.850711549999999983e+00
3.072911799999999971e-01
1.489633130000000083e+00
4.483516499999999905e-01
1.469999999999999902e-06
8.661237400000000308e-01
1.263094060000000018e+00
8.909609000000000278e-02
8.685069999999999596e-03
9.308989999999999626e-03
5.713083199999999806e-01
3.979399460000000222e+00
2.327506837793000159e+04
4.674107109999999565e+00
5.225969999999999921e-03
6.715420340999999382e+01
-1.738475540800000090e+02
5.092165153999999916e+01
-8.292479034999999499e+01
-1.300828016099999900e+02
1.610086375299999872e+02
9.561822363999999652e+01
-9.426000222000000406e+01
9.901729885999999681e+01
-1.178851400100000006e+02
1.019726096600000034e+02
-3.436536770000000018e+01
9.435108501000000558e+01
-4.795386556999999783e+01
-1.970056111700000088e+02
-1.416199955900000020e+02
-4.447576660000000004e+01
4.069168177000000242e+01
-1.664742835799999909e+02
7.794638381999999410e+01
-6.861489842999999667e+01
-1.883944304100000124e+02
-1.618575486299999966e+02
1.577693529899999874e+02
1.823051330700000108e+02
1.835152370499999961e+02
1.148388223200000056e+02
-5.736439723000000157e+01
-3.941487848999999954e+01
1.516093294300000025e+02
-1.925109031499999901e+02
1.925165010400000085e+02
7.944206830999999625e+01
-7.696429906000000187e+01
7.934056087000000446e+01
-2.289913457000000108e+01
-3.334472311999999761e+01
1.692924216099999910e+02
1.531993926199999976e+02
-1.431726799099999994e+02
-2.983320150999999854e+01
-1.685311015999999995e+02
1.201130030700000049e+02
-1.516247895600000106e+02
3.042733816999999874e+01
1.809610800700000084e+02
-1.455845253500000069e+02
-4.875169523999999655e+01
5.161737607999999966e+01
-9.592546572000000538e+01
-4.760885196000000263e+01
1.101329913299999959e+02
1.200454192499999948e+02
9.280325388999999348e+01
5.955074060000000280e+00
-1.807835510000000090e+00
-4.857882199000000156e+01
-1.487891350200000034e+02
1.842903765799999860e+02
-1.566296014300000081e+02
1.501571212700000046e+02
-3.080464110000000133e+01
2.291871066999999940e+01
-2.847741037999999847e+01
4.762100274000000155e+01
1.668602809799999989e+02
-1.317598541899999987e+02
-6.893228385000000458e+01
-1.121904407300000059e+02
-1.006514836199999934e+02
-1.975680940599999929e+02
-1.407320494999999916e+01
-1.606026292500000068e+02
4.217318757000000318e+01
-1.729398513099999946e+02
1.092526019999999960e+02
-4.837653547000000032e+01
-1.724123856500000045e+02
1.353842814000000061e+01
3.057698239000000129e+01
9.689173812999999313e+01
-9.865191500000000246e+01
8.181447280999999805e+01
-1.356627676100000031e+02
6.989707894000000010e+01
1.260347078500000038e+02
-1.267692767399999951e+02
6.365112337000000053e+01
-1.309569967000000013e+01
-7.095532194000000459e+01
-1.336883835300000101e+02
9.959895030000000204e+00
1.569001703600000042e+02
-8.894114138000000480e+01
-1.741006174299999998e+02
8.985463851000000091e+01
-1.624983476799999949e+02
-1.867998774799999921e+02
1.272321190300000069e+02
1.139810558500000042e+02
-1.952938248099999896e+02
-4.471904551000000083e+01
1.211830159400000042e+02
-2.639695112000000066e+01
7.040944837000000689e+01
-1.059949545399999948e+02
-1.993948943100000122e+02
2.895259392000000176e+01
1.737037563000000162e+01
-1.914786430000000053e+02
-1.233202859400000051e+02
1.062248865699999953e+02
1.266316409700000065e+02
-9.539105555999999808e+01
-1.549529949100000010e+02
-8.203108139999999437e+00
-1.330950024500000097e+02
1.194130440899999996e+02
1.083580397300000016e+02
-1.900620901800000127e+02
-9.444669353999999828e+01
9.800625958999999909e+01
-1.121340935300000012e+02
-1.453363628600000084e+02
2.204191601000000134e+01
1.269383070699999934e+02
1.992242506800000115e+02
3.104100442000000015e+01
5.404755942999999974e+01
-1.963416673600000024e+02
-1.060717909000000070e+01
3.523174197000000163e+01
-1.864133563999999978e+02
-1.347544587099999944e+02
-9.833431593999999620e+01
-1.988930118099999902e+02
1.276064807099999996e+02
1.335454274399999974e+02
-1.914819281300000000e+02
-1.251038896700000009e+02
-6.117388969999999659e+01
-1.783810610300000121e+02
-1.425088619500000107e+02
-3.302649343000000215e+01
8.436850984999999525e+01
8.437161469999999497e+01
1.617321458600000028e+02
-1.471908537900000056e+02
1.405371218500000055e+02
-7.674944825000000037e+01
-1.071551941599999935e+02
-5.232516255000000172e+01
6.206653915999999782e+01
-1.620721678200000042e+02
-1.334773470499999917e+02
-1.102463859000000035e+01
4.381813819999999993e+01
1.038608487700000040e+02
-2.448634042999999849e+01
7.610441439999999602e+01
-7.091415969999999902e+01
1.193288673299999942e+02
1.969773613899999987e+02
-1.578446067799999923e+02
9.736295398000000034e+01
-4.440829669000000024e+01
-2.861130300000000126e+00
-6.935147200000000112e+01
5.579164315999999957e+01
5.351102217999999766e+01
1.377491917000000115e+02
2.440460752999999983e+01
1.410304602299999885e+02
1.657222356000000119e+01
-1.220827372100000048e+02
-1.316044016000000028e+01
1.741538006300000063e+02
1.558899813999999928e+01
3.585760599000000326e+01
2.698483643999999870e+01
7.097970094000000074e+01
-5.871693556999999686e+01
7.678826089000000366e+01
1.074520588000000032e+01
-1.171431665100000004e+02
1.958117683099999908e+02
4.829727847000000196e+01
1.412696140000000078e+01
-4.558979328000000208e+01
1.314017510900000048e+02
-1.254055759000000023e+02
-7.339252830000000394e+00
1.294564358700000071e+02
-5.577393009000000035e+01
4.723785634000000044e+01
8.262750361999999882e+01
1.540352449000000057e+01
-1.821776767499999892e+02
8.734132069000000342e+01
-1.468723031000000105e+02
1.316860955799999999e+02
1.360091838099999961e+02
1.177273111399999976e+02
4.172943584000000072e+01
-8.557813315999999304e+01
1.341384789500000068e+02
-6.281807684999999708e+01
-4.897215941000000328e+01
2.766631800000000041e+01
2.460951614000000021e+01
7.195605564999999615e+01
9.057007548999999358e+01
-7.923555204999999546e+01
-1.008326333400000010e+02
1.331938889099999983e+02
-6.457136368000000459e+01
4.529563914999999952e+01
-6.919430932000000212e+01
-3.897697911000000204e+01
7.830906763000000126e+01
-1.806763881299999923e+02
1.372604334400000141e+02
9.532739682000000414e+01
-1.517830524599999933e+02
9.706432073999999943e+01
1.560530999400000098e+02
-1.680822984600000041e+02
-1.174771095999999915e+01
-6.660878273999999521e+01
-8.071932203000000072e+01
-1.389909555000000125e+02
1.715894459799999936e+02
3.205523334000000091e+01
8.445686459999999229e+00
2.529204889999999928e+00
-7.500647266999999374e+01
9.250909572000000480e+01
1.100191208800000027e+02
6.242255544999999728e+01
1.873946280899999977e+02
8.066036981999999966e+01
-1.646278091800000141e+02
-7.775633994999999743e+01
1.293871706099999983e+02
6.168377622999999943e+01
-8.240966971000000285e+01
-5.715957423999999776e+01
2.363892616000000046e+01
1.186922551600000020e+02
-1.176518186299999940e+02
-1.705836569999999996e+00
5.399884156000000246e+01
-6.865105038000000093e+01
1.664556283999999948e+02
-8.310996398999999712e+01
1.647191711700000099e+02
1.157200246200000038e+02
-1.641448082199999874e+02
-1.074898403699999960e+02
5.931720760000000325e+01
1.871770215999999891e+02
-1.248877115199999963e+02
-1.211660917100000034e+02
-1.215319048599999974e+02
-1.661377299700000094e+02
3.528502818999999846e+01
-3.848077060000000049e+00
-6.390260733000000215e+01
-1.692640642000000071e+02
1.222720204400000057e+02
1.163732559400000071e+02
-7.999230832000000646e+01
-7.971828953000000695e+01
5.830362281000000024e+01
-1.418318875100000014e+02
1.016853947400000067e+02
-7.209036100000000280e-01
1.680264810600000089e+02
-7.196479112999999472e+01
1.178538420400000035e+02
-2.147777640000000154e+00
3.671847951000000165e+01
8.762850462000000107e+01
-1.648585730199999944e+02
1.057196714399999991e+02
1.108323544900000002e+02
1.167587416199999950e+02
-9.483190765000000511e+01
1.648580233499999963e+02
1.783388482100000090e+02
9.130888882000000706e+01
8.936351059999999791e+01
-9.643707544999999470e+01
-6.222748528000000334e+01
-5.380160298999999924e+01
-1.397933465700000113e+02
1.774965955000000051e+01
-2.803157360000000153e+00
1.947048906400000021e+02
-9.204196722999999736e+01
5.037244868999999881e+01
1.739123002100000122e+02
6.663658850999999572e+01
-5.125932636999999659e+01
-1.629061306000000116e+02
-1.160643135100000052e+02
1.807466277100000127e+02
-6.281046827000000121e+01
6.257748469999999941e+01
-3.842612321000000009e+01
3.554022533999999922e+01
-1.470824294599999860e+02
-2.118552448999999882e+01
-8.473213776999999425e+01
2.977392757999999873e+01
5.842271806000000112e+01
1.420610571699999980e+02
9.522565926000000047e+01
1.839402714599999911e+02
-2.852316675999999873e+01
-3.003409978999999908e+01
-1.663676194999999893e+02
1.048126199999999919e+01
-1.838312028599999906e+02
6.142322115000000338e+01
5.887741616000000278e+01
1.878228312999999972e+01
-1.408071612900000105e+02
-9.814922891999999877e+01
-1.773393013499999995e+02
2.302739930999999984e+01
1.776360885299999950e+02
1.583655965499999922e+02
-9.084399598999999625e+01
-1.273398893399999992e+02
1.316774500200000091e+02
1.451822578599999929e+02
7.699079120999999759e+01
-1.351084160499999882e+02
-6.517905462999999600e+01
1.224073288200000036e+02
-1.818104861699999901e+02
1.288077080799999976e+02
-1.475406349799999930e+02
-4.351950510000000349e+01
-4.294451223000000084e+01
7.321593771999999944e+01
1.073836656900000008e+02
-1.122736408800000021e+02
1.425893503700000053e+02
1.872831017299999985e+02
3.546830532999999974e+01
1.712605519100000038e+02
-1.995270988999999986e+02
-4.935559078000000000e+01
6.429034468999999774e+01
-1.265373535300000043e+02
3.317962947000000185e+01
-1.004735607399999964e+02
-4.607206596000000332e+01
7.211510072999999466e+01
1.107955116899999979e+02
-1.541554537199999970e+02
-9.756592691999999545e+01
-6.923617273000000694e+01
-1.474259123900000077e+02
1.512314192300000002e+02
2.874818408999999875e+01
-8.709785359999999343e+01
1.743070615299999986e+02
-2.565302653999999904e+01
-2.952723896999999909e+01
-3.018735103999999936e+01
-7.809471834999999373e+01
6.253125488999999959e+01
-1.437319114199999888e+02
-8.159072528000000091e+01
-1.196811276000000035e+01
5.472661097999999669e+01
1.085973970400000042e+02
3.536474179999999912e+00
1.750423260000000028e+02
8.348564584000000366e+01
3.676225673999999799e+01
-1.973009243799999979e+02
3.593281540000000263e+01
1.850339934300000095e+02
-7.443887153999999384e+01
1.199468919100000051e+02
1.970950038999999876e+01
4.285014519999999827e+00
-3.973295046999999869e+01
-1.727421424400000092e+02
1.144830911000000029e+01
-6.116479203000000098e+01
-1.891635637200000133e+02
3.174713159999999945e+01
2.361576129999999907e+01
-1.836640137599999889e+02
2.957067447000000016e+01
