1.00
2928.64
2928.64
2928.64
2936.75
2936.75
2936.75
2936.75
2936.75
2936.75
2936.75
2936.75
2936.75
2936.75
2936.75
2936.75
2936.75
2936.75
2936.75
2936.75
2936.75
2936.75
2936.75
2932.08
2932.08
2932.08
2932.08
2932.08
2932.08
2932.08
2932.08
2932.08
2932.08
2932.08
2932.08
2946.33
2946.33
2946.33
2946.33
2946.33
2946.33
2946.33
2946.33
2946.33
2946.33
2946.33
2940.94
2940.94
2940.94
2940.94
2940.94
2940.94
2940.94
2940.94
2940.94
2940.94
2940.94
2940.94
2940.94
2940.94
2940.94
2940.94
2940.94
2940.94
2940.94
2940.94
2940.94
2940.94
2940.94
2940.94
2940.94
2940.94
2940.94
2940.94
2940.94
2940.94
2940.94
2940.94
2940.94
2940.94
2940.94
2940.94
2940.94
2940.94
2940.94
2940.94
2940.94
2940.94
2940.94
2940.94
2940.94
2940.94
2940.94
2940.94
2940.94
2940.94
2940.94
2940.94
2940.94
2940.94
2940.94
2940.94
2940.94
2940.94
2940.94
2940.94
2940.94
2928.59
2928.59
2928.59
2928.59
2928.59
2928.59
2928.59
2928.59
2928.59
2928.59
2928.59
2940.42
2940.42
2940.42
2940.42
2940.42
2940.42
2940.42
2940.42
2940.42
2940.42
2940.42
2940.42
2940.42
2940.42
2940.42
2940.42
2940.42
2940.42
2940.42
2940.42
2940.42
2940.42
2940.42
2940.42
2940.42
2940.42
2940.42
2940.42
2940.42
2940.42
2940.42
2940.42
2940.42
2940.42
2940.42
2940.42
2940.42
2940.42
2940.42
2940.42
2940.42
2940.42
2940.42
2940.42
2940.42
2940.42
2940.42
2940.42
2940.42
2940.42
2940.42
2940.42
2940.42
2940.42
2940.42
2940.42
2940.42
2940.42
2940.42
2940.42
2940.42
2940.42
2940.42
2940.42
2940.42
2940.42
2940.42
2940.42
2940.42
2940.42
2940.42
2940.42
2940.42
2940.42
2940.42
2940.42
