1.00
2948.05
2928.67
2928.67
2928.67
2928.67
2928.67
2928.67
2928.67
2928.67
2928.67
2928.67
2928.67
2928.67
2928.67
2928.67
2928.67
2928.67
2928.67
2928.67
2928.67
2928.67
2928.67
2928.67
2928.67
2928.67
2928.67
2928.67
2928.67
2928.67
2928.67
2928.67
2928.67
2928.67
2928.67
2928.67
2928.67
2928.67
2928.67
2928.67
2928.67
2928.67
2928.67
2928.67
2928.67
2928.67
2928.67
2928.67
2928.67
2928.67
2928.67
2928.67
2928.67
2928.67
2928.67
2928.67
2928.67
2928.67
2928.67
2928.67
2928.67
2928.67
2928.67
2938.89
2938.89
2938.89
2938.89
2938.89
2938.89
2938.89
2938.89
2938.89
2938.89
2938.89
2938.89
2938.89
2938.89
2938.89
2938.89
2938.89
2938.89
2938.89
2938.89
2938.89
2938.89
2938.89
2938.89
2938.89
2938.89
2938.89
2938.89
2938.89
2938.89
2938.89
2938.89
2938.89
2938.89
2938.89
2938.89
2938.89
2938.89
2938.89
2938.89
2938.89
2938.89
2938.89
2938.89
2938.89
2938.89
2938.89
2938.89
2938.89
2938.89
2938.89
2938.89
2938.89
2938.89
2938.89
2938.89
2938.89
2938.89
2938.89
2938.89
2938.89
2938.89
2938.89
2938.89
2938.89
2938.89
2938.89
2938.89
2938.89
2938.89
2938.89
2938.89
2938.89
2938.89
2938.89
2938.89
2938.89
2938.89
2938.89
2938.89
2938.89
2938.89
2938.89
2938.89
2938.89
2938.89
2938.89
2938.89
2938.89
2938.89
2938.89
2938.89
2938.89
2938.89
2938.89
2938.89
2938.89
2938.89
2938.89
2938.89
2938.89
2938.89
2938.89
2938.89
2938.89
2938.89
2938.89
2938.89
2938.89
2938.89
2938.89
2938.89
2938.89
2938.89
2938.89
2938.89
2938.89
2938.89
2938.89
2938.89
2938.89
2938.89
2938.89
2938.89
2938.89
2938.89
2938.89
2938.89
2938.89
2938.89
