2921.87
2921.87
2921.87
2921.87
2921.87
2921.87
2921.87
2921.87
2921.87
2921.87
2921.87
2921.87
2921.87
2921.87
2921.87
2921.87
2921.87
2921.87
2921.87
2921.87
2921.87
2921.87
2921.87
2921.87
2921.87
2921.87
2927.73
2927.73
2927.73
2927.73
2927.73
2927.73
2927.73
2927.73
2927.73
2927.73
2927.73
2927.73
2927.73
2927.73
2927.73
2927.73
2937.32
2937.32
2937.32
2937.32
2937.32
2937.32
2937.32
2937.32
2937.32
2937.32
2937.32
2937.32
2937.32
2937.32
2937.32
2937.32
2937.32
2937.32
2937.32
2937.32
2937.32
2937.32
2937.32
2937.32
2937.32
2937.32
2937.32
2937.32
2937.32
2937.32
2937.32
2937.32
2937.32
2937.32
2937.32
2937.32
2937.32
2937.32
2937.32
2937.32
2937.32
2937.32
2937.32
2937.32
2937.32
2937.32
2937.32
2937.32
2937.32
2937.32
2937.32
2937.32
2937.32
2937.32
2937.32
2937.32
2937.32
2937.32
2937.32
2937.32
2937.32
2937.32
2937.32
2937.32
2937.32
2937.32
2937.32
2937.32
2937.32
2937.32
2937.32
2937.32
2937.32
2937.32
2937.32
2937.32
2937.32
2937.32
2937.32
2937.32
2937.32
2937.32
2937.32
2937.32
2937.32
2937.32
2937.32
2937.32
2937.32
2937.32
2937.32
2937.32
2937.32
2937.32
2937.32
2937.32
2937.32
2937.32
2937.32
2937.32
2937.32
2937.32
2937.32
2937.32
2937.32
2937.32
2937.32
2937.32
2937.32
2937.32
2937.32
2937.32
2937.32
2937.32
2937.32
2937.32
2937.32
2937.32
2937.32
2937.32
2937.32
2937.32
2937.32
2937.32
2937.32
2937.32
2937.32
2937.32
2937.32
2937.32
2937.32
2937.32
2937.32
2937.32
2937.32
2937.32
2937.32
2937.32
2937.32
2937.32
2937.32
2937.32
2937.32
2937.32
2937.32
2937.32
2937.32
2937.32
2937.32
2937.32
