1.00
2936.03
2936.03
2936.03
2936.03
2936.03
2928.05
2929.48
2929.48
2929.48
2929.48
2929.48
2929.48
2932.21
2932.21
2932.21
2932.21
2932.21
2917.06
2917.06
2917.06
2917.06
2917.06
2917.06
2917.06
2917.06
2917.06
2917.06
2924.48
2924.48
2924.48
2924.48
2924.48
2924.48
2924.48
2924.48
2924.48
2924.48
2924.48
2924.48
2924.48
2924.48
2924.48
2924.48
2924.48
2924.48
2924.48
2924.48
2924.48
2924.48
2924.48
2924.48
2924.48
2924.48
2924.48
2924.48
2924.48
2924.48
2924.48
2924.48
2924.48
2924.48
2924.48
2924.48
2924.48
2924.48
2924.48
2924.48
2924.48
2924.48
2924.48
2924.48
2924.48
2924.48
2924.48
2924.48
2924.48
2924.48
2924.48
2924.48
2924.48
2924.48
2924.48
2924.48
2924.48
2924.48
2924.48
2924.48
2924.48
2924.48
2924.48
2924.48
2924.48
2924.48
2924.48
2924.48
2924.48
2924.48
2924.48
2924.48
2924.48
2924.48
2924.48
2924.48
2924.48
2924.48
2924.48
2924.48
2924.48
2924.48
2924.48
2924.48
2924.48
2924.48
2924.48
2924.48
2924.48
2924.48
2924.48
2924.48
2924.48
2924.48
2924.48
2924.48
2924.48
2924.48
2924.48
2924.48
2924.48
2924.48
2924.48
2924.48
2924.48
2924.48
2924.48
2924.48
2924.48
2924.48
2924.48
2924.48
2924.48
2924.48
2924.48
2924.48
2924.48
2924.48
2924.48
2924.48
2924.48
2924.48
2924.48
2924.48
2924.48
2924.48
2924.48
2924.48
2924.48
2924.48
2924.48
2924.48
2924.48
2924.48
2924.48
2924.48
2924.48
2924.48
2924.48
2924.48
2924.48
2924.48
2924.48
2924.48
2924.48
2924.48
2924.48
2924.48
2924.48
2924.48
2924.48
2924.48
2924.48
2924.48
2924.48
2924.48
2924.48
2924.48
2924.48
2924.48
2924.48
2924.48
2924.48
2924.48
2924.48
