4.681499999999999773e+02
4.681499999999999773e+02
4.681499999999999773e+02
4.681499999999999773e+02
4.681499999999999773e+02
4.681499999999999773e+02
4.681499999999999773e+02
4.681499999999999773e+02
4.681499999999999773e+02
4.681499999999999773e+02
4.681499999999999773e+02
4.681499999999999773e+02
4.681499999999999773e+02
4.681499999999999773e+02
4.681499999999999773e+02
4.681499999999999773e+02
4.681499999999999773e+02
4.681499999999999773e+02
4.684900000000000091e+02
4.684900000000000091e+02
4.684900000000000091e+02
4.684900000000000091e+02
4.673299999999999841e+02
4.673299999999999841e+02
4.673299999999999841e+02
4.673299999999999841e+02
4.668799999999999955e+02
4.668799999999999955e+02
4.668799999999999955e+02
4.668799999999999955e+02
4.668799999999999955e+02
4.668799999999999955e+02
4.668799999999999955e+02
4.668799999999999955e+02
4.668799999999999955e+02
4.668799999999999955e+02
4.668799999999999955e+02
4.668799999999999955e+02
4.668799999999999955e+02
4.668799999999999955e+02
4.668799999999999955e+02
4.668799999999999955e+02
4.668799999999999955e+02
4.668799999999999955e+02
4.668799999999999955e+02
4.668799999999999955e+02
4.668799999999999955e+02
4.668799999999999955e+02
4.668799999999999955e+02
4.668799999999999955e+02
4.759399999999999977e+02
4.759399999999999977e+02
4.759399999999999977e+02
4.759399999999999977e+02
4.759399999999999977e+02
4.759399999999999977e+02
4.759399999999999977e+02
4.759399999999999977e+02
4.759399999999999977e+02
4.759399999999999977e+02
4.759399999999999977e+02
4.759399999999999977e+02
4.759399999999999977e+02
4.759399999999999977e+02
4.759399999999999977e+02
4.759399999999999977e+02
4.759399999999999977e+02
4.759399999999999977e+02
4.759399999999999977e+02
4.759399999999999977e+02
4.759399999999999977e+02
4.781600000000000250e+02
4.781600000000000250e+02
4.781600000000000250e+02
4.781600000000000250e+02
4.721200000000000045e+02
4.721200000000000045e+02
4.721200000000000045e+02
4.721200000000000045e+02
4.721200000000000045e+02
4.721200000000000045e+02
4.721200000000000045e+02
4.721200000000000045e+02
4.721200000000000045e+02
4.721200000000000045e+02
4.721200000000000045e+02
4.721200000000000045e+02
4.792300000000000182e+02
4.792300000000000182e+02
4.792300000000000182e+02
4.792300000000000182e+02
4.792300000000000182e+02
4.792300000000000182e+02
4.792300000000000182e+02
4.792300000000000182e+02
4.792300000000000182e+02
4.792300000000000182e+02
4.792300000000000182e+02
4.792300000000000182e+02
4.792300000000000182e+02
4.792300000000000182e+02
4.792300000000000182e+02
4.792300000000000182e+02
4.792300000000000182e+02
4.792300000000000182e+02
4.792300000000000182e+02
4.792300000000000182e+02
4.792300000000000182e+02
4.792300000000000182e+02
4.792300000000000182e+02
4.792300000000000182e+02
4.792300000000000182e+02
4.792300000000000182e+02
4.792300000000000182e+02
4.792300000000000182e+02
4.792300000000000182e+02
4.792300000000000182e+02
4.792300000000000182e+02
4.792300000000000182e+02
4.792300000000000182e+02
4.792300000000000182e+02
4.792300000000000182e+02
4.792300000000000182e+02
4.792300000000000182e+02
4.792300000000000182e+02
4.792300000000000182e+02
4.792300000000000182e+02
4.792300000000000182e+02
4.792300000000000182e+02
4.792300000000000182e+02
4.792300000000000182e+02
4.792300000000000182e+02
4.792300000000000182e+02
4.792300000000000182e+02
4.792300000000000182e+02
4.792300000000000182e+02
4.792300000000000182e+02
4.792300000000000182e+02
4.792300000000000182e+02
4.792300000000000182e+02
4.792300000000000182e+02
4.792300000000000182e+02
4.792300000000000182e+02
4.792300000000000182e+02
4.792300000000000182e+02
4.792300000000000182e+02
4.792300000000000182e+02
4.792300000000000182e+02
4.792300000000000182e+02
4.792300000000000182e+02
4.792300000000000182e+02
4.792300000000000182e+02
4.792300000000000182e+02
4.792300000000000182e+02
4.792300000000000182e+02
4.792300000000000182e+02
4.792300000000000182e+02
4.792300000000000182e+02
4.792300000000000182e+02
4.792300000000000182e+02
4.792300000000000182e+02
4.792300000000000182e+02
4.792300000000000182e+02
4.792300000000000182e+02
4.792300000000000182e+02
4.792300000000000182e+02
4.792300000000000182e+02
4.792300000000000182e+02
4.792300000000000182e+02
4.792300000000000182e+02
4.792300000000000182e+02
4.792300000000000182e+02
4.792300000000000182e+02
4.792300000000000182e+02
4.792300000000000182e+02
4.792300000000000182e+02
4.792300000000000182e+02
4.792300000000000182e+02
4.792300000000000182e+02
4.792300000000000182e+02
4.792300000000000182e+02
4.792300000000000182e+02
4.792300000000000182e+02
4.792300000000000182e+02
4.792300000000000182e+02
4.792300000000000182e+02
4.792300000000000182e+02
4.792300000000000182e+02
4.792300000000000182e+02
4.792300000000000182e+02
4.792300000000000182e+02
4.792300000000000182e+02
4.792300000000000182e+02
4.792300000000000182e+02
4.792300000000000182e+02
4.792300000000000182e+02
4.792300000000000182e+02
4.792300000000000182e+02
4.792300000000000182e+02
4.792300000000000182e+02
4.792300000000000182e+02
4.792300000000000182e+02
4.792300000000000182e+02
4.792300000000000182e+02
4.792300000000000182e+02
4.792300000000000182e+02
4.792300000000000182e+02
4.792300000000000182e+02
4.792300000000000182e+02
4.592500000000000000e+02
4.592500000000000000e+02
4.592500000000000000e+02
4.592500000000000000e+02
4.592500000000000000e+02
4.592500000000000000e+02
4.592500000000000000e+02
4.592500000000000000e+02
4.592500000000000000e+02
4.592500000000000000e+02
4.592500000000000000e+02
4.719399999999999977e+02
4.719399999999999977e+02
4.719399999999999977e+02
4.719399999999999977e+02
4.719399999999999977e+02
4.719399999999999977e+02
4.719399999999999977e+02
4.719399999999999977e+02
4.719399999999999977e+02
4.719399999999999977e+02
4.719399999999999977e+02
4.719399999999999977e+02
4.719399999999999977e+02
4.719399999999999977e+02
4.719399999999999977e+02
4.719399999999999977e+02
4.719399999999999977e+02
4.719399999999999977e+02
4.719399999999999977e+02
4.719399999999999977e+02
4.719399999999999977e+02
4.719399999999999977e+02
4.719399999999999977e+02
4.719399999999999977e+02
4.719399999999999977e+02
4.719399999999999977e+02
4.719399999999999977e+02
4.719399999999999977e+02
4.719399999999999977e+02
4.719399999999999977e+02
4.719399999999999977e+02
4.719399999999999977e+02
4.719399999999999977e+02
4.726100000000000136e+02
4.726100000000000136e+02
4.726100000000000136e+02
4.726100000000000136e+02
4.726100000000000136e+02
4.726100000000000136e+02
4.726100000000000136e+02
4.726100000000000136e+02
4.726100000000000136e+02
4.726100000000000136e+02
4.726100000000000136e+02
4.726100000000000136e+02
4.726100000000000136e+02
4.726100000000000136e+02
4.726100000000000136e+02
4.726100000000000136e+02
4.726100000000000136e+02
4.726100000000000136e+02
4.726100000000000136e+02
4.726100000000000136e+02
4.726100000000000136e+02
4.726100000000000136e+02
4.726100000000000136e+02
4.726100000000000136e+02
4.726100000000000136e+02
4.726100000000000136e+02
4.726100000000000136e+02
4.726100000000000136e+02
4.726100000000000136e+02
4.726100000000000136e+02
4.726100000000000136e+02
4.726100000000000136e+02
4.726100000000000136e+02
4.726100000000000136e+02
4.726100000000000136e+02
4.726100000000000136e+02
4.726100000000000136e+02
4.726100000000000136e+02
4.726100000000000136e+02
4.726100000000000136e+02
4.726100000000000136e+02
4.726100000000000136e+02
4.726100000000000136e+02
4.726100000000000136e+02
4.726100000000000136e+02
4.726100000000000136e+02
4.726100000000000136e+02
4.726100000000000136e+02
4.726100000000000136e+02
4.726100000000000136e+02
4.726100000000000136e+02
4.726100000000000136e+02
4.726100000000000136e+02
4.726100000000000136e+02
4.726100000000000136e+02
4.726100000000000136e+02
4.726100000000000136e+02
4.726100000000000136e+02
4.726100000000000136e+02
4.726100000000000136e+02
4.726100000000000136e+02
4.726100000000000136e+02
4.726100000000000136e+02
4.726100000000000136e+02
4.726100000000000136e+02
4.726100000000000136e+02
4.726100000000000136e+02
4.726100000000000136e+02
4.726100000000000136e+02
4.726100000000000136e+02
4.726100000000000136e+02
4.726100000000000136e+02
4.726100000000000136e+02
4.726100000000000136e+02
4.626600000000000250e+02
4.626600000000000250e+02
4.626600000000000250e+02
4.626600000000000250e+02
4.590600000000000023e+02
4.590600000000000023e+02
4.590600000000000023e+02
4.590600000000000023e+02
4.590600000000000023e+02
4.590600000000000023e+02
4.590600000000000023e+02
4.590600000000000023e+02
4.590600000000000023e+02
4.590600000000000023e+02
4.590600000000000023e+02
4.590600000000000023e+02
4.628500000000000227e+02
4.628500000000000227e+02
4.628500000000000227e+02
4.628500000000000227e+02
4.628500000000000227e+02
4.628500000000000227e+02
4.628500000000000227e+02
4.628500000000000227e+02
4.628500000000000227e+02
4.628500000000000227e+02
4.628500000000000227e+02
4.628500000000000227e+02
4.628500000000000227e+02
4.628500000000000227e+02
4.628500000000000227e+02
4.628500000000000227e+02
4.628500000000000227e+02
4.628500000000000227e+02
4.628500000000000227e+02
4.628500000000000227e+02
4.628500000000000227e+02
4.628500000000000227e+02
4.628500000000000227e+02
4.628500000000000227e+02
4.628500000000000227e+02
4.628500000000000227e+02
4.628500000000000227e+02
4.628500000000000227e+02
4.628500000000000227e+02
4.628500000000000227e+02
4.628500000000000227e+02
4.628500000000000227e+02
4.628500000000000227e+02
4.628500000000000227e+02
4.628500000000000227e+02
4.628500000000000227e+02
4.628500000000000227e+02
4.628500000000000227e+02
4.628500000000000227e+02
4.628500000000000227e+02
4.628500000000000227e+02
4.628500000000000227e+02
4.628500000000000227e+02
4.628500000000000227e+02
4.628500000000000227e+02
4.628500000000000227e+02
4.628500000000000227e+02
4.628500000000000227e+02
4.628500000000000227e+02
4.628500000000000227e+02
4.628500000000000227e+02
4.628500000000000227e+02
4.628500000000000227e+02
4.628500000000000227e+02
4.628500000000000227e+02
4.628500000000000227e+02
4.628500000000000227e+02
4.628500000000000227e+02
4.628500000000000227e+02
4.628500000000000227e+02
4.628500000000000227e+02
4.628500000000000227e+02
4.628500000000000227e+02
4.628500000000000227e+02
4.628500000000000227e+02
4.628500000000000227e+02
4.628500000000000227e+02
4.751899999999999977e+02
4.751899999999999977e+02
4.751899999999999977e+02
4.751899999999999977e+02
4.751899999999999977e+02
4.751899999999999977e+02
4.751899999999999977e+02
4.751899999999999977e+02
4.751899999999999977e+02
4.751899999999999977e+02
4.751899999999999977e+02
4.751899999999999977e+02
4.751899999999999977e+02
4.751899999999999977e+02
4.751899999999999977e+02
4.751899999999999977e+02
4.751899999999999977e+02
4.751899999999999977e+02
4.751899999999999977e+02
4.751899999999999977e+02
4.751899999999999977e+02
4.751899999999999977e+02
4.751899999999999977e+02
4.751899999999999977e+02
4.751899999999999977e+02
4.751899999999999977e+02
4.751899999999999977e+02
4.751899999999999977e+02
4.751899999999999977e+02
4.751899999999999977e+02
4.751899999999999977e+02
4.751899999999999977e+02
4.751899999999999977e+02
4.751899999999999977e+02
4.751899999999999977e+02
4.751899999999999977e+02
4.751899999999999977e+02
4.751899999999999977e+02
4.751899999999999977e+02
4.751899999999999977e+02
4.751899999999999977e+02
4.751899999999999977e+02
4.751899999999999977e+02
4.751899999999999977e+02
4.751899999999999977e+02
4.751899999999999977e+02
4.751899999999999977e+02
4.751899999999999977e+02
4.751899999999999977e+02
4.751899999999999977e+02
4.751899999999999977e+02
4.751899999999999977e+02
4.751899999999999977e+02
4.751899999999999977e+02
4.751899999999999977e+02
4.751899999999999977e+02
4.751899999999999977e+02
4.751899999999999977e+02
4.751899999999999977e+02
4.751899999999999977e+02
4.751899999999999977e+02
4.751899999999999977e+02
4.751899999999999977e+02
4.751899999999999977e+02
4.751899999999999977e+02
4.751899999999999977e+02
4.751899999999999977e+02
4.751899999999999977e+02
4.751899999999999977e+02
4.751899999999999977e+02
4.751899999999999977e+02
4.751899999999999977e+02
4.751899999999999977e+02
4.751899999999999977e+02
4.751899999999999977e+02
4.751899999999999977e+02
4.751899999999999977e+02
4.805099999999999909e+02
4.805099999999999909e+02
4.805099999999999909e+02
4.805099999999999909e+02
4.805099999999999909e+02
4.805099999999999909e+02
4.805099999999999909e+02
4.805099999999999909e+02
4.805099999999999909e+02
4.805099999999999909e+02
4.805099999999999909e+02
4.805099999999999909e+02
4.805099999999999909e+02
4.805099999999999909e+02
4.805099999999999909e+02
4.805099999999999909e+02
4.805099999999999909e+02
4.805099999999999909e+02
4.805099999999999909e+02
4.805099999999999909e+02
4.805099999999999909e+02
4.805099999999999909e+02
4.805099999999999909e+02
4.805099999999999909e+02
4.805099999999999909e+02
4.805099999999999909e+02
4.805099999999999909e+02
4.805099999999999909e+02
4.805099999999999909e+02
4.805099999999999909e+02
4.805099999999999909e+02
4.805099999999999909e+02
4.805099999999999909e+02
4.805099999999999909e+02
4.805099999999999909e+02
4.805099999999999909e+02
4.805099999999999909e+02
4.805099999999999909e+02
4.805099999999999909e+02
4.805099999999999909e+02
4.805099999999999909e+02
4.805099999999999909e+02
4.805099999999999909e+02
4.805099999999999909e+02
4.890899999999999750e+02
4.890899999999999750e+02
4.799499999999999886e+02
4.672099999999999795e+02
4.672099999999999795e+02
4.672099999999999795e+02
4.672099999999999795e+02
4.672099999999999795e+02
4.672099999999999795e+02
4.672099999999999795e+02
4.672099999999999795e+02
4.672099999999999795e+02
4.672099999999999795e+02
4.672099999999999795e+02
4.672099999999999795e+02
4.847699999999999818e+02
4.847699999999999818e+02
4.847699999999999818e+02
4.847699999999999818e+02
4.847699999999999818e+02
4.847699999999999818e+02
4.847699999999999818e+02
4.847699999999999818e+02
4.847699999999999818e+02
4.847699999999999818e+02
4.847699999999999818e+02
4.847699999999999818e+02
4.847699999999999818e+02
4.847699999999999818e+02
4.847699999999999818e+02
4.847699999999999818e+02
4.847699999999999818e+02
4.847699999999999818e+02
4.847699999999999818e+02
4.847699999999999818e+02
4.847699999999999818e+02
4.847699999999999818e+02
4.847699999999999818e+02
4.847699999999999818e+02
4.847699999999999818e+02
4.847699999999999818e+02
4.847699999999999818e+02
4.847699999999999818e+02
4.847699999999999818e+02
4.847699999999999818e+02
4.847699999999999818e+02
4.847699999999999818e+02
4.847699999999999818e+02
4.847699999999999818e+02
4.847699999999999818e+02
4.847699999999999818e+02
4.847699999999999818e+02
4.847699999999999818e+02
4.847699999999999818e+02
4.847699999999999818e+02
4.847699999999999818e+02
4.847699999999999818e+02
4.847699999999999818e+02
4.847699999999999818e+02
4.847699999999999818e+02
4.847699999999999818e+02
4.847699999999999818e+02
4.847699999999999818e+02
4.847699999999999818e+02
4.847699999999999818e+02
4.847699999999999818e+02
4.847699999999999818e+02
4.847699999999999818e+02
4.847699999999999818e+02
4.847699999999999818e+02
4.847699999999999818e+02
4.847699999999999818e+02
4.847699999999999818e+02
4.847699999999999818e+02
4.847699999999999818e+02
4.847699999999999818e+02
4.847699999999999818e+02
4.847699999999999818e+02
4.847699999999999818e+02
4.847699999999999818e+02
4.847699999999999818e+02
4.847699999999999818e+02
4.847699999999999818e+02
4.847699999999999818e+02
4.847699999999999818e+02
4.847699999999999818e+02
4.847699999999999818e+02
4.847699999999999818e+02
4.847699999999999818e+02
4.847699999999999818e+02
4.847699999999999818e+02
4.847699999999999818e+02
4.847699999999999818e+02
4.847699999999999818e+02
4.847699999999999818e+02
4.847699999999999818e+02
4.847699999999999818e+02
4.847699999999999818e+02
4.847699999999999818e+02
4.847699999999999818e+02
4.847699999999999818e+02
4.847699999999999818e+02
4.847699999999999818e+02
4.847699999999999818e+02
4.847699999999999818e+02
4.847699999999999818e+02
4.847699999999999818e+02
4.847699999999999818e+02
4.847699999999999818e+02
4.847699999999999818e+02
4.847699999999999818e+02
4.847699999999999818e+02
4.847699999999999818e+02
4.847699999999999818e+02
4.847699999999999818e+02
4.847699999999999818e+02
4.847699999999999818e+02
4.847699999999999818e+02
4.847699999999999818e+02
4.847699999999999818e+02
4.847699999999999818e+02
4.847699999999999818e+02
4.847699999999999818e+02
4.655299999999999727e+02
4.655299999999999727e+02
4.713600000000000136e+02
4.713600000000000136e+02
4.713600000000000136e+02
4.713600000000000136e+02
4.713600000000000136e+02
4.713600000000000136e+02
4.713600000000000136e+02
4.713600000000000136e+02
4.713600000000000136e+02
4.713600000000000136e+02
4.797900000000000205e+02
4.797900000000000205e+02
4.797900000000000205e+02
4.797900000000000205e+02
4.797900000000000205e+02
4.797900000000000205e+02
4.797900000000000205e+02
4.797900000000000205e+02
4.797900000000000205e+02
4.797900000000000205e+02
4.797900000000000205e+02
4.797900000000000205e+02
4.797900000000000205e+02
4.797900000000000205e+02
4.797900000000000205e+02
4.797900000000000205e+02
4.797900000000000205e+02
4.797900000000000205e+02
4.797900000000000205e+02
4.797900000000000205e+02
4.797900000000000205e+02
4.797900000000000205e+02
4.797900000000000205e+02
4.797900000000000205e+02
4.797900000000000205e+02
4.797900000000000205e+02
4.797900000000000205e+02
4.797900000000000205e+02
4.797900000000000205e+02
4.797900000000000205e+02
4.797900000000000205e+02
4.797900000000000205e+02
4.797900000000000205e+02
4.797900000000000205e+02
4.797900000000000205e+02
4.797900000000000205e+02
4.797900000000000205e+02
4.797900000000000205e+02
4.797900000000000205e+02
4.797900000000000205e+02
4.797900000000000205e+02
4.797900000000000205e+02
4.797900000000000205e+02
4.797900000000000205e+02
4.797900000000000205e+02
4.797900000000000205e+02
4.797900000000000205e+02
4.797900000000000205e+02
4.797900000000000205e+02
4.797900000000000205e+02
4.797900000000000205e+02
4.797900000000000205e+02
4.797900000000000205e+02
4.797900000000000205e+02
4.797900000000000205e+02
4.797900000000000205e+02
4.797900000000000205e+02
4.797900000000000205e+02
4.797900000000000205e+02
4.797900000000000205e+02
4.797900000000000205e+02
4.797900000000000205e+02
4.797900000000000205e+02
4.797900000000000205e+02
4.797900000000000205e+02
4.797900000000000205e+02
4.797900000000000205e+02
4.797900000000000205e+02
4.797900000000000205e+02
4.797900000000000205e+02
4.797900000000000205e+02
4.797900000000000205e+02
4.797900000000000205e+02
4.797900000000000205e+02
4.797900000000000205e+02
4.797900000000000205e+02
4.797900000000000205e+02
4.797900000000000205e+02
4.797900000000000205e+02
4.797900000000000205e+02
4.797900000000000205e+02
4.797900000000000205e+02
4.797900000000000205e+02
4.797900000000000205e+02
4.797900000000000205e+02
4.797900000000000205e+02
4.797900000000000205e+02
4.797900000000000205e+02
4.797900000000000205e+02
4.797900000000000205e+02
4.797900000000000205e+02
4.797900000000000205e+02
4.797900000000000205e+02
4.797900000000000205e+02
4.797900000000000205e+02
4.797900000000000205e+02
4.797900000000000205e+02
4.797900000000000205e+02
4.797900000000000205e+02
4.797900000000000205e+02
4.797900000000000205e+02
4.797900000000000205e+02
4.797900000000000205e+02
4.797900000000000205e+02
4.797900000000000205e+02
4.797900000000000205e+02
4.797900000000000205e+02
4.797900000000000205e+02
4.797900000000000205e+02
4.797900000000000205e+02
4.797900000000000205e+02
4.797900000000000205e+02
4.797900000000000205e+02
4.797900000000000205e+02
4.797900000000000205e+02
4.797900000000000205e+02
4.797900000000000205e+02
4.797900000000000205e+02
4.797900000000000205e+02
4.797900000000000205e+02
4.797900000000000205e+02
4.797900000000000205e+02
4.797900000000000205e+02
4.797900000000000205e+02
4.797900000000000205e+02
4.797900000000000205e+02
4.797900000000000205e+02
4.797900000000000205e+02
4.797900000000000205e+02
4.797900000000000205e+02
4.797900000000000205e+02
4.797900000000000205e+02
4.797900000000000205e+02
4.797900000000000205e+02
4.797900000000000205e+02
4.797900000000000205e+02
4.797900000000000205e+02
4.797900000000000205e+02
4.797900000000000205e+02
4.797900000000000205e+02
4.797900000000000205e+02
4.797900000000000205e+02
4.797900000000000205e+02
4.797900000000000205e+02
4.797900000000000205e+02
4.797900000000000205e+02
4.797900000000000205e+02
4.797900000000000205e+02
4.797900000000000205e+02
4.797900000000000205e+02
4.797900000000000205e+02
4.797900000000000205e+02
4.797900000000000205e+02
4.797900000000000205e+02
4.797900000000000205e+02
4.797900000000000205e+02
4.797900000000000205e+02
4.797900000000000205e+02
4.797900000000000205e+02
4.797900000000000205e+02
4.797900000000000205e+02
4.797900000000000205e+02
4.797900000000000205e+02
4.797900000000000205e+02
4.797900000000000205e+02
4.797900000000000205e+02
4.797900000000000205e+02
4.797900000000000205e+02
4.797900000000000205e+02
4.797900000000000205e+02
4.797900000000000205e+02
4.797900000000000205e+02
4.797900000000000205e+02
4.797900000000000205e+02
4.797900000000000205e+02
4.797900000000000205e+02
4.797900000000000205e+02
4.797900000000000205e+02
4.797900000000000205e+02
4.797900000000000205e+02
4.797900000000000205e+02
4.797900000000000205e+02
4.797900000000000205e+02
4.797900000000000205e+02
4.797900000000000205e+02
4.797900000000000205e+02
4.797900000000000205e+02
4.797900000000000205e+02
4.797900000000000205e+02
4.797900000000000205e+02
4.797900000000000205e+02
4.797900000000000205e+02
4.797900000000000205e+02
4.797900000000000205e+02
4.797900000000000205e+02
4.797900000000000205e+02
4.797900000000000205e+02
4.797900000000000205e+02
4.797900000000000205e+02
4.797900000000000205e+02
4.797900000000000205e+02
4.797900000000000205e+02
4.797900000000000205e+02
4.797900000000000205e+02
4.797900000000000205e+02
4.797900000000000205e+02
4.797900000000000205e+02
4.797900000000000205e+02
4.797900000000000205e+02
4.797900000000000205e+02
4.797900000000000205e+02
4.797900000000000205e+02
4.703600000000000136e+02
4.738299999999999841e+02
4.738299999999999841e+02
4.738299999999999841e+02
4.738299999999999841e+02
4.738299999999999841e+02
4.753100000000000023e+02
4.753100000000000023e+02
4.753100000000000023e+02
4.753100000000000023e+02
4.753100000000000023e+02
4.753100000000000023e+02
4.753100000000000023e+02
4.753100000000000023e+02
4.753100000000000023e+02
4.623299999999999841e+02
4.623299999999999841e+02
4.623299999999999841e+02
4.623299999999999841e+02
4.623299999999999841e+02
4.623299999999999841e+02
4.623299999999999841e+02
4.623299999999999841e+02
4.623299999999999841e+02
4.623299999999999841e+02
4.623299999999999841e+02
4.623299999999999841e+02
4.623299999999999841e+02
4.623299999999999841e+02
4.623299999999999841e+02
4.623299999999999841e+02
4.623299999999999841e+02
4.623299999999999841e+02
4.623299999999999841e+02
4.623299999999999841e+02
4.623299999999999841e+02
4.623299999999999841e+02
4.623299999999999841e+02
4.623299999999999841e+02
4.623299999999999841e+02
4.623299999999999841e+02
4.623299999999999841e+02
4.623299999999999841e+02
4.623299999999999841e+02
4.623299999999999841e+02
4.623299999999999841e+02
4.623299999999999841e+02
4.623299999999999841e+02
4.623299999999999841e+02
4.623299999999999841e+02
4.623299999999999841e+02
4.623299999999999841e+02
4.623299999999999841e+02
4.623299999999999841e+02
4.623299999999999841e+02
4.623299999999999841e+02
4.623299999999999841e+02
4.623299999999999841e+02
4.623299999999999841e+02
4.623299999999999841e+02
4.623299999999999841e+02
4.623299999999999841e+02
4.623299999999999841e+02
4.623299999999999841e+02
4.623299999999999841e+02
4.623299999999999841e+02
4.623299999999999841e+02
4.623299999999999841e+02
4.623299999999999841e+02
4.623299999999999841e+02
4.623299999999999841e+02
4.623299999999999841e+02
4.623299999999999841e+02
4.623299999999999841e+02
4.623299999999999841e+02
4.623299999999999841e+02
4.623299999999999841e+02
4.623299999999999841e+02
4.623299999999999841e+02
4.623299999999999841e+02
4.623299999999999841e+02
4.623299999999999841e+02
4.623299999999999841e+02
4.623299999999999841e+02
4.623299999999999841e+02
4.623299999999999841e+02
4.623299999999999841e+02
4.623299999999999841e+02
4.623299999999999841e+02
4.623299999999999841e+02
4.623299999999999841e+02
4.623299999999999841e+02
4.623299999999999841e+02
4.623299999999999841e+02
4.623299999999999841e+02
4.623299999999999841e+02
4.623299999999999841e+02
4.758999999999999773e+02
4.758999999999999773e+02
4.758999999999999773e+02
4.758999999999999773e+02
4.758999999999999773e+02
4.758999999999999773e+02
4.754100000000000250e+02
4.754100000000000250e+02
4.754100000000000250e+02
4.754100000000000250e+02
4.754100000000000250e+02
4.754100000000000250e+02
4.754100000000000250e+02
4.754100000000000250e+02
4.754100000000000250e+02
4.754100000000000250e+02
4.694499999999999886e+02
4.694499999999999886e+02
4.694499999999999886e+02
4.694499999999999886e+02
4.694499999999999886e+02
4.694499999999999886e+02
4.694499999999999886e+02
4.694499999999999886e+02
4.694499999999999886e+02
4.694499999999999886e+02
4.694499999999999886e+02
4.694499999999999886e+02
4.694499999999999886e+02
4.694499999999999886e+02
4.694499999999999886e+02
4.694499999999999886e+02
4.694499999999999886e+02
4.694499999999999886e+02
4.694499999999999886e+02
4.694499999999999886e+02
4.694499999999999886e+02
4.694499999999999886e+02
4.694499999999999886e+02
4.694499999999999886e+02
4.694499999999999886e+02
4.694499999999999886e+02
4.694499999999999886e+02
4.694499999999999886e+02
4.694499999999999886e+02
4.694499999999999886e+02
4.694499999999999886e+02
4.694499999999999886e+02
4.694499999999999886e+02
4.694499999999999886e+02
4.694499999999999886e+02
4.694499999999999886e+02
4.694499999999999886e+02
4.694499999999999886e+02
4.694499999999999886e+02
4.694499999999999886e+02
4.694499999999999886e+02
4.694499999999999886e+02
4.694499999999999886e+02
4.694499999999999886e+02
4.694499999999999886e+02
4.694499999999999886e+02
4.694499999999999886e+02
4.694499999999999886e+02
4.694499999999999886e+02
4.694499999999999886e+02
4.694499999999999886e+02
4.694499999999999886e+02
4.694499999999999886e+02
4.694499999999999886e+02
4.694499999999999886e+02
4.694499999999999886e+02
4.694499999999999886e+02
4.694499999999999886e+02
4.694499999999999886e+02
4.694499999999999886e+02
4.694499999999999886e+02
4.694499999999999886e+02
4.694499999999999886e+02
4.694499999999999886e+02
4.694499999999999886e+02
4.694499999999999886e+02
4.694499999999999886e+02
4.694499999999999886e+02
4.694499999999999886e+02
4.694499999999999886e+02
4.694499999999999886e+02
4.694499999999999886e+02
4.694499999999999886e+02
4.694499999999999886e+02
4.694499999999999886e+02
4.694499999999999886e+02
4.694499999999999886e+02
4.694499999999999886e+02
4.694499999999999886e+02
4.694499999999999886e+02
4.694499999999999886e+02
4.694499999999999886e+02
4.694499999999999886e+02
4.694499999999999886e+02
4.694499999999999886e+02
4.694499999999999886e+02
4.694499999999999886e+02
4.694499999999999886e+02
4.694499999999999886e+02
4.694499999999999886e+02
4.694499999999999886e+02
4.694499999999999886e+02
4.694499999999999886e+02
4.694499999999999886e+02
4.694499999999999886e+02
4.694499999999999886e+02
4.694499999999999886e+02
4.694499999999999886e+02
4.694499999999999886e+02
4.694499999999999886e+02
4.694499999999999886e+02
4.694499999999999886e+02
4.694499999999999886e+02
4.694499999999999886e+02
4.694499999999999886e+02
4.694499999999999886e+02
4.694499999999999886e+02
4.694499999999999886e+02
4.694499999999999886e+02
4.694499999999999886e+02
4.694499999999999886e+02
4.694499999999999886e+02
4.694499999999999886e+02
4.694499999999999886e+02
4.694499999999999886e+02
4.694499999999999886e+02
4.694499999999999886e+02
4.694499999999999886e+02
4.694499999999999886e+02
4.694499999999999886e+02
4.694499999999999886e+02
4.694499999999999886e+02
4.694499999999999886e+02
4.694499999999999886e+02
4.694499999999999886e+02
4.694499999999999886e+02
4.694499999999999886e+02
4.694499999999999886e+02
4.694499999999999886e+02
4.694499999999999886e+02
4.694499999999999886e+02
4.694499999999999886e+02
4.694499999999999886e+02
4.694499999999999886e+02
4.694499999999999886e+02
4.694499999999999886e+02
4.694499999999999886e+02
4.694499999999999886e+02
4.694499999999999886e+02
4.694499999999999886e+02
4.694499999999999886e+02
4.694499999999999886e+02
4.694499999999999886e+02
4.694499999999999886e+02
4.694499999999999886e+02
4.694499999999999886e+02
4.694499999999999886e+02
4.694499999999999886e+02
4.694499999999999886e+02
4.694499999999999886e+02
4.694499999999999886e+02
4.694499999999999886e+02
4.694499999999999886e+02
4.673799999999999955e+02
4.673799999999999955e+02
4.673799999999999955e+02
4.673799999999999955e+02
4.673799999999999955e+02
4.673799999999999955e+02
4.673799999999999955e+02
4.673799999999999955e+02
4.673799999999999955e+02
4.673799999999999955e+02
4.673799999999999955e+02
4.673799999999999955e+02
4.673799999999999955e+02
4.673799999999999955e+02
4.673799999999999955e+02
4.673799999999999955e+02
4.673799999999999955e+02
4.673799999999999955e+02
4.673799999999999955e+02
4.673799999999999955e+02
4.673799999999999955e+02
4.673799999999999955e+02
4.673799999999999955e+02
4.673799999999999955e+02
4.673799999999999955e+02
4.673799999999999955e+02
4.673799999999999955e+02
4.673799999999999955e+02
4.673799999999999955e+02
4.673799999999999955e+02
4.673799999999999955e+02
4.673799999999999955e+02
4.673799999999999955e+02
4.673799999999999955e+02
4.673799999999999955e+02
4.673799999999999955e+02
4.673799999999999955e+02
4.673799999999999955e+02
4.673799999999999955e+02
4.673799999999999955e+02
4.673799999999999955e+02
4.673799999999999955e+02
4.677900000000000205e+02
4.677900000000000205e+02
4.677900000000000205e+02
4.677900000000000205e+02
4.677900000000000205e+02
4.677900000000000205e+02
4.724200000000000159e+02
4.724200000000000159e+02
4.724200000000000159e+02
4.724200000000000159e+02
4.724200000000000159e+02
4.724200000000000159e+02
4.724200000000000159e+02
4.724200000000000159e+02
4.724200000000000159e+02
4.724200000000000159e+02
4.724200000000000159e+02
4.724200000000000159e+02
4.724200000000000159e+02
4.724200000000000159e+02
4.724200000000000159e+02
4.724200000000000159e+02
4.724200000000000159e+02
4.724200000000000159e+02
4.724200000000000159e+02
4.724200000000000159e+02
4.724200000000000159e+02
4.724200000000000159e+02
4.748299999999999841e+02
4.748299999999999841e+02
4.748299999999999841e+02
4.748299999999999841e+02
4.748299999999999841e+02
4.748299999999999841e+02
4.748299999999999841e+02
4.748299999999999841e+02
4.748299999999999841e+02
4.748299999999999841e+02
4.748299999999999841e+02
4.748299999999999841e+02
4.748299999999999841e+02
4.748299999999999841e+02
4.748299999999999841e+02
4.748299999999999841e+02
4.748299999999999841e+02
4.748299999999999841e+02
4.748299999999999841e+02
4.748299999999999841e+02
4.748299999999999841e+02
4.748299999999999841e+02
4.748299999999999841e+02
4.748299999999999841e+02
4.748299999999999841e+02
4.748299999999999841e+02
4.748299999999999841e+02
4.748299999999999841e+02
4.748299999999999841e+02
4.748299999999999841e+02
4.748299999999999841e+02
4.748299999999999841e+02
4.757699999999999818e+02
4.757699999999999818e+02
4.757699999999999818e+02
4.757699999999999818e+02
4.757699999999999818e+02
4.757699999999999818e+02
4.757699999999999818e+02
4.757699999999999818e+02
4.757699999999999818e+02
4.757699999999999818e+02
4.757699999999999818e+02
4.757699999999999818e+02
4.757699999999999818e+02
4.757699999999999818e+02
4.757699999999999818e+02
4.757699999999999818e+02
4.757699999999999818e+02
4.757699999999999818e+02
4.757699999999999818e+02
4.757699999999999818e+02
4.757699999999999818e+02
4.757699999999999818e+02
4.757699999999999818e+02
4.623100000000000023e+02
4.623100000000000023e+02
4.623100000000000023e+02
4.623100000000000023e+02
4.623100000000000023e+02
4.623100000000000023e+02
4.623100000000000023e+02
4.623100000000000023e+02
4.623100000000000023e+02
4.623100000000000023e+02
4.623100000000000023e+02
4.623100000000000023e+02
4.623100000000000023e+02
4.623100000000000023e+02
4.623100000000000023e+02
4.623100000000000023e+02
4.623100000000000023e+02
4.623100000000000023e+02
4.623100000000000023e+02
4.623100000000000023e+02
4.623100000000000023e+02
4.623100000000000023e+02
4.623100000000000023e+02
4.623100000000000023e+02
4.632200000000000273e+02
4.632200000000000273e+02
4.632200000000000273e+02
4.632200000000000273e+02
4.632200000000000273e+02
4.632200000000000273e+02
4.632200000000000273e+02
4.632200000000000273e+02
4.632200000000000273e+02
4.632200000000000273e+02
4.632200000000000273e+02
4.632200000000000273e+02
4.632200000000000273e+02
4.632200000000000273e+02
4.632200000000000273e+02
4.712099999999999795e+02
4.712099999999999795e+02
4.712099999999999795e+02
4.712099999999999795e+02
4.712099999999999795e+02
4.712099999999999795e+02
4.712099999999999795e+02
4.712099999999999795e+02
4.712099999999999795e+02
4.712099999999999795e+02
4.712099999999999795e+02
4.712099999999999795e+02
4.712099999999999795e+02
4.712099999999999795e+02
4.712099999999999795e+02
4.712099999999999795e+02
4.712099999999999795e+02
4.712099999999999795e+02
4.712099999999999795e+02
4.712099999999999795e+02
4.712099999999999795e+02
4.712099999999999795e+02
4.712099999999999795e+02
4.712099999999999795e+02
4.712099999999999795e+02
4.712099999999999795e+02
4.712099999999999795e+02
4.712099999999999795e+02
4.712099999999999795e+02
4.712099999999999795e+02
4.712099999999999795e+02
4.712099999999999795e+02
4.712099999999999795e+02
4.712099999999999795e+02
4.712099999999999795e+02
4.712099999999999795e+02
4.712099999999999795e+02
4.712099999999999795e+02
4.712099999999999795e+02
4.712099999999999795e+02
4.712099999999999795e+02
4.712099999999999795e+02
4.712099999999999795e+02
4.712099999999999795e+02
4.712099999999999795e+02
4.712099999999999795e+02
4.712099999999999795e+02
4.712099999999999795e+02
4.712099999999999795e+02
4.712099999999999795e+02
4.712099999999999795e+02
4.712099999999999795e+02
4.712099999999999795e+02
4.712099999999999795e+02
4.712099999999999795e+02
4.712099999999999795e+02
4.712099999999999795e+02
4.712099999999999795e+02
4.712099999999999795e+02
4.712099999999999795e+02
4.712099999999999795e+02
4.712099999999999795e+02
4.712099999999999795e+02
4.712099999999999795e+02
4.712099999999999795e+02
4.712099999999999795e+02
4.712099999999999795e+02
4.712099999999999795e+02
4.712099999999999795e+02
4.712099999999999795e+02
4.712099999999999795e+02
4.712099999999999795e+02
4.712099999999999795e+02
4.712099999999999795e+02
4.712099999999999795e+02
4.712099999999999795e+02
4.712099999999999795e+02
4.712099999999999795e+02
4.712099999999999795e+02
4.712099999999999795e+02
4.712099999999999795e+02
4.712099999999999795e+02
4.712099999999999795e+02
4.712099999999999795e+02
4.712099999999999795e+02
4.712099999999999795e+02
4.712099999999999795e+02
4.712099999999999795e+02
4.712099999999999795e+02
4.712099999999999795e+02
4.712099999999999795e+02
4.712099999999999795e+02
4.712099999999999795e+02
4.712099999999999795e+02
4.712099999999999795e+02
4.712099999999999795e+02
4.712099999999999795e+02
4.712099999999999795e+02
4.712099999999999795e+02
4.712099999999999795e+02
4.712099999999999795e+02
4.712099999999999795e+02
4.712099999999999795e+02
4.712099999999999795e+02
4.712099999999999795e+02
4.712099999999999795e+02
4.712099999999999795e+02
4.712099999999999795e+02
4.712099999999999795e+02
4.712099999999999795e+02
4.712099999999999795e+02
4.712099999999999795e+02
4.712099999999999795e+02
4.712099999999999795e+02
4.712099999999999795e+02
4.712099999999999795e+02
4.712099999999999795e+02
4.712099999999999795e+02
4.712099999999999795e+02
4.712099999999999795e+02
4.712099999999999795e+02
4.712099999999999795e+02
4.712099999999999795e+02
4.712099999999999795e+02
4.712099999999999795e+02
4.712099999999999795e+02
4.712099999999999795e+02
4.712099999999999795e+02
4.712099999999999795e+02
4.712099999999999795e+02
4.712099999999999795e+02
4.712099999999999795e+02
4.712099999999999795e+02
4.712099999999999795e+02
4.712099999999999795e+02
4.712099999999999795e+02
4.712099999999999795e+02
4.712099999999999795e+02
4.712099999999999795e+02
4.712099999999999795e+02
4.712099999999999795e+02
4.712099999999999795e+02
4.712099999999999795e+02
4.712099999999999795e+02
4.712099999999999795e+02
4.712099999999999795e+02
4.712099999999999795e+02
4.712099999999999795e+02
4.712099999999999795e+02
4.712099999999999795e+02
4.712099999999999795e+02
4.712099999999999795e+02
4.712099999999999795e+02
4.712099999999999795e+02
4.712099999999999795e+02
4.712099999999999795e+02
4.712099999999999795e+02
4.712099999999999795e+02
4.712099999999999795e+02
4.712099999999999795e+02
4.712099999999999795e+02
4.712099999999999795e+02
4.712099999999999795e+02
4.712099999999999795e+02
4.712099999999999795e+02
4.712099999999999795e+02
4.712099999999999795e+02
4.712099999999999795e+02
4.712099999999999795e+02
4.712099999999999795e+02
4.712099999999999795e+02
4.712099999999999795e+02
4.712099999999999795e+02
4.712099999999999795e+02
4.712099999999999795e+02
4.712099999999999795e+02
4.712099999999999795e+02
4.712099999999999795e+02
4.712099999999999795e+02
4.712099999999999795e+02
4.712099999999999795e+02
4.712099999999999795e+02
4.712099999999999795e+02
4.712099999999999795e+02
4.712099999999999795e+02
4.712099999999999795e+02
4.712099999999999795e+02
4.712099999999999795e+02
4.712099999999999795e+02
4.712099999999999795e+02
4.712099999999999795e+02
4.712099999999999795e+02
4.712099999999999795e+02
4.712099999999999795e+02
4.712099999999999795e+02
4.712099999999999795e+02
4.712099999999999795e+02
4.712099999999999795e+02
4.712099999999999795e+02
4.712099999999999795e+02
4.712099999999999795e+02
4.712099999999999795e+02
4.712099999999999795e+02
4.712099999999999795e+02
4.613100000000000023e+02
4.613100000000000023e+02
4.613100000000000023e+02
4.613100000000000023e+02
4.712699999999999818e+02
4.712699999999999818e+02
4.712699999999999818e+02
4.712699999999999818e+02
4.680099999999999909e+02
4.680099999999999909e+02
4.680099999999999909e+02
4.680099999999999909e+02
4.671100000000000136e+02
4.671100000000000136e+02
4.671100000000000136e+02
4.671100000000000136e+02
4.671100000000000136e+02
4.671100000000000136e+02
4.671100000000000136e+02
4.671100000000000136e+02
4.671100000000000136e+02
4.671100000000000136e+02
4.671100000000000136e+02
4.671100000000000136e+02
4.671100000000000136e+02
4.671100000000000136e+02
4.671100000000000136e+02
4.671100000000000136e+02
4.671100000000000136e+02
4.671100000000000136e+02
4.671100000000000136e+02
4.671100000000000136e+02
4.671100000000000136e+02
4.671100000000000136e+02
4.671100000000000136e+02
4.671100000000000136e+02
4.671100000000000136e+02
4.671100000000000136e+02
4.671100000000000136e+02
4.671100000000000136e+02
4.671100000000000136e+02
4.671100000000000136e+02
4.671100000000000136e+02
4.671100000000000136e+02
4.671100000000000136e+02
4.671100000000000136e+02
4.671100000000000136e+02
4.671100000000000136e+02
4.671100000000000136e+02
4.671100000000000136e+02
4.671100000000000136e+02
4.671100000000000136e+02
4.671100000000000136e+02
4.671100000000000136e+02
4.671100000000000136e+02
4.671100000000000136e+02
4.671100000000000136e+02
4.671100000000000136e+02
4.671100000000000136e+02
4.671100000000000136e+02
4.671100000000000136e+02
4.671100000000000136e+02
4.671100000000000136e+02
4.698799999999999955e+02
4.698799999999999955e+02
4.698799999999999955e+02
4.698799999999999955e+02
4.698799999999999955e+02
4.698799999999999955e+02
4.770199999999999818e+02
4.770199999999999818e+02
4.770199999999999818e+02
4.770199999999999818e+02
4.770199999999999818e+02
4.770199999999999818e+02
4.770199999999999818e+02
4.770199999999999818e+02
4.770199999999999818e+02
4.770199999999999818e+02
4.770199999999999818e+02
4.770199999999999818e+02
4.770199999999999818e+02
4.770199999999999818e+02
4.770199999999999818e+02
4.770199999999999818e+02
4.770199999999999818e+02
4.770199999999999818e+02
4.770199999999999818e+02
4.770199999999999818e+02
4.770199999999999818e+02
4.770199999999999818e+02
4.770199999999999818e+02
4.770199999999999818e+02
4.770199999999999818e+02
4.770199999999999818e+02
4.770199999999999818e+02
4.770199999999999818e+02
4.770199999999999818e+02
4.770199999999999818e+02
4.770199999999999818e+02
4.770199999999999818e+02
4.770199999999999818e+02
4.770199999999999818e+02
4.770199999999999818e+02
4.770199999999999818e+02
4.770199999999999818e+02
4.770199999999999818e+02
4.770199999999999818e+02
4.770199999999999818e+02
4.770199999999999818e+02
4.770199999999999818e+02
4.770199999999999818e+02
4.770199999999999818e+02
4.770199999999999818e+02
4.770199999999999818e+02
4.770199999999999818e+02
4.770199999999999818e+02
4.770199999999999818e+02
4.770199999999999818e+02
4.770199999999999818e+02
4.770199999999999818e+02
4.770199999999999818e+02
4.770199999999999818e+02
4.733899999999999864e+02
4.733899999999999864e+02
4.733899999999999864e+02
4.708799999999999955e+02
4.708799999999999955e+02
4.708799999999999955e+02
4.708799999999999955e+02
4.708799999999999955e+02
4.708799999999999955e+02
4.708799999999999955e+02
4.708799999999999955e+02
4.708799999999999955e+02
4.708799999999999955e+02
4.708799999999999955e+02
4.708799999999999955e+02
4.708799999999999955e+02
4.708799999999999955e+02
4.708799999999999955e+02
4.708799999999999955e+02
4.708799999999999955e+02
4.708799999999999955e+02
4.708799999999999955e+02
4.708799999999999955e+02
4.708799999999999955e+02
4.708799999999999955e+02
4.708799999999999955e+02
4.708799999999999955e+02
4.708799999999999955e+02
4.708799999999999955e+02
4.708799999999999955e+02
4.708799999999999955e+02
4.708799999999999955e+02
4.648199999999999932e+02
4.648199999999999932e+02
4.648199999999999932e+02
4.648199999999999932e+02
4.648199999999999932e+02
4.648199999999999932e+02
4.648199999999999932e+02
4.648199999999999932e+02
4.648199999999999932e+02
4.648199999999999932e+02
4.648199999999999932e+02
4.648199999999999932e+02
4.648199999999999932e+02
4.786200000000000045e+02
4.786200000000000045e+02
4.749900000000000091e+02
4.749900000000000091e+02
4.749900000000000091e+02
4.749900000000000091e+02
4.749900000000000091e+02
4.749900000000000091e+02
4.749900000000000091e+02
4.749900000000000091e+02
4.749900000000000091e+02
4.749900000000000091e+02
4.749900000000000091e+02
4.749900000000000091e+02
4.749900000000000091e+02
4.749900000000000091e+02
4.749900000000000091e+02
4.749900000000000091e+02
4.749900000000000091e+02
4.749900000000000091e+02
4.749900000000000091e+02
4.749900000000000091e+02
4.749900000000000091e+02
4.749900000000000091e+02
4.749900000000000091e+02
4.749900000000000091e+02
4.749900000000000091e+02
4.749900000000000091e+02
4.749900000000000091e+02
4.749900000000000091e+02
4.749900000000000091e+02
4.749900000000000091e+02
4.749900000000000091e+02
4.749900000000000091e+02
4.749900000000000091e+02
4.749900000000000091e+02
4.749900000000000091e+02
4.749900000000000091e+02
4.749900000000000091e+02
4.749900000000000091e+02
4.749900000000000091e+02
4.749900000000000091e+02
4.749900000000000091e+02
4.749900000000000091e+02
4.749900000000000091e+02
4.749900000000000091e+02
4.749900000000000091e+02
4.749900000000000091e+02
4.749900000000000091e+02
4.749900000000000091e+02
4.749900000000000091e+02
4.749900000000000091e+02
4.749900000000000091e+02
4.749900000000000091e+02
4.749900000000000091e+02
4.749900000000000091e+02
4.749900000000000091e+02
4.749900000000000091e+02
4.749900000000000091e+02
4.749900000000000091e+02
4.749900000000000091e+02
4.749900000000000091e+02
4.749900000000000091e+02
4.749900000000000091e+02
4.749900000000000091e+02
4.749900000000000091e+02
4.749900000000000091e+02
4.749900000000000091e+02
4.749900000000000091e+02
4.749900000000000091e+02
4.749900000000000091e+02
4.749900000000000091e+02
4.749900000000000091e+02
4.749900000000000091e+02
4.749900000000000091e+02
4.749900000000000091e+02
4.749900000000000091e+02
4.749900000000000091e+02
4.749900000000000091e+02
4.749900000000000091e+02
4.749900000000000091e+02
4.749900000000000091e+02
4.749900000000000091e+02
4.749900000000000091e+02
4.749900000000000091e+02
4.749900000000000091e+02
4.749900000000000091e+02
4.749900000000000091e+02
4.749900000000000091e+02
4.749900000000000091e+02
4.749900000000000091e+02
4.749900000000000091e+02
4.749900000000000091e+02
4.749900000000000091e+02
4.749900000000000091e+02
4.749900000000000091e+02
4.749900000000000091e+02
4.749900000000000091e+02
4.749900000000000091e+02
4.749900000000000091e+02
4.749900000000000091e+02
4.749900000000000091e+02
4.749900000000000091e+02
4.749900000000000091e+02
4.749900000000000091e+02
4.749900000000000091e+02
4.749900000000000091e+02
4.749900000000000091e+02
4.749900000000000091e+02
4.749900000000000091e+02
4.749900000000000091e+02
4.749900000000000091e+02
4.749900000000000091e+02
4.749900000000000091e+02
4.749900000000000091e+02
4.749900000000000091e+02
4.749900000000000091e+02
4.749900000000000091e+02
4.749900000000000091e+02
4.749900000000000091e+02
4.749900000000000091e+02
4.749900000000000091e+02
4.749900000000000091e+02
4.749900000000000091e+02
4.749900000000000091e+02
4.749900000000000091e+02
4.749900000000000091e+02
4.749900000000000091e+02
4.749900000000000091e+02
4.749900000000000091e+02
4.749900000000000091e+02
4.749900000000000091e+02
4.749900000000000091e+02
4.749900000000000091e+02
4.749900000000000091e+02
4.749900000000000091e+02
4.749900000000000091e+02
4.749900000000000091e+02
4.749900000000000091e+02
4.749900000000000091e+02
4.749900000000000091e+02
4.749900000000000091e+02
4.749900000000000091e+02
4.749900000000000091e+02
4.749900000000000091e+02
4.749900000000000091e+02
4.749900000000000091e+02
4.749900000000000091e+02
4.749900000000000091e+02
4.749900000000000091e+02
4.749900000000000091e+02
4.749900000000000091e+02
4.749900000000000091e+02
4.749900000000000091e+02
4.749900000000000091e+02
4.749900000000000091e+02
4.749900000000000091e+02
4.749900000000000091e+02
4.749900000000000091e+02
4.749900000000000091e+02
4.749900000000000091e+02
4.749900000000000091e+02
4.835600000000000023e+02
4.835600000000000023e+02
4.835600000000000023e+02
4.835600000000000023e+02
4.835600000000000023e+02
4.835600000000000023e+02
4.835600000000000023e+02
4.835600000000000023e+02
4.835600000000000023e+02
4.835600000000000023e+02
4.835600000000000023e+02
4.799800000000000182e+02
4.853799999999999955e+02
4.853799999999999955e+02
4.853799999999999955e+02
4.853799999999999955e+02
4.778600000000000136e+02
4.778600000000000136e+02
4.778600000000000136e+02
4.778600000000000136e+02
4.778600000000000136e+02
4.788600000000000136e+02
4.788600000000000136e+02
4.788600000000000136e+02
4.788600000000000136e+02
4.788600000000000136e+02
4.788600000000000136e+02
4.788600000000000136e+02
4.788600000000000136e+02
4.788600000000000136e+02
4.788600000000000136e+02
4.788600000000000136e+02
4.788600000000000136e+02
4.788600000000000136e+02
4.788600000000000136e+02
4.788600000000000136e+02
4.788600000000000136e+02
4.788600000000000136e+02
4.788600000000000136e+02
4.728999999999999773e+02
4.728999999999999773e+02
4.728999999999999773e+02
4.728999999999999773e+02
4.728999999999999773e+02
4.728999999999999773e+02
4.728999999999999773e+02
4.728999999999999773e+02
4.728999999999999773e+02
4.728999999999999773e+02
4.728999999999999773e+02
4.728999999999999773e+02
4.728999999999999773e+02
4.728999999999999773e+02
4.728999999999999773e+02
4.728999999999999773e+02
4.728999999999999773e+02
4.728999999999999773e+02
4.728999999999999773e+02
4.728999999999999773e+02
4.728999999999999773e+02
4.728999999999999773e+02
4.728999999999999773e+02
4.728999999999999773e+02
4.728999999999999773e+02
4.728999999999999773e+02
4.728999999999999773e+02
4.728999999999999773e+02
4.728999999999999773e+02
4.728999999999999773e+02
4.728999999999999773e+02
4.728999999999999773e+02
4.728999999999999773e+02
4.728999999999999773e+02
4.728999999999999773e+02
4.728999999999999773e+02
4.728999999999999773e+02
4.728999999999999773e+02
4.728999999999999773e+02
4.728999999999999773e+02
4.728999999999999773e+02
4.728999999999999773e+02
4.728999999999999773e+02
4.728999999999999773e+02
4.728999999999999773e+02
4.728999999999999773e+02
4.728999999999999773e+02
4.728999999999999773e+02
4.728999999999999773e+02
4.728999999999999773e+02
4.728999999999999773e+02
4.728999999999999773e+02
4.728999999999999773e+02
4.728999999999999773e+02
4.728999999999999773e+02
4.728999999999999773e+02
4.728999999999999773e+02
4.728999999999999773e+02
4.728999999999999773e+02
4.728999999999999773e+02
4.728999999999999773e+02
4.728999999999999773e+02
4.728999999999999773e+02
4.728999999999999773e+02
4.728999999999999773e+02
4.728999999999999773e+02
4.728999999999999773e+02
4.728999999999999773e+02
4.728999999999999773e+02
4.728999999999999773e+02
4.728999999999999773e+02
4.728999999999999773e+02
4.728999999999999773e+02
4.728999999999999773e+02
4.728999999999999773e+02
4.728999999999999773e+02
4.728999999999999773e+02
4.728999999999999773e+02
4.728999999999999773e+02
4.728999999999999773e+02
4.706399999999999864e+02
4.722500000000000000e+02
4.722500000000000000e+02
4.784599999999999795e+02
4.784599999999999795e+02
4.784599999999999795e+02
4.784599999999999795e+02
4.784599999999999795e+02
4.784599999999999795e+02
4.784599999999999795e+02
4.784599999999999795e+02
4.784599999999999795e+02
4.784599999999999795e+02
4.784599999999999795e+02
4.784599999999999795e+02
4.784599999999999795e+02
4.784599999999999795e+02
4.784599999999999795e+02
4.784599999999999795e+02
4.784599999999999795e+02
4.784599999999999795e+02
4.788199999999999932e+02
4.788199999999999932e+02
4.788199999999999932e+02
4.788199999999999932e+02
4.788199999999999932e+02
4.788199999999999932e+02
4.788199999999999932e+02
4.788199999999999932e+02
4.788199999999999932e+02
4.788199999999999932e+02
4.788199999999999932e+02
4.803399999999999750e+02
4.803399999999999750e+02
4.803399999999999750e+02
4.803399999999999750e+02
4.803399999999999750e+02
4.803399999999999750e+02
4.803399999999999750e+02
4.803399999999999750e+02
4.803399999999999750e+02
4.803399999999999750e+02
4.803399999999999750e+02
4.803399999999999750e+02
4.803399999999999750e+02
4.803399999999999750e+02
4.803399999999999750e+02
4.803399999999999750e+02
4.803399999999999750e+02
4.803399999999999750e+02
4.803399999999999750e+02
4.803399999999999750e+02
4.803399999999999750e+02
4.803399999999999750e+02
4.803399999999999750e+02
4.803399999999999750e+02
4.803399999999999750e+02
4.803399999999999750e+02
4.803399999999999750e+02
4.803399999999999750e+02
4.803399999999999750e+02
4.803399999999999750e+02
4.803399999999999750e+02
4.803399999999999750e+02
4.803399999999999750e+02
4.803399999999999750e+02
4.803399999999999750e+02
4.803399999999999750e+02
4.686499999999999773e+02
4.686499999999999773e+02
4.686499999999999773e+02
4.686499999999999773e+02
4.686499999999999773e+02
4.686499999999999773e+02
4.686499999999999773e+02
4.781399999999999864e+02
4.781399999999999864e+02
4.781399999999999864e+02
4.781399999999999864e+02
4.781399999999999864e+02
4.781399999999999864e+02
4.781399999999999864e+02
4.781399999999999864e+02
4.781399999999999864e+02
4.781399999999999864e+02
4.781399999999999864e+02
4.781399999999999864e+02
4.781399999999999864e+02
4.781399999999999864e+02
4.781399999999999864e+02
4.781399999999999864e+02
4.781399999999999864e+02
4.781399999999999864e+02
4.781399999999999864e+02
4.781399999999999864e+02
4.781399999999999864e+02
4.781399999999999864e+02
4.781399999999999864e+02
4.781399999999999864e+02
4.781399999999999864e+02
4.781399999999999864e+02
4.781399999999999864e+02
4.781399999999999864e+02
4.781399999999999864e+02
4.781399999999999864e+02
4.781399999999999864e+02
4.781399999999999864e+02
4.781399999999999864e+02
4.781399999999999864e+02
4.781399999999999864e+02
4.781399999999999864e+02
4.781399999999999864e+02
4.781399999999999864e+02
4.781399999999999864e+02
4.781399999999999864e+02
4.781399999999999864e+02
4.781399999999999864e+02
4.781399999999999864e+02
4.781399999999999864e+02
4.781399999999999864e+02
4.781399999999999864e+02
4.781399999999999864e+02
4.781399999999999864e+02
4.781399999999999864e+02
4.781399999999999864e+02
4.781399999999999864e+02
4.781399999999999864e+02
4.781399999999999864e+02
4.781399999999999864e+02
4.781399999999999864e+02
4.781399999999999864e+02
4.781399999999999864e+02
4.781399999999999864e+02
4.781399999999999864e+02
4.781399999999999864e+02
4.781399999999999864e+02
4.781399999999999864e+02
4.781399999999999864e+02
4.781399999999999864e+02
4.781399999999999864e+02
4.647699999999999818e+02
4.647699999999999818e+02
4.647699999999999818e+02
4.647699999999999818e+02
4.647699999999999818e+02
4.647699999999999818e+02
4.647699999999999818e+02
4.647699999999999818e+02
4.647699999999999818e+02
4.647699999999999818e+02
4.647699999999999818e+02
4.647699999999999818e+02
4.647699999999999818e+02
4.647699999999999818e+02
4.647699999999999818e+02
4.647699999999999818e+02
4.647699999999999818e+02
4.647699999999999818e+02
4.647699999999999818e+02
4.647699999999999818e+02
4.647699999999999818e+02
4.647699999999999818e+02
4.647699999999999818e+02
4.647699999999999818e+02
4.647699999999999818e+02
4.647699999999999818e+02
4.647699999999999818e+02
4.647699999999999818e+02
4.647699999999999818e+02
4.647699999999999818e+02
4.647699999999999818e+02
4.647699999999999818e+02
4.647699999999999818e+02
4.647699999999999818e+02
4.647699999999999818e+02
4.647699999999999818e+02
4.647699999999999818e+02
4.647699999999999818e+02
4.647699999999999818e+02
4.647699999999999818e+02
4.647699999999999818e+02
4.647699999999999818e+02
4.647699999999999818e+02
4.647699999999999818e+02
4.647699999999999818e+02
4.647699999999999818e+02
4.647699999999999818e+02
4.647699999999999818e+02
4.647699999999999818e+02
4.647699999999999818e+02
4.647699999999999818e+02
4.647699999999999818e+02
4.647699999999999818e+02
4.647699999999999818e+02
4.647699999999999818e+02
4.647699999999999818e+02
4.647699999999999818e+02
4.647699999999999818e+02
4.647699999999999818e+02
4.647699999999999818e+02
4.647699999999999818e+02
4.647699999999999818e+02
4.647699999999999818e+02
4.647699999999999818e+02
4.647699999999999818e+02
4.668199999999999932e+02
4.550299999999999727e+02
4.550299999999999727e+02
4.550299999999999727e+02
4.550299999999999727e+02
4.695000000000000000e+02
4.695000000000000000e+02
4.695000000000000000e+02
4.695000000000000000e+02
4.695000000000000000e+02
4.695000000000000000e+02
4.695000000000000000e+02
4.695000000000000000e+02
4.695000000000000000e+02
4.695000000000000000e+02
4.695000000000000000e+02
4.695000000000000000e+02
4.695000000000000000e+02
4.695000000000000000e+02
4.695000000000000000e+02
4.695000000000000000e+02
4.695000000000000000e+02
4.695000000000000000e+02
4.695000000000000000e+02
4.695000000000000000e+02
4.695000000000000000e+02
4.695000000000000000e+02
4.695000000000000000e+02
4.695000000000000000e+02
4.695000000000000000e+02
4.695000000000000000e+02
4.695000000000000000e+02
4.695000000000000000e+02
4.695000000000000000e+02
4.695000000000000000e+02
4.695000000000000000e+02
4.695000000000000000e+02
4.695000000000000000e+02
4.604300000000000068e+02
4.604300000000000068e+02
4.604300000000000068e+02
4.604300000000000068e+02
4.604300000000000068e+02
4.604300000000000068e+02
4.604300000000000068e+02
4.604300000000000068e+02
4.604300000000000068e+02
4.604300000000000068e+02
4.604300000000000068e+02
4.604300000000000068e+02
4.604300000000000068e+02
4.604300000000000068e+02
4.604300000000000068e+02
4.604300000000000068e+02
4.604300000000000068e+02
4.604300000000000068e+02
4.604300000000000068e+02
4.604300000000000068e+02
4.604300000000000068e+02
4.604300000000000068e+02
4.604300000000000068e+02
4.604300000000000068e+02
4.604300000000000068e+02
4.604300000000000068e+02
4.604300000000000068e+02
4.604300000000000068e+02
4.604300000000000068e+02
4.604300000000000068e+02
4.604300000000000068e+02
4.604300000000000068e+02
4.604300000000000068e+02
4.604300000000000068e+02
4.604300000000000068e+02
4.604300000000000068e+02
4.691800000000000068e+02
4.691800000000000068e+02
4.691800000000000068e+02
4.691800000000000068e+02
4.691800000000000068e+02
4.691800000000000068e+02
4.691800000000000068e+02
4.691800000000000068e+02
4.691800000000000068e+02
4.691800000000000068e+02
4.691800000000000068e+02
4.691800000000000068e+02
4.691800000000000068e+02
4.691800000000000068e+02
4.691800000000000068e+02
4.691800000000000068e+02
4.691800000000000068e+02
4.691800000000000068e+02
4.691800000000000068e+02
4.691800000000000068e+02
4.691800000000000068e+02
4.691800000000000068e+02
4.691800000000000068e+02
4.691800000000000068e+02
4.691800000000000068e+02
4.691800000000000068e+02
4.691800000000000068e+02
4.691800000000000068e+02
4.691800000000000068e+02
4.691800000000000068e+02
4.691800000000000068e+02
4.691800000000000068e+02
4.691800000000000068e+02
4.691800000000000068e+02
4.691800000000000068e+02
4.691800000000000068e+02
4.691800000000000068e+02
4.691800000000000068e+02
4.691800000000000068e+02
4.691800000000000068e+02
4.691800000000000068e+02
4.691800000000000068e+02
4.691800000000000068e+02
4.691800000000000068e+02
4.691800000000000068e+02
4.691800000000000068e+02
4.691800000000000068e+02
4.691800000000000068e+02
4.691800000000000068e+02
4.853100000000000023e+02
4.853100000000000023e+02
4.853100000000000023e+02
4.853100000000000023e+02
4.853100000000000023e+02
4.853100000000000023e+02
4.853100000000000023e+02
4.853100000000000023e+02
4.853100000000000023e+02
4.853100000000000023e+02
4.853100000000000023e+02
4.853100000000000023e+02
4.853100000000000023e+02
4.853100000000000023e+02
4.853100000000000023e+02
4.853100000000000023e+02
4.853100000000000023e+02
4.853100000000000023e+02
4.650000000000000000e+02
4.650000000000000000e+02
4.650000000000000000e+02
4.650000000000000000e+02
4.650000000000000000e+02
4.650000000000000000e+02
4.650000000000000000e+02
4.650000000000000000e+02
4.650000000000000000e+02
4.650000000000000000e+02
4.650000000000000000e+02
4.650000000000000000e+02
4.650000000000000000e+02
4.650000000000000000e+02
4.650000000000000000e+02
4.650000000000000000e+02
4.650000000000000000e+02
4.650000000000000000e+02
4.650000000000000000e+02
4.650000000000000000e+02
4.650000000000000000e+02
4.650000000000000000e+02
4.650000000000000000e+02
4.650000000000000000e+02
4.650000000000000000e+02
4.650000000000000000e+02
4.650000000000000000e+02
4.650000000000000000e+02
4.650000000000000000e+02
4.650000000000000000e+02
4.650000000000000000e+02
4.650000000000000000e+02
4.650000000000000000e+02
4.650000000000000000e+02
4.650000000000000000e+02
4.650000000000000000e+02
4.650000000000000000e+02
4.650000000000000000e+02
4.650000000000000000e+02
4.650000000000000000e+02
4.650000000000000000e+02
4.650000000000000000e+02
4.650000000000000000e+02
4.650000000000000000e+02
4.650000000000000000e+02
4.650000000000000000e+02
4.650000000000000000e+02
4.650000000000000000e+02
4.650000000000000000e+02
4.650000000000000000e+02
4.650000000000000000e+02
4.650000000000000000e+02
4.650000000000000000e+02
4.650000000000000000e+02
4.650000000000000000e+02
4.650000000000000000e+02
4.650000000000000000e+02
4.650000000000000000e+02
4.650000000000000000e+02
4.650000000000000000e+02
4.650000000000000000e+02
4.650000000000000000e+02
4.650000000000000000e+02
4.650000000000000000e+02
4.650000000000000000e+02
4.650000000000000000e+02
4.650000000000000000e+02
4.650000000000000000e+02
4.650000000000000000e+02
4.650000000000000000e+02
4.650000000000000000e+02
4.650000000000000000e+02
4.650000000000000000e+02
4.650000000000000000e+02
4.650000000000000000e+02
4.650000000000000000e+02
4.650000000000000000e+02
4.650000000000000000e+02
4.650000000000000000e+02
4.650000000000000000e+02
4.650000000000000000e+02
4.650000000000000000e+02
4.650000000000000000e+02
4.650000000000000000e+02
4.650000000000000000e+02
4.650000000000000000e+02
4.650000000000000000e+02
4.650000000000000000e+02
4.650000000000000000e+02
4.650000000000000000e+02
4.713999999999999773e+02
4.713999999999999773e+02
4.713999999999999773e+02
4.713999999999999773e+02
4.713999999999999773e+02
4.713999999999999773e+02
4.713999999999999773e+02
4.713999999999999773e+02
4.713999999999999773e+02
4.713999999999999773e+02
4.713999999999999773e+02
4.713999999999999773e+02
4.713999999999999773e+02
4.713999999999999773e+02
4.713999999999999773e+02
4.713999999999999773e+02
4.713999999999999773e+02
4.713999999999999773e+02
4.713999999999999773e+02
4.713999999999999773e+02
4.713999999999999773e+02
4.713999999999999773e+02
4.713999999999999773e+02
4.713999999999999773e+02
4.713999999999999773e+02
4.713999999999999773e+02
4.713999999999999773e+02
4.713999999999999773e+02
4.713999999999999773e+02
4.713999999999999773e+02
4.713999999999999773e+02
4.713999999999999773e+02
4.713999999999999773e+02
4.713999999999999773e+02
4.713999999999999773e+02
4.713999999999999773e+02
4.713999999999999773e+02
4.713999999999999773e+02
4.713999999999999773e+02
4.713999999999999773e+02
4.713999999999999773e+02
4.713999999999999773e+02
4.713999999999999773e+02
4.713999999999999773e+02
4.713999999999999773e+02
4.713999999999999773e+02
4.713999999999999773e+02
4.713999999999999773e+02
4.713999999999999773e+02
4.713999999999999773e+02
4.713999999999999773e+02
4.718999999999999773e+02
4.718999999999999773e+02
4.718999999999999773e+02
4.718999999999999773e+02
4.718999999999999773e+02
4.718999999999999773e+02
4.718999999999999773e+02
4.718999999999999773e+02
4.718999999999999773e+02
4.718999999999999773e+02
4.718999999999999773e+02
4.718999999999999773e+02
4.718999999999999773e+02
4.718999999999999773e+02
4.718999999999999773e+02
4.718999999999999773e+02
4.718999999999999773e+02
4.718999999999999773e+02
4.718999999999999773e+02
4.718999999999999773e+02
4.718999999999999773e+02
4.718999999999999773e+02
4.718999999999999773e+02
4.718999999999999773e+02
4.718999999999999773e+02
4.718999999999999773e+02
4.718999999999999773e+02
4.718999999999999773e+02
4.718999999999999773e+02
4.718999999999999773e+02
4.718999999999999773e+02
4.718999999999999773e+02
4.718999999999999773e+02
4.718999999999999773e+02
4.718999999999999773e+02
4.718999999999999773e+02
4.718999999999999773e+02
4.718999999999999773e+02
4.718999999999999773e+02
4.718999999999999773e+02
4.718999999999999773e+02
4.718999999999999773e+02
4.718999999999999773e+02
4.718999999999999773e+02
4.718999999999999773e+02
4.617799999999999727e+02
4.617799999999999727e+02
4.617799999999999727e+02
4.617799999999999727e+02
4.617799999999999727e+02
4.617799999999999727e+02
4.617799999999999727e+02
4.617799999999999727e+02
4.617799999999999727e+02
4.617799999999999727e+02
4.620899999999999750e+02
4.620899999999999750e+02
4.620899999999999750e+02
4.620899999999999750e+02
4.620899999999999750e+02
4.620899999999999750e+02
4.620899999999999750e+02
4.620899999999999750e+02
4.620899999999999750e+02
4.620899999999999750e+02
4.620899999999999750e+02
4.620899999999999750e+02
4.620899999999999750e+02
4.620899999999999750e+02
4.620899999999999750e+02
4.620899999999999750e+02
4.620899999999999750e+02
4.620899999999999750e+02
4.620899999999999750e+02
4.620899999999999750e+02
4.620899999999999750e+02
4.620899999999999750e+02
4.620899999999999750e+02
4.620899999999999750e+02
4.620899999999999750e+02
4.620899999999999750e+02
4.620899999999999750e+02
4.620899999999999750e+02
4.620899999999999750e+02
4.620899999999999750e+02
4.620899999999999750e+02
4.620899999999999750e+02
4.641100000000000136e+02
4.641100000000000136e+02
4.641100000000000136e+02
4.641100000000000136e+02
4.641100000000000136e+02
4.641100000000000136e+02
4.641100000000000136e+02
4.641100000000000136e+02
4.641100000000000136e+02
4.641100000000000136e+02
4.641100000000000136e+02
4.641100000000000136e+02
4.641100000000000136e+02
4.641100000000000136e+02
4.512500000000000000e+02
4.512500000000000000e+02
4.512500000000000000e+02
4.512500000000000000e+02
4.512500000000000000e+02
4.512500000000000000e+02
4.512500000000000000e+02
4.512500000000000000e+02
4.512500000000000000e+02
4.512500000000000000e+02
4.512500000000000000e+02
4.512500000000000000e+02
4.512500000000000000e+02
4.512500000000000000e+02
4.512500000000000000e+02
4.512500000000000000e+02
4.512500000000000000e+02
4.512500000000000000e+02
4.512500000000000000e+02
4.512500000000000000e+02
4.512500000000000000e+02
4.512500000000000000e+02
4.512500000000000000e+02
4.512500000000000000e+02
4.512500000000000000e+02
4.512500000000000000e+02
4.512500000000000000e+02
4.512500000000000000e+02
4.512500000000000000e+02
4.623899999999999864e+02
4.623899999999999864e+02
4.623899999999999864e+02
4.623899999999999864e+02
4.623899999999999864e+02
4.623899999999999864e+02
4.623899999999999864e+02
4.623899999999999864e+02
4.623899999999999864e+02
4.623899999999999864e+02
4.623899999999999864e+02
4.623899999999999864e+02
4.623899999999999864e+02
4.623899999999999864e+02
4.623899999999999864e+02
4.623899999999999864e+02
4.623899999999999864e+02
4.623899999999999864e+02
4.623899999999999864e+02
4.623899999999999864e+02
4.623899999999999864e+02
4.623899999999999864e+02
4.623899999999999864e+02
4.623899999999999864e+02
4.623899999999999864e+02
4.623899999999999864e+02
4.623899999999999864e+02
4.623899999999999864e+02
4.623899999999999864e+02
4.623899999999999864e+02
4.623899999999999864e+02
4.623899999999999864e+02
4.623899999999999864e+02
4.623899999999999864e+02
4.623899999999999864e+02
4.623899999999999864e+02
4.623899999999999864e+02
4.623899999999999864e+02
