9.454633649064707324e-02
1.757784949648499295e-01
3.057574921314706318e-01
3.795444400234157523e-01
9.926859464995134230e-07
1.363963666530464414e-01
3.828571115934001901e-01
7.874751175486903454e-02
1.032342237689585183e-02
1.098110384742604848e-02
1.765323402701522437e-01
3.496705560586796491e+00
2.531342510974998731e+03
2.969757079706752734e+00
4.678278026663277439e-02
1.523369358362282000e+01
1.124444128666191567e+01
1.713360975431448452e+01
1.133868012678006210e+01
1.318255570322220827e+01
1.248965822764471767e+01
1.058016327796093847e+01
8.461827904672649225e+00
1.376553282113356502e+01
1.111737699416896419e+01
1.086997707235011568e+01
1.061967192782823588e+01
1.418856188224134662e+01
1.749880551563152054e+01
1.322829626900539068e+01
1.653214405782979668e+01
1.673089499094725596e+01
1.447919246039059615e+01
9.670324839085559177e+00
1.396044120709601799e+01
1.426311154953903149e+01
1.409938881356597662e+01
1.383583235065069950e+01
1.725079135822634058e+01
1.076134697976192633e+01
8.911392188250598423e+00
1.271816492615352345e+01
1.542816728118109282e+01
1.547049700038348519e+01
1.604333327514998331e+01
1.644685304128726955e+01
1.558832986201720239e+01
1.672495282195209754e+01
1.088215972969147849e+01
1.504852313341862313e+01
1.399557730237374997e+01
1.303437300910506913e+01
1.158983261733024328e+01
1.608545587112395481e+01
1.200869387185444026e+01
1.217726413128172780e+01
1.096264744508374633e+01
1.712905400405308143e+01
1.764339482246572999e+01
1.099769296622428705e+01
1.365140578450690612e+01
1.593564501947079037e+01
1.140102805190267254e+01
1.016686924231090750e+01
7.979722812423904799e+00
1.008969302706822191e+01
1.693073642101121834e+01
1.025548765551642738e+01
1.163262950762090497e+01
1.021872376019027051e+01
1.020857539566532779e+01
1.702610877390792865e+01
1.337213815081479673e+01
9.730584574591100377e+00
1.042377427951995372e+01
1.194292518876606302e+01
1.759364725819385100e+01
1.370496840504220337e+01
9.233883231102778311e+00
1.109277967282132238e+01
1.637593627551344966e+01
1.147872470972837533e+01
1.180095294869111733e+01
1.100336781609649428e+01
1.599606757800510870e+01
1.236976666391244173e+01
1.205352813560003256e+01
1.029267468348943027e+01
1.571605010632177724e+01
1.564909360201329669e+01
8.909896691340383867e+00
1.514572707162928644e+01
1.411149372871238050e+01
1.235595569018606987e+01
2.021220097752507172e+01
9.542087997624658868e+00
1.128962501117444717e+01
1.266593531613417767e+01
1.200189282207834829e+01
1.002330464082205808e+01
1.253441008738130868e+01
1.482059002948188287e+01
1.347242048497343703e+01
1.236918098365392105e+01
1.573681397743649590e+01
1.428901053096284635e+01
1.569874729040964567e+01
1.226934497179682104e+01
1.780148026381368354e+01
1.416639903151523860e+01
1.208133663112272949e+01
1.393003215084397794e+01
1.257414735386657334e+01
1.385650276608465603e+01
1.290354503822899446e+01
9.336445542474129056e+00
1.213857264526022028e+01
1.673020170098811121e+01
1.012472022661957816e+01
1.707248541687093635e+01
1.188100294922916511e+01
1.224397890648692666e+01
1.621440759235738227e+01
1.299526429948365092e+01
1.000062097413204043e+01
1.365480984183248125e+01
1.158686705410458551e+01
1.083085765676711709e+01
1.591603929390294248e+01
1.342353432243742262e+01
1.211689964909115957e+01
1.359574801579689662e+01
1.391735878363537715e+01
1.272789437186971284e+01
1.641219728345795303e+01
1.481618508740797857e+01
1.025038656759403111e+01
1.126137103427144659e+01
1.595448999714385785e+01
1.780835493724194407e+01
1.470896284900559436e+01
1.111359784130224959e+01
1.196504680986544678e+01
1.685013513667064089e+01
1.507391687765769284e+01
8.536090562053168185e+00
1.297337786780102320e+01
1.473753709260614286e+01
1.247093102021581323e+01
9.033054513054368684e+00
1.071038109932037585e+01
7.571037383520037523e+00
1.550472265483162460e+01
1.618683036355773197e+01
1.281273237262908715e+01
1.148666247309133759e+01
1.348154334255038478e+01
1.120842959541245420e+01
1.180256640949301783e+01
9.810880817109417507e+00
1.177952387506767451e+01
1.136350211626479911e+01
1.119383023385058173e+01
1.431526968076065209e+01
1.864860743270827470e+01
1.786272348915758457e+01
1.872405814659857981e+01
1.298639460828099601e+01
1.095357042496439171e+01
1.292299313205249511e+01
1.378841316158190722e+01
1.287546644846299948e+01
1.236468918434178654e+01
1.536252404115844961e+01
1.428798105996354018e+01
9.662912512121858200e+00
1.078758941143533079e+01
1.298903094375464029e+01
1.355406087927092784e+01
1.400045100428723188e+01
1.305346643119436756e+01
1.168664640964968626e+01
1.095653550930881259e+01
1.138335063305651396e+01
1.127029331354102482e+01
7.650594319223307238e+00
1.010109843401300544e+01
1.085687158307509748e+01
1.462290902842749318e+01
1.538710974415239185e+01
1.038254265335035242e+01
1.081330638494677387e+01
1.665698437216699901e+01
1.713659388052386845e+01
1.654901977113956946e+01
1.091006370005595905e+01
1.445596624449404466e+01
1.356790055037971499e+01
1.244898278000040293e+01
1.384914917753227570e+01
9.282435828720506876e+00
1.283761110309373166e+01
8.366388650617221145e+00
1.065605769377518186e+01
8.750084987815805349e+00
1.224407578167663324e+01
1.448013760413999940e+01
1.701785930317603857e+01
1.361689302765941179e+01
1.019498774615717274e+01
1.622333465438785183e+01
1.149976517179321078e+01
1.388124170732934637e+01
1.835916363148987074e+01
2.011253620488931659e+01
9.904839141756355048e+00
2.151642962848595175e+01
1.648154697119307244e+01
1.161245835223424194e+01
1.273575145567377831e+01
9.497021196310470259e+00
1.361593042607396598e+01
1.390871564356216794e+01
2.056475944193736183e+01
9.705579673470500879e+00
1.621346999213469076e+01
1.571434636291934694e+01
1.891544209582750824e+01
1.740067297554957548e+01
1.045555398974810046e+01
1.466582189209856502e+01
1.368659158498692818e+01
1.232008928521077529e+01
8.987757800009104514e+00
1.795485026163987641e+01
1.382970995523032975e+01
1.651241663963396888e+01
1.766656272310769893e+01
1.180653554187434295e+01
1.434976532229217483e+01
1.387098212039893852e+01
1.488896477593539913e+01
1.385624656641641295e+01
1.389464738819779654e+01
1.465266954276315836e+01
1.761906943046439977e+01
1.796293065106471332e+01
7.054169576322771640e+00
1.142478728970720780e+01
1.659573882165056702e+01
8.792706191809337213e+00
1.397682219998422859e+01
9.932325797346791774e+00
1.237346780487310838e+01
1.386707440709188255e+01
1.672279921982508810e+01
2.250655181634996183e+01
1.159100580861701602e+01
1.596645283240122559e+01
1.657548844564327339e+01
9.434051506991234959e+00
1.359854463484414211e+01
1.558952749288370931e+01
1.169716825776059466e+01
1.719547810797587317e+01
1.248193187404539017e+01
1.701170215394240515e+01
1.324570708302673872e+01
1.010391296985986997e+01
1.022659067726068827e+01
1.290703466838790625e+01
1.228853859098198953e+01
1.290617598775778241e+01
1.774333734433373877e+01
1.536226698849823435e+01
1.585366451346080119e+01
1.037576785257325973e+01
1.388793306059964117e+01
1.871542376900702465e+01
7.983676908362606461e+00
1.464213152391764083e+01
1.130424943317794018e+01
1.512820360534085573e+01
1.572501291567432702e+01
1.508834909863564455e+01
8.779196489271170023e+00
1.273742612685002484e+01
1.826259413055845116e+01
1.923277121579422300e+01
1.310217647771991700e+01
1.430576754442905596e+01
1.212183129291052630e+01
1.647444572599326662e+01
1.657269428270819489e+01
1.099013730892817087e+01
1.747020204261782439e+01
1.610268637559493499e+01
1.938945061283372340e+01
1.207907378221245054e+01
1.350035726256892410e+01
1.060420939690898656e+01
1.520806142339736233e+01
1.549975536031168843e+01
1.215430159950629552e+01
1.510679430157605374e+01
1.452460522582419600e+01
1.269553584733288076e+01
1.038491163686211927e+01
1.811448991602753722e+01
9.093095521444276130e+00
1.122418072837373870e+01
1.555194635901040456e+01
1.662745903344078258e+01
1.264642329306692936e+01
1.515275323813242103e+01
1.356742157580958086e+01
1.418220807325519495e+01
1.357617633225425102e+01
1.015217874673226461e+01
1.029228954146671171e+01
1.832635395610960671e+01
1.208333015803581745e+01
7.213449564504192502e+00
1.254371519723390449e+01
1.046937326816978242e+01
1.342796715382620931e+01
1.435885321447857166e+01
1.412038837883496889e+01
8.838531726503857655e+00
1.343261983429225026e+01
1.096984598918933962e+01
1.222457747828773833e+01
1.416215041487201098e+01
1.210770182542805884e+01
1.339395389348956833e+01
1.497494971188291579e+01
1.409407490142180031e+01
1.129432460991725762e+01
1.388457911575925507e+01
1.509186530627269462e+01
8.730772742105644468e+00
1.419951204773164655e+01
1.912128583888626565e+01
1.232327529107645070e+01
1.553069492496163662e+01
1.671702546595746952e+01
1.590534539775656420e+01
1.564189289625985779e+01
1.741261240366885588e+01
1.412551903640291684e+01
1.159753783817796169e+01
1.015799084982155520e+01
1.183659033868148747e+01
1.060953265718468685e+01
8.923721770552745625e+00
9.238030654792936502e+00
2.049605211503625668e+01
1.301982081536979408e+01
1.645656192610933033e+01
1.639931936174655291e+01
1.156854676586902286e+01
1.995301297170350807e+01
1.441315559585778061e+01
1.928957761936878157e+01
1.529831064975910415e+01
1.159251295346144595e+01
1.296166424955434948e+01
1.943970576230429259e+01
1.226392921888941778e+01
1.114580513496937719e+01
1.515530996164212674e+01
9.614746664420541933e+00
2.264652810813337069e+01
2.042773498120225639e+01
1.229388168896441513e+01
9.870626871005676151e+00
1.425438286826565104e+01
1.665347443490659529e+01
1.745137881920477696e+01
1.397682382722683947e+01
1.557117300108114044e+01
1.180450103181385124e+01
1.612817149472640921e+01
1.329668182029249834e+01
9.513986603808897158e+00
1.691478780423600980e+01
1.455371217192538502e+01
1.818148740771423988e+01
1.367910239443284048e+01
1.213009592659058633e+01
1.812464628719840576e+01
1.195645000409966485e+01
1.556443255550511751e+01
1.120665690549344617e+01
1.053326500167016633e+01
2.152198113757527764e+01
1.305116253733234366e+01
1.530186420330245234e+01
1.492868371423897678e+01
1.358801784859390516e+01
1.420438669857088421e+01
1.346563830613638579e+01
1.065345061728266174e+01
1.724440907966706504e+01
8.949073645487898077e+00
1.221861557648595920e+01
1.343572204786991087e+01
1.154416051402208865e+01
8.872280218667199847e+00
1.191569869274670879e+01
1.226709478945562282e+01
1.199095947568021892e+01
9.517431005360244001e+00
1.360139449629963693e+01
1.024608603655168437e+01
