[0.000e+00 9.000e-01 1.092e+00 1.500e+00 1.000e-06 5.000e-01 1.000e+00
 5.000e-03 1.000e-03 1.000e-03 5.000e-01 5.000e+00 2.400e+04 5.000e+00
 1.000e-02]	1545.283366599301
[6.66666667e-01 9.00000000e-01 1.09200000e+00 1.50000000e+00
 1.00000000e-06 5.00000000e-01 1.00000000e+00 5.00000000e-03
 1.00000000e-03 1.00000000e-03 5.00000000e-01 5.00000000e+00
 2.40000000e+04 5.00000000e+00 1.00000000e-02]	1545.2833665992832
[1.33333333e+00 9.00000000e-01 1.09200000e+00 1.50000000e+00
 1.00000000e-06 5.00000000e-01 1.00000000e+00 5.00000000e-03
 1.00000000e-03 1.00000000e-03 5.00000000e-01 5.00000000e+00
 2.40000000e+04 5.00000000e+00 1.00000000e-02]	1545.2833665992832
[1.33333333e+00 0.00000000e+00 1.09200000e+00 1.50000000e+00
 1.00000000e-06 5.00000000e-01 1.00000000e+00 5.00000000e-03
 1.00000000e-03 1.00000000e-03 5.00000000e-01 5.00000000e+00
 2.40000000e+04 5.00000000e+00 1.00000000e-02]	1547.3129625932609
[1.33333333e+00 6.66666667e-01 1.09200000e+00 1.50000000e+00
 1.00000000e-06 5.00000000e-01 1.00000000e+00 5.00000000e-03
 1.00000000e-03 1.00000000e-03 5.00000000e-01 5.00000000e+00
 2.40000000e+04 5.00000000e+00 1.00000000e-02]	1545.4169977396841
[1.33333333e+00 1.33333333e+00 1.09200000e+00 1.50000000e+00
 1.00000000e-06 5.00000000e-01 1.00000000e+00 5.00000000e-03
 1.00000000e-03 1.00000000e-03 5.00000000e-01 5.00000000e+00
 2.40000000e+04 5.00000000e+00 1.00000000e-02]	1545.5969888063898
