0.00 1.00 -14132.12 -14132.12 428.42 2932.94
1.00 2.00 -14123.74 -14123.74 426.38 2928.27
2.00 2.00 -14123.74 -14147.49 426.38 2928.27
3.00 2.00 -14123.74 -14155.26 426.38 2928.27
4.00 2.00 -14123.74 -14170.90 426.38 2928.27
5.00 2.00 -14123.74 -14146.94 426.38 2928.27
6.00 3.00 -14115.13 -14115.13 424.31 2931.89
7.00 3.00 -14115.13 -14147.57 424.31 2931.89
8.00 3.00 -14115.13 -14199.88 424.31 2931.89
9.00 3.00 -14115.13 -14141.42 424.31 2931.89
10.00 3.00 -14115.13 -14151.11 424.31 2931.89
11.00 3.00 -14115.13 -14163.49 424.31 2931.89
12.00 3.00 -14115.13 -14149.53 424.31 2931.89
13.00 3.00 -14115.13 -14155.64 424.31 2931.89
14.00 3.00 -14115.13 -14131.32 424.31 2931.89
15.00 3.00 -14115.13 -14140.76 424.31 2931.89
16.00 3.00 -14115.13 -14140.44 424.31 2931.89
17.00 3.00 -14115.13 -14137.75 424.31 2931.89
18.00 3.00 -14115.13 -14157.84 424.31 2931.89
19.00 3.00 -14115.13 -14127.15 424.31 2931.89
20.00 3.00 -14115.13 -14134.52 424.31 2931.89
21.00 3.00 -14115.13 -14137.54 424.31 2931.89
22.00 3.00 -14115.13 -14143.67 424.31 2931.89
23.00 3.00 -14115.13 -14145.38 424.31 2931.89
24.00 3.00 -14115.13 -14150.81 424.31 2931.89
25.00 3.00 -14115.13 -14147.21 424.31 2931.89
26.00 3.00 -14115.13 -14178.00 424.31 2931.89
27.00 3.00 -14115.13 -14153.63 424.31 2931.89
28.00 3.00 -14115.13 -14119.57 424.31 2931.89
29.00 3.00 -14115.13 -14127.02 424.31 2931.89
30.00 3.00 -14115.13 -14131.34 424.31 2931.89
31.00 3.00 -14115.13 -14167.58 424.31 2931.89
32.00 3.00 -14115.13 -14162.57 424.31 2931.89
33.00 3.00 -14115.13 -14151.69 424.31 2931.89
34.00 3.00 -14115.13 -14189.61 424.31 2931.89
35.00 3.00 -14115.13 -14149.93 424.31 2931.89
36.00 3.00 -14115.13 -14147.43 424.31 2931.89
37.00 3.00 -14115.13 -14132.44 424.31 2931.89
38.00 3.00 -14115.13 -14202.11 424.31 2931.89
39.00 3.00 -14115.13 -14124.79 424.31 2931.89
40.00 3.00 -14115.13 -14152.44 424.31 2931.89
41.00 3.00 -14115.13 -14130.94 424.31 2931.89
42.00 3.00 -14115.13 -14126.18 424.31 2931.89
43.00 3.00 -14115.13 -14146.77 424.31 2931.89
44.00 3.00 -14115.13 -14138.02 424.31 2931.89
45.00 3.00 -14115.13 -14125.44 424.31 2931.89
46.00 3.00 -14115.13 -14149.99 424.31 2931.89
47.00 3.00 -14115.13 -14193.35 424.31 2931.89
48.00 3.00 -14115.13 -14138.00 424.31 2931.89
49.00 3.00 -14115.13 -14173.26 424.31 2931.89
50.00 3.00 -14115.13 -14156.10 424.31 2931.89
51.00 3.00 -14115.13 -14160.53 424.31 2931.89
52.00 3.00 -14115.13 -14138.76 424.31 2931.89
53.00 3.00 -14115.13 -14126.63 424.31 2931.89
54.00 3.00 -14115.13 -14132.02 424.31 2931.89
55.00 3.00 -14115.13 -14119.66 424.31 2931.89
56.00 3.00 -14115.13 -14152.76 424.31 2931.89
57.00 3.00 -14115.13 -14138.07 424.31 2931.89
58.00 3.00 -14115.13 -14123.61 424.31 2931.89
59.00 3.00 -14115.13 -14229.33 424.31 2931.89
60.00 3.00 -14115.13 -14150.06 424.31 2931.89
61.00 3.00 -14115.13 -14184.16 424.31 2931.89
62.00 3.00 -14115.13 -14167.77 424.31 2931.89
63.00 3.00 -14115.13 -14133.93 424.31 2931.89
64.00 3.00 -14115.13 -14152.35 424.31 2931.89
65.00 3.00 -14115.13 -14159.80 424.31 2931.89
66.00 3.00 -14115.13 -14133.62 424.31 2931.89
67.00 3.00 -14115.13 -14123.51 424.31 2931.89
68.00 3.00 -14115.13 -14165.66 424.31 2931.89
69.00 3.00 -14115.13 -14129.03 424.31 2931.89
70.00 3.00 -14115.13 -14147.04 424.31 2931.89
71.00 4.00 -14110.93 -14110.93 423.36 2922.38
72.00 4.00 -14110.93 -14158.97 423.36 2922.38
73.00 4.00 -14110.93 -14148.88 423.36 2922.38
74.00 4.00 -14110.93 -14136.72 423.36 2922.38
75.00 5.00 -14108.52 -14108.52 422.72 2928.19
76.00 5.00 -14108.52 -14197.43 422.72 2928.19
77.00 5.00 -14108.52 -14126.65 422.72 2928.19
78.00 5.00 -14108.52 -14146.95 422.72 2928.19
79.00 5.00 -14108.52 -14143.99 422.72 2928.19
80.00 5.00 -14108.52 -14122.60 422.72 2928.19
81.00 5.00 -14108.52 -14186.17 422.72 2928.19
82.00 5.00 -14108.52 -14124.92 422.72 2928.19
83.00 5.00 -14108.52 -14136.66 422.72 2928.19
84.00 5.00 -14108.52 -14146.74 422.72 2928.19
85.00 5.00 -14108.52 -14129.33 422.72 2928.19
86.00 5.00 -14108.52 -14138.22 422.72 2928.19
87.00 5.00 -14108.52 -14145.34 422.72 2928.19
88.00 5.00 -14108.52 -14187.53 422.72 2928.19
89.00 5.00 -14108.52 -14198.67 422.72 2928.19
90.00 5.00 -14108.52 -14171.43 422.72 2928.19
91.00 5.00 -14108.52 -14121.73 422.72 2928.19
92.00 5.00 -14108.52 -14146.16 422.72 2928.19
93.00 5.00 -14108.52 -14123.66 422.72 2928.19
94.00 5.00 -14108.52 -14198.10 422.72 2928.19
95.00 5.00 -14108.52 -14202.91 422.72 2928.19
96.00 5.00 -14108.52 -14116.92 422.72 2928.19
97.00 5.00 -14108.52 -14124.53 422.72 2928.19
98.00 5.00 -14108.52 -14193.29 422.72 2928.19
99.00 5.00 -14108.52 -14154.06 422.72 2928.19
100.00 5.00 -14108.52 -14173.97 422.72 2928.19
101.00 5.00 -14108.52 -14111.19 422.72 2928.19
102.00 5.00 -14108.52 -14133.81 422.72 2928.19
103.00 5.00 -14108.52 -14140.69 422.72 2928.19
104.00 5.00 -14108.52 -14141.19 422.72 2928.19
105.00 5.00 -14108.52 -14128.55 422.72 2928.19
106.00 5.00 -14108.52 -14123.57 422.72 2928.19
107.00 5.00 -14108.52 -14120.83 422.72 2928.19
108.00 5.00 -14108.52 -14146.50 422.72 2928.19
109.00 5.00 -14108.52 -14123.57 422.72 2928.19
110.00 5.00 -14108.52 -14133.00 422.72 2928.19
111.00 5.00 -14108.52 -14170.81 422.72 2928.19
112.00 5.00 -14108.52 -14193.15 422.72 2928.19
113.00 5.00 -14108.52 -14142.61 422.72 2928.19
114.00 5.00 -14108.52 -14130.31 422.72 2928.19
115.00 5.00 -14108.52 -14123.61 422.72 2928.19
116.00 5.00 -14108.52 -14161.00 422.72 2928.19
117.00 5.00 -14108.52 -14171.00 422.72 2928.19
118.00 5.00 -14108.52 -14124.10 422.72 2928.19
119.00 5.00 -14108.52 -14165.65 422.72 2928.19
120.00 5.00 -14108.52 -14116.38 422.72 2928.19
121.00 5.00 -14108.52 -14196.06 422.72 2928.19
122.00 5.00 -14108.52 -14200.04 422.72 2928.19
123.00 5.00 -14108.52 -14148.74 422.72 2928.19
124.00 5.00 -14108.52 -14121.11 422.72 2928.19
125.00 5.00 -14108.52 -14159.48 422.72 2928.19
126.00 5.00 -14108.52 -14179.76 422.72 2928.19
127.00 5.00 -14108.52 -14138.71 422.72 2928.19
128.00 5.00 -14108.52 -14181.05 422.72 2928.19
129.00 5.00 -14108.52 -14188.48 422.72 2928.19
130.00 5.00 -14108.52 -14115.28 422.72 2928.19
131.00 5.00 -14108.52 -14116.56 422.72 2928.19
132.00 5.00 -14108.52 -14188.67 422.72 2928.19
133.00 5.00 -14108.52 -14134.35 422.72 2928.19
134.00 5.00 -14108.52 -14164.00 422.72 2928.19
135.00 5.00 -14108.52 -14177.49 422.72 2928.19
136.00 5.00 -14108.52 -14146.09 422.72 2928.19
137.00 5.00 -14108.52 -14159.94 422.72 2928.19
138.00 5.00 -14108.52 -14136.21 422.72 2928.19
139.00 5.00 -14108.52 -14147.71 422.72 2928.19
140.00 5.00 -14108.52 -14134.49 422.72 2928.19
141.00 5.00 -14108.52 -14155.19 422.72 2928.19
142.00 6.00 -14106.54 -14106.54 422.33 2912.25
143.00 6.00 -14106.54 -14131.71 422.33 2912.25
144.00 6.00 -14106.54 -14133.73 422.33 2912.25
145.00 6.00 -14106.54 -14134.80 422.33 2912.25
146.00 6.00 -14106.54 -14154.27 422.33 2912.25
147.00 6.00 -14106.54 -14130.89 422.33 2912.25
148.00 6.00 -14106.54 -14157.00 422.33 2912.25
149.00 6.00 -14106.54 -14126.34 422.33 2912.25
150.00 6.00 -14106.54 -14119.31 422.33 2912.25
151.00 6.00 -14106.54 -14122.02 422.33 2912.25
152.00 6.00 -14106.54 -14138.20 422.33 2912.25
153.00 6.00 -14106.54 -14135.78 422.33 2912.25
154.00 6.00 -14106.54 -14165.23 422.33 2912.25
155.00 6.00 -14106.54 -14139.35 422.33 2912.25
156.00 6.00 -14106.54 -14159.28 422.33 2912.25
157.00 6.00 -14106.54 -14129.38 422.33 2912.25
158.00 6.00 -14106.54 -14138.94 422.33 2912.25
159.00 6.00 -14106.54 -14130.54 422.33 2912.25
160.00 6.00 -14106.54 -14135.18 422.33 2912.25
161.00 6.00 -14106.54 -14150.17 422.33 2912.25
162.00 6.00 -14106.54 -14148.09 422.33 2912.25
163.00 6.00 -14106.54 -14138.56 422.33 2912.25
164.00 6.00 -14106.54 -14148.31 422.33 2912.25
165.00 6.00 -14106.54 -14153.36 422.33 2912.25
166.00 6.00 -14106.54 -14129.32 422.33 2912.25
167.00 6.00 -14106.54 -14155.13 422.33 2912.25
168.00 6.00 -14106.54 -14150.42 422.33 2912.25
169.00 6.00 -14106.54 -14139.91 422.33 2912.25
170.00 6.00 -14106.54 -14117.95 422.33 2912.25
171.00 6.00 -14106.54 -14140.16 422.33 2912.25
172.00 6.00 -14106.54 -14157.85 422.33 2912.25
173.00 6.00 -14106.54 -14136.16 422.33 2912.25
174.00 6.00 -14106.54 -14163.59 422.33 2912.25
175.00 6.00 -14106.54 -14151.67 422.33 2912.25
176.00 6.00 -14106.54 -14129.60 422.33 2912.25
177.00 6.00 -14106.54 -14124.46 422.33 2912.25
178.00 6.00 -14106.54 -14134.45 422.33 2912.25
179.00 6.00 -14106.54 -14159.83 422.33 2912.25
180.00 7.00 -14104.12 -14104.12 421.70 2926.38
181.00 7.00 -14104.12 -14133.84 421.70 2926.38
182.00 7.00 -14104.12 -14151.31 421.70 2926.38
183.00 7.00 -14104.12 -14148.51 421.70 2926.38
184.00 7.00 -14104.12 -14133.27 421.70 2926.38
185.00 7.00 -14104.12 -14143.14 421.70 2926.38
186.00 7.00 -14104.12 -14110.45 421.70 2926.38
187.00 7.00 -14104.12 -14149.06 421.70 2926.38
188.00 7.00 -14104.12 -14112.48 421.70 2926.38
189.00 7.00 -14104.12 -14144.55 421.70 2926.38
190.00 7.00 -14104.12 -14140.41 421.70 2926.38
191.00 7.00 -14104.12 -14158.84 421.70 2926.38
192.00 7.00 -14104.12 -14110.96 421.70 2926.38
