0.00 0.00 -28291.42 -28299.40 1.00 1.00
1.00 1.00 -28268.90 -28268.90 428.99 2936.03
2.00 1.00 -28268.90 -28322.17 428.99 2936.03
3.00 1.00 -28268.90 -28319.30 428.99 2936.03
4.00 1.00 -28268.90 -28324.97 428.99 2936.03
5.00 1.00 -28268.90 -28273.80 428.99 2936.03
6.00 2.00 -28232.09 -28232.09 424.57 2928.05
7.00 3.00 -28212.61 -28212.61 422.21 2929.48
8.00 3.00 -28212.61 -28275.84 422.21 2929.48
9.00 3.00 -28212.61 -28272.24 422.21 2929.48
10.00 3.00 -28212.61 -28267.84 422.21 2929.48
11.00 3.00 -28212.61 -28310.30 422.21 2929.48
12.00 3.00 -28212.61 -28286.85 422.21 2929.48
13.00 4.00 -28211.04 -28211.04 421.98 2932.21
14.00 4.00 -28211.04 -28268.81 421.98 2932.21
15.00 4.00 -28211.04 -28228.01 421.98 2932.21
16.00 4.00 -28211.04 -28338.39 421.98 2932.21
17.00 4.00 -28211.04 -28304.67 421.98 2932.21
18.00 5.00 -28204.25 -28204.25 421.26 2917.06
19.00 5.00 -28204.25 -28272.37 421.26 2917.06
20.00 5.00 -28204.25 -28238.33 421.26 2917.06
21.00 5.00 -28204.25 -28322.31 421.26 2917.06
22.00 5.00 -28204.25 -28320.91 421.26 2917.06
23.00 5.00 -28204.25 -28277.81 421.26 2917.06
24.00 5.00 -28204.25 -28293.84 421.26 2917.06
25.00 5.00 -28204.25 -28229.53 421.26 2917.06
26.00 5.00 -28204.25 -28291.69 421.26 2917.06
27.00 5.00 -28204.25 -28268.22 421.26 2917.06
28.00 6.00 -28199.24 -28199.24 420.65 2924.48
29.00 6.00 -28199.24 -28287.37 420.65 2924.48
30.00 6.00 -28199.24 -28282.65 420.65 2924.48
31.00 6.00 -28199.24 -28304.79 420.65 2924.48
32.00 6.00 -28199.24 -28269.71 420.65 2924.48
33.00 6.00 -28199.24 -28242.93 420.65 2924.48
34.00 6.00 -28199.24 -28282.26 420.65 2924.48
35.00 6.00 -28199.24 -28338.51 420.65 2924.48
36.00 6.00 -28199.24 -28234.78 420.65 2924.48
37.00 6.00 -28199.24 -28290.09 420.65 2924.48
38.00 6.00 -28199.24 -28227.93 420.65 2924.48
39.00 6.00 -28199.24 -28204.26 420.65 2924.48
40.00 6.00 -28199.24 -28218.50 420.65 2924.48
41.00 6.00 -28199.24 -28289.61 420.65 2924.48
42.00 6.00 -28199.24 -28223.35 420.65 2924.48
43.00 6.00 -28199.24 -28287.04 420.65 2924.48
44.00 6.00 -28199.24 -28284.96 420.65 2924.48
45.00 6.00 -28199.24 -28301.20 420.65 2924.48
46.00 6.00 -28199.24 -28315.65 420.65 2924.48
47.00 6.00 -28199.24 -28226.85 420.65 2924.48
48.00 6.00 -28199.24 -28276.77 420.65 2924.48
49.00 6.00 -28199.24 -28247.77 420.65 2924.48
50.00 6.00 -28199.24 -28343.59 420.65 2924.48
51.00 6.00 -28199.24 -28235.64 420.65 2924.48
52.00 6.00 -28199.24 -28258.19 420.65 2924.48
53.00 6.00 -28199.24 -28310.03 420.65 2924.48
54.00 6.00 -28199.24 -28286.06 420.65 2924.48
55.00 6.00 -28199.24 -28267.81 420.65 2924.48
56.00 6.00 -28199.24 -28273.65 420.65 2924.48
57.00 6.00 -28199.24 -28257.35 420.65 2924.48
58.00 6.00 -28199.24 -28324.56 420.65 2924.48
59.00 6.00 -28199.24 -28256.85 420.65 2924.48
60.00 6.00 -28199.24 -28278.61 420.65 2924.48
61.00 6.00 -28199.24 -28287.25 420.65 2924.48
62.00 6.00 -28199.24 -28299.44 420.65 2924.48
63.00 6.00 -28199.24 -28352.29 420.65 2924.48
64.00 6.00 -28199.24 -28248.43 420.65 2924.48
65.00 6.00 -28199.24 -28369.36 420.65 2924.48
66.00 6.00 -28199.24 -28309.39 420.65 2924.48
67.00 6.00 -28199.24 -28260.24 420.65 2924.48
68.00 6.00 -28199.24 -28305.64 420.65 2924.48
69.00 6.00 -28199.24 -28292.59 420.65 2924.48
70.00 6.00 -28199.24 -28215.72 420.65 2924.48
71.00 6.00 -28199.24 -28254.03 420.65 2924.48
72.00 6.00 -28199.24 -28275.90 420.65 2924.48
73.00 6.00 -28199.24 -28241.30 420.65 2924.48
74.00 6.00 -28199.24 -28295.69 420.65 2924.48
75.00 6.00 -28199.24 -28339.21 420.65 2924.48
76.00 6.00 -28199.24 -28280.88 420.65 2924.48
77.00 6.00 -28199.24 -28399.37 420.65 2924.48
78.00 6.00 -28199.24 -28320.45 420.65 2924.48
79.00 6.00 -28199.24 -28250.06 420.65 2924.48
80.00 6.00 -28199.24 -28250.49 420.65 2924.48
81.00 6.00 -28199.24 -28294.96 420.65 2924.48
82.00 6.00 -28199.24 -28268.27 420.65 2924.48
83.00 6.00 -28199.24 -28272.65 420.65 2924.48
84.00 6.00 -28199.24 -28265.73 420.65 2924.48
85.00 6.00 -28199.24 -28285.25 420.65 2924.48
86.00 6.00 -28199.24 -28222.76 420.65 2924.48
87.00 6.00 -28199.24 -28291.41 420.65 2924.48
88.00 6.00 -28199.24 -28272.10 420.65 2924.48
89.00 6.00 -28199.24 -28272.26 420.65 2924.48
90.00 6.00 -28199.24 -28342.25 420.65 2924.48
91.00 6.00 -28199.24 -28252.48 420.65 2924.48
92.00 6.00 -28199.24 -28245.94 420.65 2924.48
93.00 6.00 -28199.24 -28302.72 420.65 2924.48
94.00 6.00 -28199.24 -28292.23 420.65 2924.48
95.00 6.00 -28199.24 -28377.28 420.65 2924.48
96.00 6.00 -28199.24 -28252.35 420.65 2924.48
97.00 6.00 -28199.24 -28266.99 420.65 2924.48
98.00 6.00 -28199.24 -28326.24 420.65 2924.48
99.00 6.00 -28199.24 -28297.57 420.65 2924.48
100.00 6.00 -28199.24 -28264.09 420.65 2924.48
101.00 6.00 -28199.24 -28321.62 420.65 2924.48
102.00 6.00 -28199.24 -28300.67 420.65 2924.48
103.00 6.00 -28199.24 -28284.26 420.65 2924.48
104.00 6.00 -28199.24 -28262.15 420.65 2924.48
105.00 6.00 -28199.24 -28299.05 420.65 2924.48
106.00 6.00 -28199.24 -28263.16 420.65 2924.48
107.00 6.00 -28199.24 -28295.07 420.65 2924.48
108.00 6.00 -28199.24 -28294.89 420.65 2924.48
109.00 6.00 -28199.24 -28313.92 420.65 2924.48
110.00 6.00 -28199.24 -28296.28 420.65 2924.48
111.00 6.00 -28199.24 -28348.81 420.65 2924.48
112.00 6.00 -28199.24 -28263.65 420.65 2924.48
113.00 6.00 -28199.24 -28262.58 420.65 2924.48
114.00 6.00 -28199.24 -28303.93 420.65 2924.48
115.00 6.00 -28199.24 -28280.33 420.65 2924.48
116.00 6.00 -28199.24 -28363.83 420.65 2924.48
117.00 6.00 -28199.24 -28314.38 420.65 2924.48
118.00 6.00 -28199.24 -28311.66 420.65 2924.48
119.00 6.00 -28199.24 -28242.43 420.65 2924.48
120.00 6.00 -28199.24 -28350.17 420.65 2924.48
121.00 6.00 -28199.24 -28263.84 420.65 2924.48
122.00 6.00 -28199.24 -28264.46 420.65 2924.48
123.00 6.00 -28199.24 -28264.91 420.65 2924.48
124.00 6.00 -28199.24 -28230.46 420.65 2924.48
125.00 6.00 -28199.24 -28243.40 420.65 2924.48
126.00 6.00 -28199.24 -28246.12 420.65 2924.48
127.00 6.00 -28199.24 -28302.59 420.65 2924.48
128.00 6.00 -28199.24 -28247.96 420.65 2924.48
129.00 6.00 -28199.24 -28306.71 420.65 2924.48
130.00 6.00 -28199.24 -28246.29 420.65 2924.48
131.00 6.00 -28199.24 -28239.77 420.65 2924.48
132.00 6.00 -28199.24 -28254.62 420.65 2924.48
133.00 6.00 -28199.24 -28219.97 420.65 2924.48
134.00 6.00 -28199.24 -28246.75 420.65 2924.48
135.00 6.00 -28199.24 -28316.68 420.65 2924.48
136.00 6.00 -28199.24 -28278.97 420.65 2924.48
137.00 6.00 -28199.24 -28289.16 420.65 2924.48
138.00 6.00 -28199.24 -28280.65 420.65 2924.48
139.00 6.00 -28199.24 -28260.04 420.65 2924.48
140.00 6.00 -28199.24 -28265.83 420.65 2924.48
141.00 6.00 -28199.24 -28298.28 420.65 2924.48
142.00 6.00 -28199.24 -28250.75 420.65 2924.48
143.00 6.00 -28199.24 -28249.79 420.65 2924.48
144.00 6.00 -28199.24 -28297.71 420.65 2924.48
145.00 6.00 -28199.24 -28336.40 420.65 2924.48
146.00 6.00 -28199.24 -28295.63 420.65 2924.48
147.00 6.00 -28199.24 -28318.26 420.65 2924.48
148.00 6.00 -28199.24 -28268.38 420.65 2924.48
149.00 6.00 -28199.24 -28270.46 420.65 2924.48
150.00 6.00 -28199.24 -28297.66 420.65 2924.48
151.00 6.00 -28199.24 -28309.24 420.65 2924.48
152.00 6.00 -28199.24 -28237.46 420.65 2924.48
153.00 6.00 -28199.24 -28264.62 420.65 2924.48
154.00 6.00 -28199.24 -28351.84 420.65 2924.48
155.00 6.00 -28199.24 -28319.97 420.65 2924.48
156.00 6.00 -28199.24 -28285.30 420.65 2924.48
157.00 6.00 -28199.24 -28293.99 420.65 2924.48
158.00 6.00 -28199.24 -28254.10 420.65 2924.48
159.00 6.00 -28199.24 -28260.63 420.65 2924.48
160.00 6.00 -28199.24 -28300.00 420.65 2924.48
161.00 6.00 -28199.24 -28293.69 420.65 2924.48
162.00 6.00 -28199.24 -28454.22 420.65 2924.48
163.00 6.00 -28199.24 -28316.39 420.65 2924.48
164.00 6.00 -28199.24 -28229.56 420.65 2924.48
165.00 6.00 -28199.24 -28252.73 420.65 2924.48
166.00 6.00 -28199.24 -28243.44 420.65 2924.48
167.00 6.00 -28199.24 -28306.94 420.65 2924.48
168.00 6.00 -28199.24 -28228.52 420.65 2924.48
169.00 6.00 -28199.24 -28364.12 420.65 2924.48
170.00 6.00 -28199.24 -28264.75 420.65 2924.48
171.00 6.00 -28199.24 -28299.82 420.65 2924.48
172.00 6.00 -28199.24 -28261.32 420.65 2924.48
173.00 6.00 -28199.24 -28262.25 420.65 2924.48
174.00 6.00 -28199.24 -28295.84 420.65 2924.48
175.00 6.00 -28199.24 -28316.51 420.65 2924.48
176.00 6.00 -28199.24 -28328.05 420.65 2924.48
177.00 6.00 -28199.24 -28286.13 420.65 2924.48
178.00 6.00 -28199.24 -28255.22 420.65 2924.48
179.00 6.00 -28199.24 -28241.90 420.65 2924.48
180.00 6.00 -28199.24 -28266.25 420.65 2924.48
181.00 6.00 -28199.24 -28287.81 420.65 2924.48
182.00 6.00 -28199.24 -28273.08 420.65 2924.48
183.00 6.00 -28199.24 -28302.11 420.65 2924.48
184.00 6.00 -28199.24 -28303.77 420.65 2924.48
185.00 6.00 -28199.24 -28284.01 420.65 2924.48
186.00 6.00 -28199.24 -28238.72 420.65 2924.48
187.00 6.00 -28199.24 -28248.21 420.65 2924.48
188.00 6.00 -28199.24 -28335.70 420.65 2924.48
189.00 6.00 -28199.24 -28298.61 420.65 2924.48
190.00 6.00 -28199.24 -28265.02 420.65 2924.48
191.00 6.00 -28199.24 -28363.22 420.65 2924.48
192.00 6.00 -28199.24 -28241.86 420.65 2924.48
