0.00 0.00 -15623.77 -15641.67 1.00 1.00
1.00 1.00 -15603.18 -15603.18 428.30 2948.05
2.00 2.00 -15594.02 -15594.02 426.44 2928.67
3.00 2.00 -15594.02 -15602.33 426.44 2928.67
4.00 2.00 -15594.02 -15627.35 426.44 2928.67
5.00 2.00 -15594.02 -15625.53 426.44 2928.67
6.00 2.00 -15594.02 -15621.45 426.44 2928.67
7.00 2.00 -15594.02 -15629.98 426.44 2928.67
8.00 2.00 -15594.02 -15654.09 426.44 2928.67
9.00 2.00 -15594.02 -15626.15 426.44 2928.67
10.00 2.00 -15594.02 -15625.14 426.44 2928.67
11.00 2.00 -15594.02 -15597.73 426.44 2928.67
12.00 2.00 -15594.02 -15602.94 426.44 2928.67
13.00 2.00 -15594.02 -15618.33 426.44 2928.67
14.00 2.00 -15594.02 -15658.39 426.44 2928.67
15.00 2.00 -15594.02 -15630.34 426.44 2928.67
16.00 2.00 -15594.02 -15598.67 426.44 2928.67
17.00 2.00 -15594.02 -15610.55 426.44 2928.67
18.00 2.00 -15594.02 -15623.21 426.44 2928.67
19.00 2.00 -15594.02 -15638.22 426.44 2928.67
20.00 2.00 -15594.02 -15635.63 426.44 2928.67
21.00 2.00 -15594.02 -15628.06 426.44 2928.67
22.00 2.00 -15594.02 -15625.23 426.44 2928.67
23.00 2.00 -15594.02 -15624.75 426.44 2928.67
24.00 2.00 -15594.02 -15628.80 426.44 2928.67
25.00 2.00 -15594.02 -15607.34 426.44 2928.67
26.00 2.00 -15594.02 -15624.49 426.44 2928.67
27.00 2.00 -15594.02 -15650.78 426.44 2928.67
28.00 2.00 -15594.02 -15630.69 426.44 2928.67
29.00 2.00 -15594.02 -15667.87 426.44 2928.67
30.00 2.00 -15594.02 -15619.89 426.44 2928.67
31.00 2.00 -15594.02 -15629.22 426.44 2928.67
32.00 2.00 -15594.02 -15638.11 426.44 2928.67
33.00 2.00 -15594.02 -15602.67 426.44 2928.67
34.00 2.00 -15594.02 -15609.20 426.44 2928.67
35.00 2.00 -15594.02 -15626.73 426.44 2928.67
36.00 2.00 -15594.02 -15619.14 426.44 2928.67
37.00 2.00 -15594.02 -15634.24 426.44 2928.67
38.00 2.00 -15594.02 -15643.25 426.44 2928.67
39.00 2.00 -15594.02 -15607.55 426.44 2928.67
40.00 2.00 -15594.02 -15617.09 426.44 2928.67
41.00 2.00 -15594.02 -15601.32 426.44 2928.67
42.00 2.00 -15594.02 -15596.12 426.44 2928.67
43.00 2.00 -15594.02 -15608.86 426.44 2928.67
44.00 2.00 -15594.02 -15599.37 426.44 2928.67
45.00 2.00 -15594.02 -15643.15 426.44 2928.67
46.00 2.00 -15594.02 -15635.82 426.44 2928.67
47.00 2.00 -15594.02 -15615.87 426.44 2928.67
48.00 2.00 -15594.02 -15621.97 426.44 2928.67
49.00 2.00 -15594.02 -15623.82 426.44 2928.67
50.00 2.00 -15594.02 -15631.78 426.44 2928.67
51.00 2.00 -15594.02 -15631.66 426.44 2928.67
52.00 2.00 -15594.02 -15631.27 426.44 2928.67
53.00 2.00 -15594.02 -15613.34 426.44 2928.67
54.00 2.00 -15594.02 -15617.33 426.44 2928.67
55.00 2.00 -15594.02 -15630.63 426.44 2928.67
56.00 2.00 -15594.02 -15622.76 426.44 2928.67
57.00 2.00 -15594.02 -15635.12 426.44 2928.67
58.00 2.00 -15594.02 -15664.05 426.44 2928.67
59.00 2.00 -15594.02 -15692.89 426.44 2928.67
60.00 2.00 -15594.02 -15614.12 426.44 2928.67
61.00 2.00 -15594.02 -15631.06 426.44 2928.67
62.00 2.00 -15594.02 -15630.54 426.44 2928.67
63.00 3.00 -15571.60 -15571.60 421.46 2938.89
64.00 3.00 -15571.60 -15617.37 421.46 2938.89
65.00 3.00 -15571.60 -15606.33 421.46 2938.89
66.00 3.00 -15571.60 -15627.02 421.46 2938.89
67.00 3.00 -15571.60 -15636.30 421.46 2938.89
68.00 3.00 -15571.60 -15629.06 421.46 2938.89
69.00 3.00 -15571.60 -15617.81 421.46 2938.89
70.00 3.00 -15571.60 -15633.73 421.46 2938.89
71.00 3.00 -15571.60 -15626.18 421.46 2938.89
72.00 3.00 -15571.60 -15628.60 421.46 2938.89
73.00 3.00 -15571.60 -15638.64 421.46 2938.89
74.00 3.00 -15571.60 -15622.63 421.46 2938.89
75.00 3.00 -15571.60 -15627.59 421.46 2938.89
76.00 3.00 -15571.60 -15606.87 421.46 2938.89
77.00 3.00 -15571.60 -15649.84 421.46 2938.89
78.00 3.00 -15571.60 -15624.99 421.46 2938.89
79.00 3.00 -15571.60 -15621.61 421.46 2938.89
80.00 3.00 -15571.60 -15596.04 421.46 2938.89
81.00 3.00 -15571.60 -15648.64 421.46 2938.89
82.00 3.00 -15571.60 -15617.07 421.46 2938.89
83.00 3.00 -15571.60 -15643.53 421.46 2938.89
84.00 3.00 -15571.60 -15597.18 421.46 2938.89
85.00 3.00 -15571.60 -15646.92 421.46 2938.89
86.00 3.00 -15571.60 -15592.16 421.46 2938.89
87.00 3.00 -15571.60 -15616.18 421.46 2938.89
88.00 3.00 -15571.60 -15601.44 421.46 2938.89
89.00 3.00 -15571.60 -15594.30 421.46 2938.89
90.00 3.00 -15571.60 -15608.17 421.46 2938.89
91.00 3.00 -15571.60 -15601.80 421.46 2938.89
92.00 3.00 -15571.60 -15642.32 421.46 2938.89
93.00 3.00 -15571.60 -15617.82 421.46 2938.89
94.00 3.00 -15571.60 -15656.58 421.46 2938.89
95.00 3.00 -15571.60 -15665.31 421.46 2938.89
96.00 3.00 -15571.60 -15606.01 421.46 2938.89
97.00 3.00 -15571.60 -15639.34 421.46 2938.89
98.00 3.00 -15571.60 -15595.06 421.46 2938.89
99.00 3.00 -15571.60 -15627.89 421.46 2938.89
100.00 3.00 -15571.60 -15598.48 421.46 2938.89
101.00 3.00 -15571.60 -15601.43 421.46 2938.89
102.00 3.00 -15571.60 -15616.85 421.46 2938.89
103.00 3.00 -15571.60 -15609.82 421.46 2938.89
104.00 3.00 -15571.60 -15687.29 421.46 2938.89
105.00 3.00 -15571.60 -15635.07 421.46 2938.89
106.00 3.00 -15571.60 -15630.69 421.46 2938.89
107.00 3.00 -15571.60 -15644.06 421.46 2938.89
108.00 3.00 -15571.60 -15637.98 421.46 2938.89
109.00 3.00 -15571.60 -15655.75 421.46 2938.89
110.00 3.00 -15571.60 -15607.04 421.46 2938.89
111.00 3.00 -15571.60 -15620.50 421.46 2938.89
112.00 3.00 -15571.60 -15705.95 421.46 2938.89
113.00 3.00 -15571.60 -15644.03 421.46 2938.89
114.00 3.00 -15571.60 -15615.97 421.46 2938.89
115.00 3.00 -15571.60 -15641.72 421.46 2938.89
116.00 3.00 -15571.60 -15626.03 421.46 2938.89
117.00 3.00 -15571.60 -15617.31 421.46 2938.89
118.00 3.00 -15571.60 -15577.23 421.46 2938.89
119.00 3.00 -15571.60 -15619.54 421.46 2938.89
120.00 3.00 -15571.60 -15624.25 421.46 2938.89
121.00 3.00 -15571.60 -15614.76 421.46 2938.89
122.00 3.00 -15571.60 -15609.19 421.46 2938.89
123.00 3.00 -15571.60 -15644.61 421.46 2938.89
124.00 3.00 -15571.60 -15621.56 421.46 2938.89
125.00 3.00 -15571.60 -15639.79 421.46 2938.89
126.00 3.00 -15571.60 -15639.75 421.46 2938.89
127.00 3.00 -15571.60 -15616.37 421.46 2938.89
128.00 3.00 -15571.60 -15637.05 421.46 2938.89
129.00 3.00 -15571.60 -15627.87 421.46 2938.89
130.00 3.00 -15571.60 -15607.09 421.46 2938.89
131.00 3.00 -15571.60 -15624.00 421.46 2938.89
132.00 3.00 -15571.60 -15595.00 421.46 2938.89
133.00 3.00 -15571.60 -15617.59 421.46 2938.89
134.00 3.00 -15571.60 -15657.87 421.46 2938.89
135.00 3.00 -15571.60 -15633.77 421.46 2938.89
136.00 3.00 -15571.60 -15631.68 421.46 2938.89
137.00 3.00 -15571.60 -15616.55 421.46 2938.89
138.00 3.00 -15571.60 -15624.87 421.46 2938.89
139.00 3.00 -15571.60 -15633.40 421.46 2938.89
140.00 3.00 -15571.60 -15622.34 421.46 2938.89
141.00 3.00 -15571.60 -15616.83 421.46 2938.89
142.00 3.00 -15571.60 -15610.75 421.46 2938.89
143.00 3.00 -15571.60 -15597.72 421.46 2938.89
144.00 3.00 -15571.60 -15588.04 421.46 2938.89
145.00 3.00 -15571.60 -15623.79 421.46 2938.89
146.00 3.00 -15571.60 -15609.00 421.46 2938.89
147.00 3.00 -15571.60 -15616.93 421.46 2938.89
148.00 3.00 -15571.60 -15607.21 421.46 2938.89
149.00 3.00 -15571.60 -15630.12 421.46 2938.89
150.00 3.00 -15571.60 -15599.40 421.46 2938.89
151.00 3.00 -15571.60 -15596.69 421.46 2938.89
152.00 3.00 -15571.60 -15609.30 421.46 2938.89
153.00 3.00 -15571.60 -15623.29 421.46 2938.89
154.00 3.00 -15571.60 -15632.18 421.46 2938.89
155.00 3.00 -15571.60 -15625.11 421.46 2938.89
156.00 3.00 -15571.60 -15613.64 421.46 2938.89
157.00 3.00 -15571.60 -15611.25 421.46 2938.89
158.00 3.00 -15571.60 -15618.49 421.46 2938.89
159.00 3.00 -15571.60 -15627.69 421.46 2938.89
160.00 3.00 -15571.60 -15623.47 421.46 2938.89
161.00 3.00 -15571.60 -15606.79 421.46 2938.89
162.00 3.00 -15571.60 -15652.70 421.46 2938.89
163.00 3.00 -15571.60 -15610.62 421.46 2938.89
164.00 3.00 -15571.60 -15634.98 421.46 2938.89
165.00 3.00 -15571.60 -15635.08 421.46 2938.89
166.00 3.00 -15571.60 -15645.25 421.46 2938.89
167.00 3.00 -15571.60 -15632.69 421.46 2938.89
168.00 3.00 -15571.60 -15607.99 421.46 2938.89
169.00 3.00 -15571.60 -15618.94 421.46 2938.89
170.00 3.00 -15571.60 -15600.35 421.46 2938.89
171.00 3.00 -15571.60 -15636.62 421.46 2938.89
172.00 3.00 -15571.60 -15645.85 421.46 2938.89
173.00 3.00 -15571.60 -15622.22 421.46 2938.89
174.00 3.00 -15571.60 -15610.44 421.46 2938.89
175.00 3.00 -15571.60 -15665.73 421.46 2938.89
176.00 3.00 -15571.60 -15607.25 421.46 2938.89
177.00 3.00 -15571.60 -15594.21 421.46 2938.89
178.00 3.00 -15571.60 -15623.62 421.46 2938.89
179.00 3.00 -15571.60 -15605.13 421.46 2938.89
180.00 3.00 -15571.60 -15617.27 421.46 2938.89
181.00 3.00 -15571.60 -15619.45 421.46 2938.89
182.00 3.00 -15571.60 -15642.63 421.46 2938.89
183.00 3.00 -15571.60 -15613.56 421.46 2938.89
184.00 3.00 -15571.60 -15630.38 421.46 2938.89
185.00 3.00 -15571.60 -15614.32 421.46 2938.89
186.00 3.00 -15571.60 -15609.66 421.46 2938.89
187.00 3.00 -15571.60 -15633.43 421.46 2938.89
188.00 3.00 -15571.60 -15628.79 421.46 2938.89
189.00 3.00 -15571.60 -15622.22 421.46 2938.89
190.00 3.00 -15571.60 -15652.41 421.46 2938.89
191.00 3.00 -15571.60 -15611.43 421.46 2938.89
192.00 3.00 -15571.60 -15606.55 421.46 2938.89
