0.00 1.00 -23199.86 -23199.86 430.41 2946.30
1.00 1.00 -23199.86 -23246.48 430.41 2946.30
2.00 1.00 -23199.86 -23238.11 430.41 2946.30
3.00 1.00 -23199.86 -23225.24 430.41 2946.30
4.00 1.00 -23199.86 -23205.80 430.41 2946.30
5.00 1.00 -23199.86 -23202.13 430.41 2946.30
6.00 1.00 -23199.86 -23217.51 430.41 2946.30
7.00 1.00 -23199.86 -23206.90 430.41 2946.30
8.00 2.00 -23193.89 -23193.89 429.57 2936.48
9.00 3.00 -23190.99 -23190.99 429.12 2940.29
10.00 3.00 -23190.99 -23205.53 429.12 2940.29
11.00 3.00 -23190.99 -23194.67 429.12 2940.29
12.00 4.00 -23159.11 -23159.11 424.39 2940.84
13.00 4.00 -23159.11 -23203.39 424.39 2940.84
14.00 4.00 -23159.11 -23184.46 424.39 2940.84
15.00 5.00 -23158.69 -23158.69 424.37 2931.12
16.00 5.00 -23158.69 -23212.08 424.37 2931.12
17.00 5.00 -23158.69 -23193.73 424.37 2931.12
18.00 5.00 -23158.69 -23232.90 424.37 2931.12
19.00 5.00 -23158.69 -23225.24 424.37 2931.12
20.00 5.00 -23158.69 -23193.22 424.37 2931.12
21.00 5.00 -23158.69 -23222.66 424.37 2931.12
22.00 6.00 -23156.38 -23156.38 424.05 2923.77
23.00 6.00 -23156.38 -23251.61 424.05 2923.77
24.00 6.00 -23156.38 -23198.03 424.05 2923.77
25.00 6.00 -23156.38 -23233.38 424.05 2923.77
26.00 6.00 -23156.38 -23198.06 424.05 2923.77
27.00 6.00 -23156.38 -23162.40 424.05 2923.77
28.00 6.00 -23156.38 -23213.68 424.05 2923.77
29.00 6.00 -23156.38 -23171.74 424.05 2923.77
30.00 6.00 -23156.38 -23228.33 424.05 2923.77
31.00 7.00 -23130.74 -23130.74 420.29 2926.61
32.00 7.00 -23130.74 -23135.99 420.29 2926.61
33.00 7.00 -23130.74 -23198.84 420.29 2926.61
34.00 7.00 -23130.74 -23176.42 420.29 2926.61
35.00 7.00 -23130.74 -23222.29 420.29 2926.61
36.00 7.00 -23130.74 -23225.24 420.29 2926.61
37.00 7.00 -23130.74 -23228.38 420.29 2926.61
38.00 7.00 -23130.74 -23183.13 420.29 2926.61
39.00 7.00 -23130.74 -23186.03 420.29 2926.61
40.00 7.00 -23130.74 -23203.54 420.29 2926.61
41.00 7.00 -23130.74 -23211.41 420.29 2926.61
42.00 7.00 -23130.74 -23216.61 420.29 2926.61
43.00 7.00 -23130.74 -23225.79 420.29 2926.61
44.00 7.00 -23130.74 -23270.76 420.29 2926.61
45.00 7.00 -23130.74 -23181.60 420.29 2926.61
46.00 7.00 -23130.74 -23197.22 420.29 2926.61
47.00 7.00 -23130.74 -23167.57 420.29 2926.61
48.00 7.00 -23130.74 -23178.19 420.29 2926.61
49.00 7.00 -23130.74 -23228.28 420.29 2926.61
50.00 7.00 -23130.74 -23146.40 420.29 2926.61
51.00 7.00 -23130.74 -23155.45 420.29 2926.61
52.00 7.00 -23130.74 -23242.52 420.29 2926.61
53.00 7.00 -23130.74 -23186.82 420.29 2926.61
54.00 7.00 -23130.74 -23185.55 420.29 2926.61
55.00 7.00 -23130.74 -23185.19 420.29 2926.61
56.00 7.00 -23130.74 -23284.98 420.29 2926.61
57.00 7.00 -23130.74 -23164.96 420.29 2926.61
58.00 7.00 -23130.74 -23222.07 420.29 2926.61
59.00 7.00 -23130.74 -23203.44 420.29 2926.61
60.00 7.00 -23130.74 -23167.53 420.29 2926.61
61.00 7.00 -23130.74 -23182.34 420.29 2926.61
62.00 7.00 -23130.74 -23186.18 420.29 2926.61
63.00 7.00 -23130.74 -23211.11 420.29 2926.61
64.00 7.00 -23130.74 -23254.52 420.29 2926.61
65.00 7.00 -23130.74 -23198.87 420.29 2926.61
66.00 7.00 -23130.74 -23201.28 420.29 2926.61
67.00 7.00 -23130.74 -23250.12 420.29 2926.61
68.00 7.00 -23130.74 -23195.02 420.29 2926.61
69.00 7.00 -23130.74 -23192.22 420.29 2926.61
70.00 7.00 -23130.74 -23233.92 420.29 2926.61
71.00 7.00 -23130.74 -23194.65 420.29 2926.61
72.00 7.00 -23130.74 -23132.95 420.29 2926.61
73.00 8.00 -23127.07 -23127.07 419.70 2927.83
74.00 8.00 -23127.07 -23166.89 419.70 2927.83
75.00 8.00 -23127.07 -23197.80 419.70 2927.83
76.00 8.00 -23127.07 -23141.13 419.70 2927.83
77.00 8.00 -23127.07 -23263.50 419.70 2927.83
78.00 8.00 -23127.07 -23162.24 419.70 2927.83
79.00 9.00 -23125.06 -23125.06 419.39 2928.70
80.00 9.00 -23125.06 -23185.35 419.39 2928.70
81.00 9.00 -23125.06 -23232.82 419.39 2928.70
82.00 9.00 -23125.06 -23171.74 419.39 2928.70
83.00 9.00 -23125.06 -23276.83 419.39 2928.70
84.00 9.00 -23125.06 -23196.72 419.39 2928.70
85.00 9.00 -23125.06 -23172.79 419.39 2928.70
86.00 9.00 -23125.06 -23247.77 419.39 2928.70
87.00 9.00 -23125.06 -23239.80 419.39 2928.70
88.00 9.00 -23125.06 -23168.09 419.39 2928.70
89.00 9.00 -23125.06 -23164.84 419.39 2928.70
90.00 9.00 -23125.06 -23263.15 419.39 2928.70
91.00 9.00 -23125.06 -23247.12 419.39 2928.70
92.00 9.00 -23125.06 -23136.20 419.39 2928.70
93.00 9.00 -23125.06 -23221.00 419.39 2928.70
94.00 9.00 -23125.06 -23193.34 419.39 2928.70
95.00 9.00 -23125.06 -23210.09 419.39 2928.70
96.00 9.00 -23125.06 -23139.27 419.39 2928.70
97.00 9.00 -23125.06 -23203.42 419.39 2928.70
98.00 9.00 -23125.06 -23220.95 419.39 2928.70
99.00 9.00 -23125.06 -23144.17 419.39 2928.70
100.00 9.00 -23125.06 -23188.82 419.39 2928.70
101.00 9.00 -23125.06 -23228.93 419.39 2928.70
102.00 9.00 -23125.06 -23135.95 419.39 2928.70
103.00 9.00 -23125.06 -23208.27 419.39 2928.70
104.00 9.00 -23125.06 -23208.24 419.39 2928.70
105.00 9.00 -23125.06 -23220.33 419.39 2928.70
106.00 9.00 -23125.06 -23154.98 419.39 2928.70
107.00 9.00 -23125.06 -23189.92 419.39 2928.70
108.00 9.00 -23125.06 -23185.97 419.39 2928.70
109.00 9.00 -23125.06 -23202.65 419.39 2928.70
110.00 9.00 -23125.06 -23186.40 419.39 2928.70
111.00 9.00 -23125.06 -23173.20 419.39 2928.70
112.00 9.00 -23125.06 -23126.04 419.39 2928.70
113.00 9.00 -23125.06 -23220.52 419.39 2928.70
114.00 9.00 -23125.06 -23191.75 419.39 2928.70
115.00 9.00 -23125.06 -23193.35 419.39 2928.70
116.00 9.00 -23125.06 -23295.74 419.39 2928.70
117.00 9.00 -23125.06 -23173.75 419.39 2928.70
118.00 9.00 -23125.06 -23202.09 419.39 2928.70
119.00 9.00 -23125.06 -23192.85 419.39 2928.70
120.00 9.00 -23125.06 -23187.92 419.39 2928.70
121.00 9.00 -23125.06 -23190.21 419.39 2928.70
122.00 9.00 -23125.06 -23152.48 419.39 2928.70
123.00 9.00 -23125.06 -23265.94 419.39 2928.70
124.00 9.00 -23125.06 -23153.22 419.39 2928.70
125.00 9.00 -23125.06 -23235.49 419.39 2928.70
126.00 9.00 -23125.06 -23220.30 419.39 2928.70
127.00 9.00 -23125.06 -23187.84 419.39 2928.70
128.00 9.00 -23125.06 -23206.21 419.39 2928.70
129.00 9.00 -23125.06 -23253.39 419.39 2928.70
130.00 9.00 -23125.06 -23183.58 419.39 2928.70
131.00 9.00 -23125.06 -23211.42 419.39 2928.70
132.00 9.00 -23125.06 -23205.41 419.39 2928.70
133.00 9.00 -23125.06 -23233.29 419.39 2928.70
134.00 9.00 -23125.06 -23313.90 419.39 2928.70
135.00 9.00 -23125.06 -23260.25 419.39 2928.70
136.00 9.00 -23125.06 -23179.81 419.39 2928.70
137.00 9.00 -23125.06 -23154.01 419.39 2928.70
138.00 9.00 -23125.06 -23200.12 419.39 2928.70
139.00 9.00 -23125.06 -23202.59 419.39 2928.70
140.00 9.00 -23125.06 -23215.86 419.39 2928.70
141.00 9.00 -23125.06 -23238.19 419.39 2928.70
142.00 9.00 -23125.06 -23214.13 419.39 2928.70
143.00 9.00 -23125.06 -23248.52 419.39 2928.70
144.00 9.00 -23125.06 -23200.66 419.39 2928.70
145.00 9.00 -23125.06 -23178.05 419.39 2928.70
146.00 9.00 -23125.06 -23211.22 419.39 2928.70
147.00 9.00 -23125.06 -23208.41 419.39 2928.70
148.00 9.00 -23125.06 -23195.33 419.39 2928.70
149.00 9.00 -23125.06 -23218.32 419.39 2928.70
150.00 9.00 -23125.06 -23193.15 419.39 2928.70
151.00 9.00 -23125.06 -23256.60 419.39 2928.70
152.00 9.00 -23125.06 -23191.74 419.39 2928.70
153.00 9.00 -23125.06 -23232.50 419.39 2928.70
154.00 9.00 -23125.06 -23221.93 419.39 2928.70
155.00 9.00 -23125.06 -23222.59 419.39 2928.70
156.00 9.00 -23125.06 -23238.59 419.39 2928.70
157.00 9.00 -23125.06 -23241.16 419.39 2928.70
158.00 9.00 -23125.06 -23197.40 419.39 2928.70
159.00 9.00 -23125.06 -23198.05 419.39 2928.70
160.00 9.00 -23125.06 -23210.28 419.39 2928.70
161.00 9.00 -23125.06 -23177.18 419.39 2928.70
162.00 9.00 -23125.06 -23319.37 419.39 2928.70
163.00 9.00 -23125.06 -23219.61 419.39 2928.70
164.00 9.00 -23125.06 -23189.44 419.39 2928.70
165.00 9.00 -23125.06 -23226.81 419.39 2928.70
166.00 9.00 -23125.06 -23193.49 419.39 2928.70
167.00 9.00 -23125.06 -23201.33 419.39 2928.70
168.00 9.00 -23125.06 -23197.93 419.39 2928.70
169.00 9.00 -23125.06 -23248.66 419.39 2928.70
170.00 9.00 -23125.06 -23172.44 419.39 2928.70
171.00 9.00 -23125.06 -23210.63 419.39 2928.70
172.00 9.00 -23125.06 -23273.64 419.39 2928.70
173.00 9.00 -23125.06 -23212.27 419.39 2928.70
174.00 9.00 -23125.06 -23206.52 419.39 2928.70
175.00 9.00 -23125.06 -23218.14 419.39 2928.70
176.00 9.00 -23125.06 -23297.61 419.39 2928.70
177.00 9.00 -23125.06 -23238.49 419.39 2928.70
178.00 9.00 -23125.06 -23157.83 419.39 2928.70
179.00 9.00 -23125.06 -23162.71 419.39 2928.70
180.00 9.00 -23125.06 -23215.56 419.39 2928.70
181.00 9.00 -23125.06 -23247.08 419.39 2928.70
182.00 9.00 -23125.06 -23239.50 419.39 2928.70
183.00 9.00 -23125.06 -23212.82 419.39 2928.70
184.00 9.00 -23125.06 -23205.18 419.39 2928.70
185.00 9.00 -23125.06 -23178.01 419.39 2928.70
186.00 9.00 -23125.06 -23170.08 419.39 2928.70
187.00 9.00 -23125.06 -23183.84 419.39 2928.70
188.00 9.00 -23125.06 -23199.26 419.39 2928.70
189.00 9.00 -23125.06 -23226.62 419.39 2928.70
190.00 9.00 -23125.06 -23235.44 419.39 2928.70
191.00 9.00 -23125.06 -23215.29 419.39 2928.70
192.00 9.00 -23125.06 -23185.75 419.39 2928.70
