0.00 0.00 -19038.08 -19056.97 1.00 1.00
1.00 1.00 -19021.45 -19021.45 428.67 2928.64
2.00 1.00 -19021.45 -19055.25 428.67 2928.64
3.00 1.00 -19021.45 -19036.17 428.67 2928.64
4.00 2.00 -19005.66 -19005.66 425.76 2936.75
5.00 2.00 -19005.66 -19021.67 425.76 2936.75
6.00 2.00 -19005.66 -19010.34 425.76 2936.75
7.00 2.00 -19005.66 -19031.37 425.76 2936.75
8.00 2.00 -19005.66 -19045.58 425.76 2936.75
9.00 2.00 -19005.66 -19045.06 425.76 2936.75
10.00 2.00 -19005.66 -19073.72 425.76 2936.75
11.00 2.00 -19005.66 -19028.50 425.76 2936.75
12.00 2.00 -19005.66 -19027.81 425.76 2936.75
13.00 2.00 -19005.66 -19031.80 425.76 2936.75
14.00 2.00 -19005.66 -19030.79 425.76 2936.75
15.00 2.00 -19005.66 -19070.50 425.76 2936.75
16.00 2.00 -19005.66 -19056.45 425.76 2936.75
17.00 2.00 -19005.66 -19037.31 425.76 2936.75
18.00 2.00 -19005.66 -19069.63 425.76 2936.75
19.00 2.00 -19005.66 -19099.35 425.76 2936.75
20.00 2.00 -19005.66 -19079.54 425.76 2936.75
21.00 2.00 -19005.66 -19059.26 425.76 2936.75
22.00 2.00 -19005.66 -19062.90 425.76 2936.75
23.00 3.00 -19009.61 -19009.61 426.46 2932.08
24.00 3.00 -19009.61 -19033.06 426.46 2932.08
25.00 3.00 -19009.61 -19015.11 426.46 2932.08
26.00 3.00 -19009.61 -19056.05 426.46 2932.08
27.00 3.00 -19009.61 -19059.42 426.46 2932.08
28.00 3.00 -19009.61 -19026.97 426.46 2932.08
29.00 3.00 -19009.61 -19026.27 426.46 2932.08
30.00 3.00 -19009.61 -19082.96 426.46 2932.08
31.00 3.00 -19009.61 -19039.15 426.46 2932.08
32.00 3.00 -19009.61 -19069.32 426.46 2932.08
33.00 3.00 -19009.61 -19064.54 426.46 2932.08
34.00 3.00 -19009.61 -19029.78 426.46 2932.08
35.00 4.00 -19005.22 -19005.22 425.60 2946.33
36.00 4.00 -19005.22 -19014.17 425.60 2946.33
37.00 4.00 -19005.22 -19055.16 425.60 2946.33
38.00 4.00 -19005.22 -19054.56 425.60 2946.33
39.00 4.00 -19005.22 -19034.86 425.60 2946.33
40.00 4.00 -19005.22 -19060.92 425.60 2946.33
41.00 4.00 -19005.22 -19037.42 425.60 2946.33
42.00 4.00 -19005.22 -19058.24 425.60 2946.33
43.00 4.00 -19005.22 -19042.98 425.60 2946.33
44.00 4.00 -19005.22 -19058.54 425.60 2946.33
45.00 4.00 -19005.22 -19042.82 425.60 2946.33
46.00 5.00 -19003.48 -19003.48 425.38 2940.94
47.00 5.00 -19003.48 -19033.40 425.38 2940.94
48.00 5.00 -19003.48 -19024.78 425.38 2940.94
49.00 5.00 -19003.48 -19027.32 425.38 2940.94
50.00 5.00 -19003.48 -19046.74 425.38 2940.94
51.00 5.00 -19003.48 -19065.40 425.38 2940.94
52.00 5.00 -19003.48 -19043.56 425.38 2940.94
53.00 5.00 -19003.48 -19023.67 425.38 2940.94
54.00 5.00 -19003.48 -19043.42 425.38 2940.94
55.00 5.00 -19003.48 -19008.19 425.38 2940.94
56.00 5.00 -19003.48 -19077.99 425.38 2940.94
57.00 5.00 -19003.48 -19058.72 425.38 2940.94
58.00 5.00 -19003.48 -19024.80 425.38 2940.94
59.00 5.00 -19003.48 -19068.61 425.38 2940.94
60.00 5.00 -19003.48 -19094.35 425.38 2940.94
61.00 5.00 -19003.48 -19051.73 425.38 2940.94
62.00 5.00 -19003.48 -19043.21 425.38 2940.94
63.00 5.00 -19003.48 -19096.21 425.38 2940.94
64.00 5.00 -19003.48 -19029.15 425.38 2940.94
65.00 5.00 -19003.48 -19065.42 425.38 2940.94
66.00 5.00 -19003.48 -19055.91 425.38 2940.94
67.00 5.00 -19003.48 -19021.66 425.38 2940.94
68.00 5.00 -19003.48 -19035.34 425.38 2940.94
69.00 5.00 -19003.48 -19079.60 425.38 2940.94
70.00 5.00 -19003.48 -19026.36 425.38 2940.94
71.00 5.00 -19003.48 -19071.33 425.38 2940.94
72.00 5.00 -19003.48 -19030.82 425.38 2940.94
73.00 5.00 -19003.48 -19055.97 425.38 2940.94
74.00 5.00 -19003.48 -19044.58 425.38 2940.94
75.00 5.00 -19003.48 -19029.43 425.38 2940.94
76.00 5.00 -19003.48 -19040.13 425.38 2940.94
77.00 5.00 -19003.48 -19034.27 425.38 2940.94
78.00 5.00 -19003.48 -19018.99 425.38 2940.94
79.00 5.00 -19003.48 -19042.62 425.38 2940.94
80.00 5.00 -19003.48 -19038.74 425.38 2940.94
81.00 5.00 -19003.48 -19028.08 425.38 2940.94
82.00 5.00 -19003.48 -19029.46 425.38 2940.94
83.00 5.00 -19003.48 -19039.62 425.38 2940.94
84.00 5.00 -19003.48 -19058.32 425.38 2940.94
85.00 5.00 -19003.48 -19042.56 425.38 2940.94
86.00 5.00 -19003.48 -19010.00 425.38 2940.94
87.00 5.00 -19003.48 -19036.55 425.38 2940.94
88.00 5.00 -19003.48 -19034.44 425.38 2940.94
89.00 5.00 -19003.48 -19044.93 425.38 2940.94
90.00 5.00 -19003.48 -19041.55 425.38 2940.94
91.00 5.00 -19003.48 -19073.62 425.38 2940.94
92.00 5.00 -19003.48 -19055.87 425.38 2940.94
93.00 5.00 -19003.48 -19025.98 425.38 2940.94
94.00 5.00 -19003.48 -19063.78 425.38 2940.94
95.00 5.00 -19003.48 -19037.62 425.38 2940.94
96.00 5.00 -19003.48 -19055.03 425.38 2940.94
97.00 5.00 -19003.48 -19043.48 425.38 2940.94
98.00 5.00 -19003.48 -19035.91 425.38 2940.94
99.00 5.00 -19003.48 -19098.86 425.38 2940.94
100.00 5.00 -19003.48 -19030.61 425.38 2940.94
101.00 5.00 -19003.48 -19031.81 425.38 2940.94
102.00 5.00 -19003.48 -19042.03 425.38 2940.94
103.00 5.00 -19003.48 -19017.65 425.38 2940.94
104.00 5.00 -19003.48 -19050.95 425.38 2940.94
105.00 5.00 -19003.48 -19055.89 425.38 2940.94
106.00 5.00 -19003.48 -19036.47 425.38 2940.94
107.00 6.00 -18997.41 -18997.41 424.26 2928.59
108.00 6.00 -18997.41 -19054.30 424.26 2928.59
109.00 6.00 -18997.41 -19009.17 424.26 2928.59
110.00 6.00 -18997.41 -19039.60 424.26 2928.59
111.00 6.00 -18997.41 -19016.71 424.26 2928.59
112.00 6.00 -18997.41 -19045.39 424.26 2928.59
113.00 6.00 -18997.41 -19077.14 424.26 2928.59
114.00 6.00 -18997.41 -19025.24 424.26 2928.59
115.00 6.00 -18997.41 -19046.60 424.26 2928.59
116.00 6.00 -18997.41 -19059.56 424.26 2928.59
117.00 6.00 -18997.41 -19039.74 424.26 2928.59
118.00 7.00 -18970.29 -18970.29 419.39 2940.42
119.00 7.00 -18970.29 -19040.99 419.39 2940.42
120.00 7.00 -18970.29 -18986.49 419.39 2940.42
121.00 7.00 -18970.29 -19016.76 419.39 2940.42
122.00 7.00 -18970.29 -19051.24 419.39 2940.42
123.00 7.00 -18970.29 -19059.43 419.39 2940.42
124.00 7.00 -18970.29 -19008.34 419.39 2940.42
125.00 7.00 -18970.29 -19051.62 419.39 2940.42
126.00 7.00 -18970.29 -19025.63 419.39 2940.42
127.00 7.00 -18970.29 -19004.70 419.39 2940.42
128.00 7.00 -18970.29 -19028.32 419.39 2940.42
129.00 7.00 -18970.29 -19001.47 419.39 2940.42
130.00 7.00 -18970.29 -19026.47 419.39 2940.42
131.00 7.00 -18970.29 -19019.55 419.39 2940.42
132.00 7.00 -18970.29 -19011.71 419.39 2940.42
133.00 7.00 -18970.29 -19044.61 419.39 2940.42
134.00 7.00 -18970.29 -19012.04 419.39 2940.42
135.00 7.00 -18970.29 -19015.98 419.39 2940.42
136.00 7.00 -18970.29 -19040.52 419.39 2940.42
137.00 7.00 -18970.29 -19046.08 419.39 2940.42
138.00 7.00 -18970.29 -19015.66 419.39 2940.42
139.00 7.00 -18970.29 -19068.40 419.39 2940.42
140.00 7.00 -18970.29 -19033.65 419.39 2940.42
141.00 7.00 -18970.29 -19012.74 419.39 2940.42
142.00 7.00 -18970.29 -19002.68 419.39 2940.42
143.00 7.00 -18970.29 -19058.83 419.39 2940.42
144.00 7.00 -18970.29 -19035.03 419.39 2940.42
145.00 7.00 -18970.29 -19043.73 419.39 2940.42
146.00 7.00 -18970.29 -19058.90 419.39 2940.42
147.00 7.00 -18970.29 -19036.56 419.39 2940.42
148.00 7.00 -18970.29 -19043.50 419.39 2940.42
149.00 7.00 -18970.29 -19038.30 419.39 2940.42
150.00 7.00 -18970.29 -18993.02 419.39 2940.42
151.00 7.00 -18970.29 -19012.00 419.39 2940.42
152.00 7.00 -18970.29 -19043.74 419.39 2940.42
153.00 7.00 -18970.29 -19036.10 419.39 2940.42
154.00 7.00 -18970.29 -19019.58 419.39 2940.42
155.00 7.00 -18970.29 -19029.69 419.39 2940.42
156.00 7.00 -18970.29 -19033.30 419.39 2940.42
157.00 7.00 -18970.29 -19028.90 419.39 2940.42
158.00 7.00 -18970.29 -19054.95 419.39 2940.42
159.00 7.00 -18970.29 -19049.39 419.39 2940.42
160.00 7.00 -18970.29 -19033.07 419.39 2940.42
161.00 7.00 -18970.29 -19051.03 419.39 2940.42
162.00 7.00 -18970.29 -19024.39 419.39 2940.42
163.00 7.00 -18970.29 -19042.63 419.39 2940.42
164.00 7.00 -18970.29 -19060.40 419.39 2940.42
165.00 7.00 -18970.29 -19005.43 419.39 2940.42
166.00 7.00 -18970.29 -19043.19 419.39 2940.42
167.00 7.00 -18970.29 -18999.58 419.39 2940.42
168.00 7.00 -18970.29 -19067.99 419.39 2940.42
169.00 7.00 -18970.29 -19069.05 419.39 2940.42
170.00 7.00 -18970.29 -19035.26 419.39 2940.42
171.00 7.00 -18970.29 -19009.05 419.39 2940.42
172.00 7.00 -18970.29 -19021.20 419.39 2940.42
173.00 7.00 -18970.29 -19008.63 419.39 2940.42
174.00 7.00 -18970.29 -19032.22 419.39 2940.42
175.00 7.00 -18970.29 -19024.86 419.39 2940.42
176.00 7.00 -18970.29 -19058.65 419.39 2940.42
177.00 7.00 -18970.29 -19064.89 419.39 2940.42
178.00 7.00 -18970.29 -19030.28 419.39 2940.42
179.00 7.00 -18970.29 -19047.74 419.39 2940.42
180.00 7.00 -18970.29 -19029.73 419.39 2940.42
181.00 7.00 -18970.29 -19033.23 419.39 2940.42
182.00 7.00 -18970.29 -19012.94 419.39 2940.42
183.00 7.00 -18970.29 -19027.61 419.39 2940.42
184.00 7.00 -18970.29 -19045.66 419.39 2940.42
185.00 7.00 -18970.29 -19021.23 419.39 2940.42
186.00 7.00 -18970.29 -19065.35 419.39 2940.42
187.00 7.00 -18970.29 -19015.24 419.39 2940.42
188.00 7.00 -18970.29 -19032.98 419.39 2940.42
189.00 7.00 -18970.29 -19016.81 419.39 2940.42
190.00 7.00 -18970.29 -19041.30 419.39 2940.42
191.00 7.00 -18970.29 -19004.31 419.39 2940.42
192.00 7.00 -18970.29 -19013.63 419.39 2940.42
193.00 7.00 -18970.29 -19039.48 419.39 2940.42
