0.00 1.00 -25568.30 -25568.30 424.34 2921.87
1.00 1.00 -25568.30 -25603.72 424.34 2921.87
2.00 1.00 -25568.30 -25574.65 424.34 2921.87
3.00 1.00 -25568.30 -25602.95 424.34 2921.87
4.00 1.00 -25568.30 -25611.23 424.34 2921.87
5.00 1.00 -25568.30 -25646.96 424.34 2921.87
6.00 1.00 -25568.30 -25647.01 424.34 2921.87
7.00 1.00 -25568.30 -25603.03 424.34 2921.87
8.00 1.00 -25568.30 -25596.37 424.34 2921.87
9.00 1.00 -25568.30 -25675.98 424.34 2921.87
10.00 1.00 -25568.30 -25640.57 424.34 2921.87
11.00 1.00 -25568.30 -25628.77 424.34 2921.87
12.00 1.00 -25568.30 -25649.65 424.34 2921.87
13.00 1.00 -25568.30 -25598.51 424.34 2921.87
14.00 1.00 -25568.30 -25635.06 424.34 2921.87
15.00 1.00 -25568.30 -25628.88 424.34 2921.87
16.00 1.00 -25568.30 -25617.46 424.34 2921.87
17.00 1.00 -25568.30 -25591.15 424.34 2921.87
18.00 1.00 -25568.30 -25599.79 424.34 2921.87
19.00 1.00 -25568.30 -25660.98 424.34 2921.87
20.00 1.00 -25568.30 -25639.47 424.34 2921.87
21.00 1.00 -25568.30 -25637.48 424.34 2921.87
22.00 1.00 -25568.30 -25603.95 424.34 2921.87
23.00 1.00 -25568.30 -25654.10 424.34 2921.87
24.00 1.00 -25568.30 -25597.44 424.34 2921.87
25.00 1.00 -25568.30 -25645.48 424.34 2921.87
26.00 2.00 -25566.94 -25566.94 424.11 2927.73
27.00 2.00 -25566.94 -25641.13 424.11 2927.73
28.00 2.00 -25566.94 -25610.29 424.11 2927.73
29.00 2.00 -25566.94 -25599.62 424.11 2927.73
30.00 2.00 -25566.94 -25591.95 424.11 2927.73
31.00 2.00 -25566.94 -25628.49 424.11 2927.73
32.00 2.00 -25566.94 -25626.77 424.11 2927.73
33.00 2.00 -25566.94 -25636.95 424.11 2927.73
34.00 2.00 -25566.94 -25656.64 424.11 2927.73
35.00 2.00 -25566.94 -25651.50 424.11 2927.73
36.00 2.00 -25566.94 -25672.64 424.11 2927.73
37.00 2.00 -25566.94 -25674.54 424.11 2927.73
38.00 2.00 -25566.94 -25628.75 424.11 2927.73
39.00 2.00 -25566.94 -25589.31 424.11 2927.73
40.00 2.00 -25566.94 -25614.16 424.11 2927.73
41.00 2.00 -25566.94 -25620.04 424.11 2927.73
42.00 3.00 -25554.25 -25554.25 422.31 2937.32
43.00 3.00 -25554.25 -25628.73 422.31 2937.32
44.00 3.00 -25554.25 -25642.75 422.31 2937.32
45.00 3.00 -25554.25 -25608.11 422.31 2937.32
46.00 3.00 -25554.25 -25641.26 422.31 2937.32
47.00 3.00 -25554.25 -25604.41 422.31 2937.32
48.00 3.00 -25554.25 -25607.75 422.31 2937.32
49.00 3.00 -25554.25 -25644.47 422.31 2937.32
50.00 3.00 -25554.25 -25626.63 422.31 2937.32
51.00 3.00 -25554.25 -25617.99 422.31 2937.32
52.00 3.00 -25554.25 -25685.31 422.31 2937.32
53.00 3.00 -25554.25 -25614.25 422.31 2937.32
54.00 3.00 -25554.25 -25676.37 422.31 2937.32
55.00 3.00 -25554.25 -25590.80 422.31 2937.32
56.00 3.00 -25554.25 -25625.67 422.31 2937.32
57.00 3.00 -25554.25 -25636.79 422.31 2937.32
58.00 3.00 -25554.25 -25625.28 422.31 2937.32
59.00 3.00 -25554.25 -25621.90 422.31 2937.32
60.00 3.00 -25554.25 -25602.52 422.31 2937.32
61.00 3.00 -25554.25 -25683.51 422.31 2937.32
62.00 3.00 -25554.25 -25663.82 422.31 2937.32
63.00 3.00 -25554.25 -25600.97 422.31 2937.32
64.00 3.00 -25554.25 -25659.94 422.31 2937.32
65.00 3.00 -25554.25 -25697.42 422.31 2937.32
66.00 3.00 -25554.25 -25605.81 422.31 2937.32
67.00 3.00 -25554.25 -25617.51 422.31 2937.32
68.00 3.00 -25554.25 -25662.85 422.31 2937.32
69.00 3.00 -25554.25 -25638.60 422.31 2937.32
70.00 3.00 -25554.25 -25658.88 422.31 2937.32
71.00 3.00 -25554.25 -25648.66 422.31 2937.32
72.00 3.00 -25554.25 -25667.66 422.31 2937.32
73.00 3.00 -25554.25 -25586.02 422.31 2937.32
74.00 3.00 -25554.25 -25610.01 422.31 2937.32
75.00 3.00 -25554.25 -25575.83 422.31 2937.32
76.00 3.00 -25554.25 -25624.46 422.31 2937.32
77.00 3.00 -25554.25 -25644.84 422.31 2937.32
78.00 3.00 -25554.25 -25621.79 422.31 2937.32
79.00 3.00 -25554.25 -25579.22 422.31 2937.32
80.00 3.00 -25554.25 -25634.25 422.31 2937.32
81.00 3.00 -25554.25 -25604.58 422.31 2937.32
82.00 3.00 -25554.25 -25642.33 422.31 2937.32
83.00 3.00 -25554.25 -25654.14 422.31 2937.32
84.00 3.00 -25554.25 -25592.09 422.31 2937.32
85.00 3.00 -25554.25 -25634.84 422.31 2937.32
86.00 3.00 -25554.25 -25593.36 422.31 2937.32
87.00 3.00 -25554.25 -25622.30 422.31 2937.32
88.00 3.00 -25554.25 -25638.17 422.31 2937.32
89.00 3.00 -25554.25 -25611.14 422.31 2937.32
90.00 3.00 -25554.25 -25612.29 422.31 2937.32
91.00 3.00 -25554.25 -25609.07 422.31 2937.32
92.00 3.00 -25554.25 -25624.55 422.31 2937.32
93.00 3.00 -25554.25 -25630.09 422.31 2937.32
94.00 3.00 -25554.25 -25686.62 422.31 2937.32
95.00 3.00 -25554.25 -25662.17 422.31 2937.32
96.00 3.00 -25554.25 -25647.05 422.31 2937.32
97.00 3.00 -25554.25 -25569.96 422.31 2937.32
98.00 3.00 -25554.25 -25614.73 422.31 2937.32
99.00 3.00 -25554.25 -25611.14 422.31 2937.32
100.00 3.00 -25554.25 -25646.18 422.31 2937.32
101.00 3.00 -25554.25 -25614.08 422.31 2937.32
102.00 3.00 -25554.25 -25625.34 422.31 2937.32
103.00 3.00 -25554.25 -25602.08 422.31 2937.32
104.00 3.00 -25554.25 -25616.52 422.31 2937.32
105.00 3.00 -25554.25 -25613.35 422.31 2937.32
106.00 3.00 -25554.25 -25618.92 422.31 2937.32
107.00 3.00 -25554.25 -25620.43 422.31 2937.32
108.00 3.00 -25554.25 -25576.01 422.31 2937.32
109.00 3.00 -25554.25 -25636.09 422.31 2937.32
110.00 3.00 -25554.25 -25629.57 422.31 2937.32
111.00 3.00 -25554.25 -25615.86 422.31 2937.32
112.00 3.00 -25554.25 -25580.13 422.31 2937.32
113.00 3.00 -25554.25 -25621.67 422.31 2937.32
114.00 3.00 -25554.25 -25661.59 422.31 2937.32
115.00 3.00 -25554.25 -25627.94 422.31 2937.32
116.00 3.00 -25554.25 -25594.54 422.31 2937.32
117.00 3.00 -25554.25 -25636.32 422.31 2937.32
118.00 3.00 -25554.25 -25605.97 422.31 2937.32
119.00 3.00 -25554.25 -25648.52 422.31 2937.32
120.00 3.00 -25554.25 -25630.47 422.31 2937.32
121.00 3.00 -25554.25 -25672.04 422.31 2937.32
122.00 3.00 -25554.25 -25697.66 422.31 2937.32
123.00 3.00 -25554.25 -25687.77 422.31 2937.32
124.00 3.00 -25554.25 -25665.02 422.31 2937.32
125.00 3.00 -25554.25 -25606.79 422.31 2937.32
126.00 3.00 -25554.25 -25595.39 422.31 2937.32
127.00 3.00 -25554.25 -25625.37 422.31 2937.32
128.00 3.00 -25554.25 -25592.88 422.31 2937.32
129.00 3.00 -25554.25 -25604.49 422.31 2937.32
130.00 3.00 -25554.25 -25640.49 422.31 2937.32
131.00 3.00 -25554.25 -25654.92 422.31 2937.32
132.00 3.00 -25554.25 -25623.86 422.31 2937.32
133.00 3.00 -25554.25 -25621.13 422.31 2937.32
134.00 3.00 -25554.25 -25635.94 422.31 2937.32
135.00 3.00 -25554.25 -25615.36 422.31 2937.32
136.00 3.00 -25554.25 -25629.68 422.31 2937.32
137.00 3.00 -25554.25 -25618.69 422.31 2937.32
138.00 3.00 -25554.25 -25645.74 422.31 2937.32
139.00 3.00 -25554.25 -25619.50 422.31 2937.32
140.00 3.00 -25554.25 -25603.77 422.31 2937.32
141.00 3.00 -25554.25 -25616.48 422.31 2937.32
142.00 3.00 -25554.25 -25629.40 422.31 2937.32
143.00 3.00 -25554.25 -25685.45 422.31 2937.32
144.00 3.00 -25554.25 -25700.22 422.31 2937.32
145.00 3.00 -25554.25 -25557.47 422.31 2937.32
146.00 3.00 -25554.25 -25607.10 422.31 2937.32
147.00 3.00 -25554.25 -25620.27 422.31 2937.32
148.00 3.00 -25554.25 -25676.36 422.31 2937.32
149.00 3.00 -25554.25 -25654.32 422.31 2937.32
150.00 3.00 -25554.25 -25597.18 422.31 2937.32
151.00 3.00 -25554.25 -25615.26 422.31 2937.32
152.00 3.00 -25554.25 -25648.32 422.31 2937.32
153.00 3.00 -25554.25 -25625.18 422.31 2937.32
154.00 3.00 -25554.25 -25587.77 422.31 2937.32
155.00 3.00 -25554.25 -25692.34 422.31 2937.32
156.00 3.00 -25554.25 -25624.84 422.31 2937.32
157.00 3.00 -25554.25 -25657.24 422.31 2937.32
158.00 3.00 -25554.25 -25619.39 422.31 2937.32
159.00 3.00 -25554.25 -25588.65 422.31 2937.32
160.00 3.00 -25554.25 -25622.48 422.31 2937.32
161.00 3.00 -25554.25 -25615.46 422.31 2937.32
162.00 3.00 -25554.25 -25633.52 422.31 2937.32
163.00 3.00 -25554.25 -25637.24 422.31 2937.32
164.00 3.00 -25554.25 -25603.08 422.31 2937.32
165.00 3.00 -25554.25 -25630.60 422.31 2937.32
166.00 3.00 -25554.25 -25661.24 422.31 2937.32
167.00 3.00 -25554.25 -25620.06 422.31 2937.32
168.00 3.00 -25554.25 -25683.58 422.31 2937.32
169.00 3.00 -25554.25 -25653.67 422.31 2937.32
170.00 3.00 -25554.25 -25657.04 422.31 2937.32
171.00 3.00 -25554.25 -25681.87 422.31 2937.32
172.00 3.00 -25554.25 -25602.24 422.31 2937.32
173.00 3.00 -25554.25 -25626.40 422.31 2937.32
174.00 3.00 -25554.25 -25594.78 422.31 2937.32
175.00 3.00 -25554.25 -25635.37 422.31 2937.32
176.00 3.00 -25554.25 -25607.63 422.31 2937.32
177.00 3.00 -25554.25 -25666.81 422.31 2937.32
178.00 3.00 -25554.25 -25610.65 422.31 2937.32
179.00 3.00 -25554.25 -25640.32 422.31 2937.32
180.00 3.00 -25554.25 -25576.45 422.31 2937.32
181.00 3.00 -25554.25 -25651.69 422.31 2937.32
182.00 3.00 -25554.25 -25578.59 422.31 2937.32
183.00 3.00 -25554.25 -25605.37 422.31 2937.32
184.00 3.00 -25554.25 -25629.18 422.31 2937.32
185.00 3.00 -25554.25 -25589.20 422.31 2937.32
186.00 3.00 -25554.25 -25634.02 422.31 2937.32
187.00 3.00 -25554.25 -25581.56 422.31 2937.32
188.00 3.00 -25554.25 -25640.03 422.31 2937.32
189.00 3.00 -25554.25 -25651.71 422.31 2937.32
190.00 3.00 -25554.25 -25634.91 422.31 2937.32
191.00 3.00 -25554.25 -25603.61 422.31 2937.32
