0.00 1.00 -7075.16 -7075.16 481.77 2905.83
1.00 1.00 -7075.16 -7091.16 481.77 2905.83
2.00 1.00 -7075.16 -7168.07 481.77 2905.83
3.00 1.00 -7075.16 -7195.56 481.77 2905.83
4.00 1.00 -7075.16 -7152.71 481.77 2905.83
5.00 1.00 -7075.16 -7103.44 481.77 2905.83
6.00 1.00 -7075.16 -7190.20 481.77 2905.83
7.00 1.00 -7075.16 -7126.18 481.77 2905.83
8.00 2.00 -7046.63 -7046.63 462.66 2937.72
9.00 2.00 -7046.63 -7050.73 462.66 2937.72
10.00 2.00 -7046.63 -7125.05 462.66 2937.72
11.00 2.00 -7046.63 -7067.52 462.66 2937.72
12.00 2.00 -7046.63 -7188.11 462.66 2937.72
13.00 2.00 -7046.63 -7099.88 462.66 2937.72
14.00 2.00 -7046.63 -7154.07 462.66 2937.72
15.00 2.00 -7046.63 -7067.34 462.66 2937.72
16.00 2.00 -7046.63 -7096.15 462.66 2937.72
17.00 2.00 -7046.63 -7084.81 462.66 2937.72
18.00 3.00 -7046.53 -7046.53 459.06 2926.44
19.00 3.00 -7046.53 -7188.44 459.06 2926.44
20.00 3.00 -7046.53 -7137.92 459.06 2926.44
21.00 3.00 -7046.53 -7065.22 459.06 2926.44
22.00 3.00 -7046.53 -7070.71 459.06 2926.44
23.00 3.00 -7046.53 -7069.17 459.06 2926.44
24.00 3.00 -7046.53 -7173.66 459.06 2926.44
25.00 3.00 -7046.53 -7124.39 459.06 2926.44
26.00 3.00 -7046.53 -7098.51 459.06 2926.44
27.00 3.00 -7046.53 -7129.58 459.06 2926.44
28.00 3.00 -7046.53 -7148.86 459.06 2926.44
29.00 3.00 -7046.53 -7160.28 459.06 2926.44
30.00 4.00 -7009.26 -7009.26 462.85 2937.22
31.00 4.00 -7009.26 -7088.64 462.85 2937.22
32.00 4.00 -7009.26 -7147.74 462.85 2937.22
33.00 4.00 -7009.26 -7109.14 462.85 2937.22
34.00 4.00 -7009.26 -7220.73 462.85 2937.22
35.00 4.00 -7009.26 -7148.98 462.85 2937.22
36.00 4.00 -7009.26 -7082.12 462.85 2937.22
37.00 4.00 -7009.26 -7151.79 462.85 2937.22
38.00 4.00 -7009.26 -7163.95 462.85 2937.22
39.00 4.00 -7009.26 -7074.13 462.85 2937.22
40.00 4.00 -7009.26 -7058.34 462.85 2937.22
41.00 4.00 -7009.26 -7079.77 462.85 2937.22
42.00 4.00 -7009.26 -7125.97 462.85 2937.22
43.00 4.00 -7009.26 -7103.15 462.85 2937.22
44.00 4.00 -7009.26 -7061.75 462.85 2937.22
45.00 4.00 -7009.26 -7135.40 462.85 2937.22
46.00 4.00 -7009.26 -7088.77 462.85 2937.22
47.00 4.00 -7009.26 -7050.16 462.85 2937.22
48.00 4.00 -7009.26 -7085.43 462.85 2937.22
49.00 4.00 -7009.26 -7106.00 462.85 2937.22
50.00 4.00 -7009.26 -7098.36 462.85 2937.22
51.00 4.00 -7009.26 -7111.75 462.85 2937.22
52.00 4.00 -7009.26 -7087.87 462.85 2937.22
53.00 4.00 -7009.26 -7162.79 462.85 2937.22
54.00 4.00 -7009.26 -7072.64 462.85 2937.22
55.00 4.00 -7009.26 -7161.81 462.85 2937.22
56.00 4.00 -7009.26 -7042.77 462.85 2937.22
57.00 4.00 -7009.26 -7050.42 462.85 2937.22
58.00 4.00 -7009.26 -7075.81 462.85 2937.22
59.00 4.00 -7009.26 -7173.67 462.85 2937.22
60.00 4.00 -7009.26 -7087.31 462.85 2937.22
61.00 4.00 -7009.26 -7119.07 462.85 2937.22
62.00 4.00 -7009.26 -7090.72 462.85 2937.22
63.00 4.00 -7009.26 -7117.18 462.85 2937.22
64.00 4.00 -7009.26 -7019.90 462.85 2937.22
65.00 4.00 -7009.26 -7098.12 462.85 2937.22
66.00 4.00 -7009.26 -7129.23 462.85 2937.22
67.00 4.00 -7009.26 -7089.93 462.85 2937.22
68.00 4.00 -7009.26 -7134.24 462.85 2937.22
69.00 4.00 -7009.26 -7155.84 462.85 2937.22
70.00 4.00 -7009.26 -7057.60 462.85 2937.22
71.00 4.00 -7009.26 -7100.01 462.85 2937.22
72.00 4.00 -7009.26 -7066.13 462.85 2937.22
73.00 4.00 -7009.26 -7074.44 462.85 2937.22
74.00 4.00 -7009.26 -7151.96 462.85 2937.22
75.00 4.00 -7009.26 -7127.08 462.85 2937.22
76.00 4.00 -7009.26 -7089.13 462.85 2937.22
77.00 4.00 -7009.26 -7240.26 462.85 2937.22
78.00 4.00 -7009.26 -7114.22 462.85 2937.22
79.00 4.00 -7009.26 -7112.30 462.85 2937.22
80.00 4.00 -7009.26 -7173.23 462.85 2937.22
81.00 4.00 -7009.26 -7151.13 462.85 2937.22
82.00 4.00 -7009.26 -7095.81 462.85 2937.22
83.00 4.00 -7009.26 -7074.44 462.85 2937.22
84.00 4.00 -7009.26 -7205.00 462.85 2937.22
85.00 4.00 -7009.26 -7090.11 462.85 2937.22
86.00 4.00 -7009.26 -7163.78 462.85 2937.22
87.00 4.00 -7009.26 -7126.70 462.85 2937.22
88.00 4.00 -7009.26 -7105.54 462.85 2937.22
89.00 4.00 -7009.26 -7086.74 462.85 2937.22
90.00 4.00 -7009.26 -7121.33 462.85 2937.22
91.00 4.00 -7009.26 -7027.74 462.85 2937.22
92.00 4.00 -7009.26 -7129.44 462.85 2937.22
93.00 4.00 -7009.26 -7084.42 462.85 2937.22
94.00 4.00 -7009.26 -7130.88 462.85 2937.22
95.00 4.00 -7009.26 -7116.03 462.85 2937.22
96.00 4.00 -7009.26 -7169.58 462.85 2937.22
97.00 5.00 -6991.64 -6991.64 475.19 2929.34
98.00 5.00 -6991.64 -7038.33 475.19 2929.34
99.00 5.00 -6991.64 -7128.94 475.19 2929.34
100.00 5.00 -6991.64 -7136.60 475.19 2929.34
101.00 5.00 -6991.64 -7094.56 475.19 2929.34
102.00 5.00 -6991.64 -7081.03 475.19 2929.34
103.00 5.00 -6991.64 -7057.17 475.19 2929.34
104.00 5.00 -6991.64 -7044.56 475.19 2929.34
105.00 5.00 -6991.64 -7058.57 475.19 2929.34
106.00 5.00 -6991.64 -7130.71 475.19 2929.34
107.00 5.00 -6991.64 -7094.36 475.19 2929.34
108.00 5.00 -6991.64 -7084.39 475.19 2929.34
109.00 5.00 -6991.64 -7023.94 475.19 2929.34
110.00 5.00 -6991.64 -7051.58 475.19 2929.34
111.00 5.00 -6991.64 -7188.27 475.19 2929.34
112.00 5.00 -6991.64 -7097.02 475.19 2929.34
113.00 5.00 -6991.64 -7252.56 475.19 2929.34
114.00 5.00 -6991.64 -7070.94 475.19 2929.34
115.00 5.00 -6991.64 -7135.84 475.19 2929.34
116.00 5.00 -6991.64 -7079.08 475.19 2929.34
117.00 5.00 -6991.64 -7024.32 475.19 2929.34
118.00 5.00 -6991.64 -7197.25 475.19 2929.34
119.00 5.00 -6991.64 -7120.72 475.19 2929.34
120.00 5.00 -6991.64 -7092.37 475.19 2929.34
121.00 5.00 -6991.64 -7105.26 475.19 2929.34
122.00 5.00 -6991.64 -7012.55 475.19 2929.34
123.00 5.00 -6991.64 -7104.18 475.19 2929.34
124.00 5.00 -6991.64 -7095.31 475.19 2929.34
125.00 5.00 -6991.64 -7098.45 475.19 2929.34
126.00 5.00 -6991.64 -7028.53 475.19 2929.34
127.00 5.00 -6991.64 -7064.24 475.19 2929.34
128.00 5.00 -6991.64 -7176.58 475.19 2929.34
129.00 5.00 -6991.64 -7059.38 475.19 2929.34
130.00 5.00 -6991.64 -7134.67 475.19 2929.34
131.00 5.00 -6991.64 -7028.98 475.19 2929.34
132.00 5.00 -6991.64 -7109.05 475.19 2929.34
133.00 5.00 -6991.64 -7080.19 475.19 2929.34
134.00 5.00 -6991.64 -7048.69 475.19 2929.34
135.00 5.00 -6991.64 -7049.73 475.19 2929.34
136.00 5.00 -6991.64 -7099.67 475.19 2929.34
137.00 5.00 -6991.64 -7162.90 475.19 2929.34
138.00 5.00 -6991.64 -7008.08 475.19 2929.34
139.00 5.00 -6991.64 -7069.56 475.19 2929.34
140.00 5.00 -6991.64 -7122.22 475.19 2929.34
141.00 5.00 -6991.64 -7147.06 475.19 2929.34
142.00 5.00 -6991.64 -7193.72 475.19 2929.34
143.00 5.00 -6991.64 -7081.97 475.19 2929.34
144.00 5.00 -6991.64 -7067.06 475.19 2929.34
145.00 5.00 -6991.64 -7111.31 475.19 2929.34
146.00 5.00 -6991.64 -7116.95 475.19 2929.34
147.00 5.00 -6991.64 -7099.42 475.19 2929.34
148.00 5.00 -6991.64 -7040.82 475.19 2929.34
149.00 5.00 -6991.64 -7073.04 475.19 2929.34
150.00 5.00 -6991.64 -7144.27 475.19 2929.34
151.00 5.00 -6991.64 -7099.60 475.19 2929.34
152.00 5.00 -6991.64 -7019.62 475.19 2929.34
153.00 5.00 -6991.64 -7088.91 475.19 2929.34
154.00 5.00 -6991.64 -7095.74 475.19 2929.34
155.00 5.00 -6991.64 -7210.91 475.19 2929.34
156.00 5.00 -6991.64 -7087.46 475.19 2929.34
157.00 5.00 -6991.64 -7239.60 475.19 2929.34
158.00 5.00 -6991.64 -7098.92 475.19 2929.34
159.00 5.00 -6991.64 -7158.29 475.19 2929.34
160.00 5.00 -6991.64 -7101.45 475.19 2929.34
161.00 5.00 -6991.64 -7102.47 475.19 2929.34
162.00 5.00 -6991.64 -7178.91 475.19 2929.34
163.00 5.00 -6991.64 -7158.90 475.19 2929.34
164.00 5.00 -6991.64 -7083.07 475.19 2929.34
165.00 5.00 -6991.64 -7137.79 475.19 2929.34
166.00 5.00 -6991.64 -7123.99 475.19 2929.34
167.00 5.00 -6991.64 -7096.89 475.19 2929.34
168.00 5.00 -6991.64 -7011.08 475.19 2929.34
169.00 5.00 -6991.64 -7049.78 475.19 2929.34
170.00 5.00 -6991.64 -7132.85 475.19 2929.34
171.00 5.00 -6991.64 -7096.52 475.19 2929.34
172.00 5.00 -6991.64 -7041.23 475.19 2929.34
173.00 5.00 -6991.64 -7204.77 475.19 2929.34
174.00 6.00 -6974.15 -6974.15 480.51 2916.60
175.00 6.00 -6974.15 -7161.20 480.51 2916.60
176.00 6.00 -6974.15 -7070.39 480.51 2916.60
177.00 6.00 -6974.15 -7151.91 480.51 2916.60
178.00 6.00 -6974.15 -7060.26 480.51 2916.60
179.00 6.00 -6974.15 -7036.78 480.51 2916.60
180.00 6.00 -6974.15 -7067.85 480.51 2916.60
181.00 6.00 -6974.15 -7158.03 480.51 2916.60
182.00 6.00 -6974.15 -7104.21 480.51 2916.60
183.00 6.00 -6974.15 -7151.28 480.51 2916.60
184.00 6.00 -6974.15 -7086.96 480.51 2916.60
185.00 6.00 -6974.15 -6993.45 480.51 2916.60
186.00 6.00 -6974.15 -7050.36 480.51 2916.60
187.00 6.00 -6974.15 -7103.25 480.51 2916.60
188.00 6.00 -6974.15 -7072.19 480.51 2916.60
189.00 6.00 -6974.15 -7116.23 480.51 2916.60
190.00 6.00 -6974.15 -7161.53 480.51 2916.60
191.00 6.00 -6974.15 -7115.98 480.51 2916.60
192.00 6.00 -6974.15 -7076.90 480.51 2916.60
193.00 6.00 -6974.15 -7082.23 480.51 2916.60
194.00 6.00 -6974.15 -7127.51 480.51 2916.60
195.00 6.00 -6974.15 -7053.06 480.51 2916.60
196.00 6.00 -6974.15 -6992.61 480.51 2916.60
197.00 6.00 -6974.15 -7114.65 480.51 2916.60
198.00 6.00 -6974.15 -7056.97 480.51 2916.60
199.00 6.00 -6974.15 -7015.73 480.51 2916.60
200.00 6.00 -6974.15 -7052.83 480.51 2916.60
201.00 6.00 -6974.15 -7072.30 480.51 2916.60
202.00 6.00 -6974.15 -7145.36 480.51 2916.60
203.00 6.00 -6974.15 -7082.44 480.51 2916.60
204.00 6.00 -6974.15 -7056.53 480.51 2916.60
205.00 6.00 -6974.15 -7105.51 480.51 2916.60
206.00 6.00 -6974.15 -7060.97 480.51 2916.60
207.00 6.00 -6974.15 -7303.30 480.51 2916.60
208.00 6.00 -6974.15 -7152.88 480.51 2916.60
209.00 6.00 -6974.15 -7110.26 480.51 2916.60
210.00 6.00 -6974.15 -7098.13 480.51 2916.60
211.00 6.00 -6974.15 -7068.49 480.51 2916.60
212.00 6.00 -6974.15 -7101.84 480.51 2916.60
213.00 6.00 -6974.15 -7063.39 480.51 2916.60
214.00 6.00 -6974.15 -7154.54 480.51 2916.60
215.00 6.00 -6974.15 -7165.70 480.51 2916.60
216.00 6.00 -6974.15 -7319.88 480.51 2916.60
217.00 6.00 -6974.15 -7101.30 480.51 2916.60
218.00 7.00 -12903.28 -12903.28 489.09 2926.98
219.00 7.00 -12903.28 -12911.16 489.09 2926.98
220.00 8.00 -12871.01 -12871.01 479.95 2915.73
221.00 9.00 -12764.56 -12764.56 467.21 2929.69
222.00 9.00 -12764.56 -12969.88 467.21 2929.69
223.00 9.00 -12764.56 -12830.47 467.21 2929.69
224.00 9.00 -12764.56 -12892.11 467.21 2929.69
225.00 9.00 -12764.56 -12786.13 467.21 2929.69
226.00 9.00 -12764.56 -12857.57 467.21 2929.69
227.00 9.00 -12764.56 -12944.22 467.21 2929.69
228.00 9.00 -12764.56 -12954.25 467.21 2929.69
229.00 9.00 -12764.56 -12822.97 467.21 2929.69
230.00 9.00 -12764.56 -13172.19 467.21 2929.69
231.00 9.00 -12764.56 -12892.05 467.21 2929.69
232.00 9.00 -12764.56 -12851.80 467.21 2929.69
233.00 10.00 -12634.36 -12634.36 484.77 2891.81
234.00 10.00 -12634.36 -12761.78 484.77 2891.81
235.00 10.00 -12634.36 -12789.79 484.77 2891.81
236.00 10.00 -12634.36 -12801.04 484.77 2891.81
237.00 10.00 -12634.36 -12871.06 484.77 2891.81
238.00 10.00 -12634.36 -12861.59 484.77 2891.81
239.00 10.00 -12634.36 -12716.91 484.77 2891.81
240.00 10.00 -12634.36 -12883.77 484.77 2891.81
241.00 10.00 -12634.36 -12875.00 484.77 2891.81
242.00 10.00 -12634.36 -12881.78 484.77 2891.81
243.00 10.00 -12634.36 -12920.08 484.77 2891.81
244.00 10.00 -12634.36 -12899.93 484.77 2891.81
245.00 10.00 -12634.36 -12939.42 484.77 2891.81
246.00 10.00 -12634.36 -12803.67 484.77 2891.81
247.00 10.00 -12634.36 -12887.87 484.77 2891.81
248.00 10.00 -12634.36 -12800.43 484.77 2891.81
249.00 10.00 -12634.36 -12791.35 484.77 2891.81
250.00 10.00 -12634.36 -12871.27 484.77 2891.81
251.00 10.00 -12634.36 -12746.16 484.77 2891.81
252.00 10.00 -12634.36 -12757.05 484.77 2891.81
253.00 10.00 -12634.36 -13126.14 484.77 2891.81
254.00 10.00 -12634.36 -12894.00 484.77 2891.81
255.00 10.00 -12634.36 -12985.58 484.77 2891.81
256.00 10.00 -12634.36 -13083.61 484.77 2891.81
257.00 10.00 -12634.36 -12953.62 484.77 2891.81
258.00 10.00 -12634.36 -12692.27 484.77 2891.81
259.00 10.00 -12634.36 -12896.63 484.77 2891.81
260.00 10.00 -12634.36 -12861.18 484.77 2891.81
261.00 10.00 -12634.36 -12837.68 484.77 2891.81
262.00 10.00 -12634.36 -12861.87 484.77 2891.81
263.00 10.00 -12634.36 -13008.91 484.77 2891.81
264.00 10.00 -12634.36 -12828.92 484.77 2891.81
265.00 10.00 -12634.36 -13021.40 484.77 2891.81
266.00 10.00 -12634.36 -12847.14 484.77 2891.81
267.00 10.00 -12634.36 -12901.46 484.77 2891.81
268.00 10.00 -12634.36 -12853.47 484.77 2891.81
269.00 10.00 -12634.36 -13161.65 484.77 2891.81
270.00 10.00 -12634.36 -12878.15 484.77 2891.81
271.00 10.00 -12634.36 -12939.79 484.77 2891.81
272.00 10.00 -12634.36 -12823.92 484.77 2891.81
273.00 10.00 -12634.36 -12916.11 484.77 2891.81
274.00 10.00 -12634.36 -12859.07 484.77 2891.81
275.00 10.00 -12634.36 -12828.09 484.77 2891.81
276.00 10.00 -12634.36 -12916.11 484.77 2891.81
277.00 10.00 -12634.36 -12842.79 484.77 2891.81
278.00 10.00 -12634.36 -12710.17 484.77 2891.81
279.00 10.00 -12634.36 -13214.15 484.77 2891.81
280.00 10.00 -12634.36 -12769.24 484.77 2891.81
281.00 10.00 -12634.36 -12896.86 484.77 2891.81
282.00 10.00 -12634.36 -12854.85 484.77 2891.81
283.00 10.00 -12634.36 -12809.47 484.77 2891.81
284.00 10.00 -12634.36 -12681.60 484.77 2891.81
285.00 10.00 -12634.36 -13113.23 484.77 2891.81
286.00 10.00 -12634.36 -12806.80 484.77 2891.81
287.00 10.00 -12634.36 -12829.91 484.77 2891.81
288.00 10.00 -12634.36 -12891.36 484.77 2891.81
289.00 10.00 -12634.36 -12746.92 484.77 2891.81
290.00 10.00 -12634.36 -12850.99 484.77 2891.81
291.00 10.00 -12634.36 -12820.17 484.77 2891.81
292.00 10.00 -12634.36 -13076.31 484.77 2891.81
293.00 10.00 -12634.36 -12849.37 484.77 2891.81
294.00 10.00 -12634.36 -12732.59 484.77 2891.81
295.00 10.00 -12634.36 -12964.31 484.77 2891.81
296.00 10.00 -12634.36 -12997.24 484.77 2891.81
297.00 10.00 -12634.36 -12863.52 484.77 2891.81
298.00 10.00 -12634.36 -13139.96 484.77 2891.81
299.00 10.00 -12634.36 -12800.92 484.77 2891.81
300.00 10.00 -12634.36 -12848.30 484.77 2891.81
301.00 10.00 -12634.36 -13009.63 484.77 2891.81
302.00 10.00 -12634.36 -12874.41 484.77 2891.81
303.00 10.00 -12634.36 -12879.84 484.77 2891.81
304.00 10.00 -12634.36 -12755.44 484.77 2891.81
305.00 10.00 -12634.36 -12877.93 484.77 2891.81
306.00 10.00 -12634.36 -12842.87 484.77 2891.81
307.00 10.00 -12634.36 -12805.53 484.77 2891.81
308.00 10.00 -12634.36 -12958.66 484.77 2891.81
309.00 10.00 -12634.36 -13209.31 484.77 2891.81
310.00 10.00 -12634.36 -12810.52 484.77 2891.81
311.00 10.00 -12634.36 -12843.49 484.77 2891.81
312.00 10.00 -12634.36 -12889.19 484.77 2891.81
313.00 10.00 -12634.36 -12900.91 484.77 2891.81
314.00 10.00 -12634.36 -12774.18 484.77 2891.81
315.00 10.00 -12634.36 -13081.61 484.77 2891.81
316.00 10.00 -12634.36 -12844.35 484.77 2891.81
317.00 10.00 -12634.36 -13079.29 484.77 2891.81
318.00 10.00 -12634.36 -12934.41 484.77 2891.81
319.00 10.00 -12634.36 -12857.35 484.77 2891.81
320.00 10.00 -12634.36 -12874.60 484.77 2891.81
321.00 10.00 -12634.36 -12821.79 484.77 2891.81
322.00 10.00 -12634.36 -12684.56 484.77 2891.81
323.00 10.00 -12634.36 -13188.30 484.77 2891.81
324.00 10.00 -12634.36 -12901.16 484.77 2891.81
325.00 10.00 -12634.36 -12945.64 484.77 2891.81
326.00 10.00 -12634.36 -12871.05 484.77 2891.81
327.00 10.00 -12634.36 -13211.16 484.77 2891.81
328.00 10.00 -12634.36 -12844.01 484.77 2891.81
329.00 10.00 -12634.36 -12696.33 484.77 2891.81
330.00 10.00 -12634.36 -12913.74 484.77 2891.81
331.00 10.00 -12634.36 -13008.20 484.77 2891.81
332.00 10.00 -12634.36 -12690.16 484.77 2891.81
333.00 10.00 -12634.36 -12692.68 484.77 2891.81
334.00 10.00 -12634.36 -12902.03 484.77 2891.81
335.00 10.00 -12634.36 -12783.64 484.77 2891.81
336.00 10.00 -12634.36 -13163.76 484.77 2891.81
337.00 10.00 -12634.36 -12887.83 484.77 2891.81
338.00 10.00 -12634.36 -12850.37 484.77 2891.81
339.00 10.00 -12634.36 -12989.29 484.77 2891.81
340.00 10.00 -12634.36 -13288.18 484.77 2891.81
341.00 10.00 -12634.36 -12813.90 484.77 2891.81
342.00 10.00 -12634.36 -13074.29 484.77 2891.81
