0.00 0.00 -11643.97 -11667.58 1.00 1.00
1.00 1.00 -11608.67 -11608.67 474.67 2923.64
2.00 1.00 -11608.67 -11698.94 474.67 2923.64
3.00 2.00 -11513.36 -11513.36 471.21 2927.57
4.00 2.00 -11513.36 -11850.72 471.21 2927.57
5.00 2.00 -11513.36 -11665.65 471.21 2927.57
6.00 2.00 -11513.36 -11866.21 471.21 2927.57
7.00 2.00 -11513.36 -11687.84 471.21 2927.57
8.00 2.00 -11513.36 -11665.40 471.21 2927.57
9.00 2.00 -11513.36 -11750.31 471.21 2927.57
10.00 2.00 -11513.36 -11974.17 471.21 2927.57
11.00 2.00 -11513.36 -11642.18 471.21 2927.57
12.00 2.00 -11513.36 -11669.99 471.21 2927.57
13.00 2.00 -11513.36 -11629.32 471.21 2927.57
14.00 2.00 -11513.36 -11645.46 471.21 2927.57
15.00 2.00 -11513.36 -11681.21 471.21 2927.57
16.00 2.00 -11513.36 -11839.24 471.21 2927.57
17.00 2.00 -11513.36 -11618.44 471.21 2927.57
18.00 2.00 -11513.36 -11778.29 471.21 2927.57
19.00 2.00 -11513.36 -11926.93 471.21 2927.57
20.00 2.00 -11513.36 -11771.05 471.21 2927.57
21.00 2.00 -11513.36 -11591.80 471.21 2927.57
22.00 2.00 -11513.36 -11673.09 471.21 2927.57
23.00 2.00 -11513.36 -11827.37 471.21 2927.57
24.00 2.00 -11513.36 -11887.90 471.21 2927.57
25.00 2.00 -11513.36 -11758.38 471.21 2927.57
26.00 2.00 -11513.36 -11755.07 471.21 2927.57
27.00 2.00 -11513.36 -11797.10 471.21 2927.57
28.00 2.00 -11513.36 -11637.76 471.21 2927.57
29.00 2.00 -11513.36 -11691.92 471.21 2927.57
30.00 2.00 -11513.36 -11665.84 471.21 2927.57
31.00 2.00 -11513.36 -11583.36 471.21 2927.57
32.00 2.00 -11513.36 -11651.52 471.21 2927.57
33.00 2.00 -11513.36 -11761.27 471.21 2927.57
34.00 2.00 -11513.36 -11633.57 471.21 2927.57
35.00 2.00 -11513.36 -11641.11 471.21 2927.57
36.00 2.00 -11513.36 -11641.21 471.21 2927.57
37.00 2.00 -11513.36 -11650.87 471.21 2927.57
38.00 2.00 -11513.36 -11700.67 471.21 2927.57
39.00 2.00 -11513.36 -11661.74 471.21 2927.57
40.00 2.00 -11513.36 -11616.56 471.21 2927.57
41.00 2.00 -11513.36 -11665.70 471.21 2927.57
42.00 2.00 -11513.36 -11776.25 471.21 2927.57
43.00 2.00 -11513.36 -11743.64 471.21 2927.57
44.00 2.00 -11513.36 -11860.65 471.21 2927.57
45.00 2.00 -11513.36 -11667.70 471.21 2927.57
46.00 2.00 -11513.36 -11760.02 471.21 2927.57
47.00 2.00 -11513.36 -11795.03 471.21 2927.57
48.00 2.00 -11513.36 -11607.88 471.21 2927.57
49.00 2.00 -11513.36 -11724.52 471.21 2927.57
50.00 2.00 -11513.36 -11717.82 471.21 2927.57
51.00 2.00 -11513.36 -11679.11 471.21 2927.57
52.00 2.00 -11513.36 -11757.42 471.21 2927.57
53.00 2.00 -11513.36 -11692.55 471.21 2927.57
54.00 2.00 -11513.36 -11574.71 471.21 2927.57
55.00 2.00 -11513.36 -11662.79 471.21 2927.57
56.00 2.00 -11513.36 -11799.81 471.21 2927.57
57.00 2.00 -11513.36 -11684.72 471.21 2927.57
58.00 2.00 -11513.36 -11583.62 471.21 2927.57
59.00 2.00 -11513.36 -11768.33 471.21 2927.57
60.00 2.00 -11513.36 -11849.90 471.21 2927.57
61.00 2.00 -11513.36 -11791.79 471.21 2927.57
62.00 2.00 -11513.36 -11648.42 471.21 2927.57
63.00 2.00 -11513.36 -11888.42 471.21 2927.57
64.00 2.00 -11513.36 -11667.87 471.21 2927.57
65.00 2.00 -11513.36 -11686.69 471.21 2927.57
66.00 2.00 -11513.36 -11865.27 471.21 2927.57
67.00 2.00 -11513.36 -11642.12 471.21 2927.57
68.00 2.00 -11513.36 -11666.34 471.21 2927.57
69.00 2.00 -11513.36 -11654.41 471.21 2927.57
70.00 2.00 -11513.36 -11725.11 471.21 2927.57
71.00 2.00 -11513.36 -11782.23 471.21 2927.57
72.00 2.00 -11513.36 -11808.69 471.21 2927.57
73.00 2.00 -11513.36 -11755.60 471.21 2927.57
74.00 2.00 -11513.36 -11675.41 471.21 2927.57
75.00 2.00 -11513.36 -11730.78 471.21 2927.57
76.00 2.00 -11513.36 -11664.35 471.21 2927.57
77.00 2.00 -11513.36 -11760.72 471.21 2927.57
78.00 2.00 -11513.36 -11751.35 471.21 2927.57
79.00 2.00 -11513.36 -11696.92 471.21 2927.57
80.00 2.00 -11513.36 -11709.04 471.21 2927.57
81.00 2.00 -11513.36 -11705.34 471.21 2927.57
82.00 2.00 -11513.36 -11694.71 471.21 2927.57
83.00 2.00 -11513.36 -11922.76 471.21 2927.57
84.00 2.00 -11513.36 -11693.00 471.21 2927.57
85.00 2.00 -11513.36 -11693.22 471.21 2927.57
86.00 2.00 -11513.36 -11657.69 471.21 2927.57
87.00 2.00 -11513.36 -11806.24 471.21 2927.57
88.00 2.00 -11513.36 -11697.10 471.21 2927.57
89.00 2.00 -11513.36 -11637.69 471.21 2927.57
90.00 2.00 -11513.36 -11628.00 471.21 2927.57
91.00 2.00 -11513.36 -11690.24 471.21 2927.57
92.00 2.00 -11513.36 -11673.13 471.21 2927.57
93.00 2.00 -11513.36 -11673.46 471.21 2927.57
94.00 2.00 -11513.36 -11790.27 471.21 2927.57
95.00 2.00 -11513.36 -11668.73 471.21 2927.57
96.00 2.00 -11513.36 -11675.03 471.21 2927.57
97.00 2.00 -11513.36 -11686.10 471.21 2927.57
98.00 2.00 -11513.36 -11881.26 471.21 2927.57
99.00 2.00 -11513.36 -11727.30 471.21 2927.57
100.00 2.00 -11513.36 -11729.00 471.21 2927.57
101.00 2.00 -11513.36 -11660.75 471.21 2927.57
102.00 2.00 -11513.36 -11744.45 471.21 2927.57
103.00 2.00 -11513.36 -11705.94 471.21 2927.57
104.00 2.00 -11513.36 -11680.73 471.21 2927.57
105.00 2.00 -11513.36 -11795.53 471.21 2927.57
106.00 2.00 -11513.36 -11989.61 471.21 2927.57
107.00 2.00 -11513.36 -11611.94 471.21 2927.57
108.00 2.00 -11513.36 -11770.74 471.21 2927.57
109.00 2.00 -11513.36 -11748.88 471.21 2927.57
110.00 2.00 -11513.36 -11825.04 471.21 2927.57
111.00 2.00 -11513.36 -11811.51 471.21 2927.57
112.00 2.00 -11513.36 -11870.12 471.21 2927.57
113.00 2.00 -11513.36 -11760.16 471.21 2927.57
114.00 2.00 -11513.36 -11709.98 471.21 2927.57
115.00 2.00 -11513.36 -11795.76 471.21 2927.57
116.00 2.00 -11513.36 -11710.12 471.21 2927.57
117.00 2.00 -11513.36 -11652.10 471.21 2927.57
118.00 2.00 -11513.36 -11643.69 471.21 2927.57
119.00 2.00 -11513.36 -11624.15 471.21 2927.57
120.00 2.00 -11513.36 -11718.96 471.21 2927.57
121.00 2.00 -11513.36 -11580.05 471.21 2927.57
122.00 2.00 -11513.36 -12006.34 471.21 2927.57
123.00 2.00 -11513.36 -11678.68 471.21 2927.57
124.00 2.00 -11513.36 -11674.66 471.21 2927.57
125.00 2.00 -11513.36 -11729.32 471.21 2927.57
126.00 2.00 -11513.36 -11677.44 471.21 2927.57
127.00 2.00 -11513.36 -11887.85 471.21 2927.57
128.00 2.00 -11513.36 -11736.69 471.21 2927.57
129.00 2.00 -11513.36 -11738.72 471.21 2927.57
130.00 2.00 -11513.36 -11792.36 471.21 2927.57
131.00 2.00 -11513.36 -11572.78 471.21 2927.57
132.00 2.00 -11513.36 -11777.99 471.21 2927.57
133.00 2.00 -11513.36 -11632.30 471.21 2927.57
134.00 2.00 -11513.36 -11674.57 471.21 2927.57
135.00 2.00 -11513.36 -11892.27 471.21 2927.57
136.00 2.00 -11513.36 -11614.43 471.21 2927.57
137.00 2.00 -11513.36 -11680.34 471.21 2927.57
138.00 2.00 -11513.36 -11749.95 471.21 2927.57
139.00 2.00 -11513.36 -11714.83 471.21 2927.57
140.00 2.00 -11513.36 -11617.80 471.21 2927.57
141.00 2.00 -11513.36 -11578.14 471.21 2927.57
142.00 2.00 -11513.36 -11718.37 471.21 2927.57
143.00 2.00 -11513.36 -11611.91 471.21 2927.57
144.00 2.00 -11513.36 -11576.08 471.21 2927.57
145.00 2.00 -11513.36 -11744.82 471.21 2927.57
146.00 2.00 -11513.36 -11746.97 471.21 2927.57
147.00 2.00 -11513.36 -11861.39 471.21 2927.57
148.00 2.00 -11513.36 -11714.77 471.21 2927.57
149.00 2.00 -11513.36 -11709.08 471.21 2927.57
150.00 2.00 -11513.36 -11637.42 471.21 2927.57
151.00 2.00 -11513.36 -11621.12 471.21 2927.57
152.00 2.00 -11513.36 -12006.82 471.21 2927.57
153.00 2.00 -11513.36 -11828.16 471.21 2927.57
154.00 2.00 -11513.36 -11680.12 471.21 2927.57
155.00 2.00 -11513.36 -11660.23 471.21 2927.57
156.00 2.00 -11513.36 -11580.38 471.21 2927.57
157.00 2.00 -11513.36 -11730.14 471.21 2927.57
158.00 2.00 -11513.36 -11721.58 471.21 2927.57
159.00 2.00 -11513.36 -11679.52 471.21 2927.57
160.00 2.00 -11513.36 -11752.87 471.21 2927.57
161.00 2.00 -11513.36 -12149.65 471.21 2927.57
162.00 2.00 -11513.36 -11764.69 471.21 2927.57
163.00 2.00 -11513.36 -11705.94 471.21 2927.57
164.00 2.00 -11513.36 -11586.11 471.21 2927.57
165.00 2.00 -11513.36 -11717.79 471.21 2927.57
166.00 2.00 -11513.36 -11758.00 471.21 2927.57
167.00 2.00 -11513.36 -11823.97 471.21 2927.57
168.00 2.00 -11513.36 -11737.02 471.21 2927.57
169.00 2.00 -11513.36 -11748.43 471.21 2927.57
170.00 2.00 -11513.36 -11744.10 471.21 2927.57
171.00 2.00 -11513.36 -11698.46 471.21 2927.57
172.00 2.00 -11513.36 -11720.99 471.21 2927.57
173.00 2.00 -11513.36 -11596.68 471.21 2927.57
174.00 2.00 -11513.36 -11720.78 471.21 2927.57
175.00 2.00 -11513.36 -11804.49 471.21 2927.57
176.00 2.00 -11513.36 -11727.93 471.21 2927.57
177.00 2.00 -11513.36 -11721.43 471.21 2927.57
178.00 2.00 -11513.36 -11762.91 471.21 2927.57
179.00 2.00 -11513.36 -11698.75 471.21 2927.57
180.00 2.00 -11513.36 -11699.42 471.21 2927.57
181.00 2.00 -11513.36 -11708.35 471.21 2927.57
182.00 2.00 -11513.36 -11630.76 471.21 2927.57
183.00 2.00 -11513.36 -11717.76 471.21 2927.57
184.00 2.00 -11513.36 -11803.76 471.21 2927.57
185.00 2.00 -11513.36 -11698.40 471.21 2927.57
186.00 2.00 -11513.36 -11622.71 471.21 2927.57
187.00 2.00 -11513.36 -11652.21 471.21 2927.57
188.00 2.00 -11513.36 -11704.60 471.21 2927.57
189.00 2.00 -11513.36 -11689.81 471.21 2927.57
190.00 2.00 -11513.36 -11706.82 471.21 2927.57
191.00 2.00 -11513.36 -11714.14 471.21 2927.57
192.00 2.00 -11513.36 -11874.80 471.21 2927.57
193.00 2.00 -11513.36 -11743.59 471.21 2927.57
194.00 2.00 -11513.36 -11661.98 471.21 2927.57
195.00 2.00 -11513.36 -11741.59 471.21 2927.57
196.00 2.00 -11513.36 -11703.33 471.21 2927.57
197.00 2.00 -11513.36 -11736.24 471.21 2927.57
198.00 2.00 -11513.36 -11711.50 471.21 2927.57
199.00 2.00 -11513.36 -11741.18 471.21 2927.57
200.00 2.00 -11513.36 -11776.14 471.21 2927.57
201.00 2.00 -11513.36 -11775.67 471.21 2927.57
202.00 2.00 -11513.36 -11886.23 471.21 2927.57
203.00 2.00 -11513.36 -11799.20 471.21 2927.57
204.00 2.00 -11513.36 -11653.52 471.21 2927.57
205.00 2.00 -11513.36 -11731.50 471.21 2927.57
206.00 2.00 -11513.36 -11552.89 471.21 2927.57
207.00 2.00 -11513.36 -11792.83 471.21 2927.57
208.00 2.00 -11513.36 -11743.34 471.21 2927.57
209.00 2.00 -11513.36 -11622.70 471.21 2927.57
210.00 2.00 -11513.36 -11677.40 471.21 2927.57
211.00 2.00 -11513.36 -11692.87 471.21 2927.57
212.00 2.00 -11513.36 -11547.00 471.21 2927.57
213.00 2.00 -11513.36 -11702.47 471.21 2927.57
214.00 2.00 -11513.36 -11736.44 471.21 2927.57
215.00 2.00 -11513.36 -11706.59 471.21 2927.57
216.00 2.00 -11513.36 -11695.87 471.21 2927.57
217.00 2.00 -11513.36 -11561.56 471.21 2927.57
218.00 3.00 -12923.11 -12923.11 461.31 2928.10
219.00 3.00 -12923.11 -12957.44 461.31 2928.10
220.00 3.00 -12923.11 -13070.60 461.31 2928.10
221.00 3.00 -12923.11 -13181.77 461.31 2928.10
222.00 4.00 -12810.03 -12810.03 471.27 2917.10
223.00 4.00 -12810.03 -12880.29 471.27 2917.10
224.00 4.00 -12810.03 -12864.45 471.27 2917.10
225.00 4.00 -12810.03 -12975.74 471.27 2917.10
226.00 5.00 -12752.18 -12752.18 468.01 2908.44
227.00 5.00 -12752.18 -12758.99 468.01 2908.44
228.00 5.00 -12752.18 -12814.21 468.01 2908.44
229.00 5.00 -12752.18 -13006.34 468.01 2908.44
230.00 6.00 -12749.27 -12749.27 467.11 2903.78
231.00 6.00 -12749.27 -12851.07 467.11 2903.78
232.00 6.00 -12749.27 -12837.01 467.11 2903.78
233.00 6.00 -12749.27 -12917.58 467.11 2903.78
234.00 6.00 -12749.27 -12834.36 467.11 2903.78
235.00 6.00 -12749.27 -13045.49 467.11 2903.78
236.00 6.00 -12749.27 -12937.83 467.11 2903.78
237.00 6.00 -12749.27 -12855.76 467.11 2903.78
238.00 6.00 -12749.27 -12872.13 467.11 2903.78
239.00 6.00 -12749.27 -13043.96 467.11 2903.78
240.00 6.00 -12749.27 -13189.15 467.11 2903.78
241.00 6.00 -12749.27 -12910.84 467.11 2903.78
242.00 6.00 -12749.27 -12782.98 467.11 2903.78
243.00 6.00 -12749.27 -13130.28 467.11 2903.78
244.00 6.00 -12749.27 -13096.35 467.11 2903.78
245.00 6.00 -12749.27 -12822.46 467.11 2903.78
246.00 6.00 -12749.27 -13252.51 467.11 2903.78
247.00 6.00 -12749.27 -12954.34 467.11 2903.78
248.00 6.00 -12749.27 -12780.67 467.11 2903.78
249.00 6.00 -12749.27 -12871.79 467.11 2903.78
250.00 6.00 -12749.27 -12832.80 467.11 2903.78
251.00 6.00 -12749.27 -12810.63 467.11 2903.78
252.00 6.00 -12749.27 -13013.03 467.11 2903.78
253.00 6.00 -12749.27 -12876.72 467.11 2903.78
254.00 6.00 -12749.27 -12886.07 467.11 2903.78
255.00 6.00 -12749.27 -13013.22 467.11 2903.78
256.00 6.00 -12749.27 -12834.84 467.11 2903.78
257.00 6.00 -12749.27 -12945.23 467.11 2903.78
258.00 6.00 -12749.27 -12893.43 467.11 2903.78
259.00 6.00 -12749.27 -12995.47 467.11 2903.78
260.00 6.00 -12749.27 -12872.62 467.11 2903.78
261.00 6.00 -12749.27 -12954.91 467.11 2903.78
262.00 6.00 -12749.27 -12831.07 467.11 2903.78
263.00 6.00 -12749.27 -12859.59 467.11 2903.78
264.00 6.00 -12749.27 -13067.84 467.11 2903.78
265.00 6.00 -12749.27 -12946.32 467.11 2903.78
266.00 6.00 -12749.27 -13013.86 467.11 2903.78
267.00 6.00 -12749.27 -12924.00 467.11 2903.78
268.00 6.00 -12749.27 -12902.31 467.11 2903.78
269.00 6.00 -12749.27 -12931.85 467.11 2903.78
270.00 6.00 -12749.27 -13024.26 467.11 2903.78
271.00 6.00 -12749.27 -12870.29 467.11 2903.78
272.00 6.00 -12749.27 -12884.57 467.11 2903.78
273.00 6.00 -12749.27 -12848.99 467.11 2903.78
274.00 6.00 -12749.27 -12825.14 467.11 2903.78
275.00 6.00 -12749.27 -12941.57 467.11 2903.78
276.00 6.00 -12749.27 -12877.24 467.11 2903.78
277.00 6.00 -12749.27 -12772.13 467.11 2903.78
278.00 6.00 -12749.27 -12805.65 467.11 2903.78
279.00 6.00 -12749.27 -12821.27 467.11 2903.78
280.00 6.00 -12749.27 -12938.67 467.11 2903.78
281.00 7.00 -12702.88 -12702.88 469.88 2921.99
282.00 7.00 -12702.88 -12755.71 469.88 2921.99
283.00 7.00 -12702.88 -12840.84 469.88 2921.99
284.00 7.00 -12702.88 -12953.59 469.88 2921.99
285.00 7.00 -12702.88 -13133.77 469.88 2921.99
286.00 7.00 -12702.88 -12754.51 469.88 2921.99
287.00 8.00 -12676.19 -12676.19 477.02 2934.31
288.00 8.00 -12676.19 -12860.39 477.02 2934.31
289.00 8.00 -12676.19 -12838.01 477.02 2934.31
290.00 8.00 -12676.19 -12873.38 477.02 2934.31
291.00 8.00 -12676.19 -12761.22 477.02 2934.31
292.00 8.00 -12676.19 -12786.17 477.02 2934.31
293.00 8.00 -12676.19 -12854.34 477.02 2934.31
294.00 8.00 -12676.19 -12795.72 477.02 2934.31
295.00 8.00 -12676.19 -12741.48 477.02 2934.31
296.00 8.00 -12676.19 -12826.65 477.02 2934.31
297.00 8.00 -12676.19 -12762.21 477.02 2934.31
298.00 8.00 -12676.19 -12728.95 477.02 2934.31
299.00 8.00 -12676.19 -12843.43 477.02 2934.31
300.00 8.00 -12676.19 -13038.71 477.02 2934.31
301.00 8.00 -12676.19 -12783.75 477.02 2934.31
302.00 8.00 -12676.19 -12719.30 477.02 2934.31
303.00 8.00 -12676.19 -12862.26 477.02 2934.31
304.00 8.00 -12676.19 -12886.70 477.02 2934.31
305.00 8.00 -12676.19 -12913.25 477.02 2934.31
306.00 8.00 -12676.19 -12802.77 477.02 2934.31
307.00 8.00 -12676.19 -12815.12 477.02 2934.31
308.00 8.00 -12676.19 -12769.84 477.02 2934.31
309.00 8.00 -12676.19 -12870.50 477.02 2934.31
310.00 8.00 -12676.19 -12956.73 477.02 2934.31
311.00 8.00 -12676.19 -12895.31 477.02 2934.31
312.00 8.00 -12676.19 -12856.36 477.02 2934.31
313.00 8.00 -12676.19 -12800.81 477.02 2934.31
314.00 8.00 -12676.19 -12787.13 477.02 2934.31
315.00 8.00 -12676.19 -12875.47 477.02 2934.31
316.00 8.00 -12676.19 -12789.88 477.02 2934.31
317.00 8.00 -12676.19 -12784.89 477.02 2934.31
318.00 8.00 -12676.19 -12831.35 477.02 2934.31
319.00 8.00 -12676.19 -12824.92 477.02 2934.31
320.00 8.00 -12676.19 -12819.31 477.02 2934.31
321.00 8.00 -12676.19 -12843.54 477.02 2934.31
322.00 8.00 -12676.19 -13135.97 477.02 2934.31
323.00 8.00 -12676.19 -12844.80 477.02 2934.31
324.00 8.00 -12676.19 -12739.35 477.02 2934.31
325.00 8.00 -12676.19 -12757.92 477.02 2934.31
326.00 8.00 -12676.19 -12897.24 477.02 2934.31
327.00 8.00 -12676.19 -12839.47 477.02 2934.31
328.00 8.00 -12676.19 -12765.25 477.02 2934.31
329.00 8.00 -12676.19 -12793.58 477.02 2934.31
330.00 8.00 -12676.19 -12836.03 477.02 2934.31
331.00 8.00 -12676.19 -12803.72 477.02 2934.31
332.00 8.00 -12676.19 -12835.86 477.02 2934.31
333.00 8.00 -12676.19 -12762.14 477.02 2934.31
334.00 8.00 -12676.19 -12693.38 477.02 2934.31
335.00 8.00 -12676.19 -12870.36 477.02 2934.31
336.00 8.00 -12676.19 -12926.28 477.02 2934.31
337.00 8.00 -12676.19 -12694.38 477.02 2934.31
338.00 8.00 -12676.19 -12929.45 477.02 2934.31
339.00 8.00 -12676.19 -12900.87 477.02 2934.31
340.00 8.00 -12676.19 -12805.09 477.02 2934.31
