400.0 400.0 400.0 400.0 400.0 400.0 400.0 400.0 400.0 399.7 397.7 399.9 400.0 314.9 -301.2 -3670.0 -4000.0 -4000.0 -4000.0 -4000.0
400.0 400.0 400.0 400.0 400.0 400.0 400.0 400.0 400.0 400.0 400.0 400.0 400.0 219.9 -687.4 -3916.9 -4000.0 -4000.0 -4000.0 -4000.0
400.0 400.0 400.0 400.0 400.0 400.0 400.0 400.0 400.0 400.0 400.0 400.0 553.5 161.8 -1454.3 -3996.7 -4000.0 -4000.0 -4000.0 -4000.0
400.0 400.0 400.0 400.0 400.0 400.0 400.0 400.0 400.0 400.0 400.0 406.8 861.8 147.1 -1932.2 -4000.0 -4000.0 -4000.0 -4000.0 -4000.0
389.9 398.8 398.3 400.0 400.5 400.4 400.0 400.0 400.0 400.0 372.6 223.1 375.8 172.5 -1023.6 -3928.8 -4000.0 -4000.0 -4000.0 -4000.0
-62.0 22.7 17.8 217.7 391.4 618.6 441.5 388.9 339.6 270.5 383.9 343.2 330.3 386.9 -50.0 -1779.1 -3845.5 -4000.0 -4000.0 -4000.0
-200.0 -200.0 -200.0 -191.2 171.5 804.7 1183.9 661.5 327.4 270.0 477.2 421.7 333.9 283.4 417.2 -95.6 -2353.0 -4000.0 -4000.0 -4000.0
-200.0 -200.0 -175.8 47.6 553.9 998.8 1350.9 850.1 657.2 219.0 205.2 229.0 306.5 152.3 298.4 47.6 -1920.2 -3999.7 -4000.0 -4000.0
-234.1 -641.9 -170.8 709.8 876.5 1178.2 1008.4 758.7 933.1 344.1 36.9 23.2 98.4 60.9 61.7 34.6 -1393.7 -3994.8 -4000.0 -4000.0
-2975.7 -3767.5 -2563.3 333.7 1006.8 1192.3 811.4 719.1 1196.8 944.1 204.2 31.7 20.0 79.8 107.2 39.9 -2073.6 -3999.5 -4000.0 -4000.0
-4000.0 -4000.0 -2637.6 -193.0 530.8 641.8 447.3 605.7 1065.6 1031.7 643.0 324.0 56.2 205.7 143.1 78.5 -1718.8 -3976.2 -4000.0 -4000.0
-4000.0 -4000.0 -3740.1 -677.7 -343.6 -138.4 524.6 1065.6 985.8 530.6 366.1 123.8 183.8 339.1 100.1 95.0 -809.8 -3933.8 -4000.0 -4000.0
-4000.0 -4000.0 -3945.9 -3570.0 -3297.9 -366.3 541.4 1090.8 871.6 430.2 251.5 71.5 163.5 172.8 25.9 -147.4 -1656.6 -3994.7 -4000.0 -4000.0
-4000.0 -4000.0 -4000.0 -4000.0 -3967.8 -1202.6 226.3 223.2 291.5 849.0 362.0 68.6 101.3 9.8 -1289.3 -2931.3 -3837.6 -4000.0 -4000.0 -4000.0
-4000.0 -4000.0 -4000.0 -4000.0 -3999.9 -3464.2 -1390.8 -319.4 -97.2 237.1 184.9 78.6 11.6 -885.9 -3843.6 -4000.0 -4000.0 -4000.0 -4000.0 -4000.0
-4000.0 -4000.0 -4000.0 -4000.0 -4000.0 -4000.0 -3927.6 -3470.5 -2486.7 -11.9 99.6 89.1 -151.9 -2230.4 -3999.5 -4000.0 -4000.0 -4000.0 -4000.0 -4000.0
-4000.0 -4000.0 -4000.0 -4000.0 -4000.0 -3999.7 -3601.5 -1702.4 -2040.5 -328.5 -1165.3 -1212.2 -3276.9 -3915.2 -4000.0 -4000.0 -4000.0 -4000.0 -4000.0 -4000.0
-4000.0 -4000.0 -4000.0 -4000.0 -4000.0 -3859.0 -1156.1 -938.0 -893.8 -2138.1 -3965.3 -3963.6 -3999.5 -4000.0 -4000.0 -4000.0 -4000.0 -4000.0 -4000.0 -4000.0
-4000.0 -4000.0 -4000.0 -4000.0 -4000.0 -3836.9 -3406.9 -3402.3 -3954.7 -3998.8 -4000.0 -4000.0 -4000.0 -4000.0 -4000.0 -4000.0 -4000.0 -4000.0 -4000.0 -4000.0
-4000.0 -4000.0 -4000.0 -4000.0 -4000.0 -4000.0 -4000.0 -4000.0 -4000.0 -4000.0 -4000.0 -4000.0 -4000.0 -4000.0 -4000.0 -4000.0 -4000.0 -4000.0 -4000.0 -4000.0
