2.100000000000000000e+01 8.900000000000000000e+01
3.100000000000000000e+01 9.000000000000000000e+01
3.200000000000000000e+01 9.200000000000000000e+01
3.300000000000000000e+01 9.400000000000000000e+01
3.400000000000000000e+01 9.400000000000000000e+01
3.800000000000000000e+01 9.700000000000000000e+01
3.900000000000000000e+01 9.800000000000000000e+01
4.200000000000000000e+01 1.010000000000000000e+02
4.300000000000000000e+01 1.010000000000000000e+02
4.300000000000000000e+01 1.020000000000000000e+02
4.400000000000000000e+01 1.020000000000000000e+02
4.500000000000000000e+01 1.020000000000000000e+02
4.500000000000000000e+01 1.030000000000000000e+02
4.600000000000000000e+01 1.020000000000000000e+02
4.700000000000000000e+01 1.020000000000000000e+02
9.200000000000000000e+01 1.020000000000000000e+02
9.400000000000000000e+01 1.010000000000000000e+02
9.500000000000000000e+01 9.800000000000000000e+01
9.800000000000000000e+01 9.400000000000000000e+01
9.800000000000000000e+01 9.500000000000000000e+01
9.900000000000000000e+01 9.500000000000000000e+01
9.900000000000000000e+01 9.600000000000000000e+01
1.000000000000000000e+02 9.000000000000000000e+01
1.000000000000000000e+02 9.100000000000000000e+01
1.000000000000000000e+02 9.700000000000000000e+01
1.010000000000000000e+02 8.700000000000000000e+01
1.010000000000000000e+02 8.800000000000000000e+01
1.010000000000000000e+02 9.000000000000000000e+01
1.010000000000000000e+02 9.100000000000000000e+01
1.010000000000000000e+02 9.700000000000000000e+01
1.020000000000000000e+02 1.060000000000000000e+02
1.030000000000000000e+02 8.500000000000000000e+01
1.030000000000000000e+02 9.000000000000000000e+01
1.030000000000000000e+02 1.070000000000000000e+02
1.040000000000000000e+02 8.200000000000000000e+01
1.040000000000000000e+02 8.400000000000000000e+01
1.040000000000000000e+02 8.800000000000000000e+01
1.040000000000000000e+02 1.080000000000000000e+02
1.060000000000000000e+02 8.000000000000000000e+01
1.070000000000000000e+02 7.200000000000000000e+01
1.070000000000000000e+02 7.500000000000000000e+01
1.080000000000000000e+02 5.700000000000000000e+01
1.120000000000000000e+02 6.600000000000000000e+01
