4.000000000000000000e+02 4.000000000000000000e+02 4.000000000000000000e+02 3.999999999999999432e+02 3.999999999999999432e+02 4.000000000000000568e+02 4.000000000000000000e+02 4.000000000000000568e+02 4.000002199131342309e+02 3.997199406234537378e+02 3.976595634724283741e+02 3.998855682005608401e+02 4.000000879652537833e+02 3.148615712793446164e+02 -3.012221903348178671e+02 -3.669957848149980691e+03 -4.000000000000000000e+03 -3.999999999999999545e+03 -4.000000000000000000e+03 -3.999999999999999545e+03
4.000000000000000000e+02 4.000000000000000000e+02 4.000000000000000000e+02 3.999999999999999432e+02 3.999999999999999432e+02 4.000000000000000000e+02 4.000000000000000000e+02 4.000000000000000000e+02 3.999999999999999432e+02 4.000000000000000000e+02 4.000000000000000000e+02 4.000000000000000000e+02 3.999745274616526558e+02 2.199231205673759746e+02 -6.874152795645721881e+02 -3.916895486282918228e+03 -4.000000000000000000e+03 -3.999999999999999545e+03 -4.000000000000000000e+03 -3.999999999999999545e+03
4.000000000000000000e+02 4.000000000000000000e+02 4.000000000000000000e+02 3.999999999999999432e+02 3.999999999999999432e+02 4.000000000000000568e+02 4.000000000000000000e+02 4.000000000000000568e+02 3.999999999999999432e+02 4.000000000000000000e+02 4.000000000000000568e+02 4.000065841992413311e+02 5.535489207762933574e+02 1.617944350981365176e+02 -1.454295937654627096e+03 -3.996655090989059318e+03 -4.000000000000000000e+03 -3.999999999999999545e+03 -4.000000000000000000e+03 -3.999999999999999545e+03
4.000000000000000568e+02 4.000000000000000568e+02 4.000000000000000568e+02 3.999999999999998863e+02 3.999999999999998863e+02 4.000000000000000568e+02 4.000000000000000568e+02 4.000000000000000568e+02 3.999999999999998863e+02 4.000000000000000568e+02 4.000002902853373143e+02 4.068135554455988654e+02 8.617809313321233731e+02 1.471299499697627766e+02 -1.932176315905217962e+03 -3.999994274011765356e+03 -4.000000000000000000e+03 -4.000000000000000000e+03 -4.000000000000000000e+03 -4.000000000000000000e+03
3.898861069877398791e+02 3.987553961185332128e+02 3.983419814173401505e+02 3.999934795755675623e+02 4.005154351531144812e+02 4.003838721205124216e+02 3.999653554346033957e+02 4.000000357358844099e+02 4.000001237011379658e+02 3.999597696409917944e+02 3.726368475452196662e+02 2.230944460937928682e+02 3.758127846500632359e+02 1.725178789378196882e+02 -1.023637293968882545e+03 -3.928843053493869775e+03 -4.000000142943536957e+03 -3.999999999999999091e+03 -4.000000000000000000e+03 -3.999999999999999091e+03
-6.201535763373474452e+01 2.271528506240024115e+01 1.783715982187024096e+01 2.176879982406947533e+02 3.914404733630215105e+02 6.185803007312113095e+02 4.415078657430316298e+02 3.889266683160151956e+02 3.395644328990048280e+02 2.705048078508988851e+02 3.838532145802408309e+02 3.432224630271043679e+02 3.302898740997305254e+02 3.869463258013084896e+02 -4.996641596569360644e+01 -1.779064514816646124e+03 -3.845517710704270939e+03 -3.999999999999999545e+03 -4.000000000000000000e+03 -3.999999999999999545e+03
-2.000003331683984698e+02 -2.000008147781626349e+02 -1.999564791907196764e+02 -1.912454714387817205e+02 1.714544208037823978e+02 8.047158557369838263e+02 1.183894734729781703e+03 6.614728654681400712e+02 3.274106476441805853e+02 2.700157540271592893e+02 4.771979872450381208e+02 4.217044691846722344e+02 3.339222387157072376e+02 2.834441717521580131e+02 4.171794590136897796e+02 -9.559286491835712241e+01 -2.353004742976521811e+03 -4.000006740887348769e+03 -4.000000000000000455e+03 -3.999999999999999091e+03
-1.999999999999999716e+02 -1.999999999999999716e+02 -1.757996745285612405e+02 4.764048600802682643e+01 5.539284996426410999e+02 9.988149145087689931e+02 1.350931983616471143e+03 8.500937000384848261e+02 6.572481285392269683e+02 2.190466463247018964e+02 2.051598455110230930e+02 2.290227318709110307e+02 3.064881180933530800e+02 1.522948320413438523e+02 2.983954928803123607e+02 4.760594974984888950e+01 -1.920245166309305660e+03 -3.999746351641101228e+03 -4.000000000000000455e+03 -3.999999999999999545e+03
-2.341143064489531014e+02 -6.419467326406085022e+02 -1.707948573313553595e+02 7.097695981087472319e+02 8.764904519214910579e+02 1.178168371543240255e+03 1.008431630655890899e+03 7.587240381549287349e+02 9.331238193413604449e+02 3.441054225081097684e+02 3.693782450931882977e+01 2.318098136236186235e+01 9.842430699873533229e+01 6.089591071526749744e+01 6.168251140799387144e+01 3.455729506844804177e+01 -1.393715153664300033e+03 -3.994841723569189526e+03 -4.000000000000000455e+03 -3.999999999999999545e+03
-2.975702758810271462e+03 -3.767518603551597607e+03 -2.563294093133213664e+03 3.337454758370439549e+02 1.006819924679751466e+03 1.192303280554181129e+03 8.114121100665238373e+02 7.191267683764910998e+02 1.196763761064379423e+03 9.440701891252957694e+02 2.042037863543901892e+02 3.174026554510970044e+01 1.996043652757159848e+01 7.976728902083674200e+01 1.071759656935510350e+02 3.993620979713021768e+01 -2.073638310517343143e+03 -3.999507058661828069e+03 -4.000000000000000000e+03 -4.000000000000000000e+03
-4.000005058002089299e+03 -3.999995439001594605e+03 -2.637566631480566230e+03 -1.930408367694761580e+02 5.307617807466049271e+02 6.418446176260373477e+02 4.472549073615921884e+02 6.057065319698720032e+02 1.065616087195557611e+03 1.031684736379130072e+03 6.430452091923690432e+02 3.239570954972788854e+02 5.622454450492047329e+01 2.057251690582220078e+02 1.431117895431303850e+02 7.852928693166204255e+01 -1.718786966848092561e+03 -3.976234067843201046e+03 -4.000000000000000000e+03 -3.999999999999999545e+03
-4.000000000000000000e+03 -3.999999986805211392e+03 -3.740085098686019592e+03 -6.777296662818200730e+02 -3.435951415690817612e+02 -1.384491918192316007e+02 5.246463912254660045e+02 1.065627019077464638e+03 9.857635136621034917e+02 5.306086585298804721e+02 3.661415278465004235e+02 1.238433025454944953e+02 1.838379009291324735e+02 3.391312265655067222e+02 1.001182835779866878e+02 9.495742921545989645e+01 -8.097912881411824628e+02 -3.933777598548572769e+03 -4.000000000000000000e+03 -3.999999999999999545e+03
-4.000000000000000000e+03 -4.000000000000000000e+03 -3.945923914453790985e+03 -3.569976288965860476e+03 -3.297867722249713552e+03 -3.663158205508830747e+02 5.413703419649232274e+02 1.090785351036340217e+03 8.715675776568252786e+02 4.301683484523617835e+02 2.515472620814778679e+02 7.151190774644017267e+01 1.634847132882508163e+02 1.728285716641925660e+02 2.594166639177495526e+01 -1.474445736434113883e+02 -1.656616078948814675e+03 -3.994720663038099701e+03 -4.000000000000000000e+03 -3.999999999999999545e+03
-4.000000000000000455e+03 -4.000000000000000455e+03 -4.000000000000000455e+03 -3.999999999999999091e+03 -3.967795557754687252e+03 -1.202624945846391256e+03 2.262708928473251717e+02 2.232407493540044356e+02 2.915331161691124180e+02 8.490182984221236211e+02 3.620184666556712614e+02 6.864054703392164924e+01 1.013293072736268812e+02 9.831975919511766193e+00 -1.289312415745781209e+03 -2.931265255374129538e+03 -3.837563035900820068e+03 -3.999982223321787387e+03 -4.000000000000000455e+03 -3.999999999999999091e+03
-4.000000000000000000e+03 -4.000000000000000000e+03 -4.000000000000000000e+03 -4.000000000000000000e+03 -3.999872725273517062e+03 -3.464235785364780440e+03 -1.390838649183572215e+03 -3.194216916817856600e+02 -9.717514046951461637e+01 2.371296096541866802e+02 1.848847215349938438e+02 7.858795755676513295e+01 1.164304029908192817e+01 -8.858551421188623181e+02 -3.843630306229039434e+03 -3.999989664082687341e+03 -4.000000000000000000e+03 -4.000000000000000000e+03 -4.000000000000000000e+03 -4.000000000000000000e+03
-4.000000000000000000e+03 -4.000000000000000000e+03 -4.000000000000000000e+03 -3.999999999999999545e+03 -4.000000000000000000e+03 -3.999998004288305765e+03 -3.927609655835944523e+03 -3.470496314805652219e+03 -2.486683809445271436e+03 -1.186763373467525895e+01 9.955020506899775512e+01 8.911824069492550393e+01 -1.518728154379020907e+02 -2.230405328495243339e+03 -3.999489845511022850e+03 -4.000000000000000000e+03 -4.000000000000000000e+03 -3.999999999999999545e+03 -4.000000000000000000e+03 -3.999999999999999545e+03
-4.000000000000000000e+03 -4.000000000000000000e+03 -4.000000000000000000e+03 -3.999999999999999545e+03 -4.000000000000000000e+03 -3.999710572323931501e+03 -3.601469620649842454e+03 -1.702388577162018692e+03 -2.040460911539939843e+03 -3.284628192863825120e+02 -1.165308202210129821e+03 -1.212160079718512861e+03 -3.276901404145362903e+03 -3.915152030348011976e+03 -4.000000000000000000e+03 -4.000000000000000000e+03 -4.000000000000000000e+03 -3.999999999999999545e+03 -4.000000000000000000e+03 -3.999999999999999545e+03
-4.000000000000000455e+03 -4.000000000000000455e+03 -4.000000000000000455e+03 -3.999999999999999545e+03 -4.000000000000000455e+03 -3.858986655671009885e+03 -1.156081326625982683e+03 -9.380206602891888679e+02 -8.938054098631083662e+02 -2.138081146846998308e+03 -3.965302380009896751e+03 -3.963573730826324208e+03 -3.999493887514431208e+03 -3.999999999999999545e+03 -4.000000000000000455e+03 -4.000000000000000455e+03 -4.000000000000000455e+03 -3.999999999999999545e+03 -4.000000000000000455e+03 -3.999999999999999545e+03
-3.999999999999999545e+03 -3.999999999999999545e+03 -3.999999999999999545e+03 -3.999999999999999545e+03 -3.999999999999999545e+03 -3.836908395183903394e+03 -3.406909179174228029e+03 -3.402279611853318329e+03 -3.954672984771015763e+03 -3.998825529715762514e+03 -3.999999999999999545e+03 -3.999999999999999545e+03 -3.999999999999999545e+03 -3.999999999999999545e+03 -3.999999999999999545e+03 -3.999999999999999545e+03 -3.999999999999999545e+03 -3.999999999999999545e+03 -3.999999999999999545e+03 -3.999999999999999545e+03
-4.000000000000000000e+03 -4.000000000000000000e+03 -4.000000000000000000e+03 -4.000000000000000000e+03 -4.000000000000000000e+03 -4.000001523998020730e+03 -4.000001939633843904e+03 -3.999976381329374817e+03 -4.000000000000000000e+03 -4.000000000000000000e+03 -4.000000000000000000e+03 -4.000000000000000000e+03 -4.000000000000000000e+03 -4.000000000000000000e+03 -4.000000000000000000e+03 -4.000000000000000000e+03 -4.000000000000000000e+03 -4.000000000000000000e+03 -4.000000000000000000e+03 -4.000000000000000000e+03
