-5000.0 -5000.0 -5000.0 -5000.0 -5000.0 -5000.0 -5000.0 -5000.0 -5000.0 -5000.0 -5000.0 -5000.0 -5000.0 -5000.0 -5000.0 -5000.0 -5000.0 -5000.0 -5000.0 -5000.0
-5000.0 -5000.0 -5000.0 -5000.0 -5000.0 -5000.0 -5000.0 -5000.0 -5000.0 -5000.0 -5000.0 -5000.0 -5000.0 -5000.0 -5000.0 -5000.0 -5000.0 -5000.0 -5000.0 -5000.0
-5000.0 -5000.0 -5000.0 -5000.0 -5000.0 -5000.0 -5000.0 -5000.0 -5000.0 -5000.0 -5000.0 -5000.0 -3619.9 -4948.9 -5000.0 -5000.0 -5000.0 -5000.0 -5000.0 -5000.0
-5000.0 -5000.0 -5000.0 -5000.0 -5000.0 -5000.0 -5000.0 -5000.0 -5000.0 -5000.0 -5000.0 -4889.6 -474.0 -3828.8 -5000.0 -5000.0 -5000.0 -5000.0 -5000.0 -5000.0
-5000.0 -5000.0 -5000.0 -5000.0 -5000.0 -5000.0 -5000.0 -5000.0 -5000.0 -5000.0 -4985.4 -2747.0 150.8 -2030.3 -5000.0 -5000.0 -5000.0 -5000.0 -5000.0 -5000.0
-5000.0 -5000.0 -5000.0 -5000.0 -3165.0 -1697.7 -3737.1 -4879.3 -5000.0 -4466.7 -1307.5 82.9 165.1 396.4 -4170.4 -5000.0 -5000.0 -5000.0 -5000.0 -5000.0
-5000.0 -5000.0 -5000.0 -5000.0 171.5 804.7 1183.9 661.5 327.4 270.0 477.2 421.7 333.9 283.4 417.2 -4971.7 -5000.0 -5000.0 -5000.0 -5000.0
-5000.0 -5000.0 -5000.0 -3813.4 553.9 998.8 1350.9 850.1 657.2 219.0 205.2 229.0 306.5 152.3 298.4 -3931.2 -5000.0 -5000.0 -5000.0 -5000.0
-5000.0 -5000.0 -4986.7 -987.6 876.5 1178.2 1008.4 758.7 933.1 344.1 36.9 23.2 98.4 60.9 61.7 -3306.5 -5000.0 -5000.0 -5000.0 -5000.0
-5000.0 -5000.0 -5000.0 -2152.7 1006.8 1192.3 811.4 719.1 1196.8 944.1 204.2 31.7 20.0 79.8 107.2 -2668.7 -5000.0 -5000.0 -5000.0 -5000.0
-5000.0 -5000.0 -5000.0 -3547.9 530.8 641.8 447.3 605.7 1065.6 1031.7 643.0 324.0 56.2 205.7 143.1 -2972.4 -5000.0 -5000.0 -5000.0 -5000.0
-5000.0 -5000.0 -5000.0 -4999.1 -343.6 -138.4 524.6 1065.6 985.8 530.6 366.1 123.8 183.8 339.1 100.1 -4442.5 -5000.0 -5000.0 -5000.0 -5000.0
-5000.0 -5000.0 -5000.0 -5000.0 -5000.0 -2780.4 -19.5 268.3 143.3 182.2 39.9 -13.4 124.7 -3338.5 -3912.0 -4932.8 -5000.0 -5000.0 -5000.0 -5000.0
-4894.7 -5000.0 -5000.0 -5000.0 -5000.0 -4722.0 -842.2 -254.3 6.4 120.2 4.0 -28.1 -1237.9 -4994.3 -4942.6 -4473.9 -5000.0 -5000.0 -5000.0 -5000.0
-5000.0 -5000.0 -5000.0 -5000.0 -5000.0 -5000.0 -5000.0 -4304.8 -711.5 -99.6 -42.8 -16.1 -320.1 -2915.2 -765.6 -3766.9 -5000.0 -5000.0 -5000.0 -5000.0
-5000.0 -5000.0 -5000.0 -5000.0 -5000.0 -5000.0 -5000.0 -5000.0 -3843.1 -1023.7 -27.6 34.5 611.5 187.7 -3149.0 -4645.2 -5000.0 -5000.0 -5000.0 -5000.0
-5000.0 -5000.0 -5000.0 -5000.0 -5000.0 -5000.0 -5000.0 -4688.0 -3504.2 -1243.3 700.8 718.2 -637.6 -3827.8 -4435.0 -3519.7 -5000.0 -5000.0 -5000.0 -5000.0
-5000.0 -5000.0 -5000.0 -5000.0 -5000.0 -5000.0 -5000.0 -4537.5 -1093.4 -1215.3 -2267.4 -4170.4 -4466.4 -4140.2 -4525.9 -4954.2 -5000.0 -5000.0 -5000.0 -5000.0
-5000.0 -5000.0 -5000.0 -5000.0 -5000.0 -5000.0 -5000.0 -4300.5 -4499.2 -4889.0 -5000.0 -5000.0 -5000.0 -5000.0 -5000.0 -5000.0 -5000.0 -5000.0 -5000.0 -5000.0
-5000.0 -5000.0 -5000.0 -5000.0 -5000.0 -5000.0 -5000.0 -5000.0 -5000.0 -5000.0 -5000.0 -5000.0 -5000.0 -5000.0 -5000.0 -5000.0 -5000.0 -5000.0 -5000.0 -5000.0
