0.00
0.00
3940.07
3940.07
3936.55
3936.55
3936.55
3936.55
3936.55
3895.12
3895.12
3863.72
3863.72
3863.72
3861.29
3827.85
3827.85
3827.85
3827.85
3827.85
3827.85
3827.85
3827.85
3827.85
3853.37
3853.37
3853.37
3853.37
3853.37
3853.37
3853.37
3843.56
3843.56
3843.56
3843.56
3843.56
3843.56
3843.56
3843.56
3843.56
3843.56
3812.68
3812.68
3802.39
3794.47
3798.54
3806.34
3806.34
3806.34
3798.01
3798.01
3798.01
3798.01
3795.34
3795.34
3795.34
3795.34
3795.34
3781.01
3781.01
3755.42
3768.85
3768.85
3768.85
3768.85
3768.85
3768.85
3768.85
3768.85
3768.85
3768.85
3768.85
3768.85
3768.85
3768.85
3768.85
3768.85
3768.85
3768.85
3768.85
3768.85
3768.85
3768.85
3768.85
3768.85
3769.39
3769.39
3769.39
3769.39
3769.39
3769.39
3769.39
3769.39
3769.39
3769.39
3769.39
3769.39
3769.39
3769.39
3769.39
3769.39
3769.39
3769.39
3769.39
3769.39
3769.39
3769.39
3769.39
3769.39
3782.03
3782.03
3782.03
3782.03
3782.03
3782.03
3782.03
3782.03
3782.03
3782.03
3782.03
3782.03
3782.03
3782.03
3782.03
