0.00
3972.93
3972.93
3972.93
3972.93
3972.93
3982.97
3982.97
3972.53
3972.53
3963.71
3970.27
3937.32
3937.32
3937.32
3937.32
3911.65
3917.58
3917.58
3917.35
3917.35
3917.35
3882.39
3887.44
3887.44
3876.40
3876.40
3876.87
3856.94
3856.94
3856.94
3856.94
3856.94
3856.94
3856.94
3856.94
3856.94
3845.68
3831.30
3831.30
3829.89
3811.65
3811.65
3811.65
3811.65
3811.65
3811.65
3824.05
3824.05
3824.05
3824.05
3824.05
3824.05
3824.05
3824.05
3824.05
3824.05
3824.05
3824.05
3824.05
3824.05
3824.05
3824.05
3824.05
3824.05
3824.05
3824.05
3824.05
3824.05
3824.05
3824.05
3824.05
3824.05
3824.05
3824.05
3824.05
3824.05
