453.80
453.80
440.34
440.34
440.34
440.34
436.49
436.49
436.49
436.49
436.49
436.49
436.49
436.61
436.61
423.36
423.36
423.36
423.36
423.36
423.36
423.36
423.36
423.36
423.36
423.36
423.36
423.36
423.36
423.36
423.36
423.36
423.36
423.36
423.36
423.36
423.36
423.36
423.36
423.36
423.36
423.36
423.36
423.36
423.36
423.36
423.36
423.36
423.36
423.36
423.36
423.36
423.36
423.36
423.36
423.36
423.36
423.36
423.36
423.36
423.36
423.36
423.36
423.36
423.36
423.36
423.36
423.36
423.36
423.36
423.36
423.36
423.36
423.36
423.36
423.36
423.36
423.36
423.36
423.36
423.36
423.36
423.36
423.36
423.36
423.36
423.36
423.36
423.36
423.36
423.36
423.36
423.36
423.36
423.36
423.36
423.36
423.36
423.36
423.36
423.36
423.36
423.36
423.36
423.36
423.36
423.36
423.36
423.36
423.36
423.36
423.36
423.36
423.36
423.36
423.36
423.36
423.36
423.36
423.36
423.36
423.36
423.36
423.36
423.36
423.36
423.36
423.36
423.36
423.36
423.36
423.36
423.36
423.36
423.36
423.36
423.36
431.94
431.94
431.94
427.62
427.62
427.62
427.62
427.62
427.62
427.62
427.62
427.62
427.62
427.62
427.62
427.62
427.62
427.62
427.62
427.62
427.62
427.62
427.62
427.62
427.62
427.62
427.62
427.62
427.62
427.62
427.62
427.62
427.62
427.62
427.62
427.75
427.75
427.75
427.75
427.75
428.83
428.83
428.83
428.83
428.83
428.83
428.83
428.83
428.83
428.83
428.83
425.81
425.81
425.81
425.81
425.81
425.81
425.81
425.81
425.81
425.81
425.81
425.81
425.81
425.81
425.81
425.81
425.81
425.81
425.81
425.81
425.81
425.81
425.81
425.81
425.81
425.81
425.81
425.74
425.74
425.74
425.74
425.74
425.74
425.74
427.52
427.52
427.52
427.52
427.52
427.52
427.52
427.52
427.52
427.52
427.52
427.52
427.52
427.52
427.52
427.52
427.52
427.52
427.52
427.52
427.52
427.52
427.52
427.52
427.52
427.52
427.52
427.52
427.52
427.52
427.52
427.52
427.52
427.52
427.52
427.52
427.52
427.52
427.52
427.52
427.52
427.52
427.52
427.52
427.52
427.52
427.52
426.25
426.25
426.25
426.25
426.25
424.29
424.29
424.29
424.29
424.29
424.29
424.29
424.29
424.29
424.29
424.29
424.29
424.29
424.29
424.29
424.29
424.29
424.29
424.29
424.29
424.29
424.29
424.29
424.29
424.29
424.29
424.29
424.29
424.29
424.29
424.29
424.29
424.29
424.29
424.29
424.29
424.29
424.29
424.29
424.29
424.29
424.29
424.29
424.29
424.29
424.29
424.29
424.29
424.29
424.29
424.29
424.29
424.29
424.29
424.29
424.29
424.29
424.29
424.29
424.29
424.29
424.29
424.29
424.29
424.29
424.29
424.29
424.29
424.29
424.29
424.29
424.29
424.29
424.29
424.29
424.29
424.29
424.29
424.29
424.29
424.29
424.29
424.29
424.29
424.29
424.29
424.29
424.29
424.29
424.29
424.29
424.29
424.29
424.29
424.29
424.29
424.29
424.29
424.29
424.29
