454.84
438.55
438.55
438.55
438.55
438.55
438.55
438.55
436.51
435.23
435.23
435.23
435.23
435.23
435.23
435.23
435.23
435.23
435.23
432.40
432.40
432.40
434.41
434.97
433.55
432.91
432.91
432.91
432.91
432.91
429.84
429.84
429.84
429.84
429.84
429.84
429.84
429.84
429.84
429.84
429.84
429.84
429.84
429.84
429.84
429.84
429.84
429.84
430.12
427.04
427.04
426.76
426.76
426.76
426.76
426.76
426.76
426.76
426.76
426.76
426.76
426.76
426.76
426.76
426.76
426.76
426.76
426.76
426.76
426.76
418.60
418.60
418.60
417.36
417.36
417.36
417.36
417.36
417.36
417.36
417.36
417.36
417.36
417.36
417.36
417.36
417.36
417.36
417.36
417.36
417.36
417.36
417.36
417.36
417.36
417.36
417.36
417.36
417.36
417.36
417.36
417.36
417.36
417.36
417.36
417.36
417.36
417.36
417.36
417.36
417.36
417.36
417.36
417.36
417.36
417.36
417.36
417.36
417.36
417.36
417.36
417.36
417.36
417.36
417.36
417.36
417.36
417.36
417.36
417.36
417.36
436.93
436.93
436.93
437.67
434.14
435.07
429.34
429.34
427.23
427.23
427.23
427.23
427.23
425.50
425.50
425.50
425.50
424.84
424.84
424.84
424.84
424.84
424.84
424.84
424.84
424.84
424.84
424.84
424.84
424.84
424.84
424.84
424.84
424.84
424.84
424.84
424.84
424.84
424.84
424.84
424.84
424.84
424.84
424.84
424.84
424.84
424.84
424.84
424.84
424.84
424.84
424.84
424.84
424.84
424.84
424.84
424.84
424.84
424.84
423.74
423.74
423.74
423.74
423.74
423.74
423.74
423.74
423.74
423.74
423.74
423.74
423.74
423.74
423.74
423.74
423.74
423.74
423.74
423.74
423.74
423.74
423.74
423.74
423.74
423.74
423.74
423.74
423.74
423.74
423.74
423.74
423.74
423.74
423.74
423.74
423.74
423.74
423.74
423.74
423.74
423.74
423.74
423.74
423.74
423.74
423.74
423.74
423.74
423.74
423.74
423.74
423.74
423.74
423.74
423.74
423.74
423.74
423.74
423.74
423.74
423.74
423.74
423.74
423.74
423.74
423.74
423.74
423.74
423.74
423.74
423.74
423.74
423.74
423.74
423.74
423.74
423.74
423.74
423.74
423.74
423.74
423.74
423.74
423.74
423.74
423.74
423.74
422.99
422.99
422.99
422.99
422.99
422.99
422.99
422.99
422.99
422.99
422.99
422.99
422.99
422.99
422.99
422.99
422.99
422.99
422.99
422.99
422.99
422.99
422.99
422.99
422.99
422.99
422.99
422.99
422.99
422.99
422.99
422.99
422.99
422.99
422.99
422.99
422.99
422.99
422.99
422.99
422.99
422.99
419.47
419.47
419.47
419.47
419.47
419.47
419.47
419.47
419.47
419.47
419.47
419.47
419.47
419.47
419.47
419.47
419.47
419.47
419.47
419.47
419.47
419.47
419.47
419.47
419.47
419.47
419.47
419.47
419.47
419.47
419.47
419.47
419.47
419.47
419.47
419.47
419.47
419.47
419.47
419.47
419.47
419.47
419.47
419.47
419.47
419.47
419.47
419.47
419.47
419.47
419.47
419.47
419.47
419.47
