1.00
440.53
440.53
440.53
440.53
440.53
426.27
426.27
426.27
426.27
426.27
426.27
426.27
426.27
426.27
426.27
426.27
426.27
426.27
426.27
426.27
426.27
426.27
426.27
426.27
426.27
426.27
426.27
426.27
426.27
426.27
426.27
426.27
426.27
426.27
426.27
426.27
426.27
426.27
426.27
426.27
426.27
426.27
426.27
426.27
426.27
426.27
426.27
426.27
426.27
426.27
426.27
426.27
426.27
426.27
426.27
425.97
425.97
425.97
425.97
425.97
425.97
425.97
425.97
425.97
425.97
425.97
425.97
425.97
425.97
425.97
425.97
425.97
425.97
425.97
422.08
422.08
422.08
422.08
422.08
422.08
422.08
422.08
422.08
422.08
422.08
422.08
422.08
422.08
422.08
422.08
422.08
422.08
422.08
422.08
422.08
422.08
422.08
422.08
422.08
422.08
422.08
422.08
422.08
422.08
422.08
422.08
422.08
422.08
422.08
422.08
422.08
422.08
422.08
422.08
422.08
422.08
422.08
422.08
422.08
422.08
422.08
422.08
422.08
422.08
422.08
422.08
422.08
422.08
422.08
422.08
429.04
429.04
429.04
429.04
429.04
429.04
429.04
429.04
429.04
429.04
429.04
429.04
429.04
429.04
429.04
431.50
431.50
431.50
431.50
429.42
429.42
429.42
429.42
429.42
429.42
429.42
429.42
429.42
429.42
429.42
429.42
429.42
429.42
429.42
429.42
429.42
429.42
429.42
429.42
429.42
429.42
429.42
429.42
429.42
429.42
429.42
429.42
429.42
429.42
429.42
429.42
429.42
429.42
429.42
429.42
426.35
426.35
426.35
426.35
426.35
426.35
426.35
426.35
426.35
426.35
426.35
426.35
426.35
426.35
426.35
426.35
426.35
426.35
426.35
426.35
426.35
426.35
426.35
426.35
426.35
426.35
426.35
426.35
426.35
426.35
426.35
426.35
426.35
426.35
426.35
426.35
426.35
426.35
426.35
426.35
426.35
426.35
426.35
426.35
426.35
426.35
426.35
426.35
426.35
426.35
426.35
426.35
426.35
426.35
426.35
426.35
426.35
426.35
426.35
426.35
426.35
426.35
426.35
426.35
426.35
426.35
426.35
426.35
426.35
426.35
426.35
426.35
426.35
426.35
426.35
426.35
426.35
426.35
426.35
426.35
426.35
426.35
426.35
426.35
426.35
426.35
426.35
426.35
426.35
426.35
426.35
426.35
426.35
426.35
426.35
426.35
426.35
426.35
426.35
426.35
426.35
426.35
426.35
426.35
426.35
426.35
426.35
426.35
426.35
426.35
426.01
426.01
426.01
426.01
426.01
426.01
426.01
426.01
426.01
426.01
426.01
426.35
426.35
426.35
426.35
426.35
426.35
426.35
426.35
426.35
426.35
426.35
422.92
422.92
422.92
422.92
422.92
422.92
422.92
422.92
422.92
422.92
422.92
422.92
422.92
422.92
422.92
422.92
422.92
422.92
422.92
422.92
422.92
422.92
422.92
422.92
422.92
422.92
422.92
422.92
422.92
422.92
422.92
422.92
422.92
422.92
422.92
422.92
422.92
422.92
422.92
422.92
422.92
422.92
422.92
422.92
422.92
422.92
422.92
422.92
422.92
422.92
422.92
422.92
422.92
422.92
422.92
422.92
