457.71
437.50
437.50
437.50
437.50
437.50
437.50
437.50
440.57
433.56
433.56
432.12
432.12
432.12
432.12
432.12
432.12
432.12
432.12
432.12
432.12
432.12
432.12
432.12
432.12
432.12
432.12
432.12
432.12
432.12
432.12
432.12
432.12
431.91
431.91
431.91
431.86
431.86
431.86
431.86
431.86
431.86
431.86
431.86
431.86
431.86
427.79
427.79
427.79
427.79
427.79
427.79
427.79
427.79
427.79
427.79
427.79
427.79
427.79
427.79
427.79
427.79
428.77
428.77
430.10
430.10
430.10
430.10
430.10
430.76
430.76
430.76
430.76
430.76
430.43
432.13
432.13
432.13
432.13
432.13
432.13
432.13
432.13
432.13
432.13
432.13
432.13
432.13
432.13
432.13
432.13
432.13
432.13
432.13
432.13
432.13
432.13
432.13
432.13
432.13
432.13
432.13
432.13
432.13
432.13
432.13
432.13
432.13
432.13
427.32
427.32
427.32
427.32
427.32
427.32
427.32
427.32
427.32
427.32
427.32
427.32
427.32
427.32
427.32
427.32
427.32
427.32
427.32
427.32
427.32
427.32
436.64
436.64
436.46
427.18
425.19
425.19
421.03
421.03
421.03
421.03
421.03
421.03
421.03
421.03
421.03
421.03
421.03
421.03
421.03
421.03
421.03
421.03
421.03
421.03
421.03
421.03
421.03
421.03
421.03
421.03
421.03
421.03
421.03
421.03
421.03
421.03
421.03
421.03
421.03
421.03
421.03
421.03
421.03
421.03
421.03
421.03
421.03
421.03
421.03
421.03
421.03
421.03
421.03
421.03
421.03
421.03
421.03
421.03
421.03
421.03
421.03
421.03
421.03
421.03
421.03
421.03
421.03
421.03
421.03
421.03
421.03
421.03
421.03
421.03
421.03
421.03
421.03
421.03
421.03
421.03
421.03
421.03
421.03
421.03
421.03
421.03
421.03
421.03
421.03
421.03
421.03
421.03
421.03
421.03
421.03
421.03
421.03
421.03
421.03
421.03
421.03
421.03
421.03
421.03
421.03
423.18
423.18
423.18
423.18
423.18
423.18
423.18
423.18
423.18
423.18
423.18
423.18
423.18
423.18
423.18
423.18
423.18
423.18
423.18
423.18
423.18
423.18
423.18
423.18
425.44
425.44
425.44
425.44
425.44
425.44
425.44
425.44
425.44
425.44
425.44
425.44
425.44
425.44
425.44
425.44
425.44
425.44
425.44
425.44
425.44
425.44
425.44
425.44
425.44
425.44
425.44
425.44
425.44
425.44
425.44
425.44
425.44
425.44
425.44
425.44
425.44
425.44
425.44
425.44
425.44
425.44
425.44
425.44
425.44
425.44
425.44
425.44
425.44
425.44
425.44
425.44
425.44
425.44
425.44
425.44
425.44
425.44
425.44
425.44
425.44
425.44
425.44
425.44
425.44
425.44
425.44
425.44
425.44
425.44
425.44
425.44
425.44
425.44
425.44
422.37
422.37
422.37
422.37
422.37
422.37
422.37
422.37
422.37
422.37
422.37
422.37
422.37
422.37
422.37
422.37
422.37
422.37
422.37
422.37
422.37
422.37
422.37
422.37
422.37
422.37
422.37
422.37
422.37
422.37
422.37
422.37
422.37
422.37
422.37
422.37
422.37
422.37
422.37
