435.61
435.61
435.61
435.61
435.61
435.61
435.61
433.32
433.32
429.85
434.96
434.96
434.96
434.96
431.13
428.30
428.30
428.30
428.30
428.30
428.30
428.30
428.30
430.86
430.86
430.86
425.95
425.95
425.95
425.95
425.95
425.95
425.95
425.95
425.95
425.95
425.95
425.95
425.95
425.95
425.95
425.95
425.95
425.95
425.95
425.95
425.95
425.95
425.95
425.95
425.95
425.95
425.95
425.95
425.95
425.95
425.95
425.95
425.95
425.95
425.95
425.95
425.95
425.95
425.95
425.95
425.95
425.95
425.95
425.95
425.95
425.95
425.95
425.95
425.95
425.95
425.95
425.95
425.95
425.95
425.95
425.95
425.95
425.95
425.95
425.95
425.95
425.95
425.95
425.95
425.95
425.95
425.95
425.95
425.95
425.95
425.95
425.95
425.95
425.95
425.95
425.95
425.95
425.95
425.95
425.95
425.95
425.95
425.95
425.95
425.95
425.95
425.95
425.95
425.95
425.95
425.95
425.95
425.95
425.95
425.95
425.95
425.95
425.95
425.95
425.95
425.95
425.95
425.95
425.95
425.95
449.55
435.20
435.20
430.86
430.86
430.86
430.86
430.86
430.86
427.74
427.74
427.74
427.74
427.74
427.74
427.74
427.74
427.74
427.74
427.74
427.74
427.74
427.74
427.74
427.74
427.74
427.74
427.74
427.74
427.74
427.74
427.74
427.74
427.74
427.74
427.74
427.74
427.74
427.74
427.74
427.74
427.74
427.74
427.74
427.74
424.65
424.65
424.65
424.65
424.65
424.65
424.65
424.65
424.65
424.65
424.65
424.65
424.65
424.65
428.82
428.82
428.82
428.82
428.82
428.82
428.82
428.82
428.82
428.82
426.33
426.33
426.33
426.33
426.33
426.33
426.33
426.33
426.33
426.33
426.33
426.33
426.33
426.33
426.33
423.62
423.62
423.62
423.62
423.62
423.62
423.62
423.62
423.62
423.62
423.62
423.62
423.62
423.62
423.62
423.62
423.62
423.62
423.62
423.62
423.62
423.62
423.62
423.62
423.62
423.62
423.62
423.62
423.62
423.62
423.62
423.62
423.24
423.24
423.24
423.24
423.24
423.24
423.24
423.24
423.24
423.24
423.24
423.24
423.24
423.24
423.24
423.24
423.24
423.24
423.24
423.24
423.24
423.24
423.24
423.24
423.24
423.24
423.24
423.24
423.24
423.24
423.24
423.24
423.24
423.24
423.24
423.24
423.24
423.24
423.24
423.24
423.24
423.24
423.24
423.24
423.24
423.24
423.24
423.24
423.24
424.41
424.41
424.41
424.41
424.41
424.41
424.41
424.41
424.41
424.41
424.41
424.41
424.41
424.41
424.41
424.41
424.41
424.41
424.41
424.41
424.41
424.41
424.41
424.41
424.41
424.41
424.41
424.41
424.41
424.41
424.41
424.41
426.69
426.69
426.69
426.69
426.69
426.69
426.69
426.69
426.69
426.69
426.69
426.69
426.69
426.69
426.69
426.69
426.69
426.69
426.69
426.69
426.69
426.69
426.69
426.69
426.69
426.69
426.69
426.69
426.69
426.69
426.69
426.69
426.69
426.69
426.69
426.69
426.69
426.69
426.69
426.69
426.69
426.69
426.69
426.69
426.69
426.69
