2939.05
2939.05
2939.05
2939.05
2939.05
2939.05
2948.17
2963.87
2963.87
2963.87
2963.87
2959.12
2959.12
2959.12
2959.12
2959.12
2959.12
2959.12
2959.12
2959.12
2960.16
2960.16
2925.99
2925.99
2925.99
2925.99
2925.99
2925.99
2925.99
2925.99
2925.99
2925.99
2925.99
2925.99
2925.99
2925.99
2925.99
2925.99
2925.99
2925.99
2925.99
2925.99
2925.99
2929.94
2929.94
2929.94
2929.94
2929.94
2929.94
2929.94
2929.94
2929.94
2929.94
2929.94
2929.94
2929.94
2929.94
2929.94
2929.94
2929.94
2929.94
2929.94
2929.94
2929.94
2929.94
2938.06
2938.06
2938.06
2938.06
2938.06
2938.06
2938.06
2938.06
2911.26
2911.26
2911.26
2911.26
2911.94
2911.94
2911.94
2911.94
2911.94
2911.94
2911.94
2911.94
2911.94
2911.94
2911.94
2911.94
2911.94
2911.94
2911.94
2911.94
2911.94
2911.94
2911.94
2911.94
2911.94
2911.94
2911.94
2911.94
2911.94
2911.94
2911.94
2911.94
2911.94
2911.94
2911.94
2911.94
2911.94
2911.94
2911.94
2893.69
2893.69
2893.69
2893.69
2893.69
2903.26
2903.26
2894.41
2894.41
2894.41
2894.41
2894.41
2894.41
2894.41
2894.41
2891.78
2891.78
2891.78
2891.78
2891.78
2891.78
2891.78
2891.78
2891.78
2891.78
2898.78
2898.78
2898.78
2898.78
2898.78
2898.78
2898.78
2898.78
2898.78
2898.78
2898.78
2898.78
2898.78
2898.78
2898.78
2898.78
2898.78
2898.78
2898.78
2898.78
2898.78
2898.78
2898.78
2898.78
2898.78
2898.78
2898.78
2898.78
2898.78
2898.78
2898.78
2898.78
2898.78
2898.78
2898.78
2898.78
2898.78
2898.78
2898.78
2898.78
2898.78
2898.78
2898.78
2898.78
2898.78
2898.78
2898.78
2898.78
2898.78
2898.78
2898.78
2898.78
2898.78
2898.78
2898.78
2898.78
2898.78
2898.78
2898.78
2898.78
2898.78
2898.78
2898.78
2898.78
2898.78
2898.78
2898.78
2898.78
2898.78
2898.78
2898.78
2898.78
2898.78
2898.78
2898.78
2898.78
2898.78
2898.78
2898.78
2898.78
2898.78
2898.78
2898.78
2898.78
2898.78
2898.78
2898.78
2898.78
2898.78
2898.78
2898.78
2898.78
2898.78
2898.78
2897.84
2897.84
2897.84
2897.84
2897.84
2897.84
2897.84
2897.84
2897.84
2897.84
2897.84
2883.53
2883.53
2883.53
2883.53
2883.53
2883.53
2883.53
2883.53
2883.53
2883.53
2883.53
2883.53
2883.53
2883.53
2883.53
2883.53
2883.53
2883.53
2883.53
2883.53
2883.53
2883.53
2883.53
2883.53
2883.53
2883.53
2883.53
2883.53
2883.53
2883.53
2883.53
2883.53
2883.53
2883.53
2883.53
2883.53
2883.53
2883.53
2883.53
2883.53
2883.53
2883.53
2883.53
2883.53
2883.53
2883.53
2883.53
2883.53
2883.53
2883.53
2883.53
2883.53
2883.53
2883.53
2883.53
2883.53
2883.53
2883.53
2883.53
2883.53
2883.53
2883.53
2883.53
2883.53
2883.53
2883.53
2883.53
2883.53
2883.53
2883.53
2883.53
2883.53
2883.53
2883.53
2883.53
