1.00
2928.10
2928.10
2928.10
2928.10
2928.10
2928.10
2964.65
2964.65
2964.65
2972.97
2972.97
2972.97
2972.97
2972.97
2972.97
2952.52
2952.52
2952.52
2952.52
2952.52
2987.51
2987.51
2985.08
2985.08
2985.08
2985.08
2985.08
2985.08
2985.08
2985.08
2985.08
2985.08
2985.08
2985.08
2985.08
2985.08
2985.08
2985.08
2985.08
2985.08
2985.08
2957.28
2957.28
2957.28
2957.28
2957.28
2957.28
2957.28
2957.28
2957.28
2957.28
2957.28
2957.28
2957.28
2957.28
2957.28
2957.28
2957.28
2957.28
2957.28
2957.28
2957.28
2957.28
2957.28
2957.28
2957.28
2957.28
2957.28
2957.28
2957.28
2957.28
2957.28
2957.28
2957.28
2957.28
2957.28
2957.28
2957.28
2957.28
2957.28
2957.28
2957.28
2957.28
2957.28
2957.28
2957.28
2957.28
2957.28
2957.28
2957.28
2957.28
2957.28
2957.28
2963.79
2963.79
2963.79
2963.79
2963.79
2963.79
2963.79
2963.79
2963.79
2963.79
2963.79
2963.79
2963.79
2963.79
2963.79
2963.79
2963.79
2963.79
2963.79
2963.79
2963.79
2963.79
2963.79
2963.79
2963.79
2963.79
2963.79
2963.79
2963.79
2963.79
2963.79
2963.79
2963.79
2963.79
2963.79
2963.79
2963.79
2963.79
2963.79
2963.79
2963.79
2963.79
2963.79
2963.79
2963.79
2963.79
2963.79
2963.79
2963.79
2963.79
2963.79
2963.79
2963.79
2963.79
2963.79
2963.79
2963.79
2963.79
2963.79
2963.79
2963.79
2963.79
2963.79
2963.79
2963.79
2963.79
2963.79
2963.79
2963.79
2963.79
2963.79
2963.79
2963.79
2963.79
2963.79
2963.79
2963.79
2963.79
2963.79
2963.79
2963.79
2963.79
2963.79
2963.79
2963.79
2963.79
2958.52
2958.52
2958.52
2958.52
2958.52
2958.52
2958.52
2958.52
2958.52
2958.52
2958.52
2958.52
2958.52
2958.52
2958.52
2958.52
2958.52
2958.52
2958.52
2958.52
2958.52
2958.52
2958.52
2958.52
2958.52
2958.52
2958.52
2958.52
2958.52
2957.21
2957.21
2957.21
2957.21
2957.21
2957.21
2957.21
2957.21
2957.21
2957.21
2957.21
2957.21
2957.21
2957.21
2957.21
2978.59
2978.59
2978.59
2978.59
2978.59
2978.59
2978.59
2983.99
2983.99
2983.99
2983.99
2983.99
2983.99
2983.99
2983.99
2983.99
2983.99
2983.99
2983.99
2983.99
2983.99
2983.99
2983.99
2983.99
2983.99
2983.99
2983.99
2966.69
2966.69
2966.69
2966.69
2966.69
2966.69
2966.69
2966.69
2966.69
2966.69
2966.69
2966.69
2966.69
2966.69
2966.69
2966.69
2966.69
2966.69
2966.69
2966.69
2966.69
2966.69
2966.69
2968.88
2953.95
2953.95
2953.95
2953.95
2953.95
2953.95
2953.95
2953.95
2953.95
2953.95
2953.95
2953.95
2953.95
2953.95
2953.95
2953.95
2953.95
2953.95
2953.95
2953.95
2953.95
2953.95
2953.95
2953.95
2953.95
2953.95
2953.95
2953.95
2953.95
2953.95
2953.95
2953.95
2953.95
2953.95
2953.95
2953.95
2953.95
2953.95
2953.95
2953.95
2953.95
2953.95
2953.95
