2942.80
2942.80
2926.26
2926.26
2926.26
2926.36
2971.80
3006.38
3006.38
3006.38
3006.38
3006.38
3006.38
3006.38
3006.38
3006.38
3006.38
3006.38
3006.38
3006.38
3006.38
3006.38
3006.38
3006.38
3006.38
3001.58
3001.58
3001.58
3001.58
2972.73
2972.73
2972.73
2972.73
2972.73
2972.73
2972.73
2972.73
2972.73
2972.73
2999.56
2999.56
2999.56
2999.56
2999.56
2944.73
2944.73
2944.73
2944.73
2944.73
2944.73
2944.73
2944.73
2944.73
2944.73
2944.73
2944.73
2944.73
2944.73
2944.73
2944.73
2944.73
2944.73
2944.73
2944.73
2944.73
2944.73
2944.73
2944.73
2944.73
2944.73
2944.73
2944.73
2944.73
2944.73
2944.73
2944.73
2944.73
2963.51
2963.51
2963.51
2972.66
2972.66
2972.66
2972.66
2972.66
2972.66
2972.66
2972.66
2972.66
2972.66
2972.66
2972.66
2972.66
2972.66
2972.66
2972.66
2972.66
2972.66
2972.66
2972.66
2972.66
2972.66
2972.66
2972.66
2972.66
2972.66
2972.66
2972.66
2972.66
2972.66
2972.66
2972.66
2972.66
2972.66
2972.66
2972.66
2972.66
2972.66
2972.66
2972.66
2972.66
2972.66
2972.66
2972.66
2972.66
2972.66
2972.66
2972.66
2972.66
2972.66
2972.66
2972.66
2972.66
2972.66
2972.66
2972.66
2972.66
2972.66
2972.66
2972.66
2972.66
2972.66
2972.66
2972.66
2972.66
2972.66
2972.66
2972.66
2972.66
2972.66
2972.66
2972.66
2972.66
2972.66
2972.66
2972.66
2972.66
2972.66
2972.66
2972.66
2972.66
2972.66
2972.66
2972.66
2972.66
2972.66
2972.66
2972.66
2972.66
2972.66
2972.66
2972.66
2972.66
2972.66
2972.66
2972.66
2972.66
2972.66
2972.66
2972.66
2972.66
2972.66
2972.66
2972.66
2972.66
2972.66
2972.66
2972.66
2972.66
2972.66
2972.66
2972.66
2972.66
2972.66
2972.66
2972.66
2972.66
2972.66
2972.66
2972.66
2972.66
2972.66
2972.66
2972.66
2972.66
2972.66
2972.66
2972.66
2972.66
2972.66
2972.66
2972.66
2972.66
2972.66
2972.66
2972.66
2972.66
2972.66
2938.00
2989.49
2989.49
2989.49
2989.49
2945.09
2945.09
2945.09
2945.09
2945.09
2945.09
2945.09
2905.44
2905.44
2905.44
2905.44
2905.44
2919.31
2919.31
2919.31
2919.31
2919.31
2956.91
2978.75
2978.75
2978.75
2962.17
2962.17
2962.17
2962.17
2962.17
2962.17
2962.17
2962.17
2962.17
2962.17
2962.17
2952.42
2949.19
2949.19
2940.05
2940.05
2940.05
2928.09
2928.09
2928.09
2958.07
2958.07
2958.07
2958.07
2958.07
2958.07
2958.07
2958.07
2958.07
2958.07
2958.07
2958.07
2958.07
2958.07
2958.07
2958.07
2958.07
2958.07
2958.07
2958.07
2958.07
2958.07
2958.07
2958.07
2958.07
2958.07
2958.07
2958.07
2958.07
2958.07
2958.07
2958.07
2958.07
2958.07
2958.07
2958.07
2958.07
2958.07
2958.07
2958.07
2958.07
2958.07
2958.07
2958.07
2958.07
2958.07
