1.00
1.00
2951.25
2923.74
2923.74
2923.74
2922.93
2922.93
2922.93
2922.93
2922.93
2922.93
2922.93
2922.93
2922.93
2922.93
2922.93
2922.93
2922.93
2922.93
2922.93
2922.93
2922.93
2922.93
2922.93
2922.93
2922.93
2922.93
2922.93
2922.93
2922.93
2922.93
2922.93
2922.93
2922.93
2922.93
2922.93
2922.93
2922.93
2922.93
2922.93
2922.93
2922.93
2922.93
2922.93
2922.93
2922.93
2922.93
2922.93
2922.93
2922.93
2922.93
2922.93
2922.93
2922.93
2922.93
2922.93
2922.93
2922.93
2922.93
2922.93
2922.93
2922.93
2922.93
2922.93
2922.93
2922.93
2922.93
2922.93
2922.93
2922.93
2922.93
2922.93
2922.93
2922.93
2922.93
2922.93
2922.93
2922.93
2922.93
2922.93
2922.93
2922.93
2922.93
2922.93
2922.93
2922.93
2922.93
2922.93
2922.46
2922.46
2922.46
2922.46
2922.46
2922.46
2922.46
2922.46
2922.46
2922.46
2922.46
2922.46
2922.46
2922.46
2922.46
2922.46
2922.46
2922.46
2922.46
2913.44
2913.44
2913.44
2913.44
2913.44
2913.44
2913.44
2913.44
2913.44
2913.44
2913.44
2913.44
2913.44
2913.44
2913.44
2913.44
2913.44
2913.44
2913.44
2913.44
2940.40
2940.40
2940.40
2940.40
2940.40
2940.40
2940.40
2940.40
2940.40
2940.40
2940.40
2964.77
2964.77
2964.77
2964.77
2964.77
2964.77
2964.77
2964.77
2964.77
2964.77
2964.77
2964.77
2964.77
2964.77
2964.77
2964.77
2964.77
2964.77
2964.77
2964.77
2964.77
2964.77
2964.77
2952.79
2952.79
2952.79
2952.79
2952.79
2952.79
2952.79
2952.79
2952.79
2952.79
2952.79
2952.79
2952.79
2952.79
2952.79
2952.79
2952.79
2932.14
2932.14
2932.14
2932.14
2932.14
2932.14
2932.14
2932.14
2932.14
2932.14
2932.14
2932.14
2932.14
2932.14
2932.14
2932.14
2932.14
2932.14
2932.14
2932.14
2932.14
2932.14
2932.14
2932.14
2932.14
2932.14
2932.14
2932.14
2932.14
2932.14
2932.14
2932.14
2932.14
2932.14
2932.14
2932.14
2932.14
2932.14
2932.14
2932.14
2932.14
2931.75
2931.75
2931.75
2931.75
2931.75
2931.75
2931.75
2931.75
2931.75
2931.75
2931.75
2931.75
2931.75
2931.75
2931.75
2931.75
2931.75
2931.75
2931.75
2931.75
2931.75
2923.62
2923.62
2923.62
2923.62
2923.62
2923.62
2923.62
2923.62
2923.62
2923.62
2923.62
2923.62
2923.62
2923.62
2923.62
2923.62
2923.62
2923.62
2923.62
2923.62
2923.62
2923.62
2923.62
2923.62
2923.62
2923.62
2923.62
2923.62
2923.62
2923.62
2923.62
2923.62
2923.62
2923.62
2923.62
2923.62
2923.62
2923.62
2923.62
2923.62
2923.62
2923.62
2923.62
2923.62
2923.62
2923.62
2923.62
2923.62
2923.62
2923.62
2923.62
2923.62
2923.62
2923.62
2923.62
2923.62
2923.62
2923.62
2923.62
2923.62
2923.62
2923.62
2923.62
2923.62
2923.62
2923.62
2923.62
2923.62
2923.62
2923.62
2923.62
2923.62
2923.62
2923.62
2923.62
