3004.72
3004.72
2973.58
2991.97
2991.97
2966.45
2966.45
2966.45
2966.45
2966.45
2966.45
2940.08
2940.08
2951.56
2978.04
2978.04
2959.38
2959.38
2959.38
2959.38
2959.38
2959.38
2959.38
2959.38
2959.38
2956.00
2950.72
2959.08
2928.10
2928.10
2928.10
2928.10
2928.10
2928.10
2911.10
2911.10
2914.54
2927.62
2927.62
2927.62
2927.62
2927.62
2927.62
2927.62
2927.62
2927.62
2927.62
2915.23
2915.23
2915.23
2915.23
2915.23
2915.23
2915.23
2915.23
2915.23
2915.23
2915.23
2915.23
2915.23
2915.23
2915.23
2915.23
2915.23
2915.23
2915.23
2915.23
2915.23
2915.23
2915.23
2915.23
2915.23
2915.23
2915.23
2915.23
2915.23
2915.23
2915.23
2915.23
2915.23
2915.23
2915.23
2915.23
2915.23
2915.23
2915.23
2915.23
2915.23
2915.23
2915.23
2915.23
2915.23
2915.23
2915.23
2915.23
2915.23
2915.23
2915.23
2915.23
2915.23
2915.23
2915.23
2915.23
2915.23
2915.23
2915.23
2915.23
2915.23
2915.23
2915.23
2915.23
2915.23
2915.23
2915.23
2915.23
2915.23
2915.23
2915.23
2915.23
2915.23
2915.23
2915.23
2915.23
2915.23
2915.23
2915.23
2915.23
2915.23
