2976.25
2945.50
2945.50
2945.50
2945.50
2945.50
2945.50
2945.50
2945.50
2945.50
2945.50
2945.50
2975.87
2975.87
2975.87
2975.87
2975.87
2975.87
2975.87
2975.87
2975.87
2975.87
2975.87
2975.87
2956.15
2956.15
2962.34
2962.34
2962.34
2962.34
2962.34
2962.34
2962.34
2962.34
2962.34
2962.34
2962.34
2962.34
2962.34
2962.34
2962.34
2962.34
2962.34
2967.19
2967.19
2967.19
2967.19
2967.19
2967.19
2967.19
2967.19
2967.19
2967.19
2967.19
2967.19
2967.19
2967.19
2967.19
2967.19
2967.19
2967.19
2967.19
2967.19
2967.19
2923.00
2923.00
2923.00
2923.00
2923.00
2923.00
2923.00
2923.00
2923.00
2919.37
2919.37
2919.37
2919.37
2919.37
2919.37
2919.37
2919.37
2919.37
2919.37
2919.37
2919.37
2919.37
2940.68
2940.68
2940.68
2940.68
2940.68
2940.68
2940.68
2940.68
2940.68
2940.68
2940.68
2940.68
2940.68
2940.68
2940.68
2940.68
2938.30
2938.30
2938.30
2938.30
2938.30
2938.30
2938.30
2938.30
2938.30
2938.30
2938.30
2946.13
2946.13
2946.13
2946.13
2946.13
2946.13
2946.13
2946.13
2946.13
2946.13
2946.13
2946.13
2946.13
2946.13
