2960.81
2960.81
2960.81
2960.81
2960.81
2960.81
2960.81
2960.81
2960.81
2960.81
2960.81
2960.81
2960.81
2960.81
2960.81
2960.81
2983.68
2983.68
2983.68
2983.68
2983.68
2983.68
2983.68
2983.68
2983.68
2983.68
2983.68
2983.68
2971.97
2937.76
2937.76
2937.76
2937.76
2937.76
2937.76
2937.76
2937.76
2937.76
2937.76
2932.80
2932.32
2932.32
2932.32
2932.32
2932.32
2932.32
2932.32
2932.32
2932.32
2959.00
2959.00
2959.00
2959.00
2959.00
2969.78
2969.78
2957.46
2957.46
2957.46
2957.46
2957.46
2957.46
2957.46
2957.46
2957.46
2957.46
2957.46
2957.46
2957.46
2957.46
2957.46
2957.46
2932.06
2932.06
2932.06
2932.06
2932.06
2932.06
2932.06
2932.06
2952.00
2952.00
2952.00
2952.00
2952.00
2952.00
2952.00
2952.00
2952.00
2952.00
2952.00
2952.00
2952.00
2952.00
2952.00
2952.00
2952.00
2952.00
2952.00
2952.00
2952.00
2952.00
2952.00
2952.00
2952.00
2952.00
2952.00
2952.00
2952.00
2952.00
2952.00
2952.00
2952.00
2952.00
2952.00
2952.00
2952.00
2952.00
2952.00
2952.00
2952.00
2952.00
2952.00
2952.00
2952.00
2952.00
