2948.96
2936.77
2936.77
2936.77
2936.77
2936.77
2936.77
2936.77
2954.04
2954.04
2954.04
2953.56
2953.56
2953.56
2943.63
2943.63
2966.73
2966.73
2979.93
2979.93
2979.93
2979.93
2979.93
2979.93
2979.93
2979.93
2979.93
2979.93
2979.93
2979.93
2979.93
2979.93
2979.93
2979.93
2979.93
2979.93
2979.93
2979.93
2979.93
2979.93
2979.93
2979.93
2979.93
2979.93
2979.93
2979.93
2979.93
2979.93
2979.93
2979.93
2979.93
2979.93
2979.93
2979.93
2979.93
2979.93
2979.93
2979.93
2979.93
2979.93
2979.93
2979.93
2979.93
2979.93
2979.93
2979.93
2979.93
2979.93
2979.93
2979.93
2979.93
2979.93
2979.93
2979.93
2979.93
2979.93
2979.93
2979.93
2979.93
2979.93
2979.93
2979.93
2979.93
2979.93
2979.93
2979.93
2979.93
2979.93
2979.93
2979.93
2979.93
2979.93
2979.93
2979.93
2979.93
2979.93
2979.93
2979.93
2979.93
2979.93
2979.93
2979.93
2979.93
2979.93
2979.93
2979.93
2979.93
2979.93
2979.93
2979.93
2979.93
2979.93
2979.93
2979.93
2979.93
2979.93
2979.93
2979.93
2979.93
2979.93
2979.93
2979.93
2979.93
2979.93
2972.46
2972.46
2972.46
2972.46
