2999.69
2978.77
2963.97
2963.97
2962.61
2962.61
2962.61
2962.61
2962.61
2962.61
2962.61
2962.61
2962.61
2962.61
2962.61
2962.61
2962.61
2962.61
2962.61
2951.09
2951.09
3028.30
3026.77
3026.77
3026.77
3026.77
3026.77
3026.77
3002.20
3002.20
3002.20
2984.77
2984.77
2984.77
2984.77
2984.77
2984.77
2984.77
2984.77
2984.77
2984.77
2984.77
2943.20
2943.20
2943.20
2943.20
2943.20
2943.20
2943.20
2943.20
2943.20
2943.20
2943.20
2943.20
2943.20
2943.20
2943.20
2943.20
2943.20
2943.20
2943.20
2943.20
2943.20
2943.20
2943.20
2943.20
2943.20
2943.20
2943.20
2943.20
2943.20
2943.82
2943.82
2943.82
2943.82
2943.82
2943.82
2943.82
2943.82
2943.82
2943.82
2943.82
2943.82
2943.82
2943.82
2943.82
2943.82
2943.82
2943.82
2943.82
2943.82
2943.82
2943.82
2943.82
2943.82
2943.82
2943.82
2943.82
2943.82
2943.82
2943.82
2943.82
2916.20
2916.20
2916.20
2916.20
2916.20
2916.20
2916.20
2916.20
2916.20
2916.20
2916.20
2916.20
2916.20
2916.20
2916.20
2916.20
2916.20
2916.20
2916.20
2916.20
2916.20
2916.20
