2981.01
2981.01
2981.01
2981.01
2981.27
3030.57
3009.74
3009.74
3009.74
3009.25
2990.74
2990.74
2990.74
2991.65
2989.62
2989.62
2989.62
2989.62
2989.62
2989.62
2989.62
2989.62
2989.62
2989.62
2989.62
2989.62
2989.62
2989.62
2989.62
2989.62
2989.62
2989.62
2989.62
2989.62
2989.62
2989.62
2989.62
2989.62
2989.62
2989.62
2989.62
2989.62
2989.62
2989.62
2989.62
3001.20
3001.20
3001.20
3001.20
3018.91
3018.91
3001.48
3019.59
3019.59
3019.59
3019.59
3019.59
3019.59
3019.59
3019.59
3019.59
3019.59
3019.59
3019.59
3019.59
3019.59
3019.59
3019.59
3019.59
3019.59
3019.59
3019.59
3019.59
3019.59
3019.59
3019.59
3019.59
3019.59
3019.59
3019.59
3019.59
3019.59
3027.89
3027.89
3027.89
3027.89
3027.89
3027.89
3027.89
3054.45
3061.91
3061.91
3061.91
3061.91
3061.91
3061.91
3061.91
3061.91
3061.91
3061.91
3061.91
3091.29
3091.29
3091.29
3091.29
3091.29
3091.29
3091.29
3091.29
3091.29
3091.29
3056.91
3056.91
3056.91
3056.91
3056.91
3056.91
3056.91
3056.91
3056.91
3056.91
3056.91
3056.91
3056.91
3056.91
3056.91
3056.91
3056.91
