-12306.80
-12309.62
-12320.60
-12309.84
-12298.72
-12311.01
-12320.48
-12313.43
-12308.82
-12304.95
-12300.66
-12296.54
-12306.06
-12327.13
-12317.18
-12319.93
-12290.36
-12307.22
-12317.75
-12292.74
-12303.82
-12314.95
-12319.98
-12313.60
-12295.24
-12297.13
-12313.17
-12304.82
-12330.31
-12302.67
-12288.25
-12291.69
-12307.53
-12293.19
-12285.08
-12301.22
-12298.88
-12297.01
-12303.78
-12309.05
-12308.97
-12308.78
-12308.21
-12297.40
-12281.27
-12313.18
-12310.79
-12295.90
-12326.00
-12301.42
-12290.30
-12297.58
-12304.82
-12288.79
-12297.86
-12312.86
-12298.01
-12312.31
-12306.72
-12326.09
-12310.89
-12301.90
-12326.65
-12295.16
-12300.96
-12275.55
-12297.75
-12276.46
-12288.85
-12298.70
-12293.30
-12308.24
-12300.54
-12295.02
-12328.23
-12304.47
-12287.36
-12304.18
-12301.88
-12312.65
-12298.92
-12287.39
-12302.20
-12290.12
-12306.57
-12316.02
-12305.15
-12301.98
-12311.41
-12280.93
-12304.45
-12293.53
-12293.14
-12301.11
-12288.31
-12299.53
-12303.43
-12308.04
-12300.56
-12294.63
-12300.10
-12294.66
-12291.64
-12311.36
-12292.26
-12290.26
-12303.72
-12293.75
-12311.48
-12301.23
-12298.47
-12311.74
-12304.04
-12327.01
-12292.43
-12290.39
-12308.43
-12294.28
-12301.18
-12295.06
-12309.46
-12299.77
-12303.48
-12301.90
-12288.16
-12303.22
-12302.82
-12287.95
-12318.37
