-11167.62
-11159.23
-11160.36
-11158.42
-11150.03
-11157.35
-11144.63
-11153.36
-11155.27
-11174.67
-11170.28
-11165.25
-11144.75
-11150.01
-11140.04
-11168.39
-11144.58
-11153.65
-11157.40
-11144.79
-11152.88
-11143.34
-11159.84
-11155.76
-11162.99
-11159.28
-11161.70
-11149.79
-11167.92
-11153.00
-11166.16
-11153.23
-11158.74
-11166.15
-11152.22
-11168.76
-11164.23
-11134.74
-11167.04
-11163.69
-11158.98
-11155.14
-11163.16
-11169.56
-11165.04
-11166.46
-11165.91
-11170.55
-11163.31
-11155.10
-11156.36
-11155.67
-11149.55
-11159.16
-11154.04
-11163.00
-11151.82
-11146.37
-11165.22
-11169.25
-11170.09
-11155.31
-11153.45
-11154.04
-11163.78
-11151.88
-11176.01
-11154.72
-11167.13
-11172.89
-11163.13
-11133.94
-11180.12
-11148.16
-11169.22
-11150.41
-11156.40
-11148.95
-11155.81
-11152.14
-11160.12
-11157.19
-11157.73
-11158.37
-11151.55
-11177.31
-11156.17
-11154.15
-11154.87
-11158.71
-11166.88
-11149.84
-11155.80
-11163.16
-11157.76
-11177.33
-11163.89
-11163.21
-11157.04
-11170.15
-11167.37
-11158.66
-11158.34
-11145.40
-11150.30
-11177.28
-11156.95
-11156.93
-11164.08
-11150.87
-11172.43
-11154.31
-11160.22
-11151.99
-11160.12
-11174.30
-11147.53
-11158.84
-11168.80
-11176.18
-11154.25
-11144.89
-11164.66
-11157.98
-11167.26
-11161.87
-11158.21
-11162.85
-11155.51
-11167.89
-11163.76
