-9144.10
-9153.27
-9153.53
-9144.69
-9153.08
-9158.83
-9151.63
-9144.10
-9148.00
-9161.19
-9141.08
-9139.18
-9137.91
-9134.31
-9131.07
-9141.78
-9156.00
-9141.22
-9140.28
-9131.03
-9169.70
-9153.67
-9151.77
-9144.53
-9141.03
-9146.11
-9149.22
-9137.35
-9142.02
-9146.69
-9146.01
-9145.59
-9148.89
-9143.40
-9149.56
-9142.93
-9139.47
-9139.19
-9132.15
-9134.92
-9151.77
-9149.21
-9144.95
-9142.05
-9156.76
-9164.40
-9138.85
-9145.33
-9166.14
-9148.15
-9136.44
-9138.83
-9152.73
-9163.14
-9145.72
-9150.72
-9145.10
-9138.11
-9144.50
-9129.66
-9148.78
-9148.97
-9151.52
-9144.22
-9145.53
-9145.55
-9143.19
-9141.39
-9136.57
-9144.31
-9132.65
-9144.63
-9137.62
-9153.97
-9153.77
-9154.63
-9138.65
-9145.20
-9149.54
-9141.04
-9140.84
-9146.13
-9139.89
-9145.65
-9145.71
-9139.92
-9144.20
-9157.63
-9135.64
-9140.42
-9145.28
-9151.59
-9149.19
-9147.97
-9140.63
-9145.33
-9131.79
-9143.86
-9163.94
-9151.02
-9146.84
-9145.08
-9135.38
-9143.06
-9136.15
-9138.81
-9134.95
-9141.12
-9145.56
-9148.62
-9142.23
-9150.71
-9138.00
-9145.35
-9166.30
-9144.16
-9150.26
-9147.77
-9148.24
-9141.08
-9146.98
-9141.40
-9147.43
-9143.73
-9143.43
-9134.99
-9160.85
-9128.29
