-7511.16
-7495.85
-7506.59
-7513.57
-7500.42
-7508.63
-7511.17
-7513.85
-7513.91
-7514.85
-7499.67
-7522.21
-7510.28
-7513.37
-7496.62
-7516.30
-7509.72
-7503.57
-7506.91
-7509.65
-7493.98
-7501.25
-7494.57
-7507.26
-7500.09
-7499.44
-7500.82
-7495.90
-7510.17
-7502.68
-7499.45
-7501.97
-7512.41
-7500.66
-7504.35
-7508.60
-7501.00
-7504.63
-7504.17
-7498.43
-7511.41
-7500.25
-7500.34
-7505.13
-7498.25
-7507.21
-7508.26
-7493.19
-7504.65
-7500.03
-7497.89
-7496.03
-7499.37
-7499.06
-7492.50
-7496.14
-7484.57
-7486.54
-7495.61
-7505.11
-7494.81
-7507.28
-7501.00
-7497.85
-7491.91
-7501.33
-7504.91
-7487.94
-7504.55
-7490.19
-7491.65
-7493.30
-7491.40
-7500.94
-7497.80
-7492.55
-7488.21
-7498.88
-7497.68
-7499.72
-7497.96
-7499.01
-7489.10
-7493.38
-7502.75
-7505.90
-7497.70
-7497.91
-7501.16
-7495.63
-7505.56
-7504.80
-7492.53
-7493.13
-7493.12
-7496.47
-7488.93
-7504.23
-7490.91
-7510.22
-7488.85
-7488.11
-7499.26
-7509.57
-7495.01
-7498.25
-7499.84
-7499.07
-7493.69
-7493.43
-7494.25
-7499.15
-7500.39
-7485.43
-7493.15
-7496.19
-7503.83
-7495.81
-7493.26
-7485.67
-7500.49
-7503.13
-7493.57
-7502.47
-7492.75
-7497.08
-7504.44
-7496.29
-7504.83
