-8289.47
-8305.19
-8292.29
-8288.58
-8287.31
-8283.40
-8289.00
-8287.10
-8289.48
-8286.64
-8290.96
-8287.15
-8280.61
-8285.04
-8294.37
-8294.70
-8282.10
-8282.56
-8286.94
-8287.99
-8302.29
-8291.65
-8287.66
-8283.67
-8282.78
-8289.20
-8287.04
-8291.71
-8278.82
-8283.12
-8295.70
-8297.96
-8284.53
-8285.93
-8300.22
-8285.13
-8292.65
-8276.24
-8291.69
-8297.72
-8297.67
-8302.34
-8283.46
-8292.06
-8286.26
-8285.31
-8290.01
-8293.73
-8300.33
-8274.13
-8282.55
-8294.88
-8297.83
-8287.43
-8294.26
-8290.04
-8280.90
-8286.46
-8282.97
-8292.59
-8284.03
-8281.49
-8276.51
-8282.26
-8278.95
-8289.45
-8278.08
-8298.84
-8277.09
-8292.73
-8282.45
-8277.83
-8289.30
-8292.11
-8285.10
-8296.36
-8285.25
-8279.69
-8287.04
-8291.92
-8279.95
-8288.28
-8287.42
-8282.73
-8303.00
-8282.79
-8281.50
-8282.11
-8285.52
-8283.22
-8293.13
-8281.57
-8293.70
-8281.18
-8292.57
-8290.81
-8287.16
-8283.71
-8291.44
-8293.57
-8301.50
-8279.03
-8284.75
-8290.54
-8288.94
-8285.24
-8280.99
-8295.02
-8286.21
-8304.99
-8277.24
-8292.91
-8297.09
-8297.05
-8282.95
-8283.08
-8288.49
-8277.14
-8289.56
-8281.32
-8287.78
-8288.12
-8280.08
-8280.19
-8286.21
-8290.94
-8286.67
-8286.43
-8279.83
-8285.71
-8273.32
