-10106.55
-10097.46
-10100.58
-10111.55
-10095.41
-10106.64
-10096.04
-10100.52
-10108.70
-10109.81
-10101.70
-10098.07
-10098.74
-10097.82
-10109.64
-10104.88
-10101.43
-10108.63
-10112.38
-10083.33
-10097.07
-10120.99
-10116.20
-10103.60
-10105.00
-10095.62
-10102.61
-10099.33
-10105.80
-10105.99
-10106.44
-10098.30
-10115.48
-10115.27
-10111.32
-10092.88
-10109.12
-10099.51
-10115.90
-10098.05
-10099.41
-10114.69
-10091.39
-10107.07
-10109.44
-10096.48
-10111.18
-10107.40
-10098.78
-10107.39
-10091.44
-10096.76
-10093.37
-10104.29
-10106.93
-10099.36
-10113.34
-10094.32
-10100.88
-10088.35
-10102.78
-10111.88
-10105.68
-10112.64
-10093.50
-10097.49
-10116.78
-10111.63
-10098.45
-10091.67
-10103.06
-10119.60
-10109.80
-10096.04
-10102.05
-10119.08
-10112.89
-10117.81
-10110.64
-10092.51
-10099.49
-10106.96
-10105.17
-10098.56
-10103.53
-10092.74
-10122.48
-10089.45
-10094.01
-10097.13
-10105.09
-10101.11
-10090.42
-10115.43
-10105.24
-10115.30
-10101.80
-10096.25
-10114.68
-10095.29
-10127.04
-10096.94
-10092.99
-10100.24
-10102.58
-10105.01
-10099.49
-10097.21
-10115.42
-10105.94
-10109.85
-10104.59
-10087.56
-10096.47
-10107.79
-10099.78
-10090.66
-10113.71
-10108.43
-10106.13
-10114.18
-10123.92
-10107.57
-10096.90
-10108.10
-10088.71
-10098.11
-10103.48
-10100.82
-10096.60
-10118.30
