-15017.93
-15013.52
-15017.02
-14996.72
-15009.51
-14998.15
-15012.72
-15014.52
-15006.76
-15033.74
-15000.08
-14990.83
-15009.26
-15025.72
-14997.50
-15006.93
-14988.58
-14978.05
-14994.95
-14988.93
-14991.01
-14999.37
-15006.65
-14999.55
-14990.40
-15024.15
-14999.26
-14987.24
-15013.61
-15017.94
-15011.92
-14987.89
-14998.95
-15006.65
-15006.62
-14997.88
-14985.26
-14978.10
-15001.45
-14999.40
-15016.58
-15033.86
-14998.94
-14990.48
-14995.25
-15004.70
-15013.13
-15000.23
-15002.37
-14995.61
-15012.56
-15006.79
-14976.46
-14990.60
-15002.36
-14994.25
-14987.96
-14994.77
-15000.36
-15002.59
-15008.32
-15004.69
-14962.88
-14997.64
-14992.03
-15012.26
-14982.11
-15006.62
-15004.66
-15002.44
-15001.95
-14991.29
-15005.19
-15006.99
-15015.14
-15030.16
-14974.95
-15020.58
-14997.29
-15004.09
-15023.31
-14989.30
-14982.93
-14998.27
-14994.10
-15009.75
-15001.12
-15000.00
-15010.12
-15011.75
-14979.26
-14988.09
-14978.69
-14990.40
-15006.81
-15010.36
-15020.08
-14991.29
-15011.52
-14977.25
-14998.68
-15027.01
-14998.91
-15011.61
-14990.58
-14983.09
-14994.55
-14996.48
-15003.37
-14991.21
-14990.17
-14981.24
-14972.67
-15015.87
-14999.84
-14982.39
-14998.05
-14999.44
-14988.38
-14993.60
-14982.11
-14997.11
-14981.15
-15002.14
-14990.72
-14981.34
-15003.36
-14988.14
