-13600.39
-13621.78
-13585.62
-13577.81
-13603.26
-13587.53
-13595.51
-13593.41
-13597.54
-13583.34
-13601.87
-13592.41
-13590.64
-13609.43
-13594.37
-13583.21
-13594.37
-13591.83
-13596.68
-13588.79
-13581.18
-13592.19
-13597.56
-13608.87
-13598.98
-13580.98
-13610.72
-13609.75
-13605.21
-13603.32
-13598.30
-13579.21
-13600.77
-13617.37
-13597.63
-13607.34
-13607.46
-13591.04
-13606.54
-13583.00
-13573.69
-13614.57
-13584.52
-13575.29
-13595.47
-13587.02
-13579.60
-13591.85
-13582.30
-13592.44
-13591.68
-13575.82
-13607.85
-13591.65
-13603.63
-13577.17
-13576.70
-13598.26
-13618.84
-13599.91
-13574.65
-13607.70
-13582.43
-13602.16
-13578.59
-13596.64
-13607.02
-13570.40
-13587.15
-13574.49
-13604.10
-13619.69
-13581.64
-13586.73
-13611.04
-13576.74
-13622.64
-13619.54
-13638.39
-13593.52
-13585.79
-13591.06
-13588.47
-13574.29
-13585.28
-13606.36
-13605.75
-13572.80
-13580.48
-13598.18
-13604.92
-13583.86
-13575.27
-13586.89
-13583.40
-13588.22
-13588.84
-13617.49
-13587.83
-13588.57
-13584.78
-13579.35
-13616.15
-13597.06
-13582.36
-13617.28
-13592.09
-13613.58
-13592.68
-13590.35
-13577.92
-13590.50
-13589.46
-13578.34
-13599.30
-13588.88
-13612.13
-13593.88
-13598.59
-13597.03
-13573.25
-13576.24
-13611.19
-13585.94
-13616.81
-13583.35
-13580.29
-13605.75
-13599.72
-13595.80
-13617.09
