0.00 1.00 -12320.59 -12320.59 445.76 2965.54
1.00 1.00 -12320.59 -12326.93 445.76 2965.54
2.00 2.00 -12310.00 -12310.00 444.05 2906.74
3.00 2.00 -12310.00 -12360.78 444.05 2906.74
4.00 3.00 -12305.43 -12305.43 440.50 2922.27
5.00 4.00 -12302.41 -12302.41 439.67 2907.11
6.00 4.00 -12302.41 -12317.12 439.67 2907.11
7.00 4.00 -12302.41 -12329.01 439.67 2907.11
8.00 4.00 -12302.41 -12327.52 439.67 2907.11
9.00 4.00 -12302.41 -12315.44 439.67 2907.11
10.00 4.00 -12302.41 -12326.80 439.67 2907.11
11.00 4.00 -12302.41 -12327.28 439.67 2907.11
12.00 4.00 -12302.41 -12321.21 439.67 2907.11
13.00 4.00 -12302.41 -12331.02 439.67 2907.11
14.00 5.00 -12298.28 -12298.28 436.44 2919.62
15.00 5.00 -12298.28 -12319.96 436.44 2919.62
16.00 6.00 -12295.00 -12295.00 435.46 2911.80
17.00 6.00 -12295.00 -12314.63 435.46 2911.80
18.00 6.00 -12295.00 -12310.02 435.46 2911.80
19.00 6.00 -12295.00 -12313.17 435.46 2911.80
20.00 6.00 -12295.00 -12326.88 435.46 2911.80
21.00 6.00 -12295.00 -12300.08 435.46 2911.80
22.00 7.00 -12292.38 -12292.38 434.22 2909.57
23.00 7.00 -12292.38 -12303.46 434.22 2909.57
24.00 7.00 -12292.38 -12304.85 434.22 2909.57
25.00 8.00 -12292.52 -12292.52 434.84 2901.69
26.00 8.00 -12292.52 -12314.55 434.84 2901.69
27.00 8.00 -12292.52 -12322.81 434.84 2901.69
28.00 8.00 -12292.52 -12321.53 434.84 2901.69
29.00 8.00 -12292.52 -12318.63 434.84 2901.69
30.00 8.00 -12292.52 -12315.01 434.84 2901.69
31.00 8.00 -12292.52 -12301.75 434.84 2901.69
32.00 8.00 -12292.52 -12301.58 434.84 2901.69
33.00 8.00 -12292.52 -12314.48 434.84 2901.69
34.00 8.00 -12292.52 -12321.37 434.84 2901.69
35.00 8.00 -12292.52 -12309.75 434.84 2901.69
36.00 8.00 -12292.52 -12299.91 434.84 2901.69
37.00 8.00 -12292.52 -12305.48 434.84 2901.69
38.00 8.00 -12292.52 -12307.01 434.84 2901.69
39.00 8.00 -12292.52 -12325.08 434.84 2901.69
40.00 8.00 -12292.52 -12305.48 434.84 2901.69
41.00 8.00 -12292.52 -12307.29 434.84 2901.69
42.00 8.00 -12292.52 -12298.39 434.84 2901.69
43.00 8.00 -12292.52 -12340.78 434.84 2901.69
44.00 8.00 -12292.52 -12304.24 434.84 2901.69
45.00 9.00 -12289.28 -12289.28 431.69 2914.86
46.00 10.00 -12288.87 -12288.87 431.71 2914.57
47.00 11.00 -12286.82 -12286.82 431.10 2905.28
48.00 11.00 -12286.82 -12293.99 431.10 2905.28
49.00 11.00 -12286.82 -12293.65 431.10 2905.28
50.00 11.00 -12286.82 -12303.67 431.10 2905.28
51.00 11.00 -12286.82 -12310.02 431.10 2905.28
52.00 11.00 -12286.82 -12293.65 431.10 2905.28
53.00 11.00 -12286.82 -12295.45 431.10 2905.28
54.00 11.00 -12286.82 -12301.71 431.10 2905.28
55.00 11.00 -12286.82 -12288.67 431.10 2905.28
56.00 11.00 -12286.82 -12290.74 431.10 2905.28
57.00 12.00 -12282.43 -12282.43 427.10 2915.26
58.00 12.00 -12282.43 -12285.57 427.10 2915.26
59.00 12.00 -12282.43 -12300.17 427.10 2915.26
60.00 12.00 -12282.43 -12299.04 427.10 2915.26
61.00 12.00 -12282.43 -12300.81 427.10 2915.26
62.00 12.00 -12282.43 -12299.16 427.10 2915.26
63.00 12.00 -12282.43 -12295.85 427.10 2915.26
64.00 12.00 -12282.43 -12292.18 427.10 2915.26
65.00 12.00 -12282.43 -12290.59 427.10 2915.26
66.00 12.00 -12282.43 -12301.20 427.10 2915.26
67.00 12.00 -12282.43 -12302.05 427.10 2915.26
68.00 12.00 -12282.43 -12291.08 427.10 2915.26
69.00 12.00 -12282.43 -12297.19 427.10 2915.26
70.00 12.00 -12282.43 -12296.36 427.10 2915.26
71.00 12.00 -12282.43 -12309.05 427.10 2915.26
72.00 12.00 -12282.43 -12297.13 427.10 2915.26
73.00 12.00 -12282.43 -12292.56 427.10 2915.26
74.00 13.00 -12281.39 -12281.39 426.62 2917.45
75.00 14.00 -12282.57 -12282.57 427.92 2906.38
76.00 14.00 -12282.57 -12289.10 427.92 2906.38
77.00 14.00 -12282.57 -12286.35 427.92 2906.38
78.00 15.00 -12282.61 -12282.61 428.73 2899.69
79.00 15.00 -12282.61 -12288.20 428.73 2899.69
80.00 15.00 -12282.61 -12297.76 428.73 2899.69
81.00 15.00 -12282.61 -12290.97 428.73 2899.69
82.00 15.00 -12282.61 -12302.36 428.73 2899.69
83.00 15.00 -12282.61 -12288.30 428.73 2899.69
84.00 15.00 -12282.61 -12307.34 428.73 2899.69
85.00 15.00 -12282.61 -12303.90 428.73 2899.69
86.00 15.00 -12282.61 -12296.62 428.73 2899.69
87.00 15.00 -12282.61 -12288.36 428.73 2899.69
88.00 15.00 -12282.61 -12293.98 428.73 2899.69
89.00 15.00 -12282.61 -12286.46 428.73 2899.69
90.00 15.00 -12282.61 -12308.93 428.73 2899.69
91.00 15.00 -12282.61 -12288.69 428.73 2899.69
92.00 15.00 -12282.61 -12288.56 428.73 2899.69
93.00 15.00 -12282.61 -12303.66 428.73 2899.69
94.00 15.00 -12282.61 -12313.09 428.73 2899.69
95.00 15.00 -12282.61 -12297.43 428.73 2899.69
96.00 15.00 -12282.61 -12304.17 428.73 2899.69
97.00 15.00 -12282.61 -12298.31 428.73 2899.69
98.00 15.00 -12282.61 -12307.27 428.73 2899.69
99.00 15.00 -12282.61 -12287.72 428.73 2899.69
100.00 15.00 -12282.61 -12304.03 428.73 2899.69
101.00 15.00 -12282.61 -12308.82 428.73 2899.69
102.00 15.00 -12282.61 -12304.80 428.73 2899.69
103.00 15.00 -12282.61 -12297.16 428.73 2899.69
104.00 15.00 -12282.61 -12294.82 428.73 2899.69
105.00 15.00 -12282.61 -12289.53 428.73 2899.69
106.00 15.00 -12282.61 -12289.36 428.73 2899.69
107.00 15.00 -12282.61 -12285.37 428.73 2899.69
108.00 15.00 -12282.61 -12320.80 428.73 2899.69
109.00 15.00 -12282.61 -12298.13 428.73 2899.69
110.00 15.00 -12282.61 -12303.25 428.73 2899.69
111.00 15.00 -12282.61 -12296.74 428.73 2899.69
112.00 15.00 -12282.61 -12292.12 428.73 2899.69
113.00 15.00 -12282.61 -12291.59 428.73 2899.69
114.00 15.00 -12282.61 -12327.51 428.73 2899.69
115.00 15.00 -12282.61 -12290.69 428.73 2899.69
116.00 15.00 -12282.61 -12290.74 428.73 2899.69
117.00 15.00 -12282.61 -12300.85 428.73 2899.69
118.00 15.00 -12282.61 -12302.79 428.73 2899.69
119.00 15.00 -12282.61 -12299.32 428.73 2899.69
120.00 15.00 -12282.61 -12301.64 428.73 2899.69
121.00 15.00 -12282.61 -12290.88 428.73 2899.69
122.00 15.00 -12282.61 -12318.25 428.73 2899.69
123.00 15.00 -12282.61 -12305.25 428.73 2899.69
124.00 15.00 -12282.61 -12303.24 428.73 2899.69
125.00 15.00 -12282.61 -12303.89 428.73 2899.69
126.00 15.00 -12282.61 -12317.07 428.73 2899.69
127.00 15.00 -12282.61 -12302.52 428.73 2899.69
128.00 15.00 -12282.61 -12300.00 428.73 2899.69
129.00 15.00 -12282.61 -12293.74 428.73 2899.69
130.00 15.00 -12282.61 -12299.00 428.73 2899.69
131.00 15.00 -14979.80 -15006.09 428.73 2899.69
132.00 15.00 -14979.80 -14998.13 428.73 2899.69
133.00 15.00 -14979.80 -14989.07 428.73 2899.69
134.00 15.00 -14979.80 -14984.54 428.73 2899.69
135.00 15.00 -14979.80 -14992.90 428.73 2899.69
136.00 15.00 -14979.80 -14983.21 428.73 2899.69
137.00 16.00 -14977.26 -14977.26 430.36 2906.98
138.00 17.00 -14969.86 -14969.86 427.67 2902.07
139.00 17.00 -14969.86 -14993.51 427.67 2902.07
140.00 17.00 -14969.86 -14975.82 427.67 2902.07
141.00 17.00 -14969.86 -14981.77 427.67 2902.07
142.00 17.00 -14969.86 -14995.20 427.67 2902.07
143.00 17.00 -14969.86 -14980.29 427.67 2902.07
144.00 17.00 -14969.86 -14999.86 427.67 2902.07
145.00 17.00 -14969.86 -14982.81 427.67 2902.07
146.00 17.00 -14969.86 -14985.84 427.67 2902.07
147.00 17.00 -14969.86 -14992.28 427.67 2902.07
148.00 17.00 -14969.86 -14999.81 427.67 2902.07
149.00 17.00 -14969.86 -14986.35 427.67 2902.07
150.00 17.00 -14969.86 -14975.00 427.67 2902.07
151.00 17.00 -14969.86 -15008.93 427.67 2902.07
152.00 17.00 -14969.86 -15012.70 427.67 2902.07
153.00 17.00 -14969.86 -14999.70 427.67 2902.07
154.00 17.00 -14969.86 -14975.48 427.67 2902.07
155.00 17.00 -14969.86 -14984.11 427.67 2902.07
156.00 17.00 -14969.86 -14997.76 427.67 2902.07
157.00 17.00 -14969.86 -14994.50 427.67 2902.07
158.00 17.00 -14969.86 -15002.23 427.67 2902.07
159.00 17.00 -14969.86 -14990.65 427.67 2902.07
160.00 17.00 -14969.86 -14983.85 427.67 2902.07
161.00 17.00 -14969.86 -14977.68 427.67 2902.07
162.00 17.00 -14969.86 -14988.91 427.67 2902.07
163.00 17.00 -14969.86 -14996.46 427.67 2902.07
164.00 17.00 -14969.86 -14983.03 427.67 2902.07
165.00 17.00 -14969.86 -14975.34 427.67 2902.07
166.00 17.00 -14969.86 -14993.38 427.67 2902.07
167.00 17.00 -14969.86 -14981.31 427.67 2902.07
168.00 17.00 -14969.86 -14977.04 427.67 2902.07
169.00 17.00 -14969.86 -14975.18 427.67 2902.07
170.00 17.00 -14969.86 -14989.58 427.67 2902.07
171.00 17.00 -14969.86 -14991.74 427.67 2902.07
172.00 17.00 -14969.86 -14986.08 427.67 2902.07
173.00 17.00 -14969.86 -14977.99 427.67 2902.07
174.00 17.00 -14969.86 -15001.94 427.67 2902.07
175.00 17.00 -14969.86 -14983.59 427.67 2902.07
176.00 17.00 -14969.86 -14973.54 427.67 2902.07
177.00 17.00 -14969.86 -14991.19 427.67 2902.07
178.00 17.00 -14969.86 -14987.30 427.67 2902.07
179.00 17.00 -14969.86 -14989.60 427.67 2902.07
180.00 17.00 -14969.86 -14991.52 427.67 2902.07
181.00 17.00 -14969.86 -14977.55 427.67 2902.07
182.00 17.00 -14969.86 -14976.39 427.67 2902.07
183.00 17.00 -14969.86 -14978.74 427.67 2902.07
184.00 17.00 -14969.86 -14988.93 427.67 2902.07
185.00 17.00 -14969.86 -14974.68 427.67 2902.07
186.00 17.00 -14969.86 -14979.44 427.67 2902.07
187.00 17.00 -14969.86 -14991.39 427.67 2902.07
188.00 17.00 -14969.86 -14988.99 427.67 2902.07
189.00 17.00 -14969.86 -14972.68 427.67 2902.07
190.00 17.00 -14969.86 -14991.57 427.67 2902.07
191.00 17.00 -14969.86 -14986.94 427.67 2902.07
192.00 17.00 -14969.86 -14985.86 427.67 2902.07
193.00 17.00 -14969.86 -14981.88 427.67 2902.07
194.00 17.00 -14969.86 -15006.46 427.67 2902.07
195.00 17.00 -14969.86 -15002.51 427.67 2902.07
196.00 18.00 -14959.28 -14959.28 421.82 2908.44
197.00 18.00 -14959.28 -14977.56 421.82 2908.44
198.00 18.00 -14959.28 -15000.88 421.82 2908.44
199.00 18.00 -14959.28 -14979.60 421.82 2908.44
200.00 18.00 -14959.28 -14990.17 421.82 2908.44
201.00 18.00 -14959.28 -14976.24 421.82 2908.44
202.00 18.00 -14959.28 -14984.27 421.82 2908.44
203.00 18.00 -14959.28 -14982.91 421.82 2908.44
204.00 18.00 -14959.28 -14995.34 421.82 2908.44
205.00 18.00 -14959.28 -14992.70 421.82 2908.44
206.00 18.00 -14959.28 -14976.95 421.82 2908.44
207.00 18.00 -14959.28 -14985.67 421.82 2908.44
208.00 18.00 -14959.28 -14983.89 421.82 2908.44
209.00 18.00 -14959.28 -14985.94 421.82 2908.44
210.00 18.00 -14959.28 -14981.91 421.82 2908.44
211.00 18.00 -14959.28 -14986.22 421.82 2908.44
212.00 18.00 -14959.28 -15006.20 421.82 2908.44
213.00 18.00 -14959.28 -14972.07 421.82 2908.44
214.00 18.00 -14959.28 -14999.77 421.82 2908.44
215.00 18.00 -14959.28 -14990.64 421.82 2908.44
216.00 18.00 -14959.28 -14993.63 421.82 2908.44
217.00 18.00 -14959.28 -14984.65 421.82 2908.44
218.00 18.00 -14959.28 -14998.35 421.82 2908.44
219.00 18.00 -14959.28 -14991.35 421.82 2908.44
220.00 18.00 -14959.28 -14986.39 421.82 2908.44
221.00 18.00 -14959.28 -14973.77 421.82 2908.44
222.00 18.00 -14959.28 -14991.51 421.82 2908.44
223.00 18.00 -14959.28 -14988.02 421.82 2908.44
224.00 18.00 -14959.28 -14964.17 421.82 2908.44
225.00 18.00 -14959.28 -14975.95 421.82 2908.44
226.00 18.00 -14959.28 -14981.21 421.82 2908.44
227.00 18.00 -14959.28 -15005.47 421.82 2908.44
228.00 18.00 -14959.28 -14979.79 421.82 2908.44
229.00 18.00 -14959.28 -14986.24 421.82 2908.44
230.00 18.00 -14959.28 -14986.27 421.82 2908.44
231.00 18.00 -14959.28 -14988.06 421.82 2908.44
232.00 18.00 -14959.28 -14964.03 421.82 2908.44
233.00 18.00 -14959.28 -14983.83 421.82 2908.44
234.00 18.00 -14959.28 -14987.72 421.82 2908.44
235.00 18.00 -14959.28 -14983.59 421.82 2908.44
236.00 18.00 -14959.28 -14983.81 421.82 2908.44
237.00 18.00 -14959.28 -14980.13 421.82 2908.44
238.00 18.00 -14959.28 -14973.43 421.82 2908.44
