0.00 1.00 -9147.81 -9147.81 443.75 2939.77
1.00 2.00 -9144.77 -9144.77 442.00 2927.42
2.00 2.00 -9144.77 -9149.78 442.00 2927.42
3.00 2.00 -9144.77 -9182.98 442.00 2927.42
4.00 2.00 -9144.77 -9156.56 442.00 2927.42
5.00 2.00 -9144.77 -9151.57 442.00 2927.42
6.00 2.00 -9144.77 -9148.88 442.00 2927.42
7.00 2.00 -9144.77 -9155.83 442.00 2927.42
8.00 3.00 -9143.70 -9143.70 441.76 2911.79
9.00 3.00 -9143.70 -9152.92 441.76 2911.79
10.00 3.00 -9143.70 -9154.48 441.76 2911.79
11.00 3.00 -9143.70 -9145.97 441.76 2911.79
12.00 3.00 -9143.70 -9153.47 441.76 2911.79
13.00 3.00 -9143.70 -9148.04 441.76 2911.79
14.00 3.00 -9143.70 -9160.76 441.76 2911.79
15.00 3.00 -9143.70 -9149.45 441.76 2911.79
16.00 3.00 -9143.70 -9164.68 441.76 2911.79
17.00 3.00 -9143.70 -9163.66 441.76 2911.79
18.00 3.00 -9143.70 -9154.69 441.76 2911.79
19.00 3.00 -9143.70 -9155.73 441.76 2911.79
20.00 3.00 -9143.70 -9167.70 441.76 2911.79
21.00 3.00 -9143.70 -9160.83 441.76 2911.79
22.00 3.00 -9143.70 -9149.76 441.76 2911.79
23.00 3.00 -9143.70 -9152.72 441.76 2911.79
24.00 3.00 -9143.70 -9163.34 441.76 2911.79
25.00 3.00 -9143.70 -9153.39 441.76 2911.79
26.00 3.00 -9143.70 -9155.45 441.76 2911.79
27.00 3.00 -9143.70 -9149.31 441.76 2911.79
28.00 3.00 -9143.70 -9145.91 441.76 2911.79
29.00 3.00 -9143.70 -9153.11 441.76 2911.79
30.00 3.00 -9143.70 -9170.14 441.76 2911.79
31.00 3.00 -9143.70 -9151.95 441.76 2911.79
32.00 3.00 -9143.70 -9148.66 441.76 2911.79
33.00 3.00 -9143.70 -9150.58 441.76 2911.79
34.00 3.00 -9143.70 -9156.28 441.76 2911.79
35.00 3.00 -9143.70 -9148.92 441.76 2911.79
36.00 3.00 -9143.70 -9151.89 441.76 2911.79
37.00 3.00 -9143.70 -9160.22 441.76 2911.79
38.00 3.00 -9143.70 -9157.13 441.76 2911.79
39.00 3.00 -9143.70 -9150.97 441.76 2911.79
40.00 3.00 -9143.70 -9149.56 441.76 2911.79
41.00 3.00 -9143.70 -9157.13 441.76 2911.79
42.00 3.00 -9143.70 -9153.55 441.76 2911.79
43.00 3.00 -9143.70 -9156.99 441.76 2911.79
44.00 3.00 -9143.70 -9154.33 441.76 2911.79
45.00 3.00 -9143.70 -9152.38 441.76 2911.79
46.00 3.00 -9143.70 -9147.07 441.76 2911.79
47.00 4.00 -9146.08 -9146.08 442.71 2925.33
48.00 5.00 -9145.78 -9145.78 441.88 2929.02
49.00 5.00 -9145.78 -9148.94 441.88 2929.02
50.00 5.00 -9145.78 -9153.18 441.88 2929.02
51.00 6.00 -9143.44 -9143.44 440.46 2923.83
52.00 7.00 -9141.88 -9141.88 439.35 2922.38
53.00 7.00 -9141.88 -9147.73 439.35 2922.38
54.00 7.00 -9141.88 -9143.65 439.35 2922.38
55.00 8.00 -9135.50 -9135.50 434.74 2916.82
56.00 8.00 -9135.50 -9138.69 434.74 2916.82
57.00 8.00 -9135.50 -9147.51 434.74 2916.82
58.00 8.00 -9135.50 -9142.77 434.74 2916.82
59.00 8.00 -9135.50 -9143.98 434.74 2916.82
60.00 9.00 -9135.91 -9135.91 436.05 2903.71
61.00 9.00 -9135.91 -9153.14 436.05 2903.71
62.00 9.00 -9135.91 -9139.28 436.05 2903.71
63.00 9.00 -9135.91 -9147.67 436.05 2903.71
64.00 9.00 -9135.91 -9137.82 436.05 2903.71
65.00 9.00 -9135.91 -9141.75 436.05 2903.71
66.00 9.00 -9135.91 -9145.72 436.05 2903.71
67.00 9.00 -9135.91 -9138.92 436.05 2903.71
68.00 9.00 -9135.91 -9145.08 436.05 2903.71
69.00 9.00 -9135.91 -9149.16 436.05 2903.71
70.00 9.00 -9135.91 -9144.85 436.05 2903.71
71.00 9.00 -9135.91 -9140.04 436.05 2903.71
72.00 9.00 -9135.91 -9139.17 436.05 2903.71
73.00 9.00 -9135.91 -9139.40 436.05 2903.71
74.00 9.00 -9135.91 -9150.14 436.05 2903.71
75.00 9.00 -9135.91 -9152.49 436.05 2903.71
76.00 9.00 -9135.91 -9146.95 436.05 2903.71
77.00 9.00 -9135.91 -9143.94 436.05 2903.71
78.00 9.00 -9135.91 -9141.30 436.05 2903.71
79.00 9.00 -9135.91 -9146.51 436.05 2903.71
80.00 9.00 -9135.91 -9144.52 436.05 2903.71
81.00 10.00 -9132.78 -9132.78 432.30 2919.55
82.00 11.00 -9133.18 -9133.18 433.12 2915.70
83.00 11.00 -9133.18 -9144.53 433.12 2915.70
84.00 11.00 -9133.18 -9151.68 433.12 2915.70
85.00 11.00 -9133.18 -9145.95 433.12 2915.70
86.00 11.00 -9133.18 -9141.37 433.12 2915.70
87.00 12.00 -9131.85 -9131.85 430.83 2926.78
88.00 12.00 -9131.85 -9145.94 430.83 2926.78
89.00 12.00 -9131.85 -9145.40 430.83 2926.78
90.00 12.00 -9131.85 -9146.82 430.83 2926.78
91.00 12.00 -9131.85 -9142.29 430.83 2926.78
92.00 12.00 -9131.85 -9144.93 430.83 2926.78
93.00 12.00 -9131.85 -9139.47 430.83 2926.78
94.00 12.00 -9131.85 -9145.73 430.83 2926.78
95.00 12.00 -9131.85 -9136.94 430.83 2926.78
96.00 12.00 -9131.85 -9148.47 430.83 2926.78
97.00 12.00 -9131.85 -9147.88 430.83 2926.78
98.00 12.00 -9131.85 -9143.85 430.83 2926.78
99.00 12.00 -9131.85 -9145.31 430.83 2926.78
100.00 12.00 -9131.85 -9135.89 430.83 2926.78
101.00 12.00 -9131.85 -9147.74 430.83 2926.78
102.00 12.00 -9131.85 -9134.38 430.83 2926.78
103.00 12.00 -9131.85 -9139.00 430.83 2926.78
104.00 12.00 -9131.85 -9164.60 430.83 2926.78
105.00 12.00 -9131.85 -9153.37 430.83 2926.78
106.00 13.00 -9130.71 -9130.71 430.46 2916.55
107.00 13.00 -9130.71 -9153.43 430.46 2916.55
108.00 13.00 -9130.71 -9150.30 430.46 2916.55
109.00 13.00 -9130.71 -9136.62 430.46 2916.55
110.00 13.00 -9130.71 -9143.81 430.46 2916.55
111.00 13.00 -9130.71 -9143.49 430.46 2916.55
112.00 13.00 -9130.71 -9139.48 430.46 2916.55
113.00 13.00 -9130.71 -9143.38 430.46 2916.55
114.00 13.00 -9130.71 -9146.57 430.46 2916.55
115.00 13.00 -9130.71 -9137.66 430.46 2916.55
116.00 13.00 -9130.71 -9147.52 430.46 2916.55
117.00 13.00 -9130.71 -9146.80 430.46 2916.55
118.00 13.00 -9130.71 -9160.22 430.46 2916.55
119.00 13.00 -9130.71 -9136.60 430.46 2916.55
120.00 13.00 -9130.71 -9134.72 430.46 2916.55
121.00 13.00 -9130.71 -9132.80 430.46 2916.55
122.00 13.00 -9130.71 -9145.65 430.46 2916.55
123.00 13.00 -9130.71 -9147.47 430.46 2916.55
124.00 13.00 -9130.71 -9145.91 430.46 2916.55
125.00 13.00 -9130.71 -9142.11 430.46 2916.55
126.00 13.00 -9130.71 -9156.18 430.46 2916.55
127.00 13.00 -9130.71 -9143.86 430.46 2916.55
128.00 13.00 -9130.71 -9149.24 430.46 2916.55
129.00 13.00 -9130.71 -9151.35 430.46 2916.55
130.00 13.00 -9130.71 -9144.21 430.46 2916.55
131.00 14.00 -14980.63 -14980.63 430.18 2924.00
132.00 14.00 -14980.63 -14995.19 430.18 2924.00
133.00 14.00 -14980.63 -14988.51 430.18 2924.00
134.00 14.00 -14980.63 -14999.93 430.18 2924.00
135.00 14.00 -14980.63 -15003.98 430.18 2924.00
136.00 14.00 -14980.63 -15020.74 430.18 2924.00
137.00 14.00 -14980.63 -15001.64 430.18 2924.00
138.00 15.00 -14978.43 -14978.43 427.61 2943.56
139.00 15.00 -14978.43 -15017.43 427.61 2943.56
140.00 15.00 -14978.43 -14984.46 427.61 2943.56
141.00 15.00 -14978.43 -15008.78 427.61 2943.56
142.00 15.00 -14978.43 -15027.08 427.61 2943.56
143.00 15.00 -14978.43 -14996.32 427.61 2943.56
144.00 15.00 -14978.43 -15005.68 427.61 2943.56
145.00 15.00 -14978.43 -14988.09 427.61 2943.56
146.00 15.00 -14978.43 -15007.11 427.61 2943.56
147.00 15.00 -14978.43 -14991.21 427.61 2943.56
148.00 15.00 -14978.43 -14986.65 427.61 2943.56
149.00 15.00 -14978.43 -14983.92 427.61 2943.56
150.00 15.00 -14978.43 -15001.17 427.61 2943.56
151.00 15.00 -14978.43 -15020.64 427.61 2943.56
152.00 15.00 -14978.43 -14999.19 427.61 2943.56
153.00 15.00 -14978.43 -15024.61 427.61 2943.56
154.00 15.00 -14978.43 -14998.47 427.61 2943.56
155.00 15.00 -14978.43 -15006.25 427.61 2943.56
156.00 15.00 -14978.43 -14988.96 427.61 2943.56
157.00 15.00 -14978.43 -14997.55 427.61 2943.56
158.00 15.00 -14978.43 -15020.02 427.61 2943.56
159.00 15.00 -14978.43 -14995.54 427.61 2943.56
160.00 15.00 -14978.43 -15015.57 427.61 2943.56
161.00 15.00 -14978.43 -15021.99 427.61 2943.56
162.00 15.00 -14978.43 -15010.85 427.61 2943.56
163.00 15.00 -14978.43 -15005.79 427.61 2943.56
164.00 15.00 -14978.43 -15010.32 427.61 2943.56
165.00 15.00 -14978.43 -14992.07 427.61 2943.56
166.00 15.00 -14978.43 -14997.74 427.61 2943.56
167.00 15.00 -14978.43 -15002.62 427.61 2943.56
168.00 15.00 -14978.43 -14999.87 427.61 2943.56
169.00 15.00 -14978.43 -15025.54 427.61 2943.56
170.00 15.00 -14978.43 -14990.76 427.61 2943.56
171.00 15.00 -14978.43 -15019.56 427.61 2943.56
172.00 15.00 -14978.43 -15006.84 427.61 2943.56
173.00 15.00 -14978.43 -15034.15 427.61 2943.56
174.00 15.00 -14978.43 -14997.50 427.61 2943.56
175.00 15.00 -14978.43 -15006.17 427.61 2943.56
176.00 15.00 -14978.43 -15036.68 427.61 2943.56
177.00 15.00 -14978.43 -14990.03 427.61 2943.56
178.00 15.00 -14978.43 -14996.64 427.61 2943.56
179.00 15.00 -14978.43 -15022.14 427.61 2943.56
180.00 15.00 -14978.43 -15000.87 427.61 2943.56
181.00 15.00 -14978.43 -14993.98 427.61 2943.56
182.00 15.00 -14978.43 -15009.49 427.61 2943.56
183.00 15.00 -14978.43 -15004.78 427.61 2943.56
184.00 15.00 -14978.43 -15044.73 427.61 2943.56
185.00 15.00 -14978.43 -15026.71 427.61 2943.56
186.00 15.00 -14978.43 -15001.04 427.61 2943.56
187.00 15.00 -14978.43 -14999.89 427.61 2943.56
188.00 15.00 -14978.43 -15007.41 427.61 2943.56
189.00 15.00 -14978.43 -15005.09 427.61 2943.56
190.00 15.00 -14978.43 -14986.33 427.61 2943.56
191.00 15.00 -14978.43 -14993.38 427.61 2943.56
192.00 15.00 -14978.43 -15010.68 427.61 2943.56
193.00 15.00 -14978.43 -14992.23 427.61 2943.56
194.00 15.00 -14978.43 -15014.16 427.61 2943.56
195.00 15.00 -14978.43 -15014.88 427.61 2943.56
196.00 15.00 -14978.43 -15037.77 427.61 2943.56
197.00 15.00 -14978.43 -15014.10 427.61 2943.56
198.00 15.00 -14978.43 -15001.13 427.61 2943.56
199.00 15.00 -14978.43 -15002.85 427.61 2943.56
200.00 15.00 -14978.43 -15027.50 427.61 2943.56
201.00 15.00 -14978.43 -15011.82 427.61 2943.56
202.00 16.00 -14978.29 -14978.29 429.11 2922.22
203.00 16.00 -14978.29 -15002.09 429.11 2922.22
204.00 16.00 -14978.29 -15041.04 429.11 2922.22
205.00 16.00 -14978.29 -15015.24 429.11 2922.22
206.00 16.00 -14978.29 -15000.71 429.11 2922.22
207.00 16.00 -14978.29 -15033.65 429.11 2922.22
208.00 16.00 -14978.29 -15037.18 429.11 2922.22
209.00 16.00 -14978.29 -14994.58 429.11 2922.22
210.00 16.00 -14978.29 -14997.38 429.11 2922.22
211.00 16.00 -14978.29 -15012.45 429.11 2922.22
212.00 16.00 -14978.29 -15003.56 429.11 2922.22
213.00 16.00 -14978.29 -15045.77 429.11 2922.22
214.00 16.00 -14978.29 -15010.57 429.11 2922.22
215.00 16.00 -14978.29 -15015.26 429.11 2922.22
216.00 16.00 -14978.29 -14992.87 429.11 2922.22
217.00 16.00 -14978.29 -15035.04 429.11 2922.22
218.00 16.00 -14978.29 -15044.56 429.11 2922.22
219.00 16.00 -14978.29 -15002.54 429.11 2922.22
220.00 16.00 -14978.29 -15008.09 429.11 2922.22
221.00 16.00 -14978.29 -15015.25 429.11 2922.22
222.00 16.00 -14978.29 -15008.85 429.11 2922.22
223.00 16.00 -14978.29 -15016.61 429.11 2922.22
224.00 16.00 -14978.29 -15016.69 429.11 2922.22
225.00 16.00 -14978.29 -15003.30 429.11 2922.22
226.00 16.00 -14978.29 -15016.29 429.11 2922.22
227.00 16.00 -14978.29 -15031.88 429.11 2922.22
228.00 16.00 -14978.29 -15060.51 429.11 2922.22
229.00 16.00 -14978.29 -15001.92 429.11 2922.22
230.00 16.00 -14978.29 -15038.52 429.11 2922.22
231.00 16.00 -14978.29 -15018.28 429.11 2922.22
232.00 16.00 -14978.29 -14997.84 429.11 2922.22
233.00 16.00 -14978.29 -15015.47 429.11 2922.22
234.00 16.00 -14978.29 -15003.75 429.11 2922.22
235.00 16.00 -14978.29 -14998.56 429.11 2922.22
236.00 16.00 -14978.29 -15006.73 429.11 2922.22
237.00 16.00 -14978.29 -15013.00 429.11 2922.22
238.00 16.00 -14978.29 -15012.81 429.11 2922.22
239.00 16.00 -14978.29 -15000.75 429.11 2922.22
240.00 16.00 -14978.29 -15004.73 429.11 2922.22
241.00 16.00 -14978.29 -14990.79 429.11 2922.22
