0.00 1.00 -11158.19 -11158.19 447.09 2939.86
1.00 2.00 -11147.80 -11147.80 440.69 2930.74
2.00 2.00 -11147.80 -11156.46 440.69 2930.74
3.00 2.00 -11147.80 -11203.20 440.69 2930.74
4.00 2.00 -11147.80 -11177.80 440.69 2930.74
5.00 2.00 -11147.80 -11177.35 440.69 2930.74
6.00 2.00 -11147.80 -11163.81 440.69 2930.74
7.00 2.00 -11147.80 -11166.62 440.69 2930.74
8.00 2.00 -11147.80 -11181.28 440.69 2930.74
9.00 3.00 -11148.50 -11148.50 441.50 2928.62
10.00 3.00 -11148.50 -11158.64 441.50 2928.62
11.00 3.00 -11148.50 -11152.37 441.50 2928.62
12.00 4.00 -11146.71 -11146.71 440.51 2934.16
13.00 4.00 -11146.71 -11161.49 440.51 2934.16
14.00 4.00 -11146.71 -11148.57 440.51 2934.16
15.00 4.00 -11146.71 -11162.86 440.51 2934.16
16.00 5.00 -11144.24 -11144.24 441.01 2909.16
17.00 5.00 -11144.24 -11162.39 441.01 2909.16
18.00 5.00 -11144.24 -11163.18 441.01 2909.16
19.00 5.00 -11144.24 -11155.12 441.01 2909.16
20.00 5.00 -11144.24 -11155.68 441.01 2909.16
21.00 5.00 -11144.24 -11187.61 441.01 2909.16
22.00 5.00 -11144.24 -11148.88 441.01 2909.16
23.00 5.00 -11144.24 -11169.44 441.01 2909.16
24.00 5.00 -11144.24 -11178.09 441.01 2909.16
25.00 5.00 -11144.24 -11188.29 441.01 2909.16
26.00 5.00 -11144.24 -11184.87 441.01 2909.16
27.00 5.00 -11144.24 -11167.48 441.01 2909.16
28.00 5.00 -11144.24 -11174.52 441.01 2909.16
29.00 5.00 -11144.24 -11163.99 441.01 2909.16
30.00 5.00 -11144.24 -11166.54 441.01 2909.16
31.00 5.00 -11144.24 -11179.09 441.01 2909.16
32.00 5.00 -11144.24 -11160.17 441.01 2909.16
33.00 5.00 -11144.24 -11210.44 441.01 2909.16
34.00 5.00 -11144.24 -11171.01 441.01 2909.16
35.00 5.00 -11144.24 -11171.33 441.01 2909.16
36.00 5.00 -11144.24 -11164.62 441.01 2909.16
37.00 5.00 -11144.24 -11177.56 441.01 2909.16
38.00 6.00 -11141.69 -11141.69 437.67 2921.05
39.00 6.00 -11141.69 -11148.65 437.67 2921.05
40.00 6.00 -11141.69 -11150.79 437.67 2921.05
41.00 6.00 -11141.69 -11162.49 437.67 2921.05
42.00 6.00 -11141.69 -11143.08 437.67 2921.05
43.00 6.00 -11141.69 -11164.91 437.67 2921.05
44.00 6.00 -11141.69 -11152.91 437.67 2921.05
45.00 6.00 -11141.69 -11154.61 437.67 2921.05
46.00 6.00 -11141.69 -11144.90 437.67 2921.05
47.00 6.00 -11141.69 -11149.98 437.67 2921.05
48.00 6.00 -11141.69 -11156.54 437.67 2921.05
49.00 6.00 -11141.69 -11145.12 437.67 2921.05
50.00 6.00 -11141.69 -11151.72 437.67 2921.05
51.00 6.00 -11141.69 -11152.35 437.67 2921.05
52.00 6.00 -11141.69 -11147.83 437.67 2921.05
53.00 6.00 -11141.69 -11160.38 437.67 2921.05
54.00 6.00 -11141.69 -11149.27 437.67 2921.05
55.00 6.00 -11141.69 -11155.16 437.67 2921.05
56.00 6.00 -11141.69 -11160.22 437.67 2921.05
57.00 6.00 -11141.69 -11162.87 437.67 2921.05
58.00 6.00 -11141.69 -11165.70 437.67 2921.05
59.00 6.00 -11141.69 -11150.78 437.67 2921.05
60.00 6.00 -11141.69 -11154.21 437.67 2921.05
61.00 6.00 -11141.69 -11150.02 437.67 2921.05
62.00 6.00 -11141.69 -11148.04 437.67 2921.05
63.00 6.00 -11141.69 -11161.11 437.67 2921.05
64.00 6.00 -11141.69 -11158.25 437.67 2921.05
65.00 6.00 -11141.69 -11169.87 437.67 2921.05
66.00 6.00 -11141.69 -11157.80 437.67 2921.05
67.00 6.00 -11141.69 -11147.14 437.67 2921.05
68.00 6.00 -11141.69 -11171.91 437.67 2921.05
69.00 6.00 -11141.69 -11152.67 437.67 2921.05
70.00 6.00 -11141.69 -11147.13 437.67 2921.05
71.00 6.00 -11141.69 -11154.84 437.67 2921.05
72.00 6.00 -11141.69 -11161.60 437.67 2921.05
73.00 7.00 -11143.30 -11143.30 438.71 2921.72
74.00 7.00 -11143.30 -11153.92 438.71 2921.72
75.00 7.00 -11143.30 -11161.58 438.71 2921.72
76.00 8.00 -11143.13 -11143.13 437.24 2937.79
77.00 9.00 -11141.95 -11141.95 436.56 2938.61
78.00 9.00 -11141.95 -11159.54 436.56 2938.61
79.00 9.00 -11141.95 -11159.35 436.56 2938.61
80.00 9.00 -11141.95 -11162.25 436.56 2938.61
81.00 9.00 -11141.95 -11147.23 436.56 2938.61
82.00 9.00 -11141.95 -11145.82 436.56 2938.61
83.00 10.00 -11137.71 -11137.71 433.27 2937.39
84.00 10.00 -11137.71 -11146.81 433.27 2937.39
85.00 10.00 -11137.71 -11157.94 433.27 2937.39
86.00 10.00 -11137.71 -11160.28 433.27 2937.39
87.00 10.00 -11137.71 -11145.40 433.27 2937.39
88.00 10.00 -11137.71 -11151.50 433.27 2937.39
89.00 10.00 -11137.71 -11139.96 433.27 2937.39
90.00 10.00 -11137.71 -11147.85 433.27 2937.39
91.00 10.00 -11137.71 -11176.57 433.27 2937.39
92.00 10.00 -11137.71 -11148.22 433.27 2937.39
93.00 10.00 -11137.71 -11154.89 433.27 2937.39
94.00 10.00 -11137.71 -11150.56 433.27 2937.39
95.00 10.00 -11137.71 -11148.06 433.27 2937.39
96.00 10.00 -11137.71 -11173.88 433.27 2937.39
97.00 10.00 -11137.71 -11143.54 433.27 2937.39
98.00 11.00 -11137.83 -11137.83 432.46 2944.17
99.00 11.00 -11137.83 -11141.94 432.46 2944.17
100.00 11.00 -11137.83 -11151.97 432.46 2944.17
101.00 11.00 -11137.83 -11143.27 432.46 2944.17
102.00 11.00 -11137.83 -11162.02 432.46 2944.17
103.00 11.00 -11137.83 -11141.90 432.46 2944.17
104.00 11.00 -11137.83 -11180.31 432.46 2944.17
105.00 11.00 -11137.83 -11147.57 432.46 2944.17
106.00 11.00 -11137.83 -11146.57 432.46 2944.17
107.00 11.00 -11137.83 -11167.18 432.46 2944.17
108.00 11.00 -11137.83 -11142.96 432.46 2944.17
109.00 11.00 -11137.83 -11142.24 432.46 2944.17
110.00 11.00 -11137.83 -11144.01 432.46 2944.17
111.00 11.00 -11137.83 -11159.92 432.46 2944.17
112.00 11.00 -11137.83 -11158.84 432.46 2944.17
113.00 11.00 -11137.83 -11139.75 432.46 2944.17
114.00 11.00 -11137.83 -11146.57 432.46 2944.17
115.00 11.00 -11137.83 -11144.41 432.46 2944.17
116.00 12.00 -11137.79 -11137.79 433.79 2938.30
117.00 12.00 -11137.79 -11143.17 433.79 2938.30
118.00 12.00 -11137.79 -11142.01 433.79 2938.30
119.00 12.00 -11137.79 -11152.50 433.79 2938.30
120.00 12.00 -11137.79 -11143.75 433.79 2938.30
121.00 12.00 -11137.79 -11158.27 433.79 2938.30
122.00 12.00 -11137.79 -11175.89 433.79 2938.30
123.00 12.00 -11137.79 -11149.36 433.79 2938.30
124.00 12.00 -11137.79 -11151.81 433.79 2938.30
125.00 12.00 -11137.79 -11140.82 433.79 2938.30
126.00 12.00 -11137.79 -11142.50 433.79 2938.30
127.00 13.00 -11140.81 -11140.81 435.53 2935.89
128.00 13.00 -11140.81 -11153.17 435.53 2935.89
129.00 14.00 -11140.50 -11140.50 435.66 2934.83
130.00 15.00 -11141.93 -11141.93 438.13 2921.36
131.00 15.00 -14996.20 -15021.33 438.13 2921.36
132.00 15.00 -14996.20 -15015.32 438.13 2921.36
133.00 15.00 -14996.20 -15004.80 438.13 2921.36
134.00 15.00 -14996.20 -15011.15 438.13 2921.36
135.00 15.00 -14996.20 -14999.14 438.13 2921.36
136.00 15.00 -14996.20 -15007.85 438.13 2921.36
137.00 15.00 -14996.20 -15007.09 438.13 2921.36
138.00 15.00 -14996.20 -15007.11 438.13 2921.36
139.00 15.00 -14996.20 -15007.80 438.13 2921.36
140.00 15.00 -14996.20 -15000.09 438.13 2921.36
141.00 15.00 -14996.20 -15005.64 438.13 2921.36
142.00 16.00 -14994.34 -14994.34 436.00 2928.28
143.00 17.00 -14992.73 -14992.73 434.62 2948.63
144.00 17.00 -14992.73 -14999.25 434.62 2948.63
145.00 17.00 -14992.73 -15000.68 434.62 2948.63
146.00 17.00 -14992.73 -15017.58 434.62 2948.63
147.00 18.00 -14989.49 -14989.49 434.17 2928.91
148.00 19.00 -14980.72 -14980.72 429.96 2926.15
149.00 19.00 -14980.72 -14998.09 429.96 2926.15
150.00 19.00 -14980.72 -14984.53 429.96 2926.15
151.00 19.00 -14980.72 -15005.37 429.96 2926.15
152.00 19.00 -14980.72 -15005.43 429.96 2926.15
153.00 19.00 -14980.72 -15036.55 429.96 2926.15
154.00 19.00 -14980.72 -14987.74 429.96 2926.15
155.00 19.00 -14980.72 -15025.80 429.96 2926.15
156.00 19.00 -14980.72 -14998.16 429.96 2926.15
157.00 19.00 -14980.72 -15024.34 429.96 2926.15
158.00 19.00 -14980.72 -14998.07 429.96 2926.15
159.00 19.00 -14980.72 -15015.22 429.96 2926.15
160.00 19.00 -14980.72 -14996.69 429.96 2926.15
161.00 19.00 -14980.72 -14999.45 429.96 2926.15
162.00 19.00 -14980.72 -15008.24 429.96 2926.15
163.00 19.00 -14980.72 -14994.04 429.96 2926.15
164.00 19.00 -14980.72 -14982.06 429.96 2926.15
165.00 19.00 -14980.72 -15003.57 429.96 2926.15
166.00 19.00 -14980.72 -15029.08 429.96 2926.15
167.00 19.00 -14980.72 -14990.35 429.96 2926.15
168.00 19.00 -14980.72 -15025.72 429.96 2926.15
169.00 19.00 -14980.72 -14994.28 429.96 2926.15
170.00 19.00 -14980.72 -14995.79 429.96 2926.15
171.00 19.00 -14980.72 -14985.12 429.96 2926.15
172.00 19.00 -14980.72 -14981.95 429.96 2926.15
173.00 19.00 -14980.72 -15010.94 429.96 2926.15
174.00 19.00 -14980.72 -14995.79 429.96 2926.15
175.00 19.00 -14980.72 -14992.79 429.96 2926.15
176.00 19.00 -14980.72 -14981.28 429.96 2926.15
177.00 19.00 -14980.72 -15021.13 429.96 2926.15
178.00 19.00 -14980.72 -14988.80 429.96 2926.15
179.00 20.00 -14979.29 -14979.29 428.67 2926.19
180.00 20.00 -14979.29 -14992.56 428.67 2926.19
181.00 20.00 -14979.29 -14993.28 428.67 2926.19
182.00 20.00 -14979.29 -14996.12 428.67 2926.19
183.00 20.00 -14979.29 -15001.83 428.67 2926.19
184.00 20.00 -14979.29 -14986.50 428.67 2926.19
185.00 21.00 -14980.77 -14980.77 430.19 2927.68
186.00 21.00 -14980.77 -14984.90 430.19 2927.68
187.00 21.00 -14980.77 -14983.17 430.19 2927.68
188.00 21.00 -14980.77 -14988.89 430.19 2927.68
189.00 21.00 -14980.77 -15003.64 430.19 2927.68
190.00 21.00 -14980.77 -14992.17 430.19 2927.68
191.00 21.00 -14980.77 -15001.19 430.19 2927.68
192.00 21.00 -14980.77 -14994.87 430.19 2927.68
193.00 21.00 -14980.77 -15024.44 430.19 2927.68
194.00 21.00 -14980.77 -14983.17 430.19 2927.68
195.00 21.00 -14980.77 -14987.95 430.19 2927.68
196.00 21.00 -14980.77 -14996.00 430.19 2927.68
197.00 21.00 -14980.77 -14986.88 430.19 2927.68
198.00 21.00 -14980.77 -15010.73 430.19 2927.68
199.00 21.00 -14980.77 -15001.58 430.19 2927.68
200.00 21.00 -14980.77 -15001.22 430.19 2927.68
201.00 21.00 -14980.77 -15004.08 430.19 2927.68
202.00 21.00 -14980.77 -15001.27 430.19 2927.68
203.00 22.00 -14977.98 -14977.98 428.31 2928.53
204.00 22.00 -14977.98 -14992.53 428.31 2928.53
205.00 22.00 -14977.98 -14984.66 428.31 2928.53
206.00 22.00 -14977.98 -14988.47 428.31 2928.53
207.00 22.00 -14977.98 -14979.95 428.31 2928.53
208.00 23.00 -14977.11 -14977.11 428.69 2918.30
209.00 23.00 -14977.11 -15001.18 428.69 2918.30
210.00 23.00 -14977.11 -15003.89 428.69 2918.30
211.00 23.00 -14977.11 -14995.50 428.69 2918.30
212.00 23.00 -14977.11 -14989.26 428.69 2918.30
213.00 23.00 -14977.11 -15007.20 428.69 2918.30
214.00 23.00 -14977.11 -15002.52 428.69 2918.30
215.00 23.00 -14977.11 -15005.66 428.69 2918.30
216.00 23.00 -14977.11 -15020.18 428.69 2918.30
217.00 23.00 -14977.11 -15014.31 428.69 2918.30
218.00 23.00 -14977.11 -15005.49 428.69 2918.30
219.00 24.00 -14981.35 -14981.35 430.23 2924.63
220.00 24.00 -14981.35 -14996.51 430.23 2924.63
221.00 24.00 -14981.35 -15046.12 430.23 2924.63
222.00 24.00 -14981.35 -15001.21 430.23 2924.63
223.00 24.00 -14981.35 -14995.98 430.23 2924.63
224.00 24.00 -14981.35 -15005.48 430.23 2924.63
225.00 24.00 -14981.35 -14999.20 430.23 2924.63
226.00 24.00 -14981.35 -14999.48 430.23 2924.63
227.00 24.00 -14981.35 -14990.21 430.23 2924.63
228.00 24.00 -14981.35 -15008.59 430.23 2924.63
229.00 24.00 -14981.35 -14998.88 430.23 2924.63
230.00 24.00 -14981.35 -14994.70 430.23 2924.63
231.00 24.00 -14981.35 -15011.23 430.23 2924.63
232.00 24.00 -14981.35 -15006.41 430.23 2924.63
233.00 24.00 -14981.35 -14994.22 430.23 2924.63
234.00 24.00 -14981.35 -15008.00 430.23 2924.63
235.00 24.00 -14981.35 -15016.46 430.23 2924.63
236.00 25.00 -14970.79 -14970.79 423.53 2941.73
237.00 25.00 -14970.79 -14993.26 423.53 2941.73
238.00 25.00 -14970.79 -15007.49 423.53 2941.73
239.00 25.00 -14970.79 -15022.40 423.53 2941.73
240.00 25.00 -14970.79 -14991.28 423.53 2941.73
241.00 25.00 -14970.79 -15027.23 423.53 2941.73
