0.00 0.00 -13608.56 -13629.29 1.00 1.00
1.00 0.00 -13608.56 -13657.25 1.00 1.00
2.00 1.00 -13589.28 -13589.28 439.25 2943.13
3.00 1.00 -13589.28 -13624.88 439.25 2943.13
4.00 1.00 -13589.28 -13604.42 439.25 2943.13
5.00 1.00 -13589.28 -13594.88 439.25 2943.13
6.00 1.00 -13589.28 -13602.51 439.25 2943.13
7.00 2.00 -13573.59 -13573.59 432.93 2926.44
8.00 2.00 -13573.59 -13610.94 432.93 2926.44
9.00 2.00 -13573.59 -13589.89 432.93 2926.44
10.00 2.00 -13573.59 -13576.56 432.93 2926.44
11.00 2.00 -13573.59 -13589.68 432.93 2926.44
12.00 2.00 -13573.59 -13595.60 432.93 2926.44
13.00 2.00 -13573.59 -13593.73 432.93 2926.44
14.00 2.00 -13573.59 -13597.55 432.93 2926.44
15.00 2.00 -13573.59 -13591.65 432.93 2926.44
16.00 2.00 -13573.59 -13587.24 432.93 2926.44
17.00 2.00 -13573.59 -13599.58 432.93 2926.44
18.00 2.00 -13573.59 -13598.95 432.93 2926.44
19.00 2.00 -13573.59 -13603.95 432.93 2926.44
20.00 2.00 -13573.59 -13591.93 432.93 2926.44
21.00 2.00 -13573.59 -13588.13 432.93 2926.44
22.00 2.00 -13573.59 -13602.99 432.93 2926.44
23.00 2.00 -13573.59 -13598.90 432.93 2926.44
24.00 2.00 -13573.59 -13598.45 432.93 2926.44
25.00 2.00 -13573.59 -13585.06 432.93 2926.44
26.00 2.00 -13573.59 -13613.58 432.93 2926.44
27.00 2.00 -13573.59 -13594.39 432.93 2926.44
28.00 2.00 -13573.59 -13593.42 432.93 2926.44
29.00 2.00 -13573.59 -13588.77 432.93 2926.44
30.00 2.00 -13573.59 -13593.75 432.93 2926.44
31.00 2.00 -13573.59 -13604.34 432.93 2926.44
32.00 2.00 -13573.59 -13591.75 432.93 2926.44
33.00 2.00 -13573.59 -13590.04 432.93 2926.44
34.00 2.00 -13573.59 -13589.98 432.93 2926.44
35.00 2.00 -13573.59 -13607.45 432.93 2926.44
36.00 2.00 -13573.59 -13617.40 432.93 2926.44
37.00 2.00 -13573.59 -13600.82 432.93 2926.44
38.00 2.00 -13573.59 -13624.48 432.93 2926.44
39.00 2.00 -13573.59 -13607.40 432.93 2926.44
40.00 2.00 -13573.59 -13608.93 432.93 2926.44
41.00 2.00 -13573.59 -13594.14 432.93 2926.44
42.00 2.00 -13573.59 -13596.06 432.93 2926.44
43.00 2.00 -13573.59 -13579.62 432.93 2926.44
44.00 2.00 -13573.59 -13592.58 432.93 2926.44
45.00 2.00 -13573.59 -13598.29 432.93 2926.44
46.00 2.00 -13573.59 -13586.15 432.93 2926.44
47.00 2.00 -13573.59 -13590.42 432.93 2926.44
48.00 2.00 -13573.59 -13597.39 432.93 2926.44
49.00 2.00 -13573.59 -13603.24 432.93 2926.44
50.00 2.00 -13573.59 -13581.27 432.93 2926.44
51.00 2.00 -13573.59 -13588.47 432.93 2926.44
52.00 2.00 -13573.59 -13596.96 432.93 2926.44
53.00 2.00 -13573.59 -13598.46 432.93 2926.44
54.00 2.00 -13573.59 -13605.25 432.93 2926.44
55.00 2.00 -13573.59 -13587.23 432.93 2926.44
56.00 2.00 -13573.59 -13633.56 432.93 2926.44
57.00 2.00 -13573.59 -13609.19 432.93 2926.44
58.00 2.00 -13573.59 -13584.76 432.93 2926.44
59.00 2.00 -13573.59 -13599.59 432.93 2926.44
60.00 2.00 -13573.59 -13589.70 432.93 2926.44
61.00 2.00 -13573.59 -13586.18 432.93 2926.44
62.00 2.00 -13573.59 -13623.25 432.93 2926.44
63.00 2.00 -13573.59 -13623.71 432.93 2926.44
64.00 2.00 -13573.59 -13606.50 432.93 2926.44
65.00 2.00 -13573.59 -13615.94 432.93 2926.44
66.00 2.00 -13573.59 -13609.73 432.93 2926.44
67.00 2.00 -13573.59 -13596.22 432.93 2926.44
68.00 2.00 -13573.59 -13597.20 432.93 2926.44
69.00 2.00 -13573.59 -13600.47 432.93 2926.44
70.00 2.00 -13573.59 -13595.16 432.93 2926.44
71.00 2.00 -13573.59 -13589.67 432.93 2926.44
72.00 2.00 -13573.59 -13591.65 432.93 2926.44
73.00 2.00 -13573.59 -13583.87 432.93 2926.44
74.00 2.00 -13573.59 -13588.50 432.93 2926.44
75.00 2.00 -13573.59 -13591.55 432.93 2926.44
76.00 2.00 -13573.59 -13591.60 432.93 2926.44
77.00 2.00 -13573.59 -13600.22 432.93 2926.44
78.00 2.00 -13573.59 -13599.54 432.93 2926.44
79.00 2.00 -13573.59 -13580.52 432.93 2926.44
80.00 2.00 -13573.59 -13606.18 432.93 2926.44
81.00 2.00 -13573.59 -13599.19 432.93 2926.44
82.00 2.00 -13573.59 -13602.92 432.93 2926.44
83.00 2.00 -13573.59 -13599.76 432.93 2926.44
84.00 2.00 -13573.59 -13587.34 432.93 2926.44
85.00 2.00 -13573.59 -13590.27 432.93 2926.44
86.00 2.00 -13573.59 -13591.20 432.93 2926.44
87.00 2.00 -13573.59 -13593.85 432.93 2926.44
88.00 2.00 -13573.59 -13584.53 432.93 2926.44
89.00 2.00 -13573.59 -13609.32 432.93 2926.44
90.00 2.00 -13573.59 -13594.97 432.93 2926.44
91.00 2.00 -13573.59 -13591.99 432.93 2926.44
92.00 2.00 -13573.59 -13589.68 432.93 2926.44
93.00 2.00 -13573.59 -13587.20 432.93 2926.44
94.00 2.00 -13573.59 -13597.17 432.93 2926.44
95.00 2.00 -13573.59 -13615.85 432.93 2926.44
96.00 2.00 -13573.59 -13596.81 432.93 2926.44
97.00 2.00 -13573.59 -13598.30 432.93 2926.44
98.00 2.00 -13573.59 -13599.38 432.93 2926.44
99.00 2.00 -13573.59 -13596.94 432.93 2926.44
100.00 2.00 -13573.59 -13619.78 432.93 2926.44
101.00 2.00 -13573.59 -13589.79 432.93 2926.44
102.00 2.00 -13573.59 -13590.83 432.93 2926.44
103.00 2.00 -13573.59 -13585.98 432.93 2926.44
104.00 2.00 -13573.59 -13588.44 432.93 2926.44
105.00 2.00 -13573.59 -13599.75 432.93 2926.44
106.00 2.00 -13573.59 -13598.52 432.93 2926.44
107.00 2.00 -13573.59 -13601.18 432.93 2926.44
108.00 2.00 -13573.59 -13585.14 432.93 2926.44
109.00 2.00 -13573.59 -13583.39 432.93 2926.44
110.00 2.00 -13573.59 -13603.51 432.93 2926.44
111.00 2.00 -13573.59 -13594.46 432.93 2926.44
112.00 2.00 -13573.59 -13589.39 432.93 2926.44
113.00 2.00 -13573.59 -13588.83 432.93 2926.44
114.00 2.00 -13573.59 -13587.76 432.93 2926.44
115.00 2.00 -13573.59 -13597.58 432.93 2926.44
116.00 2.00 -13573.59 -13600.02 432.93 2926.44
117.00 2.00 -13573.59 -13603.05 432.93 2926.44
118.00 2.00 -13573.59 -13595.58 432.93 2926.44
119.00 2.00 -13573.59 -13610.25 432.93 2926.44
120.00 2.00 -13573.59 -13605.16 432.93 2926.44
121.00 2.00 -13573.59 -13599.54 432.93 2926.44
122.00 2.00 -13573.59 -13589.81 432.93 2926.44
123.00 2.00 -13573.59 -13595.39 432.93 2926.44
124.00 2.00 -13573.59 -13591.54 432.93 2926.44
125.00 2.00 -13573.59 -13593.29 432.93 2926.44
126.00 2.00 -13573.59 -13592.28 432.93 2926.44
127.00 2.00 -13573.59 -13598.26 432.93 2926.44
128.00 2.00 -13573.59 -13585.25 432.93 2926.44
129.00 2.00 -13573.59 -13600.65 432.93 2926.44
130.00 2.00 -13573.59 -13598.46 432.93 2926.44
131.00 3.00 -15008.24 -15008.24 443.45 2926.09
132.00 3.00 -15008.24 -15037.37 443.45 2926.09
133.00 3.00 -15008.24 -15008.44 443.45 2926.09
134.00 4.00 -15005.87 -15005.87 441.70 2939.71
135.00 5.00 -15004.64 -15004.64 440.70 2939.10
136.00 5.00 -15004.64 -15016.75 440.70 2939.10
137.00 5.00 -15004.64 -15012.20 440.70 2939.10
138.00 6.00 -15003.58 -15003.58 440.40 2935.27
139.00 6.00 -15003.58 -15004.79 440.40 2935.27
140.00 6.00 -15003.58 -15012.83 440.40 2935.27
141.00 6.00 -15003.58 -15004.80 440.40 2935.27
142.00 7.00 -14997.80 -14997.80 439.32 2924.44
143.00 8.00 -14987.87 -14987.87 434.01 2928.14
144.00 8.00 -14987.87 -14998.10 434.01 2928.14
145.00 9.00 -14976.15 -14976.15 429.29 2912.23
146.00 9.00 -14976.15 -15002.16 429.29 2912.23
147.00 9.00 -14976.15 -15005.39 429.29 2912.23
148.00 9.00 -14976.15 -15010.22 429.29 2912.23
149.00 9.00 -14976.15 -14987.92 429.29 2912.23
150.00 9.00 -14976.15 -14995.51 429.29 2912.23
151.00 9.00 -14976.15 -14978.63 429.29 2912.23
152.00 9.00 -14976.15 -14990.44 429.29 2912.23
153.00 9.00 -14976.15 -14993.64 429.29 2912.23
154.00 9.00 -14976.15 -14994.24 429.29 2912.23
155.00 9.00 -14976.15 -14982.90 429.29 2912.23
156.00 9.00 -14976.15 -14994.81 429.29 2912.23
157.00 9.00 -14976.15 -14982.76 429.29 2912.23
158.00 9.00 -14976.15 -14981.62 429.29 2912.23
159.00 9.00 -14976.15 -14983.39 429.29 2912.23
160.00 9.00 -14976.15 -14985.98 429.29 2912.23
161.00 9.00 -14976.15 -15006.83 429.29 2912.23
162.00 9.00 -14976.15 -14984.91 429.29 2912.23
163.00 9.00 -14976.15 -14998.93 429.29 2912.23
164.00 9.00 -14976.15 -14993.14 429.29 2912.23
165.00 9.00 -14976.15 -14984.19 429.29 2912.23
166.00 9.00 -14976.15 -14989.40 429.29 2912.23
167.00 9.00 -14976.15 -14990.01 429.29 2912.23
168.00 9.00 -14976.15 -15010.34 429.29 2912.23
169.00 9.00 -14976.15 -14979.42 429.29 2912.23
170.00 9.00 -14976.15 -14984.33 429.29 2912.23
171.00 9.00 -14976.15 -14995.05 429.29 2912.23
172.00 9.00 -14976.15 -14997.35 429.29 2912.23
173.00 9.00 -14976.15 -14990.95 429.29 2912.23
174.00 9.00 -14976.15 -14987.22 429.29 2912.23
175.00 9.00 -14976.15 -14991.00 429.29 2912.23
176.00 9.00 -14976.15 -14987.94 429.29 2912.23
177.00 9.00 -14976.15 -14980.53 429.29 2912.23
178.00 9.00 -14976.15 -14997.21 429.29 2912.23
179.00 9.00 -14976.15 -14985.69 429.29 2912.23
180.00 9.00 -14976.15 -14989.96 429.29 2912.23
181.00 9.00 -14976.15 -15000.53 429.29 2912.23
182.00 9.00 -14976.15 -14993.30 429.29 2912.23
183.00 9.00 -14976.15 -14991.79 429.29 2912.23
184.00 9.00 -14976.15 -14986.73 429.29 2912.23
185.00 9.00 -14976.15 -15003.37 429.29 2912.23
186.00 9.00 -14976.15 -15007.58 429.29 2912.23
187.00 9.00 -14976.15 -14982.83 429.29 2912.23
188.00 9.00 -14976.15 -15009.71 429.29 2912.23
189.00 10.00 -14975.30 -14975.30 427.77 2920.17
190.00 10.00 -14975.30 -14986.03 427.77 2920.17
191.00 10.00 -14975.30 -14985.74 427.77 2920.17
192.00 10.00 -14975.30 -14997.97 427.77 2920.17
193.00 10.00 -14975.30 -15004.33 427.77 2920.17
194.00 10.00 -14975.30 -14992.73 427.77 2920.17
195.00 10.00 -14975.30 -15008.37 427.77 2920.17
196.00 10.00 -14975.30 -15001.49 427.77 2920.17
197.00 10.00 -14975.30 -14991.19 427.77 2920.17
198.00 10.00 -14975.30 -14975.66 427.77 2920.17
199.00 10.00 -14975.30 -14989.11 427.77 2920.17
200.00 10.00 -14975.30 -14990.81 427.77 2920.17
201.00 10.00 -14975.30 -14995.61 427.77 2920.17
202.00 10.00 -14975.30 -14983.81 427.77 2920.17
203.00 10.00 -14975.30 -14990.16 427.77 2920.17
204.00 10.00 -14975.30 -14992.97 427.77 2920.17
205.00 10.00 -14975.30 -14994.49 427.77 2920.17
206.00 10.00 -14975.30 -14988.82 427.77 2920.17
207.00 10.00 -14975.30 -15000.56 427.77 2920.17
208.00 10.00 -14975.30 -14979.42 427.77 2920.17
209.00 10.00 -14975.30 -14986.29 427.77 2920.17
210.00 10.00 -14975.30 -14983.78 427.77 2920.17
211.00 10.00 -14975.30 -14984.16 427.77 2920.17
212.00 10.00 -14975.30 -14994.40 427.77 2920.17
213.00 10.00 -14975.30 -14979.15 427.77 2920.17
214.00 10.00 -14975.30 -14976.06 427.77 2920.17
215.00 10.00 -14975.30 -14980.98 427.77 2920.17
216.00 10.00 -14975.30 -15001.05 427.77 2920.17
217.00 10.00 -14975.30 -14985.38 427.77 2920.17
218.00 10.00 -14975.30 -14982.49 427.77 2920.17
219.00 10.00 -14975.30 -14990.76 427.77 2920.17
220.00 10.00 -14975.30 -15000.06 427.77 2920.17
221.00 10.00 -14975.30 -14988.34 427.77 2920.17
222.00 10.00 -14975.30 -14985.38 427.77 2920.17
223.00 10.00 -14975.30 -14980.39 427.77 2920.17
224.00 10.00 -14975.30 -14991.18 427.77 2920.17
225.00 10.00 -14975.30 -14977.06 427.77 2920.17
226.00 10.00 -14975.30 -14991.17 427.77 2920.17
227.00 10.00 -14975.30 -14985.54 427.77 2920.17
228.00 11.00 -14971.51 -14971.51 425.44 2923.50
229.00 11.00 -14971.51 -14985.03 425.44 2923.50
230.00 11.00 -14971.51 -14987.86 425.44 2923.50
231.00 12.00 -14968.20 -14968.20 424.65 2910.61
232.00 12.00 -14968.20 -14995.45 424.65 2910.61
233.00 12.00 -14968.20 -14982.93 424.65 2910.61
234.00 12.00 -14968.20 -14977.59 424.65 2910.61
235.00 12.00 -14968.20 -14971.51 424.65 2910.61
236.00 13.00 -14971.13 -14971.13 425.75 2918.16
237.00 13.00 -14971.13 -14982.50 425.75 2918.16
238.00 13.00 -14971.13 -14990.01 425.75 2918.16
239.00 13.00 -14971.13 -14989.12 425.75 2918.16
240.00 13.00 -14971.13 -14982.71 425.75 2918.16
