0.00 1.00 -8280.51 -8280.51 437.85 2940.27
1.00 1.00 -8280.51 -8295.62 437.85 2940.27
2.00 1.00 -8280.51 -8314.20 437.85 2940.27
3.00 1.00 -8280.51 -8308.40 437.85 2940.27
4.00 1.00 -8280.51 -8313.18 437.85 2940.27
5.00 1.00 -8280.51 -8304.69 437.85 2940.27
6.00 1.00 -8280.51 -8281.88 437.85 2940.27
7.00 1.00 -8280.51 -8288.57 437.85 2940.27
8.00 1.00 -8280.51 -8286.95 437.85 2940.27
9.00 1.00 -8280.51 -8287.04 437.85 2940.27
10.00 2.00 -8274.93 -8274.93 433.10 2940.45
11.00 2.00 -8274.93 -8276.10 433.10 2940.45
12.00 2.00 -8274.93 -8285.73 433.10 2940.45
13.00 2.00 -8274.93 -8285.23 433.10 2940.45
14.00 2.00 -8274.93 -8287.04 433.10 2940.45
15.00 2.00 -8274.93 -8277.91 433.10 2940.45
16.00 2.00 -8274.93 -8292.98 433.10 2940.45
17.00 2.00 -8274.93 -8299.36 433.10 2940.45
18.00 2.00 -8274.93 -8286.07 433.10 2940.45
19.00 2.00 -8274.93 -8280.82 433.10 2940.45
20.00 2.00 -8274.93 -8281.01 433.10 2940.45
21.00 2.00 -8274.93 -8284.22 433.10 2940.45
22.00 2.00 -8274.93 -8287.76 433.10 2940.45
23.00 2.00 -8274.93 -8280.11 433.10 2940.45
24.00 2.00 -8274.93 -8287.64 433.10 2940.45
25.00 2.00 -8274.93 -8281.74 433.10 2940.45
26.00 2.00 -8274.93 -8285.11 433.10 2940.45
27.00 2.00 -8274.93 -8285.45 433.10 2940.45
28.00 2.00 -8274.93 -8282.22 433.10 2940.45
29.00 2.00 -8274.93 -8292.23 433.10 2940.45
30.00 2.00 -8274.93 -8286.73 433.10 2940.45
31.00 2.00 -8274.93 -8278.59 433.10 2940.45
32.00 3.00 -8274.85 -8274.85 433.24 2932.75
33.00 3.00 -8274.85 -8280.79 433.24 2932.75
34.00 3.00 -8274.85 -8278.19 433.24 2932.75
35.00 3.00 -8274.85 -8281.93 433.24 2932.75
36.00 3.00 -8274.85 -8278.30 433.24 2932.75
37.00 3.00 -8274.85 -8278.61 433.24 2932.75
38.00 3.00 -8274.85 -8282.98 433.24 2932.75
39.00 3.00 -8274.85 -8283.54 433.24 2932.75
40.00 3.00 -8274.85 -8279.88 433.24 2932.75
41.00 3.00 -8274.85 -8275.96 433.24 2932.75
42.00 3.00 -8274.85 -8276.79 433.24 2932.75
43.00 3.00 -8274.85 -8286.50 433.24 2932.75
44.00 3.00 -8274.85 -8278.60 433.24 2932.75
45.00 3.00 -8274.85 -8279.62 433.24 2932.75
46.00 3.00 -8274.85 -8283.20 433.24 2932.75
47.00 4.00 -8269.66 -8269.66 428.63 2927.62
48.00 4.00 -8269.66 -8281.28 428.63 2927.62
49.00 4.00 -8269.66 -8274.97 428.63 2927.62
50.00 5.00 -8273.81 -8273.81 432.58 2926.23
51.00 5.00 -8273.81 -8277.95 432.58 2926.23
52.00 5.00 -8273.81 -8278.79 432.58 2926.23
53.00 5.00 -8273.81 -8277.92 432.58 2926.23
54.00 5.00 -8273.81 -8286.25 432.58 2926.23
55.00 5.00 -8273.81 -8283.43 432.58 2926.23
56.00 6.00 -8275.54 -8275.54 433.77 2938.71
57.00 6.00 -8275.54 -8279.12 433.77 2938.71
58.00 6.00 -8275.54 -8281.48 433.77 2938.71
59.00 6.00 -8275.54 -8285.41 433.77 2938.71
60.00 6.00 -8275.54 -8281.58 433.77 2938.71
61.00 6.00 -8275.54 -8279.06 433.77 2938.71
62.00 6.00 -8275.54 -8277.97 433.77 2938.71
63.00 7.00 -8276.98 -8276.98 435.12 2934.38
64.00 7.00 -8276.98 -8278.59 435.12 2934.38
65.00 7.00 -8276.98 -8293.75 435.12 2934.38
66.00 7.00 -8276.98 -8280.30 435.12 2934.38
67.00 7.00 -8276.98 -8280.16 435.12 2934.38
68.00 7.00 -8276.98 -8282.31 435.12 2934.38
69.00 8.00 -8276.98 -8276.98 436.06 2928.15
70.00 8.00 -8276.98 -8280.20 436.06 2928.15
71.00 8.00 -8276.98 -8289.91 436.06 2928.15
72.00 8.00 -8276.98 -8282.70 436.06 2928.15
73.00 8.00 -8276.98 -8279.43 436.06 2928.15
74.00 8.00 -8276.98 -8280.62 436.06 2928.15
75.00 9.00 -8276.06 -8276.06 435.16 2937.68
76.00 10.00 -8275.15 -8275.15 432.99 2950.49
77.00 10.00 -8275.15 -8278.05 432.99 2950.49
78.00 10.00 -8275.15 -8277.12 432.99 2950.49
79.00 10.00 -8275.15 -8278.77 432.99 2950.49
80.00 11.00 -8274.74 -8274.74 433.75 2935.96
81.00 12.00 -8267.98 -8267.98 428.59 2920.80
82.00 12.00 -8267.98 -8278.64 428.59 2920.80
83.00 12.00 -8267.98 -8275.90 428.59 2920.80
84.00 12.00 -8267.98 -8273.62 428.59 2920.80
85.00 12.00 -8267.98 -8288.08 428.59 2920.80
86.00 12.00 -8267.98 -8279.36 428.59 2920.80
87.00 12.00 -8267.98 -8271.15 428.59 2920.80
88.00 13.00 -8268.01 -8268.01 428.08 2927.65
89.00 13.00 -8268.01 -8272.99 428.08 2927.65
90.00 13.00 -8268.01 -8272.37 428.08 2927.65
91.00 13.00 -8268.01 -8278.43 428.08 2927.65
92.00 14.00 -8264.25 -8264.25 425.06 2926.59
93.00 14.00 -8264.25 -8282.23 425.06 2926.59
94.00 14.00 -8264.25 -8277.69 425.06 2926.59
95.00 14.00 -8264.25 -8277.24 425.06 2926.59
96.00 14.00 -8264.25 -8273.19 425.06 2926.59
97.00 14.00 -8264.25 -8271.26 425.06 2926.59
98.00 14.00 -8264.25 -8267.60 425.06 2926.59
99.00 14.00 -8264.25 -8277.27 425.06 2926.59
100.00 14.00 -8264.25 -8272.70 425.06 2926.59
101.00 14.00 -8264.25 -8287.83 425.06 2926.59
102.00 14.00 -8264.25 -8277.50 425.06 2926.59
103.00 14.00 -8264.25 -8266.83 425.06 2926.59
104.00 14.00 -8264.25 -8270.47 425.06 2926.59
105.00 14.00 -8264.25 -8271.23 425.06 2926.59
106.00 14.00 -8264.25 -8275.69 425.06 2926.59
107.00 15.00 -8261.62 -8261.62 422.37 2933.50
108.00 15.00 -8261.62 -8280.85 422.37 2933.50
109.00 15.00 -8261.62 -8275.34 422.37 2933.50
110.00 15.00 -8261.62 -8263.17 422.37 2933.50
111.00 16.00 -8263.12 -8263.12 424.94 2916.76
112.00 16.00 -8263.12 -8284.90 424.94 2916.76
113.00 16.00 -8263.12 -8278.65 424.94 2916.76
114.00 16.00 -8263.12 -8284.11 424.94 2916.76
115.00 16.00 -8263.12 -8281.34 424.94 2916.76
116.00 16.00 -8263.12 -8269.07 424.94 2916.76
117.00 16.00 -8263.12 -8264.72 424.94 2916.76
118.00 16.00 -8263.12 -8278.69 424.94 2916.76
119.00 16.00 -8263.12 -8280.01 424.94 2916.76
120.00 16.00 -8263.12 -8278.86 424.94 2916.76
121.00 16.00 -8263.12 -8266.51 424.94 2916.76
122.00 16.00 -8263.12 -8266.68 424.94 2916.76
123.00 16.00 -8263.12 -8269.72 424.94 2916.76
124.00 16.00 -8263.12 -8283.30 424.94 2916.76
125.00 16.00 -8263.12 -8276.05 424.94 2916.76
126.00 16.00 -8263.12 -8279.03 424.94 2916.76
127.00 16.00 -8263.12 -8288.66 424.94 2916.76
128.00 16.00 -8263.12 -8267.65 424.94 2916.76
129.00 16.00 -8263.12 -8283.40 424.94 2916.76
130.00 16.00 -8263.12 -8279.06 424.94 2916.76
131.00 16.00 -14991.02 -14999.42 424.94 2916.76
132.00 16.00 -14991.02 -15000.22 424.94 2916.76
133.00 16.00 -14991.02 -15004.32 424.94 2916.76
134.00 17.00 -14993.34 -14993.34 437.21 2918.73
135.00 18.00 -14993.89 -14993.89 434.63 2950.25
136.00 19.00 -14973.23 -14973.23 425.82 2929.81
137.00 19.00 -14973.23 -14979.88 425.82 2929.81
138.00 19.00 -14973.23 -14985.88 425.82 2929.81
139.00 20.00 -14972.47 -14972.47 424.95 2934.45
140.00 20.00 -14972.47 -14991.83 424.95 2934.45
141.00 21.00 -14972.12 -14972.12 424.61 2941.63
142.00 21.00 -14972.12 -14973.65 424.61 2941.63
143.00 21.00 -14972.12 -14999.68 424.61 2941.63
144.00 21.00 -14972.12 -14995.90 424.61 2941.63
145.00 21.00 -14972.12 -14992.88 424.61 2941.63
146.00 21.00 -14972.12 -14991.62 424.61 2941.63
147.00 21.00 -14972.12 -14986.79 424.61 2941.63
148.00 21.00 -14972.12 -14992.60 424.61 2941.63
149.00 22.00 -14969.18 -14969.18 424.18 2927.98
150.00 22.00 -14969.18 -14996.76 424.18 2927.98
151.00 22.00 -14969.18 -14985.08 424.18 2927.98
152.00 23.00 -14965.67 -14965.67 422.21 2930.20
153.00 23.00 -14965.67 -15008.81 422.21 2930.20
154.00 23.00 -14965.67 -15000.56 422.21 2930.20
155.00 23.00 -14965.67 -14985.00 422.21 2930.20
156.00 23.00 -14965.67 -14977.56 422.21 2930.20
157.00 23.00 -14965.67 -15026.68 422.21 2930.20
158.00 23.00 -14965.67 -14998.84 422.21 2930.20
159.00 23.00 -14965.67 -14992.60 422.21 2930.20
160.00 23.00 -14965.67 -14976.42 422.21 2930.20
161.00 23.00 -14965.67 -14997.28 422.21 2930.20
162.00 23.00 -14965.67 -14981.67 422.21 2930.20
163.00 23.00 -14965.67 -14981.08 422.21 2930.20
164.00 23.00 -14965.67 -14981.77 422.21 2930.20
165.00 23.00 -14965.67 -14990.52 422.21 2930.20
166.00 23.00 -14965.67 -15005.12 422.21 2930.20
167.00 23.00 -14965.67 -15011.94 422.21 2930.20
168.00 23.00 -14965.67 -15004.75 422.21 2930.20
169.00 23.00 -14965.67 -14977.69 422.21 2930.20
170.00 23.00 -14965.67 -14968.88 422.21 2930.20
171.00 23.00 -14965.67 -14986.90 422.21 2930.20
172.00 23.00 -14965.67 -14990.75 422.21 2930.20
173.00 23.00 -14965.67 -14989.91 422.21 2930.20
174.00 23.00 -14965.67 -14992.14 422.21 2930.20
175.00 23.00 -14965.67 -14989.21 422.21 2930.20
176.00 23.00 -14965.67 -14977.40 422.21 2930.20
177.00 23.00 -14965.67 -14990.53 422.21 2930.20
178.00 23.00 -14965.67 -14982.64 422.21 2930.20
179.00 23.00 -14965.67 -14984.00 422.21 2930.20
180.00 23.00 -14965.67 -15009.94 422.21 2930.20
181.00 23.00 -14965.67 -14987.43 422.21 2930.20
182.00 23.00 -14965.67 -14997.84 422.21 2930.20
183.00 23.00 -14965.67 -14999.88 422.21 2930.20
184.00 23.00 -14965.67 -15003.01 422.21 2930.20
185.00 23.00 -14965.67 -14970.23 422.21 2930.20
186.00 23.00 -14965.67 -14986.34 422.21 2930.20
187.00 23.00 -14965.67 -14988.06 422.21 2930.20
188.00 23.00 -14965.67 -14995.01 422.21 2930.20
189.00 23.00 -14965.67 -14989.46 422.21 2930.20
190.00 23.00 -14965.67 -14984.23 422.21 2930.20
191.00 23.00 -14965.67 -14969.64 422.21 2930.20
192.00 23.00 -14965.67 -14989.50 422.21 2930.20
193.00 23.00 -14965.67 -15008.68 422.21 2930.20
194.00 23.00 -14965.67 -14982.25 422.21 2930.20
195.00 23.00 -14965.67 -14976.54 422.21 2930.20
196.00 23.00 -14965.67 -14987.87 422.21 2930.20
197.00 23.00 -14965.67 -14990.91 422.21 2930.20
198.00 23.00 -14965.67 -14978.28 422.21 2930.20
199.00 23.00 -14965.67 -14986.59 422.21 2930.20
200.00 23.00 -14965.67 -15008.61 422.21 2930.20
201.00 23.00 -14965.67 -14978.16 422.21 2930.20
202.00 23.00 -14965.67 -15000.09 422.21 2930.20
203.00 23.00 -14965.67 -14996.35 422.21 2930.20
204.00 23.00 -14965.67 -14989.10 422.21 2930.20
205.00 23.00 -14965.67 -14980.30 422.21 2930.20
206.00 23.00 -14965.67 -14987.87 422.21 2930.20
207.00 23.00 -14965.67 -14997.37 422.21 2930.20
208.00 24.00 -14960.46 -14960.46 419.51 2934.94
209.00 24.00 -14960.46 -14998.88 419.51 2934.94
210.00 24.00 -14960.46 -14988.22 419.51 2934.94
211.00 24.00 -14960.46 -14994.23 419.51 2934.94
212.00 24.00 -14960.46 -14975.39 419.51 2934.94
213.00 25.00 -14961.22 -14961.22 419.02 2939.52
214.00 25.00 -14961.22 -14990.30 419.02 2939.52
215.00 25.00 -14961.22 -14971.15 419.02 2939.52
216.00 25.00 -14961.22 -14991.72 419.02 2939.52
217.00 25.00 -14961.22 -14988.20 419.02 2939.52
218.00 25.00 -14961.22 -15001.94 419.02 2939.52
219.00 25.00 -14961.22 -14977.36 419.02 2939.52
220.00 25.00 -14961.22 -14997.40 419.02 2939.52
221.00 25.00 -14961.22 -14975.32 419.02 2939.52
222.00 25.00 -14961.22 -14991.84 419.02 2939.52
223.00 25.00 -14961.22 -14985.18 419.02 2939.52
224.00 25.00 -14961.22 -14981.19 419.02 2939.52
225.00 25.00 -14961.22 -14970.15 419.02 2939.52
226.00 25.00 -14961.22 -14982.44 419.02 2939.52
227.00 25.00 -14961.22 -14996.16 419.02 2939.52
228.00 25.00 -14961.22 -14985.80 419.02 2939.52
229.00 25.00 -14961.22 -14972.78 419.02 2939.52
230.00 25.00 -14961.22 -14980.38 419.02 2939.52
231.00 25.00 -14961.22 -14982.03 419.02 2939.52
232.00 25.00 -14961.22 -14993.24 419.02 2939.52
233.00 25.00 -14961.22 -14984.24 419.02 2939.52
234.00 25.00 -14961.22 -14989.32 419.02 2939.52
235.00 25.00 -14961.22 -14968.10 419.02 2939.52
