0.00 1.00 -15004.83 -15004.83 442.01 2929.54
1.00 1.00 -15004.83 -15026.76 442.01 2929.54
2.00 1.00 -15004.83 -15035.94 442.01 2929.54
3.00 1.00 -15004.83 -15005.98 442.01 2929.54
4.00 1.00 -15004.83 -15021.63 442.01 2929.54
5.00 1.00 -15004.83 -15015.36 442.01 2929.54
6.00 2.00 -14992.78 -14992.78 436.88 2922.54
7.00 3.00 -14990.56 -14990.56 435.89 2923.04
8.00 4.00 -14990.11 -14990.11 435.11 2925.67
9.00 4.00 -14990.11 -15006.08 435.11 2925.67
10.00 4.00 -14990.11 -14996.20 435.11 2925.67
11.00 5.00 -14981.21 -14981.21 430.06 2929.25
12.00 5.00 -14981.21 -14986.15 430.06 2929.25
13.00 5.00 -14981.21 -14986.33 430.06 2929.25
14.00 5.00 -14981.21 -14998.13 430.06 2929.25
15.00 5.00 -14981.21 -14987.32 430.06 2929.25
16.00 5.00 -14981.21 -14985.49 430.06 2929.25
17.00 5.00 -14981.21 -14995.08 430.06 2929.25
18.00 5.00 -14981.21 -14985.68 430.06 2929.25
19.00 5.00 -14981.21 -14999.70 430.06 2929.25
20.00 5.00 -14981.21 -14997.71 430.06 2929.25
21.00 5.00 -14981.21 -14994.03 430.06 2929.25
22.00 6.00 -14975.04 -14975.04 426.81 2930.32
23.00 6.00 -14975.04 -14995.45 426.81 2930.32
24.00 6.00 -14975.04 -14981.85 426.81 2930.32
25.00 6.00 -14975.04 -14991.36 426.81 2930.32
26.00 6.00 -14975.04 -15002.61 426.81 2930.32
27.00 6.00 -14975.04 -15002.75 426.81 2930.32
28.00 6.00 -14975.04 -14995.05 426.81 2930.32
29.00 6.00 -14975.04 -14980.20 426.81 2930.32
30.00 6.00 -14975.04 -15010.51 426.81 2930.32
31.00 6.00 -14975.04 -15000.59 426.81 2930.32
32.00 6.00 -14975.04 -14975.89 426.81 2930.32
33.00 6.00 -14975.04 -14991.06 426.81 2930.32
34.00 6.00 -14975.04 -15012.22 426.81 2930.32
35.00 6.00 -14975.04 -14996.80 426.81 2930.32
36.00 6.00 -14975.04 -14994.31 426.81 2930.32
37.00 6.00 -14975.04 -15008.05 426.81 2930.32
38.00 6.00 -14975.04 -14997.33 426.81 2930.32
39.00 6.00 -14975.04 -14989.43 426.81 2930.32
40.00 6.00 -14975.04 -14999.77 426.81 2930.32
41.00 6.00 -14975.04 -14993.85 426.81 2930.32
42.00 6.00 -14975.04 -14979.38 426.81 2930.32
43.00 6.00 -14975.04 -15000.55 426.81 2930.32
44.00 6.00 -14975.04 -15011.54 426.81 2930.32
45.00 6.00 -14975.04 -14994.00 426.81 2930.32
46.00 6.00 -14975.04 -14997.43 426.81 2930.32
47.00 6.00 -14975.04 -14998.23 426.81 2930.32
48.00 6.00 -14975.04 -14984.71 426.81 2930.32
49.00 6.00 -14975.04 -14998.19 426.81 2930.32
50.00 7.00 -14978.23 -14978.23 428.52 2926.21
51.00 7.00 -14978.23 -14998.83 428.52 2926.21
52.00 7.00 -14978.23 -15004.71 428.52 2926.21
53.00 7.00 -14978.23 -14996.68 428.52 2926.21
54.00 7.00 -14978.23 -14998.70 428.52 2926.21
55.00 7.00 -14978.23 -14982.83 428.52 2926.21
56.00 7.00 -14978.23 -15002.87 428.52 2926.21
57.00 7.00 -14978.23 -14981.64 428.52 2926.21
58.00 7.00 -14978.23 -15016.93 428.52 2926.21
59.00 7.00 -14978.23 -14986.36 428.52 2926.21
60.00 8.00 -14973.42 -14973.42 427.30 2919.47
61.00 8.00 -14973.42 -14982.79 427.30 2919.47
62.00 8.00 -14973.42 -15003.37 427.30 2919.47
63.00 8.00 -14973.42 -14992.65 427.30 2919.47
64.00 8.00 -14973.42 -14980.31 427.30 2919.47
65.00 8.00 -14973.42 -15000.18 427.30 2919.47
66.00 8.00 -14973.42 -14980.96 427.30 2919.47
67.00 8.00 -14973.42 -14988.13 427.30 2919.47
68.00 8.00 -14973.42 -15014.96 427.30 2919.47
69.00 8.00 -14973.42 -15016.13 427.30 2919.47
70.00 8.00 -14973.42 -14979.87 427.30 2919.47
71.00 8.00 -14973.42 -14979.93 427.30 2919.47
72.00 8.00 -14973.42 -14977.02 427.30 2919.47
73.00 8.00 -14973.42 -14993.01 427.30 2919.47
74.00 8.00 -14973.42 -15010.49 427.30 2919.47
75.00 8.00 -14973.42 -15003.20 427.30 2919.47
76.00 8.00 -14973.42 -15008.14 427.30 2919.47
77.00 8.00 -14973.42 -14994.38 427.30 2919.47
78.00 8.00 -14973.42 -14992.61 427.30 2919.47
79.00 8.00 -14973.42 -14984.09 427.30 2919.47
80.00 8.00 -14973.42 -15007.14 427.30 2919.47
81.00 8.00 -14973.42 -14995.49 427.30 2919.47
82.00 8.00 -14973.42 -14999.63 427.30 2919.47
83.00 8.00 -14973.42 -14994.81 427.30 2919.47
84.00 8.00 -14973.42 -14979.68 427.30 2919.47
85.00 8.00 -14973.42 -15002.10 427.30 2919.47
86.00 8.00 -14973.42 -14979.12 427.30 2919.47
87.00 8.00 -14973.42 -14993.50 427.30 2919.47
88.00 8.00 -14973.42 -14986.39 427.30 2919.47
89.00 8.00 -14973.42 -14983.96 427.30 2919.47
90.00 8.00 -14973.42 -14994.42 427.30 2919.47
91.00 8.00 -14973.42 -14990.88 427.30 2919.47
92.00 8.00 -14973.42 -14980.04 427.30 2919.47
93.00 8.00 -14973.42 -15009.09 427.30 2919.47
94.00 8.00 -14973.42 -14977.07 427.30 2919.47
95.00 8.00 -14973.42 -14996.74 427.30 2919.47
96.00 8.00 -14973.42 -14990.64 427.30 2919.47
97.00 8.00 -14973.42 -14979.39 427.30 2919.47
98.00 8.00 -14973.42 -15007.43 427.30 2919.47
99.00 8.00 -14973.42 -14995.07 427.30 2919.47
100.00 8.00 -14973.42 -14991.75 427.30 2919.47
101.00 8.00 -14973.42 -14986.70 427.30 2919.47
102.00 8.00 -14973.42 -15004.90 427.30 2919.47
103.00 8.00 -14973.42 -14988.47 427.30 2919.47
104.00 8.00 -14973.42 -14994.30 427.30 2919.47
105.00 8.00 -14973.42 -14989.78 427.30 2919.47
106.00 8.00 -14973.42 -14993.90 427.30 2919.47
107.00 8.00 -14973.42 -14981.72 427.30 2919.47
108.00 8.00 -14973.42 -14987.10 427.30 2919.47
109.00 8.00 -14973.42 -14994.18 427.30 2919.47
110.00 8.00 -14973.42 -14989.32 427.30 2919.47
111.00 8.00 -14973.42 -15002.57 427.30 2919.47
112.00 8.00 -14973.42 -14998.26 427.30 2919.47
113.00 8.00 -14973.42 -15001.82 427.30 2919.47
114.00 8.00 -14973.42 -14991.67 427.30 2919.47
115.00 8.00 -14973.42 -14977.90 427.30 2919.47
116.00 8.00 -14973.42 -14983.09 427.30 2919.47
117.00 8.00 -14973.42 -14999.16 427.30 2919.47
118.00 8.00 -14973.42 -14983.02 427.30 2919.47
119.00 8.00 -14973.42 -14992.29 427.30 2919.47
120.00 8.00 -14973.42 -14994.37 427.30 2919.47
121.00 8.00 -14973.42 -14992.73 427.30 2919.47
122.00 8.00 -14973.42 -15001.74 427.30 2919.47
123.00 8.00 -14973.42 -14986.38 427.30 2919.47
124.00 8.00 -14973.42 -14984.86 427.30 2919.47
125.00 8.00 -14973.42 -15004.17 427.30 2919.47
126.00 8.00 -14973.42 -14979.00 427.30 2919.47
127.00 8.00 -14973.42 -14993.41 427.30 2919.47
128.00 9.00 -14973.07 -14973.07 426.07 2930.52
129.00 9.00 -14973.07 -14993.66 426.07 2930.52
130.00 9.00 -14973.07 -15012.00 426.07 2930.52
131.00 10.00 -14978.96 -14978.96 430.03 2916.26
132.00 10.00 -14978.96 -14990.63 430.03 2916.26
133.00 10.00 -14978.96 -15004.37 430.03 2916.26
134.00 10.00 -14978.96 -14987.14 430.03 2916.26
135.00 11.00 -14979.05 -14979.05 429.86 2918.15
136.00 11.00 -14979.05 -15025.47 429.86 2918.15
137.00 11.00 -14979.05 -14987.66 429.86 2918.15
138.00 11.00 -14979.05 -14989.58 429.86 2918.15
139.00 11.00 -14979.05 -14981.65 429.86 2918.15
140.00 11.00 -14979.05 -14991.85 429.86 2918.15
141.00 12.00 -14976.35 -14976.35 426.72 2934.04
142.00 12.00 -14976.35 -14984.01 426.72 2934.04
143.00 12.00 -14976.35 -15000.76 426.72 2934.04
144.00 12.00 -14976.35 -14996.13 426.72 2934.04
145.00 12.00 -14976.35 -14989.50 426.72 2934.04
146.00 12.00 -14976.35 -15004.95 426.72 2934.04
147.00 12.00 -14976.35 -15002.08 426.72 2934.04
148.00 12.00 -14976.35 -14990.41 426.72 2934.04
149.00 12.00 -14976.35 -15007.69 426.72 2934.04
150.00 12.00 -14976.35 -14993.31 426.72 2934.04
151.00 12.00 -14976.35 -15002.21 426.72 2934.04
152.00 12.00 -14976.35 -15028.08 426.72 2934.04
153.00 12.00 -14976.35 -14998.13 426.72 2934.04
154.00 12.00 -14976.35 -14999.27 426.72 2934.04
155.00 12.00 -14976.35 -15001.58 426.72 2934.04
156.00 12.00 -14976.35 -14997.27 426.72 2934.04
157.00 12.00 -14976.35 -14998.32 426.72 2934.04
158.00 12.00 -14976.35 -15036.03 426.72 2934.04
159.00 12.00 -14976.35 -14992.62 426.72 2934.04
160.00 12.00 -14976.35 -15041.74 426.72 2934.04
161.00 12.00 -14976.35 -15007.53 426.72 2934.04
162.00 12.00 -14976.35 -15001.08 426.72 2934.04
163.00 12.00 -14976.35 -14985.32 426.72 2934.04
164.00 12.00 -14976.35 -14996.46 426.72 2934.04
165.00 12.00 -14976.35 -15024.77 426.72 2934.04
166.00 12.00 -14976.35 -15008.34 426.72 2934.04
167.00 12.00 -14976.35 -14985.14 426.72 2934.04
168.00 12.00 -14976.35 -15002.39 426.72 2934.04
169.00 12.00 -14976.35 -15031.09 426.72 2934.04
170.00 12.00 -14976.35 -14995.61 426.72 2934.04
171.00 12.00 -14976.35 -15007.95 426.72 2934.04
172.00 12.00 -14976.35 -14987.52 426.72 2934.04
173.00 12.00 -14976.35 -15035.22 426.72 2934.04
174.00 12.00 -14976.35 -15024.22 426.72 2934.04
175.00 12.00 -14976.35 -15002.61 426.72 2934.04
176.00 12.00 -14976.35 -15004.39 426.72 2934.04
177.00 12.00 -14976.35 -15004.29 426.72 2934.04
178.00 12.00 -14976.35 -15012.06 426.72 2934.04
179.00 12.00 -14976.35 -15020.30 426.72 2934.04
180.00 12.00 -14976.35 -15012.30 426.72 2934.04
181.00 12.00 -14976.35 -15001.49 426.72 2934.04
182.00 12.00 -14976.35 -15018.60 426.72 2934.04
183.00 12.00 -14976.35 -14999.58 426.72 2934.04
184.00 12.00 -14976.35 -14981.17 426.72 2934.04
185.00 12.00 -14976.35 -14988.68 426.72 2934.04
186.00 12.00 -14976.35 -15007.47 426.72 2934.04
187.00 12.00 -14976.35 -15024.32 426.72 2934.04
188.00 12.00 -14976.35 -15011.80 426.72 2934.04
189.00 12.00 -14976.35 -14988.03 426.72 2934.04
190.00 12.00 -14976.35 -14988.51 426.72 2934.04
191.00 13.00 -14974.29 -14974.29 426.91 2923.79
192.00 13.00 -14974.29 -15028.90 426.91 2923.79
193.00 13.00 -14974.29 -15007.14 426.91 2923.79
194.00 13.00 -14974.29 -15003.43 426.91 2923.79
195.00 13.00 -14974.29 -15010.73 426.91 2923.79
196.00 13.00 -14974.29 -15006.03 426.91 2923.79
197.00 13.00 -14974.29 -14994.20 426.91 2923.79
198.00 13.00 -14974.29 -15008.44 426.91 2923.79
199.00 13.00 -14974.29 -14993.32 426.91 2923.79
200.00 13.00 -14974.29 -14994.73 426.91 2923.79
201.00 13.00 -14974.29 -14994.78 426.91 2923.79
202.00 13.00 -14974.29 -14993.71 426.91 2923.79
203.00 13.00 -14974.29 -15002.26 426.91 2923.79
204.00 13.00 -14974.29 -14993.66 426.91 2923.79
205.00 13.00 -14974.29 -15001.83 426.91 2923.79
206.00 13.00 -14974.29 -15027.83 426.91 2923.79
207.00 13.00 -14974.29 -14995.98 426.91 2923.79
208.00 13.00 -14974.29 -14984.94 426.91 2923.79
209.00 13.00 -14974.29 -14989.39 426.91 2923.79
210.00 13.00 -14974.29 -15004.58 426.91 2923.79
211.00 13.00 -14974.29 -14985.84 426.91 2923.79
212.00 14.00 -14973.57 -14973.57 425.94 2933.03
213.00 14.00 -14973.57 -14998.25 425.94 2933.03
214.00 14.00 -14973.57 -14994.38 425.94 2933.03
215.00 14.00 -14973.57 -14993.07 425.94 2933.03
216.00 14.00 -14973.57 -14993.96 425.94 2933.03
217.00 14.00 -14973.57 -14989.32 425.94 2933.03
218.00 14.00 -14973.57 -15006.05 425.94 2933.03
219.00 14.00 -14973.57 -14997.23 425.94 2933.03
220.00 14.00 -14973.57 -14995.51 425.94 2933.03
221.00 14.00 -14973.57 -15007.23 425.94 2933.03
222.00 14.00 -14973.57 -14997.06 425.94 2933.03
223.00 14.00 -14973.57 -14989.59 425.94 2933.03
224.00 14.00 -14973.57 -14994.33 425.94 2933.03
225.00 14.00 -14973.57 -14990.31 425.94 2933.03
226.00 14.00 -14973.57 -15018.25 425.94 2933.03
227.00 14.00 -14973.57 -14986.75 425.94 2933.03
228.00 14.00 -14973.57 -15000.04 425.94 2933.03
229.00 14.00 -14973.57 -15025.98 425.94 2933.03
230.00 14.00 -14973.57 -15004.78 425.94 2933.03
231.00 14.00 -14973.57 -14996.62 425.94 2933.03
232.00 14.00 -14973.57 -15016.28 425.94 2933.03
233.00 14.00 -14973.57 -15015.97 425.94 2933.03
234.00 14.00 -14973.57 -14985.91 425.94 2933.03
235.00 14.00 -14973.57 -15007.88 425.94 2933.03
236.00 14.00 -14973.57 -14999.61 425.94 2933.03
