-4.154732298939247670e+01 -7.840047620057858069e+01 -9.285563970588235350e+01 -1.280144005448408677e+02 -1.529174096432015233e+02 -1.713778844358727156e+02 -1.764162061330761730e+02 -1.788986015236258140e+02 -6.081921578784952089e+02 -1.401024225824493442e+03 -1.485084719054966172e+03 -1.609977776769527509e+03 -1.895976939729990136e+03 -1.862581192782063454e+03 -1.989158661779170643e+03 -2.257077382994214531e+03 -2.431310449358727055e+03 -2.522099074103182375e+03 -2.520998870703953799e+03 -2.499420306012536003e+03
-5.746769530376085555e+01 -9.245939794599806305e+01 -1.122498272950819569e+02 -1.198250689826422501e+02 -1.560159900289295933e+02 -1.680414146576663370e+02 -1.726936167791706964e+02 -1.739308124011571692e+02 -1.913907355062679585e+02 -8.263808836258435804e+02 -1.185687443625843798e+03 -1.377245777521697164e+03 -1.556920767483124337e+03 -1.666182867304725278e+03 -1.769613754575699204e+03 -1.985354715549662615e+03 -2.124357238211186086e+03 -2.381518916668273505e+03 -2.504149520588235646e+03 -2.540692497507232474e+03
5.099837928640305762e+01 -8.858621327868851836e+01 -1.072719868514947024e+02 -1.491869357377049141e+02 -1.495898532304725279e+02 -1.650545208775313313e+02 -1.628816030954677103e+02 -1.706954165766634617e+02 -1.762642078592092219e+02 -3.227042481677917749e+02 -5.311008193249759870e+02 -7.515655929122468706e+02 -9.796825859691416554e+02 -1.387220779156220033e+03 -1.577582928495660781e+03 -1.798867018953712432e+03 -1.907364857810993044e+03 -2.113309117275795415e+03 -2.357392541509161219e+03 -2.451988131832208637e+03
9.253949038572807240e+01 -6.886562850530378910e+01 -1.152248177772420377e+02 -1.192582167791707093e+02 -1.258036708389585243e+02 -1.435123635004821381e+02 -1.558480809836065362e+02 -1.682452593924783173e+02 -1.686711333944069509e+02 -1.757946272902603368e+02 -2.179469616297011214e+02 -3.445505294696239389e+02 -3.877271572227580805e+02 -6.319487126567021278e+02 -1.411787390636451391e+03 -1.721339993447444613e+03 -1.862473930472516713e+03 -1.958410325405014419e+03 -2.116884779725168301e+03 -2.246965219238186819e+03
2.886696934378012998e+02 3.529331559305688160e+01 -8.883839384763744818e+01 -6.364533620057859054e+01 -1.022334400723240151e+02 -1.360497935776277814e+02 -1.599553035197685347e+02 -1.524776419527483142e+02 -1.640984810559305629e+02 -1.703124211427193870e+02 -1.727892754339440557e+02 -1.988815436740597704e+02 -2.122261722806171917e+02 -2.478964510414658093e+02 -8.677049927434910614e+02 -1.787549383558341333e+03 -1.939612965732883367e+03 -1.977858594030858285e+03 -2.014931198273867039e+03 -2.090175390395370869e+03
3.734262604676953856e+02 2.399779860752169611e+02 -1.098363254580525705e+01 -3.178466905496620498e+01 -9.144105472999035555e+01 -1.547629091128254970e+02 -1.450105048216007901e+02 -1.382804111137897678e+02 -1.456961074108003800e+02 -1.563078594648023341e+02 -1.684748208534233527e+02 -1.757902820636451224e+02 -1.767614788090646130e+02 -1.803738952941176308e+02 -3.861832204484090880e+02 -1.638458095216972197e+03 -1.980851749860173868e+03 -2.031573483780134893e+03 -2.036976016422372140e+03 -2.064221911398264183e+03
1.886433269864996305e+02 2.117891432786886412e+02 1.063141613114753881e+02 -7.776841499035678851e+01 -1.296742609691417272e+02 -1.241936034474446018e+02 -1.351649334088717183e+02 -1.620283939199614167e+02 -1.645767271504339533e+02 -1.674293992574734773e+02 -1.709790966055930426e+02 -1.729171926904532199e+02 -1.748174578929604763e+02 -1.750943775650916336e+02 -2.187448554050145617e+02 -1.165976017521697258e+03 -1.849189382724204506e+03 -1.997324527140790678e+03 -2.041350005660559646e+03 -2.084093999402121881e+03
1.603985298794599998e+02 1.049242786885305589e+00 4.618738166827390756e+01 -5.940157075699131894e+01 -1.009542366393443018e+02 -1.169686693972998910e+02 -1.558768107087753094e+02 -1.365757282786885298e+02 -1.529902346432015179e+02 -1.669399183510125511e+02 -1.684783772324011863e+02 -1.715069321793635311e+02 -1.746369788379942349e+02 -1.751477367164898737e+02 -1.997413559643201779e+02 -8.207936460270010457e+02 -1.557684823900674928e+03 -1.973599043167791478e+03 -2.054919328447444514e+03 -2.120981759758919907e+03
1.179089353085824570e+02 -3.669236442622952410e+01 -3.875719378495656287e+01 -4.741438934426235541e+00 -7.315945983606556524e+01 -1.379693217454194780e+02 -1.483907814030858106e+02 -1.146565159546769621e+02 -1.295246858052073549e+02 -1.452017637029893820e+02 -1.473857599469623949e+02 -1.607616762729026050e+02 -1.708224332304725124e+02 -1.740826962729025809e+02 -1.754268432690453494e+02 -3.253245180665381895e+02 -1.136379185713596371e+03 -1.686531469054966465e+03 -1.882996393654773101e+03 -2.055709044214078858e+03
3.200394876422371908e+02 1.132758011571841763e+02 -6.360595666827385486e+01 -6.669195804725168841e+01 -8.745500708775311693e+01 -1.412159100385728436e+02 -9.874004362102219545e+01 -1.085509162343297902e+02 -1.363394502700096496e+02 -1.456204276181292130e+02 -1.570270582594021107e+02 -1.675468189151398235e+02 -1.670986900192864084e+02 -1.726270739488909953e+02 -1.735352624493731923e+02 -1.767993231677916981e+02 -6.699464166489869967e+02 -1.208524984619093630e+03 -1.359273141687559701e+03 -1.712379776258437460e+03
5.127934184908391444e+02 1.823253140935390206e+02 -3.933367816779177417e+01 -1.174331418997107193e+02 -1.339879341658630665e+02 -6.156876321118613760e+01 -7.595130783992284762e+01 -9.840400396335584787e+01 -1.072512358968177182e+02 -1.412485164513018390e+02 -1.605687354628736898e+02 -1.510726527290260037e+02 -1.685499324349083849e+02 -1.707409834956605721e+02 -1.712374385486981794e+02 -1.776554169431050809e+02 -5.876619745033747222e+02 -9.650898493056897678e+02 -8.582551826133077384e+02 -1.188379576176470437e+03
2.742972282979749821e+02 1.298833282786886514e+02 5.053300480231428793e+01 -6.175448782063662634e+01 -6.471233122468674992e+01 -2.437200925747353608e+01 -5.489422674059798624e+01 -5.506228827386692615e+01 -1.062112993297974697e+02 -1.274913403567984460e+02 -1.469741263886210163e+02 -1.586110730858244438e+02 -1.632864015188042970e+02 -1.632116714223722340e+02 -1.676002647589199626e+02 -1.755095074541948179e+02 -3.859650441851496794e+02 -7.381460258052079553e+02 -6.257322605785924452e+02 -8.620376575168758109e+02
1.262884676567022240e+02 5.425563042912256151e+01 1.352428884378013265e+02 8.039034667791698041e+01 6.815952183702974310e+01 -2.390329518322074165e+01 -4.244682273866916233e+01 -9.205393403085817283e+01 -1.251598570298938995e+02 -1.457301152217935964e+02 -1.488932331918997249e+02 -1.487716435631630247e+02 -1.414645377868852449e+02 -1.577983651783992229e+02 -1.687898684956605280e+02 -1.731793704869816679e+02 -1.786827884136933449e+02 -3.589933662102218932e+02 -4.118340235920927057e+02 -5.533454330231436415e+02
1.873881572420441444e+02 -2.916534045323075031e+00 1.676599672131154861e+01 1.849459446962396925e+01 6.193604012054005636e+01 8.260984594985428586e+00 -7.239159260366449189e+01 -8.906153728061723029e+01 -8.394642557377054004e+01 -1.015764174204436330e+02 -1.168547710703953726e+02 -1.413787654628736448e+02 -1.591796608630665162e+02 -1.676186243008678787e+02 -1.715394123915139915e+02 -1.726533925602699924e+02 -1.747083951832208015e+02 -2.064076013789778585e+02 -2.600413628302795814e+02 -5.256138934185148628e+02
3.210058959353905266e+02 3.259594767116681169e+01 -3.511248344262293841e+01 -3.510416665863062491e+01 -3.427674652844685088e+00 3.384787736740602071e+01 -1.260595515911299702e-01 -4.820351673095468925e+01 -7.348840126325939082e+01 -7.718159490356798358e+01 -1.116691207473481171e+02 -1.470736616152362330e+02 -1.628211880568949255e+02 -1.650325215621986388e+02 -1.694101416730954668e+02 -1.714194992237222834e+02 -1.744113657955641372e+02 -1.695952261282545805e+02 -1.734182929508196480e+02 -2.877740684570877647e+02
2.245110848746384136e+02 1.128061520973962644e+02 3.319872989392472817e+01 -3.586845298457090081e+01 -6.886203186595948011e+01 -5.040179517839935563e+00 -1.730195626808106679e+00 -3.256766512054002050e+01 -7.484052507232397033e+01 -9.741013162487942623e+01 -9.801888370781099979e+01 -1.255003461571841683e+02 -1.465941705737704694e+02 -1.491098065284474785e+02 -1.498875990115718366e+02 -1.672480259932497688e+02 -1.683469417936354944e+02 -1.594693573432980145e+02 -1.540283295467694984e+02 -1.739758923818708070e+02
1.867498486162006088e+02 1.825215295515911578e+02 1.828430262487945015e+02 4.771286896817738921e+01 -7.256705320636451972e+01 -5.628828837994200285e+01 -3.873662790260354427e+01 -4.097579940212146710e+01 -7.728407717936353549e+01 -1.249838467454194557e+02 -9.035652900675020760e+01 -1.231729965911281965e+02 -1.390862151108968021e+02 -1.302481477049180398e+02 -1.399425820781099219e+02 -1.574260770925747011e+02 -1.571180063500482333e+02 -1.577475938524590049e+02 -1.485624735438765640e+02 -1.524165073577628107e+02
1.796226329459980775e+02 1.718425410077145727e+02 1.567029556027001433e+02 4.305751638379949497e+01 -5.751137619575702331e+01 -9.783792487946000449e+01 -1.071547949999999076e+02 -7.568108761812915475e+01 -9.797427843297970185e+01 -1.254693421070395232e+02 -1.376186623336547257e+02 -1.580295503616200392e+02 -1.600589948119575752e+02 -1.521610327290260045e+02 -1.511067005062680835e+02 -1.670987295515911057e+02 -1.716012822227579306e+02 -1.721383960607521715e+02 -1.625301987415622023e+02 -1.625723154580520315e+02
1.717317887608486160e+02 1.610462897058823444e+02 1.494269800675023987e+02 9.518649337994209247e+01 -2.593826606557382775e+01 -2.823440549180333292e+01 -1.085006894310511285e+02 -1.269649573915140195e+02 -1.213999979652844559e+02 -1.081951658003857091e+02 -1.317400970250723446e+02 -1.346348605159112708e+02 -1.457338957425264994e+02 -1.673953664079074315e+02 -1.676838612150433789e+02 -1.670030831147541051e+02 -1.644699336933461780e+02 -1.721994259450337665e+02 -1.692676685631629709e+02 -1.758544735438765656e+02
1.907932218273866738e+02 1.613753746432015248e+02 1.567417787753134064e+02 1.423349042189006468e+02 1.276096987656700321e+02 2.986445159594984489e+01 -8.098811205400309632e+00 -4.619508935872716648e+01 -1.128661960366441832e+02 -1.328547858293152899e+02 -1.442462121359691309e+02 -1.432494566682738650e+02 -1.539565177579556234e+02 -1.523148232931533528e+02 -1.394846430858245299e+02 -1.505871244358727097e+02 -1.648920050819671985e+02 -1.727070601880424476e+02 -2.123587626808098321e+02 -2.853641074011570140e+02
