500 500  2000 1000 2000 1000 2000 800 1500 400  
200 200 2000 2500 2500 100 2500 600 2000 400  
-20 -20  -10 -10 1200 800 700 400 800 500  
-400 -400 -300 -300  -10 800 700 600 800 700  
-1000 -1000 -500 -500 -200 -50 200 200 200 200   
-1000 -1300 -900 -800 -400 -90 70 50 50 50  
-1500 -1800 -900 -900 -500 -500 -100 -100 -50 -50  
-1500 -1800 -1000 -1000 -1000 -1000 -100 -100 -50 -50  
-1600 -2100 -1800 -1800 -1700 -1400 -100 -500 -50 -50  
-1800 -1800 -1600 -1600 -1600 -1600 -1200 -500 -50 -50  
