
samples_per_chain:,33
burnin:,0.25
num params:,415
initial_proposed_vec:,[ 1.69232059e+00  2.67836355e+00  2.30821256e+00  2.23047781e+00
  1.12774970e-06  5.24820356e-01  1.14215237e+00  5.95499267e-03
  8.58782800e-04  1.00780509e-03  4.87706400e-01  4.50812438e+00
  2.40014510e+04  5.21025692e+00  1.13453378e-02  3.22591991e+01
  2.37400767e+02  1.96209987e+02  1.89645459e+02 -1.20490016e+02
 -7.80328554e+01 -1.46948754e+02  1.85663855e+02 -2.31561451e+02
 -1.36764342e+02 -2.23968645e+02 -1.69580685e+02  2.53097802e+02
 -1.41255260e+02  1.00716794e+01  1.90818002e+02  2.31944956e+02
 -2.34032554e+02 -2.13139635e+02  2.38301287e+02  6.06859368e+00
  2.84924282e+02  1.83595344e+02  2.68225705e+02  1.73387604e+02
  8.84936334e+01  2.77398781e+02  2.73802161e+02  2.11916548e+02
  9.05834451e+01 -1.92968731e+02  2.61119439e+02  1.27529885e+02
 -2.30200601e+01  1.05065802e+02  7.48533726e+01  2.62871078e+02
  3.21062301e+01  9.30018573e+01 -1.59157789e+02  2.77987811e+02
 -8.80713505e+01  4.88555618e+01 -2.79436748e+02  2.77641025e+01
 -2.52978401e+02  1.18508820e+02  1.20765448e+02  1.20072630e+02
  1.84257065e+02  1.06260087e+02  2.49658009e+02 -2.03590710e+02
 -2.33840859e+02  2.57565029e+02 -2.23744152e+02 -6.89347951e+01
 -1.48012172e+02 -2.30296407e+02 -1.57221493e+02  1.75408631e+02
 -5.77732201e+01 -1.97409717e+02 -2.28886984e+02  3.95234858e+01
  1.84056395e+02 -1.23717009e+02 -2.06838988e+01  2.24166890e+02
 -2.99548792e+02  4.83788032e+01 -7.38930954e+01 -1.60714996e+02
  2.83687416e+02  1.74906871e+02  7.20154779e+01  1.43173527e+02
  1.22122264e+01 -1.22413593e+02 -1.68232984e+02 -9.53698030e+00
 -4.35686101e+01  2.67087291e+02  6.81576299e+01  2.48373344e+02
  2.41636216e+02 -2.32535014e+02 -4.78623021e+01 -2.36080197e+02
  7.87447195e+01 -1.50857014e+02  1.46640697e+02 -1.52500066e+02
 -4.48477989e+00 -8.29525657e+01  1.36612555e+02  1.54644568e+01
 -1.09297614e+02 -2.24204080e+02  2.11095168e+02  1.55165224e+01
 -1.03504013e+02  3.47636155e+01  1.26775063e+02  2.42165332e+02
 -2.77497915e+02  1.85230364e+02  1.57059482e+02  2.28825478e+02
 -4.22875658e+00 -2.24560674e+02 -2.52816033e+02  5.88085996e+01
 -2.47731538e+02  2.64202219e+02 -7.19039287e+00 -2.31429665e+02
  1.88749387e+02 -2.43456105e+02  4.68284507e+01  2.03335420e+02
  8.17587801e+01 -1.18484147e+02 -6.71730567e+01 -1.28274296e+02
  2.87199636e+02  1.80112219e+02  1.21879540e+01 -1.76966914e+02
 -1.82985326e+02 -2.51626808e+01  2.96920015e+01  7.93223247e+01
 -1.35273927e+02 -7.25816571e+01 -2.44831603e+02  1.17141516e+01
 -7.79449633e+00  3.80377447e+01  9.66808140e+01  7.48524153e+01
  2.83234528e+02  1.12869285e+02 -1.55406323e+01  2.54786034e+02
 -4.54864596e+01  8.65813110e+01 -1.16225799e+02  1.67818244e+01
 -2.59517805e+02  2.83328237e+01 -1.22329604e+02  6.42143769e+01
  2.15257385e+02  5.73546880e+01 -3.10907607e+01 -1.76243540e+00
  2.18652971e+02  9.82055195e+01 -2.80579685e+01 -2.16110814e+01
  7.01668917e+01 -1.42401091e+02  1.24190949e+02 -2.30094918e+02
  7.93030568e+01 -1.33898456e+02 -1.15687611e+02  3.62080746e+01
  3.03488661e+01 -1.03931540e+02  2.10214657e+02 -1.44120269e+02
  2.77245415e+02 -2.23430376e+02 -1.29294397e+02 -1.07405843e+02
 -1.09702566e+02  1.82986087e+02 -7.98366483e+01 -2.43744440e+02
  8.84738802e+01 -1.65217656e+02 -5.19717003e+01  1.31857646e+02
  5.98694308e+01 -1.63241758e+01  2.25121032e+02 -1.23213143e+02
  2.49499621e+02  7.23794248e+01  1.87989318e+01  1.70726524e+02
  2.55784085e+02 -2.01900327e+02 -2.95252896e+01  6.22648233e+00
  2.68508628e+02  2.21135770e+02  2.11914428e+02 -3.53018781e+01
 -3.85030656e+01  1.67119701e+01 -1.88415428e+02  4.82953889e+01
  5.37907165e+01 -6.71922832e+01  2.04134340e+02 -1.16957949e+02
  7.73143364e+01  2.54768744e+02 -6.66663516e+01  7.64758478e+01
  9.68533256e+01 -1.81882917e+02  2.48232440e+02 -1.97620386e+02
 -8.53332947e+01 -1.50360947e+02 -1.22215723e+02  1.46729620e+02
 -2.58863784e+02 -9.59361563e+01  1.90394918e+02 -2.34172945e+02
  1.63450381e+02  2.06906668e+02  1.81552872e+02  1.65123485e+02
 -2.88812693e+02 -1.83527250e+02  2.90463815e+02 -2.64101121e+02
 -5.92674384e+01 -1.10839759e+02 -2.42040067e+02  2.54739819e+02
 -2.24140042e+02 -4.00234299e+01  2.49803887e+02 -9.31268759e+01
  1.08288581e+01 -2.36404802e+02  8.38362608e+01  2.66289365e+02
  1.18278936e+02 -2.74286008e+02  2.73987361e+02 -9.34118540e+01
  1.13239048e+02 -1.42127252e+02  2.47397928e+02 -1.76278906e+02
  2.07686484e+02  1.47227494e+02 -1.52469427e+02 -1.70491343e+02
 -7.11003783e+01 -1.13020398e+02  2.17503259e+02 -2.41602724e+02
 -2.68822894e+02 -2.05882003e+02 -2.51204558e+02  1.16538169e+02
 -2.21724643e+02 -1.30718899e+02 -1.53193540e+02 -6.84920246e+01
  1.86743548e+02 -2.37490174e+02  9.67082235e+01 -2.43349947e+02
 -1.58103093e+02 -2.92809010e+02 -1.70021251e+02  2.65697424e+02
 -1.86417671e+02  3.03805641e+01 -2.00212931e+01 -9.08920423e+00
 -2.70966195e+02  3.29992076e+01  6.47846570e+01 -9.29756747e+01
 -7.17266290e+01 -1.97926984e+02 -2.80302258e+02  2.95988742e+02
  1.98902268e+01  2.88821641e+02  2.11065408e+02  4.89962639e+00
 -1.33799404e+02  2.81906875e+02 -2.54797738e+02  5.38966465e+01
 -2.36978896e+02  2.08815494e+01  3.89056801e+01  1.79653695e+02
 -2.47295267e+01  2.66991735e+02  7.93429066e+00 -2.44539594e+01
  2.72997474e+02  7.33756713e+01  1.16959234e+02  3.87419845e+01
  1.13537445e+02 -1.05380476e+02 -1.77291890e+02 -1.66111976e+02
 -1.06876724e+02 -1.13945609e+02  7.56767373e+00  2.29173591e+02
 -2.06181949e+01 -1.62019468e+02 -8.37246628e+01 -2.83571169e+02
  1.41593321e+02 -2.82117481e+02 -2.05754408e+01  1.15407436e+02
 -4.05928533e+01 -2.56517039e+02 -2.95944922e+02  1.36972046e+02
  8.83135437e+01 -1.73656148e+01 -1.28055418e+02  2.30210255e+02
  5.83530416e+01 -2.35037015e+02  1.98519100e+02  1.96223862e+02
  3.48093425e+01 -2.28469756e+02  1.02908819e+02  1.80224939e+02
 -1.70046680e+02  1.38108007e+02  2.99524185e+02 -2.47210449e+02
  4.13565543e+01  2.19667349e+02 -1.25446208e+02  2.36705694e+02
  1.13340846e+02  1.97935019e+02 -2.63240648e+02 -1.81121277e+02
 -1.29676516e+02 -2.05811282e+02 -1.53620186e+02  2.22779116e+02
  2.53773408e+02 -2.52824917e+02  1.88683787e+02  1.34700949e+02
  2.74657762e+02 -7.89031362e+01  9.65808821e+01 -2.90392335e+02
 -5.44322181e+01  2.79291697e+02 -7.99226321e+01  2.21615991e+02
  1.29732532e+02 -1.24052233e+02 -2.01300595e+02  2.02893822e+02
  2.11227420e+02  1.91944905e+02  2.41903706e+02 -7.69789479e+01
  4.55569259e+00  1.30270049e+02  1.71555280e+02  7.90899525e-01
  1.92982267e+02 -1.29852431e+02 -2.13115857e+02  1.54028675e+02
 -2.94658073e+02  1.00681627e+01  6.84968505e+01 -6.20741660e+01
  2.19973433e+02  2.51489870e+02  2.31782763e+02 -2.39821351e+02
 -1.56231334e+02  1.34836498e+02 -2.27885026e+02  8.45558387e+01
  1.76539049e+02 -1.58594293e+02  7.94323358e+01]
stepsize_vec:,[3.0e-01 3.0e-01 3.0e-01 3.0e-01 4.0e-08 5.0e-03 4.0e-02 3.0e-04 1.2e-04
 4.0e-05 2.0e-02 2.0e-01 1.0e-01 2.0e-01 1.5e-03 6.0e+01 6.0e+01 6.0e+01
 6.0e+01 6.0e+01 6.0e+01 6.0e+01 6.0e+01 6.0e+01 6.0e+01 6.0e+01 6.0e+01
 6.0e+01 6.0e+01 6.0e+01 6.0e+01 6.0e+01 6.0e+01 6.0e+01 6.0e+01 6.0e+01
 6.0e+01 6.0e+01 6.0e+01 6.0e+01 6.0e+01 6.0e+01 6.0e+01 6.0e+01 6.0e+01
 6.0e+01 6.0e+01 6.0e+01 6.0e+01 6.0e+01 6.0e+01 6.0e+01 6.0e+01 6.0e+01
 6.0e+01 6.0e+01 6.0e+01 6.0e+01 6.0e+01 6.0e+01 6.0e+01 6.0e+01 6.0e+01
 6.0e+01 6.0e+01 6.0e+01 6.0e+01 6.0e+01 6.0e+01 6.0e+01 6.0e+01 6.0e+01
 6.0e+01 6.0e+01 6.0e+01 6.0e+01 6.0e+01 6.0e+01 6.0e+01 6.0e+01 6.0e+01
 6.0e+01 6.0e+01 6.0e+01 6.0e+01 6.0e+01 6.0e+01 6.0e+01 6.0e+01 6.0e+01
 6.0e+01 6.0e+01 6.0e+01 6.0e+01 6.0e+01 6.0e+01 6.0e+01 6.0e+01 6.0e+01
 6.0e+01 6.0e+01 6.0e+01 6.0e+01 6.0e+01 6.0e+01 6.0e+01 6.0e+01 6.0e+01
 6.0e+01 6.0e+01 6.0e+01 6.0e+01 6.0e+01 6.0e+01 6.0e+01 6.0e+01 6.0e+01
 6.0e+01 6.0e+01 6.0e+01 6.0e+01 6.0e+01 6.0e+01 6.0e+01 6.0e+01 6.0e+01
 6.0e+01 6.0e+01 6.0e+01 6.0e+01 6.0e+01 6.0e+01 6.0e+01 6.0e+01 6.0e+01
 6.0e+01 6.0e+01 6.0e+01 6.0e+01 6.0e+01 6.0e+01 6.0e+01 6.0e+01 6.0e+01
 6.0e+01 6.0e+01 6.0e+01 6.0e+01 6.0e+01 6.0e+01 6.0e+01 6.0e+01 6.0e+01
 6.0e+01 6.0e+01 6.0e+01 6.0e+01 6.0e+01 6.0e+01 6.0e+01 6.0e+01 6.0e+01
 6.0e+01 6.0e+01 6.0e+01 6.0e+01 6.0e+01 6.0e+01 6.0e+01 6.0e+01 6.0e+01
 6.0e+01 6.0e+01 6.0e+01 6.0e+01 6.0e+01 6.0e+01 6.0e+01 6.0e+01 6.0e+01
 6.0e+01 6.0e+01 6.0e+01 6.0e+01 6.0e+01 6.0e+01 6.0e+01 6.0e+01 6.0e+01
 6.0e+01 6.0e+01 6.0e+01 6.0e+01 6.0e+01 6.0e+01 6.0e+01 6.0e+01 6.0e+01
 6.0e+01 6.0e+01 6.0e+01 6.0e+01 6.0e+01 6.0e+01 6.0e+01 6.0e+01 6.0e+01
 6.0e+01 6.0e+01 6.0e+01 6.0e+01 6.0e+01 6.0e+01 6.0e+01 6.0e+01 6.0e+01
 6.0e+01 6.0e+01 6.0e+01 6.0e+01 6.0e+01 6.0e+01 6.0e+01 6.0e+01 6.0e+01
 6.0e+01 6.0e+01 6.0e+01 6.0e+01 6.0e+01 6.0e+01 6.0e+01 6.0e+01 6.0e+01
 6.0e+01 6.0e+01 6.0e+01 6.0e+01 6.0e+01 6.0e+01 6.0e+01 6.0e+01 6.0e+01
 6.0e+01 6.0e+01 6.0e+01 6.0e+01 6.0e+01 6.0e+01 6.0e+01 6.0e+01 6.0e+01
 6.0e+01 6.0e+01 6.0e+01 6.0e+01 6.0e+01 6.0e+01 6.0e+01 6.0e+01 6.0e+01
 6.0e+01 6.0e+01 6.0e+01 6.0e+01 6.0e+01 6.0e+01 6.0e+01 6.0e+01 6.0e+01
 6.0e+01 6.0e+01 6.0e+01 6.0e+01 6.0e+01 6.0e+01 6.0e+01 6.0e+01 6.0e+01
 6.0e+01 6.0e+01 6.0e+01 6.0e+01 6.0e+01 6.0e+01 6.0e+01 6.0e+01 6.0e+01
 6.0e+01 6.0e+01 6.0e+01 6.0e+01 6.0e+01 6.0e+01 6.0e+01 6.0e+01 6.0e+01
 6.0e+01 6.0e+01 6.0e+01 6.0e+01 6.0e+01 6.0e+01 6.0e+01 6.0e+01 6.0e+01
 6.0e+01 6.0e+01 6.0e+01 6.0e+01 6.0e+01 6.0e+01 6.0e+01 6.0e+01 6.0e+01
 6.0e+01 6.0e+01 6.0e+01 6.0e+01 6.0e+01 6.0e+01 6.0e+01 6.0e+01 6.0e+01
 6.0e+01 6.0e+01 6.0e+01 6.0e+01 6.0e+01 6.0e+01 6.0e+01 6.0e+01 6.0e+01
 6.0e+01 6.0e+01 6.0e+01 6.0e+01 6.0e+01 6.0e+01 6.0e+01 6.0e+01 6.0e+01
 6.0e+01 6.0e+01 6.0e+01 6.0e+01 6.0e+01 6.0e+01 6.0e+01 6.0e+01 6.0e+01
 6.0e+01 6.0e+01 6.0e+01 6.0e+01 6.0e+01 6.0e+01 6.0e+01 6.0e+01 6.0e+01
 6.0e+01 6.0e+01 6.0e+01 6.0e+01 6.0e+01 6.0e+01 6.0e+01 6.0e+01 6.0e+01
 6.0e+01 6.0e+01 6.0e+01 6.0e+01 6.0e+01 6.0e+01 6.0e+01 6.0e+01 6.0e+01
 6.0e+01 6.0e+01 6.0e+01 6.0e+01 6.0e+01 6.0e+01 6.0e+01 6.0e+01 6.0e+01
 6.0e+01 6.0e+01 6.0e+01 6.0e+01 6.0e+01 6.0e+01 6.0e+01 6.0e+01 6.0e+01
 6.0e+01 6.0e+01 6.0e+01 6.0e+01 6.0e+01 6.0e+01 6.0e+01 6.0e+01 6.0e+01
 6.0e+01 6.0e+01 6.0e+01 6.0e+01 6.0e+01 6.0e+01 6.0e+01 6.0e+01 6.0e+01
 6.0e+01]
step_ratio_vec:,[0.1 0.1 0.1 0.1 0.1 0.1 0.1 0.1 0.1 0.1 0.1 0.1 0.1 0.1 0.1 0.1 0.1 0.1
 0.1 0.1 0.1 0.1 0.1 0.1 0.1 0.1 0.1 0.1 0.1 0.1 0.1 0.1 0.1 0.1 0.1 0.1
 0.1 0.1 0.1 0.1 0.1 0.1 0.1 0.1 0.1 0.1 0.1 0.1 0.1 0.1 0.1 0.1 0.1 0.1
 0.1 0.1 0.1 0.1 0.1 0.1 0.1 0.1 0.1 0.1 0.1 0.1 0.1 0.1 0.1 0.1 0.1 0.1
 0.1 0.1 0.1 0.1 0.1 0.1 0.1 0.1 0.1 0.1 0.1 0.1 0.1 0.1 0.1 0.1 0.1 0.1
 0.1 0.1 0.1 0.1 0.1 0.1 0.1 0.1 0.1 0.1 0.1 0.1 0.1 0.1 0.1 0.1 0.1 0.1
 0.1 0.1 0.1 0.1 0.1 0.1 0.1 0.1 0.1 0.1 0.1 0.1 0.1 0.1 0.1 0.1 0.1 0.1
 0.1 0.1 0.1 0.1 0.1 0.1 0.1 0.1 0.1 0.1 0.1 0.1 0.1 0.1 0.1 0.1 0.1 0.1
 0.1 0.1 0.1 0.1 0.1 0.1 0.1 0.1 0.1 0.1 0.1 0.1 0.1 0.1 0.1 0.1 0.1 0.1
 0.1 0.1 0.1 0.1 0.1 0.1 0.1 0.1 0.1 0.1 0.1 0.1 0.1 0.1 0.1 0.1 0.1 0.1
 0.1 0.1 0.1 0.1 0.1 0.1 0.1 0.1 0.1 0.1 0.1 0.1 0.1 0.1 0.1 0.1 0.1 0.1
 0.1 0.1 0.1 0.1 0.1 0.1 0.1 0.1 0.1 0.1 0.1 0.1 0.1 0.1 0.1 0.1 0.1 0.1
 0.1 0.1 0.1 0.1 0.1 0.1 0.1 0.1 0.1 0.1 0.1 0.1 0.1 0.1 0.1 0.1 0.1 0.1
 0.1 0.1 0.1 0.1 0.1 0.1 0.1 0.1 0.1 0.1 0.1 0.1 0.1 0.1 0.1 0.1 0.1 0.1
 0.1 0.1 0.1 0.1 0.1 0.1 0.1 0.1 0.1 0.1 0.1 0.1 0.1 0.1 0.1 0.1 0.1 0.1
 0.1 0.1 0.1 0.1 0.1 0.1 0.1 0.1 0.1 0.1 0.1 0.1 0.1 0.1 0.1 0.1 0.1 0.1
 0.1 0.1 0.1 0.1 0.1 0.1 0.1 0.1 0.1 0.1 0.1 0.1 0.1 0.1 0.1 0.1 0.1 0.1
 0.1 0.1 0.1 0.1 0.1 0.1 0.1 0.1 0.1 0.1 0.1 0.1 0.1 0.1 0.1 0.1 0.1 0.1
 0.1 0.1 0.1 0.1 0.1 0.1 0.1 0.1 0.1 0.1 0.1 0.1 0.1 0.1 0.1 0.1 0.1 0.1
 0.1 0.1 0.1 0.1 0.1 0.1 0.1 0.1 0.1 0.1 0.1 0.1 0.1 0.1 0.1 0.1 0.1 0.1
 0.1 0.1 0.1 0.1 0.1 0.1 0.1 0.1 0.1 0.1 0.1 0.1 0.1 0.1 0.1 0.1 0.1 0.1
 0.1 0.1 0.1 0.1 0.1 0.1 0.1 0.1 0.1 0.1 0.1 0.1 0.1 0.1 0.1 0.1 0.1 0.1
 0.1 0.1 0.1 0.1 0.1 0.1 0.1 0.1 0.1 0.1 0.1 0.1 0.1 0.1 0.1 0.1 0.1 0.1
 0.1]
swap interval:,200
sim interval:,[-1.1175e+08 -7.4500e+07 -3.7250e+07  0.0000e+00]
likelihood_sed (T/F):,True
erodep_coords:,[[ 0  3]
 [42 94]
 [42 95]
 ...
 [96 78]
 [96 79]
 [96 80]]
sed scaling factor:,1
samples_per_chain:,33
burnin:,0.25
num params:,415
initial_proposed_vec:,[ 1.69232059e+00  2.67836355e+00  2.30821256e+00  2.23047781e+00
  1.12774970e-06  5.24820356e-01  1.14215237e+00  5.95499267e-03
  8.58782800e-04  1.00780509e-03  4.87706400e-01  4.50812438e+00
  2.40014510e+04  5.21025692e+00  1.13453378e-02  3.22591991e+01
  2.37400767e+02  1.96209987e+02  1.89645459e+02 -1.20490016e+02
 -7.80328554e+01 -1.46948754e+02  1.85663855e+02 -2.31561451e+02
 -1.36764342e+02 -2.23968645e+02 -1.69580685e+02  2.53097802e+02
 -1.41255260e+02  1.00716794e+01  1.90818002e+02  2.31944956e+02
 -2.34032554e+02 -2.13139635e+02  2.38301287e+02  6.06859368e+00
  2.84924282e+02  1.83595344e+02  2.68225705e+02  1.73387604e+02
  8.84936334e+01  2.77398781e+02  2.73802161e+02  2.11916548e+02
  9.05834451e+01 -1.92968731e+02  2.61119439e+02  1.27529885e+02
 -2.30200601e+01  1.05065802e+02  7.48533726e+01  2.62871078e+02
  3.21062301e+01  9.30018573e+01 -1.59157789e+02  2.77987811e+02
 -8.80713505e+01  4.88555618e+01 -2.79436748e+02  2.77641025e+01
 -2.52978401e+02  1.18508820e+02  1.20765448e+02  1.20072630e+02
  1.84257065e+02  1.06260087e+02  2.49658009e+02 -2.03590710e+02
 -2.33840859e+02  2.57565029e+02 -2.23744152e+02 -6.89347951e+01
 -1.48012172e+02 -2.30296407e+02 -1.57221493e+02  1.75408631e+02
 -5.77732201e+01 -1.97409717e+02 -2.28886984e+02  3.95234858e+01
  1.84056395e+02 -1.23717009e+02 -2.06838988e+01  2.24166890e+02
 -2.99548792e+02  4.83788032e+01 -7.38930954e+01 -1.60714996e+02
  2.83687416e+02  1.74906871e+02  7.20154779e+01  1.43173527e+02
  1.22122264e+01 -1.22413593e+02 -1.68232984e+02 -9.53698030e+00
 -4.35686101e+01  2.67087291e+02  6.81576299e+01  2.48373344e+02
  2.41636216e+02 -2.32535014e+02 -4.78623021e+01 -2.36080197e+02
  7.87447195e+01 -1.50857014e+02  1.46640697e+02 -1.52500066e+02
 -4.48477989e+00 -8.29525657e+01  1.36612555e+02  1.54644568e+01
 -1.09297614e+02 -2.24204080e+02  2.11095168e+02  1.55165224e+01
 -1.03504013e+02  3.47636155e+01  1.26775063e+02  2.42165332e+02
 -2.77497915e+02  1.85230364e+02  1.57059482e+02  2.28825478e+02
 -4.22875658e+00 -2.24560674e+02 -2.52816033e+02  5.88085996e+01
 -2.47731538e+02  2.64202219e+02 -7.19039287e+00 -2.31429665e+02
  1.88749387e+02 -2.43456105e+02  4.68284507e+01  2.03335420e+02
  8.17587801e+01 -1.18484147e+02 -6.71730567e+01 -1.28274296e+02
  2.87199636e+02  1.80112219e+02  1.21879540e+01 -1.76966914e+02
 -1.82985326e+02 -2.51626808e+01  2.96920015e+01  7.93223247e+01
 -1.35273927e+02 -7.25816571e+01 -2.44831603e+02  1.17141516e+01
 -7.79449633e+00  3.80377447e+01  9.66808140e+01  7.48524153e+01
  2.83234528e+02  1.12869285e+02 -1.55406323e+01  2.54786034e+02
 -4.54864596e+01  8.65813110e+01 -1.16225799e+02  1.67818244e+01
 -2.59517805e+02  2.83328237e+01 -1.22329604e+02  6.42143769e+01
  2.15257385e+02  5.73546880e+01 -3.10907607e+01 -1.76243540e+00
  2.18652971e+02  9.82055195e+01 -2.80579685e+01 -2.16110814e+01
  7.01668917e+01 -1.42401091e+02  1.24190949e+02 -2.30094918e+02
  7.93030568e+01 -1.33898456e+02 -1.15687611e+02  3.62080746e+01
  3.03488661e+01 -1.03931540e+02  2.10214657e+02 -1.44120269e+02
  2.77245415e+02 -2.23430376e+02 -1.29294397e+02 -1.07405843e+02
 -1.09702566e+02  1.82986087e+02 -7.98366483e+01 -2.43744440e+02
  8.84738802e+01 -1.65217656e+02 -5.19717003e+01  1.31857646e+02
  5.98694308e+01 -1.63241758e+01  2.25121032e+02 -1.23213143e+02
  2.49499621e+02  7.23794248e+01  1.87989318e+01  1.70726524e+02
  2.55784085e+02 -2.01900327e+02 -2.95252896e+01  6.22648233e+00
  2.68508628e+02  2.21135770e+02  2.11914428e+02 -3.53018781e+01
 -3.85030656e+01  1.67119701e+01 -1.88415428e+02  4.82953889e+01
  5.37907165e+01 -6.71922832e+01  2.04134340e+02 -1.16957949e+02
  7.73143364e+01  2.54768744e+02 -6.66663516e+01  7.64758478e+01
  9.68533256e+01 -1.81882917e+02  2.48232440e+02 -1.97620386e+02
 -8.53332947e+01 -1.50360947e+02 -1.22215723e+02  1.46729620e+02
 -2.58863784e+02 -9.59361563e+01  1.90394918e+02 -2.34172945e+02
  1.63450381e+02  2.06906668e+02  1.81552872e+02  1.65123485e+02
 -2.88812693e+02 -1.83527250e+02  2.90463815e+02 -2.64101121e+02
 -5.92674384e+01 -1.10839759e+02 -2.42040067e+02  2.54739819e+02
 -2.24140042e+02 -4.00234299e+01  2.49803887e+02 -9.31268759e+01
  1.08288581e+01 -2.36404802e+02  8.38362608e+01  2.66289365e+02
  1.18278936e+02 -2.74286008e+02  2.73987361e+02 -9.34118540e+01
  1.13239048e+02 -1.42127252e+02  2.47397928e+02 -1.76278906e+02
  2.07686484e+02  1.47227494e+02 -1.52469427e+02 -1.70491343e+02
 -7.11003783e+01 -1.13020398e+02  2.17503259e+02 -2.41602724e+02
 -2.68822894e+02 -2.05882003e+02 -2.51204558e+02  1.16538169e+02
 -2.21724643e+02 -1.30718899e+02 -1.53193540e+02 -6.84920246e+01
  1.86743548e+02 -2.37490174e+02  9.67082235e+01 -2.43349947e+02
 -1.58103093e+02 -2.92809010e+02 -1.70021251e+02  2.65697424e+02
 -1.86417671e+02  3.03805641e+01 -2.00212931e+01 -9.08920423e+00
 -2.70966195e+02  3.29992076e+01  6.47846570e+01 -9.29756747e+01
 -7.17266290e+01 -1.97926984e+02 -2.80302258e+02  2.95988742e+02
  1.98902268e+01  2.88821641e+02  2.11065408e+02  4.89962639e+00
 -1.33799404e+02  2.81906875e+02 -2.54797738e+02  5.38966465e+01
 -2.36978896e+02  2.08815494e+01  3.89056801e+01  1.79653695e+02
 -2.47295267e+01  2.66991735e+02  7.93429066e+00 -2.44539594e+01
  2.72997474e+02  7.33756713e+01  1.16959234e+02  3.87419845e+01
  1.13537445e+02 -1.05380476e+02 -1.77291890e+02 -1.66111976e+02
 -1.06876724e+02 -1.13945609e+02  7.56767373e+00  2.29173591e+02
 -2.06181949e+01 -1.62019468e+02 -8.37246628e+01 -2.83571169e+02
  1.41593321e+02 -2.82117481e+02 -2.05754408e+01  1.15407436e+02
 -4.05928533e+01 -2.56517039e+02 -2.95944922e+02  1.36972046e+02
  8.83135437e+01 -1.73656148e+01 -1.28055418e+02  2.30210255e+02
  5.83530416e+01 -2.35037015e+02  1.98519100e+02  1.96223862e+02
  3.48093425e+01 -2.28469756e+02  1.02908819e+02  1.80224939e+02
 -1.70046680e+02  1.38108007e+02  2.99524185e+02 -2.47210449e+02
  4.13565543e+01  2.19667349e+02 -1.25446208e+02  2.36705694e+02
  1.13340846e+02  1.97935019e+02 -2.63240648e+02 -1.81121277e+02
 -1.29676516e+02 -2.05811282e+02 -1.53620186e+02  2.22779116e+02
  2.53773408e+02 -2.52824917e+02  1.88683787e+02  1.34700949e+02
  2.74657762e+02 -7.89031362e+01  9.65808821e+01 -2.90392335e+02
 -5.44322181e+01  2.79291697e+02 -7.99226321e+01  2.21615991e+02
  1.29732532e+02 -1.24052233e+02 -2.01300595e+02  2.02893822e+02
  2.11227420e+02  1.91944905e+02  2.41903706e+02 -7.69789479e+01
  4.55569259e+00  1.30270049e+02  1.71555280e+02  7.90899525e-01
  1.92982267e+02 -1.29852431e+02 -2.13115857e+02  1.54028675e+02
 -2.94658073e+02  1.00681627e+01  6.84968505e+01 -6.20741660e+01
  2.19973433e+02  2.51489870e+02  2.31782763e+02 -2.39821351e+02
 -1.56231334e+02  1.34836498e+02 -2.27885026e+02  8.45558387e+01
  1.76539049e+02 -1.58594293e+02  7.94323358e+01]
stepsize_vec:,[3.0e-01 3.0e-01 3.0e-01 3.0e-01 4.0e-08 5.0e-03 4.0e-02 3.0e-04 1.2e-04
 4.0e-05 2.0e-02 2.0e-01 1.0e-01 2.0e-01 1.5e-03 6.0e+01 6.0e+01 6.0e+01
 6.0e+01 6.0e+01 6.0e+01 6.0e+01 6.0e+01 6.0e+01 6.0e+01 6.0e+01 6.0e+01
 6.0e+01 6.0e+01 6.0e+01 6.0e+01 6.0e+01 6.0e+01 6.0e+01 6.0e+01 6.0e+01
 6.0e+01 6.0e+01 6.0e+01 6.0e+01 6.0e+01 6.0e+01 6.0e+01 6.0e+01 6.0e+01
 6.0e+01 6.0e+01 6.0e+01 6.0e+01 6.0e+01 6.0e+01 6.0e+01 6.0e+01 6.0e+01
 6.0e+01 6.0e+01 6.0e+01 6.0e+01 6.0e+01 6.0e+01 6.0e+01 6.0e+01 6.0e+01
 6.0e+01 6.0e+01 6.0e+01 6.0e+01 6.0e+01 6.0e+01 6.0e+01 6.0e+01 6.0e+01
 6.0e+01 6.0e+01 6.0e+01 6.0e+01 6.0e+01 6.0e+01 6.0e+01 6.0e+01 6.0e+01
 6.0e+01 6.0e+01 6.0e+01 6.0e+01 6.0e+01 6.0e+01 6.0e+01 6.0e+01 6.0e+01
 6.0e+01 6.0e+01 6.0e+01 6.0e+01 6.0e+01 6.0e+01 6.0e+01 6.0e+01 6.0e+01
 6.0e+01 6.0e+01 6.0e+01 6.0e+01 6.0e+01 6.0e+01 6.0e+01 6.0e+01 6.0e+01
 6.0e+01 6.0e+01 6.0e+01 6.0e+01 6.0e+01 6.0e+01 6.0e+01 6.0e+01 6.0e+01
 6.0e+01 6.0e+01 6.0e+01 6.0e+01 6.0e+01 6.0e+01 6.0e+01 6.0e+01 6.0e+01
 6.0e+01 6.0e+01 6.0e+01 6.0e+01 6.0e+01 6.0e+01 6.0e+01 6.0e+01 6.0e+01
 6.0e+01 6.0e+01 6.0e+01 6.0e+01 6.0e+01 6.0e+01 6.0e+01 6.0e+01 6.0e+01
 6.0e+01 6.0e+01 6.0e+01 6.0e+01 6.0e+01 6.0e+01 6.0e+01 6.0e+01 6.0e+01
 6.0e+01 6.0e+01 6.0e+01 6.0e+01 6.0e+01 6.0e+01 6.0e+01 6.0e+01 6.0e+01
 6.0e+01 6.0e+01 6.0e+01 6.0e+01 6.0e+01 6.0e+01 6.0e+01 6.0e+01 6.0e+01
 6.0e+01 6.0e+01 6.0e+01 6.0e+01 6.0e+01 6.0e+01 6.0e+01 6.0e+01 6.0e+01
 6.0e+01 6.0e+01 6.0e+01 6.0e+01 6.0e+01 6.0e+01 6.0e+01 6.0e+01 6.0e+01
 6.0e+01 6.0e+01 6.0e+01 6.0e+01 6.0e+01 6.0e+01 6.0e+01 6.0e+01 6.0e+01
 6.0e+01 6.0e+01 6.0e+01 6.0e+01 6.0e+01 6.0e+01 6.0e+01 6.0e+01 6.0e+01
 6.0e+01 6.0e+01 6.0e+01 6.0e+01 6.0e+01 6.0e+01 6.0e+01 6.0e+01 6.0e+01
 6.0e+01 6.0e+01 6.0e+01 6.0e+01 6.0e+01 6.0e+01 6.0e+01 6.0e+01 6.0e+01
 6.0e+01 6.0e+01 6.0e+01 6.0e+01 6.0e+01 6.0e+01 6.0e+01 6.0e+01 6.0e+01
 6.0e+01 6.0e+01 6.0e+01 6.0e+01 6.0e+01 6.0e+01 6.0e+01 6.0e+01 6.0e+01
 6.0e+01 6.0e+01 6.0e+01 6.0e+01 6.0e+01 6.0e+01 6.0e+01 6.0e+01 6.0e+01
 6.0e+01 6.0e+01 6.0e+01 6.0e+01 6.0e+01 6.0e+01 6.0e+01 6.0e+01 6.0e+01
 6.0e+01 6.0e+01 6.0e+01 6.0e+01 6.0e+01 6.0e+01 6.0e+01 6.0e+01 6.0e+01
 6.0e+01 6.0e+01 6.0e+01 6.0e+01 6.0e+01 6.0e+01 6.0e+01 6.0e+01 6.0e+01
 6.0e+01 6.0e+01 6.0e+01 6.0e+01 6.0e+01 6.0e+01 6.0e+01 6.0e+01 6.0e+01
 6.0e+01 6.0e+01 6.0e+01 6.0e+01 6.0e+01 6.0e+01 6.0e+01 6.0e+01 6.0e+01
 6.0e+01 6.0e+01 6.0e+01 6.0e+01 6.0e+01 6.0e+01 6.0e+01 6.0e+01 6.0e+01
 6.0e+01 6.0e+01 6.0e+01 6.0e+01 6.0e+01 6.0e+01 6.0e+01 6.0e+01 6.0e+01
 6.0e+01 6.0e+01 6.0e+01 6.0e+01 6.0e+01 6.0e+01 6.0e+01 6.0e+01 6.0e+01
 6.0e+01 6.0e+01 6.0e+01 6.0e+01 6.0e+01 6.0e+01 6.0e+01 6.0e+01 6.0e+01
 6.0e+01 6.0e+01 6.0e+01 6.0e+01 6.0e+01 6.0e+01 6.0e+01 6.0e+01 6.0e+01
 6.0e+01 6.0e+01 6.0e+01 6.0e+01 6.0e+01 6.0e+01 6.0e+01 6.0e+01 6.0e+01
 6.0e+01 6.0e+01 6.0e+01 6.0e+01 6.0e+01 6.0e+01 6.0e+01 6.0e+01 6.0e+01
 6.0e+01 6.0e+01 6.0e+01 6.0e+01 6.0e+01 6.0e+01 6.0e+01 6.0e+01 6.0e+01
 6.0e+01 6.0e+01 6.0e+01 6.0e+01 6.0e+01 6.0e+01 6.0e+01 6.0e+01 6.0e+01
 6.0e+01 6.0e+01 6.0e+01 6.0e+01 6.0e+01 6.0e+01 6.0e+01 6.0e+01 6.0e+01
 6.0e+01 6.0e+01 6.0e+01 6.0e+01 6.0e+01 6.0e+01 6.0e+01 6.0e+01 6.0e+01
 6.0e+01 6.0e+01 6.0e+01 6.0e+01 6.0e+01 6.0e+01 6.0e+01 6.0e+01 6.0e+01
 6.0e+01 6.0e+01 6.0e+01 6.0e+01 6.0e+01 6.0e+01 6.0e+01 6.0e+01 6.0e+01
 6.0e+01]
step_ratio_vec:,[0.1 0.1 0.1 0.1 0.1 0.1 0.1 0.1 0.1 0.1 0.1 0.1 0.1 0.1 0.1 0.1 0.1 0.1
 0.1 0.1 0.1 0.1 0.1 0.1 0.1 0.1 0.1 0.1 0.1 0.1 0.1 0.1 0.1 0.1 0.1 0.1
 0.1 0.1 0.1 0.1 0.1 0.1 0.1 0.1 0.1 0.1 0.1 0.1 0.1 0.1 0.1 0.1 0.1 0.1
 0.1 0.1 0.1 0.1 0.1 0.1 0.1 0.1 0.1 0.1 0.1 0.1 0.1 0.1 0.1 0.1 0.1 0.1
 0.1 0.1 0.1 0.1 0.1 0.1 0.1 0.1 0.1 0.1 0.1 0.1 0.1 0.1 0.1 0.1 0.1 0.1
 0.1 0.1 0.1 0.1 0.1 0.1 0.1 0.1 0.1 0.1 0.1 0.1 0.1 0.1 0.1 0.1 0.1 0.1
 0.1 0.1 0.1 0.1 0.1 0.1 0.1 0.1 0.1 0.1 0.1 0.1 0.1 0.1 0.1 0.1 0.1 0.1
 0.1 0.1 0.1 0.1 0.1 0.1 0.1 0.1 0.1 0.1 0.1 0.1 0.1 0.1 0.1 0.1 0.1 0.1
 0.1 0.1 0.1 0.1 0.1 0.1 0.1 0.1 0.1 0.1 0.1 0.1 0.1 0.1 0.1 0.1 0.1 0.1
 0.1 0.1 0.1 0.1 0.1 0.1 0.1 0.1 0.1 0.1 0.1 0.1 0.1 0.1 0.1 0.1 0.1 0.1
 0.1 0.1 0.1 0.1 0.1 0.1 0.1 0.1 0.1 0.1 0.1 0.1 0.1 0.1 0.1 0.1 0.1 0.1
 0.1 0.1 0.1 0.1 0.1 0.1 0.1 0.1 0.1 0.1 0.1 0.1 0.1 0.1 0.1 0.1 0.1 0.1
 0.1 0.1 0.1 0.1 0.1 0.1 0.1 0.1 0.1 0.1 0.1 0.1 0.1 0.1 0.1 0.1 0.1 0.1
 0.1 0.1 0.1 0.1 0.1 0.1 0.1 0.1 0.1 0.1 0.1 0.1 0.1 0.1 0.1 0.1 0.1 0.1
 0.1 0.1 0.1 0.1 0.1 0.1 0.1 0.1 0.1 0.1 0.1 0.1 0.1 0.1 0.1 0.1 0.1 0.1
 0.1 0.1 0.1 0.1 0.1 0.1 0.1 0.1 0.1 0.1 0.1 0.1 0.1 0.1 0.1 0.1 0.1 0.1
 0.1 0.1 0.1 0.1 0.1 0.1 0.1 0.1 0.1 0.1 0.1 0.1 0.1 0.1 0.1 0.1 0.1 0.1
 0.1 0.1 0.1 0.1 0.1 0.1 0.1 0.1 0.1 0.1 0.1 0.1 0.1 0.1 0.1 0.1 0.1 0.1
 0.1 0.1 0.1 0.1 0.1 0.1 0.1 0.1 0.1 0.1 0.1 0.1 0.1 0.1 0.1 0.1 0.1 0.1
 0.1 0.1 0.1 0.1 0.1 0.1 0.1 0.1 0.1 0.1 0.1 0.1 0.1 0.1 0.1 0.1 0.1 0.1
 0.1 0.1 0.1 0.1 0.1 0.1 0.1 0.1 0.1 0.1 0.1 0.1 0.1 0.1 0.1 0.1 0.1 0.1
 0.1 0.1 0.1 0.1 0.1 0.1 0.1 0.1 0.1 0.1 0.1 0.1 0.1 0.1 0.1 0.1 0.1 0.1
 0.1 0.1 0.1 0.1 0.1 0.1 0.1 0.1 0.1 0.1 0.1 0.1 0.1 0.1 0.1 0.1 0.1 0.1
 0.1]
swap interval:,200
sim interval:,[-1.1175e+08 -7.4500e+07 -3.7250e+07  0.0000e+00]
likelihood_sed (T/F):,True
erodep_coords:,[[ 0  3]
 [42 94]
 [42 95]
 ...
 [96 78]
 [96 79]
 [96 80]]
sed scaling factor:,1
samples_per_chain:,33
burnin:,0.25
num params:,415
initial_proposed_vec:,[ 1.69232059e+00  2.67836355e+00  2.30821256e+00  2.23047781e+00
  1.12774970e-06  5.24820356e-01  1.14215237e+00  5.95499267e-03
  8.58782800e-04  1.00780509e-03  4.87706400e-01  4.50812438e+00
  2.40014510e+04  5.21025692e+00  1.13453378e-02  3.22591991e+01
  2.37400767e+02  1.96209987e+02  1.89645459e+02 -1.20490016e+02
 -7.80328554e+01 -1.46948754e+02  1.85663855e+02 -2.31561451e+02
 -1.36764342e+02 -2.23968645e+02 -1.69580685e+02  2.53097802e+02
 -1.41255260e+02  1.00716794e+01  1.90818002e+02  2.31944956e+02
 -2.34032554e+02 -2.13139635e+02  2.38301287e+02  6.06859368e+00
  2.84924282e+02  1.83595344e+02  2.68225705e+02  1.73387604e+02
  8.84936334e+01  2.77398781e+02  2.73802161e+02  2.11916548e+02
  9.05834451e+01 -1.92968731e+02  2.61119439e+02  1.27529885e+02
 -2.30200601e+01  1.05065802e+02  7.48533726e+01  2.62871078e+02
  3.21062301e+01  9.30018573e+01 -1.59157789e+02  2.77987811e+02
 -8.80713505e+01  4.88555618e+01 -2.79436748e+02  2.77641025e+01
 -2.52978401e+02  1.18508820e+02  1.20765448e+02  1.20072630e+02
  1.84257065e+02  1.06260087e+02  2.49658009e+02 -2.03590710e+02
 -2.33840859e+02  2.57565029e+02 -2.23744152e+02 -6.89347951e+01
 -1.48012172e+02 -2.30296407e+02 -1.57221493e+02  1.75408631e+02
 -5.77732201e+01 -1.97409717e+02 -2.28886984e+02  3.95234858e+01
  1.84056395e+02 -1.23717009e+02 -2.06838988e+01  2.24166890e+02
 -2.99548792e+02  4.83788032e+01 -7.38930954e+01 -1.60714996e+02
  2.83687416e+02  1.74906871e+02  7.20154779e+01  1.43173527e+02
  1.22122264e+01 -1.22413593e+02 -1.68232984e+02 -9.53698030e+00
 -4.35686101e+01  2.67087291e+02  6.81576299e+01  2.48373344e+02
  2.41636216e+02 -2.32535014e+02 -4.78623021e+01 -2.36080197e+02
  7.87447195e+01 -1.50857014e+02  1.46640697e+02 -1.52500066e+02
 -4.48477989e+00 -8.29525657e+01  1.36612555e+02  1.54644568e+01
 -1.09297614e+02 -2.24204080e+02  2.11095168e+02  1.55165224e+01
 -1.03504013e+02  3.47636155e+01  1.26775063e+02  2.42165332e+02
 -2.77497915e+02  1.85230364e+02  1.57059482e+02  2.28825478e+02
 -4.22875658e+00 -2.24560674e+02 -2.52816033e+02  5.88085996e+01
 -2.47731538e+02  2.64202219e+02 -7.19039287e+00 -2.31429665e+02
  1.88749387e+02 -2.43456105e+02  4.68284507e+01  2.03335420e+02
  8.17587801e+01 -1.18484147e+02 -6.71730567e+01 -1.28274296e+02
  2.87199636e+02  1.80112219e+02  1.21879540e+01 -1.76966914e+02
 -1.82985326e+02 -2.51626808e+01  2.96920015e+01  7.93223247e+01
 -1.35273927e+02 -7.25816571e+01 -2.44831603e+02  1.17141516e+01
 -7.79449633e+00  3.80377447e+01  9.66808140e+01  7.48524153e+01
  2.83234528e+02  1.12869285e+02 -1.55406323e+01  2.54786034e+02
 -4.54864596e+01  8.65813110e+01 -1.16225799e+02  1.67818244e+01
 -2.59517805e+02  2.83328237e+01 -1.22329604e+02  6.42143769e+01
  2.15257385e+02  5.73546880e+01 -3.10907607e+01 -1.76243540e+00
  2.18652971e+02  9.82055195e+01 -2.80579685e+01 -2.16110814e+01
  7.01668917e+01 -1.42401091e+02  1.24190949e+02 -2.30094918e+02
  7.93030568e+01 -1.33898456e+02 -1.15687611e+02  3.62080746e+01
  3.03488661e+01 -1.03931540e+02  2.10214657e+02 -1.44120269e+02
  2.77245415e+02 -2.23430376e+02 -1.29294397e+02 -1.07405843e+02
 -1.09702566e+02  1.82986087e+02 -7.98366483e+01 -2.43744440e+02
  8.84738802e+01 -1.65217656e+02 -5.19717003e+01  1.31857646e+02
  5.98694308e+01 -1.63241758e+01  2.25121032e+02 -1.23213143e+02
  2.49499621e+02  7.23794248e+01  1.87989318e+01  1.70726524e+02
  2.55784085e+02 -2.01900327e+02 -2.95252896e+01  6.22648233e+00
  2.68508628e+02  2.21135770e+02  2.11914428e+02 -3.53018781e+01
 -3.85030656e+01  1.67119701e+01 -1.88415428e+02  4.82953889e+01
  5.37907165e+01 -6.71922832e+01  2.04134340e+02 -1.16957949e+02
  7.73143364e+01  2.54768744e+02 -6.66663516e+01  7.64758478e+01
  9.68533256e+01 -1.81882917e+02  2.48232440e+02 -1.97620386e+02
 -8.53332947e+01 -1.50360947e+02 -1.22215723e+02  1.46729620e+02
 -2.58863784e+02 -9.59361563e+01  1.90394918e+02 -2.34172945e+02
  1.63450381e+02  2.06906668e+02  1.81552872e+02  1.65123485e+02
 -2.88812693e+02 -1.83527250e+02  2.90463815e+02 -2.64101121e+02
 -5.92674384e+01 -1.10839759e+02 -2.42040067e+02  2.54739819e+02
 -2.24140042e+02 -4.00234299e+01  2.49803887e+02 -9.31268759e+01
  1.08288581e+01 -2.36404802e+02  8.38362608e+01  2.66289365e+02
  1.18278936e+02 -2.74286008e+02  2.73987361e+02 -9.34118540e+01
  1.13239048e+02 -1.42127252e+02  2.47397928e+02 -1.76278906e+02
  2.07686484e+02  1.47227494e+02 -1.52469427e+02 -1.70491343e+02
 -7.11003783e+01 -1.13020398e+02  2.17503259e+02 -2.41602724e+02
 -2.68822894e+02 -2.05882003e+02 -2.51204558e+02  1.16538169e+02
 -2.21724643e+02 -1.30718899e+02 -1.53193540e+02 -6.84920246e+01
  1.86743548e+02 -2.37490174e+02  9.67082235e+01 -2.43349947e+02
 -1.58103093e+02 -2.92809010e+02 -1.70021251e+02  2.65697424e+02
 -1.86417671e+02  3.03805641e+01 -2.00212931e+01 -9.08920423e+00
 -2.70966195e+02  3.29992076e+01  6.47846570e+01 -9.29756747e+01
 -7.17266290e+01 -1.97926984e+02 -2.80302258e+02  2.95988742e+02
  1.98902268e+01  2.88821641e+02  2.11065408e+02  4.89962639e+00
 -1.33799404e+02  2.81906875e+02 -2.54797738e+02  5.38966465e+01
 -2.36978896e+02  2.08815494e+01  3.89056801e+01  1.79653695e+02
 -2.47295267e+01  2.66991735e+02  7.93429066e+00 -2.44539594e+01
  2.72997474e+02  7.33756713e+01  1.16959234e+02  3.87419845e+01
  1.13537445e+02 -1.05380476e+02 -1.77291890e+02 -1.66111976e+02
 -1.06876724e+02 -1.13945609e+02  7.56767373e+00  2.29173591e+02
 -2.06181949e+01 -1.62019468e+02 -8.37246628e+01 -2.83571169e+02
  1.41593321e+02 -2.82117481e+02 -2.05754408e+01  1.15407436e+02
 -4.05928533e+01 -2.56517039e+02 -2.95944922e+02  1.36972046e+02
  8.83135437e+01 -1.73656148e+01 -1.28055418e+02  2.30210255e+02
  5.83530416e+01 -2.35037015e+02  1.98519100e+02  1.96223862e+02
  3.48093425e+01 -2.28469756e+02  1.02908819e+02  1.80224939e+02
 -1.70046680e+02  1.38108007e+02  2.99524185e+02 -2.47210449e+02
  4.13565543e+01  2.19667349e+02 -1.25446208e+02  2.36705694e+02
  1.13340846e+02  1.97935019e+02 -2.63240648e+02 -1.81121277e+02
 -1.29676516e+02 -2.05811282e+02 -1.53620186e+02  2.22779116e+02
  2.53773408e+02 -2.52824917e+02  1.88683787e+02  1.34700949e+02
  2.74657762e+02 -7.89031362e+01  9.65808821e+01 -2.90392335e+02
 -5.44322181e+01  2.79291697e+02 -7.99226321e+01  2.21615991e+02
  1.29732532e+02 -1.24052233e+02 -2.01300595e+02  2.02893822e+02
  2.11227420e+02  1.91944905e+02  2.41903706e+02 -7.69789479e+01
  4.55569259e+00  1.30270049e+02  1.71555280e+02  7.90899525e-01
  1.92982267e+02 -1.29852431e+02 -2.13115857e+02  1.54028675e+02
 -2.94658073e+02  1.00681627e+01  6.84968505e+01 -6.20741660e+01
  2.19973433e+02  2.51489870e+02  2.31782763e+02 -2.39821351e+02
 -1.56231334e+02  1.34836498e+02 -2.27885026e+02  8.45558387e+01
  1.76539049e+02 -1.58594293e+02  7.94323358e+01]
stepsize_vec:,[3.0e-01 3.0e-01 3.0e-01 3.0e-01 4.0e-08 5.0e-03 4.0e-02 3.0e-04 1.2e-04
 4.0e-05 2.0e-02 2.0e-01 1.0e-01 2.0e-01 1.5e-03 6.0e+01 6.0e+01 6.0e+01
 6.0e+01 6.0e+01 6.0e+01 6.0e+01 6.0e+01 6.0e+01 6.0e+01 6.0e+01 6.0e+01
 6.0e+01 6.0e+01 6.0e+01 6.0e+01 6.0e+01 6.0e+01 6.0e+01 6.0e+01 6.0e+01
 6.0e+01 6.0e+01 6.0e+01 6.0e+01 6.0e+01 6.0e+01 6.0e+01 6.0e+01 6.0e+01
 6.0e+01 6.0e+01 6.0e+01 6.0e+01 6.0e+01 6.0e+01 6.0e+01 6.0e+01 6.0e+01
 6.0e+01 6.0e+01 6.0e+01 6.0e+01 6.0e+01 6.0e+01 6.0e+01 6.0e+01 6.0e+01
 6.0e+01 6.0e+01 6.0e+01 6.0e+01 6.0e+01 6.0e+01 6.0e+01 6.0e+01 6.0e+01
 6.0e+01 6.0e+01 6.0e+01 6.0e+01 6.0e+01 6.0e+01 6.0e+01 6.0e+01 6.0e+01
 6.0e+01 6.0e+01 6.0e+01 6.0e+01 6.0e+01 6.0e+01 6.0e+01 6.0e+01 6.0e+01
 6.0e+01 6.0e+01 6.0e+01 6.0e+01 6.0e+01 6.0e+01 6.0e+01 6.0e+01 6.0e+01
 6.0e+01 6.0e+01 6.0e+01 6.0e+01 6.0e+01 6.0e+01 6.0e+01 6.0e+01 6.0e+01
 6.0e+01 6.0e+01 6.0e+01 6.0e+01 6.0e+01 6.0e+01 6.0e+01 6.0e+01 6.0e+01
 6.0e+01 6.0e+01 6.0e+01 6.0e+01 6.0e+01 6.0e+01 6.0e+01 6.0e+01 6.0e+01
 6.0e+01 6.0e+01 6.0e+01 6.0e+01 6.0e+01 6.0e+01 6.0e+01 6.0e+01 6.0e+01
 6.0e+01 6.0e+01 6.0e+01 6.0e+01 6.0e+01 6.0e+01 6.0e+01 6.0e+01 6.0e+01
 6.0e+01 6.0e+01 6.0e+01 6.0e+01 6.0e+01 6.0e+01 6.0e+01 6.0e+01 6.0e+01
 6.0e+01 6.0e+01 6.0e+01 6.0e+01 6.0e+01 6.0e+01 6.0e+01 6.0e+01 6.0e+01
 6.0e+01 6.0e+01 6.0e+01 6.0e+01 6.0e+01 6.0e+01 6.0e+01 6.0e+01 6.0e+01
 6.0e+01 6.0e+01 6.0e+01 6.0e+01 6.0e+01 6.0e+01 6.0e+01 6.0e+01 6.0e+01
 6.0e+01 6.0e+01 6.0e+01 6.0e+01 6.0e+01 6.0e+01 6.0e+01 6.0e+01 6.0e+01
 6.0e+01 6.0e+01 6.0e+01 6.0e+01 6.0e+01 6.0e+01 6.0e+01 6.0e+01 6.0e+01
 6.0e+01 6.0e+01 6.0e+01 6.0e+01 6.0e+01 6.0e+01 6.0e+01 6.0e+01 6.0e+01
 6.0e+01 6.0e+01 6.0e+01 6.0e+01 6.0e+01 6.0e+01 6.0e+01 6.0e+01 6.0e+01
 6.0e+01 6.0e+01 6.0e+01 6.0e+01 6.0e+01 6.0e+01 6.0e+01 6.0e+01 6.0e+01
 6.0e+01 6.0e+01 6.0e+01 6.0e+01 6.0e+01 6.0e+01 6.0e+01 6.0e+01 6.0e+01
 6.0e+01 6.0e+01 6.0e+01 6.0e+01 6.0e+01 6.0e+01 6.0e+01 6.0e+01 6.0e+01
 6.0e+01 6.0e+01 6.0e+01 6.0e+01 6.0e+01 6.0e+01 6.0e+01 6.0e+01 6.0e+01
 6.0e+01 6.0e+01 6.0e+01 6.0e+01 6.0e+01 6.0e+01 6.0e+01 6.0e+01 6.0e+01
 6.0e+01 6.0e+01 6.0e+01 6.0e+01 6.0e+01 6.0e+01 6.0e+01 6.0e+01 6.0e+01
 6.0e+01 6.0e+01 6.0e+01 6.0e+01 6.0e+01 6.0e+01 6.0e+01 6.0e+01 6.0e+01
 6.0e+01 6.0e+01 6.0e+01 6.0e+01 6.0e+01 6.0e+01 6.0e+01 6.0e+01 6.0e+01
 6.0e+01 6.0e+01 6.0e+01 6.0e+01 6.0e+01 6.0e+01 6.0e+01 6.0e+01 6.0e+01
 6.0e+01 6.0e+01 6.0e+01 6.0e+01 6.0e+01 6.0e+01 6.0e+01 6.0e+01 6.0e+01
 6.0e+01 6.0e+01 6.0e+01 6.0e+01 6.0e+01 6.0e+01 6.0e+01 6.0e+01 6.0e+01
 6.0e+01 6.0e+01 6.0e+01 6.0e+01 6.0e+01 6.0e+01 6.0e+01 6.0e+01 6.0e+01
 6.0e+01 6.0e+01 6.0e+01 6.0e+01 6.0e+01 6.0e+01 6.0e+01 6.0e+01 6.0e+01
 6.0e+01 6.0e+01 6.0e+01 6.0e+01 6.0e+01 6.0e+01 6.0e+01 6.0e+01 6.0e+01
 6.0e+01 6.0e+01 6.0e+01 6.0e+01 6.0e+01 6.0e+01 6.0e+01 6.0e+01 6.0e+01
 6.0e+01 6.0e+01 6.0e+01 6.0e+01 6.0e+01 6.0e+01 6.0e+01 6.0e+01 6.0e+01
 6.0e+01 6.0e+01 6.0e+01 6.0e+01 6.0e+01 6.0e+01 6.0e+01 6.0e+01 6.0e+01
 6.0e+01 6.0e+01 6.0e+01 6.0e+01 6.0e+01 6.0e+01 6.0e+01 6.0e+01 6.0e+01
 6.0e+01 6.0e+01 6.0e+01 6.0e+01 6.0e+01 6.0e+01 6.0e+01 6.0e+01 6.0e+01
 6.0e+01 6.0e+01 6.0e+01 6.0e+01 6.0e+01 6.0e+01 6.0e+01 6.0e+01 6.0e+01
 6.0e+01 6.0e+01 6.0e+01 6.0e+01 6.0e+01 6.0e+01 6.0e+01 6.0e+01 6.0e+01
 6.0e+01 6.0e+01 6.0e+01 6.0e+01 6.0e+01 6.0e+01 6.0e+01 6.0e+01 6.0e+01
 6.0e+01]
step_ratio_vec:,[0.1 0.1 0.1 0.1 0.1 0.1 0.1 0.1 0.1 0.1 0.1 0.1 0.1 0.1 0.1 0.1 0.1 0.1
 0.1 0.1 0.1 0.1 0.1 0.1 0.1 0.1 0.1 0.1 0.1 0.1 0.1 0.1 0.1 0.1 0.1 0.1
 0.1 0.1 0.1 0.1 0.1 0.1 0.1 0.1 0.1 0.1 0.1 0.1 0.1 0.1 0.1 0.1 0.1 0.1
 0.1 0.1 0.1 0.1 0.1 0.1 0.1 0.1 0.1 0.1 0.1 0.1 0.1 0.1 0.1 0.1 0.1 0.1
 0.1 0.1 0.1 0.1 0.1 0.1 0.1 0.1 0.1 0.1 0.1 0.1 0.1 0.1 0.1 0.1 0.1 0.1
 0.1 0.1 0.1 0.1 0.1 0.1 0.1 0.1 0.1 0.1 0.1 0.1 0.1 0.1 0.1 0.1 0.1 0.1
 0.1 0.1 0.1 0.1 0.1 0.1 0.1 0.1 0.1 0.1 0.1 0.1 0.1 0.1 0.1 0.1 0.1 0.1
 0.1 0.1 0.1 0.1 0.1 0.1 0.1 0.1 0.1 0.1 0.1 0.1 0.1 0.1 0.1 0.1 0.1 0.1
 0.1 0.1 0.1 0.1 0.1 0.1 0.1 0.1 0.1 0.1 0.1 0.1 0.1 0.1 0.1 0.1 0.1 0.1
 0.1 0.1 0.1 0.1 0.1 0.1 0.1 0.1 0.1 0.1 0.1 0.1 0.1 0.1 0.1 0.1 0.1 0.1
 0.1 0.1 0.1 0.1 0.1 0.1 0.1 0.1 0.1 0.1 0.1 0.1 0.1 0.1 0.1 0.1 0.1 0.1
 0.1 0.1 0.1 0.1 0.1 0.1 0.1 0.1 0.1 0.1 0.1 0.1 0.1 0.1 0.1 0.1 0.1 0.1
 0.1 0.1 0.1 0.1 0.1 0.1 0.1 0.1 0.1 0.1 0.1 0.1 0.1 0.1 0.1 0.1 0.1 0.1
 0.1 0.1 0.1 0.1 0.1 0.1 0.1 0.1 0.1 0.1 0.1 0.1 0.1 0.1 0.1 0.1 0.1 0.1
 0.1 0.1 0.1 0.1 0.1 0.1 0.1 0.1 0.1 0.1 0.1 0.1 0.1 0.1 0.1 0.1 0.1 0.1
 0.1 0.1 0.1 0.1 0.1 0.1 0.1 0.1 0.1 0.1 0.1 0.1 0.1 0.1 0.1 0.1 0.1 0.1
 0.1 0.1 0.1 0.1 0.1 0.1 0.1 0.1 0.1 0.1 0.1 0.1 0.1 0.1 0.1 0.1 0.1 0.1
 0.1 0.1 0.1 0.1 0.1 0.1 0.1 0.1 0.1 0.1 0.1 0.1 0.1 0.1 0.1 0.1 0.1 0.1
 0.1 0.1 0.1 0.1 0.1 0.1 0.1 0.1 0.1 0.1 0.1 0.1 0.1 0.1 0.1 0.1 0.1 0.1
 0.1 0.1 0.1 0.1 0.1 0.1 0.1 0.1 0.1 0.1 0.1 0.1 0.1 0.1 0.1 0.1 0.1 0.1
 0.1 0.1 0.1 0.1 0.1 0.1 0.1 0.1 0.1 0.1 0.1 0.1 0.1 0.1 0.1 0.1 0.1 0.1
 0.1 0.1 0.1 0.1 0.1 0.1 0.1 0.1 0.1 0.1 0.1 0.1 0.1 0.1 0.1 0.1 0.1 0.1
 0.1 0.1 0.1 0.1 0.1 0.1 0.1 0.1 0.1 0.1 0.1 0.1 0.1 0.1 0.1 0.1 0.1 0.1
 0.1]
swap interval:,200
sim interval:,[-1.1175e+08 -7.4500e+07 -3.7250e+07  0.0000e+00]
likelihood_sed (T/F):,True
erodep_coords:,[[ 0  3]
 [42 94]
 [42 95]
 ...
 [96 78]
 [96 79]
 [96 80]]
sed scaling factor:,1
samples_per_chain:,33
burnin:,0.25
num params:,415
initial_proposed_vec:,[ 1.69232059e+00  2.67836355e+00  2.30821256e+00  2.23047781e+00
  1.12774970e-06  5.24820356e-01  1.14215237e+00  5.95499267e-03
  8.58782800e-04  1.00780509e-03  4.87706400e-01  4.50812438e+00
  2.40014510e+04  5.21025692e+00  1.13453378e-02  3.22591991e+01
  2.37400767e+02  1.96209987e+02  1.89645459e+02 -1.20490016e+02
 -7.80328554e+01 -1.46948754e+02  1.85663855e+02 -2.31561451e+02
 -1.36764342e+02 -2.23968645e+02 -1.69580685e+02  2.53097802e+02
 -1.41255260e+02  1.00716794e+01  1.90818002e+02  2.31944956e+02
 -2.34032554e+02 -2.13139635e+02  2.38301287e+02  6.06859368e+00
  2.84924282e+02  1.83595344e+02  2.68225705e+02  1.73387604e+02
  8.84936334e+01  2.77398781e+02  2.73802161e+02  2.11916548e+02
  9.05834451e+01 -1.92968731e+02  2.61119439e+02  1.27529885e+02
 -2.30200601e+01  1.05065802e+02  7.48533726e+01  2.62871078e+02
  3.21062301e+01  9.30018573e+01 -1.59157789e+02  2.77987811e+02
 -8.80713505e+01  4.88555618e+01 -2.79436748e+02  2.77641025e+01
 -2.52978401e+02  1.18508820e+02  1.20765448e+02  1.20072630e+02
  1.84257065e+02  1.06260087e+02  2.49658009e+02 -2.03590710e+02
 -2.33840859e+02  2.57565029e+02 -2.23744152e+02 -6.89347951e+01
 -1.48012172e+02 -2.30296407e+02 -1.57221493e+02  1.75408631e+02
 -5.77732201e+01 -1.97409717e+02 -2.28886984e+02  3.95234858e+01
  1.84056395e+02 -1.23717009e+02 -2.06838988e+01  2.24166890e+02
 -2.99548792e+02  4.83788032e+01 -7.38930954e+01 -1.60714996e+02
  2.83687416e+02  1.74906871e+02  7.20154779e+01  1.43173527e+02
  1.22122264e+01 -1.22413593e+02 -1.68232984e+02 -9.53698030e+00
 -4.35686101e+01  2.67087291e+02  6.81576299e+01  2.48373344e+02
  2.41636216e+02 -2.32535014e+02 -4.78623021e+01 -2.36080197e+02
  7.87447195e+01 -1.50857014e+02  1.46640697e+02 -1.52500066e+02
 -4.48477989e+00 -8.29525657e+01  1.36612555e+02  1.54644568e+01
 -1.09297614e+02 -2.24204080e+02  2.11095168e+02  1.55165224e+01
 -1.03504013e+02  3.47636155e+01  1.26775063e+02  2.42165332e+02
 -2.77497915e+02  1.85230364e+02  1.57059482e+02  2.28825478e+02
 -4.22875658e+00 -2.24560674e+02 -2.52816033e+02  5.88085996e+01
 -2.47731538e+02  2.64202219e+02 -7.19039287e+00 -2.31429665e+02
  1.88749387e+02 -2.43456105e+02  4.68284507e+01  2.03335420e+02
  8.17587801e+01 -1.18484147e+02 -6.71730567e+01 -1.28274296e+02
  2.87199636e+02  1.80112219e+02  1.21879540e+01 -1.76966914e+02
 -1.82985326e+02 -2.51626808e+01  2.96920015e+01  7.93223247e+01
 -1.35273927e+02 -7.25816571e+01 -2.44831603e+02  1.17141516e+01
 -7.79449633e+00  3.80377447e+01  9.66808140e+01  7.48524153e+01
  2.83234528e+02  1.12869285e+02 -1.55406323e+01  2.54786034e+02
 -4.54864596e+01  8.65813110e+01 -1.16225799e+02  1.67818244e+01
 -2.59517805e+02  2.83328237e+01 -1.22329604e+02  6.42143769e+01
  2.15257385e+02  5.73546880e+01 -3.10907607e+01 -1.76243540e+00
  2.18652971e+02  9.82055195e+01 -2.80579685e+01 -2.16110814e+01
  7.01668917e+01 -1.42401091e+02  1.24190949e+02 -2.30094918e+02
  7.93030568e+01 -1.33898456e+02 -1.15687611e+02  3.62080746e+01
  3.03488661e+01 -1.03931540e+02  2.10214657e+02 -1.44120269e+02
  2.77245415e+02 -2.23430376e+02 -1.29294397e+02 -1.07405843e+02
 -1.09702566e+02  1.82986087e+02 -7.98366483e+01 -2.43744440e+02
  8.84738802e+01 -1.65217656e+02 -5.19717003e+01  1.31857646e+02
  5.98694308e+01 -1.63241758e+01  2.25121032e+02 -1.23213143e+02
  2.49499621e+02  7.23794248e+01  1.87989318e+01  1.70726524e+02
  2.55784085e+02 -2.01900327e+02 -2.95252896e+01  6.22648233e+00
  2.68508628e+02  2.21135770e+02  2.11914428e+02 -3.53018781e+01
 -3.85030656e+01  1.67119701e+01 -1.88415428e+02  4.82953889e+01
  5.37907165e+01 -6.71922832e+01  2.04134340e+02 -1.16957949e+02
  7.73143364e+01  2.54768744e+02 -6.66663516e+01  7.64758478e+01
  9.68533256e+01 -1.81882917e+02  2.48232440e+02 -1.97620386e+02
 -8.53332947e+01 -1.50360947e+02 -1.22215723e+02  1.46729620e+02
 -2.58863784e+02 -9.59361563e+01  1.90394918e+02 -2.34172945e+02
  1.63450381e+02  2.06906668e+02  1.81552872e+02  1.65123485e+02
 -2.88812693e+02 -1.83527250e+02  2.90463815e+02 -2.64101121e+02
 -5.92674384e+01 -1.10839759e+02 -2.42040067e+02  2.54739819e+02
 -2.24140042e+02 -4.00234299e+01  2.49803887e+02 -9.31268759e+01
  1.08288581e+01 -2.36404802e+02  8.38362608e+01  2.66289365e+02
  1.18278936e+02 -2.74286008e+02  2.73987361e+02 -9.34118540e+01
  1.13239048e+02 -1.42127252e+02  2.47397928e+02 -1.76278906e+02
  2.07686484e+02  1.47227494e+02 -1.52469427e+02 -1.70491343e+02
 -7.11003783e+01 -1.13020398e+02  2.17503259e+02 -2.41602724e+02
 -2.68822894e+02 -2.05882003e+02 -2.51204558e+02  1.16538169e+02
 -2.21724643e+02 -1.30718899e+02 -1.53193540e+02 -6.84920246e+01
  1.86743548e+02 -2.37490174e+02  9.67082235e+01 -2.43349947e+02
 -1.58103093e+02 -2.92809010e+02 -1.70021251e+02  2.65697424e+02
 -1.86417671e+02  3.03805641e+01 -2.00212931e+01 -9.08920423e+00
 -2.70966195e+02  3.29992076e+01  6.47846570e+01 -9.29756747e+01
 -7.17266290e+01 -1.97926984e+02 -2.80302258e+02  2.95988742e+02
  1.98902268e+01  2.88821641e+02  2.11065408e+02  4.89962639e+00
 -1.33799404e+02  2.81906875e+02 -2.54797738e+02  5.38966465e+01
 -2.36978896e+02  2.08815494e+01  3.89056801e+01  1.79653695e+02
 -2.47295267e+01  2.66991735e+02  7.93429066e+00 -2.44539594e+01
  2.72997474e+02  7.33756713e+01  1.16959234e+02  3.87419845e+01
  1.13537445e+02 -1.05380476e+02 -1.77291890e+02 -1.66111976e+02
 -1.06876724e+02 -1.13945609e+02  7.56767373e+00  2.29173591e+02
 -2.06181949e+01 -1.62019468e+02 -8.37246628e+01 -2.83571169e+02
  1.41593321e+02 -2.82117481e+02 -2.05754408e+01  1.15407436e+02
 -4.05928533e+01 -2.56517039e+02 -2.95944922e+02  1.36972046e+02
  8.83135437e+01 -1.73656148e+01 -1.28055418e+02  2.30210255e+02
  5.83530416e+01 -2.35037015e+02  1.98519100e+02  1.96223862e+02
  3.48093425e+01 -2.28469756e+02  1.02908819e+02  1.80224939e+02
 -1.70046680e+02  1.38108007e+02  2.99524185e+02 -2.47210449e+02
  4.13565543e+01  2.19667349e+02 -1.25446208e+02  2.36705694e+02
  1.13340846e+02  1.97935019e+02 -2.63240648e+02 -1.81121277e+02
 -1.29676516e+02 -2.05811282e+02 -1.53620186e+02  2.22779116e+02
  2.53773408e+02 -2.52824917e+02  1.88683787e+02  1.34700949e+02
  2.74657762e+02 -7.89031362e+01  9.65808821e+01 -2.90392335e+02
 -5.44322181e+01  2.79291697e+02 -7.99226321e+01  2.21615991e+02
  1.29732532e+02 -1.24052233e+02 -2.01300595e+02  2.02893822e+02
  2.11227420e+02  1.91944905e+02  2.41903706e+02 -7.69789479e+01
  4.55569259e+00  1.30270049e+02  1.71555280e+02  7.90899525e-01
  1.92982267e+02 -1.29852431e+02 -2.13115857e+02  1.54028675e+02
 -2.94658073e+02  1.00681627e+01  6.84968505e+01 -6.20741660e+01
  2.19973433e+02  2.51489870e+02  2.31782763e+02 -2.39821351e+02
 -1.56231334e+02  1.34836498e+02 -2.27885026e+02  8.45558387e+01
  1.76539049e+02 -1.58594293e+02  7.94323358e+01]
stepsize_vec:,[3.0e-01 3.0e-01 3.0e-01 3.0e-01 4.0e-08 5.0e-03 4.0e-02 3.0e-04 1.2e-04
 4.0e-05 2.0e-02 2.0e-01 1.0e-01 2.0e-01 1.5e-03 6.0e+01 6.0e+01 6.0e+01
 6.0e+01 6.0e+01 6.0e+01 6.0e+01 6.0e+01 6.0e+01 6.0e+01 6.0e+01 6.0e+01
 6.0e+01 6.0e+01 6.0e+01 6.0e+01 6.0e+01 6.0e+01 6.0e+01 6.0e+01 6.0e+01
 6.0e+01 6.0e+01 6.0e+01 6.0e+01 6.0e+01 6.0e+01 6.0e+01 6.0e+01 6.0e+01
 6.0e+01 6.0e+01 6.0e+01 6.0e+01 6.0e+01 6.0e+01 6.0e+01 6.0e+01 6.0e+01
 6.0e+01 6.0e+01 6.0e+01 6.0e+01 6.0e+01 6.0e+01 6.0e+01 6.0e+01 6.0e+01
 6.0e+01 6.0e+01 6.0e+01 6.0e+01 6.0e+01 6.0e+01 6.0e+01 6.0e+01 6.0e+01
 6.0e+01 6.0e+01 6.0e+01 6.0e+01 6.0e+01 6.0e+01 6.0e+01 6.0e+01 6.0e+01
 6.0e+01 6.0e+01 6.0e+01 6.0e+01 6.0e+01 6.0e+01 6.0e+01 6.0e+01 6.0e+01
 6.0e+01 6.0e+01 6.0e+01 6.0e+01 6.0e+01 6.0e+01 6.0e+01 6.0e+01 6.0e+01
 6.0e+01 6.0e+01 6.0e+01 6.0e+01 6.0e+01 6.0e+01 6.0e+01 6.0e+01 6.0e+01
 6.0e+01 6.0e+01 6.0e+01 6.0e+01 6.0e+01 6.0e+01 6.0e+01 6.0e+01 6.0e+01
 6.0e+01 6.0e+01 6.0e+01 6.0e+01 6.0e+01 6.0e+01 6.0e+01 6.0e+01 6.0e+01
 6.0e+01 6.0e+01 6.0e+01 6.0e+01 6.0e+01 6.0e+01 6.0e+01 6.0e+01 6.0e+01
 6.0e+01 6.0e+01 6.0e+01 6.0e+01 6.0e+01 6.0e+01 6.0e+01 6.0e+01 6.0e+01
 6.0e+01 6.0e+01 6.0e+01 6.0e+01 6.0e+01 6.0e+01 6.0e+01 6.0e+01 6.0e+01
 6.0e+01 6.0e+01 6.0e+01 6.0e+01 6.0e+01 6.0e+01 6.0e+01 6.0e+01 6.0e+01
 6.0e+01 6.0e+01 6.0e+01 6.0e+01 6.0e+01 6.0e+01 6.0e+01 6.0e+01 6.0e+01
 6.0e+01 6.0e+01 6.0e+01 6.0e+01 6.0e+01 6.0e+01 6.0e+01 6.0e+01 6.0e+01
 6.0e+01 6.0e+01 6.0e+01 6.0e+01 6.0e+01 6.0e+01 6.0e+01 6.0e+01 6.0e+01
 6.0e+01 6.0e+01 6.0e+01 6.0e+01 6.0e+01 6.0e+01 6.0e+01 6.0e+01 6.0e+01
 6.0e+01 6.0e+01 6.0e+01 6.0e+01 6.0e+01 6.0e+01 6.0e+01 6.0e+01 6.0e+01
 6.0e+01 6.0e+01 6.0e+01 6.0e+01 6.0e+01 6.0e+01 6.0e+01 6.0e+01 6.0e+01
 6.0e+01 6.0e+01 6.0e+01 6.0e+01 6.0e+01 6.0e+01 6.0e+01 6.0e+01 6.0e+01
 6.0e+01 6.0e+01 6.0e+01 6.0e+01 6.0e+01 6.0e+01 6.0e+01 6.0e+01 6.0e+01
 6.0e+01 6.0e+01 6.0e+01 6.0e+01 6.0e+01 6.0e+01 6.0e+01 6.0e+01 6.0e+01
 6.0e+01 6.0e+01 6.0e+01 6.0e+01 6.0e+01 6.0e+01 6.0e+01 6.0e+01 6.0e+01
 6.0e+01 6.0e+01 6.0e+01 6.0e+01 6.0e+01 6.0e+01 6.0e+01 6.0e+01 6.0e+01
 6.0e+01 6.0e+01 6.0e+01 6.0e+01 6.0e+01 6.0e+01 6.0e+01 6.0e+01 6.0e+01
 6.0e+01 6.0e+01 6.0e+01 6.0e+01 6.0e+01 6.0e+01 6.0e+01 6.0e+01 6.0e+01
 6.0e+01 6.0e+01 6.0e+01 6.0e+01 6.0e+01 6.0e+01 6.0e+01 6.0e+01 6.0e+01
 6.0e+01 6.0e+01 6.0e+01 6.0e+01 6.0e+01 6.0e+01 6.0e+01 6.0e+01 6.0e+01
 6.0e+01 6.0e+01 6.0e+01 6.0e+01 6.0e+01 6.0e+01 6.0e+01 6.0e+01 6.0e+01
 6.0e+01 6.0e+01 6.0e+01 6.0e+01 6.0e+01 6.0e+01 6.0e+01 6.0e+01 6.0e+01
 6.0e+01 6.0e+01 6.0e+01 6.0e+01 6.0e+01 6.0e+01 6.0e+01 6.0e+01 6.0e+01
 6.0e+01 6.0e+01 6.0e+01 6.0e+01 6.0e+01 6.0e+01 6.0e+01 6.0e+01 6.0e+01
 6.0e+01 6.0e+01 6.0e+01 6.0e+01 6.0e+01 6.0e+01 6.0e+01 6.0e+01 6.0e+01
 6.0e+01 6.0e+01 6.0e+01 6.0e+01 6.0e+01 6.0e+01 6.0e+01 6.0e+01 6.0e+01
 6.0e+01 6.0e+01 6.0e+01 6.0e+01 6.0e+01 6.0e+01 6.0e+01 6.0e+01 6.0e+01
 6.0e+01 6.0e+01 6.0e+01 6.0e+01 6.0e+01 6.0e+01 6.0e+01 6.0e+01 6.0e+01
 6.0e+01 6.0e+01 6.0e+01 6.0e+01 6.0e+01 6.0e+01 6.0e+01 6.0e+01 6.0e+01
 6.0e+01 6.0e+01 6.0e+01 6.0e+01 6.0e+01 6.0e+01 6.0e+01 6.0e+01 6.0e+01
 6.0e+01 6.0e+01 6.0e+01 6.0e+01 6.0e+01 6.0e+01 6.0e+01 6.0e+01 6.0e+01
 6.0e+01 6.0e+01 6.0e+01 6.0e+01 6.0e+01 6.0e+01 6.0e+01 6.0e+01 6.0e+01
 6.0e+01 6.0e+01 6.0e+01 6.0e+01 6.0e+01 6.0e+01 6.0e+01 6.0e+01 6.0e+01
 6.0e+01]
step_ratio_vec:,[0.1 0.1 0.1 0.1 0.1 0.1 0.1 0.1 0.1 0.1 0.1 0.1 0.1 0.1 0.1 0.1 0.1 0.1
 0.1 0.1 0.1 0.1 0.1 0.1 0.1 0.1 0.1 0.1 0.1 0.1 0.1 0.1 0.1 0.1 0.1 0.1
 0.1 0.1 0.1 0.1 0.1 0.1 0.1 0.1 0.1 0.1 0.1 0.1 0.1 0.1 0.1 0.1 0.1 0.1
 0.1 0.1 0.1 0.1 0.1 0.1 0.1 0.1 0.1 0.1 0.1 0.1 0.1 0.1 0.1 0.1 0.1 0.1
 0.1 0.1 0.1 0.1 0.1 0.1 0.1 0.1 0.1 0.1 0.1 0.1 0.1 0.1 0.1 0.1 0.1 0.1
 0.1 0.1 0.1 0.1 0.1 0.1 0.1 0.1 0.1 0.1 0.1 0.1 0.1 0.1 0.1 0.1 0.1 0.1
 0.1 0.1 0.1 0.1 0.1 0.1 0.1 0.1 0.1 0.1 0.1 0.1 0.1 0.1 0.1 0.1 0.1 0.1
 0.1 0.1 0.1 0.1 0.1 0.1 0.1 0.1 0.1 0.1 0.1 0.1 0.1 0.1 0.1 0.1 0.1 0.1
 0.1 0.1 0.1 0.1 0.1 0.1 0.1 0.1 0.1 0.1 0.1 0.1 0.1 0.1 0.1 0.1 0.1 0.1
 0.1 0.1 0.1 0.1 0.1 0.1 0.1 0.1 0.1 0.1 0.1 0.1 0.1 0.1 0.1 0.1 0.1 0.1
 0.1 0.1 0.1 0.1 0.1 0.1 0.1 0.1 0.1 0.1 0.1 0.1 0.1 0.1 0.1 0.1 0.1 0.1
 0.1 0.1 0.1 0.1 0.1 0.1 0.1 0.1 0.1 0.1 0.1 0.1 0.1 0.1 0.1 0.1 0.1 0.1
 0.1 0.1 0.1 0.1 0.1 0.1 0.1 0.1 0.1 0.1 0.1 0.1 0.1 0.1 0.1 0.1 0.1 0.1
 0.1 0.1 0.1 0.1 0.1 0.1 0.1 0.1 0.1 0.1 0.1 0.1 0.1 0.1 0.1 0.1 0.1 0.1
 0.1 0.1 0.1 0.1 0.1 0.1 0.1 0.1 0.1 0.1 0.1 0.1 0.1 0.1 0.1 0.1 0.1 0.1
 0.1 0.1 0.1 0.1 0.1 0.1 0.1 0.1 0.1 0.1 0.1 0.1 0.1 0.1 0.1 0.1 0.1 0.1
 0.1 0.1 0.1 0.1 0.1 0.1 0.1 0.1 0.1 0.1 0.1 0.1 0.1 0.1 0.1 0.1 0.1 0.1
 0.1 0.1 0.1 0.1 0.1 0.1 0.1 0.1 0.1 0.1 0.1 0.1 0.1 0.1 0.1 0.1 0.1 0.1
 0.1 0.1 0.1 0.1 0.1 0.1 0.1 0.1 0.1 0.1 0.1 0.1 0.1 0.1 0.1 0.1 0.1 0.1
 0.1 0.1 0.1 0.1 0.1 0.1 0.1 0.1 0.1 0.1 0.1 0.1 0.1 0.1 0.1 0.1 0.1 0.1
 0.1 0.1 0.1 0.1 0.1 0.1 0.1 0.1 0.1 0.1 0.1 0.1 0.1 0.1 0.1 0.1 0.1 0.1
 0.1 0.1 0.1 0.1 0.1 0.1 0.1 0.1 0.1 0.1 0.1 0.1 0.1 0.1 0.1 0.1 0.1 0.1
 0.1 0.1 0.1 0.1 0.1 0.1 0.1 0.1 0.1 0.1 0.1 0.1 0.1 0.1 0.1 0.1 0.1 0.1
 0.1]
swap interval:,200
sim interval:,[-1.1175e+08 -7.4500e+07 -3.7250e+07  0.0000e+00]
likelihood_sed (T/F):,True
erodep_coords:,[[ 0  3]
 [42 94]
 [42 95]
 ...
 [96 78]
 [96 79]
 [96 80]]
sed scaling factor:,1
samples_per_chain:,33
burnin:,0.25
num params:,415
initial_proposed_vec:,[ 1.69232059e+00  2.67836355e+00  2.30821256e+00  2.23047781e+00
  1.12774970e-06  5.24820356e-01  1.14215237e+00  5.95499267e-03
  8.58782800e-04  1.00780509e-03  4.87706400e-01  4.50812438e+00
  2.40014510e+04  5.21025692e+00  1.13453378e-02  3.22591991e+01
  2.37400767e+02  1.96209987e+02  1.89645459e+02 -1.20490016e+02
 -7.80328554e+01 -1.46948754e+02  1.85663855e+02 -2.31561451e+02
 -1.36764342e+02 -2.23968645e+02 -1.69580685e+02  2.53097802e+02
 -1.41255260e+02  1.00716794e+01  1.90818002e+02  2.31944956e+02
 -2.34032554e+02 -2.13139635e+02  2.38301287e+02  6.06859368e+00
  2.84924282e+02  1.83595344e+02  2.68225705e+02  1.73387604e+02
  8.84936334e+01  2.77398781e+02  2.73802161e+02  2.11916548e+02
  9.05834451e+01 -1.92968731e+02  2.61119439e+02  1.27529885e+02
 -2.30200601e+01  1.05065802e+02  7.48533726e+01  2.62871078e+02
  3.21062301e+01  9.30018573e+01 -1.59157789e+02  2.77987811e+02
 -8.80713505e+01  4.88555618e+01 -2.79436748e+02  2.77641025e+01
 -2.52978401e+02  1.18508820e+02  1.20765448e+02  1.20072630e+02
  1.84257065e+02  1.06260087e+02  2.49658009e+02 -2.03590710e+02
 -2.33840859e+02  2.57565029e+02 -2.23744152e+02 -6.89347951e+01
 -1.48012172e+02 -2.30296407e+02 -1.57221493e+02  1.75408631e+02
 -5.77732201e+01 -1.97409717e+02 -2.28886984e+02  3.95234858e+01
  1.84056395e+02 -1.23717009e+02 -2.06838988e+01  2.24166890e+02
 -2.99548792e+02  4.83788032e+01 -7.38930954e+01 -1.60714996e+02
  2.83687416e+02  1.74906871e+02  7.20154779e+01  1.43173527e+02
  1.22122264e+01 -1.22413593e+02 -1.68232984e+02 -9.53698030e+00
 -4.35686101e+01  2.67087291e+02  6.81576299e+01  2.48373344e+02
  2.41636216e+02 -2.32535014e+02 -4.78623021e+01 -2.36080197e+02
  7.87447195e+01 -1.50857014e+02  1.46640697e+02 -1.52500066e+02
 -4.48477989e+00 -8.29525657e+01  1.36612555e+02  1.54644568e+01
 -1.09297614e+02 -2.24204080e+02  2.11095168e+02  1.55165224e+01
 -1.03504013e+02  3.47636155e+01  1.26775063e+02  2.42165332e+02
 -2.77497915e+02  1.85230364e+02  1.57059482e+02  2.28825478e+02
 -4.22875658e+00 -2.24560674e+02 -2.52816033e+02  5.88085996e+01
 -2.47731538e+02  2.64202219e+02 -7.19039287e+00 -2.31429665e+02
  1.88749387e+02 -2.43456105e+02  4.68284507e+01  2.03335420e+02
  8.17587801e+01 -1.18484147e+02 -6.71730567e+01 -1.28274296e+02
  2.87199636e+02  1.80112219e+02  1.21879540e+01 -1.76966914e+02
 -1.82985326e+02 -2.51626808e+01  2.96920015e+01  7.93223247e+01
 -1.35273927e+02 -7.25816571e+01 -2.44831603e+02  1.17141516e+01
 -7.79449633e+00  3.80377447e+01  9.66808140e+01  7.48524153e+01
  2.83234528e+02  1.12869285e+02 -1.55406323e+01  2.54786034e+02
 -4.54864596e+01  8.65813110e+01 -1.16225799e+02  1.67818244e+01
 -2.59517805e+02  2.83328237e+01 -1.22329604e+02  6.42143769e+01
  2.15257385e+02  5.73546880e+01 -3.10907607e+01 -1.76243540e+00
  2.18652971e+02  9.82055195e+01 -2.80579685e+01 -2.16110814e+01
  7.01668917e+01 -1.42401091e+02  1.24190949e+02 -2.30094918e+02
  7.93030568e+01 -1.33898456e+02 -1.15687611e+02  3.62080746e+01
  3.03488661e+01 -1.03931540e+02  2.10214657e+02 -1.44120269e+02
  2.77245415e+02 -2.23430376e+02 -1.29294397e+02 -1.07405843e+02
 -1.09702566e+02  1.82986087e+02 -7.98366483e+01 -2.43744440e+02
  8.84738802e+01 -1.65217656e+02 -5.19717003e+01  1.31857646e+02
  5.98694308e+01 -1.63241758e+01  2.25121032e+02 -1.23213143e+02
  2.49499621e+02  7.23794248e+01  1.87989318e+01  1.70726524e+02
  2.55784085e+02 -2.01900327e+02 -2.95252896e+01  6.22648233e+00
  2.68508628e+02  2.21135770e+02  2.11914428e+02 -3.53018781e+01
 -3.85030656e+01  1.67119701e+01 -1.88415428e+02  4.82953889e+01
  5.37907165e+01 -6.71922832e+01  2.04134340e+02 -1.16957949e+02
  7.73143364e+01  2.54768744e+02 -6.66663516e+01  7.64758478e+01
  9.68533256e+01 -1.81882917e+02  2.48232440e+02 -1.97620386e+02
 -8.53332947e+01 -1.50360947e+02 -1.22215723e+02  1.46729620e+02
 -2.58863784e+02 -9.59361563e+01  1.90394918e+02 -2.34172945e+02
  1.63450381e+02  2.06906668e+02  1.81552872e+02  1.65123485e+02
 -2.88812693e+02 -1.83527250e+02  2.90463815e+02 -2.64101121e+02
 -5.92674384e+01 -1.10839759e+02 -2.42040067e+02  2.54739819e+02
 -2.24140042e+02 -4.00234299e+01  2.49803887e+02 -9.31268759e+01
  1.08288581e+01 -2.36404802e+02  8.38362608e+01  2.66289365e+02
  1.18278936e+02 -2.74286008e+02  2.73987361e+02 -9.34118540e+01
  1.13239048e+02 -1.42127252e+02  2.47397928e+02 -1.76278906e+02
  2.07686484e+02  1.47227494e+02 -1.52469427e+02 -1.70491343e+02
 -7.11003783e+01 -1.13020398e+02  2.17503259e+02 -2.41602724e+02
 -2.68822894e+02 -2.05882003e+02 -2.51204558e+02  1.16538169e+02
 -2.21724643e+02 -1.30718899e+02 -1.53193540e+02 -6.84920246e+01
  1.86743548e+02 -2.37490174e+02  9.67082235e+01 -2.43349947e+02
 -1.58103093e+02 -2.92809010e+02 -1.70021251e+02  2.65697424e+02
 -1.86417671e+02  3.03805641e+01 -2.00212931e+01 -9.08920423e+00
 -2.70966195e+02  3.29992076e+01  6.47846570e+01 -9.29756747e+01
 -7.17266290e+01 -1.97926984e+02 -2.80302258e+02  2.95988742e+02
  1.98902268e+01  2.88821641e+02  2.11065408e+02  4.89962639e+00
 -1.33799404e+02  2.81906875e+02 -2.54797738e+02  5.38966465e+01
 -2.36978896e+02  2.08815494e+01  3.89056801e+01  1.79653695e+02
 -2.47295267e+01  2.66991735e+02  7.93429066e+00 -2.44539594e+01
  2.72997474e+02  7.33756713e+01  1.16959234e+02  3.87419845e+01
  1.13537445e+02 -1.05380476e+02 -1.77291890e+02 -1.66111976e+02
 -1.06876724e+02 -1.13945609e+02  7.56767373e+00  2.29173591e+02
 -2.06181949e+01 -1.62019468e+02 -8.37246628e+01 -2.83571169e+02
  1.41593321e+02 -2.82117481e+02 -2.05754408e+01  1.15407436e+02
 -4.05928533e+01 -2.56517039e+02 -2.95944922e+02  1.36972046e+02
  8.83135437e+01 -1.73656148e+01 -1.28055418e+02  2.30210255e+02
  5.83530416e+01 -2.35037015e+02  1.98519100e+02  1.96223862e+02
  3.48093425e+01 -2.28469756e+02  1.02908819e+02  1.80224939e+02
 -1.70046680e+02  1.38108007e+02  2.99524185e+02 -2.47210449e+02
  4.13565543e+01  2.19667349e+02 -1.25446208e+02  2.36705694e+02
  1.13340846e+02  1.97935019e+02 -2.63240648e+02 -1.81121277e+02
 -1.29676516e+02 -2.05811282e+02 -1.53620186e+02  2.22779116e+02
  2.53773408e+02 -2.52824917e+02  1.88683787e+02  1.34700949e+02
  2.74657762e+02 -7.89031362e+01  9.65808821e+01 -2.90392335e+02
 -5.44322181e+01  2.79291697e+02 -7.99226321e+01  2.21615991e+02
  1.29732532e+02 -1.24052233e+02 -2.01300595e+02  2.02893822e+02
  2.11227420e+02  1.91944905e+02  2.41903706e+02 -7.69789479e+01
  4.55569259e+00  1.30270049e+02  1.71555280e+02  7.90899525e-01
  1.92982267e+02 -1.29852431e+02 -2.13115857e+02  1.54028675e+02
 -2.94658073e+02  1.00681627e+01  6.84968505e+01 -6.20741660e+01
  2.19973433e+02  2.51489870e+02  2.31782763e+02 -2.39821351e+02
 -1.56231334e+02  1.34836498e+02 -2.27885026e+02  8.45558387e+01
  1.76539049e+02 -1.58594293e+02  7.94323358e+01]
stepsize_vec:,[3.0e-01 3.0e-01 3.0e-01 3.0e-01 4.0e-08 5.0e-03 4.0e-02 3.0e-04 1.2e-04
 4.0e-05 2.0e-02 2.0e-01 1.0e-01 2.0e-01 1.5e-03 6.0e+01 6.0e+01 6.0e+01
 6.0e+01 6.0e+01 6.0e+01 6.0e+01 6.0e+01 6.0e+01 6.0e+01 6.0e+01 6.0e+01
 6.0e+01 6.0e+01 6.0e+01 6.0e+01 6.0e+01 6.0e+01 6.0e+01 6.0e+01 6.0e+01
 6.0e+01 6.0e+01 6.0e+01 6.0e+01 6.0e+01 6.0e+01 6.0e+01 6.0e+01 6.0e+01
 6.0e+01 6.0e+01 6.0e+01 6.0e+01 6.0e+01 6.0e+01 6.0e+01 6.0e+01 6.0e+01
 6.0e+01 6.0e+01 6.0e+01 6.0e+01 6.0e+01 6.0e+01 6.0e+01 6.0e+01 6.0e+01
 6.0e+01 6.0e+01 6.0e+01 6.0e+01 6.0e+01 6.0e+01 6.0e+01 6.0e+01 6.0e+01
 6.0e+01 6.0e+01 6.0e+01 6.0e+01 6.0e+01 6.0e+01 6.0e+01 6.0e+01 6.0e+01
 6.0e+01 6.0e+01 6.0e+01 6.0e+01 6.0e+01 6.0e+01 6.0e+01 6.0e+01 6.0e+01
 6.0e+01 6.0e+01 6.0e+01 6.0e+01 6.0e+01 6.0e+01 6.0e+01 6.0e+01 6.0e+01
 6.0e+01 6.0e+01 6.0e+01 6.0e+01 6.0e+01 6.0e+01 6.0e+01 6.0e+01 6.0e+01
 6.0e+01 6.0e+01 6.0e+01 6.0e+01 6.0e+01 6.0e+01 6.0e+01 6.0e+01 6.0e+01
 6.0e+01 6.0e+01 6.0e+01 6.0e+01 6.0e+01 6.0e+01 6.0e+01 6.0e+01 6.0e+01
 6.0e+01 6.0e+01 6.0e+01 6.0e+01 6.0e+01 6.0e+01 6.0e+01 6.0e+01 6.0e+01
 6.0e+01 6.0e+01 6.0e+01 6.0e+01 6.0e+01 6.0e+01 6.0e+01 6.0e+01 6.0e+01
 6.0e+01 6.0e+01 6.0e+01 6.0e+01 6.0e+01 6.0e+01 6.0e+01 6.0e+01 6.0e+01
 6.0e+01 6.0e+01 6.0e+01 6.0e+01 6.0e+01 6.0e+01 6.0e+01 6.0e+01 6.0e+01
 6.0e+01 6.0e+01 6.0e+01 6.0e+01 6.0e+01 6.0e+01 6.0e+01 6.0e+01 6.0e+01
 6.0e+01 6.0e+01 6.0e+01 6.0e+01 6.0e+01 6.0e+01 6.0e+01 6.0e+01 6.0e+01
 6.0e+01 6.0e+01 6.0e+01 6.0e+01 6.0e+01 6.0e+01 6.0e+01 6.0e+01 6.0e+01
 6.0e+01 6.0e+01 6.0e+01 6.0e+01 6.0e+01 6.0e+01 6.0e+01 6.0e+01 6.0e+01
 6.0e+01 6.0e+01 6.0e+01 6.0e+01 6.0e+01 6.0e+01 6.0e+01 6.0e+01 6.0e+01
 6.0e+01 6.0e+01 6.0e+01 6.0e+01 6.0e+01 6.0e+01 6.0e+01 6.0e+01 6.0e+01
 6.0e+01 6.0e+01 6.0e+01 6.0e+01 6.0e+01 6.0e+01 6.0e+01 6.0e+01 6.0e+01
 6.0e+01 6.0e+01 6.0e+01 6.0e+01 6.0e+01 6.0e+01 6.0e+01 6.0e+01 6.0e+01
 6.0e+01 6.0e+01 6.0e+01 6.0e+01 6.0e+01 6.0e+01 6.0e+01 6.0e+01 6.0e+01
 6.0e+01 6.0e+01 6.0e+01 6.0e+01 6.0e+01 6.0e+01 6.0e+01 6.0e+01 6.0e+01
 6.0e+01 6.0e+01 6.0e+01 6.0e+01 6.0e+01 6.0e+01 6.0e+01 6.0e+01 6.0e+01
 6.0e+01 6.0e+01 6.0e+01 6.0e+01 6.0e+01 6.0e+01 6.0e+01 6.0e+01 6.0e+01
 6.0e+01 6.0e+01 6.0e+01 6.0e+01 6.0e+01 6.0e+01 6.0e+01 6.0e+01 6.0e+01
 6.0e+01 6.0e+01 6.0e+01 6.0e+01 6.0e+01 6.0e+01 6.0e+01 6.0e+01 6.0e+01
 6.0e+01 6.0e+01 6.0e+01 6.0e+01 6.0e+01 6.0e+01 6.0e+01 6.0e+01 6.0e+01
 6.0e+01 6.0e+01 6.0e+01 6.0e+01 6.0e+01 6.0e+01 6.0e+01 6.0e+01 6.0e+01
 6.0e+01 6.0e+01 6.0e+01 6.0e+01 6.0e+01 6.0e+01 6.0e+01 6.0e+01 6.0e+01
 6.0e+01 6.0e+01 6.0e+01 6.0e+01 6.0e+01 6.0e+01 6.0e+01 6.0e+01 6.0e+01
 6.0e+01 6.0e+01 6.0e+01 6.0e+01 6.0e+01 6.0e+01 6.0e+01 6.0e+01 6.0e+01
 6.0e+01 6.0e+01 6.0e+01 6.0e+01 6.0e+01 6.0e+01 6.0e+01 6.0e+01 6.0e+01
 6.0e+01 6.0e+01 6.0e+01 6.0e+01 6.0e+01 6.0e+01 6.0e+01 6.0e+01 6.0e+01
 6.0e+01 6.0e+01 6.0e+01 6.0e+01 6.0e+01 6.0e+01 6.0e+01 6.0e+01 6.0e+01
 6.0e+01 6.0e+01 6.0e+01 6.0e+01 6.0e+01 6.0e+01 6.0e+01 6.0e+01 6.0e+01
 6.0e+01 6.0e+01 6.0e+01 6.0e+01 6.0e+01 6.0e+01 6.0e+01 6.0e+01 6.0e+01
 6.0e+01 6.0e+01 6.0e+01 6.0e+01 6.0e+01 6.0e+01 6.0e+01 6.0e+01 6.0e+01
 6.0e+01 6.0e+01 6.0e+01 6.0e+01 6.0e+01 6.0e+01 6.0e+01 6.0e+01 6.0e+01
 6.0e+01 6.0e+01 6.0e+01 6.0e+01 6.0e+01 6.0e+01 6.0e+01 6.0e+01 6.0e+01
 6.0e+01 6.0e+01 6.0e+01 6.0e+01 6.0e+01 6.0e+01 6.0e+01 6.0e+01 6.0e+01
 6.0e+01]
step_ratio_vec:,[0.1 0.1 0.1 0.1 0.1 0.1 0.1 0.1 0.1 0.1 0.1 0.1 0.1 0.1 0.1 0.1 0.1 0.1
 0.1 0.1 0.1 0.1 0.1 0.1 0.1 0.1 0.1 0.1 0.1 0.1 0.1 0.1 0.1 0.1 0.1 0.1
 0.1 0.1 0.1 0.1 0.1 0.1 0.1 0.1 0.1 0.1 0.1 0.1 0.1 0.1 0.1 0.1 0.1 0.1
 0.1 0.1 0.1 0.1 0.1 0.1 0.1 0.1 0.1 0.1 0.1 0.1 0.1 0.1 0.1 0.1 0.1 0.1
 0.1 0.1 0.1 0.1 0.1 0.1 0.1 0.1 0.1 0.1 0.1 0.1 0.1 0.1 0.1 0.1 0.1 0.1
 0.1 0.1 0.1 0.1 0.1 0.1 0.1 0.1 0.1 0.1 0.1 0.1 0.1 0.1 0.1 0.1 0.1 0.1
 0.1 0.1 0.1 0.1 0.1 0.1 0.1 0.1 0.1 0.1 0.1 0.1 0.1 0.1 0.1 0.1 0.1 0.1
 0.1 0.1 0.1 0.1 0.1 0.1 0.1 0.1 0.1 0.1 0.1 0.1 0.1 0.1 0.1 0.1 0.1 0.1
 0.1 0.1 0.1 0.1 0.1 0.1 0.1 0.1 0.1 0.1 0.1 0.1 0.1 0.1 0.1 0.1 0.1 0.1
 0.1 0.1 0.1 0.1 0.1 0.1 0.1 0.1 0.1 0.1 0.1 0.1 0.1 0.1 0.1 0.1 0.1 0.1
 0.1 0.1 0.1 0.1 0.1 0.1 0.1 0.1 0.1 0.1 0.1 0.1 0.1 0.1 0.1 0.1 0.1 0.1
 0.1 0.1 0.1 0.1 0.1 0.1 0.1 0.1 0.1 0.1 0.1 0.1 0.1 0.1 0.1 0.1 0.1 0.1
 0.1 0.1 0.1 0.1 0.1 0.1 0.1 0.1 0.1 0.1 0.1 0.1 0.1 0.1 0.1 0.1 0.1 0.1
 0.1 0.1 0.1 0.1 0.1 0.1 0.1 0.1 0.1 0.1 0.1 0.1 0.1 0.1 0.1 0.1 0.1 0.1
 0.1 0.1 0.1 0.1 0.1 0.1 0.1 0.1 0.1 0.1 0.1 0.1 0.1 0.1 0.1 0.1 0.1 0.1
 0.1 0.1 0.1 0.1 0.1 0.1 0.1 0.1 0.1 0.1 0.1 0.1 0.1 0.1 0.1 0.1 0.1 0.1
 0.1 0.1 0.1 0.1 0.1 0.1 0.1 0.1 0.1 0.1 0.1 0.1 0.1 0.1 0.1 0.1 0.1 0.1
 0.1 0.1 0.1 0.1 0.1 0.1 0.1 0.1 0.1 0.1 0.1 0.1 0.1 0.1 0.1 0.1 0.1 0.1
 0.1 0.1 0.1 0.1 0.1 0.1 0.1 0.1 0.1 0.1 0.1 0.1 0.1 0.1 0.1 0.1 0.1 0.1
 0.1 0.1 0.1 0.1 0.1 0.1 0.1 0.1 0.1 0.1 0.1 0.1 0.1 0.1 0.1 0.1 0.1 0.1
 0.1 0.1 0.1 0.1 0.1 0.1 0.1 0.1 0.1 0.1 0.1 0.1 0.1 0.1 0.1 0.1 0.1 0.1
 0.1 0.1 0.1 0.1 0.1 0.1 0.1 0.1 0.1 0.1 0.1 0.1 0.1 0.1 0.1 0.1 0.1 0.1
 0.1 0.1 0.1 0.1 0.1 0.1 0.1 0.1 0.1 0.1 0.1 0.1 0.1 0.1 0.1 0.1 0.1 0.1
 0.1]
swap interval:,200
sim interval:,[-1.1175e+08 -7.4500e+07 -3.7250e+07  0.0000e+00]
likelihood_sed (T/F):,True
erodep_coords:,[[ 0  3]
 [42 94]
 [42 95]
 ...
 [96 78]
 [96 79]
 [96 80]]
sed scaling factor:,1
samples_per_chain:,33
burnin:,0.25
num params:,415
initial_proposed_vec:,[ 1.69232059e+00  2.67836355e+00  2.30821256e+00  2.23047781e+00
  1.12774970e-06  5.24820356e-01  1.14215237e+00  5.95499267e-03
  8.58782800e-04  1.00780509e-03  4.87706400e-01  4.50812438e+00
  2.40014510e+04  5.21025692e+00  1.13453378e-02  3.22591991e+01
  2.37400767e+02  1.96209987e+02  1.89645459e+02 -1.20490016e+02
 -7.80328554e+01 -1.46948754e+02  1.85663855e+02 -2.31561451e+02
 -1.36764342e+02 -2.23968645e+02 -1.69580685e+02  2.53097802e+02
 -1.41255260e+02  1.00716794e+01  1.90818002e+02  2.31944956e+02
 -2.34032554e+02 -2.13139635e+02  2.38301287e+02  6.06859368e+00
  2.84924282e+02  1.83595344e+02  2.68225705e+02  1.73387604e+02
  8.84936334e+01  2.77398781e+02  2.73802161e+02  2.11916548e+02
  9.05834451e+01 -1.92968731e+02  2.61119439e+02  1.27529885e+02
 -2.30200601e+01  1.05065802e+02  7.48533726e+01  2.62871078e+02
  3.21062301e+01  9.30018573e+01 -1.59157789e+02  2.77987811e+02
 -8.80713505e+01  4.88555618e+01 -2.79436748e+02  2.77641025e+01
 -2.52978401e+02  1.18508820e+02  1.20765448e+02  1.20072630e+02
  1.84257065e+02  1.06260087e+02  2.49658009e+02 -2.03590710e+02
 -2.33840859e+02  2.57565029e+02 -2.23744152e+02 -6.89347951e+01
 -1.48012172e+02 -2.30296407e+02 -1.57221493e+02  1.75408631e+02
 -5.77732201e+01 -1.97409717e+02 -2.28886984e+02  3.95234858e+01
  1.84056395e+02 -1.23717009e+02 -2.06838988e+01  2.24166890e+02
 -2.99548792e+02  4.83788032e+01 -7.38930954e+01 -1.60714996e+02
  2.83687416e+02  1.74906871e+02  7.20154779e+01  1.43173527e+02
  1.22122264e+01 -1.22413593e+02 -1.68232984e+02 -9.53698030e+00
 -4.35686101e+01  2.67087291e+02  6.81576299e+01  2.48373344e+02
  2.41636216e+02 -2.32535014e+02 -4.78623021e+01 -2.36080197e+02
  7.87447195e+01 -1.50857014e+02  1.46640697e+02 -1.52500066e+02
 -4.48477989e+00 -8.29525657e+01  1.36612555e+02  1.54644568e+01
 -1.09297614e+02 -2.24204080e+02  2.11095168e+02  1.55165224e+01
 -1.03504013e+02  3.47636155e+01  1.26775063e+02  2.42165332e+02
 -2.77497915e+02  1.85230364e+02  1.57059482e+02  2.28825478e+02
 -4.22875658e+00 -2.24560674e+02 -2.52816033e+02  5.88085996e+01
 -2.47731538e+02  2.64202219e+02 -7.19039287e+00 -2.31429665e+02
  1.88749387e+02 -2.43456105e+02  4.68284507e+01  2.03335420e+02
  8.17587801e+01 -1.18484147e+02 -6.71730567e+01 -1.28274296e+02
  2.87199636e+02  1.80112219e+02  1.21879540e+01 -1.76966914e+02
 -1.82985326e+02 -2.51626808e+01  2.96920015e+01  7.93223247e+01
 -1.35273927e+02 -7.25816571e+01 -2.44831603e+02  1.17141516e+01
 -7.79449633e+00  3.80377447e+01  9.66808140e+01  7.48524153e+01
  2.83234528e+02  1.12869285e+02 -1.55406323e+01  2.54786034e+02
 -4.54864596e+01  8.65813110e+01 -1.16225799e+02  1.67818244e+01
 -2.59517805e+02  2.83328237e+01 -1.22329604e+02  6.42143769e+01
  2.15257385e+02  5.73546880e+01 -3.10907607e+01 -1.76243540e+00
  2.18652971e+02  9.82055195e+01 -2.80579685e+01 -2.16110814e+01
  7.01668917e+01 -1.42401091e+02  1.24190949e+02 -2.30094918e+02
  7.93030568e+01 -1.33898456e+02 -1.15687611e+02  3.62080746e+01
  3.03488661e+01 -1.03931540e+02  2.10214657e+02 -1.44120269e+02
  2.77245415e+02 -2.23430376e+02 -1.29294397e+02 -1.07405843e+02
 -1.09702566e+02  1.82986087e+02 -7.98366483e+01 -2.43744440e+02
  8.84738802e+01 -1.65217656e+02 -5.19717003e+01  1.31857646e+02
  5.98694308e+01 -1.63241758e+01  2.25121032e+02 -1.23213143e+02
  2.49499621e+02  7.23794248e+01  1.87989318e+01  1.70726524e+02
  2.55784085e+02 -2.01900327e+02 -2.95252896e+01  6.22648233e+00
  2.68508628e+02  2.21135770e+02  2.11914428e+02 -3.53018781e+01
 -3.85030656e+01  1.67119701e+01 -1.88415428e+02  4.82953889e+01
  5.37907165e+01 -6.71922832e+01  2.04134340e+02 -1.16957949e+02
  7.73143364e+01  2.54768744e+02 -6.66663516e+01  7.64758478e+01
  9.68533256e+01 -1.81882917e+02  2.48232440e+02 -1.97620386e+02
 -8.53332947e+01 -1.50360947e+02 -1.22215723e+02  1.46729620e+02
 -2.58863784e+02 -9.59361563e+01  1.90394918e+02 -2.34172945e+02
  1.63450381e+02  2.06906668e+02  1.81552872e+02  1.65123485e+02
 -2.88812693e+02 -1.83527250e+02  2.90463815e+02 -2.64101121e+02
 -5.92674384e+01 -1.10839759e+02 -2.42040067e+02  2.54739819e+02
 -2.24140042e+02 -4.00234299e+01  2.49803887e+02 -9.31268759e+01
  1.08288581e+01 -2.36404802e+02  8.38362608e+01  2.66289365e+02
  1.18278936e+02 -2.74286008e+02  2.73987361e+02 -9.34118540e+01
  1.13239048e+02 -1.42127252e+02  2.47397928e+02 -1.76278906e+02
  2.07686484e+02  1.47227494e+02 -1.52469427e+02 -1.70491343e+02
 -7.11003783e+01 -1.13020398e+02  2.17503259e+02 -2.41602724e+02
 -2.68822894e+02 -2.05882003e+02 -2.51204558e+02  1.16538169e+02
 -2.21724643e+02 -1.30718899e+02 -1.53193540e+02 -6.84920246e+01
  1.86743548e+02 -2.37490174e+02  9.67082235e+01 -2.43349947e+02
 -1.58103093e+02 -2.92809010e+02 -1.70021251e+02  2.65697424e+02
 -1.86417671e+02  3.03805641e+01 -2.00212931e+01 -9.08920423e+00
 -2.70966195e+02  3.29992076e+01  6.47846570e+01 -9.29756747e+01
 -7.17266290e+01 -1.97926984e+02 -2.80302258e+02  2.95988742e+02
  1.98902268e+01  2.88821641e+02  2.11065408e+02  4.89962639e+00
 -1.33799404e+02  2.81906875e+02 -2.54797738e+02  5.38966465e+01
 -2.36978896e+02  2.08815494e+01  3.89056801e+01  1.79653695e+02
 -2.47295267e+01  2.66991735e+02  7.93429066e+00 -2.44539594e+01
  2.72997474e+02  7.33756713e+01  1.16959234e+02  3.87419845e+01
  1.13537445e+02 -1.05380476e+02 -1.77291890e+02 -1.66111976e+02
 -1.06876724e+02 -1.13945609e+02  7.56767373e+00  2.29173591e+02
 -2.06181949e+01 -1.62019468e+02 -8.37246628e+01 -2.83571169e+02
  1.41593321e+02 -2.82117481e+02 -2.05754408e+01  1.15407436e+02
 -4.05928533e+01 -2.56517039e+02 -2.95944922e+02  1.36972046e+02
  8.83135437e+01 -1.73656148e+01 -1.28055418e+02  2.30210255e+02
  5.83530416e+01 -2.35037015e+02  1.98519100e+02  1.96223862e+02
  3.48093425e+01 -2.28469756e+02  1.02908819e+02  1.80224939e+02
 -1.70046680e+02  1.38108007e+02  2.99524185e+02 -2.47210449e+02
  4.13565543e+01  2.19667349e+02 -1.25446208e+02  2.36705694e+02
  1.13340846e+02  1.97935019e+02 -2.63240648e+02 -1.81121277e+02
 -1.29676516e+02 -2.05811282e+02 -1.53620186e+02  2.22779116e+02
  2.53773408e+02 -2.52824917e+02  1.88683787e+02  1.34700949e+02
  2.74657762e+02 -7.89031362e+01  9.65808821e+01 -2.90392335e+02
 -5.44322181e+01  2.79291697e+02 -7.99226321e+01  2.21615991e+02
  1.29732532e+02 -1.24052233e+02 -2.01300595e+02  2.02893822e+02
  2.11227420e+02  1.91944905e+02  2.41903706e+02 -7.69789479e+01
  4.55569259e+00  1.30270049e+02  1.71555280e+02  7.90899525e-01
  1.92982267e+02 -1.29852431e+02 -2.13115857e+02  1.54028675e+02
 -2.94658073e+02  1.00681627e+01  6.84968505e+01 -6.20741660e+01
  2.19973433e+02  2.51489870e+02  2.31782763e+02 -2.39821351e+02
 -1.56231334e+02  1.34836498e+02 -2.27885026e+02  8.45558387e+01
  1.76539049e+02 -1.58594293e+02  7.94323358e+01]
stepsize_vec:,[3.0e-01 3.0e-01 3.0e-01 3.0e-01 4.0e-08 5.0e-03 4.0e-02 3.0e-04 1.2e-04
 4.0e-05 2.0e-02 2.0e-01 1.0e-01 2.0e-01 1.5e-03 6.0e+01 6.0e+01 6.0e+01
 6.0e+01 6.0e+01 6.0e+01 6.0e+01 6.0e+01 6.0e+01 6.0e+01 6.0e+01 6.0e+01
 6.0e+01 6.0e+01 6.0e+01 6.0e+01 6.0e+01 6.0e+01 6.0e+01 6.0e+01 6.0e+01
 6.0e+01 6.0e+01 6.0e+01 6.0e+01 6.0e+01 6.0e+01 6.0e+01 6.0e+01 6.0e+01
 6.0e+01 6.0e+01 6.0e+01 6.0e+01 6.0e+01 6.0e+01 6.0e+01 6.0e+01 6.0e+01
 6.0e+01 6.0e+01 6.0e+01 6.0e+01 6.0e+01 6.0e+01 6.0e+01 6.0e+01 6.0e+01
 6.0e+01 6.0e+01 6.0e+01 6.0e+01 6.0e+01 6.0e+01 6.0e+01 6.0e+01 6.0e+01
 6.0e+01 6.0e+01 6.0e+01 6.0e+01 6.0e+01 6.0e+01 6.0e+01 6.0e+01 6.0e+01
 6.0e+01 6.0e+01 6.0e+01 6.0e+01 6.0e+01 6.0e+01 6.0e+01 6.0e+01 6.0e+01
 6.0e+01 6.0e+01 6.0e+01 6.0e+01 6.0e+01 6.0e+01 6.0e+01 6.0e+01 6.0e+01
 6.0e+01 6.0e+01 6.0e+01 6.0e+01 6.0e+01 6.0e+01 6.0e+01 6.0e+01 6.0e+01
 6.0e+01 6.0e+01 6.0e+01 6.0e+01 6.0e+01 6.0e+01 6.0e+01 6.0e+01 6.0e+01
 6.0e+01 6.0e+01 6.0e+01 6.0e+01 6.0e+01 6.0e+01 6.0e+01 6.0e+01 6.0e+01
 6.0e+01 6.0e+01 6.0e+01 6.0e+01 6.0e+01 6.0e+01 6.0e+01 6.0e+01 6.0e+01
 6.0e+01 6.0e+01 6.0e+01 6.0e+01 6.0e+01 6.0e+01 6.0e+01 6.0e+01 6.0e+01
 6.0e+01 6.0e+01 6.0e+01 6.0e+01 6.0e+01 6.0e+01 6.0e+01 6.0e+01 6.0e+01
 6.0e+01 6.0e+01 6.0e+01 6.0e+01 6.0e+01 6.0e+01 6.0e+01 6.0e+01 6.0e+01
 6.0e+01 6.0e+01 6.0e+01 6.0e+01 6.0e+01 6.0e+01 6.0e+01 6.0e+01 6.0e+01
 6.0e+01 6.0e+01 6.0e+01 6.0e+01 6.0e+01 6.0e+01 6.0e+01 6.0e+01 6.0e+01
 6.0e+01 6.0e+01 6.0e+01 6.0e+01 6.0e+01 6.0e+01 6.0e+01 6.0e+01 6.0e+01
 6.0e+01 6.0e+01 6.0e+01 6.0e+01 6.0e+01 6.0e+01 6.0e+01 6.0e+01 6.0e+01
 6.0e+01 6.0e+01 6.0e+01 6.0e+01 6.0e+01 6.0e+01 6.0e+01 6.0e+01 6.0e+01
 6.0e+01 6.0e+01 6.0e+01 6.0e+01 6.0e+01 6.0e+01 6.0e+01 6.0e+01 6.0e+01
 6.0e+01 6.0e+01 6.0e+01 6.0e+01 6.0e+01 6.0e+01 6.0e+01 6.0e+01 6.0e+01
 6.0e+01 6.0e+01 6.0e+01 6.0e+01 6.0e+01 6.0e+01 6.0e+01 6.0e+01 6.0e+01
 6.0e+01 6.0e+01 6.0e+01 6.0e+01 6.0e+01 6.0e+01 6.0e+01 6.0e+01 6.0e+01
 6.0e+01 6.0e+01 6.0e+01 6.0e+01 6.0e+01 6.0e+01 6.0e+01 6.0e+01 6.0e+01
 6.0e+01 6.0e+01 6.0e+01 6.0e+01 6.0e+01 6.0e+01 6.0e+01 6.0e+01 6.0e+01
 6.0e+01 6.0e+01 6.0e+01 6.0e+01 6.0e+01 6.0e+01 6.0e+01 6.0e+01 6.0e+01
 6.0e+01 6.0e+01 6.0e+01 6.0e+01 6.0e+01 6.0e+01 6.0e+01 6.0e+01 6.0e+01
 6.0e+01 6.0e+01 6.0e+01 6.0e+01 6.0e+01 6.0e+01 6.0e+01 6.0e+01 6.0e+01
 6.0e+01 6.0e+01 6.0e+01 6.0e+01 6.0e+01 6.0e+01 6.0e+01 6.0e+01 6.0e+01
 6.0e+01 6.0e+01 6.0e+01 6.0e+01 6.0e+01 6.0e+01 6.0e+01 6.0e+01 6.0e+01
 6.0e+01 6.0e+01 6.0e+01 6.0e+01 6.0e+01 6.0e+01 6.0e+01 6.0e+01 6.0e+01
 6.0e+01 6.0e+01 6.0e+01 6.0e+01 6.0e+01 6.0e+01 6.0e+01 6.0e+01 6.0e+01
 6.0e+01 6.0e+01 6.0e+01 6.0e+01 6.0e+01 6.0e+01 6.0e+01 6.0e+01 6.0e+01
 6.0e+01 6.0e+01 6.0e+01 6.0e+01 6.0e+01 6.0e+01 6.0e+01 6.0e+01 6.0e+01
 6.0e+01 6.0e+01 6.0e+01 6.0e+01 6.0e+01 6.0e+01 6.0e+01 6.0e+01 6.0e+01
 6.0e+01 6.0e+01 6.0e+01 6.0e+01 6.0e+01 6.0e+01 6.0e+01 6.0e+01 6.0e+01
 6.0e+01 6.0e+01 6.0e+01 6.0e+01 6.0e+01 6.0e+01 6.0e+01 6.0e+01 6.0e+01
 6.0e+01 6.0e+01 6.0e+01 6.0e+01 6.0e+01 6.0e+01 6.0e+01 6.0e+01 6.0e+01
 6.0e+01 6.0e+01 6.0e+01 6.0e+01 6.0e+01 6.0e+01 6.0e+01 6.0e+01 6.0e+01
 6.0e+01 6.0e+01 6.0e+01 6.0e+01 6.0e+01 6.0e+01 6.0e+01 6.0e+01 6.0e+01
 6.0e+01 6.0e+01 6.0e+01 6.0e+01 6.0e+01 6.0e+01 6.0e+01 6.0e+01 6.0e+01
 6.0e+01 6.0e+01 6.0e+01 6.0e+01 6.0e+01 6.0e+01 6.0e+01 6.0e+01 6.0e+01
 6.0e+01]
step_ratio_vec:,[0.1 0.1 0.1 0.1 0.1 0.1 0.1 0.1 0.1 0.1 0.1 0.1 0.1 0.1 0.1 0.1 0.1 0.1
 0.1 0.1 0.1 0.1 0.1 0.1 0.1 0.1 0.1 0.1 0.1 0.1 0.1 0.1 0.1 0.1 0.1 0.1
 0.1 0.1 0.1 0.1 0.1 0.1 0.1 0.1 0.1 0.1 0.1 0.1 0.1 0.1 0.1 0.1 0.1 0.1
 0.1 0.1 0.1 0.1 0.1 0.1 0.1 0.1 0.1 0.1 0.1 0.1 0.1 0.1 0.1 0.1 0.1 0.1
 0.1 0.1 0.1 0.1 0.1 0.1 0.1 0.1 0.1 0.1 0.1 0.1 0.1 0.1 0.1 0.1 0.1 0.1
 0.1 0.1 0.1 0.1 0.1 0.1 0.1 0.1 0.1 0.1 0.1 0.1 0.1 0.1 0.1 0.1 0.1 0.1
 0.1 0.1 0.1 0.1 0.1 0.1 0.1 0.1 0.1 0.1 0.1 0.1 0.1 0.1 0.1 0.1 0.1 0.1
 0.1 0.1 0.1 0.1 0.1 0.1 0.1 0.1 0.1 0.1 0.1 0.1 0.1 0.1 0.1 0.1 0.1 0.1
 0.1 0.1 0.1 0.1 0.1 0.1 0.1 0.1 0.1 0.1 0.1 0.1 0.1 0.1 0.1 0.1 0.1 0.1
 0.1 0.1 0.1 0.1 0.1 0.1 0.1 0.1 0.1 0.1 0.1 0.1 0.1 0.1 0.1 0.1 0.1 0.1
 0.1 0.1 0.1 0.1 0.1 0.1 0.1 0.1 0.1 0.1 0.1 0.1 0.1 0.1 0.1 0.1 0.1 0.1
 0.1 0.1 0.1 0.1 0.1 0.1 0.1 0.1 0.1 0.1 0.1 0.1 0.1 0.1 0.1 0.1 0.1 0.1
 0.1 0.1 0.1 0.1 0.1 0.1 0.1 0.1 0.1 0.1 0.1 0.1 0.1 0.1 0.1 0.1 0.1 0.1
 0.1 0.1 0.1 0.1 0.1 0.1 0.1 0.1 0.1 0.1 0.1 0.1 0.1 0.1 0.1 0.1 0.1 0.1
 0.1 0.1 0.1 0.1 0.1 0.1 0.1 0.1 0.1 0.1 0.1 0.1 0.1 0.1 0.1 0.1 0.1 0.1
 0.1 0.1 0.1 0.1 0.1 0.1 0.1 0.1 0.1 0.1 0.1 0.1 0.1 0.1 0.1 0.1 0.1 0.1
 0.1 0.1 0.1 0.1 0.1 0.1 0.1 0.1 0.1 0.1 0.1 0.1 0.1 0.1 0.1 0.1 0.1 0.1
 0.1 0.1 0.1 0.1 0.1 0.1 0.1 0.1 0.1 0.1 0.1 0.1 0.1 0.1 0.1 0.1 0.1 0.1
 0.1 0.1 0.1 0.1 0.1 0.1 0.1 0.1 0.1 0.1 0.1 0.1 0.1 0.1 0.1 0.1 0.1 0.1
 0.1 0.1 0.1 0.1 0.1 0.1 0.1 0.1 0.1 0.1 0.1 0.1 0.1 0.1 0.1 0.1 0.1 0.1
 0.1 0.1 0.1 0.1 0.1 0.1 0.1 0.1 0.1 0.1 0.1 0.1 0.1 0.1 0.1 0.1 0.1 0.1
 0.1 0.1 0.1 0.1 0.1 0.1 0.1 0.1 0.1 0.1 0.1 0.1 0.1 0.1 0.1 0.1 0.1 0.1
 0.1 0.1 0.1 0.1 0.1 0.1 0.1 0.1 0.1 0.1 0.1 0.1 0.1 0.1 0.1 0.1 0.1 0.1
 0.1]
swap interval:,200
sim interval:,[-1.1175e+08 -7.4500e+07 -3.7250e+07  0.0000e+00]
likelihood_sed (T/F):,True
erodep_coords:,[[ 0  3]
 [42 94]
 [42 95]
 ...
 [96 78]
 [96 79]
 [96 80]]
sed scaling factor:,1