-13130.59000 -9951.89000 -15086.07000 -7539.90000 -11431.64000 -8655.09000
-13126.26000 -9956.23000 -15083.46000 -7541.64000 -11434.04000 -8656.74000
-13121.95000 -9952.45000 -15082.35000 -7539.31000 -11424.25000 -8667.87000
-13134.57000 -9953.31000 -15083.89000 -7542.88000 -11434.15000 -8661.58000
-13133.48000 -9962.27000 -15083.54000 -7544.27000 -11432.06000 -8664.72000
-13130.77000 -9955.26000 -15081.72000 -7541.71000 -11427.04000 -8666.98000
-13135.60000 -9948.19000 -15081.10000 -7536.57000 -11434.63000 -8658.36000
-13127.54000 -9955.09000 -15077.46000 -7544.84000 -11428.30000 -8663.99000
-13126.22000 -9956.82000 -15085.11000 -7539.44000 -11430.66000 -8662.20000
-13129.26000 -9950.04000 -15081.35000 -7536.65000 -11435.52000 -8658.05000
-13136.81000 -9952.53000 -15095.27000 -7541.45000 -11425.22000 -8660.09000
-13123.92000 -9949.76000 -15075.84000 -7540.19000 -11424.42000 -8664.44000
-13125.04000 -9952.68000 -15076.11000 -7543.83000 -11426.38000 -8660.30000
-13122.68000 -9958.20000 -15082.32000 -7540.50000 -11431.59000 -8660.62000
-13137.04000 -9953.35000 -15088.65000 -7540.25000 -11430.01000 -8657.72000
-13129.80000 -9954.06000 -15075.83000 -7536.21000 -11429.76000 -8658.32000
-13126.46000 -9954.09000 -15082.70000 -7539.54000 -11424.64000 -8666.99000
-13132.19000 -9951.31000 -15080.93000 -7547.25000 -11428.61000 -8657.45000
-13130.41000 -9950.69000 -15085.66000 -7540.08000 -11429.69000 -8657.50000
-13132.99000 -9942.94000 -15081.35000 -7546.48000 -11434.20000 -8658.56000
-13125.16000 -9951.64000 -15077.50000 -7541.97000 -11426.83000 -8657.68000
-13127.63000 -9950.25000 -15078.91000 -7535.21000 -11424.31000 -8661.21000
-13127.22000 -9943.01000 -15075.16000 -7542.45000 -11429.67000 -8657.15000
-13125.63000 -9953.35000 -15078.57000 -7538.36000 -11429.15000 -8664.61000
-13125.24000 -9950.98000 -15073.93000 -7542.69000 -11424.57000 -8661.15000
-13119.83000 -9955.25000 -15081.72000 -7540.97000 -11437.70000 -8663.90000
-13129.95000 -9952.88000 -15082.75000 -7541.13000 -11427.61000 -8664.98000
-13123.86000 -9942.76000 -15081.36000 -7537.66000 -11435.96000 -8666.95000
-13132.43000 -9951.10000 -15090.21000 -7537.03000 -11434.11000 -8657.88000
-13127.64000 -9950.52000 -15083.91000 -7538.37000 -11431.15000 -8661.46000
-13130.17000 -9952.29000 -15078.65000 -7543.14000 -11436.33000 -8669.80000
-13132.85000 -9952.12000 -15075.73000 -7541.84000 -11431.68000 -8664.43000
