1.137588347708332837e+00
2.147098949062499873e+00
1.999209509479164204e+00
1.786961662447916988e+00
8.661979166666664114e-07
4.241600042187496089e-01
9.121897781249992399e-01
4.642649062500006467e-03
7.675059895833330611e-04
8.163964583333328156e-04
3.917259214583332927e-01
3.836168641250002675e+00
1.950120124839732307e+04
4.336927296979168567e+00
8.211863854166666019e-03
3.134209053833332348e+01
1.734032311264582233e+02
1.747619210684374309e+02
1.370631601897914891e+02
-1.228247504763542253e+02
-6.683693597520831986e+01
-1.117781422142187608e+02
1.644619956513021748e+02
-1.736643037135940233e+02
-1.083346706695834314e+02
-1.559025801980207575e+02
-8.896893843750011399e+01
1.843608139183330650e+02
-6.831878773119787240e+01
-3.875906390312525929e+00
1.694665616253127212e+02
1.905160940249999157e+02
-1.525742776878645941e+02
-1.421155119435935319e+02
1.814585505111980410e+02
-1.331164609864583781e+01
1.811794672520835547e+02
1.378882632230728973e+02
1.757575813748959206e+02
1.238904135604686729e+02
9.390995850104168596e+01
1.797919927731250027e+02
1.854919810575003964e+02
1.582006838557809942e+02
7.224057183505206581e+01
-1.565012570568228796e+02
1.846267378980730030e+02
9.448207728249992954e+01
-5.606448646343752529e+01
9.299325711395833594e+01
1.067294319680209327e+02
1.657942981998957350e+02
5.934354410708328231e+01
6.806906416046872721e+01
-8.000573010062510093e+01
1.876634998755730521e+02
-8.244612744979166052e+01
6.037963549072912173e+01
-1.994466312223959505e+02
1.596962763041666733e+01
-2.054130670167184860e+02
8.663440538244786637e+01
8.701920815083336436e+01
7.553452842734368744e+01
1.813475556592709665e+02
1.062710757911979016e+02
1.918418705476042021e+02
-1.398438950120832089e+02
-1.724581827529687814e+02
1.838633117473436585e+02
-1.558691910938544254e+02
-4.257288561390622306e+01
-1.416999638657291882e+02
-1.783684304038021935e+02
-1.516395341477082184e+02
1.252592695523438380e+02
-4.305067328807288618e+01
-1.674302542441142805e+02
-1.699307157263020827e+02
6.736808419906252254e+01
1.399660075065103513e+02
-9.703282544203118221e+01
-1.200331330583331635e+01
1.288143209055209297e+02
-2.001997942380207576e+02
2.410463778671875801e+01
-8.685967383624991101e+01
-8.082773804369800530e+01
2.032059172141664760e+02
1.428351023714583619e+02
5.125884140619792362e+01
1.307782387340625121e+02
2.036547197791671238e+01
-1.106372420322917378e+02
-1.416715759370832473e+02
-2.129702231395835454e+01
-8.952141181302071260e+00
1.753105627543230867e+02
5.639280633666660236e+01
1.651849177319269018e+02
1.749427029305207952e+02
-1.667632594918228506e+02
-2.655270004609371881e+01
-1.365056775890626568e+02
9.167835038296874473e+01
-1.537102777628125239e+02
5.122428805140621222e+01
-8.039523990171875312e+01
-6.265207927187492309e+00
-6.889839378328126429e+01
1.694932748602604420e+02
3.808300311093751844e+01
-6.119336921197909618e+01
-1.620488039861456571e+02
1.621157660946354326e+02
-1.696566542692711366e+01
-8.183300146354172000e+01
-3.180907276682290785e+01
1.272170579538542796e+02
1.461795584378646424e+02
-2.127050681747399210e+02
1.474482833706249210e+02
1.127092296276042021e+02
1.717255923790107488e+02
1.321807622843750885e+01
-1.804337494185419075e+02
-1.853399929752083892e+02
6.926091851583328207e+01
-1.875092326128125251e+02
1.654682678267710401e+02
-2.085382312072917088e+01
-1.709554854330732212e+02
1.390148993581770185e+02
-1.710655538083854310e+02
7.298048331822950985e+00
1.684163477985936765e+02
3.720905837713539910e+01
-7.394879237802081207e+01
-7.979222062552083550e+00
-8.125043039937499145e+01
2.107009371252607650e+02
1.402559117585935837e+02
4.772857057364583966e+01
-1.145438642034374510e+02
-1.584492968174481007e+02
-1.957013912098959096e+01
4.191162487687503102e+01
3.218274525614581449e+01
-1.156158321438018248e+02
-5.687181819927079829e+01
-1.769610714913540335e+02
2.172693919229164194e+01
-4.383370061052078626e+01
5.807604860104177646e+00
7.253802776854162460e+01
5.432222203890635370e+01
1.949078725370835343e+02
4.833140448416671120e+01
-1.991534253932292486e+01
1.939218809295832955e+02
-7.525807756171870722e+01
6.365623210718752034e+01
-9.965264188645824106e+01
3.736325053567708210e+01
-1.886268782189063131e+02
-2.224295932932290398e+01
-1.164586702833332765e+02
2.673485509479169764e+01
1.361513400393228892e+02
6.620922943015618500e+01
-8.357569725052082177e+00
-9.334876748177075356e+00
1.602500314955207443e+02
7.785883971635406908e+01
1.062182450692707114e+01
-8.053847452921870342e+01
4.831198445312499956e+01
-9.555117501401042546e+01
5.861154558942708803e+01
-1.748065244614586788e+02
6.164204070885418929e+01
-1.469155432509375885e+02
-7.752722521822910551e+01
3.210685590385416077e+01
4.396961240421872930e+01
-5.188524407250008608e+01
1.554937925479170246e+02
-1.230183615795833560e+02
1.758753681884896594e+02
-1.578951101631250538e+02
-4.657923926760421551e+01
-1.198848243684894328e+02
-5.910970829010420857e+01
1.058723572553126786e+02
-6.791960716296874523e+01
-1.899787555410414654e+02
6.021328668057287103e+01
-1.262586746766666153e+02
-9.042305715947929912e+01
1.395312217436981257e+02
3.981625197234377111e+01
-1.468708256796875133e+01
1.597525128104167891e+02
-1.655003832699999577e+02
1.850183535670313120e+02
6.655219100114575781e+01
3.411113759895827879e+00
1.271607254808852332e+02
1.619119818288541239e+02
-1.796379609885939317e+02
-3.287853771656251212e+01
-5.555018695052083899e+00
1.944581659631770663e+02
1.689255234341146377e+02
1.217811223656247961e+02
-7.899302001281249375e+01
-5.300045812953117519e+01
1.227530850723958622e+01
-1.147286555890625124e+02
3.712625753833336262e+01
8.301783402802088574e+01
-7.630596991656244654e+01
1.697661905928644615e+02
-8.110692461192699909e+01
6.121510432218747866e+01
1.665396537307811400e+02
-6.895045873979161399e+01
3.709718517296874296e+01
1.006118948589062398e+02
-1.743394789346353093e+02
1.750829123011979220e+02
-8.323595420270824263e+01
-3.246206238369793340e+01
-1.278013807181250741e+02
-1.294390487793750992e+02
1.286426930651043108e+02
-1.713400658246355022e+02
-6.863927357557291487e+01
1.172081693950520815e+02
-1.186888147062500707e+02
1.498372492111977579e+02
1.600148172113019029e+02
1.439714438535938257e+02
1.686623449552084253e+02
-2.117019498693753121e+02
-1.768898141565623803e+02
1.676997622258853653e+02
-1.658357556790104184e+02
-2.100461493432288407e+01
-7.375972018000007324e+01
-1.738554318226040323e+02
1.522490259454166619e+02
-1.641751026204167090e+02
9.023843886406247350e+00
1.692902595474482723e+02
-7.639718725927086496e+01
-1.297908136098956788e+01
-1.668815570866667315e+02
1.112099010517708990e+02
1.588206685814061814e+02
7.506668926859374835e+01
-2.075256290614583179e+02
2.068829165797917256e+02
-8.717229939817705997e+01
9.385593582072915808e+01
-5.254119500848958069e+01
1.596543367486979434e+02
-1.374216445850000241e+02
1.237917907290104012e+02
1.438162389972395374e+02
-1.492037472304166954e+02
-1.301543922260417503e+02
-3.086414497223963238e+01
-7.620558293552078055e+01
1.340319021464582931e+02
-2.124265265918751311e+02
-1.606786364790104642e+02
-1.816005902231771643e+02
-1.502606173744791533e+02
9.288790587447914504e+01
-1.903497022249997599e+02
-1.024645758233855304e+02
-1.407051335299478581e+02
-4.107085847822915525e+01
1.432175951089063801e+02
-1.750642054991664907e+02
7.911020139619792246e+01
-1.761678473826562197e+02
-9.356776412390622966e+01
-1.870647159405208129e+02
-1.172261218505209968e+02
1.849025255985415015e+02
-9.065285202088541894e+01
2.197301015791666146e+01
-2.188054769343744965e+01
2.523646674776041721e+01
-2.007180750774999751e+02
2.694009506083332539e+01
3.604181145567705613e+01
-7.995711870739587823e+01
-7.212404288031244448e+01
-1.082709155934374081e+02
-1.546218664347394167e+02
2.096787993429690005e+02
1.488763396666667127e+01
2.078157144536975522e+02
1.435320817535937010e+02
-2.995958165057291822e+01
-1.186443772795832530e+02
2.117263546701562689e+02
-1.776339954807811807e+02
2.410294505114582719e+01
-1.941571685886457601e+02
-4.455713270666666403e+01
1.003475724953124910e+02
1.429526327002602955e+02
1.552826821885417274e+01
1.931974377171352444e+02
4.644224392156252890e+01
-4.299422775182291190e+01
1.710631097557289024e+02
1.492475672640620665e+01
6.189637281651045697e+01
3.886953443015623577e+01
9.149240705338549162e+01
-5.820274736182286546e+01
-1.141232567043749810e+02
-1.210244380934375386e+02
-9.003629502078136682e+01
-1.076133557230728570e+02
-3.466274775880207670e+01
1.721498241119271597e+02
-4.043400517338539402e+01
-1.242902756332813254e+02
-1.112450399165624759e+02
-2.100824448137502429e+02
1.149838807769272790e+02
-1.857126612796875804e+02
3.185029954677084163e+01
9.281532070375011756e+01
-3.666959777640627038e+01
-2.005732711485413802e+02
-1.958105402701040703e+02
1.006088032795832845e+02
1.010751078365103552e+02
-2.181868827135416211e+01
-1.248243848669793152e+02
1.664068159897395844e+02
7.334541383442714846e+01
-1.408548487657292583e+02
1.192141778818231188e+02
1.377833695418750324e+02
1.338989768973956451e+01
-1.819442800336460095e+02
5.315062207911457648e+01
1.608140957738541204e+02
-1.066083932166146866e+02
1.203731414042709957e+02
2.098102718258855077e+02
-1.607721180845833544e+02
6.684530896192713101e+01
1.690027453961456843e+02
-1.286841963948436955e+02
1.598969062312500569e+02
1.170926209792709187e+02
1.540602156711457553e+02
-1.784048115873955851e+02
-1.263945512209896407e+02
-5.959113994171874396e+01
-1.126988329935415578e+02
-8.342549165671880473e+01
1.864694480951042408e+02
1.379611972288019501e+02
-1.296980786534896595e+02
1.236368411772396030e+02
6.930454991942711729e+01
1.714508413260416546e+02
-5.566736649854177443e+01
8.340273680109369536e+01
-2.131013134105200209e+02
-4.021549007895836070e+01
1.753643570920831678e+02
-6.351998131895835087e+01
1.776732812292707422e+02
1.086984461469792649e+02
-1.140583553975000513e+02
-1.340400545426041958e+02
1.956042130913543531e+02
1.687178272055209334e+02
1.376578710114060584e+02
1.702916109598956496e+02
-6.301638391005209883e+01
-1.115136178166668124e+01
1.167048035194270454e+02
1.596473095704685363e+02
-1.749296714499999084e+01
1.176273762280729329e+02
-1.096198224410938877e+02
-1.758600605937500347e+02
1.417737137854166747e+02
-2.067443031003646468e+02
2.311608326354184673e+00
8.310578333114578697e+01
-7.549748658817718194e+01
1.914739631319267801e+02
1.820676464554167353e+02
1.710620965906250603e+02
-1.739167643751563617e+02
-1.280315786578642872e+02
6.457026248192717333e+01
-1.132965738970831353e+02
7.866129459817706504e+01
1.401181798266145506e+02
-1.392958656514583140e+02
9.005511373927093643e+01
