5.985354507427352866e-01
1.045942095958495965e+00
9.846698218113904000e-01
9.072634395491426806e-01
4.178823379002668910e-07
2.038244028797846774e-01
4.400040880468084614e-01
2.238274749253072946e-03
3.763927743811143240e-04
3.946472186240070588e-04
1.900788834731041987e-01
1.862055467902213435e+00
9.368074059798196686e+03
2.087624469049599085e+00
4.309305295197646095e-03
7.662218517518788019e+01
9.192818367127945578e+01
1.005415861803268456e+02
8.873504333028940039e+01
9.858982943211606198e+01
7.058118840441389352e+01
7.445943093170672000e+01
8.881401926840720762e+01
9.922612355501809134e+01
9.223445314596561673e+01
8.614734534292725243e+01
6.968777383297253891e+01
1.025809326685464242e+02
1.058957726971056275e+02
8.538510320016307276e+01
9.809186937095439873e+01
1.028450747172192621e+02
1.088866703686570503e+02
9.228556197263530692e+01
9.966881313094549455e+01
6.959721152846042003e+01
1.029131001131983254e+02
8.966166156294463008e+01
9.080786524130942894e+01
8.876117980572188060e+01
8.787976517475998151e+01
1.145248253160829108e+02
9.581084306770198111e+01
9.619635344472624183e+01
1.070053648823092942e+02
9.730597696389818907e+01
1.096497746562862829e+02
9.831118289278222733e+01
1.332329497721086113e+02
8.537620231252418534e+01
7.015679074970125839e+01
9.453793069485921308e+01
1.099529850322988267e+02
6.940989609621342993e+01
8.474219457627589236e+01
1.062325239127778644e+02
8.069222452727686345e+01
7.483103235789729979e+01
1.059083036515408338e+02
6.193903456894066295e+01
1.052758214145783029e+02
7.799339664718695531e+01
6.956501777055906643e+01
8.236730691149742256e+01
9.703744788876974781e+01
9.327055589247332534e+01
1.049082498151572054e+02
8.351616008970755445e+01
9.456265768096601221e+01
9.538060451510750681e+01
9.753436228954862486e+01
5.272487755274013210e+01
9.427919320387924529e+01
1.001071368015351908e+02
8.976740496730791108e+01
9.370768715581752417e+01
9.071413037901612597e+01
9.284561595928821021e+01
9.469375423625062638e+01
8.668448188180720138e+01
9.745668343353918317e+01
6.763147723284588153e+01
6.432794120172815155e+01
9.920235554843364412e+01
1.050341784248453791e+02
1.223086530736372453e+02
6.044796160519393879e+01
8.228282379494993393e+01
1.029100436661138644e+02
8.309290327144218224e+01
6.990388835228699804e+01
9.691123826054197821e+01
7.886850037518208012e+01
9.027829628450218991e+01
8.798905230551005729e+01
8.570745827946358020e+01
8.954899720174789479e+01
9.749491180003246882e+01
7.724280830673255593e+01
1.207258189630167919e+02
9.473843200310096790e+01
1.186777560128960118e+02
8.558394809337802656e+01
9.858879848696601300e+01
1.291817535170612246e+02
8.906086580813629894e+01
8.556002729175355626e+01
1.383143342085010090e+02
5.676990689281419833e+01
7.615956908520669799e+01
1.051152408977409607e+02
8.484958211532487837e+01
8.815850192833656251e+01
9.886272704885750784e+01
9.043139249904818655e+01
6.067459701362733426e+01
8.577306974047040455e+01
9.709692777644730199e+01
8.490461264944315189e+01
8.694984636168040026e+01
1.095898619729428987e+02
1.015659331428203984e+02
8.686657042213158775e+01
1.150900720860841489e+02
8.304329838593687896e+01
9.395344905492018484e+01
9.893366981631496060e+01
7.159255314143699422e+01
1.004872626784136429e+02
1.067306666988823736e+02
8.992263453250289729e+01
1.033603150095355687e+02
1.200328671777375718e+02
9.670466732218881134e+01
6.716043461997315944e+01
1.230530236251387919e+02
8.096115932503280987e+01
7.623471193307450733e+01
8.821358022312486469e+01
8.711174642793810108e+01
1.072687904468438944e+02
9.104209371094130177e+01
8.041737543822812029e+01
9.544686800728256060e+01
9.573544067398439950e+01
6.862726345143225615e+01
7.451380392274190001e+01
7.308142250794078620e+01
8.003991698557038603e+01
9.601844157943274638e+01
9.427103943486410742e+01
8.569429554680064598e+01
8.664314152993557627e+01
7.902816651224159727e+01
9.057560370100870273e+01
7.465172300698030483e+01
1.030565788214642993e+02
5.297223016989178035e+01
8.021755745198825593e+01
1.050010119358588128e+02
9.589251016060389077e+01
7.766319188336561297e+01
8.938324028169483881e+01
6.830425340564511316e+01
1.044035196672205217e+02
7.002350963072363754e+01
7.217015528184926154e+01
5.402253071835119869e+01
8.628066956846062396e+01
7.764890119842658578e+01
6.509904115985280271e+01
6.373395468925428986e+01
9.928281312671713010e+01
7.841255761398015522e+01
7.464989754289754842e+01
1.013088716165836018e+02
5.699709090018514246e+01
9.356898806478260155e+01
1.110105716385537988e+02
9.162733246118126829e+01
5.689978696659515123e+01
8.829598438434743457e+01
5.641270924661042585e+01
8.098562403446864266e+01
9.259207476632305145e+01
8.060351252476894501e+01
1.098586643989573304e+02
9.295214000307976221e+01
9.443068433263951533e+01
9.185802860614310816e+01
7.956654936128428801e+01
7.433836194673735065e+01
1.057068944470219805e+02
6.628086359580147757e+01
7.443256882258201301e+01
9.537172307595908194e+01
6.341404676251029571e+01
8.855028455621396688e+01
8.442194268782178312e+01
8.871161013254956629e+01
5.997095162480555786e+01
8.981452814616980618e+01
1.019345119043270955e+02
1.050481897077015958e+02
1.001902447109914220e+02
8.261121457265610957e+01
8.688660494927303546e+01
9.449132078480766950e+01
9.148453711357180396e+01
9.337657298168532805e+01
7.517442012432663034e+01
5.484164256767785872e+01
1.138921669344896088e+02
9.495742641874771550e+01
1.178697912891352075e+02
9.122898140363646746e+01
7.806196703358806133e+01
4.867661110316618078e+01
7.899806313000331670e+01
9.606652491214165934e+01
8.382476205523812496e+01
8.290403395765439143e+01
9.369441731246234895e+01
8.409167636861312189e+01
1.007080887262704607e+02
9.245274873512252611e+01
7.045592890023151256e+01
8.388152681926536047e+01
9.269571249706335436e+01
1.013480041880521725e+02
9.891103989470427393e+01
9.865496229892012536e+01
1.010522112292790666e+02
7.236075772144369012e+01
9.296708152252254820e+01
8.150548610230612212e+01
1.063645613997111639e+02
6.613673304158328392e+01
7.668026514397460858e+01
9.238451562228692637e+01
1.024895893145465067e+02
9.476536245925652224e+01
8.946588696019641418e+01
9.977150678294519537e+01
1.064465992055728520e+02
9.275341765645028147e+01
9.453409986167780232e+01
8.979066327072470699e+01
9.314025757492704827e+01
7.292324549808073186e+01
1.088049748983372353e+02
9.624136815054937699e+01
9.922363331042440393e+01
8.592551812848870441e+01
1.041623379783971757e+02
6.259546090186575640e+01
5.646079770511109786e+01
9.418153627758933055e+01
8.245959555965207244e+01
9.538964056756223897e+01
1.105851615620829591e+02
1.037965012698809204e+02
1.101484201379970926e+02
6.994956150063947575e+01
8.727804613507292686e+01
7.937004256010841630e+01
1.067527352594911747e+02
8.818486290587796361e+01
1.053128769848884474e+02
1.013085511651572972e+02
9.227760006293821959e+01
1.242937901750211864e+02
6.444703228213309387e+01
1.071702932970620878e+02
1.158429725076492929e+02
1.066641620855096306e+02
1.004866346846834375e+02
1.018327624532390843e+02
9.891735164160394334e+01
8.337289434545087374e+01
1.005754948363264845e+02
7.818849440141551099e+01
9.720761793173048204e+01
9.832399194027904343e+01
8.558615713046684448e+01
1.014679593132683095e+02
7.277912281596275079e+01
9.672406760278252591e+01
6.545610132629751376e+01
1.041724919295453304e+02
8.900583622337282463e+01
9.637698807450378524e+01
9.570263350306717598e+01
5.781612266198956718e+01
1.124959524109344216e+02
7.715632741748206058e+01
1.074361665452613153e+02
7.885044527066594355e+01
7.237003270809304922e+01
7.884198658396508108e+01
7.375820262129460048e+01
1.357578656040631699e+02
1.044252803612185971e+02
1.192256565108113193e+02
7.304338074185943697e+01
1.074616832368459427e+02
9.069898779746219475e+01
6.423949370076648790e+01
8.400023930396034189e+01
1.069851071457986649e+02
9.308345160191740320e+01
8.662020409914038055e+01
9.617030992544268031e+01
9.458375575576430094e+01
7.778111615591096495e+01
8.946975675509347070e+01
7.572781817147426864e+01
1.009779298709809865e+02
8.509053541671985954e+01
8.323326281980766339e+01
1.144467712744174435e+02
9.060774421431442249e+01
8.571773282699716390e+01
6.609416790066644865e+01
1.004348500808947477e+02
8.018066394436817745e+01
1.212411361819372502e+02
9.698417271555025820e+01
6.611017465042841934e+01
8.342820620200184578e+01
7.273380382786156417e+01
9.232489093616607079e+01
7.442284035316245649e+01
8.648469808277118887e+01
8.226770852610107454e+01
1.119231667528383554e+02
1.074443004349583219e+02
1.040243811634241524e+02
9.021509651153179732e+01
7.379893778905484680e+01
8.330553836897354358e+01
1.085239170792013681e+02
1.121484482557068674e+02
1.165216729308625077e+02
8.723787282803060350e+01
7.440022868715171001e+01
1.007365658721704307e+02
1.014151414515255851e+02
8.113031556335816674e+01
8.585270203578450321e+01
1.055654204861074845e+02
8.584830295734325034e+01
5.388940199361005057e+01
9.424612895858403760e+01
7.518430799584808710e+01
9.052067488627835701e+01
9.205364559587538054e+01
8.504354770788752660e+01
1.121560959126541519e+02
1.002909844870966225e+02
9.797680644923090654e+01
1.046713683234722225e+02
7.996437200805229395e+01
1.003789720675277692e+02
1.013793214639095197e+02
9.498300627948890451e+01
1.081075516367293687e+02
8.007614606787791445e+01
9.442391754376653523e+01
9.034938114377389695e+01
9.647177605294965019e+01
9.819725208006452988e+01
1.208429518121120765e+02
1.056913057630234221e+02
7.508835432998409942e+01
1.009297089546919324e+02
9.505571015014425029e+01
7.853498946571417605e+01
7.112394341352155891e+01
1.152789064280969882e+02
7.906633907127083205e+01
9.980183459283230718e+01
7.934567544636276182e+01
9.611746971989784072e+01
8.787482539893045441e+01
9.558274450824085022e+01
1.093980360279065707e+02
9.983655826728102056e+01
1.051671325427004717e+02
9.405646251897293553e+01
9.321011985634407893e+01
9.607525330271242581e+01
9.676900597828809225e+01
6.996927551160909786e+01
1.076622272768972692e+02
1.227175500133940034e+02
7.518742880882443558e+01
1.018262970942500374e+02
9.922886242366554654e+01
9.596807126074443772e+01
1.035377309316170340e+02
6.424032148999364722e+01
8.220067823033052434e+01
7.741510900057382116e+01
1.032236007652040399e+02
9.772241418672977886e+01
9.876253806955284631e+01
9.054885387689968468e+01
9.069781978090873054e+01
5.351432782368427610e+01
1.044803635230448577e+02
9.592080502713317003e+01
8.434538737706169798e+01
1.011644224867824562e+02
6.443794090783110562e+01
