2983.77
2963.13
2963.13
2963.13
2963.13
2963.13
2963.13
2963.13
2929.20
2940.21
2940.21
2916.39
2916.39
2916.39
2916.39
2916.39
2916.39
2916.39
2916.39
2916.39
2916.39
2916.39
2916.39
2916.39
2916.39
2916.39
2916.39
2916.39
2916.39
2916.39
2916.39
2916.39
2916.39
2918.63
2918.63
2918.63
2918.82
2918.82
2918.82
2918.82
2918.82
2918.82
2918.82
2918.82
2918.82
2918.82
2923.91
2923.91
2923.91
2923.91
2923.91
2923.91
2923.91
2923.91
2923.91
2923.91
2923.91
2923.91
2923.91
2923.91
2923.91
2923.91
2924.48
2924.48
2908.62
2908.62
2908.62
2908.62
2908.62
2918.72
2918.72
2918.72
2918.72
2918.72
2923.20
2915.29
2915.29
2915.29
2915.29
2915.29
2915.29
2915.29
2915.29
2915.29
2915.29
2915.29
2915.29
2915.29
2915.29
2915.29
2915.29
2915.29
2915.29
2915.29
2915.29
2915.29
2915.29
2915.29
2915.29
2915.29
2915.29
2915.29
2915.29
2915.29
2915.29
2915.29
2915.29
2915.29
2915.29
2918.99
2918.99
2918.99
2918.99
2918.99
2918.99
2918.99
2918.99
2918.99
2918.99
2918.99
2918.99
2918.99
2918.99
2918.99
2918.99
2918.99
2918.99
2918.99
2918.99
2918.99
2918.99
2934.33
2934.33
2925.78
2922.70
2929.35
2929.35
2939.27
2939.27
2939.27
2939.27
2939.27
2939.27
2939.27
2939.27
2939.27
2939.27
2939.27
2939.27
2939.27
2939.27
2939.27
2939.27
2939.27
2939.27
2939.27
2939.27
2939.27
2939.27
2939.27
2939.27
2939.27
2939.27
2939.27
2939.27
2939.27
2939.27
2939.27
2939.27
2939.27
2939.27
2939.27
2939.27
2939.27
2939.27
2939.27
2939.27
2939.27
2939.27
2939.27
2939.27
2939.27
2939.27
2939.27
2939.27
2939.27
2939.27
2939.27
2939.27
2939.27
2939.27
2939.27
2939.27
2939.27
2939.27
2939.27
2939.27
2939.27
2939.27
2939.27
2939.27
2939.27
2939.27
2939.27
2939.27
2939.27
2939.27
2939.27
2939.27
2939.27
2939.27
2939.27
2939.27
2939.27
2939.27
2939.27
2939.27
2939.27
2939.27
2939.27
2939.27
2939.27
2939.27
2939.27
2939.27
2939.27
2939.27
2939.27
2939.27
2939.27
2939.27
2939.27
2939.27
2939.27
2939.27
2939.27
2923.43
2923.43
2923.43
2923.43
2923.43
2923.43
2923.43
2923.43
2923.43
2923.43
2923.43
2923.43
2923.43
2923.43
2923.43
2923.43
2923.43
2923.43
2923.43
2923.43
2923.43
2923.43
2923.43
2923.43
2908.85
2908.85
2908.85
2908.85
2908.85
2908.85
2908.85
2908.85
2908.85
2908.85
2908.85
2908.85
2908.85
2908.85
2908.85
2908.85
2908.85
2908.85
2908.85
2908.85
2908.85
2908.85
2908.85
2908.85
2908.85
2908.85
2908.85
2908.85
2908.85
2908.85
2908.85
2908.85
2908.85
2908.85
2908.85
2908.85
2908.85
2908.85
2908.85
2908.85
2908.85
2908.85
2908.85
2908.85
2908.85
2908.85
2908.85
2908.85
2908.85
2908.85
2908.85
2908.85
2908.85
2908.85
2908.85
2908.85
2908.85
2908.85
2908.85
2908.85
2908.85
2908.85
2908.85
2908.85
2908.85
2908.85
2908.85
2908.85
2908.85
2908.85
2908.85
2908.85
2908.85
2908.85
2908.85
2904.11
2904.11
2904.11
2904.11
2904.11
2904.11
2904.11
2904.11
2904.11
2904.11
2904.11
2904.11
2904.11
2904.11
2904.11
2904.11
2904.11
2904.11
2904.11
2904.11
2904.11
2904.11
2904.11
2904.11
2904.11
2904.11
2904.11
2904.11
2904.11
2904.11
2904.11
2904.11
2904.11
2904.11
2904.11
2904.11
2904.11
2904.11
2904.11
