2926.68
2926.68
2926.68
2926.68
2926.68
2926.68
2926.68
2926.68
2922.21
2922.21
2922.21
2922.21
2922.21
2922.21
2922.21
2922.21
2922.21
2922.21
2922.21
2922.21
2922.21
2922.21
2922.21
2922.21
2922.21
2922.21
2922.21
2922.21
2922.21
2922.21
2922.21
2922.21
2922.21
2922.21
2922.21
2922.21
2922.21
2922.21
2922.21
2922.21
2922.21
2922.21
2922.21
2922.21
2922.21
2922.21
2922.21
2922.21
2922.21
2922.21
2922.21
2922.21
2922.21
2922.21
2922.21
2922.21
2922.21
2922.21
2911.16
2911.16
2922.01
2922.01
2922.01
2922.01
2922.01
2922.01
2922.01
2922.01
2922.01
2922.01
2922.01
2922.01
2922.01
2922.01
2922.01
2922.01
2922.01
2922.01
2922.01
2922.01
2922.01
2922.01
2922.01
2922.01
2922.01
2922.01
2922.01
2922.01
2922.01
2922.01
2922.01
2922.01
2922.01
2922.01
2922.01
2922.01
2922.01
2922.01
2922.01
2922.01
2922.01
2922.01
2922.01
2922.01
2922.01
2922.01
2922.01
2922.01
2922.01
2922.01
2922.01
2922.01
2922.01
2922.01
2922.01
2922.01
2922.01
2922.01
2922.01
2922.01
2922.01
2922.01
2922.01
2922.01
2922.01
2922.01
2922.01
2922.01
2922.01
2922.01
2922.01
2926.20
2926.94
2929.52
2929.52
2929.52
2929.52
2929.52
2929.52
2929.52
2929.52
2929.52
2929.52
2929.52
2929.52
2929.52
2929.52
2929.52
2929.52
2929.52
2929.52
2929.52
2929.52
2929.52
2929.52
2929.52
2929.52
2929.52
2929.52
2929.52
2929.52
2929.52
2929.52
2929.52
2929.52
2929.52
2929.52
2929.52
2929.52
2929.52
2929.52
2929.52
2929.52
2929.52
2929.52
2929.52
2929.52
2929.52
2929.52
2929.52
2929.52
2929.52
2929.52
2929.52
2929.52
2929.52
2929.52
2929.52
2929.52
2929.52
2929.52
2929.52
2929.52
2929.52
2929.52
2929.52
2929.52
2929.52
2929.52
2929.52
2929.52
2929.52
2929.52
2929.52
2929.52
2929.52
2929.52
2929.52
2929.52
2929.52
2929.52
2929.52
2929.52
2929.52
2929.52
2929.52
2929.52
2929.52
2929.52
2929.52
2929.52
2929.52
2929.52
2929.52
2929.52
2929.52
2929.52
2929.52
2929.52
2929.52
2929.52
2929.52
2929.52
2929.52
2929.52
2929.52
2929.52
2929.52
2929.52
2929.52
2929.52
2929.52
2929.52
2929.52
2929.52
2929.52
2929.52
2929.52
2929.52
2929.52
2929.52
2929.52
2929.52
2929.52
2929.52
2929.52
2929.52
2929.52
2929.52
2929.52
2929.52
2929.52
2929.52
2929.52
2929.52
2929.52
2929.52
2929.52
2929.52
2929.52
2929.52
2929.52
2929.52
2929.52
2929.52
2929.52
2929.52
2929.52
2929.52
2929.52
2929.52
2929.52
2929.52
2929.52
2929.52
2929.52
2929.52
2929.52
2929.52
2929.52
2929.52
2929.52
2929.52
2929.52
2929.52
2929.52
2929.52
2929.52
2929.52
2929.52
2929.52
2929.52
2929.52
2929.52
2929.52
2929.52
2929.52
2929.52
2929.52
2929.52
2929.52
2929.52
2929.52
2929.52
2929.52
2929.52
2929.52
2929.52
2929.52
2929.52
2929.52
2929.52
2929.52
2929.52
2929.52
2929.52
2929.52
2929.52
2929.52
2929.52
2929.52
2929.52
2929.52
2929.52
2929.52
2929.52
2929.52
2929.52
2929.52
2929.52
2929.52
2929.52
2929.52
2929.52
2929.52
2929.52
2929.52
2929.52
2929.52
2929.52
2929.52
2929.52
2929.52
2929.52
2929.52
2929.52
2929.52
2929.52
2929.52
2929.52
2929.52
2929.52
2929.52
2929.52
2929.52
2929.52
2929.52
2929.52
2929.52
2929.52
2929.52
2929.52
2929.52
2929.52
