2934.27
2934.27
2934.27
2934.27
2934.27
2934.27
2934.27
2924.64
2924.64
2948.23
2922.61
2922.61
2922.61
2922.61
2927.62
2931.29
2931.29
2931.29
2931.29
2931.29
2931.29
2931.29
2931.29
2914.30
2914.30
2914.30
2910.01
2910.01
2910.01
2910.01
2910.01
2910.01
2910.01
2910.01
2910.01
2910.01
2910.01
2910.01
2910.01
2910.01
2910.01
2910.01
2910.01
2910.01
2910.01
2910.01
2910.01
2910.01
2910.01
2910.01
2910.01
2910.01
2910.01
2910.01
2910.01
2910.01
2910.01
2910.01
2910.01
2910.01
2910.01
2910.01
2910.01
2910.01
2910.01
2910.01
2910.01
2910.01
2910.01
2910.01
2910.01
2910.01
2910.01
2910.01
2910.01
2910.01
2910.01
2910.01
2910.01
2910.01
2910.01
2910.01
2910.01
2910.01
2910.01
2910.01
2910.01
2910.01
2910.01
2910.01
2910.01
2910.01
2910.01
2910.01
2910.01
2910.01
2910.01
2910.01
2910.01
2910.01
2910.01
2910.01
2910.01
2910.01
2910.01
2910.01
2910.01
2910.01
2910.01
2910.01
2910.01
2910.01
2910.01
2910.01
2910.01
2910.01
2910.01
2910.01
2910.01
2910.01
2910.01
2910.01
2910.01
2910.01
2910.01
2910.01
2910.01
2910.01
2910.01
2910.01
2910.01
2948.25
2922.96
2922.96
2909.84
2909.84
2909.84
2909.84
2909.84
2909.84
2915.79
2915.79
2915.79
2915.79
2915.79
2915.79
2915.79
2915.79
2915.79
2915.79
2915.79
2915.79
2915.79
2915.79
2915.79
2915.79
2915.79
2915.79
2915.79
2915.79
2915.79
2915.79
2915.79
2915.79
2915.79
2915.79
2915.79
2915.79
2915.79
2915.79
2915.79
2915.79
2915.79
2915.79
2915.79
2915.79
2934.51
2934.51
2934.51
2934.51
2934.51
2934.51
2934.51
2934.51
2934.51
2934.51
2934.51
2934.51
2934.51
2934.51
2920.06
2920.06
2920.06
2920.06
2920.06
2920.06
2920.06
2920.06
2920.06
2920.06
2926.39
2926.39
2926.39
2926.39
2926.39
2926.39
2926.39
2926.39
2926.39
2926.39
2926.39
2926.39
2926.39
2926.39
2926.39
2914.92
2914.92
2914.92
2914.92
2914.92
2914.92
2914.92
2914.92
2914.92
2914.92
2914.92
2914.92
2914.92
2914.92
2914.92
2914.92
2914.92
2914.92
2914.92
2914.92
2914.92
2914.92
2914.92
2914.92
2914.92
2914.92
2914.92
2914.92
2914.92
2914.92
2914.92
2914.92
2922.65
2922.65
2922.65
2922.65
2922.65
2922.65
2922.65
2922.65
2922.65
2922.65
2922.65
2922.65
2922.65
2922.65
2922.65
2922.65
2922.65
2922.65
2922.65
2922.65
2922.65
2922.65
2922.65
2922.65
2922.65
2922.65
2922.65
2922.65
2922.65
2922.65
2922.65
2922.65
2922.65
2922.65
2922.65
2922.65
2922.65
2922.65
2922.65
2922.65
2922.65
2922.65
2922.65
2922.65
2922.65
2922.65
2922.65
2922.65
2922.65
2908.94
2908.94
2908.94
2908.94
2908.94
2908.94
2908.94
2908.94
2908.94
2908.94
2908.94
2908.94
2908.94
2908.94
2908.94
2908.94
2908.94
2908.94
2908.94
2908.94
2908.94
2908.94
2908.94
2908.94
2908.94
2908.94
2908.94
2908.94
2908.94
2908.94
2908.94
2908.94
2918.33
2918.33
2918.33
2918.33
2918.33
2918.33
2918.33
2918.33
2918.33
2918.33
2918.33
2918.33
2918.33
2918.33
2918.33
2918.33
2918.33
2918.33
2918.33
2918.33
2918.33
2918.33
2918.33
2918.33
2918.33
2918.33
2918.33
2918.33
2918.33
2918.33
2918.33
2918.33
2918.33
2918.33
2918.33
2918.33
2918.33
2918.33
2918.33
2918.33
2918.33
2918.33
2918.33
2918.33
2918.33
2918.33
