2920.94
2920.94
2920.94
2920.94
2920.94
2937.50
2937.50
2937.50
2937.02
2937.02
2940.05
2924.94
2921.21
2921.21
2921.21
2921.21
2921.21
2921.21
2921.21
2921.21
2921.21
2921.21
2921.21
2921.21
2921.21
2921.21
2921.21
2921.21
2913.04
2913.04
2921.79
2916.15
2916.15
2916.15
2916.15
2916.15
2916.15
2916.15
2916.15
2916.15
2916.15
2916.15
2916.15
2916.15
2916.15
2916.15
2916.15
2916.15
2916.15
2916.15
2916.15
2916.15
2916.15
2916.15
2916.15
2916.15
2916.15
2916.15
2916.15
2916.15
2916.15
2916.15
2916.15
2916.15
2916.15
2916.15
2916.15
2916.15
2916.15
2916.15
2916.15
2916.15
2916.15
2916.15
2916.15
2916.15
2916.15
2916.15
2911.07
2911.07
2911.07
2911.07
2911.07
2911.07
2911.07
2911.07
2911.07
2911.07
2911.07
2911.07
2911.07
2911.07
2911.07
2911.07
2911.07
2911.07
2911.07
2911.07
2911.07
2911.07
2911.07
2911.07
2911.07
2911.07
2911.07
2911.07
2911.07
2911.07
2911.07
2911.07
2911.07
2911.07
2911.07
2911.07
2911.07
2911.07
2911.07
2911.07
2911.07
2911.07
2911.07
2911.07
2911.07
2911.07
2911.07
2911.07
2911.07
2924.98
2924.98
2924.98
2924.98
2924.98
2924.98
2924.98
2941.18
2907.32
2913.91
2914.36
2914.36
2914.36
2914.36
2914.36
2914.36
2914.36
2914.36
2914.36
2914.36
2914.36
2914.36
2914.36
2914.36
2914.36
2914.36
2914.36
2914.36
2914.36
2914.36
2914.36
2914.36
2914.36
2914.36
2914.36
2914.36
2914.36
2914.36
2914.36
2914.36
2914.36
2914.36
2914.36
2914.36
2914.36
2914.36
2914.36
2914.36
2914.36
2914.36
2914.36
2914.36
2914.36
2914.36
2914.36
2914.36
2914.36
2914.36
2914.36
2914.36
2914.36
2914.36
2914.36
2914.36
2914.36
2914.36
2914.36
2914.36
2914.36
2914.36
2914.36
2914.36
2914.36
2914.36
2914.36
2914.36
2914.36
2914.36
2914.36
2914.36
2914.36
2914.36
2914.36
2914.36
2914.36
2914.36
2914.36
2914.36
2914.36
2914.36
2914.36
2914.36
2914.36
2914.36
2914.36
2914.36
2914.36
2914.36
2914.36
2914.36
2914.36
2914.36
2914.36
2914.36
2914.36
2914.36
2914.36
2914.36
2914.36
2914.36
2914.36
2914.36
2914.36
2914.36
2914.36
2914.36
2914.36
2914.36
2914.36
2914.36
2914.36
2933.85
2933.85
2933.85
2933.85
2933.85
2931.17
2931.17
2931.17
2931.17
2931.17
2931.17
2931.17
2931.17
2931.17
2931.17
2931.17
2931.17
2931.17
2931.17
2931.17
2931.17
2931.17
2931.17
2931.17
2931.17
2931.17
2931.17
2931.17
2931.17
2931.17
2931.17
2931.17
2931.17
2931.17
2931.17
2931.17
2931.17
2931.17
2931.17
2931.17
2931.17
2931.17
2931.17
2931.17
2931.17
2931.17
2931.17
2931.17
2931.17
2931.17
2931.17
2931.17
2931.17
2931.17
2931.17
2931.17
2931.17
2931.17
2931.17
2931.17
2931.17
2931.17
2931.17
2931.17
2931.17
2931.17
2931.17
2931.17
2931.17
2931.17
2931.17
2931.17
2931.17
2931.17
2931.17
2931.17
2931.17
2931.17
2931.17
2931.17
2931.17
2931.17
2931.17
2931.17
2931.17
2931.17
2931.17
2931.17
2931.17
2931.17
2931.17
2931.17
2931.17
2931.17
2931.17
2931.17
2931.17
2931.17
2931.17
2931.17
2931.17
2931.17
2931.17
2931.17
2931.17
2931.17
2931.17
2931.17
2931.17
2931.17
2931.17
2931.17
2931.17
2931.17
2931.17
2931.17
2931.17
2931.17
2931.17
2931.17
2931.17
2931.17
2931.17
2931.17
2931.17
2931.17
