2936.02
2919.63
2919.63
2919.63
2919.63
2919.63
2919.63
2919.63
2937.78
2926.03
2926.03
2926.03
2926.03
2926.03
2926.03
2926.03
2926.03
2926.03
2926.03
2935.00
2935.00
2935.00
2917.65
2906.85
2915.35
2923.64
2923.64
2923.64
2923.64
2923.64
2930.82
2930.82
2930.82
2930.82
2930.82
2930.82
2930.82
2930.82
2930.82
2930.82
2930.82
2930.82
2930.82
2930.82
2930.82
2930.82
2930.82
2930.82
2926.41
2926.33
2926.33
2912.64
2912.64
2912.64
2912.64
2912.64
2912.64
2912.64
2912.64
2912.64
2912.64
2912.64
2912.64
2912.64
2912.64
2912.64
2912.64
2912.64
2912.64
2912.64
2937.81
2937.81
2937.81
2923.74
2923.74
2923.74
2923.74
2923.74
2923.74
2923.74
2923.74
2923.74
2923.74
2923.74
2923.74
2923.74
2923.74
2923.74
2923.74
2923.74
2923.74
2923.74
2923.74
2923.74
2923.74
2923.74
2923.74
2923.74
2923.74
2923.74
2923.74
2923.74
2923.74
2923.74
2923.74
2923.74
2923.74
2923.74
2923.74
2923.74
2923.74
2923.74
2923.74
2923.74
2923.74
2923.74
2923.74
2923.74
2923.74
2923.74
2923.74
2923.74
2923.74
2923.74
2923.74
2923.74
2923.74
2923.74
2923.74
2923.74
2923.74
2921.25
2921.25
2921.25
2930.78
2929.82
2919.94
2934.26
2934.26
2924.74
2924.74
2924.74
2924.74
2924.74
2926.63
2926.63
2926.63
2926.63
2922.51
2922.51
2922.51
2922.51
2922.51
2922.51
2922.51
2922.51
2922.51
2922.51
2922.51
2922.51
2922.51
2922.51
2922.51
2922.51
2922.51
2922.51
2922.51
2922.51
2922.51
2922.51
2922.51
2922.51
2922.51
2922.51
2922.51
2922.51
2922.51
2922.51
2922.51
2922.51
2922.51
2922.51
2922.51
2922.51
2922.51
2922.51
2922.51
2922.51
2922.51
2922.51
2938.69
2938.69
2938.69
2938.69
2938.69
2938.69
2938.69
2938.69
2938.69
2938.69
2938.69
2938.69
2938.69
2938.69
2938.69
2938.69
2938.69
2938.69
2938.69
2938.69
2938.69
2938.69
2938.69
2938.69
2938.69
2938.69
2938.69
2938.69
2938.69
2938.69
2938.69
2938.69
2938.69
2938.69
2938.69
2938.69
2938.69
2938.69
2938.69
2938.69
2938.69
2938.69
2938.69
2938.69
2938.69
2938.69
2938.69
2938.69
2938.69
2938.69
2938.69
2938.69
2938.69
2938.69
2938.69
2938.69
2938.69
2938.69
2938.69
2938.69
2938.69
2938.69
2938.69
2938.69
2938.69
2938.69
2938.69
2938.69
2938.69
2938.69
2938.69
2938.69
2938.69
2938.69
2938.69
2938.69
2938.69
2938.69
2938.69
2938.69
2938.69
2938.69
2938.69
2938.69
2938.69
2938.69
2938.69
2938.69
2922.90
2922.90
2922.90
2922.90
2922.90
2922.90
2922.90
2922.90
2922.90
2922.90
2922.90
2922.90
2922.90
2922.90
2922.90
2922.90
2922.90
2922.90
2922.90
2922.90
2922.90
2922.90
2922.90
2922.90
2922.90
2922.90
2922.90
2922.90
2922.90
2922.90
2922.90
2922.90
2922.90
2922.90
2922.90
2922.90
2922.90
2922.90
2922.90
2922.90
2922.90
2922.90
2918.09
2918.09
2918.09
2918.09
2918.09
2918.09
2918.09
2918.09
2918.09
2918.09
2918.09
2918.09
2918.09
2918.09
2918.09
2918.09
2918.09
2918.09
2918.09
2918.09
2918.09
2918.09
2918.09
2918.09
2918.09
2918.09
2918.09
2918.09
2918.09
2918.09
2918.09
2918.09
2918.09
2918.09
2918.09
2918.09
2918.09
2918.09
2918.09
2918.09
2918.09
2918.09
2918.09
2918.09
2918.09
2918.09
2918.09
2918.09
2918.09
2918.09
2918.09
2918.09
2918.09
2918.09
