1.00
2943.38
2943.38
2943.38
2943.38
2943.38
2920.37
2920.37
2920.37
2920.37
2920.37
2920.37
2920.37
2920.37
2920.37
2920.37
2920.37
2920.37
2920.37
2920.37
2920.37
2920.37
2920.37
2920.37
2920.37
2920.37
2920.37
2920.37
2920.37
2920.37
2920.37
2920.37
2920.37
2920.37
2920.37
2920.37
2920.37
2920.37
2920.37
2920.37
2920.37
2920.37
2920.37
2920.37
2920.37
2920.37
2920.37
2920.37
2920.37
2920.37
2920.37
2920.37
2920.37
2920.37
2920.37
2920.37
2916.07
2916.07
2916.07
2916.07
2916.07
2916.07
2916.07
2916.07
2916.07
2916.07
2916.07
2916.07
2916.07
2916.07
2916.07
2916.07
2916.07
2916.07
2916.07
2921.24
2921.24
2921.24
2921.24
2921.24
2921.24
2921.24
2921.24
2921.24
2921.24
2921.24
2921.24
2921.24
2921.24
2921.24
2921.24
2921.24
2921.24
2921.24
2921.24
2921.24
2921.24
2921.24
2921.24
2921.24
2921.24
2921.24
2921.24
2921.24
2921.24
2921.24
2921.24
2921.24
2921.24
2921.24
2921.24
2921.24
2921.24
2921.24
2921.24
2921.24
2921.24
2921.24
2921.24
2921.24
2921.24
2921.24
2921.24
2921.24
2921.24
2921.24
2921.24
2921.24
2921.24
2921.24
2921.24
2935.55
2935.55
2935.55
2935.55
2935.55
2935.55
2935.55
2935.55
2935.55
2935.55
2935.55
2935.55
2935.55
2935.55
2935.55
2914.97
2914.97
2914.97
2914.97
2922.66
2922.66
2922.66
2922.66
2922.66
2922.66
2922.66
2922.66
2922.66
2922.66
2922.66
2922.66
2922.66
2922.66
2922.66
2922.66
2922.66
2922.66
2922.66
2922.66
2922.66
2922.66
2922.66
2922.66
2922.66
2922.66
2922.66
2922.66
2922.66
2922.66
2922.66
2922.66
2922.66
2922.66
2922.66
2922.66
2912.25
2912.25
2912.25
2912.25
2912.25
2912.25
2912.25
2912.25
2912.25
2912.25
2912.25
2912.25
2912.25
2912.25
2912.25
2912.25
2912.25
2912.25
2912.25
2912.25
2912.25
2912.25
2912.25
2912.25
2912.25
2912.25
2912.25
2912.25
2912.25
2912.25
2912.25
2912.25
2912.25
2912.25
2912.25
2912.25
2912.25
2912.25
2912.25
2912.25
2912.25
2912.25
2912.25
2912.25
2912.25
2912.25
2912.25
2912.25
2912.25
2912.25
2912.25
2912.25
2912.25
2912.25
2912.25
2912.25
2912.25
2912.25
2912.25
2912.25
2912.25
2912.25
2912.25
2912.25
2912.25
2912.25
2912.25
2912.25
2912.25
2912.25
2912.25
2912.25
2912.25
2912.25
2912.25
2912.25
2912.25
2912.25
2912.25
2912.25
2912.25
2912.25
2912.25
2912.25
2912.25
2912.25
2912.25
2912.25
2912.25
2912.25
2912.25
2912.25
2912.25
2912.25
2912.25
2912.25
2912.25
2912.25
2912.25
2912.25
2912.25
2912.25
2912.25
2912.25
2912.25
2912.25
2912.25
2912.25
2912.25
2912.25
2914.22
2914.22
2914.22
2914.22
2914.22
2914.22
2914.22
2914.22
2914.22
2914.22
2914.22
2907.71
2907.71
2907.71
2907.71
2907.71
2907.71
2907.71
2907.71
2907.71
2907.71
2907.71
2907.42
2907.42
2907.42
2907.42
2907.42
2907.42
2907.42
2907.42
2907.42
2907.42
2907.42
2907.42
2907.42
2907.42
2907.42
2907.42
2907.42
2907.42
2907.42
2907.42
2907.42
2907.42
2907.42
2907.42
2907.42
2907.42
2907.42
2907.42
2907.42
2907.42
2907.42
2907.42
2907.42
2907.42
2907.42
2907.42
2907.42
2907.42
2907.42
2907.42
2907.42
2907.42
2907.42
2907.42
2907.42
2907.42
2907.42
2907.42
2907.42
2907.42
2907.42
2907.42
2907.42
2907.42
2907.42
2907.42
