-17742.37
-17734.80
-17674.27
-17765.80
-17659.48
-17691.11
-17693.67
-17669.83
-17674.95
-17625.15
-17633.04
-17623.26
-17612.96
-17583.83
-17588.39
-17596.43
-17560.95
-17576.29
-17577.08
-17591.48
-17592.32
-17617.29
-17586.93
-17581.97
-17589.29
-17584.48
-17597.32
-17619.09
-17579.04
-17578.24
-17553.70
-17579.89
-17532.28
-17640.61
-17677.41
-17631.02
-17632.64
-17617.59
-17535.92
-17655.74
-17553.11
-17550.04
-17615.87
-17672.87
-17519.22
-17641.35
-17493.45
-17557.04
-17562.21
-17552.36
-17569.13
-17550.40
-17539.42
-17597.98
-17654.01
-17590.46
-17558.18
-17518.06
-17593.10
-17621.80
-17556.67
-17534.31
-17550.43
-17526.25
-17542.17
-17541.00
-17539.16
-17553.41
-17611.21
-17538.96
-17519.89
-17562.91
-17546.00
-17571.31
-17570.53
-17522.19
-17556.86
-17586.24
-17597.26
-17545.70
-17550.43
-17569.20
-17662.14
-17706.46
-17565.78
-17536.12
-17579.09
-17568.52
-17644.78
-17530.57
-17585.69
-17541.88
-17567.55
-17545.52
-17525.01
-17686.60
-17551.39
-17546.63
-17585.81
-17548.20
-17591.59
-17567.55
-17589.88
-17565.27
-17538.75
-17560.10
-17526.49
-17596.93
-17567.16
-17614.76
-17523.12
-17525.28
-17564.68
-17538.19
-17719.83
-17607.62
-17553.97
-17590.32
-17608.23
-17640.44
-17513.72
-17586.59
-17715.33
-17554.55
