-19553.02
-19595.31
-19519.80
-19508.21
-19525.52
-19497.76
-19526.38
-19575.44
-19547.60
-19585.61
-19619.72
-19471.44
-19519.05
-19383.19
-19380.13
-19454.47
-19374.94
-19438.70
-19440.73
-19463.60
-19574.78
-19408.63
-19491.69
-19406.24
-19504.68
-19373.43
-19348.29
-19338.81
-19328.88
-19335.78
-19361.97
-19361.43
-19352.33
-19352.73
-19314.88
-19420.14
-19315.50
-19267.32
-19281.06
-19295.31
-19342.77
-19279.05
-19302.99
-19339.02
-19370.57
-19307.40
-19339.65
-19266.44
-19389.54
-19336.62
-19422.73
-19317.11
-19350.99
-19343.89
-19316.62
-19378.23
-19313.90
-19351.30
-19338.11
-19370.42
-19311.90
-19370.91
-19348.38
-19327.80
-19341.44
-19399.87
-19375.27
-19359.86
-19297.99
-19366.23
-19372.79
-19367.79
-19348.97
-19364.08
-19318.54
-19367.98
-19328.74
-19368.33
-19378.58
-19327.26
-19351.47
-19359.41
-19385.00
-19366.01
-19349.60
-19425.14
-19308.88
-19356.56
-19316.75
-19350.53
-19393.95
-19315.62
-19361.38
-19343.37
-19378.80
-19367.78
-19384.85
-19327.43
-19357.53
-19365.19
-19359.12
-19429.25
-19395.45
-19325.25
-19397.74
-19352.38
-19363.23
-19342.56
-19354.86
-19374.15
-19415.32
-19290.79
-19344.35
-19411.57
-19356.90
-19357.76
-19275.83
-19385.03
-19396.10
-19362.53
-19403.05
-19284.91
-19356.42
-19383.70
-19323.69
-19330.55
-19324.54
-19360.52
