-13128.51
-13108.67
-13069.47
-13110.93
-13055.24
-13131.01
-13092.79
-13094.52
-13105.91
-13083.94
-13090.44
-13078.14
-13103.91
-13098.02
-13065.99
-13077.22
-13105.80
-13115.54
-13069.04
-13051.29
-13064.45
-13027.96
-13031.24
-13033.94
-13083.98
-13084.86
-13061.35
-13036.23
-13028.39
-13085.50
-13045.80
-13017.13
-13043.59
-13031.15
-13037.38
-13027.19
-13057.85
-13068.56
-13023.50
-13026.82
-13057.90
-13023.97
-13013.30
-13068.07
-13023.86
-13047.27
-13093.31
-13032.18
-13050.10
-13031.56
-13065.64
-13030.27
-13082.37
-13041.34
-13115.60
-13054.34
-13040.87
-13039.64
-13059.96
-13101.62
-13039.26
-13016.53
-13023.41
-13068.24
-13068.23
-13031.43
-13086.51
-13041.31
-13082.85
-13040.84
-13029.62
-12994.64
-13118.89
-13026.72
-13017.84
-13013.86
-13100.43
-13020.29
-13065.91
-13043.61
-13030.27
-13041.28
-13043.51
-13065.72
-13028.33
-13016.35
-13066.70
-13045.29
-13029.51
-13105.55
-13008.48
-13043.97
-13015.80
-13037.18
-13072.53
-13021.78
-13108.47
-13139.26
-13046.48
-13026.15
-13023.09
-13066.50
-12960.56
-13073.72
-13009.84
-13027.82
-13003.88
-12985.16
-13022.24
-13120.56
-13084.62
-13018.74
-13033.33
-13006.82
-13068.79
-13019.62
-13051.37
-13048.41
-13059.77
-13069.18
-13006.74
-13114.70
-13109.55
-13015.70
