-21521.30
-21589.35
-21525.71
-21550.94
-21558.91
-21567.17
-21528.54
-21541.52
-21585.98
-21644.79
-21650.56
-21543.18
-21632.99
-21595.45
-21545.33
-21576.99
-21469.09
-21562.82
-21505.70
-21510.76
-21581.57
-21607.39
-21527.06
-21609.02
-21521.87
-21557.48
-21618.57
-21490.26
-21420.04
-21383.01
-21397.93
-21409.26
-21464.86
-21467.51
-21438.36
-21511.28
-21459.60
-21488.14
-21464.49
-21380.14
-21328.77
-21415.73
-21387.52
-21440.82
-21439.70
-21389.49
-21429.62
-21427.51
-21569.58
-21320.73
-21359.44
-21381.77
-21368.90
-21379.67
-21309.79
-21409.65
-21266.37
-21296.84
-21390.70
-21333.33
-21301.82
-21305.10
-21346.73
-21375.36
-21306.51
-21360.04
-21340.35
-21377.56
-21308.54
-21375.63
-21382.15
-21419.19
-21252.16
-21294.14
-21337.02
-21264.35
-21380.67
-21392.34
-21262.53
-21284.80
-21178.19
-21299.83
-21432.13
-21322.90
-21264.49
-21414.18
-21326.62
-21282.55
-21314.38
-21450.87
-21280.53
-21206.97
-21330.14
-21400.29
-21262.75
-21214.01
-21299.83
-21292.43
-21270.07
-21290.53
-21383.74
-21324.35
-21278.32
-21354.05
-21265.30
-21250.59
-21301.98
-21338.81
-21288.74
-21270.67
-21266.67
-21325.57
-21318.14
-21312.33
-21289.39
-21395.45
-21309.53
-21360.94
-21255.25
-21231.15
-21232.03
-21303.49
-21314.63
-21377.51
-21327.86
-21249.47
