-16102.59
-16084.57
-15935.41
-15980.34
-15994.67
-16001.23
-16020.29
-16000.73
-15948.54
-16006.44
-16069.69
-15902.09
-15931.59
-15956.71
-15989.22
-15990.50
-15942.58
-15927.52
-15963.91
-15986.42
-15942.81
-15934.33
-15893.53
-15940.93
-16014.11
-15986.08
-15970.78
-16043.53
-15964.99
-16005.62
-15894.50
-15876.24
-15931.09
-15898.17
-15923.17
-15905.93
-16021.38
-15877.14
-15841.01
-15898.34
-15971.26
-15829.22
-15869.51
-15867.03
-15889.39
-15881.03
-15896.77
-15851.98
-15835.31
-15853.67
-15869.47
-15891.45
-15806.07
-15909.41
-15873.16
-15862.79
-15821.11
-15904.74
-15941.24
-15858.17
-15859.52
-15884.11
-15855.78
-15820.65
-15844.47
-15852.07
-15848.75
-15840.22
-15871.07
-15850.22
-15855.60
-15878.61
-15885.83
-15819.29
-15825.63
-15838.39
-15861.48
-15822.19
-15864.48
-15834.43
-15905.78
-15782.90
-15832.90
-15849.11
-15806.25
-15868.76
-15850.26
-15801.07
-15842.30
-15888.00
-15891.10
-15868.36
-15840.16
-15857.16
-15852.34
-15854.03
-15813.72
-15838.29
-15879.22
-15856.67
-15810.13
-15869.08
-15827.01
-15835.14
-15836.32
-15899.91
-15835.09
-15849.07
-15812.61
-15895.14
-15857.43
-15855.14
-15889.35
-15838.05
-15840.43
-15853.27
-15843.38
-15895.27
-15791.00
-15903.45
-15905.17
-15866.44
-15844.39
-15886.36
-15846.41
-15834.48
-15834.82
-15817.94
