-26217.21
-26345.77
-26315.59
-26323.16
-26180.17
-26156.64
-26061.53
-26074.33
-26185.14
-26060.43
-26017.78
-26055.69
-26119.51
-25964.29
-25956.76
-26006.61
-25995.36
-26075.91
-26092.02
-26076.57
-26073.84
-26018.20
-26049.16
-26050.86
-26127.42
-26015.91
-26068.64
-26046.85
-26023.57
-26066.05
-26064.50
-26005.13
-26094.12
-26194.04
-26051.04
-26021.35
-26062.45
-26048.07
-26048.71
-26170.43
-26061.08
-26020.22
-26058.78
-26234.61
-25970.58
-25940.34
-26009.35
-26017.15
-26176.10
-25940.46
-26020.80
-25934.53
-25904.22
-25918.20
-26048.20
-25993.40
-25974.56
-25948.00
-26013.31
-25929.59
-26063.11
-26033.70
-26028.34
-25968.18
-26038.96
-26033.00
-25951.08
-26008.14
-25905.29
-26081.68
-25930.04
-26028.65
-26041.47
-26034.96
-25976.14
-25915.40
-25953.91
-25992.43
-25977.95
-26002.63
-26006.66
-25985.35
-25858.85
-25944.13
-25989.02
-25916.37
-25888.68
-25998.77
-25874.70
-25858.90
-25844.03
-25941.70
-25969.58
-25848.58
-25969.97
-25906.57
-25957.55
-25961.67
-25950.60
-26016.92
-25971.50
-25816.24
-25826.20
-25905.37
-25939.30
-25976.76
-25835.26
-25972.36
-25950.02
-25901.74
-25953.87
-25743.93
-25989.60
-26032.63
-25799.71
-25858.72
-25897.81
-25957.79
-25999.17
-25808.31
-26000.50
-25859.45
-25985.49
-26025.43
-25951.08
-25846.44
-25937.60
-25903.24
