-14524.70
-14467.11
-14504.31
-14498.79
-14488.81
-14559.30
-14527.67
-14501.22
-14428.52
-14476.34
-14434.69
-14422.13
-14430.84
-14440.10
-14406.12
-14413.45
-14395.60
-14404.52
-14305.62
-14380.77
-14315.74
-14402.18
-14355.16
-14378.44
-14363.05
-14373.64
-14390.53
-14347.71
-14320.12
-14374.65
-14398.19
-14410.46
-14348.35
-14383.41
-14409.43
-14361.86
-14391.80
-14380.90
-14377.51
-14421.62
-14370.31
-14358.12
-14419.88
-14342.25
-14393.16
-14337.44
-14323.12
-14388.92
-14393.05
-14401.22
-14433.81
-14371.96
-14324.35
-14375.08
-14339.32
-14325.43
-14339.07
-14376.88
-14367.54
-14379.22
-14423.08
-14358.08
-14374.49
-14374.18
-14370.29
-14395.39
-14383.36
-14411.06
-14413.38
-14363.74
-14385.05
-14383.44
-14383.08
-14336.57
-14352.38
-14354.48
-14403.95
-14370.67
-14380.01
-14367.52
-14371.10
-14425.09
-14357.45
-14360.87
-14397.19
-14411.18
-14391.32
-14340.84
-14443.22
-14391.03
-14395.03
-14369.08
-14340.60
-14375.41
-14336.25
-14398.80
-14377.17
-14374.38
-14387.91
-14400.45
-14375.62
-14386.49
-14390.79
-14442.69
-14346.03
-14373.42
-14401.17
-14348.43
-14336.79
-14349.77
-14353.24
-14350.22
-14368.25
-14381.79
-14391.17
-14384.20
-14374.81
-14372.99
-14356.54
-14358.47
-14399.91
-14361.48
-14370.69
-14386.47
-14303.67
-14407.10
-14396.76
-14389.29
