-23740.08
-23606.67
-23679.66
-23730.81
-23636.37
-23678.70
-23810.95
-23643.68
-23684.45
-23640.53
-23722.20
-23684.01
-23554.39
-23634.70
-23645.82
-23569.27
-23578.82
-23619.06
-23607.16
-23574.89
-23578.87
-23610.49
-23572.86
-23623.43
-23552.59
-23593.82
-23481.79
-23608.44
-23520.19
-23617.03
-23573.32
-23545.20
-23565.36
-23547.05
-23532.55
-23566.65
-23496.56
-23490.37
-23574.43
-23569.50
-23624.99
-23621.81
-23590.19
-23409.61
-23545.48
-23554.28
-23568.53
-23517.00
-23509.42
-23568.08
-23491.39
-23492.43
-23594.89
-23567.37
-23543.88
-23602.65
-23526.69
-23576.28
-23544.00
-23514.67
-23481.87
-23556.11
-23494.71
-23483.40
-23367.98
-23512.97
-23498.76
-23452.05
-23572.36
-23556.23
-23500.59
-23402.55
-23503.06
-23367.04
-23491.74
-23575.16
-23455.14
-23469.77
-23459.45
-23439.38
-23557.84
-23537.96
-23472.25
-23387.88
-23565.26
-23550.28
-23366.71
-23489.99
-23503.65
-23515.89
-23623.08
-23526.51
-23445.90
-23421.63
-23539.72
-23467.01
-23604.86
-23606.31
-23589.42
-23447.21
-23557.83
-23539.26
-23350.60
-23500.08
-23422.13
-23458.50
-23563.03
-23407.04
-23461.64
-23451.23
-23441.40
-23599.60
-23490.40
-23310.31
-23603.25
-23511.01
-23502.48
-23503.03
-23435.61
-23538.65
-23419.51
-23529.36
-23494.02
-23524.58
-23511.72
-23603.34
-23583.11
