0.00 1.00 -370247.05 -370247.05 406.81 3968.71
1.00 1.00 -370247.05 -370386.97 406.81 3968.71
2.00 2.00 -370121.23 -370121.23 398.84 3920.84
3.00 3.00 -369963.74 -369963.74 397.11 3910.77
4.00 4.00 -369895.63 -369895.63 389.16 3898.16
5.00 4.00 -369895.63 -369973.21 389.16 3898.16
6.00 4.00 -369895.63 -370073.05 389.16 3898.16
7.00 4.00 -369895.63 -370247.68 389.16 3898.16
8.00 5.00 -369888.30 -369888.30 408.85 3912.70
9.00 6.00 -369850.86 -369850.86 412.49 3909.38
10.00 7.00 -369593.62 -369593.62 407.18 3868.87
11.00 7.00 -369593.62 -369729.62 407.18 3868.87
12.00 7.00 -369593.62 -369771.22 407.18 3868.87
13.00 7.00 -369593.62 -369634.76 407.18 3868.87
14.00 8.00 -369407.70 -369407.70 408.56 3880.06
15.00 8.00 -369407.70 -369503.27 408.56 3880.06
16.00 8.00 -369407.70 -369493.62 408.56 3880.06
17.00 9.00 -369358.68 -369358.68 394.15 3860.21
18.00 9.00 -369358.68 -369407.15 394.15 3860.21
19.00 9.00 -369358.68 -369449.76 394.15 3860.21
20.00 9.00 -369358.68 -369449.20 394.15 3860.21
21.00 9.00 -369358.68 -369508.63 394.15 3860.21
22.00 10.00 -369299.27 -369299.27 387.87 3875.70
23.00 11.00 -369234.21 -369234.21 387.45 3861.13
24.00 11.00 -369234.21 -369448.99 387.45 3861.13
25.00 11.00 -369234.21 -369296.44 387.45 3861.13
26.00 11.00 -369234.21 -369298.40 387.45 3861.13
27.00 11.00 -369234.21 -369302.19 387.45 3861.13
28.00 11.00 -369234.21 -369485.20 387.45 3861.13
29.00 11.00 -369234.21 -369519.44 387.45 3861.13
30.00 11.00 -369234.21 -369340.17 387.45 3861.13
31.00 11.00 -369234.21 -369299.35 387.45 3861.13
32.00 12.00 -369203.25 -369203.25 391.70 3848.67
33.00 13.00 -369189.88 -369189.88 397.86 3817.82
34.00 14.00 -369168.33 -369168.33 398.35 3830.85
35.00 15.00 -369129.86 -369129.86 388.50 3820.34
36.00 16.00 -369069.07 -369069.07 389.58 3786.93
37.00 16.00 -369069.07 -369165.23 389.58 3786.93
38.00 16.00 -369069.07 -369200.03 389.58 3786.93
39.00 16.00 -369069.07 -369274.62 389.58 3786.93
40.00 16.00 -369069.07 -369327.53 389.58 3786.93
41.00 16.00 -369069.07 -369133.16 389.58 3786.93
42.00 16.00 -369069.07 -369209.68 389.58 3786.93
43.00 16.00 -369069.07 -369383.47 389.58 3786.93
44.00 16.00 -369069.07 -369340.04 389.58 3786.93
45.00 16.00 -369069.07 -369263.92 389.58 3786.93
46.00 16.00 -369069.07 -369348.53 389.58 3786.93
47.00 16.00 -369069.07 -369315.55 389.58 3786.93
48.00 16.00 -369069.07 -369218.77 389.58 3786.93
49.00 16.00 -369069.07 -369133.93 389.58 3786.93
50.00 16.00 -369069.07 -369229.24 389.58 3786.93
51.00 17.00 -369049.12 -369049.12 396.84 3789.23
52.00 18.00 -369021.26 -369021.26 401.87 3750.56
53.00 18.00 -369021.26 -369117.27 401.87 3750.56
54.00 19.00 -369015.68 -369015.68 404.04 3724.59
55.00 19.00 -369015.68 -369088.36 404.04 3724.59
56.00 19.00 -369015.68 -369202.77 404.04 3724.59
57.00 19.00 -369015.68 -369093.86 404.04 3724.59
58.00 19.00 -369015.68 -369157.79 404.04 3724.59
59.00 19.00 -369015.68 -369133.20 404.04 3724.59
60.00 19.00 -369015.68 -369174.71 404.04 3724.59
61.00 19.00 -369015.68 -369075.56 404.04 3724.59
62.00 19.00 -369015.68 -369266.21 404.04 3724.59
63.00 19.00 -369015.68 -369220.21 404.04 3724.59
64.00 19.00 -369015.68 -369162.46 404.04 3724.59
65.00 19.00 -369015.68 -369154.94 404.04 3724.59
66.00 19.00 -369015.68 -369159.15 404.04 3724.59
67.00 19.00 -369015.68 -369173.44 404.04 3724.59
68.00 19.00 -369015.68 -369309.24 404.04 3724.59
69.00 19.00 -369015.68 -369195.41 404.04 3724.59
70.00 19.00 -369015.68 -369080.15 404.04 3724.59
71.00 19.00 -369015.68 -369211.89 404.04 3724.59
72.00 19.00 -369015.68 -369160.53 404.04 3724.59
73.00 19.00 -369015.68 -369421.50 404.04 3724.59
74.00 19.00 -369015.68 -369245.11 404.04 3724.59
75.00 19.00 -369015.68 -369262.53 404.04 3724.59
76.00 19.00 -369015.68 -369482.99 404.04 3724.59
77.00 19.00 -369015.68 -369105.68 404.04 3724.59
78.00 19.00 -369015.68 -369037.89 404.04 3724.59
79.00 20.00 -368995.20 -368995.20 399.34 3713.91
80.00 21.00 -368995.08 -368995.08 384.04 3716.57
81.00 21.00 -368995.08 -369060.33 384.04 3716.57
82.00 21.00 -368995.08 -369189.59 384.04 3716.57
83.00 21.00 -368995.08 -369038.92 384.04 3716.57
84.00 21.00 -368995.08 -369113.23 384.04 3716.57
85.00 21.00 -368995.08 -369134.16 384.04 3716.57
86.00 21.00 -368995.08 -369136.08 384.04 3716.57
87.00 21.00 -368995.08 -369309.73 384.04 3716.57
88.00 21.00 -368995.08 -369410.19 384.04 3716.57
89.00 22.00 -368893.60 -368893.60 372.49 3690.80
90.00 22.00 -368893.60 -368922.86 372.49 3690.80
91.00 23.00 -368880.20 -368880.20 373.04 3696.86
92.00 23.00 -368880.20 -368955.23 373.04 3696.86
93.00 23.00 -368880.20 -368910.40 373.04 3696.86
94.00 23.00 -368880.20 -369070.67 373.04 3696.86
95.00 23.00 -368880.20 -368885.95 373.04 3696.86
96.00 23.00 -368880.20 -369106.61 373.04 3696.86
97.00 23.00 -368880.20 -369050.12 373.04 3696.86
98.00 23.00 -368880.20 -369051.52 373.04 3696.86
99.00 23.00 -368880.20 -369024.88 373.04 3696.86
100.00 23.00 -368880.20 -369147.02 373.04 3696.86
101.00 23.00 -368880.20 -369018.06 373.04 3696.86
102.00 23.00 -368880.20 -368898.72 373.04 3696.86
103.00 23.00 -368880.20 -369133.06 373.04 3696.86
104.00 23.00 -368880.20 -369027.58 373.04 3696.86
105.00 23.00 -368880.20 -368967.34 373.04 3696.86
106.00 23.00 -368880.20 -368944.82 373.04 3696.86
107.00 23.00 -368880.20 -369003.91 373.04 3696.86
108.00 23.00 -368880.20 -369138.92 373.04 3696.86
109.00 23.00 -368880.20 -369100.84 373.04 3696.86
110.00 23.00 -368880.20 -368895.27 373.04 3696.86
111.00 24.00 -368825.89 -368825.89 358.60 3690.08
112.00 24.00 -368825.89 -368895.13 358.60 3690.08
113.00 24.00 -368825.89 -368890.19 358.60 3690.08
114.00 24.00 -368825.89 -368974.15 358.60 3690.08
115.00 24.00 -368825.89 -369148.53 358.60 3690.08
116.00 24.00 -368825.89 -369219.13 358.60 3690.08
117.00 24.00 -368825.89 -369018.30 358.60 3690.08
118.00 24.00 -368825.89 -368852.36 358.60 3690.08
119.00 24.00 -368825.89 -368936.25 358.60 3690.08
120.00 24.00 -368825.89 -368927.95 358.60 3690.08
121.00 24.00 -368825.89 -369109.17 358.60 3690.08
122.00 24.00 -368825.89 -369076.90 358.60 3690.08
123.00 24.00 -368825.89 -369103.59 358.60 3690.08
