0.00 1.00 -451243.29 -451243.29 395.35 3952.38
1.00 1.00 -451243.29 -451245.36 395.35 3952.38
2.00 1.00 -451243.29 -451534.44 395.35 3952.38
3.00 1.00 -451243.29 -451301.94 395.35 3952.38
4.00 1.00 -451243.29 -451528.09 395.35 3952.38
5.00 1.00 -451243.29 -451610.95 395.35 3952.38
6.00 2.00 -451149.62 -451149.62 390.50 3958.96
7.00 2.00 -451149.62 -451499.61 390.50 3958.96
8.00 2.00 -451149.62 -451220.20 390.50 3958.96
9.00 2.00 -451149.62 -451279.11 390.50 3958.96
10.00 2.00 -451149.62 -451234.78 390.50 3958.96
11.00 2.00 -451149.62 -451342.68 390.50 3958.96
12.00 3.00 -450999.58 -450999.58 401.31 3939.32
13.00 3.00 -450999.58 -451162.73 401.31 3939.32
14.00 3.00 -450999.58 -451011.25 401.31 3939.32
15.00 4.00 -450996.10 -450996.10 399.09 3934.95
16.00 4.00 -450996.10 -451228.00 399.09 3934.95
17.00 4.00 -450996.10 -451049.75 399.09 3934.95
18.00 5.00 -450989.98 -450989.98 410.64 3914.77
19.00 5.00 -450989.98 -451114.52 410.64 3914.77
20.00 6.00 -450984.99 -450984.99 419.02 3940.24
