392.76
392.76
425.03
419.11
398.57
398.57
398.57
398.57
398.57
398.57
398.57
408.16
405.78
405.78
405.78
417.67
417.67
417.67
417.67
395.58
395.58
395.58
395.58
395.58
395.58
395.58
395.58
395.58
395.58
395.58
395.58
395.58
395.58
395.58
395.58
395.58
395.58
395.58
395.58
395.58
402.55
402.55
402.55
402.55
402.55
406.79
406.79
406.79
406.79
406.79
406.79
406.79
406.79
406.79
406.79
406.79
413.30
413.89
413.89
413.89
413.89
413.89
413.89
424.66
424.66
424.66
424.66
424.66
408.98
415.55
415.55
417.09
417.09
417.09
417.09
417.09
417.09
417.09
417.09
414.50
414.50
414.50
414.50
395.15
395.15
395.15
395.15
382.41
382.41
382.41
362.79
362.79
362.79
362.79
362.79
362.79
362.79
362.79
362.79
364.66
364.66
364.66
364.66
364.66
371.83
371.83
371.83
371.83
371.83
371.83
371.83
371.83
371.83
371.83
371.83
371.83
371.83
371.83
371.83
371.83
371.83
371.83
371.83
371.83
