445.76
445.76
444.05
444.05
440.50
439.67
439.67
439.67
439.67
439.67
439.67
439.67
439.67
439.67
436.44
436.44
435.46
435.46
435.46
435.46
435.46
435.46
434.22
434.22
434.22
434.84
434.84
434.84
434.84
434.84
434.84
434.84
434.84
434.84
434.84
434.84
434.84
434.84
434.84
434.84
434.84
434.84
434.84
434.84
434.84
431.69
431.71
431.10
431.10
431.10
431.10
431.10
431.10
431.10
431.10
431.10
431.10
427.10
427.10
427.10
427.10
427.10
427.10
427.10
427.10
427.10
427.10
427.10
427.10
427.10
427.10
427.10
427.10
427.10
426.62
427.92
427.92
427.92
428.73
428.73
428.73
428.73
428.73
428.73
428.73
428.73
428.73
428.73
428.73
428.73
428.73
428.73
428.73
428.73
428.73
428.73
428.73
428.73
428.73
428.73
428.73
428.73
428.73
428.73
428.73
428.73
428.73
428.73
428.73
428.73
428.73
428.73
428.73
428.73
428.73
428.73
428.73
428.73
428.73
428.73
428.73
428.73
428.73
428.73
428.73
428.73
428.73
428.73
428.73
428.73
428.73
428.73
428.73
428.73
428.73
428.73
428.73
430.36
427.67
427.67
427.67
427.67
427.67
427.67
427.67
427.67
427.67
427.67
427.67
427.67
427.67
427.67
427.67
427.67
427.67
427.67
427.67
427.67
427.67
427.67
427.67
427.67
427.67
427.67
427.67
427.67
427.67
427.67
427.67
427.67
427.67
427.67
427.67
427.67
427.67
427.67
427.67
427.67
427.67
427.67
427.67
427.67
427.67
427.67
427.67
427.67
427.67
427.67
427.67
427.67
427.67
427.67
427.67
427.67
427.67
427.67
421.82
421.82
421.82
421.82
421.82
421.82
421.82
421.82
421.82
421.82
421.82
421.82
421.82
421.82
421.82
421.82
421.82
421.82
421.82
421.82
421.82
421.82
421.82
421.82
421.82
421.82
421.82
421.82
421.82
421.82
421.82
421.82
421.82
421.82
421.82
421.82
421.82
421.82
421.82
421.82
421.82
421.82
421.82
