443.75
442.00
442.00
442.00
442.00
442.00
442.00
442.00
441.76
441.76
441.76
441.76
441.76
441.76
441.76
441.76
441.76
441.76
441.76
441.76
441.76
441.76
441.76
441.76
441.76
441.76
441.76
441.76
441.76
441.76
441.76
441.76
441.76
441.76
441.76
441.76
441.76
441.76
441.76
441.76
441.76
441.76
441.76
441.76
441.76
441.76
441.76
442.71
441.88
441.88
441.88
440.46
439.35
439.35
439.35
434.74
434.74
434.74
434.74
434.74
436.05
436.05
436.05
436.05
436.05
436.05
436.05
436.05
436.05
436.05
436.05
436.05
436.05
436.05
436.05
436.05
436.05
436.05
436.05
436.05
436.05
432.30
433.12
433.12
433.12
433.12
433.12
430.83
430.83
430.83
430.83
430.83
430.83
430.83
430.83
430.83
430.83
430.83
430.83
430.83
430.83
430.83
430.83
430.83
430.83
430.83
430.46
430.46
430.46
430.46
430.46
430.46
430.46
430.46
430.46
430.46
430.46
430.46
430.46
430.46
430.46
430.46
430.46
430.46
430.46
430.46
430.46
430.46
430.46
430.46
430.46
430.18
430.18
430.18
430.18
430.18
430.18
430.18
427.61
427.61
427.61
427.61
427.61
427.61
427.61
427.61
427.61
427.61
427.61
427.61
427.61
427.61
427.61
427.61
427.61
427.61
427.61
427.61
427.61
427.61
427.61
427.61
427.61
427.61
427.61
427.61
427.61
427.61
427.61
427.61
427.61
427.61
427.61
427.61
427.61
427.61
427.61
427.61
427.61
427.61
427.61
427.61
427.61
427.61
427.61
427.61
427.61
427.61
427.61
427.61
427.61
427.61
427.61
427.61
427.61
427.61
427.61
427.61
427.61
427.61
427.61
427.61
429.11
429.11
429.11
429.11
429.11
429.11
429.11
429.11
429.11
429.11
429.11
429.11
429.11
429.11
429.11
429.11
429.11
429.11
429.11
429.11
429.11
429.11
429.11
429.11
429.11
429.11
429.11
429.11
429.11
429.11
429.11
429.11
429.11
429.11
429.11
429.11
429.11
429.11
429.11
429.11
