442.01
442.01
442.01
442.01
442.01
442.01
436.88
435.89
435.11
435.11
435.11
430.06
430.06
430.06
430.06
430.06
430.06
430.06
430.06
430.06
430.06
430.06
426.81
426.81
426.81
426.81
426.81
426.81
426.81
426.81
426.81
426.81
426.81
426.81
426.81
426.81
426.81
426.81
426.81
426.81
426.81
426.81
426.81
426.81
426.81
426.81
426.81
426.81
426.81
426.81
428.52
428.52
428.52
428.52
428.52
428.52
428.52
428.52
428.52
428.52
427.30
427.30
427.30
427.30
427.30
427.30
427.30
427.30
427.30
427.30
427.30
427.30
427.30
427.30
427.30
427.30
427.30
427.30
427.30
427.30
427.30
427.30
427.30
427.30
427.30
427.30
427.30
427.30
427.30
427.30
427.30
427.30
427.30
427.30
427.30
427.30
427.30
427.30
427.30
427.30
427.30
427.30
427.30
427.30
427.30
427.30
427.30
427.30
427.30
427.30
427.30
427.30
427.30
427.30
427.30
427.30
427.30
427.30
427.30
427.30
427.30
427.30
427.30
427.30
427.30
427.30
427.30
427.30
426.07
426.07
426.07
430.03
430.03
430.03
430.03
429.86
429.86
429.86
429.86
429.86
429.86
426.72
426.72
426.72
426.72
426.72
426.72
426.72
426.72
426.72
426.72
426.72
426.72
426.72
426.72
426.72
426.72
426.72
426.72
426.72
426.72
426.72
426.72
426.72
426.72
426.72
426.72
426.72
426.72
426.72
426.72
426.72
426.72
426.72
426.72
426.72
426.72
426.72
426.72
426.72
426.72
426.72
426.72
426.72
426.72
426.72
426.72
426.72
426.72
426.72
426.72
426.91
426.91
426.91
426.91
426.91
426.91
426.91
426.91
426.91
426.91
426.91
426.91
426.91
426.91
426.91
426.91
426.91
426.91
426.91
426.91
426.91
425.94
425.94
425.94
425.94
425.94
425.94
425.94
425.94
425.94
425.94
425.94
425.94
425.94
425.94
425.94
425.94
425.94
425.94
425.94
425.94
425.94
425.94
425.94
425.94
425.94
