1.00
1.00
1.00
439.26
439.26
438.44
442.31
440.69
440.69
440.69
440.69
442.38
438.46
433.63
431.48
430.21
430.21
430.21
430.21
430.21
430.21
430.21
430.21
430.21
430.21
430.21
430.21
430.21
430.21
430.21
430.21
430.21
430.21
430.21
430.21
430.21
430.21
430.21
430.21
430.21
430.21
430.21
430.21
430.21
430.21
430.21
430.21
430.21
430.21
430.21
430.21
430.21
430.21
430.21
430.21
427.43
424.67
424.67
424.67
424.67
424.67
424.67
424.67
424.67
424.67
424.67
424.67
424.67
424.67
424.67
424.67
424.67
424.67
424.67
424.67
424.67
424.67
424.67
424.67
424.67
424.67
424.67
424.67
424.67
424.67
424.67
424.67
424.67
424.67
424.67
424.67
424.67
424.67
424.67
424.67
424.67
424.67
424.67
424.67
424.67
424.67
424.67
424.67
424.67
424.67
424.67
424.67
424.67
424.67
424.67
424.67
424.67
424.67
424.85
424.85
424.85
424.85
424.85
424.85
424.85
424.85
424.85
424.85
424.85
424.85
424.85
424.70
424.70
424.70
424.70
424.70
424.70
424.70
424.70
424.70
424.70
424.70
424.70
423.23
423.23
423.23
423.23
423.23
423.23
423.23
423.23
423.23
423.23
423.23
423.23
423.23
423.23
423.23
423.23
423.23
423.23
423.23
423.23
423.23
423.23
423.23
423.23
423.23
423.23
423.23
423.23
423.23
423.23
423.23
423.23
423.23
423.23
423.23
423.23
423.23
423.23
423.23
423.23
423.23
423.23
423.23
423.23
423.23
423.23
423.23
423.23
423.23
423.23
423.23
423.23
423.23
423.23
423.23
423.23
423.23
423.23
423.23
423.23
423.23
423.23
423.23
423.23
423.23
423.23
423.23
423.23
423.23
423.23
423.23
423.23
423.23
423.23
423.23
423.23
423.23
423.23
423.23
423.23
423.23
423.23
423.23
421.94
421.94
421.94
421.94
421.94
421.94
421.94
421.94
421.94
421.94
421.94
421.94
421.94
421.94
421.94
421.94
421.94
421.94
