-21771.09000 -26487.34000 -13259.11000 -14594.40000 -19604.39000 -17850.54000 -16102.61000 -23810.89000
-21620.62000 -26504.03000 -13226.97000 -14653.42000 -19613.10000 -17706.57000 -16046.16000 -23864.73000
-21797.36000 -26437.27000 -13229.20000 -14592.22000 -19784.22000 -17808.45000 -16052.29000 -23853.41000
-21699.38000 -26391.48000 -13208.66000 -14602.30000 -19677.47000 -17792.01000 -16168.69000 -23931.75000
-21751.55000 -26399.00000 -13216.30000 -14671.46000 -19651.50000 -17729.99000 -16042.01000 -23840.69000
-21665.64000 -26450.16000 -13237.76000 -14555.62000 -19663.37000 -17715.86000 -16080.20000 -23887.78000
-21633.02000 -26298.92000 -13180.28000 -14553.90000 -19599.24000 -17751.10000 -16161.31000 -23900.39000
-21670.75000 -26362.25000 -13205.34000 -14538.03000 -19577.78000 -17704.57000 -16102.23000 -23939.97000
-21872.65000 -26441.31000 -13190.98000 -14668.19000 -19654.03000 -17732.90000 -16124.15000 -23882.08000
-21684.44000 -26397.75000 -13226.10000 -14636.77000 -19593.76000 -17734.02000 -16098.17000 -23846.27000
-21833.54000 -26401.87000 -13200.24000 -14540.84000 -19583.20000 -17659.25000 -16084.38000 -23828.48000
-21643.10000 -26321.97000 -13167.96000 -14591.34000 -19536.44000 -17728.04000 -16083.63000 -23833.55000
-21730.42000 -26374.90000 -13099.91000 -14538.97000 -19609.47000 -17692.02000 -16148.96000 -23843.79000
-21617.82000 -26387.41000 -13149.55000 -14618.88000 -19561.41000 -17710.38000 -16079.74000 -23907.83000
-21575.97000 -26471.97000 -13116.96000 -14602.81000 -19553.73000 -17708.48000 -16067.28000 -23883.20000
-21587.83000 -26611.63000 -13139.46000 -14568.37000 -19538.45000 -17696.58000 -16095.19000 -23911.06000
-21563.35000 -26477.79000 -13118.85000 -14557.83000 -19595.51000 -17656.18000 -16099.49000 -23904.58000
-21613.67000 -26374.63000 -13153.33000 -14563.83000 -19580.49000 -17718.57000 -16095.81000 -23880.66000
-21580.08000 -26507.87000 -13146.21000 -14572.98000 -19571.41000 -17728.27000 -16149.77000 -23928.38000
-21593.90000 -26505.49000 -13167.64000 -14586.87000 -19540.75000 -17733.73000 -16115.21000 -23923.37000
-21560.99000 -26313.08000 -13115.64000 -14593.35000 -19507.83000 -17727.47000 -16121.89000 -23863.38000
-21531.98000 -26333.59000 -13169.76000 -14610.76000 -19558.69000 -17646.96000 -16032.57000 -23934.36000
-21529.67000 -26347.89000 -13183.46000 -14581.58000 -19492.93000 -17725.18000 -16065.10000 -23903.52000
-21548.49000 -26630.00000 -13139.89000 -14636.95000 -19540.60000 -17618.47000 -16094.10000 -23827.15000
-21529.46000 -26759.68000 -13215.51000 -14571.93000 -19552.64000 -17679.47000 -16047.64000 -23879.05000
-21513.74000 -26367.44000 -13142.02000 -14535.42000 -19518.24000 -17707.14000 -16093.50000 -23890.61000
-21531.85000 -26309.45000 -13114.85000 -14562.25000 -19507.62000 -17676.45000 -16035.04000 -23915.54000
-21521.85000 -26435.16000 -13191.68000 -14570.71000 -19566.10000 -17654.92000 -16098.95000 -23947.67000
-21519.29000 -26410.70000 -13137.27000 -14538.70000 -19544.58000 -17675.21000 -16103.22000 -23835.61000
-21534.02000 -26312.29000 -13125.83000 -14520.50000 -19518.64000 -17677.44000 -16058.11000 -23943.51000
-21499.81000 -26407.50000 -13148.00000 -14522.41000 -19541.34000 -17693.23000 -16083.66000 -23812.30000
-21465.10000 -26640.05000 -13134.09000 -14560.78000 -19512.63000 -17697.73000 -16151.66000 -23776.37000
-21485.33000 -26566.72000 -13147.97000 -14551.19000 -19548.08000 -17693.58000 -16022.87000 -23806.50000
-21565.66000 -26414.43000 -13126.24000 -14595.81000 -19495.72000 -17633.86000 -16077.58000 -23804.25000
-21457.26000 -26381.89000 -13144.73000 -14552.39000 -19541.04000 -17638.84000 -16032.92000 -23842.18000
-21505.30000 -26445.89000 -13157.83000 -14549.69000 -19523.69000 -17628.88000 -16041.09000 -23832.16000
-21458.60000 -26424.74000 -13127.85000 -14567.06000 -19556.31000 -17670.37000 -16096.79000 -23781.84000
-21522.21000 -26603.06000 -13131.07000 -14572.48000 -19517.52000 -17628.00000 -16066.04000 -23857.06000
-21539.10000 -26506.77000 -13181.36000 -14558.15000 -19541.67000 -17661.99000 -15988.74000 -23878.78000
-21518.06000 -26400.54000 -13128.02000 -14511.93000 -19531.66000 -17657.01000 -15981.19000 -23846.29000
-21484.63000 -26360.67000 -13107.52000 -14551.63000 -19494.55000 -17663.32000 -16014.63000 -23902.05000
-21509.32000 -26396.09000 -13111.12000 -14553.47000 -19555.85000 -17642.70000 -16051.25000 -23895.60000
-21482.26000 -26592.41000 -13158.12000 -14558.39000 -19512.49000 -17608.36000 -16005.62000 -23815.38000
-21492.98000 -26339.09000 -13148.03000 -14523.33000 -19451.72000 -17675.19000 -15992.62000 -23902.42000
-21536.18000 -26364.26000 -13170.60000 -14492.85000 -19462.89000 -17652.93000 -16002.36000 -23801.68000
-21496.18000 -26343.41000 -13141.77000 -14593.47000 -19547.24000 -17668.43000 -15988.81000 -23855.74000
-21524.85000 -26369.71000 -13131.29000 -14509.86000 -19527.41000 -17654.25000 -15991.99000 -23915.84000
-21541.32000 -26644.48000 -13175.17000 -14526.68000 -19493.67000 -17636.81000 -16030.66000 -23846.22000
-21505.11000 -26309.59000 -13159.21000 -14530.46000 -19528.20000 -17653.82000 -16033.50000 -23839.20000
-21508.18000 -26430.53000 -13133.09000 -14525.87000 -19538.67000 -17663.26000 -16013.93000 -23823.22000
-21557.88000 -26447.83000 -13191.52000 -14548.74000 -19473.64000 -17651.99000 -16014.95000 -23913.53000
-21536.46000 -26523.00000 -13107.75000 -14535.22000 -19526.72000 -17676.48000 -16008.21000 -23808.11000
-21516.04000 -26334.32000 -13123.41000 -14523.85000 -19515.02000 -17636.28000 -16001.67000 -23921.84000
-21525.82000 -26426.20000 -13120.69000 -14500.97000 -19555.98000 -17700.98000 -15966.65000 -23846.50000
-21495.31000 -26352.81000 -13155.68000 -14552.56000 -19501.92000 -17651.59000 -16058.04000 -23829.46000
-21491.75000 -26391.10000 -13152.43000 -14502.32000 -19527.39000 -17634.66000 -16009.28000 -23839.47000
-21466.05000 -26415.89000 -13169.11000 -14523.62000 -19488.68000 -17692.27000 -15972.47000 -23825.51000
-21515.38000 -26441.82000 -13159.70000 -14525.09000 -19525.09000 -17610.48000 -15985.82000 -23815.54000
-21528.32000 -26487.17000 -13125.76000 -14501.84000 -19537.53000 -17635.23000 -15989.74000 -23832.43000
-21557.11000 -26392.30000 -13130.02000 -14527.69000 -19473.55000 -17637.46000 -15987.74000 -23841.90000
-21553.73000 -26410.64000 -13129.46000 -14529.27000 -19481.90000 -17683.50000 -15974.47000 -23856.55000
-21517.63000 -26312.62000 -13137.11000 -14551.53000 -19526.82000 -17624.77000 -15976.69000 -23829.71000
-21515.58000 -26358.81000 -13109.62000 -14524.88000 -19556.39000 -17688.69000 -16027.24000 -23846.36000
-21559.55000 -26424.75000 -13169.91000 -14543.52000 -19479.03000 -17676.33000 -15974.99000 -23835.12000
-21472.38000 -26378.32000 -13098.72000 -14523.75000 -19522.83000 -17644.40000 -16036.31000 -23855.77000
-21527.33000 -26363.73000 -13084.06000 -14555.89000 -19436.07000 -17639.81000 -15996.17000 -23936.16000
-21506.83000 -26378.98000 -13146.52000 -14560.73000 -19537.33000 -17672.31000 -16031.99000 -23887.37000
-21564.68000 -26346.49000 -13156.16000 -14523.69000 -19492.86000 -17687.39000 -15997.14000 -23863.04000
-21550.45000 -26301.99000 -13114.74000 -14519.86000 -19456.12000 -17632.45000 -16036.88000 -23781.98000
-21574.79000 -26476.22000 -13141.79000 -14541.20000 -19511.25000 -17725.21000 -15993.23000 -23862.79000
-21560.23000 -26479.99000 -13172.09000 -14519.61000 -19480.99000 -17684.12000 -16008.83000 -23858.84000
-21475.78000 -26325.47000 -13136.90000 -14527.24000 -19482.62000 -17694.34000 -16008.21000 -23797.37000
-21497.42000 -26420.88000 -13108.56000 -14574.91000 -19439.24000 -17686.30000 -15987.28000 -23862.86000
-21577.60000 -26322.38000 -13124.97000 -14539.07000 -19409.94000 -17663.18000 -16049.55000 -23837.23000
-21507.02000 -26372.36000 -13142.12000 -14579.64000 -19484.06000 -17689.94000 -16028.45000 -23862.18000
-21492.29000 -26329.55000 -13112.53000 -14508.62000 -19443.72000 -17626.85000 -15986.05000 -23907.74000
-21557.57000 -26516.76000 -13126.58000 -14560.52000 -19492.45000 -17648.03000 -16021.89000 -23811.04000
-21502.22000 -26596.89000 -13157.06000 -14491.83000 -19391.77000 -17662.18000 -15975.47000 -23913.84000
-21560.98000 -26406.02000 -13156.20000 -14520.30000 -19517.17000 -17674.58000 -16006.82000 -23783.15000
-21529.30000 -26339.78000 -13125.69000 -14493.42000 -19493.27000 -17661.56000 -16027.85000 -23775.95000
-21502.97000 -26432.90000 -13128.66000 -14482.13000 -19468.31000 -17658.97000 -15997.87000 -23824.91000
-21496.94000 -26516.06000 -13139.49000 -14526.38000 -19479.81000 -17668.07000 -16001.62000 -23954.25000
-21498.05000 -26407.39000 -13102.57000 -14535.96000 -19482.83000 -17657.02000 -15993.74000 -23772.70000
-21483.82000 -26445.32000 -13135.55000 -14548.35000 -19474.66000 -17694.62000 -15999.53000 -23718.97000
-21532.32000 -26338.39000 -13102.30000 -14565.21000 -19516.58000 -17641.31000 -16001.10000 -23820.50000
-21585.27000 -26364.20000 -13090.38000 -14536.69000 -19473.56000 -17665.80000 -16022.38000 -23821.74000
-21502.13000 -26348.31000 -13155.22000 -14522.86000 -19499.35000 -17635.18000 -16002.54000 -23722.48000
-21455.92000 -26574.19000 -13146.70000 -14545.46000 -19465.54000 -17635.11000 -16035.42000 -23782.65000
-21523.42000 -26525.09000 -13132.08000 -14498.24000 -19481.11000 -17690.80000 -16031.63000 -23798.19000
-21473.81000 -26244.55000 -13116.32000 -14524.24000 -19425.59000 -17643.02000 -16016.12000 -23765.52000
-21540.01000 -26355.96000 -13122.97000 -14511.30000 -19466.32000 -17629.47000 -15986.73000 -23807.41000
-21513.14000 -26355.57000 -13128.10000 -14531.24000 -19472.51000 -17687.76000 -16033.35000 -23704.85000
-21533.01000 -26327.63000 -13151.04000 -14510.57000 -19475.79000 -17640.31000 -16000.80000 -23782.79000
-21571.06000 -26325.93000 -13154.76000 -14540.03000 -19514.68000 -17688.40000 -15981.11000 -23767.98000
-21521.16000 -26386.90000 -13138.60000 -14521.25000 -19477.68000 -17602.55000 -16016.36000 -23724.06000
-21504.40000 -26302.12000 -13136.76000 -14543.40000 -19501.55000 -17621.09000 -15969.05000 -23806.97000
-21540.88000 -26351.33000 -13139.64000 -14498.81000 -19500.27000 -17658.21000 -15988.97000 -23760.19000
-21490.48000 -26455.82000 -13143.21000 -14541.40000 -19521.92000 -17664.52000 -16007.32000 -23833.21000
-21510.77000 -26341.09000 -13135.52000 -14513.22000 -19472.48000 -17731.30000 -15967.15000 -23779.58000
-21549.74000 -26295.92000 -13147.39000 -14533.44000 -19510.62000 -17680.03000 -16019.76000 -23814.07000
-21515.05000 -26366.00000 -13181.06000 -14530.32000 -19454.09000 -17675.70000 -15994.93000 -23862.08000
-21539.42000 -26327.82000 -13110.69000 -14507.44000 -19491.78000 -17644.70000 -16010.08000 -23767.21000
-21499.14000 -26459.36000 -13111.94000 -14521.61000 -19487.81000 -17610.71000 -15989.31000 -23795.44000
-21570.71000 -26330.12000 -13138.65000 -14521.16000 -19480.88000 -17677.77000 -16042.86000 -23762.91000
-21478.01000 -26368.10000 -13154.40000 -14559.42000 -19503.33000 -17652.93000 -15978.69000 -23813.60000
-21473.48000 -26369.43000 -13130.88000 -14560.64000 -19466.82000 -17673.17000 -15969.86000 -23735.68000
-21477.22000 -26424.11000 -13130.15000 -14521.17000 -19508.28000 -17647.93000 -16022.12000 -23807.81000
-21481.38000 -26333.49000 -13123.35000 -14534.57000 -19472.18000 -17662.94000 -16002.51000 -23823.17000
-21521.33000 -26228.64000 -13140.38000 -14518.76000 -19497.35000 -17693.81000 -16001.87000 -23744.52000
-21533.10000 -26236.67000 -13131.09000 -14497.65000 -19438.93000 -17691.81000 -16019.91000 -23797.70000
-21561.93000 -26344.47000 -13129.05000 -14523.09000 -19502.39000 -17650.28000 -16024.91000 -23736.31000
-21557.09000 -26360.13000 -13111.28000 -14544.75000 -19433.38000 -17695.97000 -16031.32000 -23742.32000
-21510.82000 -26329.66000 -13089.95000 -14488.02000 -19390.87000 -17663.60000 -16000.87000 -23734.98000
-21499.84000 -26323.68000 -13116.56000 -14523.53000 -19506.81000 -17690.90000 -15941.82000 -23802.15000
-21497.64000 -26419.01000 -13119.05000 -14510.99000 -19437.94000 -17629.38000 -15987.93000 -23787.98000
-21522.00000 -26377.48000 -13163.31000 -14550.76000 -19475.93000 -17679.16000 -15931.77000 -23820.06000
-21498.45000 -26292.14000 -13141.96000 -14567.45000 -19439.00000 -17662.77000 -15978.32000 -23750.44000
-21481.56000 -26358.11000 -13109.79000 -14534.98000 -19383.74000 -17658.46000 -15993.13000 -23825.08000
-21501.25000 -26287.64000 -13098.44000 -14561.96000 -19415.09000 -17706.87000 -15957.44000 -23785.27000
-21463.24000 -26310.64000 -13163.55000 -14523.71000 -19342.63000 -17671.22000 -15959.91000 -23743.62000
-21489.54000 -26311.85000 -13172.82000 -14531.65000 -19435.29000 -17653.48000 -15954.85000 -23747.67000
-21517.32000 -26309.24000 -13116.88000 -14536.04000 -19408.08000 -17637.66000 -15971.92000 -23714.68000
-21502.83000 -26351.68000 -13130.68000 -14498.29000 -19484.49000 -17668.56000 -15976.69000 -23771.00000
-21561.29000 -26323.22000 -13158.00000 -14537.92000 -19414.74000 -17678.96000 -16010.39000 -23778.11000
-21497.10000 -26326.96000 -13134.58000 -14520.11000 -19434.65000 -17674.22000 -16002.88000 -23790.85000
-21549.67000 -26298.15000 -13155.32000 -14487.98000 -19485.16000 -17733.27000 -15980.57000 -23758.27000
-21493.51000 -26288.88000 -13128.97000 -14568.63000 -19436.25000 -17688.57000 -15962.40000 -23755.96000
-21515.59000 -26304.85000 -13130.25000 -14536.22000 -19339.17000 -17647.75000 -15945.13000 -23798.99000
-21558.77000 -26219.03000 -13102.91000 -14528.54000 -19518.80000 -17644.40000 -15979.84000 -23785.84000
-21497.56000 -26276.68000 -13123.02000 -14539.81000 -19401.82000 -17654.04000 -15968.35000 -23849.27000
-21515.60000 -26247.85000 -13126.01000 -14516.62000 -19459.41000 -17649.77000 -15985.12000 -23751.70000
-21484.06000 -26294.50000 -13146.37000 -14547.20000 -19484.33000 -17608.23000 -15995.21000 -23813.09000
-21525.45000 -26294.59000 -13142.50000 -14514.98000 -19460.11000 -17617.76000 -15977.19000 -23770.62000
-21522.67000 -26274.55000 -13123.09000 -14510.60000 -19495.90000 -17661.69000 -15981.39000 -23786.40000
-21515.35000 -26251.79000 -13088.76000 -14540.06000 -19460.00000 -17649.85000 -16001.93000 -23785.13000
-21477.95000 -26267.62000 -13141.23000 -14537.45000 -19454.44000 -17674.43000 -15934.65000 -23817.99000
-21589.06000 -26328.10000 -13100.53000 -14528.89000 -19427.85000 -17697.07000 -15993.73000 -23779.86000
-21526.45000 -26240.77000 -13172.08000 -14498.23000 -19335.65000 -17711.97000 -15961.69000 -23799.83000
-21529.92000 -26321.85000 -13108.60000 -14545.89000 -19452.39000 -17697.81000 -15967.81000 -23831.73000
-21481.57000 -26196.21000 -13101.15000 -14554.81000 -19439.70000 -17671.88000 -15986.22000 -23738.62000
-21486.87000 -26209.12000 -13093.21000 -14566.99000 -19491.10000 -17641.73000 -15956.78000 -23724.73000
-21468.04000 -26264.97000 -13138.80000 -14541.09000 -19473.62000 -17699.60000 -15945.05000 -23771.32000
-21503.63000 -26306.23000 -13192.55000 -14524.90000 -19444.65000 -17662.91000 -15948.76000 -23727.01000
-21521.17000 -26276.13000 -13125.62000 -14519.18000 -19406.33000 -17669.28000 -15983.78000 -23759.96000
-21539.79000 -26222.48000 -13130.71000 -14534.45000 -19435.72000 -17731.58000 -15989.85000 -23761.40000
-21553.40000 -26209.37000 -13128.96000 -14543.32000 -19405.09000 -17660.61000 -15981.54000 -23829.19000
-21490.77000 -26240.80000 -13121.63000 -14556.70000 -19442.02000 -17696.89000 -15954.62000 -23745.14000
-21559.99000 -26248.42000 -13121.83000 -14525.44000 -19441.21000 -17722.83000 -15979.44000 -23736.62000
-21508.71000 -26337.66000 -13135.10000 -14541.08000 -19369.13000 -17708.10000 -15948.78000 -23766.45000
-21543.72000 -26259.37000 -13090.26000 -14514.51000 -19398.01000 -17618.87000 -15950.37000 -23773.11000
-21523.79000 -26236.36000 -13100.89000 -14528.75000 -19422.50000 -17709.59000 -15979.58000 -23755.93000
-21497.33000 -26256.02000 -13118.30000 -14542.52000 -19404.12000 -17637.91000 -15980.54000 -23734.01000
-21513.31000 -26323.78000 -13153.63000 -14552.82000 -19424.56000 -17683.99000 -15985.83000 -23766.92000
-21479.08000 -26235.96000 -13148.59000 -14523.83000 -19380.27000 -17683.15000 -15976.36000 -23751.17000
-21517.68000 -26283.90000 -13149.86000 -14543.48000 -19473.30000 -17682.99000 -15958.06000 -23788.79000
-21471.07000 -26275.96000 -13125.74000 -14544.87000 -19488.40000 -17669.80000 -15960.29000 -23790.03000
-21475.97000 -26279.00000 -13138.41000 -14534.65000 -19388.85000 -17723.36000 -15946.31000 -23751.57000
-21471.05000 -26234.64000 -13109.30000 -14523.26000 -19425.44000 -17630.12000 -15965.01000 -23749.94000
-21495.00000 -26276.47000 -13159.16000 -14511.98000 -19455.22000 -17673.39000 -15995.87000 -23780.45000
-21465.68000 -26317.05000 -13125.39000 -14520.66000 -19465.65000 -17683.49000 -15992.36000 -23752.83000
-21538.85000 -26244.33000 -13123.57000 -14506.16000 -19436.47000 -17611.84000 -15998.17000 -23786.61000
-21488.67000 -26234.71000 -13135.38000 -14527.24000 -19401.58000 -17692.51000 -15967.36000 -23729.07000
-21523.97000 -26187.20000 -13105.20000 -14497.12000 -19437.46000 -17649.27000 -15961.70000 -23838.48000
-21498.64000 -26262.26000 -13165.69000 -14563.59000 -19441.37000 -17686.82000 -15938.77000 -23790.32000
-21515.85000 -26238.09000 -13115.51000 -14497.83000 -19506.73000 -17685.91000 -15939.27000 -23720.24000
-21480.13000 -26270.99000 -13146.40000 -14513.25000 -19421.08000 -17712.78000 -15974.69000 -23718.05000
-21516.64000 -26247.10000 -13120.70000 -14525.00000 -19425.85000 -17635.06000 -16004.49000 -23757.31000
-21537.76000 -26259.24000 -13138.32000 -14518.24000 -19468.02000 -17679.76000 -15971.13000 -23737.93000
-21535.48000 -26245.86000 -13175.27000 -14503.89000 -19431.96000 -17663.19000 -15965.25000 -23715.42000
-21498.48000 -26283.76000 -13112.36000 -14519.28000 -19472.49000 -17663.63000 -15963.33000 -23789.77000
-21486.22000 -26220.91000 -13152.74000 -14531.38000 -19491.39000 -17647.86000 -15937.92000 -23757.38000
-21514.96000 -26306.10000 -13102.55000 -14526.51000 -19396.64000 -17685.54000 -16012.13000 -23758.18000
-21477.03000 -26231.57000 -13136.31000 -14555.29000 -19449.55000 -17640.64000 -15951.38000 -23808.26000
-21555.44000 -26241.93000 -13106.08000 -14528.26000 -19429.74000 -17674.31000 -16016.12000 -23783.99000
-21522.13000 -26225.95000 -13130.04000 -14558.14000 -19428.52000 -17749.48000 -15963.38000 -23812.12000
-21500.86000 -26249.39000 -13117.97000 -14523.45000 -19444.24000 -17671.11000 -15957.17000 -23743.90000
-21462.34000 -26254.87000 -13118.45000 -14513.37000 -19473.14000 -17645.31000 -15997.06000 -23843.90000
-21494.66000 -26265.99000 -13146.03000 -14499.51000 -19398.00000 -17699.54000 -15938.94000 -23761.36000
-21511.67000 -26198.74000 -13132.82000 -14571.09000 -19411.99000 -17672.65000 -15964.35000 -23765.71000
-21488.39000 -26182.96000 -13153.35000 -14531.65000 -19473.88000 -17689.24000 -15985.38000 -23748.42000
-21518.20000 -26248.81000 -13167.58000 -14515.56000 -19361.03000 -17602.43000 -16019.21000 -23756.83000
-21525.09000 -26245.19000 -13134.71000 -14499.76000 -19427.80000 -17638.67000 -15960.98000 -23747.26000
-21522.71000 -26262.45000 -13100.86000 -14499.01000 -19436.25000 -17612.95000 -15986.09000 -23805.09000
-21569.44000 -26212.10000 -13125.79000 -14496.22000 -19445.84000 -17697.66000 -15963.78000 -23829.67000
-21489.43000 -26347.89000 -13139.95000 -14521.46000 -19496.10000 -17679.90000 -15958.91000 -23801.40000
-21507.78000 -26352.21000 -13159.24000 -14518.36000 -19422.68000 -17608.66000 -15962.62000 -23792.27000
-21502.32000 -26280.34000 -13121.89000 -14545.41000 -19352.41000 -17618.39000 -15961.02000 -23830.57000
-21525.34000 -26352.38000 -13148.79000 -14502.88000 -19416.58000 -17638.57000 -16000.25000 -23744.36000
-21517.16000 -26258.51000 -13171.56000 -14547.34000 -19406.15000 -17656.51000 -15954.22000 -23784.41000
-21504.65000 -26313.78000 -13139.36000 -14521.52000 -19452.80000 -17640.26000 -15961.21000 -23759.15000
-21476.83000 -26241.46000 -13158.07000 -14539.89000 -19454.82000 -17654.35000 -15995.55000 -23821.44000
-21475.23000 -26314.37000 -13160.97000 -14546.86000 -19438.17000 -17669.77000 -15955.20000 -23747.96000
-21494.38000 -26261.88000 -13126.30000 -14576.71000 -19445.79000 -17646.47000 -15984.97000 -23809.85000
-21528.28000 -26289.98000 -13131.88000 -14531.14000 -19435.85000 -17632.82000 -15978.97000 -23773.41000
-21532.70000 -26303.01000 -13131.94000 -14578.97000 -19437.81000 -17701.88000 -15966.56000 -23769.59000
-21497.23000 -26243.31000 -13109.65000 -14509.49000 -19461.79000 -17656.01000 -16008.08000 -23813.21000
-21510.39000 -26276.79000 -13141.14000 -14507.54000 -19409.73000 -17688.38000 -15959.31000 -23718.12000
-21451.92000 -26265.08000 -13110.44000 -14524.47000 -19447.93000 -17640.15000 -15967.40000 -23792.52000
-21506.70000 -26292.23000 -13106.28000 -14535.72000 -19440.40000 -17683.54000 -15954.37000 -23770.47000
-21553.77000 -26238.85000 -13106.57000 -14520.94000 -19382.21000 -17692.10000 -15979.07000 -23770.00000
-21502.54000 -26261.62000 -13178.03000 -14531.31000 -19357.26000 -17678.75000 -15936.61000 -23869.95000
-21491.36000 -26305.22000 -13148.77000 -14578.96000 -19434.06000 -17683.60000 -15976.46000 -23754.39000
-21490.71000 -26261.12000 -13178.74000 -14513.69000 -19411.71000 -17649.05000 -15984.14000 -23743.14000
-21512.23000 -26239.75000 -13153.62000 -14507.41000 -19429.49000 -17673.86000 -15998.40000 -23770.52000
-21509.05000 -26262.16000 -13140.99000 -14578.90000 -19391.86000 -17633.04000 -15955.74000 -23731.33000
-21596.77000 -26313.30000 -13150.78000 -14486.59000 -19411.87000 -17708.26000 -15957.22000 -23758.21000
-21505.75000 -26309.86000 -13116.81000 -14558.76000 -19459.07000 -17624.32000 -15978.71000 -23771.63000
-21494.46000 -26271.66000 -13125.85000 -14536.55000 -19428.00000 -17649.22000 -15957.99000 -23782.46000
-21472.17000 -26269.69000 -13117.37000 -14564.82000 -19451.26000 -17636.93000 -15982.52000 -23814.77000
-21616.53000 -26222.80000 -13158.13000 -14507.13000 -19364.89000 -17576.31000 -15917.81000 -23808.93000
-21499.37000 -26314.85000 -13129.48000 -14522.15000 -19431.41000 -17639.70000 -15968.05000 -23784.53000
-21536.73000 -26210.17000 -13121.23000 -14532.71000 -19386.32000 -17681.10000 -15897.82000 -23721.61000
-21519.64000 -26228.64000 -13135.57000 -14543.29000 -19376.13000 -17643.16000 -15912.05000 -23763.33000
-21557.68000 -26265.38000 -13096.84000 -14520.20000 -19350.83000 -17630.26000 -15932.04000 -23744.85000
-21519.78000 -26256.71000 -13115.25000 -14561.04000 -19417.07000 -17677.64000 -15923.63000 -23770.55000
-21465.22000 -26280.83000 -13131.48000 -14516.60000 -19477.11000 -17627.28000 -15949.34000 -23775.53000
-21497.41000 -26205.13000 -13124.71000 -14507.83000 -19366.36000 -17648.83000 -15985.83000 -23814.81000
-21538.70000 -26264.37000 -13149.56000 -14539.20000 -19351.73000 -17630.32000 -15994.71000 -23778.15000
-26212.75000 -26326.24000 -26271.43000 -26320.15000 -26095.52000 -26254.79000 -26238.59000 -26238.33000
-26231.97000 -26291.71000 -26270.91000 -26297.21000 -26163.43000 -26197.94000 -26215.91000 -26336.24000
-26195.07000 -26159.86000 -26363.50000 -26343.62000 -26161.69000 -26264.90000 -26179.28000 -26321.35000
-26198.65000 -26205.99000 -26317.84000 -26351.62000 -26147.20000 -26235.03000 -26165.95000 -26265.40000
-26227.33000 -26174.31000 -26328.58000 -26364.47000 -26188.20000 -26259.71000 -26139.88000 -26264.25000
-26205.80000 -26207.87000 -26236.14000 -26269.92000 -26183.93000 -26187.40000 -26178.38000 -26228.57000
-26182.67000 -26189.12000 -26258.94000 -26361.48000 -26161.10000 -26180.39000 -26203.79000 -26279.78000
-26166.18000 -26231.95000 -26345.66000 -26276.41000 -26052.91000 -26219.82000 -26148.99000 -26242.13000
-26199.78000 -26227.67000 -26335.61000 -26314.09000 -26107.28000 -26326.41000 -26186.52000 -26273.51000
-26191.72000 -26248.52000 -26276.08000 -26302.45000 -26207.06000 -26189.52000 -26190.73000 -26274.09000
-26242.59000 -26210.97000 -26274.22000 -26369.71000 -26049.93000 -26241.98000 -26172.02000 -26247.58000
-26257.57000 -26234.96000 -26289.24000 -26303.52000 -26249.44000 -26200.79000 -26163.19000 -26368.23000
-26230.73000 -26303.47000 -26241.86000 -26248.22000 -26236.97000 -26260.61000 -26162.04000 -26247.06000
-26181.33000 -26196.20000 -26276.38000 -26266.33000 -26043.84000 -26177.03000 -26128.20000 -26218.05000
-26197.20000 -26286.17000 -26263.80000 -26307.79000 -26123.41000 -26244.60000 -26069.62000 -26295.95000
-26243.92000 -26203.11000 -26252.39000 -26274.82000 -26126.14000 -26235.02000 -26148.63000 -26282.35000
-26182.59000 -26221.76000 -26272.07000 -26263.44000 -26194.07000 -26231.47000 -26150.50000 -26228.52000
-26257.38000 -26289.31000 -26307.69000 -26236.59000 -26175.20000 -26260.40000 -26189.92000 -26206.19000
-26159.15000 -26223.73000 -26287.91000 -26319.96000 -26101.62000 -26248.21000 -26181.72000 -26249.41000
-26322.73000 -26246.17000 -26234.89000 -26349.09000 -26100.41000 -26278.71000 -26152.18000 -26311.03000
-26425.44000 -26248.73000 -26232.52000 -26266.92000 -26115.86000 -26182.64000 -26144.25000 -26214.92000
-26286.76000 -26206.95000 -26304.88000 -26386.23000 -26088.78000 -26304.67000 -26172.08000 -26313.38000
-26366.68000 -26281.98000 -26194.35000 -26224.24000 -26221.78000 -26192.23000 -26156.11000 -26275.36000
-26280.61000 -26157.33000 -26277.52000 -26206.13000 -26180.75000 -26233.83000 -26131.05000 -26294.43000
-26232.29000 -26351.89000 -26213.59000 -26223.39000 -26008.97000 -26207.65000 -26145.09000 -26207.91000
-26266.81000 -26255.31000 -26215.89000 -26247.63000 -26205.25000 -26202.32000 -26135.00000 -26273.51000
-26246.59000 -26242.57000 -26250.00000 -26194.02000 -26216.44000 -26198.64000 -26207.11000 -26267.35000
-26366.21000 -26221.19000 -26307.85000 -26251.48000 -26291.45000 -26221.95000 -26114.52000 -26244.30000
-26344.49000 -26308.26000 -26223.55000 -26214.05000 -26152.81000 -26310.32000 -26139.59000 -26250.91000
-26247.80000 -26237.98000 -26191.91000 -26226.04000 -26053.06000 -26267.96000 -26187.97000 -26253.37000
-26287.25000 -26260.58000 -26227.16000 -26216.31000 -26169.02000 -26289.48000 -26179.05000 -26239.88000
-26278.32000 -26265.91000 -26228.92000 -26266.31000 -26180.26000 -26245.44000 -26148.51000 -26297.34000
-26212.19000 -26280.02000 -26253.45000 -26198.76000 -26144.74000 -26262.22000 -26174.68000 -26222.53000
-26313.64000 -26316.76000 -26280.28000 -26231.09000 -26047.67000 -26167.67000 -26094.81000 -26259.94000
-26277.90000 -26259.05000 -26261.06000 -26213.05000 -26185.08000 -26185.23000 -26172.68000 -26299.19000
-26227.78000 -26215.98000 -26292.13000 -26260.32000 -26064.20000 -26293.64000 -26158.18000 -26310.74000
-26296.58000 -26280.44000 -26245.40000 -26231.01000 -26135.01000 -26230.29000 -26114.80000 -26333.31000
-26254.04000 -26217.03000 -26235.41000 -26175.83000 -26080.40000 -26222.95000 -26164.49000 -26331.93000
-26279.21000 -26254.70000 -26254.48000 -26169.01000 -26176.49000 -26266.95000 -26160.16000 -26310.33000
-26209.31000 -26267.06000 -26273.93000 -26173.45000 -26173.82000 -26185.87000 -26179.54000 -26240.93000
-26275.48000 -26217.06000 -26359.64000 -26168.74000 -26176.61000 -26208.49000 -26165.92000 -26316.67000
-26248.09000 -26255.42000 -26241.50000 -26250.15000 -26228.99000 -26264.83000 -26170.13000 -26314.59000
-26229.84000 -26238.97000 -26255.79000 -26201.33000 -26188.33000 -26168.96000 -26125.25000 -26300.88000
-26261.91000 -26258.64000 -26285.41000 -26151.23000 -26251.15000 -26276.71000 -26123.19000 -26277.92000
-26305.59000 -26244.64000 -26312.27000 -26207.77000 -26208.84000 -26246.47000 -26169.85000 -26276.86000
-26291.80000 -26218.32000 -26236.03000 -26231.40000 -26092.63000 -26316.42000 -26163.98000 -26286.65000
-26273.36000 -26259.79000 -26259.88000 -26133.43000 -26144.99000 -26251.11000 -26190.95000 -26325.94000
-26265.03000 -26192.95000 -26271.15000 -26224.90000 -26071.39000 -26206.21000 -26160.64000 -26299.54000
-26290.87000 -26198.41000 -26179.53000 -26263.59000 -26123.45000 -26281.40000 -26116.99000 -26259.55000
-26253.94000 -26293.22000 -26254.30000 -26166.44000 -26154.01000 -26235.69000 -26137.85000 -26262.57000
-26254.42000 -26254.59000 -26223.45000 -26223.66000 -26078.53000 -26223.12000 -26121.91000 -26257.06000
-26205.54000 -26291.53000 -26271.74000 -26178.78000 -26167.35000 -26252.94000 -26149.54000 -26229.07000
-26276.48000 -26291.82000 -26167.22000 -26156.38000 -26088.31000 -26267.86000 -26159.94000 -26208.79000
-26258.23000 -26249.99000 -26298.83000 -26219.88000 -26118.99000 -26258.41000 -26136.56000 -26307.25000
-26261.51000 -26214.62000 -26351.08000 -26214.60000 -26027.34000 -26239.85000 -26101.34000 -26274.15000
-26166.76000 -26197.59000 -26300.66000 -26243.86000 -26228.20000 -26218.74000 -26157.63000 -26272.83000
-26241.61000 -26225.32000 -26198.00000 -26190.89000 -26193.23000 -26164.60000 -26148.48000 -26277.70000
-26331.28000 -26195.30000 -26212.24000 -26212.49000 -26016.04000 -26132.26000 -26231.26000 -26280.26000
-26281.77000 -26218.37000 -26181.54000 -26169.29000 -26247.94000 -26220.21000 -26153.20000 -26226.06000
-26273.57000 -26242.39000 -26236.28000 -26266.44000 -26107.93000 -26150.50000 -26174.68000 -26299.13000
-26327.47000 -26230.10000 -26161.41000 -26201.27000 -26167.07000 -26168.96000 -26168.15000 -26315.54000
-26294.46000 -26180.98000 -26241.21000 -26208.03000 -26222.36000 -26178.74000 -26115.90000 -26273.71000
-26333.95000 -26213.78000 -26244.22000 -26286.89000 -26178.46000 -26201.01000 -26149.75000 -26271.01000
-26241.04000 -26207.63000 -26233.70000 -26183.65000 -26075.77000 -26192.82000 -26159.25000 -26267.35000
-26194.99000 -26236.38000 -26231.11000 -26200.54000 -26090.81000 -26185.15000 -26160.00000 -26267.56000
-26401.11000 -26234.19000 -26188.97000 -26248.61000 -26246.61000 -26199.07000 -26171.38000 -26203.09000
-26267.21000 -26232.09000 -26234.70000 -26138.44000 -26219.15000 -26188.13000 -26123.46000 -26199.49000
-26296.63000 -26294.87000 -26177.88000 -26207.49000 -26310.51000 -26292.11000 -26140.51000 -26333.43000
-26287.24000 -26240.88000 -26199.93000 -26156.37000 -26153.43000 -26161.77000 -26167.66000 -26307.59000
-26261.27000 -26256.37000 -26195.36000 -26185.65000 -26171.70000 -26183.94000 -26177.60000 -26233.94000
-26226.84000 -26202.35000 -26202.55000 -26215.03000 -26264.87000 -26160.12000 -26175.58000 -26245.58000
-26301.69000 -26230.72000 -26306.00000 -26225.96000 -26156.51000 -26199.23000 -26127.56000 -26234.75000
-26241.55000 -26281.46000 -26136.98000 -26145.67000 -26178.14000 -26203.89000 -26219.49000 -26323.93000
-26355.05000 -26233.71000 -26253.17000 -26240.19000 -26192.71000 -26207.94000 -26125.16000 -26215.16000
-26277.81000 -26269.72000 -26237.20000 -26305.35000 -26174.01000 -26200.87000 -26219.28000 -26302.19000
-26419.72000 -26242.91000 -26230.62000 -26255.04000 -26121.41000 -26155.36000 -26108.04000 -26255.66000
-26354.55000 -26199.36000 -26190.80000 -26209.52000 -26088.35000 -26191.79000 -26136.76000 -26208.93000
-26229.13000 -26203.39000 -26230.10000 -26279.20000 -26191.58000 -26187.96000 -26157.46000 -26330.30000
-26283.85000 -26246.19000 -26251.81000 -26209.52000 -26182.58000 -26132.69000 -26110.83000 -26273.87000
-26314.89000 -26253.39000 -26166.01000 -26235.14000 -26271.02000 -26225.04000 -26170.35000 -26212.39000
-26280.08000 -26280.82000 -26235.12000 -26187.33000 -26217.13000 -26222.17000 -26191.74000 -26254.67000
-26239.09000 -26282.92000 -26271.63000 -26229.03000 -26174.73000 -26146.99000 -26211.92000 -26294.54000
-26239.26000 -26257.06000 -26219.49000 -26253.83000 -26125.92000 -26159.82000 -26185.04000 -26252.74000
-26268.70000 -26255.03000 -26163.08000 -26237.57000 -26203.16000 -26221.15000 -26081.13000 -26285.86000
-26450.88000 -26203.08000 -26199.10000 -26239.60000 -26185.69000 -26313.83000 -26125.59000 -26261.54000
-26191.35000 -26234.21000 -26219.49000 -26149.11000 -26247.05000 -26163.32000 -26150.97000 -26287.98000
-26334.59000 -26191.04000 -26259.26000 -26234.71000 -26102.55000 -26262.43000 -26127.89000 -26250.30000
-26275.85000 -26253.29000 -26255.99000 -26164.80000 -26055.14000 -26183.02000 -26156.13000 -26187.86000
-26260.86000 -26230.90000 -26196.58000 -26184.49000 -26166.32000 -26252.41000 -26169.55000 -26280.17000
-26081.38000 -26224.20000 -26227.59000 -26145.76000 -26159.38000 -26247.45000 -26136.31000 -26287.17000
