1.429051187654235555e+00
1.222389746578703251e+00
1.309014219017842207e+00
1.446822667228083059e+00
4.381927759740322817e-06
6.205908110349109830e-01
1.133644542629888008e+00
1.803947565584441415e-01
1.180764504464299619e-02
1.574118033279243642e-02
4.302977519561687614e-01
1.275163580524370843e+01
1.929295153559138998e+04
1.700057927321051210e+01
1.555518750974055620e-01
1.051457677884579027e+02
7.789441733280339974e+01
1.338692702465270656e+02
1.433861065824013963e+02
1.154501934225492619e+02
1.070073164251979563e+02
1.234466376018719842e+02
1.572999597505247138e+01
9.821214214471532955e+01
-1.808600360783320093e+00
8.861308475812127483e+01
1.913644911639614676e+01
5.261389250571023268e+01
1.728410310049500254e+01
6.099752622355907761e+01
6.809290005467846640e+01
1.629011468968599559e+02
5.560083550745628855e+01
6.889854678237337282e+01
4.876298604125807401e+01
1.399339432264644074e+02
1.305260038494771209e+02
1.014118556842202707e+02
2.859348797192392055e+01
1.823407299565371886e+01
3.232610686271896583e+01
1.459951822797997920e+02
9.450582505501670028e+01
2.158414262323016430e+01
-3.115625352718687235e-01
6.130324489433770907e+01
9.748816887359852501e+01
7.428193571208518620e+01
1.357876261399244413e+02
3.093286382085992159e+00
2.956204090744324020e+01
1.439806401851943747e+02
7.646574281197123568e+00
9.081384260331122960e+01
2.867256631730155902e+01
5.109257064615697885e+01
3.215227445580352672e+00
9.534574533276824582e+01
8.122527080456737281e+01
1.660731312465492593e+01
5.973621640743173344e+01
7.374963423916013028e+01
9.355104009366870699e+00
5.856183202600688276e+01
1.115153323517173618e+02
8.630808020385251211e+01
2.504395810047081383e+01
1.281706776847533433e+02
1.127405087416106966e+02
1.385376325217613953e+02
1.239384213914561030e+02
1.264178570390224081e+02
7.907479637099568492e+01
1.048878273353196562e+02
3.127609181760887935e+01
-1.019701392633939774e+00
2.482849495948409313e+01
1.409256776577584276e+02
5.779678775131487356e+01
1.159165813799113351e+02
1.310133768059099850e+02
1.156294554136692767e+02
5.965530952758947336e+01
1.253719654460632711e+02
9.023714511265566784e+01
1.664322976324285008e+01
3.171812149748377507e+01
6.702067398672924980e+01
4.968316465796571180e+01
1.352456541265573833e+02
2.216673869559646803e+01
1.376763295225714785e+02
4.159956012618040688e+01
2.521556974950067698e+01
1.147693587795431540e+02
1.222646068821257614e+02
5.872442491744777016e+01
2.570362852712667490e+01
4.233143838553178995e+01
4.778509867529599120e+01
6.238321756565755294e+01
1.832928976873772697e+01
8.632266302098075528e+01
1.976528131833219248e+01
4.510446997390464396e+00
9.754619713899960232e+01
1.042176127958226459e+02
3.447360008814550270e+01
9.921890078735336260e+01
1.190532726241879757e+01
9.722636126385553723e+01
1.380278362352584054e+02
1.131554197869076717e+02
3.342510757670932975e+01
8.460668186305133531e+01
7.211176470318335419e+01
1.641251652859573937e+02
3.954687430914368917e+01
4.251931169353915863e+01
-3.795976841278551284e+00
1.090683581769887809e+02
1.410911543012690856e+02
6.401354249111199124e+01
1.190194984232156088e+02
1.122602981569405074e+02
1.329169982048483121e+02
1.100544557421710010e+02
1.053845929176335119e+02
1.176017544528404812e+01
1.072638692192400356e+02
-5.651737991826315977e+00
1.358301919691647583e+02
1.274313064944634988e+02
2.285853596063379900e+00
1.224775519393269541e+01
3.965380352368532613e+01
4.645158447196464380e+01
3.046451321383173294e+01
9.388097314290904194e+01
1.382192212875257269e+02
3.472351141112778095e+01
3.854311871062122918e+01
1.775322764988640145e+01
1.341109419421910616e+02
8.039184410192352459e+01
1.183049897042448606e+02
9.783310296168053810e+01
8.493105609866334760e+01
8.653842341075919364e+01
1.166043208372315547e+02
-4.079609897008911190e+00
7.609434368271257298e+00
1.474713636142499809e+02
1.198810041223668890e+02
-3.012937090868482937e+00
1.367223730768825476e+02
3.790125708307397812e+00
1.533066606826864700e+02
6.918698807857060729e+01
1.958089643072603891e+01
8.759525395445226081e+01
9.706154558369665608e+01
3.453985896189927018e+01
1.418271098631824430e+02
9.595319324671355332e+01
2.187553995488620373e+01
1.282089980474605113e+02
3.003143372336083416e+01
1.277638610626564741e+02
1.065954260176384167e+02
1.365683356620974678e+02
6.499567251922211142e+01
1.587174474578761192e+02
1.572523866827513750e+01
6.840065706642509724e+01
1.406837373133009272e+00
1.095685330676106020e+02
8.649369004190468502e+01
-2.087948572524492008e-01
6.745779109801117102e+01
1.242183780106362718e+02
1.388034014381084660e+02
1.336907278182229319e+01
9.682133379082878832e+01
2.647923182788965235e+01
4.701877893474104120e+00
7.398363775844297052e+00
7.019928614232998143e+01
1.022313021525973298e+01
3.237318690366434026e+01
1.429043166390698332e+02
1.094132693024390903e+02
-3.359076997183359392e+00
8.490516833047523448e+01
1.135115511888842832e+02
1.195931186686041627e+02
1.355285896790126401e+02
6.458634939238197603e+01
1.732139017092091038e+01
-5.593748929281728621e+00
3.562576968728896532e+01
8.443823153833011474e+01
1.368830433320699171e+02
3.874833637961855715e+01
5.868250320678556164e+01
1.356399111411862464e+02
3.906625513962648455e+01
4.604826075620920989e+01
6.824651998289436960e+01
2.605546870272687343e+01
8.543509879748056335e+01
2.439463895835227092e+01
1.214081174175565394e+02
1.385235046284543046e+02
1.272584379706909061e+02
2.082495281164858270e+00
9.106627252908114656e+01
5.135754244852272876e+01
2.739007170887532183e+01
5.100329276188017502e+01
2.808704583252005804e+01
1.174641814809756966e+02
8.338491366261051496e+01
8.975942018750153295e+01
1.269295273269124351e+02
1.180392434720861843e+02
2.213214272291007845e+01
1.143402869170900686e+02
8.804492671612499066e+01
2.326907038482072920e+00
7.180960359486908828e+01
1.230708272237367140e+02
1.869746814601465346e+01
1.425475309469090632e+02
1.435724704844422490e+02
5.255160942036953742e+01
9.052563662012238410e+01
1.151614948566137429e+02
-2.087625735704102325e+01
4.930996789569439898e+01
7.389764081176539889e+01
4.181875944447614302e+01
2.388204747152988361e+01
4.589171774964263761e+01
1.277098400198731980e+02
5.293616627728518864e+01
1.064470714029688594e+02
1.778079472021497409e+01
6.724712929150970808e+01
1.138073986955923687e+02
1.313376217358763824e+02
1.568232526778708973e+02
6.397535373349138865e+01
4.219409059726077516e+01
8.048476565040630248e+00
1.462557253545484457e+02
8.838565120778012840e+01
2.734045866824157400e+01
1.237803077553176365e+02
8.831859129731736857e+01
4.656863866385078410e+01
5.337883316079420837e+01
1.088584288109634173e+02
1.422670081866770602e+02
1.290407531860090558e+02
4.557776032898529195e+01
1.003315209727604156e+02
-1.099755809783690985e+01
1.519562639118283585e+02
1.200024582862073004e+02
1.378829341670199256e+02
-3.022402185872492097e+00
4.502075851180631361e+01
4.277397013141247761e+00
1.160787261603243934e+02
1.481268091729433820e+02
1.570095426241026360e+02
8.377663933698853782e+01
1.077864672685393685e+02
1.399011710008017246e+02
1.254953079295224683e+02
5.287136576662315690e+01
6.470561077386049931e+01
5.837098133737836037e+00
1.363165178993662323e+02
3.456163376543464949e+01
2.600749227830361932e+01
-8.422563748810812712e+00
1.061217455323782275e+02
1.367536591651042102e+02
-1.232829776068989425e+01
7.578528126984661384e+00
1.417509182850416778e+02
1.270518549285815340e+02
1.285659973300179217e+02
1.547446083571829512e+01
1.318769298457879131e+02
1.453835401268147791e+02
3.359085334875322815e+01
7.779773836006461885e+00
1.105390445054069772e+02
6.588811949928118850e+01
9.945888391661343064e+01
6.902842963343238125e+01
1.733841229594160893e+01
1.235309833106408632e+02
6.697892115186610340e+01
2.064525328476053545e+01
2.069880231749973731e+01
1.178609172785362489e+02
1.060189970034901989e+02
1.436277983386026449e+02
1.210043142229880004e+02
1.359694305363370290e+02
1.095568199856152916e+02
9.131511854319099086e+01
1.322742037698817796e+02
7.741604754678539280e+01
2.370767623365259880e+01
1.944564860506082482e+01
1.296726787455306749e+02
7.664979017583991094e+01
2.733429314070600569e+01
3.643133744262161855e+01
1.032403079252034814e+02
1.224179607351841170e+01
1.361707246312961956e+02
1.342289713880306579e+01
5.937891876170081673e+01
2.980213033274347012e+01
2.954758230130702046e+01
3.298645992655113446e+01
9.500085874854813994e+01
7.924713591433457793e+01
1.089569927391071360e+02
7.401741034913101203e+01
-9.267444935227327818e+00
8.072455322297107827e+00
1.293163092545700863e+02
1.484675283731613149e+02
1.516379927393502101e+02
4.885562658821363868e+01
1.526189100599443407e+02
1.070345391306050828e+02
1.380744076549299280e+02
1.328531432355357538e+02
1.536613769886246530e+02
1.213470034638312569e+02
1.140245990778023355e+02
4.332186286722451030e+01
2.893163469227262397e+01
3.526258915547128936e+01
4.874411027250368278e+01
3.507811557687123383e+01
1.682349657422421103e+02
7.600856567431480926e+01
2.963704459257701629e+01
3.657240823262590368e+01
1.932938377883128922e+01
1.024185022433323553e+02
5.247368485634252266e+01
1.725844851495729984e+02
1.128426434731327959e+02
6.052506165667259097e+01
6.019436488955510356e+01
1.405470295026389635e+02
9.834840606487003356e+01
3.830492087799586898e+01
1.678565390917189859e+01
2.185084395123794110e+01
1.090763990218107296e+02
1.741959901738626115e+01
1.380570847253042928e+02
2.814418913074674578e+01
2.825366641843742599e+01
1.616544030611205329e+01
1.409535619453795334e+02
1.271703014779209298e+02
1.313215068646442774e+02
1.370401289230563862e+02
1.179143233420962247e+02
7.107305514007329350e+01
9.429339969928088294e+01
2.878954378713100937e+01
1.103691506056244123e+02
1.003938194540589990e+02
3.196687758118451228e+01
3.448774122355419536e+01
1.460974566447435450e+02
1.093063804519611892e+02
5.509688812888058607e+01
8.876698808580221112e+01
1.212906037771288794e+02
8.943764100215982182e+01
3.800119634291846182e+01
3.253671376715099939e+01
4.315594109552831270e+01
3.953810015284533108e+01
2.138007854117661211e+01
1.485404507069694375e+02
4.730462726284599029e+01
1.215220492330809066e+02
1.474955118194696695e+02
1.280395596282620829e+02
2.477785085338170035e+01
1.111264584802634801e+02
8.369300147227288278e+01
1.264892280022482396e+02
1.354717926056061401e+02
1.360694419320010127e+02
8.677299416729273673e+01
5.078335884230887132e+01
1.217415005688572904e+02
3.817195666869324100e+01
1.471954922100310910e+02
