4.533999999999999773e+02
4.468399999999999750e+02
4.468399999999999750e+02
4.448799999999999955e+02
4.448799999999999955e+02
4.448799999999999955e+02
4.448799999999999955e+02
4.445099999999999909e+02
4.400400000000000205e+02
4.396800000000000068e+02
4.396800000000000068e+02
4.396499999999999773e+02
4.372500000000000000e+02
4.372500000000000000e+02
4.372500000000000000e+02
4.372500000000000000e+02
4.372500000000000000e+02
4.351299999999999955e+02
4.298999999999999773e+02
4.298999999999999773e+02
4.298999999999999773e+02
4.287200000000000273e+02
4.287200000000000273e+02
4.287200000000000273e+02
4.287200000000000273e+02
4.287200000000000273e+02
4.287200000000000273e+02
4.287200000000000273e+02
4.287200000000000273e+02
4.287200000000000273e+02
4.287200000000000273e+02
4.287200000000000273e+02
4.287200000000000273e+02
4.287200000000000273e+02
4.287200000000000273e+02
4.287200000000000273e+02
4.287200000000000273e+02
4.287200000000000273e+02
4.287200000000000273e+02
4.287200000000000273e+02
4.287200000000000273e+02
4.287200000000000273e+02
4.287200000000000273e+02
4.287200000000000273e+02
4.287200000000000273e+02
4.287200000000000273e+02
4.287200000000000273e+02
4.287200000000000273e+02
4.287200000000000273e+02
4.287200000000000273e+02
4.287200000000000273e+02
4.287200000000000273e+02
4.287200000000000273e+02
4.287200000000000273e+02
4.287200000000000273e+02
4.287200000000000273e+02
4.287200000000000273e+02
4.287200000000000273e+02
4.287200000000000273e+02
4.287200000000000273e+02
4.287200000000000273e+02
4.287200000000000273e+02
4.287200000000000273e+02
4.287200000000000273e+02
4.287200000000000273e+02
4.287200000000000273e+02
4.287200000000000273e+02
4.287200000000000273e+02
4.287200000000000273e+02
4.287200000000000273e+02
4.287200000000000273e+02
4.287200000000000273e+02
4.287200000000000273e+02
4.287200000000000273e+02
4.285199999999999818e+02
4.285199999999999818e+02
4.285199999999999818e+02
4.285199999999999818e+02
4.285199999999999818e+02
4.285199999999999818e+02
4.285199999999999818e+02
4.285199999999999818e+02
4.285199999999999818e+02
4.285199999999999818e+02
4.285199999999999818e+02
4.285199999999999818e+02
4.285199999999999818e+02
4.285199999999999818e+02
4.285199999999999818e+02
4.285199999999999818e+02
4.285199999999999818e+02
4.285199999999999818e+02
4.285199999999999818e+02
4.285199999999999818e+02
4.285199999999999818e+02
4.285199999999999818e+02
4.285199999999999818e+02
4.285199999999999818e+02
4.285199999999999818e+02
4.285199999999999818e+02
4.285199999999999818e+02
4.285199999999999818e+02
4.285199999999999818e+02
4.285199999999999818e+02
4.285199999999999818e+02
4.285199999999999818e+02
4.285199999999999818e+02
4.285199999999999818e+02
4.285199999999999818e+02
4.285199999999999818e+02
4.285199999999999818e+02
4.285199999999999818e+02
4.285199999999999818e+02
4.285199999999999818e+02
4.285199999999999818e+02
4.285199999999999818e+02
4.285199999999999818e+02
4.285199999999999818e+02
4.285199999999999818e+02
4.285199999999999818e+02
4.285199999999999818e+02
4.285199999999999818e+02
4.285199999999999818e+02
4.285199999999999818e+02
4.285199999999999818e+02
4.285199999999999818e+02
4.285199999999999818e+02
4.285199999999999818e+02
4.285199999999999818e+02
4.285199999999999818e+02
4.285199999999999818e+02
4.285199999999999818e+02
4.285199999999999818e+02
4.285199999999999818e+02
4.285199999999999818e+02
4.285199999999999818e+02
4.285199999999999818e+02
4.285199999999999818e+02
4.285199999999999818e+02
4.285199999999999818e+02
4.285199999999999818e+02
4.285199999999999818e+02
4.285199999999999818e+02
4.285199999999999818e+02
4.285199999999999818e+02
4.285199999999999818e+02
4.285199999999999818e+02
4.285199999999999818e+02
4.285199999999999818e+02
4.285199999999999818e+02
4.285199999999999818e+02
4.285199999999999818e+02
4.285199999999999818e+02
4.285199999999999818e+02
4.285199999999999818e+02
4.285199999999999818e+02
4.285199999999999818e+02
4.285199999999999818e+02
4.285199999999999818e+02
4.285199999999999818e+02
4.285199999999999818e+02
4.285199999999999818e+02
4.285199999999999818e+02
4.285199999999999818e+02
4.285199999999999818e+02
4.285199999999999818e+02
4.285199999999999818e+02
4.285199999999999818e+02
4.285199999999999818e+02
4.285199999999999818e+02
4.285199999999999818e+02
4.285199999999999818e+02
4.285199999999999818e+02
4.285199999999999818e+02
4.285199999999999818e+02
4.285199999999999818e+02
4.285199999999999818e+02
4.285199999999999818e+02
4.285199999999999818e+02
4.285199999999999818e+02
4.285199999999999818e+02
4.285199999999999818e+02
4.285199999999999818e+02
4.285199999999999818e+02
4.279300000000000068e+02
4.279300000000000068e+02
4.279300000000000068e+02
4.279300000000000068e+02
4.279300000000000068e+02
4.279300000000000068e+02
4.279300000000000068e+02
4.279300000000000068e+02
4.279300000000000068e+02
4.279300000000000068e+02
4.279300000000000068e+02
4.279300000000000068e+02
4.279300000000000068e+02
4.279300000000000068e+02
4.279300000000000068e+02
4.279300000000000068e+02
4.279300000000000068e+02
4.279300000000000068e+02
4.279300000000000068e+02
4.279300000000000068e+02
4.279300000000000068e+02
4.356499999999999773e+02
4.356499999999999773e+02
4.334599999999999795e+02
4.334599999999999795e+02
4.334599999999999795e+02
4.334599999999999795e+02
4.319200000000000159e+02
4.298899999999999864e+02
4.298899999999999864e+02
4.298899999999999864e+02
4.298899999999999864e+02
4.298899999999999864e+02
4.298899999999999864e+02
4.298899999999999864e+02
4.298899999999999864e+02
4.298899999999999864e+02
4.298899999999999864e+02
4.298899999999999864e+02
4.290299999999999727e+02
4.290299999999999727e+02
4.290299999999999727e+02
4.290299999999999727e+02
4.290299999999999727e+02
4.290299999999999727e+02
4.290299999999999727e+02
4.290299999999999727e+02
4.290299999999999727e+02
4.290299999999999727e+02
4.290299999999999727e+02
4.290299999999999727e+02
4.290299999999999727e+02
4.290299999999999727e+02
4.290299999999999727e+02
4.290299999999999727e+02
4.290299999999999727e+02
4.290299999999999727e+02
4.290299999999999727e+02
4.290299999999999727e+02
4.290299999999999727e+02
4.290299999999999727e+02
4.290299999999999727e+02
4.290299999999999727e+02
4.290299999999999727e+02
4.290299999999999727e+02
4.290299999999999727e+02
4.290299999999999727e+02
4.290299999999999727e+02
4.290299999999999727e+02
4.290299999999999727e+02
4.290299999999999727e+02
4.290299999999999727e+02
4.290299999999999727e+02
4.290299999999999727e+02
4.290299999999999727e+02
4.290299999999999727e+02
4.290299999999999727e+02
4.290299999999999727e+02
4.290299999999999727e+02
4.290299999999999727e+02
4.290299999999999727e+02
4.290299999999999727e+02
4.290299999999999727e+02
4.290299999999999727e+02
4.290299999999999727e+02
4.290299999999999727e+02
4.290299999999999727e+02
4.290299999999999727e+02
4.290299999999999727e+02
4.290299999999999727e+02
4.290299999999999727e+02
4.290299999999999727e+02
4.290299999999999727e+02
4.290299999999999727e+02
4.290299999999999727e+02
4.290299999999999727e+02
4.290299999999999727e+02
4.290299999999999727e+02
4.290299999999999727e+02
4.290299999999999727e+02
4.290299999999999727e+02
4.290299999999999727e+02
4.290299999999999727e+02
4.290299999999999727e+02
4.290299999999999727e+02
4.290299999999999727e+02
4.290299999999999727e+02
4.290299999999999727e+02
4.290299999999999727e+02
4.290299999999999727e+02
4.195899999999999750e+02
4.465199999999999818e+02
4.465199999999999818e+02
4.465199999999999818e+02
4.465199999999999818e+02
4.465199999999999818e+02
4.465199999999999818e+02
4.465199999999999818e+02
4.465199999999999818e+02
4.465199999999999818e+02
4.465199999999999818e+02
4.465199999999999818e+02
4.465199999999999818e+02
4.465199999999999818e+02
4.465199999999999818e+02
4.465199999999999818e+02
4.465199999999999818e+02
4.465199999999999818e+02
4.465199999999999818e+02
4.465199999999999818e+02
4.465199999999999818e+02
4.465199999999999818e+02
4.465199999999999818e+02
4.465199999999999818e+02
4.465199999999999818e+02
4.465199999999999818e+02
4.465199999999999818e+02
4.465199999999999818e+02
4.465199999999999818e+02
4.465199999999999818e+02
4.465199999999999818e+02
4.465199999999999818e+02
4.465199999999999818e+02
4.465199999999999818e+02
4.465199999999999818e+02
4.465199999999999818e+02
4.465199999999999818e+02
4.465199999999999818e+02
4.465199999999999818e+02
4.465199999999999818e+02
4.465199999999999818e+02
4.465199999999999818e+02
4.465199999999999818e+02
4.465199999999999818e+02
4.465199999999999818e+02
4.465199999999999818e+02
4.465199999999999818e+02
4.465199999999999818e+02
4.465199999999999818e+02
4.465199999999999818e+02
4.465199999999999818e+02
4.465199999999999818e+02
4.465199999999999818e+02
4.465199999999999818e+02
4.465199999999999818e+02
4.465199999999999818e+02
4.465199999999999818e+02
4.465199999999999818e+02
4.465199999999999818e+02
4.465199999999999818e+02
4.465199999999999818e+02
4.465199999999999818e+02
4.465199999999999818e+02
4.465199999999999818e+02
4.465199999999999818e+02
4.465199999999999818e+02
4.465199999999999818e+02
4.465199999999999818e+02
4.465199999999999818e+02
4.465199999999999818e+02
4.465199999999999818e+02
4.465199999999999818e+02
4.465199999999999818e+02
4.465199999999999818e+02
4.465199999999999818e+02
4.465199999999999818e+02
4.465199999999999818e+02
4.396299999999999955e+02
4.396299999999999955e+02
4.396299999999999955e+02
4.396299999999999955e+02
4.396299999999999955e+02
4.396299999999999955e+02
4.396299999999999955e+02
4.396299999999999955e+02
4.396299999999999955e+02
4.396299999999999955e+02
4.396299999999999955e+02
4.396299999999999955e+02
4.396299999999999955e+02
4.396299999999999955e+02
4.396299999999999955e+02
4.396299999999999955e+02
4.396299999999999955e+02
4.396299999999999955e+02
4.396299999999999955e+02
4.376399999999999864e+02
4.376399999999999864e+02
4.376399999999999864e+02
4.376399999999999864e+02
4.376399999999999864e+02
4.376399999999999864e+02
4.376399999999999864e+02
4.376399999999999864e+02
4.376399999999999864e+02
4.376399999999999864e+02
4.376399999999999864e+02
4.376399999999999864e+02
4.376399999999999864e+02
4.376399999999999864e+02
4.376399999999999864e+02
4.376399999999999864e+02
4.376399999999999864e+02
4.376399999999999864e+02
4.376399999999999864e+02
4.376399999999999864e+02
4.364300000000000068e+02
4.364300000000000068e+02
4.364300000000000068e+02
4.364300000000000068e+02
4.364300000000000068e+02
4.364300000000000068e+02
4.364300000000000068e+02
4.364300000000000068e+02
4.364300000000000068e+02
4.364300000000000068e+02
4.364300000000000068e+02
4.336000000000000227e+02
4.336000000000000227e+02
4.336000000000000227e+02
4.336000000000000227e+02
4.336000000000000227e+02
4.336000000000000227e+02
4.336000000000000227e+02
4.336000000000000227e+02
4.336000000000000227e+02
4.336000000000000227e+02
4.336000000000000227e+02
4.336000000000000227e+02
4.336000000000000227e+02
4.336000000000000227e+02
4.336000000000000227e+02
4.336000000000000227e+02
4.336000000000000227e+02
4.336000000000000227e+02
4.336000000000000227e+02
4.336000000000000227e+02
4.336000000000000227e+02
4.336000000000000227e+02
4.336000000000000227e+02
4.324800000000000182e+02
4.324800000000000182e+02
4.324800000000000182e+02
4.324800000000000182e+02
4.324800000000000182e+02
4.324800000000000182e+02
4.324800000000000182e+02
4.324800000000000182e+02
4.324800000000000182e+02
4.324800000000000182e+02
4.324800000000000182e+02
4.324800000000000182e+02
4.324800000000000182e+02
4.324800000000000182e+02
4.324800000000000182e+02
4.324800000000000182e+02
4.324800000000000182e+02
4.319599999999999795e+02
4.319599999999999795e+02
4.319599999999999795e+02
4.319599999999999795e+02
4.319599999999999795e+02
4.319599999999999795e+02
4.319599999999999795e+02
4.319599999999999795e+02
4.319599999999999795e+02
4.319599999999999795e+02
4.319599999999999795e+02
4.319599999999999795e+02
4.319599999999999795e+02
4.319599999999999795e+02
4.319599999999999795e+02
4.319599999999999795e+02
4.319599999999999795e+02
4.319599999999999795e+02
4.319599999999999795e+02
4.319599999999999795e+02
4.319599999999999795e+02
4.319599999999999795e+02
4.319599999999999795e+02
4.319599999999999795e+02
4.319599999999999795e+02
4.319599999999999795e+02
4.319599999999999795e+02
4.319599999999999795e+02
4.319599999999999795e+02
4.319599999999999795e+02
4.319599999999999795e+02
4.319599999999999795e+02
4.319599999999999795e+02
4.319599999999999795e+02
4.319599999999999795e+02
4.319599999999999795e+02
4.319599999999999795e+02
4.319599999999999795e+02
4.319599999999999795e+02
4.319599999999999795e+02
4.319599999999999795e+02
4.291100000000000136e+02
4.291100000000000136e+02
4.291100000000000136e+02
4.291100000000000136e+02
4.291100000000000136e+02
4.291100000000000136e+02
4.291100000000000136e+02
4.291100000000000136e+02
4.291100000000000136e+02
4.291100000000000136e+02
4.291100000000000136e+02
4.291100000000000136e+02
4.291100000000000136e+02
4.291100000000000136e+02
4.291100000000000136e+02
4.291100000000000136e+02
4.291100000000000136e+02
4.291100000000000136e+02
4.291100000000000136e+02
4.291100000000000136e+02
4.291100000000000136e+02
4.288000000000000114e+02
4.288000000000000114e+02
4.288000000000000114e+02
4.288000000000000114e+02
4.288000000000000114e+02
4.288000000000000114e+02
4.288000000000000114e+02
4.288000000000000114e+02
4.288000000000000114e+02
4.288000000000000114e+02
4.288000000000000114e+02
4.288000000000000114e+02
4.288000000000000114e+02
4.288000000000000114e+02
4.288000000000000114e+02
4.288000000000000114e+02
4.288000000000000114e+02
4.288000000000000114e+02
4.288000000000000114e+02
4.288000000000000114e+02
4.288000000000000114e+02
4.288000000000000114e+02
4.288000000000000114e+02
4.288000000000000114e+02
4.288000000000000114e+02
4.288000000000000114e+02
4.288000000000000114e+02
4.288000000000000114e+02
4.288000000000000114e+02
4.288000000000000114e+02
4.288000000000000114e+02
4.288000000000000114e+02
4.288000000000000114e+02
4.288000000000000114e+02
4.288000000000000114e+02
4.288000000000000114e+02
4.288000000000000114e+02
4.288000000000000114e+02
4.288000000000000114e+02
4.288000000000000114e+02
4.288000000000000114e+02
4.288000000000000114e+02
4.288000000000000114e+02
4.288000000000000114e+02
4.288000000000000114e+02
4.288000000000000114e+02
4.288000000000000114e+02
4.288000000000000114e+02
4.288000000000000114e+02
4.288000000000000114e+02
4.288000000000000114e+02
4.288000000000000114e+02
4.288000000000000114e+02
4.288000000000000114e+02
4.288000000000000114e+02
4.288000000000000114e+02
4.288000000000000114e+02
4.288000000000000114e+02
4.288000000000000114e+02
4.288000000000000114e+02
4.288000000000000114e+02
4.288000000000000114e+02
4.288000000000000114e+02
4.288000000000000114e+02
4.288000000000000114e+02
4.288000000000000114e+02
4.288000000000000114e+02
4.340400000000000205e+02
4.340400000000000205e+02
4.340400000000000205e+02
4.340400000000000205e+02
4.340400000000000205e+02
4.340400000000000205e+02
4.340400000000000205e+02
4.340400000000000205e+02
4.340400000000000205e+02
4.340400000000000205e+02
4.340400000000000205e+02
4.340400000000000205e+02
4.340400000000000205e+02
4.340400000000000205e+02
4.340400000000000205e+02
4.340400000000000205e+02
4.340400000000000205e+02
4.340400000000000205e+02
4.340400000000000205e+02
4.340400000000000205e+02
4.340400000000000205e+02
4.340400000000000205e+02
4.340400000000000205e+02
4.340400000000000205e+02
4.340400000000000205e+02
4.340400000000000205e+02
4.340400000000000205e+02
4.340400000000000205e+02
4.340400000000000205e+02
4.340400000000000205e+02
4.340400000000000205e+02
4.340400000000000205e+02
4.340400000000000205e+02
4.340400000000000205e+02
4.340400000000000205e+02
4.340400000000000205e+02
4.340400000000000205e+02
4.340400000000000205e+02
4.340400000000000205e+02
4.340400000000000205e+02
4.340400000000000205e+02
4.340400000000000205e+02
4.340400000000000205e+02
4.340400000000000205e+02
4.340400000000000205e+02
4.340400000000000205e+02
4.340400000000000205e+02
4.340400000000000205e+02
4.340400000000000205e+02
4.340400000000000205e+02
4.340400000000000205e+02
4.337500000000000000e+02
4.301299999999999955e+02
4.301299999999999955e+02
4.301299999999999955e+02
4.301299999999999955e+02
4.301299999999999955e+02
4.301299999999999955e+02
4.301299999999999955e+02
4.301299999999999955e+02
4.301299999999999955e+02
4.301299999999999955e+02
4.301299999999999955e+02
4.301299999999999955e+02
4.301299999999999955e+02
4.301299999999999955e+02
4.301299999999999955e+02
4.301299999999999955e+02
4.301299999999999955e+02
4.301299999999999955e+02
4.301299999999999955e+02
4.301299999999999955e+02
4.301299999999999955e+02
4.301299999999999955e+02
4.301299999999999955e+02
4.301299999999999955e+02
4.301299999999999955e+02
4.301299999999999955e+02
4.301299999999999955e+02
4.301299999999999955e+02
4.301299999999999955e+02
4.301299999999999955e+02
4.301299999999999955e+02
4.301299999999999955e+02
4.301299999999999955e+02
4.301299999999999955e+02
4.301299999999999955e+02
4.301299999999999955e+02
4.301299999999999955e+02
4.301299999999999955e+02
4.301299999999999955e+02
4.301299999999999955e+02
4.301299999999999955e+02
4.301299999999999955e+02
4.301299999999999955e+02
4.301299999999999955e+02
4.301299999999999955e+02
4.301299999999999955e+02
4.301299999999999955e+02
4.301299999999999955e+02
4.301299999999999955e+02
4.301299999999999955e+02
4.301299999999999955e+02
4.301299999999999955e+02
4.301299999999999955e+02
4.301299999999999955e+02
4.301299999999999955e+02
4.301299999999999955e+02
4.301299999999999955e+02
4.301299999999999955e+02
4.301299999999999955e+02
4.301299999999999955e+02
4.301299999999999955e+02
4.301299999999999955e+02
4.301299999999999955e+02
4.301299999999999955e+02
4.301299999999999955e+02
4.301299999999999955e+02
4.301299999999999955e+02
4.301299999999999955e+02
4.301299999999999955e+02
4.301299999999999955e+02
4.301299999999999955e+02
4.301299999999999955e+02
4.301299999999999955e+02
4.301299999999999955e+02
4.301299999999999955e+02
4.301299999999999955e+02
4.301299999999999955e+02
4.301299999999999955e+02
4.301299999999999955e+02
4.301299999999999955e+02
4.301299999999999955e+02
4.301299999999999955e+02
4.301299999999999955e+02
4.301299999999999955e+02
4.301299999999999955e+02
4.301299999999999955e+02
4.301299999999999955e+02
4.301299999999999955e+02
4.301299999999999955e+02
4.301299999999999955e+02
4.301299999999999955e+02
4.301299999999999955e+02
4.301299999999999955e+02
4.301299999999999955e+02
4.301299999999999955e+02
4.301299999999999955e+02
4.301299999999999955e+02
4.301299999999999955e+02
4.301299999999999955e+02
4.301299999999999955e+02
4.301299999999999955e+02
4.301299999999999955e+02
4.301299999999999955e+02
4.301299999999999955e+02
4.301299999999999955e+02
4.301299999999999955e+02
4.301299999999999955e+02
4.301299999999999955e+02
4.301299999999999955e+02
4.301299999999999955e+02
4.301299999999999955e+02
4.301299999999999955e+02
4.301299999999999955e+02
4.301299999999999955e+02
4.301299999999999955e+02
4.301299999999999955e+02
4.301299999999999955e+02
4.301299999999999955e+02
4.301299999999999955e+02
4.301299999999999955e+02
4.301299999999999955e+02
4.301299999999999955e+02
4.301299999999999955e+02
4.301299999999999955e+02
4.301299999999999955e+02
4.301299999999999955e+02
4.301299999999999955e+02
4.301299999999999955e+02
4.301299999999999955e+02
4.301299999999999955e+02
4.301299999999999955e+02
4.301299999999999955e+02
4.301299999999999955e+02
4.301299999999999955e+02
4.301299999999999955e+02
4.301299999999999955e+02
4.301299999999999955e+02
4.301299999999999955e+02
4.301299999999999955e+02
4.301299999999999955e+02
4.301299999999999955e+02
4.301299999999999955e+02
4.301299999999999955e+02
4.301299999999999955e+02
4.301299999999999955e+02
4.301299999999999955e+02
4.301299999999999955e+02
4.301299999999999955e+02
4.301299999999999955e+02
4.301299999999999955e+02
4.301299999999999955e+02
4.301299999999999955e+02
4.301299999999999955e+02
4.430199999999999818e+02
4.429599999999999795e+02
4.429599999999999795e+02
4.429599999999999795e+02
4.429599999999999795e+02
4.385799999999999841e+02
4.385799999999999841e+02
4.385799999999999841e+02
4.385799999999999841e+02
4.385799999999999841e+02
4.385799999999999841e+02
4.385799999999999841e+02
4.385799999999999841e+02
4.385799999999999841e+02
4.385799999999999841e+02
4.385799999999999841e+02
4.385799999999999841e+02
4.385799999999999841e+02
4.385799999999999841e+02
4.384200000000000159e+02
4.381200000000000045e+02
4.381200000000000045e+02
4.333700000000000045e+02
4.333700000000000045e+02
4.333700000000000045e+02
4.333700000000000045e+02
4.333700000000000045e+02
4.333700000000000045e+02
4.333700000000000045e+02
4.330600000000000023e+02
4.330600000000000023e+02
4.330600000000000023e+02
4.330600000000000023e+02
4.330600000000000023e+02
4.330600000000000023e+02
4.330600000000000023e+02
4.330600000000000023e+02
4.330600000000000023e+02
4.330600000000000023e+02
4.330600000000000023e+02
4.330600000000000023e+02
4.330600000000000023e+02
4.330600000000000023e+02
4.330600000000000023e+02
4.330600000000000023e+02
4.330600000000000023e+02
4.330600000000000023e+02
4.330600000000000023e+02
4.315299999999999727e+02
4.315299999999999727e+02
4.315299999999999727e+02
4.315299999999999727e+02
4.300199999999999818e+02
4.300199999999999818e+02
4.300199999999999818e+02
4.300199999999999818e+02
4.300199999999999818e+02
4.300199999999999818e+02
4.300199999999999818e+02
4.300199999999999818e+02
4.293000000000000114e+02
4.293000000000000114e+02
4.293000000000000114e+02
4.293000000000000114e+02
4.293000000000000114e+02
4.293000000000000114e+02
4.293000000000000114e+02
4.293000000000000114e+02
4.293000000000000114e+02
4.293000000000000114e+02
4.293000000000000114e+02
4.293000000000000114e+02
4.263100000000000023e+02
4.263100000000000023e+02
4.263100000000000023e+02
4.263100000000000023e+02
4.263100000000000023e+02
4.263100000000000023e+02
4.263100000000000023e+02
4.263100000000000023e+02
4.263100000000000023e+02
4.263100000000000023e+02
4.263100000000000023e+02
4.263100000000000023e+02
4.263100000000000023e+02
4.263100000000000023e+02
4.263100000000000023e+02
4.263100000000000023e+02
4.263100000000000023e+02
4.263100000000000023e+02
4.511299999999999955e+02
4.511299999999999955e+02
4.511299999999999955e+02
4.511299999999999955e+02
4.511299999999999955e+02
4.511299999999999955e+02
4.511299999999999955e+02
4.511299999999999955e+02
4.511299999999999955e+02
4.511299999999999955e+02
4.511299999999999955e+02
4.511299999999999955e+02
4.505299999999999727e+02
4.505299999999999727e+02
4.505299999999999727e+02
4.505299999999999727e+02
4.470600000000000023e+02
4.470600000000000023e+02
4.470600000000000023e+02
4.470600000000000023e+02
4.470600000000000023e+02
4.470600000000000023e+02
4.470600000000000023e+02
4.470600000000000023e+02
4.470600000000000023e+02
4.470600000000000023e+02
4.450799999999999841e+02
4.450799999999999841e+02
4.450799999999999841e+02
4.450799999999999841e+02
4.450799999999999841e+02
4.406999999999999886e+02
4.406999999999999886e+02
4.406999999999999886e+02
4.406999999999999886e+02
4.406999999999999886e+02
4.406999999999999886e+02
4.406999999999999886e+02
4.406999999999999886e+02
4.406999999999999886e+02
4.406999999999999886e+02
4.406999999999999886e+02
4.406999999999999886e+02
4.406999999999999886e+02
4.406999999999999886e+02
4.406999999999999886e+02
4.406999999999999886e+02
4.406999999999999886e+02
4.406999999999999886e+02
4.406999999999999886e+02
4.406999999999999886e+02
4.406999999999999886e+02
4.406999999999999886e+02
4.406999999999999886e+02
4.406999999999999886e+02
4.406999999999999886e+02
4.406999999999999886e+02
4.406999999999999886e+02
4.406999999999999886e+02
4.406999999999999886e+02
4.406999999999999886e+02
4.406999999999999886e+02
4.406999999999999886e+02
4.406999999999999886e+02
4.404700000000000273e+02
4.404700000000000273e+02
4.404700000000000273e+02
4.382599999999999909e+02
4.382599999999999909e+02
4.382599999999999909e+02
4.382599999999999909e+02
4.382599999999999909e+02
4.382599999999999909e+02
4.382599999999999909e+02
4.382599999999999909e+02
4.382599999999999909e+02
4.382599999999999909e+02
4.382599999999999909e+02
4.382599999999999909e+02
4.382599999999999909e+02
4.382599999999999909e+02
4.382599999999999909e+02
4.382599999999999909e+02
4.382599999999999909e+02
4.382599999999999909e+02
4.382599999999999909e+02
4.382599999999999909e+02
4.382599999999999909e+02
4.382599999999999909e+02
4.382599999999999909e+02
4.382599999999999909e+02
4.382599999999999909e+02
4.382599999999999909e+02
4.382599999999999909e+02
4.382599999999999909e+02
4.382599999999999909e+02
4.382599999999999909e+02
4.382599999999999909e+02
4.382599999999999909e+02
4.382599999999999909e+02
4.382599999999999909e+02
4.382599999999999909e+02
4.382599999999999909e+02
4.382599999999999909e+02
4.382599999999999909e+02
4.382599999999999909e+02
4.382599999999999909e+02
4.382599999999999909e+02
4.382599999999999909e+02
4.382599999999999909e+02
4.382599999999999909e+02
4.382599999999999909e+02
4.382599999999999909e+02
4.382599999999999909e+02
4.382599999999999909e+02
4.382599999999999909e+02
4.382599999999999909e+02
4.382599999999999909e+02
4.382599999999999909e+02
4.382599999999999909e+02
4.382599999999999909e+02
4.382599999999999909e+02
4.382599999999999909e+02
4.382599999999999909e+02
4.382599999999999909e+02
4.382599999999999909e+02
4.382599999999999909e+02
4.382599999999999909e+02
4.382599999999999909e+02
4.382599999999999909e+02
4.382599999999999909e+02
4.382599999999999909e+02
4.382599999999999909e+02
4.382599999999999909e+02
4.382599999999999909e+02
4.382599999999999909e+02
4.382599999999999909e+02
4.382599999999999909e+02
4.382599999999999909e+02
4.382599999999999909e+02
4.382599999999999909e+02
4.382599999999999909e+02
4.382599999999999909e+02
4.382599999999999909e+02
4.382599999999999909e+02
4.382599999999999909e+02
4.382599999999999909e+02
4.382599999999999909e+02
4.382599999999999909e+02
4.382599999999999909e+02
4.382599999999999909e+02
4.382599999999999909e+02
4.382599999999999909e+02
4.382599999999999909e+02
4.382599999999999909e+02
4.382599999999999909e+02
4.382599999999999909e+02
4.382599999999999909e+02
4.382599999999999909e+02
4.382599999999999909e+02
4.382599999999999909e+02
4.382599999999999909e+02
4.382599999999999909e+02
4.382599999999999909e+02
4.382599999999999909e+02
4.382599999999999909e+02
4.382599999999999909e+02
4.382599999999999909e+02
4.382599999999999909e+02
4.382599999999999909e+02
4.382599999999999909e+02
4.382599999999999909e+02
4.382599999999999909e+02
4.382599999999999909e+02
4.382599999999999909e+02
4.382599999999999909e+02
4.382599999999999909e+02
4.382599999999999909e+02
4.382599999999999909e+02
4.382599999999999909e+02
4.382599999999999909e+02
4.382599999999999909e+02
4.382599999999999909e+02
4.382599999999999909e+02
4.382599999999999909e+02
4.382599999999999909e+02
4.382599999999999909e+02
4.382599999999999909e+02
4.382599999999999909e+02
4.382599999999999909e+02
4.382599999999999909e+02
4.382599999999999909e+02
4.382599999999999909e+02
4.382599999999999909e+02
4.382599999999999909e+02
4.382599999999999909e+02
4.382599999999999909e+02
4.382599999999999909e+02
4.382599999999999909e+02
4.382599999999999909e+02
4.382599999999999909e+02
4.382599999999999909e+02
4.382599999999999909e+02
4.382599999999999909e+02
4.382599999999999909e+02
4.492400000000000091e+02
4.463000000000000114e+02
4.463000000000000114e+02
4.463000000000000114e+02
4.463000000000000114e+02
4.428299999999999841e+02
4.428299999999999841e+02
4.428299999999999841e+02
4.428299999999999841e+02
4.428299999999999841e+02
4.428299999999999841e+02
4.428299999999999841e+02
4.400899999999999750e+02
4.400899999999999750e+02
4.400899999999999750e+02
4.400899999999999750e+02
4.400899999999999750e+02
4.386299999999999955e+02
4.386299999999999955e+02
4.386299999999999955e+02
4.386299999999999955e+02
4.386299999999999955e+02
4.370899999999999750e+02
4.348299999999999841e+02
4.348299999999999841e+02
4.348299999999999841e+02
4.333199999999999932e+02
4.333199999999999932e+02
4.333199999999999932e+02
4.333199999999999932e+02
4.333199999999999932e+02
4.333199999999999932e+02
4.333199999999999932e+02
4.333199999999999932e+02
4.333199999999999932e+02
4.333199999999999932e+02
4.333199999999999932e+02
4.310799999999999841e+02
4.302400000000000091e+02
4.302400000000000091e+02
4.301999999999999886e+02
4.301999999999999886e+02
4.301999999999999886e+02
4.280500000000000114e+02
4.280500000000000114e+02
4.280500000000000114e+02
4.258799999999999955e+02
4.258799999999999955e+02
4.258799999999999955e+02
4.258799999999999955e+02
4.258799999999999955e+02
4.258799999999999955e+02
4.258799999999999955e+02
4.258799999999999955e+02
4.258799999999999955e+02
4.258799999999999955e+02
4.258799999999999955e+02
4.258799999999999955e+02
4.258799999999999955e+02
4.258799999999999955e+02
4.258799999999999955e+02
4.258799999999999955e+02
4.258799999999999955e+02
4.258799999999999955e+02
4.258799999999999955e+02
4.258799999999999955e+02
4.258799999999999955e+02
4.258799999999999955e+02
4.258799999999999955e+02
4.258799999999999955e+02
4.258799999999999955e+02
4.258799999999999955e+02
4.258799999999999955e+02
4.258799999999999955e+02
4.258799999999999955e+02
4.258799999999999955e+02
4.258799999999999955e+02
4.258799999999999955e+02
4.258799999999999955e+02
4.258799999999999955e+02
4.258799999999999955e+02
4.258799999999999955e+02
4.258799999999999955e+02
4.258799999999999955e+02
4.258799999999999955e+02
4.258799999999999955e+02
4.258799999999999955e+02
4.258799999999999955e+02
4.258799999999999955e+02
4.258799999999999955e+02
4.458999999999999773e+02
4.458999999999999773e+02
4.458999999999999773e+02
4.458999999999999773e+02
4.458999999999999773e+02
4.458999999999999773e+02
4.458999999999999773e+02
4.410199999999999818e+02
4.410199999999999818e+02
4.385000000000000000e+02
4.385000000000000000e+02
4.385000000000000000e+02
4.385000000000000000e+02
4.385000000000000000e+02
4.385000000000000000e+02
4.385000000000000000e+02
4.385000000000000000e+02
4.385000000000000000e+02
4.385000000000000000e+02
4.385000000000000000e+02
4.385000000000000000e+02
4.385000000000000000e+02
4.385000000000000000e+02
4.385000000000000000e+02
4.385000000000000000e+02
4.385000000000000000e+02
4.385000000000000000e+02
4.385000000000000000e+02
4.385000000000000000e+02
4.385000000000000000e+02
4.316000000000000227e+02
4.316000000000000227e+02
4.316000000000000227e+02
4.316000000000000227e+02
4.316000000000000227e+02
4.316000000000000227e+02
4.316000000000000227e+02
4.316000000000000227e+02
4.316000000000000227e+02
4.316000000000000227e+02
4.316000000000000227e+02
4.316000000000000227e+02
4.316000000000000227e+02
4.316000000000000227e+02
4.316000000000000227e+02
4.316000000000000227e+02
4.316000000000000227e+02
4.316000000000000227e+02
4.316000000000000227e+02
4.316000000000000227e+02
4.316000000000000227e+02
4.316000000000000227e+02
4.290099999999999909e+02
4.290099999999999909e+02
4.290099999999999909e+02
4.290099999999999909e+02
4.290099999999999909e+02
4.290099999999999909e+02
4.290099999999999909e+02
4.290099999999999909e+02
4.247200000000000273e+02
4.247200000000000273e+02
4.247200000000000273e+02
4.247200000000000273e+02
4.217599999999999909e+02
4.217599999999999909e+02
4.217599999999999909e+02
4.217599999999999909e+02
4.217599999999999909e+02
4.217599999999999909e+02
4.217599999999999909e+02
4.217599999999999909e+02
4.217599999999999909e+02
4.217599999999999909e+02
4.217599999999999909e+02
4.217599999999999909e+02
4.217599999999999909e+02
4.217599999999999909e+02
4.217599999999999909e+02
4.217599999999999909e+02
4.217599999999999909e+02
4.217599999999999909e+02
4.217599999999999909e+02
4.217599999999999909e+02
4.217599999999999909e+02
4.217599999999999909e+02
4.217599999999999909e+02
4.217599999999999909e+02
4.217599999999999909e+02
4.217599999999999909e+02
4.217599999999999909e+02
4.217599999999999909e+02
4.217599999999999909e+02
4.217599999999999909e+02
4.217599999999999909e+02
4.217599999999999909e+02
4.217599999999999909e+02
4.217599999999999909e+02
4.217599999999999909e+02
4.216100000000000136e+02
4.216100000000000136e+02
4.216100000000000136e+02
4.216100000000000136e+02
4.216100000000000136e+02
4.204499999999999886e+02
4.204499999999999886e+02
4.138500000000000227e+02
4.138500000000000227e+02
4.138500000000000227e+02
4.138500000000000227e+02
4.138500000000000227e+02
4.138500000000000227e+02
4.138500000000000227e+02
4.138500000000000227e+02
4.133000000000000114e+02
4.133000000000000114e+02
4.133000000000000114e+02
4.133000000000000114e+02
4.133000000000000114e+02
4.133000000000000114e+02
4.133000000000000114e+02
4.133000000000000114e+02
4.133000000000000114e+02
4.133000000000000114e+02
4.127400000000000091e+02
4.127400000000000091e+02
4.127400000000000091e+02
4.127400000000000091e+02
4.127400000000000091e+02
4.127400000000000091e+02
4.127400000000000091e+02
4.127400000000000091e+02
4.127400000000000091e+02
4.127400000000000091e+02
4.127400000000000091e+02
4.127400000000000091e+02
4.127400000000000091e+02
4.127400000000000091e+02
4.127400000000000091e+02
4.127400000000000091e+02
4.127400000000000091e+02
4.127400000000000091e+02
4.127400000000000091e+02
4.127400000000000091e+02
4.127400000000000091e+02
4.127400000000000091e+02
4.127400000000000091e+02
4.127400000000000091e+02
4.127400000000000091e+02
4.127400000000000091e+02
4.127400000000000091e+02
4.127400000000000091e+02
4.127400000000000091e+02
4.127400000000000091e+02
4.127400000000000091e+02
4.127400000000000091e+02
4.127400000000000091e+02
4.127400000000000091e+02
4.127400000000000091e+02
4.127400000000000091e+02
4.127400000000000091e+02
4.127400000000000091e+02
4.127400000000000091e+02
4.127400000000000091e+02
4.127400000000000091e+02
4.127400000000000091e+02
4.127400000000000091e+02
4.127400000000000091e+02
4.127400000000000091e+02
4.127400000000000091e+02
4.127400000000000091e+02
4.127400000000000091e+02
4.127400000000000091e+02
4.127400000000000091e+02
4.127400000000000091e+02
4.127400000000000091e+02
4.127400000000000091e+02
4.127400000000000091e+02
4.127400000000000091e+02
4.127400000000000091e+02
4.127400000000000091e+02
4.127400000000000091e+02
4.127400000000000091e+02
4.127400000000000091e+02
4.127400000000000091e+02
4.127400000000000091e+02
4.127400000000000091e+02
4.127400000000000091e+02
4.127400000000000091e+02
4.127400000000000091e+02
4.127400000000000091e+02
4.127400000000000091e+02
4.127400000000000091e+02
4.127400000000000091e+02
4.127400000000000091e+02
4.127400000000000091e+02
4.127400000000000091e+02
4.127400000000000091e+02
4.127400000000000091e+02
4.127400000000000091e+02
4.127400000000000091e+02
4.127400000000000091e+02
4.127400000000000091e+02
4.127400000000000091e+02
4.127400000000000091e+02
4.127400000000000091e+02
4.127400000000000091e+02
4.127400000000000091e+02
4.127400000000000091e+02
4.127400000000000091e+02
4.127400000000000091e+02
4.127400000000000091e+02
4.127400000000000091e+02
4.127400000000000091e+02
4.127400000000000091e+02
4.127400000000000091e+02
4.127400000000000091e+02
4.127400000000000091e+02
4.151100000000000136e+02
4.151100000000000136e+02
4.151100000000000136e+02
4.151100000000000136e+02
4.151100000000000136e+02
4.151100000000000136e+02
4.151100000000000136e+02
4.151100000000000136e+02
4.151100000000000136e+02
4.151100000000000136e+02
4.151100000000000136e+02
4.109900000000000091e+02
4.109900000000000091e+02
4.109900000000000091e+02
4.109900000000000091e+02
4.109900000000000091e+02
4.109900000000000091e+02
4.109900000000000091e+02
4.109900000000000091e+02
4.109900000000000091e+02
4.109900000000000091e+02
4.109900000000000091e+02
4.109900000000000091e+02
4.109900000000000091e+02
4.109900000000000091e+02
4.109900000000000091e+02
4.109900000000000091e+02
4.109900000000000091e+02
4.109900000000000091e+02
4.109900000000000091e+02
4.109900000000000091e+02
4.109900000000000091e+02
4.109900000000000091e+02
4.109900000000000091e+02
4.109900000000000091e+02
4.109900000000000091e+02
4.109900000000000091e+02
4.109900000000000091e+02
4.109900000000000091e+02
4.109900000000000091e+02
4.109900000000000091e+02
4.109900000000000091e+02
4.109900000000000091e+02
4.109900000000000091e+02
4.109900000000000091e+02
4.109900000000000091e+02
4.109900000000000091e+02
4.109900000000000091e+02
4.109900000000000091e+02
4.109900000000000091e+02
4.109900000000000091e+02
4.109900000000000091e+02
4.109900000000000091e+02
4.109900000000000091e+02
4.109900000000000091e+02
4.109900000000000091e+02
4.109900000000000091e+02
4.109900000000000091e+02
4.109900000000000091e+02
4.109900000000000091e+02
4.109900000000000091e+02
4.109900000000000091e+02
4.109900000000000091e+02
4.109900000000000091e+02
4.109900000000000091e+02
4.109900000000000091e+02
4.109900000000000091e+02
4.109900000000000091e+02
4.109900000000000091e+02
4.109900000000000091e+02
4.109900000000000091e+02
4.109900000000000091e+02
4.109900000000000091e+02
4.109900000000000091e+02
4.109900000000000091e+02
4.109900000000000091e+02
4.109900000000000091e+02
4.392500000000000000e+02
4.392500000000000000e+02
4.392500000000000000e+02
4.386800000000000068e+02
4.386800000000000068e+02
4.386800000000000068e+02
4.386800000000000068e+02
4.386800000000000068e+02
4.369700000000000273e+02
4.369700000000000273e+02
4.317099999999999795e+02
4.317099999999999795e+02
4.317099999999999795e+02
4.317099999999999795e+02
4.317099999999999795e+02
4.317099999999999795e+02
4.317099999999999795e+02
4.317099999999999795e+02
4.317099999999999795e+02
4.317099999999999795e+02
4.317099999999999795e+02
4.317099999999999795e+02
4.317099999999999795e+02
4.317099999999999795e+02
4.317099999999999795e+02
4.317099999999999795e+02
4.317099999999999795e+02
4.317099999999999795e+02
4.317099999999999795e+02
4.298600000000000136e+02
4.298600000000000136e+02
4.298600000000000136e+02
4.298600000000000136e+02
4.298600000000000136e+02
4.298600000000000136e+02
4.298600000000000136e+02
4.298600000000000136e+02
4.298600000000000136e+02
4.298600000000000136e+02
4.298600000000000136e+02
4.298600000000000136e+02
4.298600000000000136e+02
4.298600000000000136e+02
4.298600000000000136e+02
4.298600000000000136e+02
4.298600000000000136e+02
4.298600000000000136e+02
4.298600000000000136e+02
4.298600000000000136e+02
4.298600000000000136e+02
4.298600000000000136e+02
4.298600000000000136e+02
4.298600000000000136e+02
4.298600000000000136e+02
4.298600000000000136e+02
4.298600000000000136e+02
4.298600000000000136e+02
4.298600000000000136e+02
4.298600000000000136e+02
4.298600000000000136e+02
4.298600000000000136e+02
4.298600000000000136e+02
4.298600000000000136e+02
4.298600000000000136e+02
4.298600000000000136e+02
4.298600000000000136e+02
4.298600000000000136e+02
4.298600000000000136e+02
4.298600000000000136e+02
4.298600000000000136e+02
4.298600000000000136e+02
4.298600000000000136e+02
4.298600000000000136e+02
4.298600000000000136e+02
4.298600000000000136e+02
4.298600000000000136e+02
4.298600000000000136e+02
4.298600000000000136e+02
4.298600000000000136e+02
4.298600000000000136e+02
4.298600000000000136e+02
4.288000000000000114e+02
4.288000000000000114e+02
4.288000000000000114e+02
4.288000000000000114e+02
4.288000000000000114e+02
4.288000000000000114e+02
4.288000000000000114e+02
4.288000000000000114e+02
4.288000000000000114e+02
4.288000000000000114e+02
4.288000000000000114e+02
4.288000000000000114e+02
4.288000000000000114e+02
4.288000000000000114e+02
4.288000000000000114e+02
4.288000000000000114e+02
4.288000000000000114e+02
4.288000000000000114e+02
4.288000000000000114e+02
4.288000000000000114e+02
4.288000000000000114e+02
4.288000000000000114e+02
4.288000000000000114e+02
4.288000000000000114e+02
4.288000000000000114e+02
4.288000000000000114e+02
4.288000000000000114e+02
4.288000000000000114e+02
4.288000000000000114e+02
4.288000000000000114e+02
4.288000000000000114e+02
4.288000000000000114e+02
4.288000000000000114e+02
4.288000000000000114e+02
4.288000000000000114e+02
4.288000000000000114e+02
4.288000000000000114e+02
4.288000000000000114e+02
4.288000000000000114e+02
4.288000000000000114e+02
4.288000000000000114e+02
4.288000000000000114e+02
4.288000000000000114e+02
4.288000000000000114e+02
4.288000000000000114e+02
4.288000000000000114e+02
4.288000000000000114e+02
4.288000000000000114e+02
4.288000000000000114e+02
4.288000000000000114e+02
4.288000000000000114e+02
4.288000000000000114e+02
4.288000000000000114e+02
4.288000000000000114e+02
4.288000000000000114e+02
4.288000000000000114e+02
4.288000000000000114e+02
4.288000000000000114e+02
4.288000000000000114e+02
4.288000000000000114e+02
4.288000000000000114e+02
4.288000000000000114e+02
4.288000000000000114e+02
4.288000000000000114e+02
4.288000000000000114e+02
4.288000000000000114e+02
4.288000000000000114e+02
4.288000000000000114e+02
4.288000000000000114e+02
4.288000000000000114e+02
4.288000000000000114e+02
4.288000000000000114e+02
4.288000000000000114e+02
4.288000000000000114e+02
4.288000000000000114e+02
4.288000000000000114e+02
4.288000000000000114e+02
4.288000000000000114e+02
4.288000000000000114e+02
4.288000000000000114e+02
4.288000000000000114e+02
4.288000000000000114e+02
4.288000000000000114e+02
4.288000000000000114e+02
4.288000000000000114e+02
4.288000000000000114e+02
4.287799999999999727e+02
4.287799999999999727e+02
4.287799999999999727e+02
4.287799999999999727e+02
4.287799999999999727e+02
4.287799999999999727e+02
4.287799999999999727e+02
4.287799999999999727e+02
4.287799999999999727e+02
4.287799999999999727e+02
4.287799999999999727e+02
4.287799999999999727e+02
4.287799999999999727e+02
4.287799999999999727e+02
4.287799999999999727e+02
4.287799999999999727e+02
4.287799999999999727e+02
4.287799999999999727e+02
4.287799999999999727e+02
4.287799999999999727e+02
4.287799999999999727e+02
4.287799999999999727e+02
4.287799999999999727e+02
4.287799999999999727e+02
4.287799999999999727e+02
4.287799999999999727e+02
4.287799999999999727e+02
4.287799999999999727e+02
4.287799999999999727e+02
4.240400000000000205e+02
4.240400000000000205e+02
4.240400000000000205e+02
4.240400000000000205e+02
4.240400000000000205e+02
4.240400000000000205e+02
4.240400000000000205e+02
4.240400000000000205e+02
4.240400000000000205e+02
4.240400000000000205e+02
4.240400000000000205e+02
4.240400000000000205e+02
4.240400000000000205e+02
4.240400000000000205e+02
4.240400000000000205e+02
4.316399999999999864e+02
4.316399999999999864e+02
4.316399999999999864e+02
4.316399999999999864e+02
4.316399999999999864e+02
4.316399999999999864e+02
4.316399999999999864e+02
4.312200000000000273e+02
4.312200000000000273e+02
4.312200000000000273e+02
4.312200000000000273e+02
4.312200000000000273e+02
4.312200000000000273e+02
4.312200000000000273e+02
4.312200000000000273e+02
4.312200000000000273e+02
4.312200000000000273e+02
4.312200000000000273e+02
4.312200000000000273e+02
4.312200000000000273e+02
4.312200000000000273e+02
4.312200000000000273e+02
4.312200000000000273e+02
4.312200000000000273e+02
4.312200000000000273e+02
4.312200000000000273e+02
4.312200000000000273e+02
4.300699999999999932e+02
4.300699999999999932e+02
4.300699999999999932e+02
4.300699999999999932e+02
4.300699999999999932e+02
4.300699999999999932e+02
4.300699999999999932e+02
4.300699999999999932e+02
4.300699999999999932e+02
4.300699999999999932e+02
4.300699999999999932e+02
4.300699999999999932e+02
4.300699999999999932e+02
4.300699999999999932e+02
4.300699999999999932e+02
4.300699999999999932e+02
4.300699999999999932e+02
4.300699999999999932e+02
4.300699999999999932e+02
4.300699999999999932e+02
4.300699999999999932e+02
4.300699999999999932e+02
4.300699999999999932e+02
4.296999999999999886e+02
4.257400000000000091e+02
4.257400000000000091e+02
4.257400000000000091e+02
4.257400000000000091e+02
4.257400000000000091e+02
4.257400000000000091e+02
4.257400000000000091e+02
4.257400000000000091e+02
4.257400000000000091e+02
4.257400000000000091e+02
4.257400000000000091e+02
4.257400000000000091e+02
4.257400000000000091e+02
4.257400000000000091e+02
4.257400000000000091e+02
4.257400000000000091e+02
4.257400000000000091e+02
4.257400000000000091e+02
4.257400000000000091e+02
4.257400000000000091e+02
4.257400000000000091e+02
4.257400000000000091e+02
4.257400000000000091e+02
4.257400000000000091e+02
4.257400000000000091e+02
4.257400000000000091e+02
4.257400000000000091e+02
4.257400000000000091e+02
4.257400000000000091e+02
4.257400000000000091e+02
4.257400000000000091e+02
4.257400000000000091e+02
4.257400000000000091e+02
4.491800000000000068e+02
4.491800000000000068e+02
4.491800000000000068e+02
4.491800000000000068e+02
4.491800000000000068e+02
4.491800000000000068e+02
4.491800000000000068e+02
4.491800000000000068e+02
4.471899999999999977e+02
4.471899999999999977e+02
4.471899999999999977e+02
4.471899999999999977e+02
4.471899999999999977e+02
4.471899999999999977e+02
4.471899999999999977e+02
4.471899999999999977e+02
4.471899999999999977e+02
4.471899999999999977e+02
4.471899999999999977e+02
4.451600000000000250e+02
4.451600000000000250e+02
4.451600000000000250e+02
4.451600000000000250e+02
4.451600000000000250e+02
4.451600000000000250e+02
4.380899999999999750e+02
4.365400000000000205e+02
4.365400000000000205e+02
4.365400000000000205e+02
4.365400000000000205e+02
4.365400000000000205e+02
4.365400000000000205e+02
4.365400000000000205e+02
4.365400000000000205e+02
4.365400000000000205e+02
4.365400000000000205e+02
4.365400000000000205e+02
4.365400000000000205e+02
4.365400000000000205e+02
4.365400000000000205e+02
4.335699999999999932e+02
4.335699999999999932e+02
4.335699999999999932e+02
4.335699999999999932e+02
4.335699999999999932e+02
4.335699999999999932e+02
4.335699999999999932e+02
4.335699999999999932e+02
4.335699999999999932e+02
4.335699999999999932e+02
4.335699999999999932e+02
4.335699999999999932e+02
4.335699999999999932e+02
4.335699999999999932e+02
4.335699999999999932e+02
4.335699999999999932e+02
4.335699999999999932e+02
4.335699999999999932e+02
4.335699999999999932e+02
4.335699999999999932e+02
4.335699999999999932e+02
4.335699999999999932e+02
4.335699999999999932e+02
4.335699999999999932e+02
4.335699999999999932e+02
4.335699999999999932e+02
4.335699999999999932e+02
4.335699999999999932e+02
4.335699999999999932e+02
4.335699999999999932e+02
4.335699999999999932e+02
4.335699999999999932e+02
4.335699999999999932e+02
4.335699999999999932e+02
4.335699999999999932e+02
4.335699999999999932e+02
4.335699999999999932e+02
4.335699999999999932e+02
4.335699999999999932e+02
4.335699999999999932e+02
4.335699999999999932e+02
4.335699999999999932e+02
4.335699999999999932e+02
4.335699999999999932e+02
4.335699999999999932e+02
4.336700000000000159e+02
4.336700000000000159e+02
4.336700000000000159e+02
4.336700000000000159e+02
4.336700000000000159e+02
4.336700000000000159e+02
4.336700000000000159e+02
4.336700000000000159e+02
4.336700000000000159e+02
4.336700000000000159e+02
4.336700000000000159e+02
4.336700000000000159e+02
4.336700000000000159e+02
4.336700000000000159e+02
4.336700000000000159e+02
4.285500000000000114e+02
4.285500000000000114e+02
4.265299999999999727e+02
4.265299999999999727e+02
4.265299999999999727e+02
4.265299999999999727e+02
4.265299999999999727e+02
4.265299999999999727e+02
4.265299999999999727e+02
4.265299999999999727e+02
4.265299999999999727e+02
4.265299999999999727e+02
4.265299999999999727e+02
4.265299999999999727e+02
4.265299999999999727e+02
4.265299999999999727e+02
4.265299999999999727e+02
4.265299999999999727e+02
4.265299999999999727e+02
4.265299999999999727e+02
4.265299999999999727e+02
4.265299999999999727e+02
4.265299999999999727e+02
4.265299999999999727e+02
4.265299999999999727e+02
4.265299999999999727e+02
4.265299999999999727e+02
4.265299999999999727e+02
4.265299999999999727e+02
4.265299999999999727e+02
4.265299999999999727e+02
4.265299999999999727e+02
4.265299999999999727e+02
4.265299999999999727e+02
4.265299999999999727e+02
4.265299999999999727e+02
4.265299999999999727e+02
4.265299999999999727e+02
4.265299999999999727e+02
4.265299999999999727e+02
4.265299999999999727e+02
4.265299999999999727e+02
4.265299999999999727e+02
4.265299999999999727e+02
4.265299999999999727e+02
4.265299999999999727e+02
4.265299999999999727e+02
4.265299999999999727e+02
4.265299999999999727e+02
4.265299999999999727e+02
4.265299999999999727e+02
4.265299999999999727e+02
4.265299999999999727e+02
4.265299999999999727e+02
4.265299999999999727e+02
4.265299999999999727e+02
4.265299999999999727e+02
4.265299999999999727e+02
4.265299999999999727e+02
4.265299999999999727e+02
4.265299999999999727e+02
4.265299999999999727e+02
4.265299999999999727e+02
4.265299999999999727e+02
4.265299999999999727e+02
4.265299999999999727e+02
4.265299999999999727e+02
4.265299999999999727e+02
4.265299999999999727e+02
4.265299999999999727e+02
4.265299999999999727e+02
4.265299999999999727e+02
4.265299999999999727e+02
4.265299999999999727e+02
4.265299999999999727e+02
4.265299999999999727e+02
4.265299999999999727e+02
4.265299999999999727e+02
4.265299999999999727e+02
4.265299999999999727e+02
4.265299999999999727e+02
4.265299999999999727e+02
4.265299999999999727e+02
4.265299999999999727e+02
4.265299999999999727e+02
4.265299999999999727e+02
4.265299999999999727e+02
4.265299999999999727e+02
4.265299999999999727e+02
4.265299999999999727e+02
4.265299999999999727e+02
4.265299999999999727e+02
4.265299999999999727e+02
4.265299999999999727e+02
4.265299999999999727e+02
4.265299999999999727e+02
4.237500000000000000e+02
4.237500000000000000e+02
4.197900000000000205e+02
4.197900000000000205e+02
4.197900000000000205e+02
4.197900000000000205e+02
4.197900000000000205e+02
4.197900000000000205e+02
4.197900000000000205e+02
4.197900000000000205e+02
4.197900000000000205e+02
4.197900000000000205e+02
4.298600000000000136e+02
4.266700000000000159e+02
4.266700000000000159e+02
4.266700000000000159e+02
4.266700000000000159e+02
4.266700000000000159e+02
4.266700000000000159e+02
4.266700000000000159e+02
4.266700000000000159e+02
4.266700000000000159e+02
4.252500000000000000e+02
4.181800000000000068e+02
4.181800000000000068e+02
4.181800000000000068e+02
4.181800000000000068e+02
4.181800000000000068e+02
4.181800000000000068e+02
4.181800000000000068e+02
4.181800000000000068e+02
4.181800000000000068e+02
4.181800000000000068e+02
4.181800000000000068e+02
4.181800000000000068e+02
4.181800000000000068e+02
4.181800000000000068e+02
4.181800000000000068e+02
4.181800000000000068e+02
4.181800000000000068e+02
4.181800000000000068e+02
4.181800000000000068e+02
4.181800000000000068e+02
4.181800000000000068e+02
4.181800000000000068e+02
4.181800000000000068e+02
4.181800000000000068e+02
4.181800000000000068e+02
4.181800000000000068e+02
4.181800000000000068e+02
4.181800000000000068e+02
4.181800000000000068e+02
4.181800000000000068e+02
4.181800000000000068e+02
4.181800000000000068e+02
4.181800000000000068e+02
4.181800000000000068e+02
4.181800000000000068e+02
4.181800000000000068e+02
4.181800000000000068e+02
4.181800000000000068e+02
4.181800000000000068e+02
4.181800000000000068e+02
4.181800000000000068e+02
4.181800000000000068e+02
4.181800000000000068e+02
4.181800000000000068e+02
4.181800000000000068e+02
4.181800000000000068e+02
4.181800000000000068e+02
4.181800000000000068e+02
4.181800000000000068e+02
4.181800000000000068e+02
4.181800000000000068e+02
4.181800000000000068e+02
4.181800000000000068e+02
4.181800000000000068e+02
4.181800000000000068e+02
4.181800000000000068e+02
4.181800000000000068e+02
4.181800000000000068e+02
4.181800000000000068e+02
4.181800000000000068e+02
4.181800000000000068e+02
4.181800000000000068e+02
4.181800000000000068e+02
4.181800000000000068e+02
4.181800000000000068e+02
4.181800000000000068e+02
4.181800000000000068e+02
4.181800000000000068e+02
4.181800000000000068e+02
4.181800000000000068e+02
4.181800000000000068e+02
4.181800000000000068e+02
4.181800000000000068e+02
4.181800000000000068e+02
4.181800000000000068e+02
4.181800000000000068e+02
4.453000000000000114e+02
4.453000000000000114e+02
4.453000000000000114e+02
4.453000000000000114e+02
4.453000000000000114e+02
4.453000000000000114e+02
4.453000000000000114e+02
4.453000000000000114e+02
4.453000000000000114e+02
4.453000000000000114e+02
4.453000000000000114e+02
4.453000000000000114e+02
4.453000000000000114e+02
4.453000000000000114e+02
4.453000000000000114e+02
4.453000000000000114e+02
4.453000000000000114e+02
4.453000000000000114e+02
4.404700000000000273e+02
4.404700000000000273e+02
4.404700000000000273e+02
4.404700000000000273e+02
4.404700000000000273e+02
4.404700000000000273e+02
4.404700000000000273e+02
4.404700000000000273e+02
4.404700000000000273e+02
4.404700000000000273e+02
4.404700000000000273e+02
4.404700000000000273e+02
4.404700000000000273e+02
4.404700000000000273e+02
4.404700000000000273e+02
4.404700000000000273e+02
4.404700000000000273e+02
4.404700000000000273e+02
4.404700000000000273e+02
4.404700000000000273e+02
4.404700000000000273e+02
4.404700000000000273e+02
4.404700000000000273e+02
4.404700000000000273e+02
4.404700000000000273e+02
4.404700000000000273e+02
4.404700000000000273e+02
4.404700000000000273e+02
4.404700000000000273e+02
4.404700000000000273e+02
4.404700000000000273e+02
4.404700000000000273e+02
4.404700000000000273e+02
4.404700000000000273e+02
4.404700000000000273e+02
4.404700000000000273e+02
4.404700000000000273e+02
4.404700000000000273e+02
4.404700000000000273e+02
4.404700000000000273e+02
4.404700000000000273e+02
4.404700000000000273e+02
4.404700000000000273e+02
4.404700000000000273e+02
4.404700000000000273e+02
4.404700000000000273e+02
4.404700000000000273e+02
4.404700000000000273e+02
4.404200000000000159e+02
4.404200000000000159e+02
4.404200000000000159e+02
4.399599999999999795e+02
4.325600000000000023e+02
4.325600000000000023e+02
4.325600000000000023e+02
4.325600000000000023e+02
4.325600000000000023e+02
4.325600000000000023e+02
4.325600000000000023e+02
4.325600000000000023e+02
4.306399999999999864e+02
4.306399999999999864e+02
4.306399999999999864e+02
4.306399999999999864e+02
4.306399999999999864e+02
4.306399999999999864e+02
4.306399999999999864e+02
4.306399999999999864e+02
4.306399999999999864e+02
4.306399999999999864e+02
4.306399999999999864e+02
4.306399999999999864e+02
4.306399999999999864e+02
4.306399999999999864e+02
4.306399999999999864e+02
4.306399999999999864e+02
4.306399999999999864e+02
4.306399999999999864e+02
4.306399999999999864e+02
4.306399999999999864e+02
4.306399999999999864e+02
4.306399999999999864e+02
4.306399999999999864e+02
4.306399999999999864e+02
4.306399999999999864e+02
4.306399999999999864e+02
4.306399999999999864e+02
4.306399999999999864e+02
4.306399999999999864e+02
4.306399999999999864e+02
4.306399999999999864e+02
4.306399999999999864e+02
4.306399999999999864e+02
4.306399999999999864e+02
4.306399999999999864e+02
4.306399999999999864e+02
4.306399999999999864e+02
4.306399999999999864e+02
4.306399999999999864e+02
4.306399999999999864e+02
4.306399999999999864e+02
4.306399999999999864e+02
4.306399999999999864e+02
4.306399999999999864e+02
4.306399999999999864e+02
4.306399999999999864e+02
4.306399999999999864e+02
4.306399999999999864e+02
4.306399999999999864e+02
4.306399999999999864e+02
4.306399999999999864e+02
4.306399999999999864e+02
4.306399999999999864e+02
4.306399999999999864e+02
4.306399999999999864e+02
4.306399999999999864e+02
4.306399999999999864e+02
4.306399999999999864e+02
4.306399999999999864e+02
4.306399999999999864e+02
4.306399999999999864e+02
4.306399999999999864e+02
4.306399999999999864e+02
4.306399999999999864e+02
4.306399999999999864e+02
4.306399999999999864e+02
4.306399999999999864e+02
4.306399999999999864e+02
4.306399999999999864e+02
4.306399999999999864e+02
4.306399999999999864e+02
4.306399999999999864e+02
4.306399999999999864e+02
4.306399999999999864e+02
4.306399999999999864e+02
4.306399999999999864e+02
4.306399999999999864e+02
4.306399999999999864e+02
4.306399999999999864e+02
4.306399999999999864e+02
4.306399999999999864e+02
4.306399999999999864e+02
4.306399999999999864e+02
4.306399999999999864e+02
4.306399999999999864e+02
4.306399999999999864e+02
4.306399999999999864e+02
4.306399999999999864e+02
4.306399999999999864e+02
4.306399999999999864e+02
4.306399999999999864e+02
4.306399999999999864e+02
4.306399999999999864e+02
4.306399999999999864e+02
4.306399999999999864e+02
4.306399999999999864e+02
4.306399999999999864e+02
4.306399999999999864e+02
4.306399999999999864e+02
4.306399999999999864e+02
4.306399999999999864e+02
4.306399999999999864e+02
4.306399999999999864e+02
4.306399999999999864e+02
4.306399999999999864e+02
4.306399999999999864e+02
4.306399999999999864e+02
4.306399999999999864e+02
4.306399999999999864e+02
4.306399999999999864e+02
4.306399999999999864e+02
4.306399999999999864e+02
4.306399999999999864e+02
4.306399999999999864e+02
4.306399999999999864e+02
4.306399999999999864e+02
4.306399999999999864e+02
4.306399999999999864e+02
4.306399999999999864e+02
4.306399999999999864e+02
4.306399999999999864e+02
4.306399999999999864e+02
4.306399999999999864e+02
4.306399999999999864e+02
4.306399999999999864e+02
4.306399999999999864e+02
4.306399999999999864e+02
4.388500000000000227e+02
4.388500000000000227e+02
4.388500000000000227e+02
4.388500000000000227e+02
4.388500000000000227e+02
4.376299999999999955e+02
4.376299999999999955e+02
4.376299999999999955e+02
4.376299999999999955e+02
4.376299999999999955e+02
4.376299999999999955e+02
4.376299999999999955e+02
4.376299999999999955e+02
4.363100000000000023e+02
4.363100000000000023e+02
4.363100000000000023e+02
4.363100000000000023e+02
4.348299999999999841e+02
4.348299999999999841e+02
4.348299999999999841e+02
4.348299999999999841e+02
4.348299999999999841e+02
4.348299999999999841e+02
4.348299999999999841e+02
4.348299999999999841e+02
4.348299999999999841e+02
4.348299999999999841e+02
4.348299999999999841e+02
4.348299999999999841e+02
4.348299999999999841e+02
4.348299999999999841e+02
4.348299999999999841e+02
4.348299999999999841e+02
4.348299999999999841e+02
4.348299999999999841e+02
4.348299999999999841e+02
4.348299999999999841e+02
4.348299999999999841e+02
4.348299999999999841e+02
4.348299999999999841e+02
4.348299999999999841e+02
4.348299999999999841e+02
4.348299999999999841e+02
4.348299999999999841e+02
4.348299999999999841e+02
4.348299999999999841e+02
4.348299999999999841e+02
4.348299999999999841e+02
4.348299999999999841e+02
4.348299999999999841e+02
4.348299999999999841e+02
4.348299999999999841e+02
4.348299999999999841e+02
4.348299999999999841e+02
4.348299999999999841e+02
4.348299999999999841e+02
4.348299999999999841e+02
4.348299999999999841e+02
4.348299999999999841e+02
4.348299999999999841e+02
4.348299999999999841e+02
4.348299999999999841e+02
4.348299999999999841e+02
4.348299999999999841e+02
4.348299999999999841e+02
4.344499999999999886e+02
4.340000000000000000e+02
4.340000000000000000e+02
4.340000000000000000e+02
4.340000000000000000e+02
4.340000000000000000e+02
4.340000000000000000e+02
4.340000000000000000e+02
4.340000000000000000e+02
4.340000000000000000e+02
4.340000000000000000e+02
4.340000000000000000e+02
4.340000000000000000e+02
4.340000000000000000e+02
4.340000000000000000e+02
4.340000000000000000e+02
4.340000000000000000e+02
4.340000000000000000e+02
4.340000000000000000e+02
4.340000000000000000e+02
4.340000000000000000e+02
4.340000000000000000e+02
4.325600000000000023e+02
4.325600000000000023e+02
4.325600000000000023e+02
