
samples_per_chain:,12
burnin:,0.35
num params:,415
initial_proposed_vec:,[ 1.52137352e+00  1.46385767e+00  1.54053554e+00  1.50088491e+00
  8.75365786e-07  5.00868821e-01  8.07819338e-01  3.45514845e-03
  1.26771420e-03  1.00867693e-03  5.75241034e-01  5.68628328e+00
  2.40012735e+04  5.64592926e+00  9.31602711e-03  5.42444793e+02
 -3.48675422e+02  4.37545677e+02  4.04814346e+02 -2.74667792e+02
 -4.49839986e+02 -5.50045390e+02  4.19117699e+02 -4.79655016e+01
 -3.76447364e+02  3.88054253e+02  9.35212500e+01 -1.00142302e+02
  3.66906432e+02 -5.23043257e+02  2.14005403e+02  1.82277086e+02
 -1.53458445e+02  4.18751460e+02  3.41307595e+02 -1.15994239e+02
  5.96942561e+02 -4.89490942e+01 -5.09703033e+02  5.83561270e+02
 -2.41797179e+02  4.96454397e+02  2.95839597e+01  2.19219600e+02
 -4.41418904e+02  1.58524613e+02  4.87228620e+02  1.34843764e+02
  4.35319671e+02  4.81162070e+02  3.88740395e+02  3.72984997e+02
 -3.19887143e+02  3.27929748e+02  3.62283775e+01 -5.59972468e+02
  1.57593754e+02 -6.84305405e+01  3.57937877e+02 -3.41467362e+02
  2.39654289e+02  4.06483172e+02 -3.91754416e+02 -5.41262707e+02
 -4.85457660e+02 -2.53698394e+02  4.10233417e+02 -1.34738113e+02
  3.65964074e+02 -3.97735320e+02  2.67968486e+02  4.44859010e+02
  2.52028384e+02 -5.33785361e+02  5.72056612e+02  4.15708067e+02
  1.40299833e+02 -2.90289458e+02 -1.29694387e+02 -3.07617596e+02
 -5.34517308e+02  1.69747047e+02  4.81600599e+02  1.04140577e+01
  1.47831755e+02  2.85910420e+02 -2.77128957e+02  1.33170908e+02
 -2.61113948e+02  2.96468385e+02 -2.79628470e+02 -3.35574914e+02
 -2.02668765e+02 -5.71737453e+01  2.91555827e+02  3.77372310e+02
  5.52413398e+01  4.63601824e+02 -5.93680677e+02 -4.74010014e+02
 -1.04014643e+02  8.01778564e+01 -2.43777643e+02  3.94239880e+02
  1.04970556e+02 -5.20190032e+02  5.25521591e+02  5.63432975e+02
  5.31779016e+02  2.30647246e+01  2.85894638e+02  4.53137656e+02
 -4.11634245e+02 -1.76416066e+02 -3.94967239e+02  5.31412088e+02
  3.62160325e+02  3.25734877e+02  1.28108542e+02  2.86006916e+02
  3.94007607e+02 -2.54928803e+02 -5.19142008e+02  1.40416069e+02
 -4.38211995e+02  3.80419552e+02  1.86074741e+02 -2.72091754e+02
 -3.99506612e+01 -1.98704171e+02  5.87937439e+02  6.57789972e+01
 -2.20195153e+01 -4.73294923e+02 -3.32109386e+02 -5.49330195e+02
 -5.18557767e+02 -5.56044280e+01  4.20454428e+02 -4.24642174e+02
 -7.04623538e+01  2.88510544e+02 -4.41057174e+02 -5.52316104e+02
 -4.89733913e+02  4.84870788e+02  5.03941988e+02  5.22543400e+02
 -5.99084500e+02 -5.98595486e+02 -5.40118657e+02 -5.33639960e+02
 -3.03452183e+02 -5.81156129e+02 -4.72546724e+02 -1.91450867e+02
 -4.68303604e+01  2.54675825e+02  1.61383279e+02 -4.96479133e+02
 -1.42844984e+02 -2.98499560e+02  3.43125070e+02 -3.70163948e+02
  5.15660662e+02  3.32549132e+02  4.83529131e+02 -1.98786675e+02
 -1.50584173e+02  3.05767950e+02  4.53047419e+02  2.29553124e+02
 -2.52855094e+02 -2.17143328e+02 -5.13521518e+02  3.47799725e+02
 -3.70122192e+01  1.19227652e+02 -4.72325355e+02  4.37455844e+02
  3.16458643e+02 -2.34395282e+02  4.56436654e+02 -9.13977136e+01
 -3.38675816e+02 -8.51393003e+01 -4.55074865e+02  4.28119220e+02
  3.16507822e+02 -4.10652345e+02 -4.33522696e+02  1.43123775e+01
  3.68937133e+02 -4.62224999e+01 -2.11330694e+02 -4.80797574e+02
 -4.87661638e+02 -4.18875514e+02 -3.77602463e+02  1.30068977e+02
 -9.20524917e+01  6.62193196e+01 -3.25973033e+02  3.04108641e+02
  2.79606751e+02  8.40639716e+00 -2.67130829e+02 -4.08491422e+02
 -4.23194428e+02 -1.69995836e+02  3.20888797e+02 -3.76202907e+02
  4.63572011e+02  2.70634095e+02 -5.48069835e+02 -3.77917407e+02
 -4.70158842e+02  2.28768590e+02 -7.17402705e+01  3.84915300e+02
 -6.92882507e+01  3.71212794e+02 -3.09547797e+02  4.82495262e+02
  5.02476578e+02  1.45162030e+02  1.69464917e+02  5.04470410e+02
 -4.59667504e+01  2.34634266e+02 -4.03670943e+02 -3.04816005e+02
  2.19585892e+02 -2.38446862e+00  2.70971478e+02  3.51313526e+02
 -3.03144656e+02 -4.04667851e+02 -3.35216570e+02  3.50163644e+02
  4.13876331e+02 -4.46026161e+02 -5.02519046e+02 -3.27663208e+02
 -5.48228695e+02  1.60703224e+02  5.76170608e+02 -3.28897750e+02
  3.20227728e+02 -4.91285812e+02 -3.98593371e+02  3.03293429e+02
 -2.88296630e+01  3.92595932e+02 -5.66676008e+02  3.81724613e+02
  7.99273057e+01 -3.09073931e+02 -5.25323484e+02 -5.05636971e+02
 -4.53605481e+02 -2.20664832e+01  1.38304579e+02 -3.01776029e+02
  4.81065057e+02 -3.46226469e+02 -4.66913244e+02 -5.13363040e+00
 -5.32526023e+02 -5.55350461e+02 -4.86950241e+02 -5.70322272e+01
  1.44162985e+02  1.08286246e+02  2.17315393e+02 -3.32584627e+02
  2.91496858e+02  4.35433816e+02 -2.60765766e+01 -3.78505724e+01
 -2.59661139e+02  4.87477555e+01  4.38733979e+02  5.50901231e+02
  4.57524018e+02 -9.01185204e+01 -1.66004652e+02  4.79884320e+02
  1.12772693e+02  5.64916113e+02 -3.70200345e+02 -3.92106143e+02
  4.20731065e+02 -2.94674458e+02 -1.54098284e+02 -1.91491093e+02
 -2.97480632e+02  3.24499750e+02  9.45672285e+01 -5.13920028e+02
  4.56216195e-01 -5.70325353e+02 -3.46470665e+02  8.89765940e+01
  5.35972267e+02 -1.16002908e+02  2.38671776e+02  1.61740775e+02
  3.20749146e+02  1.03229660e+01  2.81668423e+02 -2.80726467e+01
  2.37271053e+02  5.51331538e+02 -5.97099288e+02 -9.91170131e+01
  5.08290775e+02 -5.37199321e+02 -8.83360343e+01  1.84207150e+02
  1.88933376e+02 -3.70349749e+02 -1.87882895e+02 -3.68598884e+02
  2.46667008e+02 -4.14573952e+02  7.77473058e+00 -2.37220719e+02
 -4.91658301e+02 -3.45297264e+02 -2.00633280e+02  5.71041499e+02
  3.68711588e+01 -5.64467397e+02 -2.34525596e+02  2.25702238e+02
  7.69176170e+01  8.81667083e+01 -3.56515246e+01  5.31104189e+02
 -4.81899234e+01 -3.78665834e+02  4.84950344e+02  4.21967541e+02
 -9.40890729e+01  5.31456108e+02 -5.21980679e+02  4.62058319e+02
  5.51190892e-01 -5.39565088e+02 -1.15807017e+02 -2.43315490e+02
 -4.24443831e+02  3.56336209e+01  1.01787583e+02  1.15607472e+02
  9.40882294e+01 -6.04599758e+01  1.77809380e+02 -4.54109712e+02
  1.41209970e+02  4.15767907e+02  7.43841723e+00  2.78328372e+02
 -5.09816375e+02  1.59362484e+02  3.69011913e+02  4.50196335e+02
 -3.78136836e+01  2.96139085e+02  3.93637795e+02 -2.28102087e+02
  5.30317484e+02 -5.73420313e+02 -5.31528763e+01  2.21370802e+01
  3.39692168e+02 -5.43833222e+02  4.70959513e+02  3.23519005e+01
  8.43180744e+01 -1.22574695e+02 -3.23848025e+02  9.43771314e+01
 -4.33887593e+02 -1.68836349e+02  1.55797213e+02  4.07392114e+02
  1.51148855e+02 -4.14071095e+02 -4.86143231e+02  4.05877234e+01
 -4.60246806e+01  7.14383940e+01  9.41388088e+01  5.49945048e+02
  1.46528506e+02  3.74384896e+02  5.29412377e+02  2.53664865e+02
 -3.21616607e+02  5.45529859e+02  5.13735693e+02 -3.69086310e+02
  1.14240586e+02 -4.26008911e+02  2.96438849e+02  4.96436155e+02
 -5.32647987e+02 -4.39806883e+02 -3.24162757e+01  4.65418745e+02
 -3.54936109e+02 -2.25043807e+02 -4.41098764e+02]
stepsize_vec:,[1.0e-02 1.0e-02 1.0e-02 1.0e-02 4.0e-08 5.0e-03 4.0e-02 3.0e-04 1.2e-04
 4.0e-05 2.0e-02 2.0e-01 1.0e-01 2.0e-01 1.5e-03 1.2e+02 1.2e+02 1.2e+02
 1.2e+02 1.2e+02 1.2e+02 1.2e+02 1.2e+02 1.2e+02 1.2e+02 1.2e+02 1.2e+02
 1.2e+02 1.2e+02 1.2e+02 1.2e+02 1.2e+02 1.2e+02 1.2e+02 1.2e+02 1.2e+02
 1.2e+02 1.2e+02 1.2e+02 1.2e+02 1.2e+02 1.2e+02 1.2e+02 1.2e+02 1.2e+02
 1.2e+02 1.2e+02 1.2e+02 1.2e+02 1.2e+02 1.2e+02 1.2e+02 1.2e+02 1.2e+02
 1.2e+02 1.2e+02 1.2e+02 1.2e+02 1.2e+02 1.2e+02 1.2e+02 1.2e+02 1.2e+02
 1.2e+02 1.2e+02 1.2e+02 1.2e+02 1.2e+02 1.2e+02 1.2e+02 1.2e+02 1.2e+02
 1.2e+02 1.2e+02 1.2e+02 1.2e+02 1.2e+02 1.2e+02 1.2e+02 1.2e+02 1.2e+02
 1.2e+02 1.2e+02 1.2e+02 1.2e+02 1.2e+02 1.2e+02 1.2e+02 1.2e+02 1.2e+02
 1.2e+02 1.2e+02 1.2e+02 1.2e+02 1.2e+02 1.2e+02 1.2e+02 1.2e+02 1.2e+02
 1.2e+02 1.2e+02 1.2e+02 1.2e+02 1.2e+02 1.2e+02 1.2e+02 1.2e+02 1.2e+02
 1.2e+02 1.2e+02 1.2e+02 1.2e+02 1.2e+02 1.2e+02 1.2e+02 1.2e+02 1.2e+02
 1.2e+02 1.2e+02 1.2e+02 1.2e+02 1.2e+02 1.2e+02 1.2e+02 1.2e+02 1.2e+02
 1.2e+02 1.2e+02 1.2e+02 1.2e+02 1.2e+02 1.2e+02 1.2e+02 1.2e+02 1.2e+02
 1.2e+02 1.2e+02 1.2e+02 1.2e+02 1.2e+02 1.2e+02 1.2e+02 1.2e+02 1.2e+02
 1.2e+02 1.2e+02 1.2e+02 1.2e+02 1.2e+02 1.2e+02 1.2e+02 1.2e+02 1.2e+02
 1.2e+02 1.2e+02 1.2e+02 1.2e+02 1.2e+02 1.2e+02 1.2e+02 1.2e+02 1.2e+02
 1.2e+02 1.2e+02 1.2e+02 1.2e+02 1.2e+02 1.2e+02 1.2e+02 1.2e+02 1.2e+02
 1.2e+02 1.2e+02 1.2e+02 1.2e+02 1.2e+02 1.2e+02 1.2e+02 1.2e+02 1.2e+02
 1.2e+02 1.2e+02 1.2e+02 1.2e+02 1.2e+02 1.2e+02 1.2e+02 1.2e+02 1.2e+02
 1.2e+02 1.2e+02 1.2e+02 1.2e+02 1.2e+02 1.2e+02 1.2e+02 1.2e+02 1.2e+02
 1.2e+02 1.2e+02 1.2e+02 1.2e+02 1.2e+02 1.2e+02 1.2e+02 1.2e+02 1.2e+02
 1.2e+02 1.2e+02 1.2e+02 1.2e+02 1.2e+02 1.2e+02 1.2e+02 1.2e+02 1.2e+02
 1.2e+02 1.2e+02 1.2e+02 1.2e+02 1.2e+02 1.2e+02 1.2e+02 1.2e+02 1.2e+02
 1.2e+02 1.2e+02 1.2e+02 1.2e+02 1.2e+02 1.2e+02 1.2e+02 1.2e+02 1.2e+02
 1.2e+02 1.2e+02 1.2e+02 1.2e+02 1.2e+02 1.2e+02 1.2e+02 1.2e+02 1.2e+02
 1.2e+02 1.2e+02 1.2e+02 1.2e+02 1.2e+02 1.2e+02 1.2e+02 1.2e+02 1.2e+02
 1.2e+02 1.2e+02 1.2e+02 1.2e+02 1.2e+02 1.2e+02 1.2e+02 1.2e+02 1.2e+02
 1.2e+02 1.2e+02 1.2e+02 1.2e+02 1.2e+02 1.2e+02 1.2e+02 1.2e+02 1.2e+02
 1.2e+02 1.2e+02 1.2e+02 1.2e+02 1.2e+02 1.2e+02 1.2e+02 1.2e+02 1.2e+02
 1.2e+02 1.2e+02 1.2e+02 1.2e+02 1.2e+02 1.2e+02 1.2e+02 1.2e+02 1.2e+02
 1.2e+02 1.2e+02 1.2e+02 1.2e+02 1.2e+02 1.2e+02 1.2e+02 1.2e+02 1.2e+02
 1.2e+02 1.2e+02 1.2e+02 1.2e+02 1.2e+02 1.2e+02 1.2e+02 1.2e+02 1.2e+02
 1.2e+02 1.2e+02 1.2e+02 1.2e+02 1.2e+02 1.2e+02 1.2e+02 1.2e+02 1.2e+02
 1.2e+02 1.2e+02 1.2e+02 1.2e+02 1.2e+02 1.2e+02 1.2e+02 1.2e+02 1.2e+02
 1.2e+02 1.2e+02 1.2e+02 1.2e+02 1.2e+02 1.2e+02 1.2e+02 1.2e+02 1.2e+02
 1.2e+02 1.2e+02 1.2e+02 1.2e+02 1.2e+02 1.2e+02 1.2e+02 1.2e+02 1.2e+02
 1.2e+02 1.2e+02 1.2e+02 1.2e+02 1.2e+02 1.2e+02 1.2e+02 1.2e+02 1.2e+02
 1.2e+02 1.2e+02 1.2e+02 1.2e+02 1.2e+02 1.2e+02 1.2e+02 1.2e+02 1.2e+02
 1.2e+02 1.2e+02 1.2e+02 1.2e+02 1.2e+02 1.2e+02 1.2e+02 1.2e+02 1.2e+02
 1.2e+02 1.2e+02 1.2e+02 1.2e+02 1.2e+02 1.2e+02 1.2e+02 1.2e+02 1.2e+02
 1.2e+02 1.2e+02 1.2e+02 1.2e+02 1.2e+02 1.2e+02 1.2e+02 1.2e+02 1.2e+02
 1.2e+02 1.2e+02 1.2e+02 1.2e+02 1.2e+02 1.2e+02 1.2e+02 1.2e+02 1.2e+02
 1.2e+02 1.2e+02 1.2e+02 1.2e+02 1.2e+02 1.2e+02 1.2e+02 1.2e+02 1.2e+02
 1.2e+02 1.2e+02 1.2e+02 1.2e+02 1.2e+02 1.2e+02 1.2e+02 1.2e+02 1.2e+02
 1.2e+02]
step_ratio_vec:,[0.1 0.1 0.1 0.1 0.1 0.1 0.1 0.1 0.1 0.1 0.1 0.1 0.1 0.1 0.1 0.1 0.1 0.1
 0.1 0.1 0.1 0.1 0.1 0.1 0.1 0.1 0.1 0.1 0.1 0.1 0.1 0.1 0.1 0.1 0.1 0.1
 0.1 0.1 0.1 0.1 0.1 0.1 0.1 0.1 0.1 0.1 0.1 0.1 0.1 0.1 0.1 0.1 0.1 0.1
 0.1 0.1 0.1 0.1 0.1 0.1 0.1 0.1 0.1 0.1 0.1 0.1 0.1 0.1 0.1 0.1 0.1 0.1
 0.1 0.1 0.1 0.1 0.1 0.1 0.1 0.1 0.1 0.1 0.1 0.1 0.1 0.1 0.1 0.1 0.1 0.1
 0.1 0.1 0.1 0.1 0.1 0.1 0.1 0.1 0.1 0.1 0.1 0.1 0.1 0.1 0.1 0.1 0.1 0.1
 0.1 0.1 0.1 0.1 0.1 0.1 0.1 0.1 0.1 0.1 0.1 0.1 0.1 0.1 0.1 0.1 0.1 0.1
 0.1 0.1 0.1 0.1 0.1 0.1 0.1 0.1 0.1 0.1 0.1 0.1 0.1 0.1 0.1 0.1 0.1 0.1
 0.1 0.1 0.1 0.1 0.1 0.1 0.1 0.1 0.1 0.1 0.1 0.1 0.1 0.1 0.1 0.1 0.1 0.1
 0.1 0.1 0.1 0.1 0.1 0.1 0.1 0.1 0.1 0.1 0.1 0.1 0.1 0.1 0.1 0.1 0.1 0.1
 0.1 0.1 0.1 0.1 0.1 0.1 0.1 0.1 0.1 0.1 0.1 0.1 0.1 0.1 0.1 0.1 0.1 0.1
 0.1 0.1 0.1 0.1 0.1 0.1 0.1 0.1 0.1 0.1 0.1 0.1 0.1 0.1 0.1 0.1 0.1 0.1
 0.1 0.1 0.1 0.1 0.1 0.1 0.1 0.1 0.1 0.1 0.1 0.1 0.1 0.1 0.1 0.1 0.1 0.1
 0.1 0.1 0.1 0.1 0.1 0.1 0.1 0.1 0.1 0.1 0.1 0.1 0.1 0.1 0.1 0.1 0.1 0.1
 0.1 0.1 0.1 0.1 0.1 0.1 0.1 0.1 0.1 0.1 0.1 0.1 0.1 0.1 0.1 0.1 0.1 0.1
 0.1 0.1 0.1 0.1 0.1 0.1 0.1 0.1 0.1 0.1 0.1 0.1 0.1 0.1 0.1 0.1 0.1 0.1
 0.1 0.1 0.1 0.1 0.1 0.1 0.1 0.1 0.1 0.1 0.1 0.1 0.1 0.1 0.1 0.1 0.1 0.1
 0.1 0.1 0.1 0.1 0.1 0.1 0.1 0.1 0.1 0.1 0.1 0.1 0.1 0.1 0.1 0.1 0.1 0.1
 0.1 0.1 0.1 0.1 0.1 0.1 0.1 0.1 0.1 0.1 0.1 0.1 0.1 0.1 0.1 0.1 0.1 0.1
 0.1 0.1 0.1 0.1 0.1 0.1 0.1 0.1 0.1 0.1 0.1 0.1 0.1 0.1 0.1 0.1 0.1 0.1
 0.1 0.1 0.1 0.1 0.1 0.1 0.1 0.1 0.1 0.1 0.1 0.1 0.1 0.1 0.1 0.1 0.1 0.1
 0.1 0.1 0.1 0.1 0.1 0.1 0.1 0.1 0.1 0.1 0.1 0.1 0.1 0.1 0.1 0.1 0.1 0.1
 0.1 0.1 0.1 0.1 0.1 0.1 0.1 0.1 0.1 0.1 0.1 0.1 0.1 0.1 0.1 0.1 0.1 0.1
 0.1]
swap interval:,100
sim interval:,[-1.1175e+08 -7.4500e+07 -3.7250e+07  0.0000e+00]
likelihood_sed (T/F):,True
erodep_coords:,[[ 0  3]
 [42 94]
 [42 95]
 ...
 [96 78]
 [96 79]
 [96 80]]
sed scaling factor:,1
samples_per_chain:,12
burnin:,0.35
num params:,415
initial_proposed_vec:,[ 1.52137352e+00  1.46385767e+00  1.54053554e+00  1.50088491e+00
  8.75365786e-07  5.00868821e-01  8.07819338e-01  3.45514845e-03
  1.26771420e-03  1.00867693e-03  5.75241034e-01  5.68628328e+00
  2.40012735e+04  5.64592926e+00  9.31602711e-03  5.42444793e+02
 -3.48675422e+02  4.37545677e+02  4.04814346e+02 -2.74667792e+02
 -4.49839986e+02 -5.50045390e+02  4.19117699e+02 -4.79655016e+01
 -3.76447364e+02  3.88054253e+02  9.35212500e+01 -1.00142302e+02
  3.66906432e+02 -5.23043257e+02  2.14005403e+02  1.82277086e+02
 -1.53458445e+02  4.18751460e+02  3.41307595e+02 -1.15994239e+02
  5.96942561e+02 -4.89490942e+01 -5.09703033e+02  5.83561270e+02
 -2.41797179e+02  4.96454397e+02  2.95839597e+01  2.19219600e+02
 -4.41418904e+02  1.58524613e+02  4.87228620e+02  1.34843764e+02
  4.35319671e+02  4.81162070e+02  3.88740395e+02  3.72984997e+02
 -3.19887143e+02  3.27929748e+02  3.62283775e+01 -5.59972468e+02
  1.57593754e+02 -6.84305405e+01  3.57937877e+02 -3.41467362e+02
  2.39654289e+02  4.06483172e+02 -3.91754416e+02 -5.41262707e+02
 -4.85457660e+02 -2.53698394e+02  4.10233417e+02 -1.34738113e+02
  3.65964074e+02 -3.97735320e+02  2.67968486e+02  4.44859010e+02
  2.52028384e+02 -5.33785361e+02  5.72056612e+02  4.15708067e+02
  1.40299833e+02 -2.90289458e+02 -1.29694387e+02 -3.07617596e+02
 -5.34517308e+02  1.69747047e+02  4.81600599e+02  1.04140577e+01
  1.47831755e+02  2.85910420e+02 -2.77128957e+02  1.33170908e+02
 -2.61113948e+02  2.96468385e+02 -2.79628470e+02 -3.35574914e+02
 -2.02668765e+02 -5.71737453e+01  2.91555827e+02  3.77372310e+02
  5.52413398e+01  4.63601824e+02 -5.93680677e+02 -4.74010014e+02
 -1.04014643e+02  8.01778564e+01 -2.43777643e+02  3.94239880e+02
  1.04970556e+02 -5.20190032e+02  5.25521591e+02  5.63432975e+02
  5.31779016e+02  2.30647246e+01  2.85894638e+02  4.53137656e+02
 -4.11634245e+02 -1.76416066e+02 -3.94967239e+02  5.31412088e+02
  3.62160325e+02  3.25734877e+02  1.28108542e+02  2.86006916e+02
  3.94007607e+02 -2.54928803e+02 -5.19142008e+02  1.40416069e+02
 -4.38211995e+02  3.80419552e+02  1.86074741e+02 -2.72091754e+02
 -3.99506612e+01 -1.98704171e+02  5.87937439e+02  6.57789972e+01
 -2.20195153e+01 -4.73294923e+02 -3.32109386e+02 -5.49330195e+02
 -5.18557767e+02 -5.56044280e+01  4.20454428e+02 -4.24642174e+02
 -7.04623538e+01  2.88510544e+02 -4.41057174e+02 -5.52316104e+02
 -4.89733913e+02  4.84870788e+02  5.03941988e+02  5.22543400e+02
 -5.99084500e+02 -5.98595486e+02 -5.40118657e+02 -5.33639960e+02
 -3.03452183e+02 -5.81156129e+02 -4.72546724e+02 -1.91450867e+02
 -4.68303604e+01  2.54675825e+02  1.61383279e+02 -4.96479133e+02
 -1.42844984e+02 -2.98499560e+02  3.43125070e+02 -3.70163948e+02
  5.15660662e+02  3.32549132e+02  4.83529131e+02 -1.98786675e+02
 -1.50584173e+02  3.05767950e+02  4.53047419e+02  2.29553124e+02
 -2.52855094e+02 -2.17143328e+02 -5.13521518e+02  3.47799725e+02
 -3.70122192e+01  1.19227652e+02 -4.72325355e+02  4.37455844e+02
  3.16458643e+02 -2.34395282e+02  4.56436654e+02 -9.13977136e+01
 -3.38675816e+02 -8.51393003e+01 -4.55074865e+02  4.28119220e+02
  3.16507822e+02 -4.10652345e+02 -4.33522696e+02  1.43123775e+01
  3.68937133e+02 -4.62224999e+01 -2.11330694e+02 -4.80797574e+02
 -4.87661638e+02 -4.18875514e+02 -3.77602463e+02  1.30068977e+02
 -9.20524917e+01  6.62193196e+01 -3.25973033e+02  3.04108641e+02
  2.79606751e+02  8.40639716e+00 -2.67130829e+02 -4.08491422e+02
 -4.23194428e+02 -1.69995836e+02  3.20888797e+02 -3.76202907e+02
  4.63572011e+02  2.70634095e+02 -5.48069835e+02 -3.77917407e+02
 -4.70158842e+02  2.28768590e+02 -7.17402705e+01  3.84915300e+02
 -6.92882507e+01  3.71212794e+02 -3.09547797e+02  4.82495262e+02
  5.02476578e+02  1.45162030e+02  1.69464917e+02  5.04470410e+02
 -4.59667504e+01  2.34634266e+02 -4.03670943e+02 -3.04816005e+02
  2.19585892e+02 -2.38446862e+00  2.70971478e+02  3.51313526e+02
 -3.03144656e+02 -4.04667851e+02 -3.35216570e+02  3.50163644e+02
  4.13876331e+02 -4.46026161e+02 -5.02519046e+02 -3.27663208e+02
 -5.48228695e+02  1.60703224e+02  5.76170608e+02 -3.28897750e+02
  3.20227728e+02 -4.91285812e+02 -3.98593371e+02  3.03293429e+02
 -2.88296630e+01  3.92595932e+02 -5.66676008e+02  3.81724613e+02
  7.99273057e+01 -3.09073931e+02 -5.25323484e+02 -5.05636971e+02
 -4.53605481e+02 -2.20664832e+01  1.38304579e+02 -3.01776029e+02
  4.81065057e+02 -3.46226469e+02 -4.66913244e+02 -5.13363040e+00
 -5.32526023e+02 -5.55350461e+02 -4.86950241e+02 -5.70322272e+01
  1.44162985e+02  1.08286246e+02  2.17315393e+02 -3.32584627e+02
  2.91496858e+02  4.35433816e+02 -2.60765766e+01 -3.78505724e+01
 -2.59661139e+02  4.87477555e+01  4.38733979e+02  5.50901231e+02
  4.57524018e+02 -9.01185204e+01 -1.66004652e+02  4.79884320e+02
  1.12772693e+02  5.64916113e+02 -3.70200345e+02 -3.92106143e+02
  4.20731065e+02 -2.94674458e+02 -1.54098284e+02 -1.91491093e+02
 -2.97480632e+02  3.24499750e+02  9.45672285e+01 -5.13920028e+02
  4.56216195e-01 -5.70325353e+02 -3.46470665e+02  8.89765940e+01
  5.35972267e+02 -1.16002908e+02  2.38671776e+02  1.61740775e+02
  3.20749146e+02  1.03229660e+01  2.81668423e+02 -2.80726467e+01
  2.37271053e+02  5.51331538e+02 -5.97099288e+02 -9.91170131e+01
  5.08290775e+02 -5.37199321e+02 -8.83360343e+01  1.84207150e+02
  1.88933376e+02 -3.70349749e+02 -1.87882895e+02 -3.68598884e+02
  2.46667008e+02 -4.14573952e+02  7.77473058e+00 -2.37220719e+02
 -4.91658301e+02 -3.45297264e+02 -2.00633280e+02  5.71041499e+02
  3.68711588e+01 -5.64467397e+02 -2.34525596e+02  2.25702238e+02
  7.69176170e+01  8.81667083e+01 -3.56515246e+01  5.31104189e+02
 -4.81899234e+01 -3.78665834e+02  4.84950344e+02  4.21967541e+02
 -9.40890729e+01  5.31456108e+02 -5.21980679e+02  4.62058319e+02
  5.51190892e-01 -5.39565088e+02 -1.15807017e+02 -2.43315490e+02
 -4.24443831e+02  3.56336209e+01  1.01787583e+02  1.15607472e+02
  9.40882294e+01 -6.04599758e+01  1.77809380e+02 -4.54109712e+02
  1.41209970e+02  4.15767907e+02  7.43841723e+00  2.78328372e+02
 -5.09816375e+02  1.59362484e+02  3.69011913e+02  4.50196335e+02
 -3.78136836e+01  2.96139085e+02  3.93637795e+02 -2.28102087e+02
  5.30317484e+02 -5.73420313e+02 -5.31528763e+01  2.21370802e+01
  3.39692168e+02 -5.43833222e+02  4.70959513e+02  3.23519005e+01
  8.43180744e+01 -1.22574695e+02 -3.23848025e+02  9.43771314e+01
 -4.33887593e+02 -1.68836349e+02  1.55797213e+02  4.07392114e+02
  1.51148855e+02 -4.14071095e+02 -4.86143231e+02  4.05877234e+01
 -4.60246806e+01  7.14383940e+01  9.41388088e+01  5.49945048e+02
  1.46528506e+02  3.74384896e+02  5.29412377e+02  2.53664865e+02
 -3.21616607e+02  5.45529859e+02  5.13735693e+02 -3.69086310e+02
  1.14240586e+02 -4.26008911e+02  2.96438849e+02  4.96436155e+02
 -5.32647987e+02 -4.39806883e+02 -3.24162757e+01  4.65418745e+02
 -3.54936109e+02 -2.25043807e+02 -4.41098764e+02]
stepsize_vec:,[1.0e-02 1.0e-02 1.0e-02 1.0e-02 4.0e-08 5.0e-03 4.0e-02 3.0e-04 1.2e-04
 4.0e-05 2.0e-02 2.0e-01 1.0e-01 2.0e-01 1.5e-03 1.2e+02 1.2e+02 1.2e+02
 1.2e+02 1.2e+02 1.2e+02 1.2e+02 1.2e+02 1.2e+02 1.2e+02 1.2e+02 1.2e+02
 1.2e+02 1.2e+02 1.2e+02 1.2e+02 1.2e+02 1.2e+02 1.2e+02 1.2e+02 1.2e+02
 1.2e+02 1.2e+02 1.2e+02 1.2e+02 1.2e+02 1.2e+02 1.2e+02 1.2e+02 1.2e+02
 1.2e+02 1.2e+02 1.2e+02 1.2e+02 1.2e+02 1.2e+02 1.2e+02 1.2e+02 1.2e+02
 1.2e+02 1.2e+02 1.2e+02 1.2e+02 1.2e+02 1.2e+02 1.2e+02 1.2e+02 1.2e+02
 1.2e+02 1.2e+02 1.2e+02 1.2e+02 1.2e+02 1.2e+02 1.2e+02 1.2e+02 1.2e+02
 1.2e+02 1.2e+02 1.2e+02 1.2e+02 1.2e+02 1.2e+02 1.2e+02 1.2e+02 1.2e+02
 1.2e+02 1.2e+02 1.2e+02 1.2e+02 1.2e+02 1.2e+02 1.2e+02 1.2e+02 1.2e+02
 1.2e+02 1.2e+02 1.2e+02 1.2e+02 1.2e+02 1.2e+02 1.2e+02 1.2e+02 1.2e+02
 1.2e+02 1.2e+02 1.2e+02 1.2e+02 1.2e+02 1.2e+02 1.2e+02 1.2e+02 1.2e+02
 1.2e+02 1.2e+02 1.2e+02 1.2e+02 1.2e+02 1.2e+02 1.2e+02 1.2e+02 1.2e+02
 1.2e+02 1.2e+02 1.2e+02 1.2e+02 1.2e+02 1.2e+02 1.2e+02 1.2e+02 1.2e+02
 1.2e+02 1.2e+02 1.2e+02 1.2e+02 1.2e+02 1.2e+02 1.2e+02 1.2e+02 1.2e+02
 1.2e+02 1.2e+02 1.2e+02 1.2e+02 1.2e+02 1.2e+02 1.2e+02 1.2e+02 1.2e+02
 1.2e+02 1.2e+02 1.2e+02 1.2e+02 1.2e+02 1.2e+02 1.2e+02 1.2e+02 1.2e+02
 1.2e+02 1.2e+02 1.2e+02 1.2e+02 1.2e+02 1.2e+02 1.2e+02 1.2e+02 1.2e+02
 1.2e+02 1.2e+02 1.2e+02 1.2e+02 1.2e+02 1.2e+02 1.2e+02 1.2e+02 1.2e+02
 1.2e+02 1.2e+02 1.2e+02 1.2e+02 1.2e+02 1.2e+02 1.2e+02 1.2e+02 1.2e+02
 1.2e+02 1.2e+02 1.2e+02 1.2e+02 1.2e+02 1.2e+02 1.2e+02 1.2e+02 1.2e+02
 1.2e+02 1.2e+02 1.2e+02 1.2e+02 1.2e+02 1.2e+02 1.2e+02 1.2e+02 1.2e+02
 1.2e+02 1.2e+02 1.2e+02 1.2e+02 1.2e+02 1.2e+02 1.2e+02 1.2e+02 1.2e+02
 1.2e+02 1.2e+02 1.2e+02 1.2e+02 1.2e+02 1.2e+02 1.2e+02 1.2e+02 1.2e+02
 1.2e+02 1.2e+02 1.2e+02 1.2e+02 1.2e+02 1.2e+02 1.2e+02 1.2e+02 1.2e+02
 1.2e+02 1.2e+02 1.2e+02 1.2e+02 1.2e+02 1.2e+02 1.2e+02 1.2e+02 1.2e+02
 1.2e+02 1.2e+02 1.2e+02 1.2e+02 1.2e+02 1.2e+02 1.2e+02 1.2e+02 1.2e+02
 1.2e+02 1.2e+02 1.2e+02 1.2e+02 1.2e+02 1.2e+02 1.2e+02 1.2e+02 1.2e+02
 1.2e+02 1.2e+02 1.2e+02 1.2e+02 1.2e+02 1.2e+02 1.2e+02 1.2e+02 1.2e+02
 1.2e+02 1.2e+02 1.2e+02 1.2e+02 1.2e+02 1.2e+02 1.2e+02 1.2e+02 1.2e+02
 1.2e+02 1.2e+02 1.2e+02 1.2e+02 1.2e+02 1.2e+02 1.2e+02 1.2e+02 1.2e+02
 1.2e+02 1.2e+02 1.2e+02 1.2e+02 1.2e+02 1.2e+02 1.2e+02 1.2e+02 1.2e+02
 1.2e+02 1.2e+02 1.2e+02 1.2e+02 1.2e+02 1.2e+02 1.2e+02 1.2e+02 1.2e+02
 1.2e+02 1.2e+02 1.2e+02 1.2e+02 1.2e+02 1.2e+02 1.2e+02 1.2e+02 1.2e+02
 1.2e+02 1.2e+02 1.2e+02 1.2e+02 1.2e+02 1.2e+02 1.2e+02 1.2e+02 1.2e+02
 1.2e+02 1.2e+02 1.2e+02 1.2e+02 1.2e+02 1.2e+02 1.2e+02 1.2e+02 1.2e+02
 1.2e+02 1.2e+02 1.2e+02 1.2e+02 1.2e+02 1.2e+02 1.2e+02 1.2e+02 1.2e+02
 1.2e+02 1.2e+02 1.2e+02 1.2e+02 1.2e+02 1.2e+02 1.2e+02 1.2e+02 1.2e+02
 1.2e+02 1.2e+02 1.2e+02 1.2e+02 1.2e+02 1.2e+02 1.2e+02 1.2e+02 1.2e+02
 1.2e+02 1.2e+02 1.2e+02 1.2e+02 1.2e+02 1.2e+02 1.2e+02 1.2e+02 1.2e+02
 1.2e+02 1.2e+02 1.2e+02 1.2e+02 1.2e+02 1.2e+02 1.2e+02 1.2e+02 1.2e+02
 1.2e+02 1.2e+02 1.2e+02 1.2e+02 1.2e+02 1.2e+02 1.2e+02 1.2e+02 1.2e+02
 1.2e+02 1.2e+02 1.2e+02 1.2e+02 1.2e+02 1.2e+02 1.2e+02 1.2e+02 1.2e+02
 1.2e+02 1.2e+02 1.2e+02 1.2e+02 1.2e+02 1.2e+02 1.2e+02 1.2e+02 1.2e+02
 1.2e+02 1.2e+02 1.2e+02 1.2e+02 1.2e+02 1.2e+02 1.2e+02 1.2e+02 1.2e+02
 1.2e+02 1.2e+02 1.2e+02 1.2e+02 1.2e+02 1.2e+02 1.2e+02 1.2e+02 1.2e+02
 1.2e+02]
step_ratio_vec:,[0.1 0.1 0.1 0.1 0.1 0.1 0.1 0.1 0.1 0.1 0.1 0.1 0.1 0.1 0.1 0.1 0.1 0.1
 0.1 0.1 0.1 0.1 0.1 0.1 0.1 0.1 0.1 0.1 0.1 0.1 0.1 0.1 0.1 0.1 0.1 0.1
 0.1 0.1 0.1 0.1 0.1 0.1 0.1 0.1 0.1 0.1 0.1 0.1 0.1 0.1 0.1 0.1 0.1 0.1
 0.1 0.1 0.1 0.1 0.1 0.1 0.1 0.1 0.1 0.1 0.1 0.1 0.1 0.1 0.1 0.1 0.1 0.1
 0.1 0.1 0.1 0.1 0.1 0.1 0.1 0.1 0.1 0.1 0.1 0.1 0.1 0.1 0.1 0.1 0.1 0.1
 0.1 0.1 0.1 0.1 0.1 0.1 0.1 0.1 0.1 0.1 0.1 0.1 0.1 0.1 0.1 0.1 0.1 0.1
 0.1 0.1 0.1 0.1 0.1 0.1 0.1 0.1 0.1 0.1 0.1 0.1 0.1 0.1 0.1 0.1 0.1 0.1
 0.1 0.1 0.1 0.1 0.1 0.1 0.1 0.1 0.1 0.1 0.1 0.1 0.1 0.1 0.1 0.1 0.1 0.1
 0.1 0.1 0.1 0.1 0.1 0.1 0.1 0.1 0.1 0.1 0.1 0.1 0.1 0.1 0.1 0.1 0.1 0.1
 0.1 0.1 0.1 0.1 0.1 0.1 0.1 0.1 0.1 0.1 0.1 0.1 0.1 0.1 0.1 0.1 0.1 0.1
 0.1 0.1 0.1 0.1 0.1 0.1 0.1 0.1 0.1 0.1 0.1 0.1 0.1 0.1 0.1 0.1 0.1 0.1
 0.1 0.1 0.1 0.1 0.1 0.1 0.1 0.1 0.1 0.1 0.1 0.1 0.1 0.1 0.1 0.1 0.1 0.1
 0.1 0.1 0.1 0.1 0.1 0.1 0.1 0.1 0.1 0.1 0.1 0.1 0.1 0.1 0.1 0.1 0.1 0.1
 0.1 0.1 0.1 0.1 0.1 0.1 0.1 0.1 0.1 0.1 0.1 0.1 0.1 0.1 0.1 0.1 0.1 0.1
 0.1 0.1 0.1 0.1 0.1 0.1 0.1 0.1 0.1 0.1 0.1 0.1 0.1 0.1 0.1 0.1 0.1 0.1
 0.1 0.1 0.1 0.1 0.1 0.1 0.1 0.1 0.1 0.1 0.1 0.1 0.1 0.1 0.1 0.1 0.1 0.1
 0.1 0.1 0.1 0.1 0.1 0.1 0.1 0.1 0.1 0.1 0.1 0.1 0.1 0.1 0.1 0.1 0.1 0.1
 0.1 0.1 0.1 0.1 0.1 0.1 0.1 0.1 0.1 0.1 0.1 0.1 0.1 0.1 0.1 0.1 0.1 0.1
 0.1 0.1 0.1 0.1 0.1 0.1 0.1 0.1 0.1 0.1 0.1 0.1 0.1 0.1 0.1 0.1 0.1 0.1
 0.1 0.1 0.1 0.1 0.1 0.1 0.1 0.1 0.1 0.1 0.1 0.1 0.1 0.1 0.1 0.1 0.1 0.1
 0.1 0.1 0.1 0.1 0.1 0.1 0.1 0.1 0.1 0.1 0.1 0.1 0.1 0.1 0.1 0.1 0.1 0.1
 0.1 0.1 0.1 0.1 0.1 0.1 0.1 0.1 0.1 0.1 0.1 0.1 0.1 0.1 0.1 0.1 0.1 0.1
 0.1 0.1 0.1 0.1 0.1 0.1 0.1 0.1 0.1 0.1 0.1 0.1 0.1 0.1 0.1 0.1 0.1 0.1
 0.1]
swap interval:,100
sim interval:,[-1.1175e+08 -7.4500e+07 -3.7250e+07  0.0000e+00]
likelihood_sed (T/F):,True
erodep_coords:,[[ 0  3]
 [42 94]
 [42 95]
 ...
 [96 78]
 [96 79]
 [96 80]]
sed scaling factor:,1
samples_per_chain:,12
burnin:,0.35
num params:,415
initial_proposed_vec:,[ 1.52137352e+00  1.46385767e+00  1.54053554e+00  1.50088491e+00
  8.75365786e-07  5.00868821e-01  8.07819338e-01  3.45514845e-03
  1.26771420e-03  1.00867693e-03  5.75241034e-01  5.68628328e+00
  2.40012735e+04  5.64592926e+00  9.31602711e-03  5.42444793e+02
 -3.48675422e+02  4.37545677e+02  4.04814346e+02 -2.74667792e+02
 -4.49839986e+02 -5.50045390e+02  4.19117699e+02 -4.79655016e+01
 -3.76447364e+02  3.88054253e+02  9.35212500e+01 -1.00142302e+02
  3.66906432e+02 -5.23043257e+02  2.14005403e+02  1.82277086e+02
 -1.53458445e+02  4.18751460e+02  3.41307595e+02 -1.15994239e+02
  5.96942561e+02 -4.89490942e+01 -5.09703033e+02  5.83561270e+02
 -2.41797179e+02  4.96454397e+02  2.95839597e+01  2.19219600e+02
 -4.41418904e+02  1.58524613e+02  4.87228620e+02  1.34843764e+02
  4.35319671e+02  4.81162070e+02  3.88740395e+02  3.72984997e+02
 -3.19887143e+02  3.27929748e+02  3.62283775e+01 -5.59972468e+02
  1.57593754e+02 -6.84305405e+01  3.57937877e+02 -3.41467362e+02
  2.39654289e+02  4.06483172e+02 -3.91754416e+02 -5.41262707e+02
 -4.85457660e+02 -2.53698394e+02  4.10233417e+02 -1.34738113e+02
  3.65964074e+02 -3.97735320e+02  2.67968486e+02  4.44859010e+02
  2.52028384e+02 -5.33785361e+02  5.72056612e+02  4.15708067e+02
  1.40299833e+02 -2.90289458e+02 -1.29694387e+02 -3.07617596e+02
 -5.34517308e+02  1.69747047e+02  4.81600599e+02  1.04140577e+01
  1.47831755e+02  2.85910420e+02 -2.77128957e+02  1.33170908e+02
 -2.61113948e+02  2.96468385e+02 -2.79628470e+02 -3.35574914e+02
 -2.02668765e+02 -5.71737453e+01  2.91555827e+02  3.77372310e+02
  5.52413398e+01  4.63601824e+02 -5.93680677e+02 -4.74010014e+02
 -1.04014643e+02  8.01778564e+01 -2.43777643e+02  3.94239880e+02
  1.04970556e+02 -5.20190032e+02  5.25521591e+02  5.63432975e+02
  5.31779016e+02  2.30647246e+01  2.85894638e+02  4.53137656e+02
 -4.11634245e+02 -1.76416066e+02 -3.94967239e+02  5.31412088e+02
  3.62160325e+02  3.25734877e+02  1.28108542e+02  2.86006916e+02
  3.94007607e+02 -2.54928803e+02 -5.19142008e+02  1.40416069e+02
 -4.38211995e+02  3.80419552e+02  1.86074741e+02 -2.72091754e+02
 -3.99506612e+01 -1.98704171e+02  5.87937439e+02  6.57789972e+01
 -2.20195153e+01 -4.73294923e+02 -3.32109386e+02 -5.49330195e+02
 -5.18557767e+02 -5.56044280e+01  4.20454428e+02 -4.24642174e+02
 -7.04623538e+01  2.88510544e+02 -4.41057174e+02 -5.52316104e+02
 -4.89733913e+02  4.84870788e+02  5.03941988e+02  5.22543400e+02
 -5.99084500e+02 -5.98595486e+02 -5.40118657e+02 -5.33639960e+02
 -3.03452183e+02 -5.81156129e+02 -4.72546724e+02 -1.91450867e+02
 -4.68303604e+01  2.54675825e+02  1.61383279e+02 -4.96479133e+02
 -1.42844984e+02 -2.98499560e+02  3.43125070e+02 -3.70163948e+02
  5.15660662e+02  3.32549132e+02  4.83529131e+02 -1.98786675e+02
 -1.50584173e+02  3.05767950e+02  4.53047419e+02  2.29553124e+02
 -2.52855094e+02 -2.17143328e+02 -5.13521518e+02  3.47799725e+02
 -3.70122192e+01  1.19227652e+02 -4.72325355e+02  4.37455844e+02
  3.16458643e+02 -2.34395282e+02  4.56436654e+02 -9.13977136e+01
 -3.38675816e+02 -8.51393003e+01 -4.55074865e+02  4.28119220e+02
  3.16507822e+02 -4.10652345e+02 -4.33522696e+02  1.43123775e+01
  3.68937133e+02 -4.62224999e+01 -2.11330694e+02 -4.80797574e+02
 -4.87661638e+02 -4.18875514e+02 -3.77602463e+02  1.30068977e+02
 -9.20524917e+01  6.62193196e+01 -3.25973033e+02  3.04108641e+02
  2.79606751e+02  8.40639716e+00 -2.67130829e+02 -4.08491422e+02
 -4.23194428e+02 -1.69995836e+02  3.20888797e+02 -3.76202907e+02
  4.63572011e+02  2.70634095e+02 -5.48069835e+02 -3.77917407e+02
 -4.70158842e+02  2.28768590e+02 -7.17402705e+01  3.84915300e+02
 -6.92882507e+01  3.71212794e+02 -3.09547797e+02  4.82495262e+02
  5.02476578e+02  1.45162030e+02  1.69464917e+02  5.04470410e+02
 -4.59667504e+01  2.34634266e+02 -4.03670943e+02 -3.04816005e+02
  2.19585892e+02 -2.38446862e+00  2.70971478e+02  3.51313526e+02
 -3.03144656e+02 -4.04667851e+02 -3.35216570e+02  3.50163644e+02
  4.13876331e+02 -4.46026161e+02 -5.02519046e+02 -3.27663208e+02
 -5.48228695e+02  1.60703224e+02  5.76170608e+02 -3.28897750e+02
  3.20227728e+02 -4.91285812e+02 -3.98593371e+02  3.03293429e+02
 -2.88296630e+01  3.92595932e+02 -5.66676008e+02  3.81724613e+02
  7.99273057e+01 -3.09073931e+02 -5.25323484e+02 -5.05636971e+02
 -4.53605481e+02 -2.20664832e+01  1.38304579e+02 -3.01776029e+02
  4.81065057e+02 -3.46226469e+02 -4.66913244e+02 -5.13363040e+00
 -5.32526023e+02 -5.55350461e+02 -4.86950241e+02 -5.70322272e+01
  1.44162985e+02  1.08286246e+02  2.17315393e+02 -3.32584627e+02
  2.91496858e+02  4.35433816e+02 -2.60765766e+01 -3.78505724e+01
 -2.59661139e+02  4.87477555e+01  4.38733979e+02  5.50901231e+02
  4.57524018e+02 -9.01185204e+01 -1.66004652e+02  4.79884320e+02
  1.12772693e+02  5.64916113e+02 -3.70200345e+02 -3.92106143e+02
  4.20731065e+02 -2.94674458e+02 -1.54098284e+02 -1.91491093e+02
 -2.97480632e+02  3.24499750e+02  9.45672285e+01 -5.13920028e+02
  4.56216195e-01 -5.70325353e+02 -3.46470665e+02  8.89765940e+01
  5.35972267e+02 -1.16002908e+02  2.38671776e+02  1.61740775e+02
  3.20749146e+02  1.03229660e+01  2.81668423e+02 -2.80726467e+01
  2.37271053e+02  5.51331538e+02 -5.97099288e+02 -9.91170131e+01
  5.08290775e+02 -5.37199321e+02 -8.83360343e+01  1.84207150e+02
  1.88933376e+02 -3.70349749e+02 -1.87882895e+02 -3.68598884e+02
  2.46667008e+02 -4.14573952e+02  7.77473058e+00 -2.37220719e+02
 -4.91658301e+02 -3.45297264e+02 -2.00633280e+02  5.71041499e+02
  3.68711588e+01 -5.64467397e+02 -2.34525596e+02  2.25702238e+02
  7.69176170e+01  8.81667083e+01 -3.56515246e+01  5.31104189e+02
 -4.81899234e+01 -3.78665834e+02  4.84950344e+02  4.21967541e+02
 -9.40890729e+01  5.31456108e+02 -5.21980679e+02  4.62058319e+02
  5.51190892e-01 -5.39565088e+02 -1.15807017e+02 -2.43315490e+02
 -4.24443831e+02  3.56336209e+01  1.01787583e+02  1.15607472e+02
  9.40882294e+01 -6.04599758e+01  1.77809380e+02 -4.54109712e+02
  1.41209970e+02  4.15767907e+02  7.43841723e+00  2.78328372e+02
 -5.09816375e+02  1.59362484e+02  3.69011913e+02  4.50196335e+02
 -3.78136836e+01  2.96139085e+02  3.93637795e+02 -2.28102087e+02
  5.30317484e+02 -5.73420313e+02 -5.31528763e+01  2.21370802e+01
  3.39692168e+02 -5.43833222e+02  4.70959513e+02  3.23519005e+01
  8.43180744e+01 -1.22574695e+02 -3.23848025e+02  9.43771314e+01
 -4.33887593e+02 -1.68836349e+02  1.55797213e+02  4.07392114e+02
  1.51148855e+02 -4.14071095e+02 -4.86143231e+02  4.05877234e+01
 -4.60246806e+01  7.14383940e+01  9.41388088e+01  5.49945048e+02
  1.46528506e+02  3.74384896e+02  5.29412377e+02  2.53664865e+02
 -3.21616607e+02  5.45529859e+02  5.13735693e+02 -3.69086310e+02
  1.14240586e+02 -4.26008911e+02  2.96438849e+02  4.96436155e+02
 -5.32647987e+02 -4.39806883e+02 -3.24162757e+01  4.65418745e+02
 -3.54936109e+02 -2.25043807e+02 -4.41098764e+02]
stepsize_vec:,[1.0e-02 1.0e-02 1.0e-02 1.0e-02 4.0e-08 5.0e-03 4.0e-02 3.0e-04 1.2e-04
 4.0e-05 2.0e-02 2.0e-01 1.0e-01 2.0e-01 1.5e-03 1.2e+02 1.2e+02 1.2e+02
 1.2e+02 1.2e+02 1.2e+02 1.2e+02 1.2e+02 1.2e+02 1.2e+02 1.2e+02 1.2e+02
 1.2e+02 1.2e+02 1.2e+02 1.2e+02 1.2e+02 1.2e+02 1.2e+02 1.2e+02 1.2e+02
 1.2e+02 1.2e+02 1.2e+02 1.2e+02 1.2e+02 1.2e+02 1.2e+02 1.2e+02 1.2e+02
 1.2e+02 1.2e+02 1.2e+02 1.2e+02 1.2e+02 1.2e+02 1.2e+02 1.2e+02 1.2e+02
 1.2e+02 1.2e+02 1.2e+02 1.2e+02 1.2e+02 1.2e+02 1.2e+02 1.2e+02 1.2e+02
 1.2e+02 1.2e+02 1.2e+02 1.2e+02 1.2e+02 1.2e+02 1.2e+02 1.2e+02 1.2e+02
 1.2e+02 1.2e+02 1.2e+02 1.2e+02 1.2e+02 1.2e+02 1.2e+02 1.2e+02 1.2e+02
 1.2e+02 1.2e+02 1.2e+02 1.2e+02 1.2e+02 1.2e+02 1.2e+02 1.2e+02 1.2e+02
 1.2e+02 1.2e+02 1.2e+02 1.2e+02 1.2e+02 1.2e+02 1.2e+02 1.2e+02 1.2e+02
 1.2e+02 1.2e+02 1.2e+02 1.2e+02 1.2e+02 1.2e+02 1.2e+02 1.2e+02 1.2e+02
 1.2e+02 1.2e+02 1.2e+02 1.2e+02 1.2e+02 1.2e+02 1.2e+02 1.2e+02 1.2e+02
 1.2e+02 1.2e+02 1.2e+02 1.2e+02 1.2e+02 1.2e+02 1.2e+02 1.2e+02 1.2e+02
 1.2e+02 1.2e+02 1.2e+02 1.2e+02 1.2e+02 1.2e+02 1.2e+02 1.2e+02 1.2e+02
 1.2e+02 1.2e+02 1.2e+02 1.2e+02 1.2e+02 1.2e+02 1.2e+02 1.2e+02 1.2e+02
 1.2e+02 1.2e+02 1.2e+02 1.2e+02 1.2e+02 1.2e+02 1.2e+02 1.2e+02 1.2e+02
 1.2e+02 1.2e+02 1.2e+02 1.2e+02 1.2e+02 1.2e+02 1.2e+02 1.2e+02 1.2e+02
 1.2e+02 1.2e+02 1.2e+02 1.2e+02 1.2e+02 1.2e+02 1.2e+02 1.2e+02 1.2e+02
 1.2e+02 1.2e+02 1.2e+02 1.2e+02 1.2e+02 1.2e+02 1.2e+02 1.2e+02 1.2e+02
 1.2e+02 1.2e+02 1.2e+02 1.2e+02 1.2e+02 1.2e+02 1.2e+02 1.2e+02 1.2e+02
 1.2e+02 1.2e+02 1.2e+02 1.2e+02 1.2e+02 1.2e+02 1.2e+02 1.2e+02 1.2e+02
 1.2e+02 1.2e+02 1.2e+02 1.2e+02 1.2e+02 1.2e+02 1.2e+02 1.2e+02 1.2e+02
 1.2e+02 1.2e+02 1.2e+02 1.2e+02 1.2e+02 1.2e+02 1.2e+02 1.2e+02 1.2e+02
 1.2e+02 1.2e+02 1.2e+02 1.2e+02 1.2e+02 1.2e+02 1.2e+02 1.2e+02 1.2e+02
 1.2e+02 1.2e+02 1.2e+02 1.2e+02 1.2e+02 1.2e+02 1.2e+02 1.2e+02 1.2e+02
 1.2e+02 1.2e+02 1.2e+02 1.2e+02 1.2e+02 1.2e+02 1.2e+02 1.2e+02 1.2e+02
 1.2e+02 1.2e+02 1.2e+02 1.2e+02 1.2e+02 1.2e+02 1.2e+02 1.2e+02 1.2e+02
 1.2e+02 1.2e+02 1.2e+02 1.2e+02 1.2e+02 1.2e+02 1.2e+02 1.2e+02 1.2e+02
 1.2e+02 1.2e+02 1.2e+02 1.2e+02 1.2e+02 1.2e+02 1.2e+02 1.2e+02 1.2e+02
 1.2e+02 1.2e+02 1.2e+02 1.2e+02 1.2e+02 1.2e+02 1.2e+02 1.2e+02 1.2e+02
 1.2e+02 1.2e+02 1.2e+02 1.2e+02 1.2e+02 1.2e+02 1.2e+02 1.2e+02 1.2e+02
 1.2e+02 1.2e+02 1.2e+02 1.2e+02 1.2e+02 1.2e+02 1.2e+02 1.2e+02 1.2e+02
 1.2e+02 1.2e+02 1.2e+02 1.2e+02 1.2e+02 1.2e+02 1.2e+02 1.2e+02 1.2e+02
 1.2e+02 1.2e+02 1.2e+02 1.2e+02 1.2e+02 1.2e+02 1.2e+02 1.2e+02 1.2e+02
 1.2e+02 1.2e+02 1.2e+02 1.2e+02 1.2e+02 1.2e+02 1.2e+02 1.2e+02 1.2e+02
 1.2e+02 1.2e+02 1.2e+02 1.2e+02 1.2e+02 1.2e+02 1.2e+02 1.2e+02 1.2e+02
 1.2e+02 1.2e+02 1.2e+02 1.2e+02 1.2e+02 1.2e+02 1.2e+02 1.2e+02 1.2e+02
 1.2e+02 1.2e+02 1.2e+02 1.2e+02 1.2e+02 1.2e+02 1.2e+02 1.2e+02 1.2e+02
 1.2e+02 1.2e+02 1.2e+02 1.2e+02 1.2e+02 1.2e+02 1.2e+02 1.2e+02 1.2e+02
 1.2e+02 1.2e+02 1.2e+02 1.2e+02 1.2e+02 1.2e+02 1.2e+02 1.2e+02 1.2e+02
 1.2e+02 1.2e+02 1.2e+02 1.2e+02 1.2e+02 1.2e+02 1.2e+02 1.2e+02 1.2e+02
 1.2e+02 1.2e+02 1.2e+02 1.2e+02 1.2e+02 1.2e+02 1.2e+02 1.2e+02 1.2e+02
 1.2e+02 1.2e+02 1.2e+02 1.2e+02 1.2e+02 1.2e+02 1.2e+02 1.2e+02 1.2e+02
 1.2e+02 1.2e+02 1.2e+02 1.2e+02 1.2e+02 1.2e+02 1.2e+02 1.2e+02 1.2e+02
 1.2e+02 1.2e+02 1.2e+02 1.2e+02 1.2e+02 1.2e+02 1.2e+02 1.2e+02 1.2e+02
 1.2e+02]
step_ratio_vec:,[0.1 0.1 0.1 0.1 0.1 0.1 0.1 0.1 0.1 0.1 0.1 0.1 0.1 0.1 0.1 0.1 0.1 0.1
 0.1 0.1 0.1 0.1 0.1 0.1 0.1 0.1 0.1 0.1 0.1 0.1 0.1 0.1 0.1 0.1 0.1 0.1
 0.1 0.1 0.1 0.1 0.1 0.1 0.1 0.1 0.1 0.1 0.1 0.1 0.1 0.1 0.1 0.1 0.1 0.1
 0.1 0.1 0.1 0.1 0.1 0.1 0.1 0.1 0.1 0.1 0.1 0.1 0.1 0.1 0.1 0.1 0.1 0.1
 0.1 0.1 0.1 0.1 0.1 0.1 0.1 0.1 0.1 0.1 0.1 0.1 0.1 0.1 0.1 0.1 0.1 0.1
 0.1 0.1 0.1 0.1 0.1 0.1 0.1 0.1 0.1 0.1 0.1 0.1 0.1 0.1 0.1 0.1 0.1 0.1
 0.1 0.1 0.1 0.1 0.1 0.1 0.1 0.1 0.1 0.1 0.1 0.1 0.1 0.1 0.1 0.1 0.1 0.1
 0.1 0.1 0.1 0.1 0.1 0.1 0.1 0.1 0.1 0.1 0.1 0.1 0.1 0.1 0.1 0.1 0.1 0.1
 0.1 0.1 0.1 0.1 0.1 0.1 0.1 0.1 0.1 0.1 0.1 0.1 0.1 0.1 0.1 0.1 0.1 0.1
 0.1 0.1 0.1 0.1 0.1 0.1 0.1 0.1 0.1 0.1 0.1 0.1 0.1 0.1 0.1 0.1 0.1 0.1
 0.1 0.1 0.1 0.1 0.1 0.1 0.1 0.1 0.1 0.1 0.1 0.1 0.1 0.1 0.1 0.1 0.1 0.1
 0.1 0.1 0.1 0.1 0.1 0.1 0.1 0.1 0.1 0.1 0.1 0.1 0.1 0.1 0.1 0.1 0.1 0.1
 0.1 0.1 0.1 0.1 0.1 0.1 0.1 0.1 0.1 0.1 0.1 0.1 0.1 0.1 0.1 0.1 0.1 0.1
 0.1 0.1 0.1 0.1 0.1 0.1 0.1 0.1 0.1 0.1 0.1 0.1 0.1 0.1 0.1 0.1 0.1 0.1
 0.1 0.1 0.1 0.1 0.1 0.1 0.1 0.1 0.1 0.1 0.1 0.1 0.1 0.1 0.1 0.1 0.1 0.1
 0.1 0.1 0.1 0.1 0.1 0.1 0.1 0.1 0.1 0.1 0.1 0.1 0.1 0.1 0.1 0.1 0.1 0.1
 0.1 0.1 0.1 0.1 0.1 0.1 0.1 0.1 0.1 0.1 0.1 0.1 0.1 0.1 0.1 0.1 0.1 0.1
 0.1 0.1 0.1 0.1 0.1 0.1 0.1 0.1 0.1 0.1 0.1 0.1 0.1 0.1 0.1 0.1 0.1 0.1
 0.1 0.1 0.1 0.1 0.1 0.1 0.1 0.1 0.1 0.1 0.1 0.1 0.1 0.1 0.1 0.1 0.1 0.1
 0.1 0.1 0.1 0.1 0.1 0.1 0.1 0.1 0.1 0.1 0.1 0.1 0.1 0.1 0.1 0.1 0.1 0.1
 0.1 0.1 0.1 0.1 0.1 0.1 0.1 0.1 0.1 0.1 0.1 0.1 0.1 0.1 0.1 0.1 0.1 0.1
 0.1 0.1 0.1 0.1 0.1 0.1 0.1 0.1 0.1 0.1 0.1 0.1 0.1 0.1 0.1 0.1 0.1 0.1
 0.1 0.1 0.1 0.1 0.1 0.1 0.1 0.1 0.1 0.1 0.1 0.1 0.1 0.1 0.1 0.1 0.1 0.1
 0.1]
swap interval:,100
sim interval:,[-1.1175e+08 -7.4500e+07 -3.7250e+07  0.0000e+00]
likelihood_sed (T/F):,True
erodep_coords:,[[ 0  3]
 [42 94]
 [42 95]
 ...
 [96 78]
 [96 79]
 [96 80]]
sed scaling factor:,1
samples_per_chain:,12
burnin:,0.35
num params:,415
initial_proposed_vec:,[ 1.52137352e+00  1.46385767e+00  1.54053554e+00  1.50088491e+00
  8.75365786e-07  5.00868821e-01  8.07819338e-01  3.45514845e-03
  1.26771420e-03  1.00867693e-03  5.75241034e-01  5.68628328e+00
  2.40012735e+04  5.64592926e+00  9.31602711e-03  5.42444793e+02
 -3.48675422e+02  4.37545677e+02  4.04814346e+02 -2.74667792e+02
 -4.49839986e+02 -5.50045390e+02  4.19117699e+02 -4.79655016e+01
 -3.76447364e+02  3.88054253e+02  9.35212500e+01 -1.00142302e+02
  3.66906432e+02 -5.23043257e+02  2.14005403e+02  1.82277086e+02
 -1.53458445e+02  4.18751460e+02  3.41307595e+02 -1.15994239e+02
  5.96942561e+02 -4.89490942e+01 -5.09703033e+02  5.83561270e+02
 -2.41797179e+02  4.96454397e+02  2.95839597e+01  2.19219600e+02
 -4.41418904e+02  1.58524613e+02  4.87228620e+02  1.34843764e+02
  4.35319671e+02  4.81162070e+02  3.88740395e+02  3.72984997e+02
 -3.19887143e+02  3.27929748e+02  3.62283775e+01 -5.59972468e+02
  1.57593754e+02 -6.84305405e+01  3.57937877e+02 -3.41467362e+02
  2.39654289e+02  4.06483172e+02 -3.91754416e+02 -5.41262707e+02
 -4.85457660e+02 -2.53698394e+02  4.10233417e+02 -1.34738113e+02
  3.65964074e+02 -3.97735320e+02  2.67968486e+02  4.44859010e+02
  2.52028384e+02 -5.33785361e+02  5.72056612e+02  4.15708067e+02
  1.40299833e+02 -2.90289458e+02 -1.29694387e+02 -3.07617596e+02
 -5.34517308e+02  1.69747047e+02  4.81600599e+02  1.04140577e+01
  1.47831755e+02  2.85910420e+02 -2.77128957e+02  1.33170908e+02
 -2.61113948e+02  2.96468385e+02 -2.79628470e+02 -3.35574914e+02
 -2.02668765e+02 -5.71737453e+01  2.91555827e+02  3.77372310e+02
  5.52413398e+01  4.63601824e+02 -5.93680677e+02 -4.74010014e+02
 -1.04014643e+02  8.01778564e+01 -2.43777643e+02  3.94239880e+02
  1.04970556e+02 -5.20190032e+02  5.25521591e+02  5.63432975e+02
  5.31779016e+02  2.30647246e+01  2.85894638e+02  4.53137656e+02
 -4.11634245e+02 -1.76416066e+02 -3.94967239e+02  5.31412088e+02
  3.62160325e+02  3.25734877e+02  1.28108542e+02  2.86006916e+02
  3.94007607e+02 -2.54928803e+02 -5.19142008e+02  1.40416069e+02
 -4.38211995e+02  3.80419552e+02  1.86074741e+02 -2.72091754e+02
 -3.99506612e+01 -1.98704171e+02  5.87937439e+02  6.57789972e+01
 -2.20195153e+01 -4.73294923e+02 -3.32109386e+02 -5.49330195e+02
 -5.18557767e+02 -5.56044280e+01  4.20454428e+02 -4.24642174e+02
 -7.04623538e+01  2.88510544e+02 -4.41057174e+02 -5.52316104e+02
 -4.89733913e+02  4.84870788e+02  5.03941988e+02  5.22543400e+02
 -5.99084500e+02 -5.98595486e+02 -5.40118657e+02 -5.33639960e+02
 -3.03452183e+02 -5.81156129e+02 -4.72546724e+02 -1.91450867e+02
 -4.68303604e+01  2.54675825e+02  1.61383279e+02 -4.96479133e+02
 -1.42844984e+02 -2.98499560e+02  3.43125070e+02 -3.70163948e+02
  5.15660662e+02  3.32549132e+02  4.83529131e+02 -1.98786675e+02
 -1.50584173e+02  3.05767950e+02  4.53047419e+02  2.29553124e+02
 -2.52855094e+02 -2.17143328e+02 -5.13521518e+02  3.47799725e+02
 -3.70122192e+01  1.19227652e+02 -4.72325355e+02  4.37455844e+02
  3.16458643e+02 -2.34395282e+02  4.56436654e+02 -9.13977136e+01
 -3.38675816e+02 -8.51393003e+01 -4.55074865e+02  4.28119220e+02
  3.16507822e+02 -4.10652345e+02 -4.33522696e+02  1.43123775e+01
  3.68937133e+02 -4.62224999e+01 -2.11330694e+02 -4.80797574e+02
 -4.87661638e+02 -4.18875514e+02 -3.77602463e+02  1.30068977e+02
 -9.20524917e+01  6.62193196e+01 -3.25973033e+02  3.04108641e+02
  2.79606751e+02  8.40639716e+00 -2.67130829e+02 -4.08491422e+02
 -4.23194428e+02 -1.69995836e+02  3.20888797e+02 -3.76202907e+02
  4.63572011e+02  2.70634095e+02 -5.48069835e+02 -3.77917407e+02
 -4.70158842e+02  2.28768590e+02 -7.17402705e+01  3.84915300e+02
 -6.92882507e+01  3.71212794e+02 -3.09547797e+02  4.82495262e+02
  5.02476578e+02  1.45162030e+02  1.69464917e+02  5.04470410e+02
 -4.59667504e+01  2.34634266e+02 -4.03670943e+02 -3.04816005e+02
  2.19585892e+02 -2.38446862e+00  2.70971478e+02  3.51313526e+02
 -3.03144656e+02 -4.04667851e+02 -3.35216570e+02  3.50163644e+02
  4.13876331e+02 -4.46026161e+02 -5.02519046e+02 -3.27663208e+02
 -5.48228695e+02  1.60703224e+02  5.76170608e+02 -3.28897
samples_per_chain:,12
burnin:,0.35
num params:,415
initial_proposed_vec:,[ 1.52137352e+00  1.46385767e+00  1.54053554e+00  1.50088491e+00
  8.75365786e-07  5.00868821e-01  8.07819338e-01  3.45514845e-03
  1.26771420e-03  1.00867693e-03  5.75241034e-01  5.68628328e+00
  2.40012735e+04  5.64592926e+00  9.31602711e-03  5.42444793e+02
 -3.48675422e+02  4.37545677e+02  4.04814346e+02 -2.74667792e+02
 -4.49839986e+02 -5.50045390e+02  4.19117699e+02 -4.79655016e+01
 -3.76447364e+02  3.88054253e+02  9.35212500e+01 -1.00142302e+02
  3.66906432e+02 -5.23043257e+02  2.14005403e+02  1.82277086e+02
 -1.53458445e+02  4.18751460e+02  3.41307595e+02 -1.15994239e+02
  5.96942561e+02 -4.89490942e+01 -5.09703033e+02  5.83561270e+02
 -2.41797179e+02  4.96454397e+02  2.95839597e+01  2.19219600e+02
 -4.41418904e+02  1.58524613e+02  4.87228620e+02  1.34843764e+02
  4.35319671e+02  4.81162070e+02  3.88740395e+02  3.72984997e+02
 -3.19887143e+02  3.27929748e+02  3.62283775e+01 -5.59972468e+02
  1.57593754e+02 -6.84305405e+01  3.57937877e+02 -3.41467362e+02
  2.39654289e+02  4.06483172e+02 -3.91754416e+02 -5.41262707e+02
 -4.85457660e+02 -2.53698394e+02  4.10233417e+02 -1.34738113e+02
  3.65964074e+02 -3.97735320e+02  2.67968486e+02  4.44859010e+02
  2.52028384e+02 -5.33785361e+02  5.72056612e+02  4.15708067e+02
  1.40299833e+02 -2.90289458e+02 -1.29694387e+02 -3.07617596e+02
 -5.34517308e+02  1.69747047e+02  4.81600599e+02  1.04140577e+01
  1.47831755e+02  2.85910420e+02 -2.77128957e+02  1.33170908e+02
 -2.61113948e+02  2.96468385e+02 -2.79628470e+02 -3.35574914e+02
 -2.02668765e+02 -5.71737453e+01  2.91555827e+02  3.77372310e+02
  5.52413398e+01  4.63601824e+02 -5.93680677e+02 -4.74010014e+02
 -1.04014643e+02  8.01778564e+01 -2.43777643e+02  3.94239880e+02
  1.04970556e+02 -5.20190032e+02  5.25521591e+02  5.63432975e+02
  5.31779016e+02  2.30647246e+01  2.85894638e+02  4.53137656e+02
 -4.11634245e+02 -1.76416066e+02 -3.94967239e+02  5.31412088e+02
  3.62160325e+02  3.25734877e+02  1.28108542e+02  2.86006916e+02
  3.94007607e+02 -2.54928803e+02 -5.19142008e+02  1.40416069e+02
 -4.38211995e+02  3.80419552e+02  1.86074741e+02 -2.72091754e+02
 -3.99506612e+01 -1.98704171e+02  5.87937439e+02  6.57789972e+01
 -2.20195153e+01 -4.73294923e+02 -3.32109386e+02 -5.49330195e+02
 -5.18557767e+02 -5.56044280e+01  4.20454428e+02 -4.24642174e+02
 -7.04623538e+01  2.88510544e+02 -4.41057174e+02 -5.52316104e+02
 -4.89733913e+02  4.84870788e+02  5.03941988e+02  5.22543400e+02
 -5.99084500e+02 -5.98595486e+02 -5.40118657e+02 -5.33639960e+02
 -3.03452183e+02 -5.81156129e+02 -4.72546724e+02 -1.91450867e+02
 -4.68303604e+01  2.54675825e+02  1.61383279e+02 -4.96479133e+02
 -1.42844984e+02 -2.98499560e+02  3.43125070e+02 -3.70163948e+02
  5.15660662e+02  3.32549132e+02  4.83529131e+02 -1.98786675e+02
 -1.50584173e+02  3.05767950e+02  4.53047419e+02  2.29553124e+02
 -2.52855094e+02 -2.17143328e+02 -5.13521518e+02  3.47799725e+02
 -3.70122192e+01  1.19227652e+02 -4.72325355e+02  4.37455844e+02
  3.16458643e+02 -2.34395282e+02  4.56436654e+02 -9.13977136e+01
 -3.38675816e+02 -8.51393003e+01 -4.55074865e+02  4.28119220e+02
  3.16507822e+02 -4.10652345e+02 -4.33522696e+02  1.43123775e+01
  3.68937133e+02 -4.62224999e+01 -2.11330694e+02 -4.80797574e+02
 -4.87661638e+02 -4.18875514e+02 -3.77602463e+02  1.30068977e+02
 -9.20524917e+01  6.62193196e+01 -3.25973033e+02  3.04108641e+02
  2.79606751e+02  8.40639716e+00 -2.67130829e+02 -4.08491422e+02
 -4.23194428e+02 -1.69995836e+02  3.20888797e+02 -3.76202907e+02
  4.63572011e+02  2.70634095e+02 -5.48069835e+02 -3.77917407e+02
 -4.70158842e+02  2.28768590e+02 -7.17402705e+01  3.84915300e+02
 -6.92882507e+01  3.71212794e+02 -3.09547797e+02  4.82495262e+02
  5.02476578e+02  1.45162030e+02  1.69464917e+02  5.04470410e+02
 -4.59667504e+01  2.34634266e+02 -4.03670943e+02 -3.04816005e+02
  2.19585892e+02 -2.38446862e+00  2.70971478e+02  3.51313526e+02
 -3.03144656e+02 -4.04667851e+02 -3.35216570e+02  3.50163644e+02
  4.13876331e+02 -4.46026161e+02 -5.02519046e+02 -3.27663208e+02
 -5.48228695e+02  1.60703224e+02  5.76170608e+02 -3.28897750e+02
  3.20227728e+02 -4.91285812e+02 -3.98593371e+02  3.03293429e+02
 -2.88296630e+01  3.92595932e+02 -5.66676008e+02  3.81724613e+02
  7.99273057e+01 -3.09073931e+02 -5.25323484e+02 -5.05636971e+02
 -4.53605481e+02 -2.20664832e+01  1.38304579e+02 -3.01776029e+02
  4.81065057e+02 -3.46226469e+02 -4.66913244e+02 -5.13363040e+00
 -5.32526023e+02 -5.55350461e+02 -4.86950241e+02 -5.70322272e+01
  1.44162985e+02  1.08286246e+02  2.17315393e+02 -3.32584627e+02
  2.91496858e+02  4.35433816e+02 -2.60765766e+01 -3.78505724e+01
 -2.59661139e+02  4.87477555e+01  4.38733979e+02  5.50901231e+02
  4.57524018e+02 -9.01185204e+01 -1.66004652e+02  4.79884320e+02
  1.12772693e+02  5.64916113e+02 -3.70200345e+02 -3.92106143e+02
  4.20731065e+02 -2.94674458e+02 -1.54098284e+02 -1.91491093e+02
 -2.97480632e+02  3.24499750e+02  9.45672285e+01 -5.13920028e+02
  4.56216195e-01 -5.70325353e+02 -3.46470665e+02  8.89765940e+01
  5.35972267e+02 -1.16002908e+02  2.38671776e+02  1.61740775e+02
  3.20749146e+02  1.03229660e+01  2.81668423e+02 -2.80726467e+01
  2.37271053e+02  5.51331538e+02 -5.97099288e+02 -9.91170131e+01
  5.08290775e+02 -5.37199321e+02 -8.83360343e+01  1.84207150e+02
  1.88933376e+02 -3.70349749e+02 -1.87882895e+02 -3.68598884e+02
  2.46667008e+02 -4.14573952e+02  7.77473058e+00 -2.37220719e+02
 -4.91658301e+02 -3.45297264e+02 -2.00633280e+02  5.71041499e+02
  3.68711588e+01 -5.64467397e+02 -2.34525596e+02  2.25702238e+02
  7.69176170e+01  8.81667083e+01 -3.56515246e+01  5.31104189e+02
 -4.81899234e+01 -3.78665834e+02  4.84950344e+02  4.21967541e+02
 -9.40890729e+01  5.31456108e+02 -5.21980679e+02  4.62058319e+02
  5.51190892e-01 -5.39565088e+02 -1.15807017e+02 -2.43315490e+02
 -4.24443831e+02  3.56336209e+01  1.01787583e+02  1.15607472e+02
  9.40882294e+01 -6.04599758e+01  1.77809380e+02 -4.54109712e+02
  1.41209970e+02  4.15767907e+02  7.43841723e+00  2.78328372e+02
 -5.09816375e+02  1.59362484e+02  3.69011913e+02  4.50196335e+02
 -3.78136836e+01  2.96139085e+02  3.93637795e+02 -2.28102087e+02
  5.30317484e+02 -5.73420313e+02 -5.31528763e+01  2.21370802e+01
  3.39692168e+02 -5.43833222e+02  4.70959513e+02  3.23519005e+01
  8.43180744e+01 -1.22574695e+02 -3.23848025e+02  9.43771314e+01
 -4.33887593e+02 -1.68836349e+02  1.55797213e+02  4.07392114e+02
  1.51148855e+02 -4.14071095e+02 -4.86143231e+02  4.05877234e+01
 -4.60246806e+01  7.14383940e+01  9.41388088e+01  5.49945048e+02
  1.46528506e+02  3.74384896e+02  5.29412377e+02  2.53664865e+02
 -3.21616607e+02  5.45529859e+02  5.13735693e+02 -3.69086310e+02
  1.14240586e+02 -4.26008911e+02  2.96438849e+02  4.96436155e+02
 -5.32647987e+02 -4.39806883e+02 -3.24162757e+01  4.65418745e+02
 -3.54936109e+02 -2.25043807e+02 -4.41098764e+02]
stepsize_vec:,[1.0e-02 1.0e-02 1.0e-02 1.0e-02 4.0e-08 5.0e-03 4.0e-02 3.0e-04 1.2e-04
 4.0e-05 2.0e-02 2.0e-01 1.0e-01 2.0e-01 1.5e-03 1.2e+02 1.2e+02 1.2e+02
 1.2e+02 1.2e+02 1.2e+02 1.2e+02 1.2e+02 1.2e+02 1.2e+02 1.2e+02 1.2e+02
 1.2e+02 1.2e+02 1.2e+02 1.2e+02 1.2e+02 1.2e+02 1.2e+02 1.2e+02 1.2e+02
 1.2e+02 1.2e+02 1.2e+02 1.2e+02 1.2e+02 1.2e+02 1.2e+02 1.2e+02 1.2e+02
 1.2e+02 1.2e+02 1.2e+02 1.2e+02 1.2e+02 1.2e+02 1.2e+02 1.2e+02 1.2e+02
 1.2e+02 1.2e+02 1.2e+02 1.2e+02 1.2e+02 1.2e+02 1.2e+02 1.2e+02 1.2e+02
 1.2e+02 1.2e+02 1.2e+02 1.2e+02 1.2e+02 1.2e+02 1.2e+02 1.2e+02 1.2e+02
 1.2e+02 1.2e+02 1.2e+02 1.2e+02 1.2e+02 1.2e+02 1.2e+02 1.2e+02 1.2e+02
 1.2e+02 1.2e+02 1.2e+02 1.2e+02 1.2e+02 1.2e+02 1.2e+02 1.2e+02 1.2e+02
 1.2e+02 1.2e+02 1.2e+02 1.2e+02 1.2e+02 1.2e+02 1.2e+02 1.2e+02 1.2e+02
 1.2e+02 1.2e+02 1.2e+02 1.2e+02 1.2e+02 1.2e+02 1.2e+02 1.2e+02 1.2e+02
 1.2e+02 1.2e+02 1.2e+02 1.2e+02 1.2e+02 1.2e+02 1.2e+02 1.2e+02 1.2e+02
 1.2e+02 1.2e+02 1.2e+02 1.2e+02 1.2e+02 1.2e+02 1.2e+02 1.2e+02 1.2e+02
 1.2e+02 1.2e+02 1.2e+02 1.2e+02 1.2e+02 1.2e+02 1.2e+02 1.2e+02 1.2e+02
 1.2e+02 1.2e+02 1.2e+02 1.2e+02 1.2e+02 1.2e+02 1.2e+02 1.2e+02 1.2e+02
 1.2e+02 1.2e+02 1.2e+02 1.2e+02 1.2e+02 1.2e+02 1.2e+02 1.2e+02 1.2e+02
 1.2e+02 1.2e+02 1.2e+02 1.2e+02 1.2e+02 1.2e+02 1.2e+02 1.2e+02 1.2e+02
 1.2e+02 1.2e+02 1.2e+02 1.2e+02 1.2e+02 1.2e750e+02
  3.20227728e+02 -4.91285812e+02 -3.98593371e+02  3.03293429e+02
 -2.88296630e+01  3.92595932e+02 -5.66676008e+02  3.81724613e+02
  7.99273057e+01 -3.09073931e+02 -5.25323484e+02 -5.05636971e+02
 -4.53605481e+02 -2.20664832e+01  1.38304579e+02 -3.01776029e+02
  4.81065057e+02 -3.46226469e+02 -4.66913244e+02 -5.13363040e+00
 -5.32526023e+02 -5.55350461e+02 -4.86950241e+02 -5.70322272e+01
  1.44162985e+02  1.08286246e+02  2.17315393e+02 -3.32584627e+02
  2.91496858e+02  4.35433816e+02 -2.60765766e+01 -3.78505724e+01
 -2.59661139e+02  4.87477555e+01  4.38733979e+02  5.50901231e+02
  4.57524018e+02 -9.01185204e+01 -1.66004652e+02  4.79884320e+02
  1.12772693e+02  5.64916113e+02 -3.70200345e+02 -3.92106143e+02
  4.20731065e+02 -2.94674458e+02 -1.54098284e+02 -1.91491093e+02
 -2.97480632e+02  3.24499750e+02  9.45672285e+01 -5.13920028e+02
  4.56216195e-01 -5.70325353e+02 -3.46470665e+02  8.89765940e+01
  5.35972267e+02 -1.16002908e+02  2.38671776e+02  1.61740775e+02
  3.20749146e+02  1.03229660e+01  2.81668423e+02 -2.80726467e+01
  2.37271053e+02  5.51331538e+02 -5.97099288e+02 -9.91170131e+01
  5.08290775e+02 -5.37199321e+02 -8.83360343e+01  1.84207150e+02
  1.88933376e+02 -3.70349749e+02 -1.87882895e+02 -3.68598884e+02
  2.46667008e+02 -4.14573952e+02  7.77473058e+00 -2.37220719e+02
 -4.91658301e+02 -3.45297264e+02 -2.00633280e+02  5.71041499e+02
  3.68711588e+01 -5.64467397e+02 -2.34525596e+02  2.25702238e+02
  7.69176170e+01  8.81667083e+01 -3.56515246e+01  5.31104189e+02
 -4.81899234e+01 -3.78665834e+02  4.84950344e+02  4.21967541e+02
 -9.40890729e+01  5.31456108e+02 -5.21980679e+02  4.62058319e+02
  5.51190892e-01 -5.39565088e+02 -1.15807017e+02 -2.43315490e+02
 -4.24443831e+02  3.56336209e+01  1.01787583e+02  1.15607472e+02
  9.40882294e+01 -6.04599758e+01  1.77809380e+02 -4.54109712e+02
  1.41209970e+02  4.15767907e+02  7.43841723e+00  2.78328372e+02
 -5.09816375e+02  1.59362484e+02  3.69011913e+02  4.50196335e+02
 -3.78136836e+01  2.96139085e+02  3.93637795e+02 -2.28102087e+02
  5.30317484e+02 -5.73420313e+02 -5.31528763e+01  2.21370802e+01
  3.39692168e+02 -5.43833222e+02  4.70959513e+02  3.23519005e+01
  8.43180744e+01 -1.22574695e+02 -3.23848025e+02  9.43771314e+01
 -4.33887593e+02 -1.68836349e+02  1.55797213e+02  4.07392114e+02
  1.51148855e+02 -4.14071095e+02 -4.86143231e+02  4.05877234e+01
 -4.60246806e+01  7.14383940e+01  9.41388088e+01  5.49945048e+02
  1.46528506e+02  3.74384896e+02  5.29412377e+02  2.53664865e+02
 -3.21616607e+02  5.45529859e+02  5.13735693e+02 -3.69086310e+02
  1.14240586e+02 -4.26008911e+02  2.96438849e+02  4.96436155e+02
 -5.32647987e+02 -4.39806883e+02 -3.24162757e+01  4.65418745e+02
 -3.54936109e+02 -2.25043807e+02 -4.41098764e+02]
stepsize_vec:,[1.0e-02 1.0e-02 1.0e-02 1.0e-02 4.0e-08 5.0e-03 4.0e-02 3.0e-04 1.2e-04
 4.0e-05 2.0e-02 2.0e-01 1.0e-01 2.0e-01 1.5e-03 1.2e+02 1.2e+02 1.2e+02
 1.2e+02 1.2e+02 1.2e+02 1.2e+02 1.2e+02 1.2e+02 1.2e+02 1.2e+02 1.2e+02
 1.2e+02 1.2e+02 1.2e+02 1.2e+02 1.2e+02 1.2e+02 1.2e+02 1.2e+02 1.2e+02
 1.2e+02 1.2e+02 1.2e+02 1.2e+02 1.2e+02 1.2e+02 1.2e+02 1.2e+02 1.2e+02
 1.2e+02 1.2e+02 1.2e+02 1.2e+02 1.2e+02 1.2e+02 1.2e+02 1.2e+02 1.2e+02
 1.2e+02 1.2e+02 1.2e+02 1.2e+02 1.2e+02 1.2e+02 1.2e+02 1.2e+02 1.2e+02
 1.2e+02 1.2e+02 1.2e+02 1.2e+02 1.2e+02 1.2e+02 1.2e+02 1.2e+02 1.2e+02
 1.2e+02 1.2e+02 1.2e+02 1.2e+02 1.2e+02 1.2e+02 1.2e+02 1.2e+02 1.2e+02
 1.2e+02 1.2e+02 1.2e+02 1.2e+02 1.2e+02 1.2e+02 1.2e+02 1.2e+02 1.2e+02
 1.2e+02 1.2e+02 1.2e+02 1.2e+02 1.2e+02 1.2e+02 1.2e+02 1.2e+02 1.2e+02
 1.2e+02 1.2e+02 1.2e+02 1.2e+02 1.2e+02 1.2e+02 1.2e+02 1.2e+02 1.2e+02
 1.2e+02 1.2e+02 1.2e+02 1.2e+02 1.2e+02 1.2e+02 1.2e+02 1.2e+02 1.2e+02
 1.2e+02 1.2e+02 1.2e+02 1.2e+02 1.2e+02 1.2e+02 1.2e+02 1.2e+02 1.2e+02
 1.2e+02 1.2e+02 1.2e+02 1.2e+02 1.2e+02 1.2e+02 1.2e+02 1.2e+02 1.2e+02
 1.2e+02 1.2e+02 1.2e+02 1.2e+02 1.2e+02 1.2e+02 1.2e+02 1.2e+02 1.2e+02
 1.2e+02 1.2e+02 1.2e+02 1.2e+02 1.2e+02 1.2e+02 1.2e+02 1.2e+02 1.2e+02
 1.2e+02 1.2e+02 1.2e+02 1.2e+02 1.2e+02 1.2e+02 1.2e+02 1.2e+02 1.2e+02
 1.2e+02 1.2e+02 1.2e+02 1.2e+02 1.2e+02 1.2e+02 1.2e+02 1.2e+02 1.2e+02
 1.2e+02 1.2e+02 1.2e+02 1.2e+02 1.2e+02 1.2e+02 1.2e+02 1.2e+02 1.2e+02
 1.2e+02 1.2e+02 1.2e+02 1.2e+02 1.2e+02 1.2e+02 1.2e+02 1.2e+02 1.2e+02
 1.2e+02 1.2e+02 1.2e+02 1.2e+02 1.2e+02 1.2e+02 1.2e+02 1.2e+02 1.2e+02
 1.2e+02 1.2e+02 1.2e+02 1.2e+02 1.2e+02 1.2e+02 1.2e+02 1.2e+02 1.2e+02
 1.2e+02 1.2e+02 1.2e+02 1.2e+02 1.2e+02 1.2e+02 1.2e+02 1.2e+02 1.2e+02
 1.2e+02 1.2e+02 1.2e+02 1.2e+02 1.2e+02 1.2e+02 1.2e+02 1.2e+02 1.2e+02
 1.2e+02 1.2e+02 1.2e+02 1.2e+02 1.2e+02 1.2e+02 1.2e+02 1.2e+02 1.2e+02
 1.2e+02 1.2e+02 1.2e+02 1.2e+02 1.2e+02 1.2e+02 1.2e+02 1.2e+02 1.2e+02
 1.2e+02 1.2e+02 1.2e+02 1.2e+02 1.2e+02 1.2e+02 1.2e+02 1.2e+02 1.2e+02
 1.2e+02 1.2e+02 1.2e+02 1.2e+02 1.2e+02 1.2e+02 1.2e+02 1.2e+02 1.2e+02
 1.2e+02 1.2e+02 1.2e+02 1.2e+02 1.2e+02 1.2e+02 1.2e+02 1.2e+02 1.2e+02
 1.2e+02 1.2e+02 1.2e+02 1.2e+02 1.2e+02 1.2e+02 1.2e+02 1.2e+02 1.2e+02
 1.2e+02 1.2e+02 1.2e+02 1.2e+02 1.2e+02 1.2e+02 1.2e+02 1.2e+02 1.2e+02
 1.2e+02 1.2e+02 1.2e+02 1.2e+02 1.2e+02 1.2e+02 1.2e+02 1.2e+02 1.2e+02
 1.2e+02 1.2e+02 1.2e+02 1.2e+02 1.2e+02 1.2e+02 1.2e+02 1.2e+02 1.2e+02
 1.2e+02 1.2e+02 1.2e+02 1.2e+02 1.2e+02 1.2e+02 1.2e+02 1.2e+02 1.2e+02
 1.2e+02 1.2e+02 1.2e+02 1.2e+02 1.2e+02 1.2e+02 1.2e+02 1.2e+02 1.2e+02
 1.2e+02 1.2e+02 1.2e+02 1.2e+02 1.2e+02 1.2e+02 1.2e+02 1.2e+02 1.2e+02
 1.2e+02 1.2e+02 1.2e+02 1.2e+02 1.2e+02 1.2e+02 1.2e+02 1.2e+02 1.2e+02
 1.2e+02 1.2e+02 1.2e+02 1.2e+02 1.2e+02 1.2e+02 1.2e+02 1.2e+02 1.2e+02
 1.2e+02 1.2e+02 1.2e+02 1.2e+02 1.2e+02 1.2e+02 1.2e+02 1.2e+02 1.2e+02
 1.2e+02 1.2e+02 1.2e+02 1.2e+02 1.2e+02 1.2e+02 1.2e+02 1.2e+02 1.2e+02
 1.2e+02 1.2e+02 1.2e+02 1.2e+02 1.2e+02 1.2e+02 1.2e+02 1.2e+02 1.2e+02
 1.2e+02 1.2e+02 1.2e+02 1.2e+02 1.2e+02 1.2e+02 1.2e+02 1.2e+02 1.2e+02
 1.2e+02 1.2e+02 1.2e+02 1.2e+02 1.2e+02 1.2e+02 1.2e+02 1.2e+02 1.2e+02
 1.2e+02 1.2e+02 1.2e+02 1.2e+02 1.2e+02 1.2e+02 1.2e+02 1.2e+02 1.2e+02
 1.2e+02 1.2e+02 1.2e+02 1.2e+02 1.2e+02 1.2e+02 1.2e+02 1.2e+02 1.2e+02
 1.2e+02]
step_ratio_vec:,[0.1 0.1 0.1 0.1 0.1 0.1 0.1 0.1 0.1 0.1 0.1 0.1 0.1 0.1 0.1 0.1 0.1 0.1
 0.1 0.1 0.1 0.1 0.1 0.1 0.1 0.1 0.1 0.1 0.1 0.1 0.1 0.1 0.1 0.1 0.1 0.1
 0.1 0.1 0.1 0.1 0.1 0.1 0.1 0.1 0.1 0.1 0.1 0.1 0.1 0.1 0.1 0.1 0.1 0.1
 0.1 0.1 0.1 0.1 0.1 0.1 0.1 0.1 0.1 0.1 0.1 0.1 0.1 0.1 0.1 0.1 0.1 0.1
 0.1 0.1 0.1 0.1 0.1 0.1 0.1 0.1 0.1 0.1 0.1 0.1 0.1 0.1 0.1 0.1 0.1 0.1
 0.1 0.1 0.1 0.1 0.1 0.1 0.1 0.1 0.1 0.1 0.1 0.1 0.1 0.1 0.1 0.1 0.1 0.1
 0.1 0.1 0.1 0.1 0.1 0.1 0.1 0.1 0.1 0.1 0.1 0.1 0.1 0.1 0.1 0.1 0.1 0.1
 0.1 0.1 0.1 0.1 0.1 0.1 0.1 0.1 0.1 0.1 0.1 0.1 0.1 0.1 0.1 0.1 0.1 0.1
 0.1 0.1 0.1 0.1 0.1 0.1 0.1 0.1 0.1 0.1 0.1 0.1 0.1 0.1 0.1 0.1 0.1 0.1
 0.1 0.1 0.1 0.1 0.1 0.1 0.1 0.1 0.1 0.1 0.1 0.1 0.1 0.1 0.1 0.1 0.1 0.1
 0.1 0.1 0.1 0.1 0.1 0.1 0.1 0.1 0.1 0.1 0.1 0.1 0.1 0.1 0.1 0.1 0.1 0.1
 0.1 0.1 0.1 0.1 0.1 0.1 0.1 0.1 0.1 0.1 0.1 0.1 0.1 0.1 0.1 0.1 0.1 0.1
 0.1 0.1 0.1 0.1 0.1 0.1 0.1 0.1 0.1 0.1 0.1 0.1 0.1 0.1 0.1 0.1 0.1 0.1
 0.1 0.1 0.1 0.1 0.1 0.1 0.1 0.1 0.1 0.1 0.1 0.1 0.1 0.1 0.1 0.1 0.1 0.1
 0.1 0.1 0.1 0.1 0.1 0.1 0.1 0.1 0.1 0.1 0.1 0.1 0.1 0.1 0.1 0.1 0.1 0.1
 0.1 0.1 0.1 0.1 0.1 0.1 0.1 0.1 0.1 0.1 0.1 0.1 0.1 0.1 0.1 0.1 0.1 0.1
 0.1 0.1 0.1 0.1 0.1 0.1 0.1 0.1 0.1 0.1 0.1 0.1 0.1 0.1 0.1 0.1 0.1 0.1
 0.1 0.1 0.1 0.1 0.1 0.1 0.1 0.1 0.1 0.1 0.1 0.1 0.1 0.1 0.1 0.1 0.1 0.1
 0.1 0.1 0.1 0.1 0.1 0.1 0.1 0.1 0.1 0.1 0.1 0.1 0.1 0.1 0.1 0.1 0.1 0.1
 0.1 0.1 0.1 0.1 0.1 0.1 0.1 0.1 0.1 0.1 0.1 0.1 0.1 0.1 0.1 0.1 0.1 0.1
 0.1 0.1 0.1 0.1 0.1 0.1 0.1 0.1 0.1 0.1 0.1 0.1 0.1 0.1 0.1 0.1 0.1 0.1
 0.1 0.1 0.1 0.1 0.1 0.1 0.1 0.1 0.1 0.1 0.1 0.1 0.1 0.1 0.1 0.1 0.1 0.1
 0.1 0.1 0.1 0.1 0.1 0.1 0.1 0.1 0.1 0.1 0.1 0.1 0.1 0.1 0.1 0.1 0.1 0.1
 0.1]
swap interval:,100
sim interval:,[-1.1175e+08 -7.4500e+07 -3.7250e+07  0.0000e+00]
likelihood_sed (T/F):,True
erodep_coords:,[[ 0  3]
 [42 94]
 [42 95]
 ...
 [96 78]
 [96 79]
 [96 80]]
sed scaling factor:,1+02 1.2e+02 1.2e+02 1.2e+02
 1.2e+02 1.2e+02 1.2e+02 1.2e+02 1.2e+02 1.2e+02 1.2e+02 1.2e+02 1.2e+02
 1.2e+02 1.2e+02 1.2e+02 1.2e+02 1.2e+02 1.2e+02 1.2e+02 1.2e+02 1.2e+02
 1.2e+02 1.2e+02 1.2e+02 1.2e+02 1.2e+02 1.2e+02 1.2e+02 1.2e+02 1.2e+02
 1.2e+02 1.2e+02 1.2e+02 1.2e+02 1.2e+02 1.2e+02 1.2e+02 1.2e+02 1.2e+02
 1.2e+02 1.2e+02 1.2e+02 1.2e+02 1.2e+02 1.2e+02 1.2e+02 1.2e+02 1.2e+02
 1.2e+02 1.2e+02 1.2e+02 1.2e+02 1.2e+02 1.2e+02 1.2e+02 1.2e+02 1.2e+02
 1.2e+02 1.2e+02 1.2e+02 1.2e+02 1.2e+02 1.2e+02 1.2e+02 1.2e+02 1.2e+02
 1.2e+02 1.2e+02 1.2e+02 1.2e+02 1.2e+02 1.2e+02 1.2e+02 1.2e+02 1.2e+02
 1.2e+02 1.2e+02 1.2e+02 1.2e+02 1.2e+02 1.2e+02 1.2e+02 1.2e+02 1.2e+02
 1.2e+02 1.2e+02 1.2e+02 1.2e+02 1.2e+02 1.2e+02 1.2e+02 1.2e+02 1.2e+02
 1.2e+02 1.2e+02 1.2e+02 1.2e+02 1.2e+02 1.2e+02 1.2e+02 1.2e+02 1.2e+02
 1.2e+02 1.2e+02 1.2e+02 1.2e+02 1.2e+02 1.2e+02 1.2e+02 1.2e+02 1.2e+02
 1.2e+02 1.2e+02 1.2e+02 1.2e+02 1.2e+02 1.2e+02 1.2e+02 1.2e+02 1.2e+02
 1.2e+02 1.2e+02 1.2e+02 1.2e+02 1.2e+02 1.2e+02 1.2e+02 1.2e+02 1.2e+02
 1.2e+02 1.2e+02 1.2e+02 1.2e+02 1.2e+02 1.2e+02 1.2e+02 1.2e+02 1.2e+02
 1.2e+02 1.2e+02 1.2e+02 1.2e+02 1.2e+02 1.2e+02 1.2e+02 1.2e+02 1.2e+02
 1.2e+02 1.2e+02 1.2e+02 1.2e+02 1.2e+02 1.2e+02 1.2e+02 1.2e+02 1.2e+02
 1.2e+02 1.2e+02 1.2e+02 1.2e+02 1.2e+02 1.2e+02 1.2e+02 1.2e+02 1.2e+02
 1.2e+02 1.2e+02 1.2e+02 1.2e+02 1.2e+02 1.2e+02 1.2e+02 1.2e+02 1.2e+02
 1.2e+02 1.2e+02 1.2e+02 1.2e+02 1.2e+02 1.2e+02 1.2e+02 1.2e+02 1.2e+02
 1.2e+02 1.2e+02 1.2e+02 1.2e+02 1.2e+02 1.2e+02 1.2e+02 1.2e+02 1.2e+02
 1.2e+02 1.2e+02 1.2e+02 1.2e+02 1.2e+02 1.2e+02 1.2e+02 1.2e+02 1.2e+02
 1.2e+02 1.2e+02 1.2e+02 1.2e+02 1.2e+02 1.2e+02 1.2e+02 1.2e+02 1.2e+02
 1.2e+02 1.2e+02 1.2e+02 1.2e+02 1.2e+02 1.2e+02 1.2e+02 1.2e+02 1.2e+02
 1.2e+02 1.2e+02 1.2e+02 1.2e+02 1.2e+02 1.2e+02 1.2e+02 1.2e+02 1.2e+02
 1.2e+02 1.2e+02 1.2e+02 1.2e+02 1.2e+02 1.2e+02 1.2e+02 1.2e+02 1.2e+02
 1.2e+02 1.2e+02 1.2e+02 1.2e+02 1.2e+02 1.2e+02 1.2e+02 1.2e+02 1.2e+02
 1.2e+02]
step_ratio_vec:,[0.1 0.1 0.1 0.1 0.1 0.1 0.1 0.1 0.1 0.1 0.1 0.1 0.1 0.1 0.1 0.1 0.1 0.1
 0.1 0.1 0.1 0.1 0.1 0.1 0.1 0.1 0.1 0.1 0.1 0.1 0.1 0.1 0.1 0.1 0.1 0.1
 0.1 0.1 0.1 0.1 0.1 0.1 0.1 0.1 0.1 0.1 0.1 0.1 0.1 0.1 0.1 0.1 0.1 0.1
 0.1 0.1 0.1 0.1 0.1 0.1 0.1 0.1 0.1 0.1 0.1 0.1 0.1 0.1 0.1 0.1 0.1 0.1
 0.1 0.1 0.1 0.1 0.1 0.1 0.1 0.1 0.1 0.1 0.1 0.1 0.1 0.1 0.1 0.1 0.1 0.1
 0.1 0.1 0.1 0.1 0.1 0.1 0.1 0.1 0.1 0.1 0.1 0.1 0.1 0.1 0.1 0.1 0.1 0.1
 0.1 0.1 0.1 0.1 0.1 0.1 0.1 0.1 0.1 0.1 0.1 0.1 0.1 0.1 0.1 0.1 0.1 0.1
 0.1 0.1 0.1 0.1 0.1 0.1 0.1 0.1 0.1 0.1 0.1 0.1 0.1 0.1 0.1 0.1 0.1 0.1
 0.1 0.1 0.1 0.1 0.1 0.1 0.1 0.1 0.1 0.1 0.1 0.1 0.1 0.1 0.1 0.1 0.1 0.1
 0.1 0.1 0.1 0.1 0.1 0.1 0.1 0.1 0.1 0.1 0.1 0.1 0.1 0.1 0.1 0.1 0.1 0.1
 0.1 0.1 0.1 0.1 0.1 0.1 0.1 0.1 0.1 0.1 0.1 0.1 0.1 0.1 0.1 0.1 0.1 0.1
 0.1 0.1 0.1 0.1 0.1 0.1 0.1 0.1 0.1 0.1 0.1 0.1 0.1 0.1 0.1 0.1 0.1 0.1
 0.1 0.1 0.1 0.1 0.1 0.1 0.1 0.1 0.1 0.1 0.1 0.1 0.1 0.1 0.1 0.1 0.1 0.1
 0.1 0.1 0.1 0.1 0.1 0.1 0.1 0.1 0.1 0.1 0.1 0.1 0.1 0.1 0.1 0.1 0.1 0.1
 0.1 0.1 0.1 0.1 0.1 0.1 0.1 0.1 0.1 0.1 0.1 0.1 0.1 0.1 0.1 0.1 0.1 0.1
 0.1 0.1 0.1 0.1 0.1 0.1 0.1 0.1 0.1 0.1 0.1 0.1 0.1 0.1 0.1 0.1 0.1 0.1
 0.1 0.1 0.1 0.1 0.1 0.1 0.1 0.1 0.1 0.1 0.1 0.1 0.1 0.1 0.1 0.1 0.1 0.1
 0.1 0.1 0.1 0.1 0.1 0.1 0.1 0.1 0.1 0.1 0.1 0.1 0.1 0.1 0.1 0.1 0.1 0.1
 0.1 0.1 0.1 0.1 0.1 0.1 0.1 0.1 0.1 0.1 0.1 0.1 0.1 0.1 0.1 0.1 0.1 0.1
 0.1 0.1 0.1 0.1 0.1 0.1 0.1 0.1 0.1 0.1 0.1 0.1 0.1 0.1 0.1 0.1 0.1 0.1
 0.1 0.1 0.1 0.1 0.1 0.1 0.1 0.1 0.1 0.1 0.1 0.1 0.1 0.1 0.1 0.1 0.1 0.1
 0.1 0.1 0.1 0.1 0.1 0.1 0.1 0.1 0.1 0.1 0.1 0.1 0.1 0.1 0.1 0.1 0.1 0.1
 0.1 0.1 0.1 0.1 0.1 0.1 0.1 0.1 0.1 0.1 0.1 0.1 0.1 0.1 0.1 0.1 0.1 0.1
 0.1]
swap interval:,100
sim interval:,[-1.1175e+08 -7.4500e+07 -3.7250e+07  0.0000e+00]
likelihood_sed (T/F):,True
erodep_coords:,[[ 0  3]
 [42 94]
 [42 95]
 ...
 [96 78]
 [96 79]
 [96 80]]
sed scaling factor:,1
samples_per_chain:,12
burnin:,0.35
num params:,415
initial_proposed_vec:,[ 1.52137352e+00  1.46385767e+00  1.54053554e+00  1.50088491e+00
  8.75365786e-07  5.00868821e-01  8.07819338e-01  3.45514845e-03
  1.26771420e-03  1.00867693e-03  5.75241034e-01  5.68628328e+00
  2.40012735e+04  5.64592926e+00  9.31602711e-03  5.42444793e+02
 -3.48675422e+02  4.37545677e+02  4.04814346e+02 -2.74667792e+02
 -4.49839986e+02 -5.50045390e+02  4.19117699e+02 -4.79655016e+01
 -3.76447364e+02  3.88054253e+02  9.35212500e+01 -1.00142302e+02
  3.66906432e+02 -5.23043257e+02  2.14005403e+02  1.82277086e+02
 -1.53458445e+02  4.18751460e+02  3.41307595e+02 -1.15994239e+02
  5.96942561e+02 -4.89490942e+01 -5.09703033e+02  5.83561270e+02
 -2.41797179e+02  4.96454397e+02  2.95839597e+01  2.19219600e+02
 -4.41418904e+02  1.58524613e+02  4.87228620e+02  1.34843764e+02
  4.35319671e+02  4.81162070e+02  3.88740395e+02  3.72984997e+02
 -3.19887143e+02  3.27929748e+02  3.62283775e+01 -5.59972468e+02
  1.57593754e+02 -6.84305405e+01  3.57937877e+02 -3.41467362e+02
  2.39654289e+02  4.06483172e+02 -3.91754416e+02 -5.41262707e+02
 -4.85457660e+02 -2.53698394e+02  4.10233417e+02 -1.34738113e+02
  3.65964074e+02 -3.97735320e+02  2.67968486e+02  4.44859010e+02
  2.52028384e+02 -5.33785361e+02  5.72056612e+02  4.15708067e+02
  1.40299833e+02 -2.90289458e+02 -1.29694387e+02 -3.07617596e+02
 -5.34517308e+02  1.69747047e+02  4.81600599e+02  1.04140577e+01
  1.47831755e+02  2.85910420e+02 -2.77128957e+02  1.33170908e+02
 -2.61113948e+02  2.96468385e+02 -2.79628470e+02 -3.35574914e+02
 -2.02668765e+02 -5.71737453e+01  2.91555827e+02  3.77372310e+02
  5.52413398e+01  4.63601824e+02 -5.93680677e+02 -4.74010014e+02
 -1.04014643e+02  8.01778564e+01 -2.43777643e+02  3.94239880e+02
  1.04970556e+02 -5.20190032e+02  5.25521591e+02  5.63432975e+02
  5.31779016e+02  2.30647246e+01  2.85894638e+02  4.53137656e+02
 -4.11634245e+02 -1.76416066e+02 -3.94967239e+02  5.31412088e+02
  3.62160325e+02  3.25734877e+02  1.28108542e+02  2.86006916e+02
  3.94007607e+02 -2.54928803e+02 -5.19142008e+02  1.40416069e+02
 -4.38211995e+02  3.80419552e+02  1.86074741e+02 -2.72091754e+02
 -3.99506612e+01 -1.98704171e+02  5.87937439e+02  6.57789972e+01
 -2.20195153e+01 -4.73294923e+02 -3.32109386e+02 -5.49330195e+02
 -5.18557767e+02 -5.56044280e+01  4.20454428e+02 -4.24642174e+02
 -7.04623538e+01  2.88510544e+02 -4.41057174e+02 -5.52316104e+02
 -4.89733913e+02  4.84870788e+02  5.03941988e+02  5.22543400e+02
 -5.99084500e+02 -5.98595486e+02 -5.40118657e+02 -5.33639960e+02
 -3.03452183e+02 -5.81156129e+02 -4.72546724e+02 -1.91450867e+02
 -4.68303604e+01  2.54675825e+02  1.61383279e+02 -4.96479133e+02
 -1.42844984e+02 -2.98499560e+02  3.43125070e+02 -3.70163948e+02
  5.15660662e+02  3.32549132e+02  4.83529131e+02 -1.98786675e+02
 -1.50584173e+02  3.05767950e+02  4.53047419e+02  2.29553124e+02
 -2.52855094e+02 -2.17143328e+02 -5.13521518e+02  3.47799725e+02
 -3.70122192e+01  1.19227652e+02 -4.72325355e+02  4.37455844e+02
  3.16458643e+02 -2.34395282e+02  4.56436654e+02 -9.13977136e+01
 -3.38675816e+02 -8.51393003e+01 -4.55074865e+02  4.28119220e+02
  3.16507822e+02 -4.10652345e+02 -4.33522696e+02  1.43123775e+01
  3.68937133e+02 -4.62224999e+01 -2.11330694e+02 -4.80797574e+02
 -4.87661638e+02 -4.18875514e+02 -3.77602463e+02  1.30068977e+02
 -9.20524917e+01  6.62193196e+01 -3.25973033e+02  3.04108641e+02
  2.79606751e+02  8.40639716e+00 -2.67130829e+02 -4.08491422e+02
 -4.23194428e+02 -1.69995836e+02  3.20888797e+02 -3.76202907e+02
  4.63572011e+02  2.70634095e+02 -5.48069835e+02 -3.77917407e+02
 -4.70158842e+02  2.28768590e+02 -7.17402705e+01  3.84915300e+02
 -6.92882507e+01  3.71212794e+02 -3.09547797e+02  4.82495262e+02
  5.02476578e+02  1.45162030e+02  1.69464917e+02  5.04470410e+02
 -4.59667504e+01  2.34634266e+02 -4.03670943e+02 -3.04816005e+02
  2.19585892e+02 -2.38446862e+00  2.70971478e+02  3.51313526e+02
 -3.03144656e+02 -4.04667851e+02 -3.35216570e+02  3.50163644e+02
  4.13876331e+02 -4.46026161e+02 -5.02519046e+02 -3.27663208e+02
 -5.48228695e+02  1.60703224e+02  5.76170608e+02 -3.28897750e+02
  3.20227728e+02 -4.91285812e+02 -3.98593371e+02  3.03293429e+02
 -2.88296630e+01  3.92595932e+02 -5.66676008e+02  3.81724613e+02
  7.99273057e+01 -3.09073931e+02 -5.25323484e+02 -5.05636971e+02
 -4.53605481e+02 -2.20664832e+01  1.38304579e+02 -3.01776029e+02
  4.81065057e+02 -3.46226469e+02 -4.66913244e+02 -5.13363040e+00
 -5.32526023e+02 -5.55350461e+02 -4.86950241e+02 -5.70322272e+01
  1.44162985e+02  1.08286246e+02  2.17315393e+02 -3.32584627e+02
  2.91496858e+02  4.35433816e+02 -2.60765766e+01 -3.78505724e+01
 -2.59661139e+02  4.87477555e+01  4.38733979e+02  5.50901231e+02
  4.57524018e+02 -9.01185204e+01 -1.66004652e+02  4.79884320e+02
  1.12772693e+02  5.64916113e+02 -3.70200345e+02 -3.92106143e+02
  4.20731065e+02 -2.94674458e+02 -1.54098284e+02 -1.91491093e+02
 -2.97480632e+02  3.24499750e+02  9.45672285e+01 -5.13920028e+02
  4.56216195e-01 -5.70325353e+02 -3.46470665e+02  8.89765940e+01
  5.35972267e+02 -1.16002908e+02  2.38671776e+02  1.61740775e+02
  3.20749146e+02  1.03229660e+01  2.81668423e+02 -2.80726467e+01
  2.37271053e+02  5.51331538e+02 -5.97099288e+02 -9.91170131e+01
  5.08290775e+02 -5.37199321e+02 -8.83360343e+01  1.84207150e+02
  1.88933376e+02 -3.70349749e+02 -1.87882895e+02 -3.68598884e+02
  2.46667008e+02 -4.14573952e+02  7.77473058e+00 -2.37220719e+02
 -4.91658301e+02 -3.45297264e+02 -2.00633280e+02  5.71041499e+02
  3.68711588e+01 -5.64467397e+02 -2.34525596e+02  2.25702238e+02
  7.69176170e+01  8.81667083e+01 -3.56515246e+01  5.31104189e+02
 -4.81899234e+01 -3.78665834e+02  4.84950344e+02  4.21967541e+02
 -9.40890729e+01  5.31456108e+02 -5.21980679e+02  4.62058319e+02
  5.51190892e-01 -5.39565088e+02 -1.15807017e+02 -2.43315490e+02
 -4.24443831e+02  3.56336209e+01  1.01787583e+02  1.15607472e+02
  9.40882294e+01 -6.04599758e+01  1.77809380e+02 -4.54109712e+02
  1.41209970e+02  4.15767907e+02  7.43841723e+00  2.78328372e+02
 -5.09816375e+02  1.59362484e+02  3.69011913e+02  4.50196335e+02
 -3.78136836e+01  2.96139085e+02  3.93637795e+02 -2.28102087e+02
  5.30317484e+02 -5.73420313e+02 -5.31528763e+01  2.21370802e+01
  3.39692168e+02 -5.43833222e+02  4.70959513e+02  3.23519005e+01
  8.43180744e+01 -1.22574695e+02 -3.23848025e+02  9.43771314e+01
 -4.33887593e+02 -1.68836349e+02  1.55797213e+02  4.07392114e+02
  1.51148855e+02 -4.14071095e+02 -4.86143231e+02  4.05877234e+01
 -4.60246806e+01  7.14383940e+01  9.41388088e+01  5.49945048e+02
  1.46528506e+02  3.74384896e+02  5.29412377e+02  2.53664865e+02
 -3.21616607e+02  5.45529859e+02  5.13735693e+02 -3.69086310e+02
  1.14240586e+02 -4.26008911e+02  2.96438849e+02  4.96436155e+02
 -5.32647987e+02 -4.39806883e+02 -3.24162757e+01  4.65418745e+02
 -3.54936109e+02 -2.25043807e+02 -4.41098764e+02]
stepsize_vec:,[1.0e-02 1.0e-02 1.0e-02 1.0e-02 4.0e-08 5.0e-03 4.0e-02 3.0e-04 1.2e-04
 4.0e-05 2.0e-02 2.0e-01 1.0e-01 2.0e-01 1.5e-03 1.2e+02 1.2e+02 1.2e+02
 1.2e+02 1.2e+02 1.2e+02 1.2e+02 1.2e+02 1.2e+02 1.2e+02 1.2e+02 1.2e+02
 1.2e+02 1.2e+02 1.2e+02 1.2e+02 1.2e+02 1.2e+02 1.2e+02 1.2e+02 1.2e+02
 1.2e+02 1.2e+02 1.2e+02 1.2e+02 1.2e+02 1.2e+02 1.2e+02 1.2e+02 1.2e+02
 1.2e+02 1.2e+02 1.2e+02 1.2e+02 1.2e+02 1.2e+02 1.2e+02 1.2e+02 1.2e+02
 1.2e+02 1.2e+02 1.2e+02 1.2e+02 1.2e+02 1.2e+02 1.2e+02 1.2e+02 1.2e+02
 1.2e+02 1.2e+02 1.2e+02 1.2e+02 1.2e+02 1.2e+02 1.2e+02 1.2e+02 1.2e+02
 1.2e+02 1.2e+02 1.2e+02 1.2e+02 1.2e+02 1.2e+02 1.2e+02 1.2e+02 1.2e+02
 1.2e+02 1.2e+02 1.2e+02 1.2e+02 1.2e+02 1.2e+02 1.2e+02 1.2e+02 1.2e+02
 1.2e+02 1.2e+02 1.2e+02 1.2e+02 1.2e+02 1.2e+02 1.2e+02 1.2e+02 1.2e+02
 1.2e+02 1.2e+02 1.2e+02 1.2e+02 1.2e+02 1.2e+02 1.2e+02 1.2e+02 1.2e+02
 1.2e+02 1.2e+02 1.2e+02 1.2e+02 1.2e+02 1.2e+02 1.2e+02 1.2e+02 1.2e+02
 1.2e+02 1.2e+02 1.2e+02 1.2e+02 1.2e+02 1.2e+02 1.2e+02 1.2e+02 1.2e+02
 1.2e+02 1.2e+02 1.2e+02 1.2e+02 1.2e+02 1.2e+02 1.2e+02 1.2e+02 1.2e+02
 1.2e+02 1.2e+02 1.2e+02 1.2e+02 1.2e+02 1.2e+02 1.2e+02 1.2e+02 1.2e+02
 1.2e+02 1.2e+02 1.2e+02 1.2e+02 1.2e+02 1.2e+02 1.2e+02 1.2e+02 1.2e+02
 1.2e+02 1.2e+02 1.2e+02 1.2e+02 1.2e+02 1.2e+02 1.2e+02 1.2e+02 1.2e+02
 1.2e+02 1.2e+02 1.2e+02 1.2e+02 1.2e+02 1.2e+02 1.2e+02 1.2e+02 1.2e+02
 1.2e+02 1.2e+02 1.2e+02 1.2e+02 1.2e+02 1.2e+02 1.2e+02 1.2e+02 1.2e+02
 1.2e+02 1.2e+02 1.2e+02 1.2e+02 1.2e+02 1.2e+02 1.2e+02 1.2e+02 1.2e+02
 1.2e+02 1.2e+02 1.2e+02 1.2e+02 1.2e+02 1.2e+02 1.2e+02 1.2e+02 1.2e+02
 1.2e+02 1.2e+02 1.2e+02 1.2e+02 1.2e+02 1.2e+02 1.2e+02 1.2e+02 1.2e+02
 1.2e+02 1.2e+02 1.2e+02 1.2e+02 1.2e+02 1.2e+02 1.2e+02 1.2e+02 1.2e+02
 1.2e+02 1.2e+02 1.2e+02 1.2e+02 1.2e+02 1.2e+02 1.2e+02 1.2e+02 1.2e+02
 1.2e+02 1.2e+02 1.2e+02 1.2e+02 1.2e+02 1.2e+02 1.2e+02 1.2e+02 1.2e+02
 1.2e+02 1.2e+02 1.2e+02 1.2e+02 1.2e+02 1.2e+02 1.2e+02 1.2e+02 1.2e+02
 1.2e+02 1.2e+02 1.2e+02 1.2e+02 1.2e+02 1.2e+02 1.2e+02 1.2e+02 1.2e+02
 1.2e+02 1.2e+02 1.2e+02 1.2e+02 1.2e+02 1.2e+02 1.2e+02 1.2e+02 1.2e+02
 1.2e+02 1.2e+02 1.2e+02 1.2e+02 1.2e+02 1.2e+02 1.2e+02 1.2e+02 1.2e+02
 1.2e+02 1.2e+02 1.2e+02 1.2e+02 1.2e+02 1.2e+02 1.2e+02 1.2e+02 1.2e+02
 1.2e+02 1.2e+02 1.2e+02 1.2e+02 1.2e+02 1.2e+02 1.2e+02 1.2e+02 1.2e+02
 1.2e+02 1.2e+02 1.2e+02 1.2e+02 1.2e+02 1.2e+02 1.2e+02 1.2e+02 1.2e+02
 1.2e+02 1.2e+02 1.2e+02 1.2e+02 1.2e+02 1.2e+02 1.2e+02 1.2e+02 1.2e+02
 1.2e+02 1.2e+02 1.2e+02 1.2e+02 1.2e+02 1.2e+02 1.2e+02 1.2e+02 1.2e+02
 1.2e+02 1.2e+02 1.2e+02 1.2e+02 1.2e+02 1.2e+02 1.2e+02 1.2e+02 1.2e+02
 1.2e+02 1.2e+02 1.2e+02 1.2e+02 1.2e+02 1.2e+02 1.2e+02 1.2e+02 1.2e+02
 1.2e+02 1.2e+02 1.2e+02 1.2e+02 1.2e+02 1.2e+02 1.2e+02 1.2e+02 1.2e+02
 1.2e+02 1.2e+02 1.2e+02 1.2e+02 1.2e+02 1.2e+02 1.2e+02 1.2e+02 1.2e+02
 1.2e+02 1.2e+02 1.2e+02 1.2e+02 1.2e+02 1.2e+02 1.2e+02 1.2e+02 1.2e+02
 1.2e+02 1.2e+02 1.2e+02 1.2e+02 1.2e+02 1.2e+02 1.2e+02 1.2e+02 1.2e+02
 1.2e+02 1.2e+02 1.2e+02 1.2e+02 1.2e+02 1.2e+02 1.2e+02 1.2e+02 1.2e+02
 1.2e+02 1.2e+02 1.2e+02 1.2e+02 1.2e+02 1.2e+02 1.2e+02 1.2e+02 1.2e+02
 1.2e+02 1.2e+02 1.2e+02 1.2e+02 1.2e+02 1.2e+02 1.2e+02 1.2e+02 1.2e+02
 1.2e+02 1.2e+02 1.2e+02 1.2e+02 1.2e+02 1.2e+02 1.2e+02 1.2e+02 1.2e+02
 1.2e+02 1.2e+02 1.2e+02 1.2e+02 1.2e+02 1.2e+02 1.2e+02 1.2e+02 1.2e+02
 1.2e+02]
step_ratio_vec:,[0.1 0.1 0.1 0.1 0.1 0.1 0.1 0.1 0.1 0.1 0.1 0.1 0.1 0.1 0.1 0.1 0.1 0.1
 0.1 0.1 0.1 0.1 0.1 0.1 0.1 0.1 0.1 0.1 0.1 0.1 0.1 0.1 0.1 0.1 0.1 0.1
 0.1 0.1 0.1 0.1 0.1 0.1 0.1 0.1 0.1 0.1 0.1 0.1 0.1 0.1 0.1 0.1 0.1 0.1
 0.1 0.1 0.1 0.1 0.1 0.1 0.1 0.1 0.1 0.1 0.1 0.1 0.1 0.1 0.1 0.1 0.1 0.1
 0.1 0.1 0.1 0.1 0.1 0.1 0.1 0.1 0.1 0.1 0.1 0.1 0.1 0.1 0.1 0.1 0.1 0.1
 0.1 0.1 0.1 0.1 0.1 0.1 0.1 0.1 0.1 0.1 0.1 0.1 0.1 0.1 0.1 0.1 0.1 0.1
 0.1 0.1 0.1 0.1 0.1 0.1 0.1 0.1 0.1 0.1 0.1 0.1 0.1 0.1 0.1 0.1 0.1 0.1
 0.1 0.1 0.1 0.1 0.1 0.1 0.1 0.1 0.1 0.1 0.1 0.1 0.1 0.1 0.1 0.1 0.1 0.1
 0.1 0.1 0.1 0.1 0.1 0.1 0.1 0.1 0.1 0.1 0.1 0.1 0.1 0.1 0.1 0.1 0.1 0.1
 0.1 0.1 0.1 0.1 0.1 0.1 0.1 0.1 0.1 0.1 0.1 0.1 0.1 0.1 0.1 0.1 0.1 0.1
 0.1 0.1 0.1 0.1 0.1 0.1 0.1 0.1 0.1 0.1 0.1 0.1 0.1 0.1 0.1 0.1 0.1 0.1
 0.1 0.1 0.1 0.1 0.1 0.1 0.1 0.1 0.1 0.1 0.1 0.1 0.1 0.1 0.1 0.1 0.1 0.1
 0.1 0.1 0.1 0.1 0.1 0.1 0.1 0.1 0.1 0.1 0.1 0.1 0.1 0.1 0.1 0.1 0.1 0.1
 0.1 0.1 0.1 0.1 0.1 0.1 0.1 0.1 0.1 0.1 0.1 0.1 0.1 0.1 0.1 0.1 0.1 0.1
 0.1 0.1 0.1 0.1 0.1 0.1 0.1 0.1 0.1 0.1 0.1 0.1 0.1 0.1 0.1 0.1 0.1 0.1
 0.1 0.1 0.1 0.1 0.1 0.1 0.1 0.1 0.1 0.1 0.1 0.1 0.1 0.1 0.1 0.1 0.1 0.1
 0.1 0.1 0.1 0.1 0.1 0.1 0.1 0.1 0.1 0.1 0.1 0.1 0.1 0.1 0.1 0.1 0.1 0.1
 0.1 0.1 0.1 0.1 0.1 0.1 0.1 0.1 0.1 0.1 0.1 0.1 0.1 0.1 0.1 0.1 0.1 0.1
 0.1 0.1 0.1 0.1 0.1 0.1 0.1 0.1 0.1 0.1 0.1 0.1 0.1 0.1 0.1 0.1 0.1 0.1
 0.1 0.1 0.1 0.1 0.1 0.1 0.1 0.1 0.1 0.1 0.1 0.1 0.1 0.1 0.1 0.1 0.1 0.1
 0.1 0.1 0.1 0.1 0.1 0.1 0.1 0.1 0.1 0.1 0.1 0.1 0.1 0.1 0.1 0.1 0.1 0.1
 0.1 0.1 0.1 0.1 0.1 0.1 0.1 0.1 0.1 0.1 0.1 0.1 0.1 0.1 0.1 0.1 0.1 0.1
 0.1 0.1 0.1 0.1 0.1 0.1 0.1 0.1 0.1 0.1 0.1 0.1 0.1 0.1 0.1 0.1 0.1 0.1
 0.1]
swap interval:,100
sim interval:,[-1.1175e+08 -7.4500e+07 -3.7250e+07  0.0000e+00]
likelihood_sed (T/F):,True
erodep_coords:,[[ 0  3]
 [42 94]
 [42 95]
 ...
 [96 78]
 [96 79]
 [96 80]]
sed scaling factor:,1
samples_per_chain:,12
burnin:,0.35
num params:,415
initial_proposed_vec:,[ 1.52137352e+00  1.46385767e+00  1.54053554e+00  1.50088491e+00
  8.75365786e-07  5.00868821e-01  8.07819338e-01  3.45514845e-03
  1.26771420e-03  1.00867693e-03  5.75241034e-01  5.68628328e+00
  2.40012735e+04  5.64592926e+00  9.31602711e-03  5.42444793e+02
 -3.48675422e+02  4.37545677e+02  4.04814346e+02 -2.74667792e+02
 -4.49839986e+02 -5.50045390e+02  4.19117699e+02 -4.79655016e+01
 -3.76447364e+02  3.88054253e+02  9.35212500e+01 -1.00142302e+02
  3.66906432e+02 -5.23043257e+02  2.14005403e+02  1.82277086e+02
 -1.53458445e+02  4.18751460e+02  3.41307595e+02 -1.15994239e+02
  5.96942561e+02 -4.89490942e+01 -5.09703033e+02  5.83561270e+02
 -2.41797179e+02  4.96454397e+02  2.95839597e+01  2.19219600e+02
 -4.41418904e+02  1.58524613e+02  4.87228620e+02  1.34843764e+02
  4.35319671e+02  4.81162070e+02  3.88740395e+02  3.72984997e+02
 -3.19887143e+02  3.27929748e+02  3.62283775e+01 -5.59972468e+02
  1.57593754e+02 -6.84305405e+01  3.57937877e+02 -3.41467362e+02
  2.39654289e+02  4.06483172e+02 -3.91754416e+02 -5.41262707e+02
 -4.85457660e+02 -2.53698394e+02  4.10233417e+02 -1.34738113e+02
  3.65964074e+02 -3.97735320e+02  2.67968486e+02  4.44859010e+02
  2.52028384e+02 -5.33785361e+02  5.72056612e+02  4.15708067e+02
  1.40299833e+02 -2.90289458e+02 -1.29694387e+02 -3.07617596e+02
 -5.34517308e+02  1.69747047e+02  4.81600599e+02  1.04140577e+01
  1.47831755e+02  2.85910420e+02 -2.77128957e+02  1.33170908e+02
 -2.61113948e+02  2.96468385e+02 -2.79628470e+02 -3.35574914e+02
 -2.02668765e+02 -5.71737453e+01  2.91555827e+02  3.77372310e+02
  5.52413398e+01  4.63601824e+02 -5.93680677e+02 -4.74010014e+02
 -1.04014643e+02  8.01778564e+01 -2.43777643e+02  3.94239880e+02
  1.04970556e+02 -5.20190032e+02  5.25521591e+02  5.63432975e+02
  5.31779016e+02  2.30647246e+01  2.85894638e+02  4.53137656e+02
 -4.11634245e+02 -1.76416066e+02 -3.94967239e+02  5.31412088e+02
  3.62160325e+02  3.25734877e+02  1.28108542e+02  2.86006916e+02
  3.94007607e+02 -2.54928803e+02 -5.19142008e+02  1.40416069e+02
 -4.38211995e+02  3.80419552e+02  1.86074741e+02 -2.72091754e+02
 -3.99506612e+01 -1.98704171e+02  5.87937439e+02  6.57789972e+01
 -2.20195153e+01 -4.73294923e+02 -3.32109386e+02 -5.49330195e+02
 -5.18557767e+02 -5.56044280e+01  4.20454428e+02 -4.24642174e+02
 -7.04623538e+01  2.88510544e+02 -4.41057174e+02 -5.52316104e+02
 -4.89733913e+02  4.84870788e+02  5.03941988e+02  5.22543400e+02
 -5.99084500e+02 -5.98595486e+02 -5.40118657e+02 -5.33639960e+02
 -3.03452183e+02 -5.81156129e+02 -4.72546724e+02 -1.91450867e+02
 -4.68303604e+01  2.54675825e+02  1.61383279e+02 -4.96479133e+02
 -1.42844984e+02 -2.98499560e+02  3.43125070e+02 -3.70163948e+02
  5.15660662e+02  3.32549132e+02  4.83529131e+02 -1.98786675e+02
 -1.50584173e+02  3.05767950e+02  4.53047419e+02  2.29553124e+02
 -2.52855094e+02 -2.17143328e+02 -5.13521518e+02  3.47799725e+02
 -3.70122192e+01  1.19227652e+02 -4.72325355e+02  4.37455844e+02
  3.16458643e+02 -2.34395282e+02  4.56436654e+02 -9.13977136e+01
 -3.38675816e+02 -8.51393003e+01 -4.55074865e+02  4.28119220e+02
  3.16507822e+02 -4.10652345e+02 -4.33522696e+02  1.43123775e+01
  3.68937133e+02 -4.62224999e+01 -2.11330694e+02 -4.80797574e+02
 -4.87661638e+02 -4.18875514e+02 -3.77602463e+02  1.30068977e+02
 -9.20524917e+01  6.62193196e+01 -3.25973033e+02  3.04108641e+02
  2.79606751e+02  8.40639716e+00 -2.67130829e+02 -4.08491422e+02
 -4.23194428e+02 -1.69995836e+02  3.20888797e+02 -3.76202907e+02
  4.63572011e+02  2.70634095e+02 -5.48069835e+02 -3.77917407e+02
 -4.70158842e+02  2.28768590e+02 -7.17402705e+01  3.84915300e+02
 -6.92882507e+01  3.71212794e+02 -3.09547797e+02  4.82495262e+02
  5.02476578e+02  1.45162030e+02  1.69464917e+02  5.04470410e+02
 -4.59667504e+01  2.34634266e+02 -4.03670943e+02 -3.04816005e+02
  2.19585892e+02 -2.38446862e+00  2.70971478e+02  3.51313526e+02
 -3.03144656e+02 -4.04667851e+02 -3.35216570e+02  3.50163644e+02
  4.13876331e+02 -4.46026161e+02 -5.02519046e+02 -3.27663208e+02
 -5.48228695e+02  1.60703224e+02  5.76170608e+02 -3.28897750e+02
  3.20227728e+02 -4.91285812e+02 -3.98593371e+02  3.03293429e+02
 -2.88296630e+01  3.92595932e+02 -5.66676008e+02  3.81724613e+02
  7.99273057e+01 -3.09073931e+02 -5.25323484e+02 -5.05636971e+02
 -4.53605481e+02 -2.20664832e+01  1.38304579e+02 -3.01776029e+02
  4.81065057e+02 -3.46226469e+02 -4.66913244e+02 -5.13363040e+00
 -5.32526023e+02 -5.55350461e+02 -4.86950241e+02 -5.70322272e+01
  1.44162985e+02  1.08286246e+02  2.17315393e+02 -3.32584627e+02
  2.91496858e+02  4.35433816e+02 -2.60765766e+01 -3.78505724e+01
 -2.59661139e+02  4.87477555e+01  4.38733979e+02  5.50901231e+02
  4.57524018e+02 -9.01185204e+01 -1.66004652e+02  4.79884320e+02
  1.12772693e+02  5.64916113e+02 -3.70200345e+02 -3.92106143e+02
  4.20731065e+02 -2.94674458e+02 -1.54098284e+02 -1.91491093e+02
 -2.97480632e+02  3.24499750e+02  9.45672285e+01 -5.13920028e+02
  4.56216195e-01 -5.70325353e+02 -3.46470665e+02  8.89765940e+01
  5.35972267e+02 -1.16002908e+02  2.38671776e+02  1.61740775e+02
  3.20749146e+02  1.03229660e+01  2.81668423e+02 -2.80726467e+01
  2.37271053e+02  5.51331538e+02 -5.97099288e+02 -9.91170131e+01
  5.08290775e+02 -5.37199321e+02 -8.83360343e+01  1.84207150e+02
  1.88933376e+02 -3.70349749e+02 -1.87882895e+02 -3.68598884e+02
  2.46667008e+02 -4.14573952e+02  7.77473058e+00 -2.37220719e+02
 -4.91658301e+02 -3.45297264e+02 -2.00633280e+02  5.71041499e+02
  3.68711588e+01 -5.64467397e+02 -2.34525596e+02  2.25702238e+02
  7.69176170e+01  8.81667083e+01 -3.56515246e+01  5.31104189e+02
 -4.81899234e+01 -3.78665834e+02  4.84950344e+02  4.21967541e+02
 -9.40890729e+01  5.31456108e+02 -5.21980679e+02  4.62058319e+02
  5.51190892e-01 -5.39565088e+02 -1.15807017e+02 -2.43315490e+02
 -4.24443831e+02  3.56336209e+01  1.01787583e+02  1.15607472e+02
  9.40882294e+01 -6.04599758e+01  1.77809380e+02 -4.54109712e+02
  1.41209970e+02  4.15767907e+02  7.43841723e+00  2.78328372e+02
 -5.09816375e+02  1.59362484e+02  3.69011913e+02  4.50196335e+02
 -3.78136836e+01  2.96139085e+02  3.93637795e+02 -2.28102087e+02
  5.30317484e+02 -5.73420313e+02 -5.31528763e+01  2.21370802e+01
  3.39692168e+02 -5.43833222e+02  4.70959513e+02  3.23519005e+01
  8.43180744e+01 -1.22574695e+02 -3.23848025e+02  9.43771314e+01
 -4.33887593e+02 -1.68836349e+02  1.55797213e+02  4.07392114e+02
  1.51148855e+02 -4.14071095e+02 -4.86143231e+02  4.05877234e+01
 -4.60246806e+01  7.14383940e+01  9.41388088e+01  5.49945048e+02
  1.46528506e+02  3.74384896e+02  5.29412377e+02  2.53664865e+02
 -3.21616607e+02  5.45529859e+02  5.13735693e+02 -3.69086310e+02
  1.14240586e+02 -4.26008911e+02  2.96438849e+02  4.96436155e+02
 -5.32647987e+02 -4.39806883e+02 -3.24162757e+01  4.65418745e+02
 -3.54936109e+02 -2.25043807e+02 -4.41098764e+02]
stepsize_vec:,[1.0e-02 1.0e-02 1.0e-02 1.0e-02 4.0e-08 5.0e-03 4.0e-02 3.0e-04 1.2e-04
 4.0e-05 2.0e-02 2.0e-01 1.0e-01 2.0e-01 1.5e-03 1.2e+02 1.2e+02 1.2e+02
 1.2e+02 1.2e+02 1.2e+02 1.2e+02 1.2e+02 1.2e+02 1.2e+02 1.2e+02 1.2e+02
 1.2e+02 1.2e+02 1.2e+02 1.2e+02 1.2e+02 1.2e+02 1.2e+02 1.2e+02 1.2e+02
 1.2e+02 1.2e+02 1.2e+02 1.2e+02 1.2e+02 1.2e+02 1.2e+02 1.2e+02 1.2e+02
 1.2e+02 1.2e+02 1.2e+02 1.2e+02 1.2e+02 1.2e+02 1.2e+02 1.2e+02 1.2e+02
 1.2e+02 1.2e+02 1.2e+02 1.2e+02 1.2e+02 1.2e+02 1.2e+02 1.2e+02 1.2e+02
 1.2e+02 1.2e+02 1.2e+02 1.2e+02 1.2e+02 1.2e+02 1.2e+02 1.2e+02 1.2e+02
 1.2e+02 1.2e+02 1.2e+02 1.2e+02 1.2e+02 1.2e+02 1.2e+02 1.2e+02 1.2e+02
 1.2e+02 1.2e+02 1.2e+02 1.2e+02 1.2e+02 1.2e+02 1.2e+02 1.2e+02 1.2e+02
 1.2e+02 1.2e+02 1.2e+02 1.2e+02 1.2e+02 1.2e+02 1.2e+02 1.2e+02 1.2e+02
 1.2e+02 1.2e+02 1.2e+02 1.2e+02 1.2e+02 1.2e+02 1.2e+02 1.2e+02 1.2e+02
 1.2e+02 1.2e+02 1.2e+02 1.2e+02 1.2e+02 1.2e+02 1.2e+02 1.2e+02 1.2e+02
 1.2e+02 1.2e+02 1.2e+02 1.2e+02 1.2e+02 1.2e+02 1.2e+02 1.2e+02 1.2e+02
 1.2e+02 1.2e+02 1.2e+02 1.2e+02 1.2e+02 1.2e+02 1.2e+02 1.2e+02 1.2e+02
 1.2e+02 1.2e+02 1.2e+02 1.2e+02 1.2e+02 1.2e+02 1.2e+02 1.2e+02 1.2e+02
 1.2e+02 1.2e+02 1.2e+02 1.2e+02 1.2e+02 1.2e+02 1.2e+02 1.2e+02 1.2e+02
 1.2e+02 1.2e+02 1.2e+02 1.2e+02 1.2e+02 1.2e+02 1.2e+02 1.2e+02 1.2e+02
 1.2e+02 1.2e+02 1.2e+02 1.2e+02 1.2e+02 1.2e
samples_per_chain:,12
burnin:,0.35
num params:,415
initial_proposed_vec:,[ 1.52137352e+00  1.46385767e+00  1.54053554e+00  1.50088491e+00
  8.75365786e-07  5.00868821e-01  8.07819338e-01  3.45514845e-03
  1.26771420e-03  1.00867693e-03  5.75241034e-01  5.68628328e+00
  2.40012735e+04  5.64592926e+00  9.31602711e-03  5.42444793e+02
 -3.48675422e+02  4.37545677e+02  4.04814346e+02 -2.74667792e+02
 -4.49839986e+02 -5.50045390e+02  4.19117699e+02 -4.79655016e+01
 -3.76447364e+02  3.88054253e+02  9.35212500e+01 -1.00142302e+02
  3.66906432e+02 -5.23043257e+02  2.14005403e+02  1.82277086e+02
 -1.53458445e+02  4.18751460e+02  3.41307595e+02 -1.15994239e+02
  5.96942561e+02 -4.89490942e+01 -5.09703033e+02  5.83561270e+02
 -2.41797179e+02  4.96454397e+02  2.95839597e+01  2.19219600e+02
 -4.41418904e+02  1.58524613e+02  4.87228620e+02  1.34843764e+02
  4.35319671e+02  4.81162070e+02  3.88740395e+02  3.72984997e+02
 -3.19887143e+02  3.27929748e+02  3.62283775e+01 -5.59972468e+02
  1.57593754e+02 -6.84305405e+01  3.57937877e+02 -3.41467362e+02
  2.39654289e+02  4.06483172e+02 -3.91754416e+02 -5.41262707e+02
 -4.85457660e+02 -2.53698394e+02  4.10233417e+02 -1.34738113e+02
  3.65964074e+02 -3.97735320e+02  2.67968486e+02  4.44859010e+02
  2.52028384e+02 -5.33785361e+02  5.72056612e+02  4.15708067e+02
  1.40299833e+02 -2.90289458e+02 -1.29694387e+02 -3.07617596e+02
 -5.34517308e+02  1.69747047e+02  4.81600599e+02  1.04140577e+01
  1.47831755e+02  2.85910420e+02 -2.77128957e+02  1.33170908e+02
 -2.61113948e+02  2.96468385e+02 -2.79628470e+02 -3.35574914e+02
 -2.02668765e+02 -5.71737453e+01  2.91555827e+02  3.77372310e+02
  5.52413398e+01  4.63601824e+02 -5.93680677e+02 -4.74010014e+02
 -1.04014643e+02  8.01778564e+01 -2.43777643e+02  3.94239880e+02
  1.04970556e+02 -5.20190032e+02  5.25521591e+02  5.63432975e+02
  5.31779016e+02  2.30647246e+01  2.85894638e+02  4.53137656e+02
 -4.11634245e+02 -1.76416066e+02 -3.94967239e+02  5.31412088e+02
  3.62160325e+02  3.25734877e+02  1.28108542e+02  2.86006916e+02
  3.94007607e+02 -2.54928803e+02 -5.19142008e+02  1.40416069e+02
 -4.38211995e+02  3.80419552e+02  1.86074741e+02 -2.72091754e+02
 -3.99506612e+01 -1.98704171e+02  5.87937439e+02  6.57789972e+01
 -2.20195153e+01 -4.73294923e+02 -3.32109386e+02 -5.49330195e+02
 -5.18557767e+02 -5.56044280e+01  4.20454428e+02 -4.24642174e+02
 -7.04623538e+01  2.88510544e+02 -4.41057174e+02 -5.52316104e+02
 -4.89733913e+02  4.84870788e+02  5.03941988e+02  5.22543400e+02
 -5.99084500e+02 -5.98595486e+02 -5.40118657e+02 -5.33639960e+02
 -3.03452183e+02 -5.81156129e+02 -4.72546724e+02 -1.91450867e+02
 -4.68303604e+01  2.54675825e+02  1.61383279e+02 -4.96479133e+02
 -1.42844984e+02 -2.98499560e+02  3.43125070e+02 -3.70163948e+02
  5.15660662e+02  3.32549132e+02  4.83529131e+02 -1.98786675e+02
 -1.50584173e+02  3.05767950e+02  4.53047419e+02  2.29553124e+02
 -2.52855094e+02 -2.17143328e+02 -5.13521518e+02  3.47799725e+02
 -3.70122192e+01  1.19227652e+02 -4.72325355e+02  4.37455844e+02
  3.16458643e+02 -2.34395282e+02  4.56436654e+02 -9.13977136e+01
 -3.38675816e+02 -8.51393003e+01 -4.55074865e+02  4.28119220e+02
  3.16507822e+02 -4.10652345e+02 -4.33522696e+02  1.43123775e+01
  3.68937133e+02 -4.62224999e+01 -2.11330694e+02 -4.80797574e+02
 -4.87661638e+02 -4.18875514e+02 -3.77602463e+02  1.30068977e+02
 -9.20524917e+01  6.62193196e+01 -3.25973033e+02  3.04108641e+02
  2.79606751e+02  8.40639716e+00 -2.67130829e+02 -4.08491422e+02
 -4.23194428e+02 -1.69995836e+02  3.20888797e+02 -3.76202907e+02
  4.63572011e+02  2.70634095e+02 -5.48069835e+02 -3.77917407e+02
 -4.70158842e+02  2.28768590e+02 -7.17402705e+01  3.84915300e+02
 -6.92882507e+01  3.71212794e+02 -3.09547797e+02  4.82495262e+02
  5.02476578e+02  1.45162030e+02  1.69464917e+02  5.04470410e+02
 -4.59667504e+01  2.34634266e+02 -4.03670943e+02 -3.04816005e+02
  2.19585892e+02 -2.38446862e+00  2.70971478e+02  3.51313526e+02
 -3.03144656e+02 -4.04667851e+02 -3.35216570e+02  3.50163644e+02
  4.13876331e+02 -4.46026161e+02 -5.02519046e+02 -3.27663208e+02
 -5.48228695e+02  1.60703224e+02  5.76170608e+02 -3.28897+02 1.2e+02 1.2e+02 1.2e+02
 1.2e+02 1.2e+02 1.2e+02 1.2e+02 1.2e+02 1.2e+02 1.2e+02 1.2e+02 1.2e+02
 1.2e+02 1.2e+02 1.2e+02 1.2e+02 1.2e+02 1.2e+02 1.2e+02 1.2e+02 1.2e+02
 1.2e+02 1.2e+02 1.2e+02 1.2e+02 1.2e+02 1.2e+02 1.2e+02 1.2e+02 1.2e+02
 1.2e+02 1.2e+02 1.2e+02 1.2e+02 1.2e+02 1.2e+02 1.2e+02 1.2e+02 1.2e+02
 1.2e+02 1.2e+02 1.2e+02 1.2e+02 1.2e+02 1.2e+02 1.2e+02 1.2e+02 1.2e+02
 1.2e+02 1.2e+02 1.2e+02 1.2e+02 1.2e+02 1.2e+02 1.2e+02 1.2e+02 1.2e+02
 1.2e+02 1.2e+02 1.2e+02 1.2e+02 1.2e+02 1.2e+02 1.2e+02 1.2e+02 1.2e+02
 1.2e+02 1.2e+02 1.2e+02 1.2e+02 1.2e+02 1.2e+02 1.2e+02 1.2e+02 1.2e+02
 1.2e+02 1.2e+02 1.2e+02 1.2e+02 1.2e+02 1.2e+02 1.2e+02 1.2e+02 1.2e+02
 1.2e+02 1.2e+02 1.2e+02 1.2e+02 1.2e+02 1.2e+02 1.2e+02 1.2e+02 1.2e+02
 1.2e+02 1.2e+02 1.2e+02 1.2e+02 1.2e+02 1.2e+02 1.2e+02 1.2e+02 1.2e+02
 1.2e+02 1.2e+02 1.2e+02 1.2e+02 1.2e+02 1.2e+02 1.2e+02 1.2e+02 1.2e+02
 1.2e+02 1.2e+02 1.2e+02 1.2e+02 1.2e+02 1.2e+02 1.2e+02 1.2e+02 1.2e+02
 1.2e+02 1.2e+02 1.2e+02 1.2e+02 1.2e+02 1.2e+02 1.2e+02 1.2e+02 1.2e+02
 1.2e+02 1.2e+02 1.2e+02 1.2e+02 1.2e+02 1.2e+02 1.2e+02 1.2e+02 1.2e+02
 1.2e+02 1.2e+02 1.2e+02 1.2e+02 1.2e+02 1.2e+02 1.2e+02 1.2e+02 1.2e+02
 1.2e+02 1.2e+02 1.2e+02 1.2e+02 1.2e+02 1.2e+02 1.2e+02 1.2e+02 1.2e+02
 1.2e+02 1.2e+02 1.2e+02 1.2e+02 1.2e+02 1.2e+02 1.2e+02 1.2e+02 1.2e+02
 1.2e+02 1.2e+02 1.2e+02 1.2e+02 1.2e+02 1.2e+02 1.2e+02 1.2e+02 1.2e+02
 1.2e+02 1.2e+02 1.2e+02 1.2e+02 1.2e+02 1.2e+02 1.2e+02 1.2e+02 1.2e+02
 1.2e+02 1.2e+02 1.2e+02 1.2e+02 1.2e+02 1.2e+02 1.2e+02 1.2e+02 1.2e+02
 1.2e+02 1.2e+02 1.2e+02 1.2e+02 1.2e+02 1.2e+02 1.2e+02 1.2e+02 1.2e+02
 1.2e+02 1.2e+02 1.2e+02 1.2e+02 1.2e+02 1.2e+02 1.2e+02 1.2e+02 1.2e+02
 1.2e+02 1.2e+02 1.2e+02 1.2e+02 1.2e+02 1.2e+02 1.2e+02 1.2e+02 1.2e+02
 1.2e+02 1.2e+02 1.2e+02 1.2e+02 1.2e+02 1.2e+02 1.2e+02 1.2e+02 1.2e+02
 1.2e+02 1.2e+02 1.2e+02 1.2e+02 1.2e+02 1.2e+02 1.2e+02 1.2e+02 1.2e+02
 1.2e+02 1.2e+02 1.2e+02 1.2e+02 1.2e+02 1.2e+02 1.2e+02 1.2e+02 1.2e+02
 1.2e+02]
step_ratio_vec:,[0.1 0.1 0.1 0.1 0.1 0.1 0.1 0.1 0.1 0.1 0.1 0.1 0.1 0.1 0.1 0.1 0.1 0.1
 0.1 0.1 0.1 0.1 0.1 0.1 0.1 0.1 0.1 0.1 0.1 0.1 0.1 0.1 0.1 0.1 0.1 0.1
 0.1 0.1 0.1 0.1 0.1 0.1 0.1 0.1 0.1 0.1 0.1 0.1 0.1 0.1 0.1 0.1 0.1 0.1
 0.1 0.1 0.1 0.1 0.1 0.1 0.1 0.1 0.1 0.1 0.1 0.1 0.1 0.1 0.1 0.1 0.1 0.1
 0.1 0.1 0.1 0.1 0.1 0.1 0.1 0.1 0.1 0.1 0.1 0.1 0.1 0.1 0.1 0.1 0.1 0.1
 0.1 0.1 0.1 0.1 0.1 0.1 0.1 0.1 0.1 0.1 0.1 0.1 0.1 0.1 0.1 0.1 0.1 0.1
 0.1 0.1 0.1 0.1 0.1 0.1 0.1 0.1 0.1 0.1 0.1 0.1 0.1 0.1 0.1 0.1 0.1 0.1
 0.1 0.1 0.1 0.1 0.1 0.1 0.1 0.1 0.1 0.1 0.1 0.1 0.1 0.1 0.1 0.1 0.1 0.1
 0.1 0.1 0.1 0.1 0.1 0.1 0.1 0.1 0.1 0.1 0.1 0.1 0.1 0.1 0.1 0.1 0.1 0.1
 0.1 0.1 0.1 0.1 0.1 0.1 0.1 0.1 0.1 0.1 0.1 0.1 0.1 0.1 0.1 0.1 0.1 0.1
 0.1 0.1 0.1 0.1 0.1 0.1 0.1 0.1 0.1 0.1 0.1 0.1 0.1 0.1 0.1 0.1 0.1 0.1
 0.1 0.1 0.1 0.1 0.1 0.1 0.1 0.1 0.1 0.1 0.1 0.1 0.1 0.1 0.1 0.1 0.1 0.1
 0.1 0.1 0.1 0.1 0.1 0.1 0.1 0.1 0.1 0.1 0.1 0.1 0.1 0.1 0.1 0.1 0.1 0.1
 0.1 0.1 0.1 0.1 0.1 0.1 0.1 0.1 0.1 0.1 0.1 0.1 0.1 0.1 0.1 0.1 0.1 0.1
 0.1 0.1 0.1 0.1 0.1 0.1 0.1 0.1 0.1 0.1 0.1 0.1 0.1 0.1 0.1 0.1 0.1 0.1
 0.1 0.1 0.1 0.1 0.1 0.1 0.1 0.1 0.1 0.1 0.1 0.1 0.1 0.1 0.1 0.1 0.1 0.1
 0.1 0.1 0.1 0.1 0.1 0.1 0.1 0.1 0.1 0.1 0.1 0.1 0.1 0.1 0.1 0.1 0.1 0.1
 0.1 0.1 0.1 0.1 0.1 0.1 0.1 0.1 0.1 0.1 0.1 0.1 0.1 0.1 0.1 0.1 0.1 0.1
 0.1 0.1 0.1 0.1 0.1 0.1 0.1 0.1 0.1 0.1 0.1 0.1 0.1 0.1 0.1 0.1 0.1 0.1
 0.1 0.1 0.1 0.1 0.1 0.1 0.1 0.1 0.1 0.1 0.1 0.1 0.1 0.1 0.1 0.1 0.1 0.1
 0.1 0.1 0.1 0.1 0.1 0.1 0.1 0.1 0.1 0.1 0.1 0.1 0.1 0.1 0.1 0.1 0.1 0.1
 0.1 0.1 0.1 0.1 0.1 0.1 0.1 0.1 0.1 0.1 0.1 0.1 0.1 0.1 0.1 0.1 0.1 0.1
 0.1 0.1 0.1 0.1 0.1 0.1 0.1 0.1 0.1 0.1 0.1 0.1 0.1 0.1 0.1 0.1 0.1 0.1
 0.1]
swap interval:,100
sim interval:,[-1.1175e+08 -7.4500e+07 -3.7250e+07  0.0000e+00]
likelihood_sed (T/F):,True
erodep_coords:,[[ 0  3]
 [42 94]
 [42 95]
 ...
 [96 78]
 [96 79]
 [96 80]]
sed scaling factor:,1750e+02
  3.20227728e+02 -4.91285812e+02 -3.98593371e+02  3.03293429e+02
 -2.88296630e+01  3.92595932e+02 -5.66676008e+02  3.81724613e+02
  7.99273057e+01 -3.09073931e+02 -5.25323484e+02 -5.05636971e+02
 -4.53605481e+02 -2.20664832e+01  1.38304579e+02 -3.01776029e+02
  4.81065057e+02 -3.46226469e+02 -4.66913244e+02 -5.13363040e+00
 -5.32526023e+02 -5.55350461e+02 -4.86950241e+02 -5.70322272e+01
  1.44162985e+02  1.08286246e+02  2.17315393e+02 -3.32584627e+02
  2.91496858e+02  4.35433816e+02 -2.60765766e+01 -3.78505724e+01
 -2.59661139e+02  4.87477555e+01  4.38733979e+02  5.50901231e+02
  4.57524018e+02 -9.01185204e+01 -1.66004652e+02  4.79884320e+02
  1.12772693e+02  5.64916113e+02 -3.70200345e+02 -3.92106143e+02
  4.20731065e+02 -2.94674458e+02 -1.54098284e+02 -1.91491093e+02
 -2.97480632e+02  3.24499750e+02  9.45672285e+01 -5.13920028e+02
  4.56216195e-01 -5.70325353e+02 -3.46470665e+02  8.89765940e+01
  5.35972267e+02 -1.16002908e+02  2.38671776e+02  1.61740775e+02
  3.20749146e+02  1.03229660e+01  2.81668423e+02 -2.80726467e+01
  2.37271053e+02  5.51331538e+02 -5.97099288e+02 -9.91170131e+01
  5.08290775e+02 -5.37199321e+02 -8.83360343e+01  1.84207150e+02
  1.88933376e+02 -3.70349749e+02 -1.87882895e+02 -3.68598884e+02
  2.46667008e+02 -4.14573952e+02  7.77473058e+00 -2.37220719e+02
 -4.91658301e+02 -3.45297264e+02 -2.00633280e+02  5.71041499e+02
  3.68711588e+01 -5.64467397e+02 -2.34525596e+02  2.25702238e+02
  7.69176170e+01  8.81667083e+01 -3.56515246e+01  5.31104189e+02
 -4.81899234e+01 -3.78665834e+02  4.84950344e+02  4.21967541e+02
 -9.40890729e+01  5.31456108e+02 -5.21980679e+02  4.62058319e+02
  5.51190892e-01 -5.39565088e+02 -1.15807017e+02 -2.43315490e+02
 -4.24443831e+02  3.56336209e+01  1.01787583e+02  1.15607472e+02
  9.40882294e+01 -6.04599758e+01  1.77809380e+02 -4.54109712e+02
  1.41209970e+02  4.15767907e+02  7.43841723e+00  2.78328372e+02
 -5.09816375e+02  1.59362484e+02  3.69011913e+02  4.50196335e+02
 -3.78136836e+01  2.96139085e+02  3.93637795e+02 -2.28102087e+02
  5.30317484e+02 -5.73420313e+02 -5.31528763e+01  2.21370802e+01
  3.39692168e+02 -5.43833222e+02  4.70959513e+02  3.23519005e+01
  8.43180744e+01 -1.22574695e+02 -3.23848025e+02  9.43771314e+01
 -4.33887593e+02 -1.68836349e+02  1.55797213e+02  4.07392114e+02
  1.51148855e+02 -4.14071095e+02 -4.86143231e+02  4.05877234e+01
 -4.60246806e+01  7.14383940e+01  9.41388088e+01  5.49945048e+02
  1.46528506e+02  3.74384896e+02  5.29412377e+02  2.53664865e+02
 -3.21616607e+02  5.45529859e+02  5.13735693e+02 -3.69086310e+02
  1.14240586e+02 -4.26008911e+02  2.96438849e+02  4.96436155e+02
 -5.32647987e+02 -4.39806883e+02 -3.24162757e+01  4.65418745e+02
 -3.54936109e+02 -2.25043807e+02 -4.41098764e+02]
stepsize_vec:,[1.0e-02 1.0e-02 1.0e-02 1.0e-02 4.0e-08 5.0e-03 4.0e-02 3.0e-04 1.2e-04
 4.0e-05 2.0e-02 2.0e-01 1.0e-01 2.0e-01 1.5e-03 1.2e+02 1.2e+02 1.2e+02
 1.2e+02 1.2e+02 1.2e+02 1.2e+02 1.2e+02 1.2e+02 1.2e+02 1.2e+02 1.2e+02
 1.2e+02 1.2e+02 1.2e+02 1.2e+02 1.2e+02 1.2e+02 1.2e+02 1.2e+02 1.2e+02
 1.2e+02 1.2e+02 1.2e+02 1.2e+02 1.2e+02 1.2e+02 1.2e+02 1.2e+02 1.2e+02
 1.2e+02 1.2e+02 1.2e+02 1.2e+02 1.2e+02 1.2e+02 1.2e+02 1.2e+02 1.2e+02
 1.2e+02 1.2e+02 1.2e+02 1.2e+02 1.2e+02 1.2e+02 1.2e+02 1.2e+02 1.2e+02
 1.2e+02 1.2e+02 1.2e+02 1.2e+02 1.2e+02 1.2e+02 1.2e+02 1.2e+02 1.2e+02
 1.2e+02 1.2e+02 1.2e+02 1.2e+02 1.2e+02 1.2e+02 1.2e+02 1.2e+02 1.2e+02
 1.2e+02 1.2e+02 1.2e+02 1.2e+02 1.2e+02 1.2e+02 1.2e+02 1.2e+02 1.2e+02
 1.2e+02 1.2e+02 1.2e+02 1.2e+02 1.2e+02 1.2e+02 1.2e+02 1.2e+02 1.2e+02
 1.2e+02 1.2e+02 1.2e+02 1.2e+02 1.2e+02 1.2e+02 1.2e+02 1.2e+02 1.2e+02
 1.2e+02 1.2e+02 1.2e+02 1.2e+02 1.2e+02 1.2e+02 1.2e+02 1.2e+02 1.2e+02
 1.2e+02 1.2e+02 1.2e+02 1.2e+02 1.2e+02 1.2e+02 1.2e+02 1.2e+02 1.2e+02
 1.2e+02 1.2e+02 1.2e+02 1.2e+02 1.2e+02 1.2e+02 1.2e+02 1.2e+02 1.2e+02
 1.2e+02 1.2e+02 1.2e+02 1.2e+02 1.2e+02 1.2e+02 1.2e+02 1.2e+02 1.2e+02
 1.2e+02 1.2e+02 1.2e+02 1.2e+02 1.2e+02 1.2e+02 1.2e+02 1.2e+02 1.2e+02
 1.2e+02 1.2e+02 1.2e+02 1.2e+02 1.2e+02 1.2e+02 1.2e+02 1.2e+02 1.2e+02
 1.2e+02 1.2e+02 1.2e+02 1.2e+02 1.2e+02 1.2e+02 1.2e+02 1.2e+02 1.2e+02
 1.2e+02 1.2e+02 1.2e+02 1.2e+02 1.2e+02 1.2e+02 1.2e+02 1.2e+02 1.2e+02
 1.2e+02 1.2e+02 1.2e+02 1.2e+02 1.2e+02 1.2e+02 1.2e+02 1.2e+02 1.2e+02
 1.2e+02 1.2e+02 1.2e+02 1.2e+02 1.2e+02 1.2e+02 1.2e+02 1.2e+02 1.2e+02
 1.2e+02 1.2e+02 1.2e+02 1.2e+02 1.2e+02 1.2e+02 1.2e+02 1.2e+02 1.2e+02
 1.2e+02 1.2e+02 1.2e+02 1.2e+02 1.2e+02 1.2e+02 1.2e+02 1.2e+02 1.2e+02
 1.2e+02 1.2e+02 1.2e+02 1.2e+02 1.2e+02 1.2e+02 1.2e+02 1.2e+02 1.2e+02
 1.2e+02 1.2e+02 1.2e+02 1.2e+02 1.2e+02 1.2e+02 1.2e+02 1.2e+02 1.2e+02
 1.2e+02 1.2e+02 1.2e+02 1.2e+02 1.2e+02 1.2e+02 1.2e+02 1.2e+02 1.2e+02
 1.2e+02 1.2e+02 1.2e+02 1.2e+02 1.2e+02 1.2e+02 1.2e+02 1.2e+02 1.2e+02
 1.2e+02 1.2e+02 1.2e+02 1.2e+02 1.2e+02 1.2e+02 1.2e+02 1.2e+02 1.2e+02
 1.2e+02 1.2e+02 1.2e+02 1.2e+02 1.2e+02 1.2e+02 1.2e+02 1.2e+02 1.2e+02
 1.2e+02 1.2e+02 1.2e+02 1.2e+02 1.2e+02 1.2e+02 1.2e+02 1.2e+02 1.2e+02
 1.2e+02 1.2e+02 1.2e+02 1.2e+02 1.2e+02 1.2e+02 1.2e+02 1.2e+02 1.2e+02
 1.2e+02 1.2e+02 1.2e+02 1.2e+02 1.2e+02 1.2e+02 1.2e+02 1.2e+02 1.2e+02
 1.2e+02 1.2e+02 1.2e+02 1.2e+02 1.2e+02 1.2e+02 1.2e+02 1.2e+02 1.2e+02
 1.2e+02 1.2e+02 1.2e+02 1.2e+02 1.2e+02 1.2e+02 1.2e+02 1.2e+02 1.2e+02
 1.2e+02 1.2e+02 1.2e+02 1.2e+02 1.2e+02 1.2e+02 1.2e+02 1.2e+02 1.2e+02
 1.2e+02 1.2e+02 1.2e+02 1.2e+02 1.2e+02 1.2e+02 1.2e+02 1.2e+02 1.2e+02
 1.2e+02 1.2e+02 1.2e+02 1.2e+02 1.2e+02 1.2e+02 1.2e+02 1.2e+02 1.2e+02
 1.2e+02 1.2e+02 1.2e+02 1.2e+02 1.2e+02 1.2e+02 1.2e+02 1.2e+02 1.2e+02
 1.2e+02 1.2e+02 1.2e+02 1.2e+02 1.2e+02 1.2e+02 1.2e+02 1.2e+02 1.2e+02
 1.2e+02 1.2e+02 1.2e+02 1.2e+02 1.2e+02 1.2e+02 1.2e+02 1.2e+02 1.2e+02
 1.2e+02 1.2e+02 1.2e+02 1.2e+02 1.2e+02 1.2e+02 1.2e+02 1.2e+02 1.2e+02
 1.2e+02 1.2e+02 1.2e+02 1.2e+02 1.2e+02 1.2e+02 1.2e+02 1.2e+02 1.2e+02
 1.2e+02 1.2e+02 1.2e+02 1.2e+02 1.2e+02 1.2e+02 1.2e+02 1.2e+02 1.2e+02
 1.2e+02 1.2e+02 1.2e+02 1.2e+02 1.2e+02 1.2e+02 1.2e+02 1.2e+02 1.2e+02
 1.2e+02 1.2e+02 1.2e+02 1.2e+02 1.2e+02 1.2e+02 1.2e+02 1.2e+02 1.2e+02
 1.2e+02]
step_ratio_vec:,[0.1 0.1 0.1 0.1 0.1 0.1 0.1 0.1 0.1 0.1 0.1 0.1 0.1 0.1 0.1 0.1 0.1 0.1
 0.1 0.1 0.1 0.1 0.1 0.1 0.1 0.1 0.1 0.1 0.1 0.1 0.1 0.1 0.1 0.1 0.1 0.1
 0.1 0.1 0.1 0.1 0.1 0.1 0.1 0.1 0.1 0.1 0.1 0.1 0.1 0.1 0.1 0.1 0.1 0.1
 0.1 0.1 0.1 0.1 0.1 0.1 0.1 0.1 0.1 0.1 0.1 0.1 0.1 0.1 0.1 0.1 0.1 0.1
 0.1 0.1 0.1 0.1 0.1 0.1 0.1 0.1 0.1 0.1 0.1 0.1 0.1 0.1 0.1 0.1 0.1 0.1
 0.1 0.1 0.1 0.1 0.1 0.1 0.1 0.1 0.1 0.1 0.1 0.1 0.1 0.1 0.1 0.1 0.1 0.1
 0.1 0.1 0.1 0.1 0.1 0.1 0.1 0.1 0.1 0.1 0.1 0.1 0.1 0.1 0.1 0.1 0.1 0.1
 0.1 0.1 0.1 0.1 0.1 0.1 0.1 0.1 0.1 0.1 0.1 0.1 0.1 0.1 0.1 0.1 0.1 0.1
 0.1 0.1 0.1 0.1 0.1 0.1 0.1 0.1 0.1 0.1 0.1 0.1 0.1 0.1 0.1 0.1 0.1 0.1
 0.1 0.1 0.1 0.1 0.1 0.1 0.1 0.1 0.1 0.1 0.1 0.1 0.1 0.1 0.1 0.1 0.1 0.1
 0.1 0.1 0.1 0.1 0.1 0.1 0.1 0.1 0.1 0.1 0.1 0.1 0.1 0.1 0.1 0.1 0.1 0.1
 0.1 0.1 0.1 0.1 0.1 0.1 0.1 0.1 0.1 0.1 0.1 0.1 0.1 0.1 0.1 0.1 0.1 0.1
 0.1 0.1 0.1 0.1 0.1 0.1 0.1 0.1 0.1 0.1 0.1 0.1 0.1 0.1 0.1 0.1 0.1 0.1
 0.1 0.1 0.1 0.1 0.1 0.1 0.1 0.1 0.1 0.1 0.1 0.1 0.1 0.1 0.1 0.1 0.1 0.1
 0.1 0.1 0.1 0.1 0.1 0.1 0.1 0.1 0.1 0.1 0.1 0.1 0.1 0.1 0.1 0.1 0.1 0.1
 0.1 0.1 0.1 0.1 0.1 0.1 0.1 0.1 0.1 0.1 0.1 0.1 0.1 0.1 0.1 0.1 0.1 0.1
 0.1 0.1 0.1 0.1 0.1 0.1 0.1 0.1 0.1 0.1 0.1 0.1 0.1 0.1 0.1 0.1 0.1 0.1
 0.1 0.1 0.1 0.1 0.1 0.1 0.1 0.1 0.1 0.1 0.1 0.1 0.1 0.1 0.1 0.1 0.1 0.1
 0.1 0.1 0.1 0.1 0.1 0.1 0.1 0.1 0.1 0.1 0.1 0.1 0.1 0.1 0.1 0.1 0.1 0.1
 0.1 0.1 0.1 0.1 0.1 0.1 0.1 0.1 0.1 0.1 0.1 0.1 0.1 0.1 0.1 0.1 0.1 0.1
 0.1 0.1 0.1 0.1 0.1 0.1 0.1 0.1 0.1 0.1 0.1 0.1 0.1 0.1 0.1 0.1 0.1 0.1
 0.1 0.1 0.1 0.1 0.1 0.1 0.1 0.1 0.1 0.1 0.1 0.1 0.1 0.1 0.1 0.1 0.1 0.1
 0.1 0.1 0.1 0.1 0.1 0.1 0.1 0.1 0.1 0.1 0.1 0.1 0.1 0.1 0.1 0.1 0.1 0.1
 0.1]
swap interval:,100
sim interval:,[-1.1175e+08 -7.4500e+07 -3.7250e+07  0.0000e+00]
likelihood_sed (T/F):,True
erodep_coords:,[[ 0  3]
 [42 94]
 [42 95]
 ...
 [96 78]
 [96 79]
 [96 80]]
sed scaling factor:,1