-12223.51000 -14877.41000 -7441.72000 -8208.10000 -11047.06000 -10008.33000 -9068.41000 -13474.44000
-12217.59000 -14896.36000 -7439.47000 -8212.50000 -11050.64000 -10016.97000 -9073.86000 -13482.53000
-12204.07000 -14888.29000 -7440.34000 -8217.92000 -11059.72000 -10012.75000 -9065.79000 -13474.47000
-12209.19000 -14868.93000 -7443.92000 -8213.52000 -11056.24000 -10012.86000 -9080.62000 -13476.14000
-14885.58000 -14882.05000 -14882.53000 -14878.77000 -14878.74000 -14872.96000 -14892.50000 -14893.22000
-14868.57000 -14870.23000 -14870.46000 -14879.36000 -14873.90000 -14887.30000 -14883.27000 -14888.40000
-14878.24000 -14881.41000 -14877.84000 -14850.07000 -14887.98000 -14879.56000 -14886.31000 -14877.06000
-14870.32000 -14888.52000 -14883.18000 -14885.27000 -14876.20000 -14891.59000 -14877.49000 -14881.71000
-14887.81000 -14887.84000 -14882.07000 -14868.97000 -14876.09000 -14880.03000 -14881.75000 -14890.85000
-14881.70000 -14869.99000 -14856.22000 -14889.07000 -14882.51000 -14878.57000 -14892.81000 -14882.55000
-14879.72000 -14903.06000 -14884.54000 -14887.15000 -14863.44000 -14860.74000 -14878.15000 -14873.29000
