1.432271995454544866e+00
1.380758876250001155e+00
1.449128110681817461e+00
1.421753676818182432e+00
8.343181818181821464e-07
4.788239169318183053e-01
7.872474920454544112e-01
3.294950454545452108e-03
1.233167159090908923e-03
9.714236363636357362e-04
5.261604187500000807e-01
5.237686645454544987e+00
2.263756107500407961e+04
5.397021375000005783e+00
8.015154204545448316e-03
4.018869744815909257e+02
-2.953050191567045317e+02
4.145795567004548730e+02
3.693433155112497843e+02
-2.920784858919318481e+02
-4.024359043122727826e+02
-4.420496955272724904e+02
4.174411286951135480e+02
-1.020229750448863797e+02
-3.200253459809090373e+02
3.336785173796590698e+02
6.507343657863633268e+01
-3.435345830465908534e+01
2.904864978259092254e+02
-3.882521803090908747e+02
8.315527277795450800e+01
2.080681959442046889e+02
-1.399412199165908248e+02
3.027178027294318099e+02
3.074326442835225635e+02
-1.225109998555682012e+02
4.309500355371594082e+02
-5.368208621136287384e+00
-4.501608917946587667e+02
4.425677114760227937e+02
-2.805790429857952972e+02
4.191350708536361935e+02
5.619037771215910482e+01
6.417944089602275426e+01
-2.819004102526137672e+02
2.225739276589771407e+02
4.397033350059091390e+02
1.216836888888635855e+02
3.936229134598863197e+02
4.273313038818184850e+02
3.637075633821586962e+02
2.875221538669318306e+02
-3.754693070926134624e+02
2.962365449486366060e+02
6.822071384477268907e+01
-4.336372752863633764e+02
1.046594313038635704e+02
5.722600039454546561e+01
2.902039412644317622e+02
-3.471798027368180328e+02
2.054546437253408726e+02
3.246983993432952502e+02
-2.557204254321591179e+02
-3.958631547194320319e+02
-3.840852797463637671e+02
-3.018755591470456352e+02
2.881837952346591578e+02
-6.584294716045454265e+01
2.030678705962500317e+02
-3.732027829270451207e+02
1.170206700227273444e+02
4.045072617461365212e+02
2.566167316979544921e+02
-4.353706953940904327e+02
4.771958112344319147e+02
3.641026513410228631e+02
2.163939378059087915e+02
-3.820724781054544792e+02
-1.608650135934090031e+02
-3.731843616812500386e+02
-4.036043838417043048e+02
1.898521860431819874e+01
4.047705243099999848e+02
2.895610249090909605e+01
1.016405589144318213e+02
2.540200639917045748e+02
-1.956414757093181152e+02
1.409698597277272540e+02
-2.491600599685225461e+02
3.033736344523863409e+02
-2.476999404130681910e+02
-3.060839794628410004e+02
-1.842723339490909211e+02
-6.900902091011363382e+01
2.103839989956817647e+02
3.432327965919316739e+02
1.457550220936362848e+02
4.148325276113637869e+02
-4.292883095734090375e+02
-4.536909322240907727e+02
-1.731691679213635666e+02
9.138761753738646121e+01
-2.405818712196590923e+02
3.407286285273864905e+02
1.462015173846591836e+02
-4.943120617346590393e+02
4.290585361190912863e+02
4.081016726353410036e+02
4.559246440848862676e+02
-6.362200993522737491e+00
2.467751497494317618e+02
3.567685787367045123e+02
-4.198329469053409184e+02
-9.603695882818182383e+01
-4.388975216215908972e+02
4.251904120736363097e+02
2.501763080314771912e+02
2.605293046081818602e+02
1.385373619782953654e+02
2.393545860656814455e+02
2.922592164437502333e+02
-1.339895640603409390e+02
-4.781074504615906449e+02
1.315050532621591231e+02
-3.656249519987497933e+02
3.027431529027272177e+02
9.437356864318195449e+01
-1.842603526144316959e+02
-3.516109957818181897e+01
-1.557377525940909209e+02
4.791664771042046027e+02
1.150549191873863464e+02
-4.448510149738637409e+01
-3.985441192251133202e+02
-2.311054779439772346e+02
-4.403286496427276120e+02
-4.049379758756819001e+02
7.107084034204532053e+00
3.574444106942045210e+02
-3.377475483512500887e+02
-1.804281682501138562e+02
3.124332022797727859e+02
-2.705884276795454753e+02
-4.788261865656821215e+02
-3.222548158499998294e+02
3.621021094998863532e+02
4.002142664045456968e+02
4.147570205669317716e+02
-4.579300658438634741e+02
-4.987266457110222859e+02
-3.979219975995454206e+02
-3.984686850837496763e+02
-2.436012099465909841e+02
-5.127717729028411213e+02
-3.639505641738637109e+02
-1.927986187262499982e+02
8.894996592045455230e+00
1.421544094678409635e+02
5.244209099954546360e+01
-4.023351390761363859e+02
-1.124140739734090744e+02
-3.294875645464772447e+02
3.302737826938636658e+02
-3.936247963302272410e+02
4.787403099457952180e+02
2.183406362543180705e+02
4.062261412414773076e+02
-2.085061410462500362e+02
-1.802659886777273925e+02
2.552808970577272873e+02
3.409896802431816241e+02
2.055929669643181228e+02
-2.084241581712501272e+02
-1.518313852737500724e+02
-4.153705199680684359e+02
3.354622868857957201e+02
-2.829219432988637450e+01
9.593696371886362328e+01
-3.981711340268177537e+02
4.094945225239769115e+02
2.752647684021590635e+02
-7.991301564659087830e+01
4.493197607379547094e+02
-8.706048251181819353e+01
-2.298958425856817485e+02
-3.253375554329545594e+01
-4.056318828764775049e+02
3.646820114623864129e+02
2.507497798528411579e+02
-2.944536222167047868e+02
-3.953670643214775282e+02
2.605726549624993993e+01
3.218621972727271441e+02
-4.469643367238636245e+01
-1.996345254939771507e+02
-3.252031227059090384e+02
-3.845524194586359386e+02
-4.021452516311364320e+02
-3.245938258037503488e+02
1.771036139498863236e+02
-1.340961779704545052e+02
1.555905425010227532e+02
-3.644491713840906755e+02
2.399034787261362851e+02
2.620762162603406864e+02
-5.616568912522723167e+01
-3.079738750255679065e+02
-3.440568224034088871e+02
-3.250214804828407296e+02
-9.071165847659095505e+01
3.322713023759091016e+02
-3.197202204919315705e+02
4.158259344507954438e+02
1.729035847122727034e+02
-4.304182677493183746e+02
-3.578783487526138174e+02
-4.480348173361363138e+02
2.135465101262499843e+02
-1.990866982028408643e+02
3.022167986052272681e+02
-1.062218564505681115e+02
2.378235744155681743e+02
-2.314323164801136841e+02
3.655217851465909575e+02
4.202407898815907288e+02
1.310740179584089731e+02
2.419658034927271615e+02
4.223013830681820764e+02
-1.144445582051136938e+02
2.309067357117044423e+02
-2.909665975795457484e+02
-2.230119432772727066e+02
1.726478376007954694e+02
-4.476173084079540843e+01
2.792415195197727940e+02
3.398329264424999678e+02
-2.608742496314772552e+02
-3.853242510035228179e+02
-2.525599550538636038e+02
3.058393679260227032e+02
3.031527497253409251e+02
-3.755788819221590416e+02
-4.561187819534090409e+02
-2.884488149218183821e+02
-4.243655845243185354e+02
8.534078853818181187e+01
4.324644589136362356e+02
-3.400326593729544697e+02
1.938997840644317989e+02
-3.526491096797727209e+02
-3.708412979898863000e+02
2.690261772105682212e+02
5.431503107125001861e+01
3.460924009703408046e+02
-4.700273035926136345e+02
4.085861117930680848e+02
1.811417257556816196e+01
-3.183082117772729021e+02
-4.419482954731817017e+02
-4.100101992551135481e+02
-3.779140880538636225e+02
3.204285464386364879e+01
1.860329072847728185e+02
-2.498708461357952615e+02
3.720936603090910353e+02
-2.541567296442048018e+02
-4.383588755125001626e+02
1.410816098263637457e+02
-3.744133656412502660e+02
-3.916251167830680515e+02
-2.776060215381816647e+02
-9.614566884943184277e+01
2.443128369145453007e+02
4.501454304943186457e+01
3.155706740195453790e+02
-2.960715536861367241e+02
3.143957666569319258e+02
3.822559856745455704e+02
-6.712466848397730246e+01
5.965370356363635551e+00
-1.336274781146590840e+02
-7.276320082681817780e+01
3.586428554914771212e+02
4.474068394571591512e+02
4.038795824747723486e+02
-1.001727513381818966e+02
-9.310239564193174999e+01
4.014883201702270981e+02
1.701031614670453678e+02
3.909804970879549728e+02
-3.147253898402271375e+02
-3.090323930532956069e+02
3.290699824448864206e+02
-2.592395538871589906e+02
-2.162714810214773138e+02
-2.037803179902271893e+02
-2.743387138487501034e+02
2.658882231815907744e+02
3.675902119420456415e+01
-3.664678233952272990e+02
5.532264146750000577e+01
-4.566299015092043305e+02
-2.683746174463636294e+02
7.180098119409090884e+01
4.348317075646590979e+02
-9.897285754431823079e+01
1.487828852087499172e+02
7.863614610238637681e+01
3.019200039815909804e+02
7.380852299624997670e+01
2.512358048176136265e+02
-1.207318704276136572e+02
2.955264546073865404e+02
4.732009576028411288e+02
-4.278157777253405243e+02
-1.164197538529545568e+02
4.524516149565903333e+02
-3.963622504878409245e+02
-5.072588548840911216e+01
1.008606825282954418e+02
2.472826266712501706e+02
-3.852925836412501326e+02
-1.313461281146589670e+02
-2.705566631386361678e+02
1.563333168344317698e+02
-3.745461018893180380e+02
-4.238689156011364645e+01
-1.834395231117045739e+02
-3.832244819343184759e+02
-3.097427759388635309e+02
-2.030218549317044392e+02
4.652319500456815149e+02
4.976942755306818356e+01
-4.590054164879545624e+02
-2.094414521646589264e+02
1.739722730601136220e+02
1.853566734795453996e+01
6.101770855579545128e+01
-1.361388219939773307e+02
4.257651504171588499e+02
-7.905993250181818155e+01
-3.157799314945455649e+02
4.712861034699999436e+02
4.051764963540908866e+02
-1.083085242271590545e+02
4.074239871546593577e+02
-4.157403961677272832e+02
3.578844339371589172e+02
-4.715494613920452593e+01
-4.350677592092048371e+02
-2.107632409420453996e+02
-2.999056797106819090e+02
-3.803408298651136761e+02
5.834813556397727297e+01
6.190178564443183262e+01
1.218425674921590058e+02
1.528227828560227692e+02
-6.891509458818185863e+01
1.210452846093181591e+02
-4.410824351451135499e+02
1.444676714839773126e+02
3.116140103514773614e+02
4.537217197352270404e+01
2.864355129976138414e+02
-4.168531994943181189e+02
2.227305406359090796e+02
3.069902129390910090e+02
3.542868395593181390e+02
-3.896475434227271961e+01
2.522894957728409508e+02
3.692317091688635742e+02
-2.377398886086363916e+02
4.395672783399997456e+02
-5.243821163503404250e+02
-5.799260678386361434e+01
3.239591129874995090e+01
3.097080383705682607e+02
-4.488585565280678793e+02
3.698806397127270884e+02
2.790820371284100787e+01
1.246718514337500778e+02
-1.652481559847727794e+02
-3.124955776693182656e+02
1.001474258798863985e+02
-3.299798973022727182e+02
-1.402118583715909779e+02
1.036873512170454887e+02
3.624846552340907806e+02
8.848037794477266971e+01
-3.238952509025000381e+02
-3.977439224873864418e+02
1.033243554207954134e+02
-9.297069034545457100e+01
4.776423036784094478e+01
3.777671254738636009e+01
4.373692188296591326e+02
1.019651017567045557e+02
2.762243114737502196e+02
4.524977527039770848e+02
3.226055024612499551e+02
-2.952794702028409688e+02
4.595552668079546379e+02
4.028671669722726278e+02
-3.022740666401133467e+02
1.069477976009090838e+02
-3.705865793942045912e+02
2.334189350963638390e+02
4.325251799893179623e+02
-4.601736913770453157e+02
-3.692953106556819876e+02
-6.175302476738639257e+01
3.660312310384092029e+02
-2.795324555235227422e+02
-2.496614071117044489e+02
-3.711235112364773272e+02
