3.519025873680639016e-01
3.390796797246062866e-01
3.558722071323681124e-01
3.492325572064428618e-01
2.105555176979645894e-07
1.176325383090481153e-01
1.945630435163430427e-01
8.543866696282370306e-04
3.439401484301542254e-04
2.456078017489644817e-04
1.334605004352565349e-01
1.308599856335104894e+00
5.556170845164151615e+03
1.335900994435290201e+00
2.558190733345862451e-03
1.634597892121154246e+02
2.249356957236202277e+02
1.473965617362177056e+02
1.431684406477781124e+02
1.486134385004359899e+02
1.931507371931105297e+02
1.603638910479307356e+02
1.423828283907752166e+02
2.000644307109375575e+02
1.658790613651114825e+02
1.658077125025533292e+02
2.516567838908881640e+02
1.088980741186724259e+02
2.300574379465401478e+02
1.719713780489909709e+02
1.767786456789284557e+02
1.881166719799597047e+02
1.560288169063852024e+02
1.621685409444680772e+02
1.571510835511971038e+02
1.742146027484788533e+02
2.083868463648549323e+02
1.596836868502317657e+02
1.318892235946950962e+02
1.449782643550222474e+02
1.286170088760906651e+02
1.414540339416004997e+02
1.784810103106623274e+02
2.531878424100754614e+02
2.080433759561404088e+02
1.815348838884146971e+02
1.651938109093556477e+02
1.580083731357496504e+02
1.681696548766050228e+02
1.494993331757989949e+02
1.869584395054750132e+02
1.484798054999858152e+02
1.474751923599213228e+02
1.495288739968639220e+02
1.494089315462644265e+02
1.583979490091371929e+02
1.593199307819627961e+02
1.424028968049202035e+02
1.320276642158934521e+02
1.790930841513421683e+02
2.283754501815878086e+02
1.885048089733866732e+02
1.393154409096443942e+02
1.545190882816378632e+02
1.679603332050787117e+02
1.630744102958057340e+02
1.780655468151298635e+02
1.756403111248590108e+02
1.713906703419687574e+02
1.541071525472449650e+02
1.408508769531997871e+02
1.488483413954099319e+02
1.523972892262021332e+02
1.439066916825540261e+02
1.617607359942195160e+02
1.745695986021518991e+02
1.840014557538990516e+02
1.329548511027982727e+02
1.390772753922854292e+02
1.483319356302492338e+02
1.685582775945468654e+02
2.142087023554568361e+02
1.272133926206954158e+02
1.294812619167317393e+02
2.049714394824761428e+02
1.417097214978465729e+02
1.415958137537686525e+02
1.446602525920219477e+02
1.674771874365065116e+02
1.533401974191281170e+02
1.784802166754355426e+02
1.271648594642625909e+02
1.501651544474644311e+02
2.309353661895951859e+02
1.809636260446110043e+02
1.674750736403544806e+02
1.394471224485970140e+02
1.675982177563364530e+02
1.756949459229111596e+02
1.291929836466306938e+02
1.969522139345498033e+02
1.319541035979560775e+02
1.510651421341966625e+02
1.640849383989580588e+02
1.395789497797156287e+02
1.324351619397693014e+02
1.604833944802605856e+02
1.841766481678079970e+02
1.639858452065955703e+02
1.459306310829776692e+02
1.722855441352487560e+02
1.517939832700162128e+02
1.557010309009708635e+02
1.863665731748117196e+02
1.479835839486951556e+02
1.349574813563667703e+02
1.726839953705178061e+02
2.100233784418521452e+02
1.803658996072893785e+02
1.866081947359456876e+02
1.497665094557583814e+02
1.806256146491512595e+02
1.409598693785058572e+02
1.771526352172494398e+02
1.376811182278071328e+02
2.029833736850014532e+02
1.658388559369493009e+02
1.918000157241697821e+02
1.529204483934552457e+02
2.379545121868782758e+02
1.473436070196351295e+02
1.039466717180482078e+02
1.151219675666223026e+02
1.925488778018260803e+02
1.641892199284894787e+02
1.711232005330650736e+02
1.336271004903219080e+02
1.855553891324332483e+02
1.450028453605422385e+02
1.455996225043768959e+02
1.227992042722081436e+02
1.907004629267067344e+02
1.550790641512640775e+02
1.306746514878977052e+02
1.396083001928911358e+02
1.327344222135933478e+02
1.467628894475490426e+02
1.709010922771005880e+02
1.653227253038930371e+02
1.446173888829835903e+02
1.834971868359787663e+02
1.518667484942211274e+02
1.231997428810611694e+02
1.387023602168924583e+02
1.430237524460125940e+02
1.763961427965655275e+02
2.156031226811537351e+02
2.121008669228107237e+02
1.741961653612836756e+02
1.423064541041823077e+02
1.913051944534227573e+02
1.468676538743205811e+02
1.842674883541716895e+02
1.610759312127192970e+02
1.332828423963505884e+02
1.367683869039441333e+02
1.799496656894418720e+02
2.194725861004107514e+02
1.745083881253318623e+02
2.160874256584732223e+02
1.407868872884398570e+02
1.500917051866279621e+02
1.844536392781574818e+02
1.670852978569172649e+02
1.721117663726175238e+02
2.016749688422840165e+02
1.452885876653621722e+02
1.033613503338825979e+02
1.828435967372714970e+02
1.393774436399790773e+02
1.062687985384163767e+02
1.914389818619015102e+02
1.404860736606157730e+02
1.563920315610468776e+02
1.466160329447464790e+02
1.780934746106340469e+02
1.645131173267425879e+02
1.847004567235055958e+02
1.971894093692367562e+02
1.866582947093671123e+02
1.248416933597089837e+02
1.862010391768432953e+02
1.329140233917128171e+02
1.571981095505757651e+02
1.688124677105790852e+02
1.757039001503186171e+02
1.534755035550520006e+02
1.310962038889327061e+02
1.540334274926867693e+02
1.945982654680770167e+02
2.119959920235884567e+02
2.197286838727551697e+02
1.306418429523778855e+02
2.201126370313581901e+02
2.067491656033878655e+02
1.254299397797272491e+02
1.411140001935952171e+02
1.487129600309944237e+02
1.370565898702454604e+02
1.427130873028140741e+02
1.863220353541772454e+02
1.613610126694804308e+02
1.416941024401033644e+02
1.753162522180505221e+02
1.766595380311216843e+02
1.676599701565152429e+02
1.578528207503072167e+02
1.726218535624791457e+02
1.886641147867063353e+02
1.425240190294146032e+02
2.164982481813076163e+02
2.628522562696295495e+02
1.942081062292143088e+02
1.354396036227299476e+02
1.577752406633032081e+02
2.624688644585016846e+02
1.536689695185768585e+02
1.426208443533715240e+02
1.570755487658040579e+02
1.855333943247845809e+02
2.398079797986036965e+02
1.339739000357041334e+02
1.201489414172796302e+02
2.600241099739632205e+02
1.971447282847017277e+02
1.389492531559580755e+02
1.727007903308616505e+02
1.596556573581122507e+02
1.855648470849676244e+02
1.619571685750707672e+02
2.190701178610441673e+02
1.680529321577822941e+02
1.474771187115960629e+02
1.777617677425045883e+02
1.549500756463873756e+02
1.876758250600246072e+02
1.733591820409550905e+02
1.879771252453009538e+02
1.754782879095962755e+02
2.081034806189472022e+02
1.903555937648448548e+02
1.594056347370170954e+02
1.144632519996601872e+02
1.564514134553763824e+02
1.517983023567348937e+02
1.575766683003460287e+02
1.509610171558975082e+02
1.907326770440425605e+02
1.290496372776483724e+02
1.506499363669898912e+02
1.565919536520553095e+02
1.695403653659025167e+02
1.871187770351872075e+02
1.239893388926973614e+02
1.644694130820504938e+02
1.939112822338932745e+02
1.411208887795609428e+02
1.995457040813174672e+02
1.909227289206623368e+02
1.738113869217277454e+02
1.709922269266249373e+02
1.716649806817833905e+02
1.924899185528663565e+02
2.204898853887054599e+02
1.716487707601064585e+02
1.760930479249143730e+02
1.291047252093007671e+02
1.410644114228120145e+02
1.585241208121168768e+02
1.754539739734277362e+02
1.849645649101017852e+02
2.249832460742632350e+02
1.496952592833178812e+02
1.528708913421764919e+02
1.605125572217461922e+02
1.706666741066554778e+02
2.109677619651484406e+02
1.789878678938265466e+02
1.681339268525799184e+02
1.878435377771240553e+02
1.892607522077136935e+02
1.583624579614350409e+02
1.779083392394848318e+02
1.788538954834159256e+02
1.928933992610955386e+02
1.652617399943319469e+02
1.254441413250590500e+02
1.576882011229222940e+02
1.803175121082533110e+02
1.460532658385438083e+02
2.313526693390726621e+02
1.468492165695338940e+02
1.331009922718171481e+02
1.552933963287702284e+02
1.348041642400903015e+02
1.593277510009309310e+02
1.994716575941563406e+02
1.902449030401798211e+02
1.500735288159874017e+02
2.030106806897043157e+02
2.263053921393353960e+02
1.869735407480363563e+02
1.621349634084687068e+02
1.435118821592753591e+02
1.988925262617746910e+02
1.491820897679864686e+02
1.315361638457766276e+02
1.736714080821544428e+02
2.677386975371139215e+02
1.290941702514937788e+02
1.837184402432041850e+02
1.538990562270966791e+02
1.890545141788640251e+02
2.270005930099459590e+02
1.551827246260081097e+02
1.701359699047305583e+02
9.667282048717056853e+01
1.862819760643501468e+02
1.620223405372444461e+02
1.551380905924341391e+02
1.844377522216129250e+02
1.369902594829801785e+02
1.309972750355038329e+02
1.567547512511136460e+02
2.299460599964357073e+02
1.694780704430738183e+02
1.161051182748425248e+02
1.934566684925540301e+02
2.319468202132077010e+02
1.813023617612836063e+02
1.819435253683043925e+02
1.556784862011292887e+02
1.359866851683934215e+02
1.761366414195824461e+02
1.523600687155075093e+02
1.507977345482649696e+02
1.607195801894770284e+02
1.853328794607978409e+02
1.797513213201958706e+02
1.327920307153003421e+02
1.444189426363649886e+02
1.751122145269088151e+02
1.696570742799007121e+02
1.836710717218348918e+02
1.828314572388585475e+02
2.364924962692653310e+02
1.619436618430999317e+02
1.905832771428713102e+02
1.301928383921244006e+02
1.345940015897663784e+02
1.156524221620670545e+02
2.020104205522063410e+02
2.317578249412708544e+02
1.414474794254749099e+02
1.436918329357913535e+02
1.516619435351014147e+02
1.670489536700407598e+02
1.477707832840162041e+02
1.845779625629451743e+02
1.534269235076756956e+02
1.715115147860879006e+02
1.611059151237935509e+02
1.558685579924306239e+02
1.349528085060069031e+02
1.805179613443186781e+02
1.789139665935730648e+02
1.388983556697500035e+02
1.466024591330742055e+02
1.403173188181364992e+02
2.165782114601631463e+02
2.013725948875858478e+02
1.877910764140262643e+02
1.549425265456731324e+02
1.748603540994709249e+02
1.599738809029603317e+02
1.830422316987619524e+02
1.898533339020778783e+02
1.381110426530784707e+02
1.386315568051807077e+02
2.004224385779675686e+02
1.430437431056980131e+02
1.759118929821045185e+02
1.092416182553119341e+02
2.029076899206100677e+02
2.183304297696253116e+02
1.770083468858983906e+02
1.589771642841107280e+02
1.538955168584118667e+02
1.325084897904519323e+02
1.831354594733006138e+02
1.380360760558058644e+02
1.451714477445002274e+02
1.474005881080903180e+02
1.671320565721753724e+02
1.328806141766962980e+02
2.076650471346752909e+02
1.628755626059718793e+02
1.579580027457234621e+02
1.467719403787049544e+02
1.673736621311926172e+02
1.619349044713277408e+02
1.634586074392572925e+02
1.325375901842031965e+02
1.857688756962521097e+02
1.680865874193832212e+02
