1.00
1.00
1.00
1.00
2911.23
2911.23
2911.23
2911.23
2911.23
2911.23
2911.23
2914.02
2914.02
2914.02
2914.02
2914.02
2917.67
2917.67
2917.67
2930.11
2930.11
2930.11
2930.11
2930.11
2930.11
2930.11
2930.11
2930.11
2930.11
2930.11
2918.18
2918.18
2918.18
2918.18
2928.67
2928.67
2928.67
2928.67
2928.67
2928.67
2928.67
2928.67
2928.67
2928.67
2914.55
2914.55
2914.55
2914.55
2914.55
2914.55
2914.55
2914.55
2914.55
2914.55
2914.55
2914.55
2914.55
2914.55
2914.55
2914.55
2914.55
2914.55
2914.55
2914.55
2914.55
2917.81
2917.81
2917.81
2917.81
2917.81
2917.81
2917.81
2917.81
2917.81
2917.81
2917.81
2917.81
2917.81
2917.81
2917.81
2917.81
2917.81
2917.81
2917.81
2917.81
2917.81
2917.81
2917.81
2917.81
2917.81
2917.81
2917.81
2917.81
2917.81
2917.81
2917.81
2917.81
2917.81
2917.81
2917.81
2917.81
2917.81
2917.81
2917.81
2917.81
2917.81
2917.81
2917.81
2917.81
2917.81
2917.81
2917.81
2917.81
2917.81
2917.81
2917.81
2917.81
2917.81
2917.81
2917.81
2917.81
2917.81
2917.81
2917.81
2917.81
2917.81
2917.81
2917.81
2917.81
