1.00
2904.58
2904.58
2904.58
2904.58
2904.58
2904.58
2904.58
2904.58
2904.58
2904.58
2904.58
2904.58
2904.58
2904.58
2904.58
2904.58
2904.58
2904.58
2904.58
2922.60
2922.60
2928.38
2928.38
2928.38
2921.80
2921.80
2927.73
2927.73
2927.73
2927.73
2927.73
2927.73
2927.73
2927.73
2927.73
2927.73
2927.73
2927.73
2927.73
2927.73
2927.73
2927.73
2927.73
2927.73
2927.73
2927.73
2921.97
2921.97
2921.97
2921.97
2921.97
2921.97
2921.97
2920.54
2920.54
2924.30
2924.30
2924.30
2924.30
2924.30
2924.30
2924.30
2924.30
2924.30
2924.30
2924.30
2924.30
2924.30
2924.30
2924.30
2924.30
2924.30
2924.30
2924.30
2924.30
2924.30
2924.30
2924.30
2924.30
2924.30
2924.30
2924.30
2924.30
2924.30
2924.30
2924.30
2924.30
2924.30
2924.30
2924.30
2924.30
2924.30
2924.30
2924.30
2924.30
2924.30
2924.30
2924.30
2924.30
2924.30
2924.30
2924.30
2924.30
2924.30
2924.30
2924.30
2924.30
2924.30
2924.30
2924.30
2924.30
2924.30
2913.63
2913.63
2913.63
2913.63
2913.63
2913.63
2913.21
2913.21
2913.21
2913.21
2913.21
2913.21
2913.21
2913.21
2913.21
2913.21
