1.00
1.00
1.00
1.00
1.00
1.00
1.00
1.00
1.00
1.00
1.00
1.00
1.00
1.00
1.00
1.00
1.00
1.00
1.00
1.00
1.00
1.00
1.00
1.00
1.00
1.00
1.00
1.00
1.00
1.00
1.00
1.00
1.00
1.00
1.00
1.00
1.00
2906.17
2906.17
2906.17
2906.17
2906.17
2906.17
2906.17
2906.17
2906.17
2906.17
2906.17
2906.17
2906.17
2906.17
2906.17
2906.17
2906.17
2906.17
2906.17
2906.17
2906.17
2906.17
2906.17
2906.17
2906.17
2906.17
2906.17
2906.17
2906.17
2906.17
2906.17
2906.17
2906.17
2906.17
2907.78
2907.78
2907.78
2907.78
2907.78
2907.78
2907.78
2907.78
2907.78
2907.78
2907.78
2907.78
2907.78
2907.78
2907.78
2907.78
2907.78
2907.78
2907.78
2907.78
2907.78
2907.78
2907.78
2907.78
2907.78
2907.78
2907.78
2907.78
2907.78
2907.78
2907.78
2907.78
2907.78
2907.78
2907.78
2907.78
2907.78
2907.78
2907.78
2907.78
2907.78
2907.78
2907.78
2907.78
2907.78
2907.78
2907.78
2907.78
2907.78
2907.78
2907.78
2907.78
2907.78
2907.78
2907.78
2907.78
2907.78
2907.78
2907.78
2907.78
