1.00
1.00
1.00
2922.48
2922.48
2922.48
2922.48
2922.48
2922.48
2922.48
2922.48
2922.48
2922.48
2922.48
2922.48
2922.48
2922.48
2922.48
2922.48
2922.48
2922.48
2922.48
2922.48
2922.48
2922.48
2922.48
2922.48
2922.48
2922.48
2922.48
2922.48
2919.07
2919.07
2919.07
2919.07
2919.07
2919.07
2919.07
2919.07
2919.07
2922.46
2922.46
2922.46
2922.46
2922.46
2922.46
2922.46
2922.46
2922.46
2922.46
2922.46
2922.46
2922.46
2922.46
2922.46
2922.46
2922.46
2922.46
2922.46
2922.46
2936.68
2936.68
2936.68
2936.68
2936.68
2936.68
2936.68
2922.64
2922.64
2922.64
2922.64
2922.64
2922.64
2922.64
2922.64
2922.64
2922.64
2922.64
2922.64
2922.64
2922.64
2922.64
2922.64
2922.64
2922.64
2922.64
2922.64
2922.64
2922.64
2922.64
2922.64
2922.64
2922.64
2922.64
2922.64
2922.64
2922.64
2922.64
2922.64
2922.64
2922.64
2922.64
2922.64
2922.64
2922.64
2922.64
2922.64
2922.64
2922.64
2922.64
2922.64
2922.64
2922.64
2922.64
2922.64
2922.64
2922.64
2922.64
2922.64
2922.64
2922.64
2922.64
2922.64
2922.64
2922.64
2922.64
2922.64
2922.64
2922.64
2922.64
2922.64
