2905.42
2905.42
2905.42
2912.78
2912.78
2912.78
2912.78
2924.83
2924.83
2924.83
2929.23
2920.09
2936.04
2924.27
2931.97
2931.97
2931.97
2931.97
2931.97
2934.70
2934.70
2934.70
2934.70
2934.70
2934.70
2934.70
2934.70
2934.70
2934.70
2934.70
2934.70
2934.70
2934.70
2934.70
2934.70
2934.70
2934.70
2934.70
2934.70
2934.70
2934.70
2934.70
2934.70
2934.70
2934.70
2934.70
2934.70
2934.70
2934.70
2934.70
2934.70
2934.70
2934.70
2934.70
2934.70
2934.70
2934.70
2934.70
2934.70
2930.74
2930.74
2930.74
2930.74
2930.74
2930.74
2930.74
2930.74
2930.74
2930.74
2930.74
2930.74
2930.74
2930.74
2930.74
2930.74
2930.74
2930.74
2930.74
2930.74
2930.74
2930.74
2930.74
2930.74
2930.74
2930.74
2930.74
2930.74
2930.74
2930.74
2930.74
2930.74
2930.74
2930.74
2930.74
2930.74
2930.74
2930.74
2930.74
2930.74
2930.74
2930.74
2930.74
2930.74
2930.74
2930.74
2930.74
2930.74
2930.74
2930.74
2930.74
2930.74
2930.74
2930.74
2930.74
2930.74
2930.74
2930.74
2930.74
2930.74
2930.74
2930.74
2930.74
2930.74
2930.74
2930.74
2930.74
2930.74
2917.21
