1.00
1.00
1.00
1.00
1.00
1.00
1.00
1.00
1.00
1.00
1.00
1.00
1.00
1.00
1.00
1.00
1.00
1.00
1.00
1.00
1.00
1.00
1.00
1.00
1.00
1.00
1.00
1.00
1.00
1.00
1.00
1.00
1.00
1.00
1.00
1.00
1.00
2928.66
2928.66
2928.66
2928.66
2928.66
2928.66
2928.66
2928.66
2928.66
2928.66
2928.66
2928.66
2894.25
2894.25
2894.25
2894.25
2894.25
2894.25
2894.25
2894.25
2894.25
2894.25
2894.25
2894.25
2894.25
2894.25
2894.25
2894.25
2894.25
2894.25
2894.25
2894.25
2894.25
2894.25
2894.25
2894.25
2894.25
2894.25
2894.25
2894.25
2894.25
2894.25
2894.25
2894.25
2894.25
2894.25
2894.25
2894.25
2894.25
2894.25
2894.25
2894.25
2894.25
2894.25
2894.25
2894.25
2894.25
2894.25
2894.25
2894.25
2894.25
2894.25
2894.25
2894.25
2894.25
2894.25
2894.25
2894.25
2894.25
2894.25
2894.25
2894.25
2894.25
2894.25
2894.25
2894.25
2894.25
2894.25
2894.25
2894.25
2894.25
2894.25
2894.25
2894.25
2894.25
2894.25
2894.25
2894.25
2894.25
2894.25
2894.25
2894.25
2894.25
2922.21
