1.00
1.00
1.00
2907.87
2907.87
2907.87
2907.87
2907.87
2907.87
2907.87
2907.87
2915.06
2915.06
2915.06
2915.06
2915.06
2918.88
2911.31
2911.31
2911.31
2911.31
2911.31
2911.31
2911.31
2911.31
2911.31
2911.31
2911.31
2911.31
2911.31
2911.31
2911.31
2911.31
2911.31
2911.31
2911.31
2911.31
2924.07
2924.07
2924.07
2924.07
2924.07
2924.07
2924.07
2924.07
2924.07
2924.07
2924.07
2924.07
2924.07
2924.07
2924.07
2901.97
2901.97
2901.97
2901.97
2901.97
2901.97
2901.97
2901.97
2901.97
2901.97
2910.28
2910.28
2910.28
2910.28
2910.28
2910.28
2910.28
2910.28
2910.28
2910.28
2910.28
2910.28
2910.28
2910.28
2910.28
2910.28
2910.28
2910.28
2910.28
2910.28
2910.28
2910.28
2910.28
2910.28
2910.28
2910.28
2910.28
2910.28
2910.28
2910.28
2910.28
2910.28
2910.28
2910.28
2910.28
2910.28
2910.28
2910.28
2910.28
2910.28
2910.28
2910.28
2910.28
2910.28
2910.28
2910.28
2910.28
2910.28
2910.28
2910.28
2910.28
2910.28
2910.28
2910.28
2910.28
2910.28
2910.28
2910.28
2910.28
2910.28
2910.28
2910.28
2910.28
2910.28
2910.28
2910.28
