-6506.71
-6503.30
-6572.38
-6437.33
-6489.61
-6477.26
-6501.86
-6458.09
-6539.86
-6566.46
-6469.68
-6417.82
-6391.22
-6413.05
-6493.42
-6462.81
-6447.11
-6538.24
-6394.77
-6433.29
-6481.51
-6489.98
-6496.49
-6420.17
-6486.29
-6573.62
-6474.65
-6433.79
-6477.39
-6505.69
-6419.63
-6400.02
-6376.74
-6416.75
-6419.16
-6440.67
-6375.97
-6404.61
-6457.97
-6458.22
-6366.77
-6584.21
-6412.35
-6482.17
-6532.93
-6443.43
-6528.28
-6444.56
-6457.73
-6417.79
-6434.69
-6386.75
-6413.89
-6381.97
-6468.69
-6447.41
-6432.26
-6443.57
-6406.76
-6543.93
-6386.69
-6526.58
-6450.42
-6467.47
-6363.01
-6379.60
-6471.63
-6515.73
-6406.75
-6404.51
-6403.59
-6397.33
-6380.42
-6382.55
-6466.51
-6386.09
-6465.10
-6413.08
-6407.00
-6405.75
-6449.23
-6385.26
-6501.44
-6370.64
-6439.94
-6360.30
-6450.81
-6643.56
-6443.47
-6343.37
-6455.05
-6387.06
-6383.38
-6407.12
-6405.18
-6352.07
-6360.23
-6414.27
-6393.99
-6413.93
-6368.90
-6303.35
-6410.43
-6373.00
-6438.03
-6425.52
-6453.19
-6398.85
-6474.08
-6368.59
-6429.23
-6420.70
-6483.61
-6409.82
-6431.83
-6380.53
-6390.00
-6364.86
-6417.36
-6587.84
-6373.01
-6392.71
-6452.33
-6372.04
-6390.52
-6399.15
-6386.04
-6400.51
-6388.96
-6431.25
-6438.78
-6358.90
-6439.35
-6466.58
-6446.66
-6356.84
-6399.14
-6439.51
-6361.56
-6437.84
-6563.60
-6577.40
-6387.47
-6524.55
-6341.60
-6382.87
-6355.93
-6443.09
-6383.46
-6370.48
-6432.89
-6427.70
-6342.97
-6415.55
-6422.01
-6393.51
-6498.15
-6387.04
-6400.78
-6321.51
-6449.06
-6350.48
-6392.46
-6422.96
-6325.94
-6494.11
-6347.45
-6385.75
-6460.03
-6339.47
-6377.61
-6350.85
-6392.57
-6371.26
-6407.32
-6442.74
-6344.78
-6455.85
-6420.16
-6370.11
-6394.55
-6358.43
-6378.63
-6367.64
-6436.77
-6366.27
-6412.59
-6407.56
-6349.13
-6384.53
-6398.24
-6392.27
-6365.58
-6475.72
-6443.26
-6321.99
-6398.57
-6459.71
-6463.56
-6377.89
-6402.65
-6407.39
-6418.68
-6576.40
-6351.68
-6566.82
-6358.16
-6459.26
-6362.39
-6409.25
-6506.43
-6364.65
-6334.46
-6470.16
-6410.10
-6374.75
-6407.26
-6339.71
-12892.45
-12694.61
-12873.69
-12771.37
-12711.05
-12679.09
-12826.03
-13005.28
-12716.99
-12693.75
-13026.07
-12704.75
-12776.15
-12740.82
-12752.72
-12769.41
-12645.25
-12805.38
-12854.50
-12879.22
-12732.98
-12734.42
-12728.42
-12907.20
-12793.83
-13094.11
-12789.23
-12708.66
-12824.44
-12698.60
-12690.57
-12721.33
-12679.82
-12738.37
-12769.70
-12760.73
-12722.67
-13266.47
-12669.94
-12777.07
-12787.65
-12710.15
-12772.58
-12767.57
-12791.08
-12805.30
-12791.14
-12839.70
-12711.20
-12574.91
-12765.97
-12743.04
-12667.62
-12709.86
-12706.80
-12827.05
-12677.20
-12720.00
-12812.28
-12716.64
-12704.75
-12805.58
-12631.06
-12700.99
-12694.38
-12687.67
-12731.16
-12686.59
-12814.02
-12672.27
-12705.45
-12639.37
-12752.88
-12792.97
-12690.93
-12739.27
-12804.47
-12626.58
-12641.12
-12757.23
-12741.26
-12629.63
-12751.76
-12612.63
-12739.04
-12803.32
-12681.17
-12693.37
-12699.26
-12591.42
-12767.10
-12793.33
-12842.11
-12701.19
-12791.99
-12701.47
-12737.10
-13082.38
-12914.40
-12665.67
-12659.83
-12744.36
-12704.94
-12642.53
-12678.79
-12693.38
-12697.50
-13048.91
-12613.66
-12956.11
-12781.63
-12868.58
-12710.73
-12966.85
-12661.52
-12738.12
-12739.72
-12645.03
-12784.97
-12792.04
-12864.87
-12739.44
-13171.66
-12663.16
-12642.16
