-9616.03
-9610.81
-9572.03
-9733.33
-9524.85
-9628.38
-9539.39
-9602.30
-9580.37
-9884.34
-9683.62
-9685.23
-9650.42
-9563.91
-9598.45
-9531.67
-9491.16
-9651.75
-9598.12
-9535.03
-9641.78
-9524.57
-9685.70
-9613.79
-9784.36
-9688.08
-9554.92
-9585.83
-9581.97
-9617.14
-9618.89
-9543.85
-9655.26
-9584.23
-9473.40
-9546.01
-9721.12
-9552.54
-9508.48
-9582.33
-9551.35
-9616.57
-9652.86
-9502.07
-9613.44
-9412.66
-9512.63
-9579.02
-9633.76
-9553.32
-9582.62
-9635.69
-9541.48
-9554.33
-9467.65
-9602.30
-9537.95
-9528.38
-9541.65
-9543.93
-9505.98
-9629.23
-9654.82
-9539.35
-9522.45
-9502.88
-9612.84
-9686.79
-9473.52
-9599.99
-9577.15
-9571.18
-9656.75
-9435.36
-9529.60
-9602.78
-9479.27
-9519.71
-9544.10
-9554.54
-9434.19
-9394.96
-9516.91
-9610.38
-9549.97
-9413.50
-9502.70
-9422.97
-9375.86
-9653.08
-9460.71
-9533.43
-9439.07
-9435.63
-9632.12
-9479.09
-9416.85
-9518.87
-9422.69
-9435.80
-9437.83
-9505.69
-9501.25
-9573.32
-9455.98
-9450.80
-9502.78
-9663.25
-9433.13
-9457.61
-9532.24
-9512.60
-9518.84
-9450.38
-9474.05
-9551.32
-9408.09
-9589.35
-9626.29
-9482.42
-9531.09
-9423.10
-9516.19
-9477.16
-9608.55
-9472.44
-9571.02
-9451.15
-9499.98
-9484.96
-9393.34
-9396.42
-9468.54
-9483.83
-9536.21
-9505.20
-9483.98
-9533.97
-9609.05
-9603.41
-9494.90
-9450.81
-9535.60
-9448.51
-9505.16
-9417.70
-9483.06
-9505.05
-9479.24
-9430.42
-9539.53
-9507.85
-9504.02
-9343.76
-9543.94
-9394.03
-9511.06
-9422.91
-9486.82
-9661.30
-9571.07
-9409.23
-9419.94
-9509.24
-9409.33
-9458.34
-9397.59
-9417.76
-9458.77
-9460.89
-9423.04
-9494.27
-9411.86
-9516.71
-9461.82
-9490.68
-9547.40
-9469.26
-9479.21
-9399.97
-9444.98
-9441.75
-9538.84
-9484.60
-9638.82
-9497.62
-9470.98
-9421.60
-9482.41
-9509.35
-9438.80
-9529.98
-9504.83
-9496.38
-9505.19
-9604.02
-9571.17
-9522.20
-9422.22
-9467.22
-9526.48
-9432.30
-9361.18
-9389.19
-9486.72
-9452.39
-9489.74
-9481.84
-9437.64
-9552.95
-9481.94
-9400.12
-9437.51
-9453.08
-9557.96
-9462.49
-9506.64
-9524.43
-12753.46
-12738.40
-12906.12
-12922.50
-12806.41
-12689.39
-12761.36
-12782.72
-12839.76
-12756.21
-12812.93
-12769.09
-12752.61
-12868.58
-12707.94
-12775.74
-12855.83
-12920.26
-12705.24
-12799.79
-12900.58
-12801.93
-12849.12
-12754.93
-12713.05
-12741.31
-12959.37
-12766.50
-12695.15
-12911.71
-12799.44
-12725.03
-12765.09
-12832.11
-12754.66
-12736.38
-12691.96
-12843.59
-12611.28
-12698.73
-13199.08
-12688.05
-12756.70
-12735.82
-12881.00
-12747.24
-12639.46
-12754.36
-12920.87
-12772.43
-12745.86
-12707.55
-12890.82
-12872.69
-12615.90
-12767.24
-12944.23
-12654.37
-12766.99
-12821.52
-12764.13
-12799.08
-12879.81
-13079.47
-12749.34
-12729.46
-12799.97
-12810.00
-12777.25
-12869.40
-12703.15
-12718.32
-12878.26
-12797.67
-12567.73
-12710.81
-12661.82
-12782.00
-12790.26
-12827.33
-12915.31
-12778.78
-12835.05
-12813.35
-12706.71
-12855.96
-13031.92
-12828.19
-12772.13
-12678.64
-12898.74
-12759.22
-12675.08
-12812.96
-12940.70
-12777.31
-12710.83
-12859.38
-12862.89
-12742.73
-12789.50
-12859.63
-12915.76
-12818.53
-12795.83
-12742.57
-12825.60
-12802.95
-12921.43
-12708.77
-12693.20
-12937.55
-12768.40
-12737.29
-12703.53
-12696.80
-12782.43
-12818.59
-12803.71
-12806.90
-12878.36
-12914.90
-12868.64
-12770.54
-12947.25
