-11667.58
-11608.67
-11698.94
-11513.36
-11850.72
-11665.65
-11866.21
-11687.84
-11665.40
-11750.31
-11974.17
-11642.18
-11669.99
-11629.32
-11645.46
-11681.21
-11839.24
-11618.44
-11778.29
-11926.93
-11771.05
-11591.80
-11673.09
-11827.37
-11887.90
-11758.38
-11755.07
-11797.10
-11637.76
-11691.92
-11665.84
-11583.36
-11651.52
-11761.27
-11633.57
-11641.11
-11641.21
-11650.87
-11700.67
-11661.74
-11616.56
-11665.70
-11776.25
-11743.64
-11860.65
-11667.70
-11760.02
-11795.03
-11607.88
-11724.52
-11717.82
-11679.11
-11757.42
-11692.55
-11574.71
-11662.79
-11799.81
-11684.72
-11583.62
-11768.33
-11849.90
-11791.79
-11648.42
-11888.42
-11667.87
-11686.69
-11865.27
-11642.12
-11666.34
-11654.41
-11725.11
-11782.23
-11808.69
-11755.60
-11675.41
-11730.78
-11664.35
-11760.72
-11751.35
-11696.92
-11709.04
-11705.34
-11694.71
-11922.76
-11693.00
-11693.22
-11657.69
-11806.24
-11697.10
-11637.69
-11628.00
-11690.24
-11673.13
-11673.46
-11790.27
-11668.73
-11675.03
-11686.10
-11881.26
-11727.30
-11729.00
-11660.75
-11744.45
-11705.94
-11680.73
-11795.53
-11989.61
-11611.94
-11770.74
-11748.88
-11825.04
-11811.51
-11870.12
-11760.16
-11709.98
-11795.76
-11710.12
-11652.10
-11643.69
-11624.15
-11718.96
-11580.05
-12006.34
-11678.68
-11674.66
-11729.32
-11677.44
-11887.85
-11736.69
-11738.72
-11792.36
-11572.78
-11777.99
-11632.30
-11674.57
-11892.27
-11614.43
-11680.34
-11749.95
-11714.83
-11617.80
-11578.14
-11718.37
-11611.91
-11576.08
-11744.82
-11746.97
-11861.39
-11714.77
-11709.08
-11637.42
-11621.12
-12006.82
-11828.16
-11680.12
-11660.23
-11580.38
-11730.14
-11721.58
-11679.52
-11752.87
-12149.65
-11764.69
-11705.94
-11586.11
-11717.79
-11758.00
-11823.97
-11737.02
-11748.43
-11744.10
-11698.46
-11720.99
-11596.68
-11720.78
-11804.49
-11727.93
-11721.43
-11762.91
-11698.75
-11699.42
-11708.35
-11630.76
-11717.76
-11803.76
-11698.40
-11622.71
-11652.21
-11704.60
-11689.81
-11706.82
-11714.14
-11874.80
-11743.59
-11661.98
-11741.59
-11703.33
-11736.24
-11711.50
-11741.18
-11776.14
-11775.67
-11886.23
-11799.20
-11653.52
-11731.50
-11552.89
-11792.83
-11743.34
-11622.70
-11677.40
-11692.87
-11547.00
-11702.47
-11736.44
-11706.59
-11695.87
-11561.56
-12923.11
-12957.44
-13070.60
-13181.77
-12810.03
-12880.29
-12864.45
-12975.74
-12752.18
-12758.99
-12814.21
-13006.34
-12749.27
-12851.07
-12837.01
-12917.58
-12834.36
-13045.49
-12937.83
-12855.76
-12872.13
-13043.96
-13189.15
-12910.84
-12782.98
-13130.28
-13096.35
-12822.46
-13252.51
-12954.34
-12780.67
-12871.79
-12832.80
-12810.63
-13013.03
-12876.72
-12886.07
-13013.22
-12834.84
-12945.23
-12893.43
-12995.47
-12872.62
-12954.91
-12831.07
-12859.59
-13067.84
-12946.32
-13013.86
-12924.00
-12902.31
-12931.85
-13024.26
-12870.29
-12884.57
-12848.99
-12825.14
-12941.57
-12877.24
-12772.13
-12805.65
-12821.27
-12938.67
-12702.88
-12755.71
-12840.84
-12953.59
-13133.77
-12754.51
-12676.19
-12860.39
-12838.01
-12873.38
-12761.22
-12786.17
-12854.34
-12795.72
-12741.48
-12826.65
-12762.21
-12728.95
-12843.43
-13038.71
-12783.75
-12719.30
-12862.26
-12886.70
-12913.25
-12802.77
-12815.12
-12769.84
-12870.50
-12956.73
-12895.31
-12856.36
-12800.81
-12787.13
-12875.47
-12789.88
-12784.89
-12831.35
-12824.92
-12819.31
-12843.54
-13135.97
-12844.80
-12739.35
-12757.92
-12897.24
-12839.47
-12765.25
-12793.58
-12836.03
-12803.72
-12835.86
-12762.14
-12693.38
-12870.36
-12926.28
-12694.38
-12929.45
-12900.87
-12805.09
