-7897.22
-7767.82
-7700.42
-7991.91
-7797.63
-7857.16
-7810.76
-7797.00
-7753.19
-7706.18
-7938.07
-7907.90
-7854.35
-7827.63
-7917.67
-7750.12
-7744.59
-7825.38
-7876.23
-7772.44
-7908.91
-7828.83
-7722.24
-7829.63
-7844.82
-7779.43
-7810.97
-7829.39
-7831.12
-7814.98
-7859.89
-7815.76
-7697.92
-7854.12
-7794.49
-7805.60
-7839.61
-7718.48
-7876.14
-7772.56
-7776.15
-7776.32
-7722.73
-7862.52
-7765.48
-7747.86
-7743.01
-7806.44
-7797.88
-7858.44
-7828.93
-7733.00
-7875.05
-7893.05
-7788.93
-7770.82
-7822.03
-7740.13
-7894.56
-8020.91
-7888.77
-7807.16
-7864.82
-7783.54
-7782.37
-7754.80
-7772.62
-7845.60
-7780.75
-7814.11
-7776.73
-7774.86
-7799.64
-7777.57
-7947.56
-7762.04
-7805.93
-7830.05
-7753.61
-7925.71
-7850.88
-7753.09
-7877.63
-7866.31
-7841.33
-7869.27
-7765.90
-7827.94
-7802.45
-7723.85
-7862.25
-7818.89
-7808.05
-7707.23
-7799.55
-7872.09
-7793.36
-7766.67
-7983.04
-7824.42
-7795.91
-7785.21
-7901.14
-7824.61
-7901.03
-7823.93
-7762.20
-7774.09
-7784.22
-7895.14
-7802.88
-7768.28
-7822.60
-7739.75
-7784.44
-7786.10
-7750.27
-7814.04
-7789.73
-7794.98
-7796.83
-7778.69
-7692.34
-7741.66
-7764.92
-7738.49
-7698.70
-7833.44
-7827.92
-7830.45
-7776.24
-7790.48
-7716.75
-7800.99
-7798.36
-7802.54
-7760.47
-7742.86
-7743.26
-7790.08
-7747.55
-7811.19
-7839.18
-7813.21
-7858.26
-7784.24
-7854.28
-7895.43
-7831.75
-7762.40
-7787.63
-7889.23
-7810.71
-7746.23
-7805.47
-7897.01
-7784.55
-7726.27
-7858.78
-7801.74
-7815.67
-7779.49
-7826.75
-7782.29
-7814.72
-7730.60
-7717.28
-7710.81
-7814.85
-7775.28
-7719.04
-7787.70
-7912.04
-7683.16
-7726.91
-7771.33
-7801.42
-7784.96
-7841.00
-7824.29
-7794.13
-7770.09
-7824.46
-7807.41
-7729.22
-7845.63
-7919.67
-7738.57
-7733.86
-7833.74
-7790.31
-7786.11
-7790.14
-7762.69
-7781.97
-7810.13
-7782.78
-7708.70
-7756.53
-7772.78
-7737.79
-7776.14
-7783.83
-7777.55
-7973.48
-7780.21
-7913.39
-7953.89
-7871.37
-7866.89
-7839.31
-7737.28
-7912.80
-7800.28
-7790.24
-7713.11
-7687.45
-7794.25
-12688.08
-12851.96
-12852.75
-12784.91
-12900.16
-12887.01
-12916.87
-12717.79
-12786.64
-12822.98
-12669.72
-12789.25
-12813.63
-12740.80
-12808.71
-12769.81
-12805.53
-12953.17
-12675.18
-12751.65
-13131.18
-13094.61
-12685.81
-12792.84
-12720.02
-12743.03
-12853.87
-12804.21
-13050.49
-12801.32
-12755.89
-12890.48
-12929.67
-12834.94
-13101.78
-12745.41
-12900.08
-12684.30
-12679.04
-12831.92
-12725.05
-12746.17
-12652.73
-12771.87
-12877.71
-12694.59
-12692.70
-12693.12
-12882.05
-13202.09
-12741.59
-12848.37
-12733.87
-12687.92
-12854.38
-12719.77
-12620.64
-12668.93
-12667.81
-12659.93
-12911.26
-12775.57
-12661.48
-12748.15
-12753.67
-13193.15
-12642.97
-12808.67
-12691.22
-12753.62
-12646.72
-12769.38
-12763.40
-12674.85
-12788.16
-12888.10
-12758.79
-12699.86
-12847.90
-12663.56
-12813.66
-12683.53
-12735.15
-12795.37
-12874.44
-12601.89
-12696.64
-12812.41
-12788.17
-12745.34
-12848.27
-12844.33
-12650.80
-12805.26
-12740.86
-12705.03
-12854.94
-12724.29
-12730.35
-12729.18
-12682.39
-12752.04
-12697.03
-12656.89
-12804.45
-12717.62
-12696.94
-12771.69
-12720.82
-12716.84
-12674.12
-12637.34
-12873.15
-13022.48
-12721.66
-12748.73
-12746.46
-12789.56
-12811.74
-12801.69
-12878.54
-12778.91
-12821.89
-12645.32
-12699.46
