0.00 1.00 -9144.10 -9144.10 442.66 2905.42
1.00 1.00 -9144.10 -9153.27 442.66 2905.42
2.00 1.00 -9144.10 -9153.53 442.66 2905.42
3.00 2.00 -9144.69 -9144.69 443.70 2912.78
4.00 2.00 -9144.69 -9153.08 443.70 2912.78
5.00 2.00 -9144.69 -9158.83 443.70 2912.78
6.00 2.00 -9144.69 -9151.63 443.70 2912.78
7.00 3.00 -9144.10 -9144.10 441.83 2924.83
8.00 3.00 -9144.10 -9148.00 441.83 2924.83
9.00 3.00 -9144.10 -9161.19 441.83 2924.83
10.00 4.00 -9141.08 -9141.08 437.74 2929.23
11.00 5.00 -9139.18 -9139.18 437.57 2920.09
12.00 6.00 -9137.91 -9137.91 434.68 2936.04
13.00 7.00 -9134.31 -9134.31 433.23 2924.27
14.00 8.00 -9131.07 -9131.07 429.34 2931.97
15.00 8.00 -9131.07 -9141.78 429.34 2931.97
16.00 8.00 -9131.07 -9156.00 429.34 2931.97
17.00 8.00 -9131.07 -9141.22 429.34 2931.97
18.00 8.00 -9131.07 -9140.28 429.34 2931.97
19.00 9.00 -9131.03 -9131.03 430.01 2934.70
20.00 9.00 -9131.03 -9169.70 430.01 2934.70
21.00 9.00 -9131.03 -9153.67 430.01 2934.70
22.00 9.00 -9131.03 -9151.77 430.01 2934.70
23.00 9.00 -9131.03 -9144.53 430.01 2934.70
24.00 9.00 -9131.03 -9141.03 430.01 2934.70
25.00 9.00 -9131.03 -9146.11 430.01 2934.70
26.00 9.00 -9131.03 -9149.22 430.01 2934.70
27.00 9.00 -9131.03 -9137.35 430.01 2934.70
28.00 9.00 -9131.03 -9142.02 430.01 2934.70
29.00 9.00 -9131.03 -9146.69 430.01 2934.70
30.00 9.00 -9131.03 -9146.01 430.01 2934.70
31.00 9.00 -9131.03 -9145.59 430.01 2934.70
32.00 9.00 -9131.03 -9148.89 430.01 2934.70
33.00 9.00 -9131.03 -9143.40 430.01 2934.70
34.00 9.00 -9131.03 -9149.56 430.01 2934.70
35.00 9.00 -9131.03 -9142.93 430.01 2934.70
36.00 9.00 -9131.03 -9139.47 430.01 2934.70
37.00 9.00 -9131.03 -9139.19 430.01 2934.70
38.00 9.00 -9131.03 -9132.15 430.01 2934.70
39.00 9.00 -9131.03 -9134.92 430.01 2934.70
40.00 9.00 -9131.03 -9151.77 430.01 2934.70
41.00 9.00 -9131.03 -9149.21 430.01 2934.70
42.00 9.00 -9131.03 -9144.95 430.01 2934.70
43.00 9.00 -9131.03 -9142.05 430.01 2934.70
44.00 9.00 -9131.03 -9156.76 430.01 2934.70
45.00 9.00 -9131.03 -9164.40 430.01 2934.70
46.00 9.00 -9131.03 -9138.85 430.01 2934.70
47.00 9.00 -9131.03 -9145.33 430.01 2934.70
48.00 9.00 -9131.03 -9166.14 430.01 2934.70
49.00 9.00 -9131.03 -9148.15 430.01 2934.70
50.00 9.00 -9131.03 -9136.44 430.01 2934.70
51.00 9.00 -9131.03 -9138.83 430.01 2934.70
52.00 9.00 -9131.03 -9152.73 430.01 2934.70
53.00 9.00 -9131.03 -9163.14 430.01 2934.70
54.00 9.00 -9131.03 -9145.72 430.01 2934.70
55.00 9.00 -9131.03 -9150.72 430.01 2934.70
56.00 9.00 -9131.03 -9145.10 430.01 2934.70
57.00 9.00 -9131.03 -9138.11 430.01 2934.70
58.00 9.00 -9131.03 -9144.50 430.01 2934.70
59.00 10.00 -9129.66 -9129.66 428.54 2930.74
60.00 10.00 -9129.66 -9148.78 428.54 2930.74
61.00 10.00 -9129.66 -9148.97 428.54 2930.74
62.00 10.00 -9129.66 -9151.52 428.54 2930.74
63.00 10.00 -9129.66 -9144.22 428.54 2930.74
64.00 10.00 -9129.66 -9145.53 428.54 2930.74
65.00 10.00 -9129.66 -9145.55 428.54 2930.74
66.00 10.00 -9129.66 -9143.19 428.54 2930.74
67.00 10.00 -9129.66 -9141.39 428.54 2930.74
68.00 10.00 -9129.66 -9136.57 428.54 2930.74
69.00 10.00 -9129.66 -9144.31 428.54 2930.74
70.00 10.00 -9129.66 -9132.65 428.54 2930.74
71.00 10.00 -9129.66 -9144.63 428.54 2930.74
72.00 10.00 -9129.66 -9137.62 428.54 2930.74
73.00 10.00 -9129.66 -9153.97 428.54 2930.74
74.00 10.00 -9129.66 -9153.77 428.54 2930.74
75.00 10.00 -9129.66 -9154.63 428.54 2930.74
76.00 10.00 -9129.66 -9138.65 428.54 2930.74
77.00 10.00 -9129.66 -9145.20 428.54 2930.74
78.00 10.00 -9129.66 -9149.54 428.54 2930.74
79.00 10.00 -9129.66 -9141.04 428.54 2930.74
80.00 10.00 -9129.66 -9140.84 428.54 2930.74
81.00 10.00 -9129.66 -9146.13 428.54 2930.74
82.00 10.00 -9129.66 -9139.89 428.54 2930.74
83.00 10.00 -9129.66 -9145.65 428.54 2930.74
84.00 10.00 -9129.66 -9145.71 428.54 2930.74
85.00 10.00 -9129.66 -9139.92 428.54 2930.74
86.00 10.00 -9129.66 -9144.20 428.54 2930.74
87.00 10.00 -9129.66 -9157.63 428.54 2930.74
88.00 10.00 -9129.66 -9135.64 428.54 2930.74
89.00 10.00 -9129.66 -9140.42 428.54 2930.74
90.00 10.00 -9129.66 -9145.28 428.54 2930.74
91.00 10.00 -9129.66 -9151.59 428.54 2930.74
92.00 10.00 -9129.66 -9149.19 428.54 2930.74
93.00 10.00 -9129.66 -9147.97 428.54 2930.74
94.00 10.00 -9129.66 -9140.63 428.54 2930.74
95.00 10.00 -9129.66 -9145.33 428.54 2930.74
96.00 10.00 -9129.66 -9131.79 428.54 2930.74
97.00 10.00 -9129.66 -9143.86 428.54 2930.74
98.00 10.00 -9129.66 -9163.94 428.54 2930.74
99.00 10.00 -9129.66 -9151.02 428.54 2930.74
100.00 10.00 -9129.66 -9146.84 428.54 2930.74
101.00 10.00 -9129.66 -9145.08 428.54 2930.74
102.00 10.00 -9129.66 -9135.38 428.54 2930.74
103.00 10.00 -9129.66 -9143.06 428.54 2930.74
104.00 10.00 -9129.66 -9136.15 428.54 2930.74
105.00 10.00 -9129.66 -9138.81 428.54 2930.74
106.00 10.00 -9129.66 -9134.95 428.54 2930.74
107.00 10.00 -9129.66 -9141.12 428.54 2930.74
108.00 10.00 -9129.66 -9145.56 428.54 2930.74
109.00 10.00 -9129.66 -9148.62 428.54 2930.74
110.00 10.00 -9129.66 -9142.23 428.54 2930.74
111.00 10.00 -9129.66 -9150.71 428.54 2930.74
112.00 10.00 -9129.66 -9138.00 428.54 2930.74
113.00 10.00 -9129.66 -9145.35 428.54 2930.74
114.00 10.00 -9129.66 -9166.30 428.54 2930.74
115.00 10.00 -9129.66 -9144.16 428.54 2930.74
116.00 10.00 -9129.66 -9150.26 428.54 2930.74
117.00 10.00 -9129.66 -9147.77 428.54 2930.74
118.00 10.00 -9129.66 -9148.24 428.54 2930.74
119.00 10.00 -9129.66 -9141.08 428.54 2930.74
120.00 10.00 -9129.66 -9146.98 428.54 2930.74
121.00 10.00 -9129.66 -9141.40 428.54 2930.74
122.00 10.00 -9129.66 -9147.43 428.54 2930.74
123.00 10.00 -9129.66 -9143.73 428.54 2930.74
124.00 10.00 -9129.66 -9143.43 428.54 2930.74
125.00 10.00 -9129.66 -9134.99 428.54 2930.74
126.00 10.00 -9129.66 -9160.85 428.54 2930.74
127.00 11.00 -9128.29 -9128.29 428.95 2917.21
