0.00 0.00 -11137.33 -11167.62 1.00 1.00
1.00 0.00 -11137.33 -11159.23 1.00 1.00
2.00 0.00 -11137.33 -11160.36 1.00 1.00
3.00 0.00 -11137.33 -11158.42 1.00 1.00
4.00 0.00 -11137.33 -11150.03 1.00 1.00
5.00 0.00 -11137.33 -11157.35 1.00 1.00
6.00 0.00 -11137.33 -11144.63 1.00 1.00
7.00 0.00 -11137.33 -11153.36 1.00 1.00
8.00 0.00 -11137.33 -11155.27 1.00 1.00
9.00 0.00 -11137.33 -11174.67 1.00 1.00
10.00 0.00 -11137.33 -11170.28 1.00 1.00
11.00 0.00 -11137.33 -11165.25 1.00 1.00
12.00 0.00 -11137.33 -11144.75 1.00 1.00
13.00 0.00 -11137.33 -11150.01 1.00 1.00
14.00 0.00 -11137.33 -11140.04 1.00 1.00
15.00 0.00 -11137.33 -11168.39 1.00 1.00
16.00 0.00 -11137.33 -11144.58 1.00 1.00
17.00 0.00 -11137.33 -11153.65 1.00 1.00
18.00 0.00 -11137.33 -11157.40 1.00 1.00
19.00 0.00 -11137.33 -11144.79 1.00 1.00
20.00 0.00 -11137.33 -11152.88 1.00 1.00
21.00 0.00 -11137.33 -11143.34 1.00 1.00
22.00 0.00 -11137.33 -11159.84 1.00 1.00
23.00 0.00 -11137.33 -11155.76 1.00 1.00
24.00 0.00 -11137.33 -11162.99 1.00 1.00
25.00 0.00 -11137.33 -11159.28 1.00 1.00
26.00 0.00 -11137.33 -11161.70 1.00 1.00
27.00 0.00 -11137.33 -11149.79 1.00 1.00
28.00 0.00 -11137.33 -11167.92 1.00 1.00
29.00 0.00 -11137.33 -11153.00 1.00 1.00
30.00 0.00 -11137.33 -11166.16 1.00 1.00
31.00 0.00 -11137.33 -11153.23 1.00 1.00
32.00 0.00 -11137.33 -11158.74 1.00 1.00
33.00 0.00 -11137.33 -11166.15 1.00 1.00
34.00 0.00 -11137.33 -11152.22 1.00 1.00
35.00 0.00 -11137.33 -11168.76 1.00 1.00
36.00 0.00 -11137.33 -11164.23 1.00 1.00
37.00 1.00 -11134.74 -11134.74 434.75 2906.17
38.00 1.00 -11134.74 -11167.04 434.75 2906.17
39.00 1.00 -11134.74 -11163.69 434.75 2906.17
40.00 1.00 -11134.74 -11158.98 434.75 2906.17
41.00 1.00 -11134.74 -11155.14 434.75 2906.17
42.00 1.00 -11134.74 -11163.16 434.75 2906.17
43.00 1.00 -11134.74 -11169.56 434.75 2906.17
44.00 1.00 -11134.74 -11165.04 434.75 2906.17
45.00 1.00 -11134.74 -11166.46 434.75 2906.17
46.00 1.00 -11134.74 -11165.91 434.75 2906.17
47.00 1.00 -11134.74 -11170.55 434.75 2906.17
48.00 1.00 -11134.74 -11163.31 434.75 2906.17
49.00 1.00 -11134.74 -11155.10 434.75 2906.17
50.00 1.00 -11134.74 -11156.36 434.75 2906.17
51.00 1.00 -11134.74 -11155.67 434.75 2906.17
52.00 1.00 -11134.74 -11149.55 434.75 2906.17
53.00 1.00 -11134.74 -11159.16 434.75 2906.17
54.00 1.00 -11134.74 -11154.04 434.75 2906.17
55.00 1.00 -11134.74 -11163.00 434.75 2906.17
56.00 1.00 -11134.74 -11151.82 434.75 2906.17
57.00 1.00 -11134.74 -11146.37 434.75 2906.17
58.00 1.00 -11134.74 -11165.22 434.75 2906.17
59.00 1.00 -11134.74 -11169.25 434.75 2906.17
60.00 1.00 -11134.74 -11170.09 434.75 2906.17
61.00 1.00 -11134.74 -11155.31 434.75 2906.17
62.00 1.00 -11134.74 -11153.45 434.75 2906.17
63.00 1.00 -11134.74 -11154.04 434.75 2906.17
64.00 1.00 -11134.74 -11163.78 434.75 2906.17
65.00 1.00 -11134.74 -11151.88 434.75 2906.17
66.00 1.00 -11134.74 -11176.01 434.75 2906.17
67.00 1.00 -11134.74 -11154.72 434.75 2906.17
68.00 1.00 -11134.74 -11167.13 434.75 2906.17
69.00 1.00 -11134.74 -11172.89 434.75 2906.17
70.00 1.00 -11134.74 -11163.13 434.75 2906.17
71.00 2.00 -11133.94 -11133.94 434.45 2907.78
72.00 2.00 -11133.94 -11180.12 434.45 2907.78
73.00 2.00 -11133.94 -11148.16 434.45 2907.78
74.00 2.00 -11133.94 -11169.22 434.45 2907.78
75.00 2.00 -11133.94 -11150.41 434.45 2907.78
76.00 2.00 -11133.94 -11156.40 434.45 2907.78
77.00 2.00 -11133.94 -11148.95 434.45 2907.78
78.00 2.00 -11133.94 -11155.81 434.45 2907.78
79.00 2.00 -11133.94 -11152.14 434.45 2907.78
80.00 2.00 -11133.94 -11160.12 434.45 2907.78
81.00 2.00 -11133.94 -11157.19 434.45 2907.78
82.00 2.00 -11133.94 -11157.73 434.45 2907.78
83.00 2.00 -11133.94 -11158.37 434.45 2907.78
84.00 2.00 -11133.94 -11151.55 434.45 2907.78
85.00 2.00 -11133.94 -11177.31 434.45 2907.78
86.00 2.00 -11133.94 -11156.17 434.45 2907.78
87.00 2.00 -11133.94 -11154.15 434.45 2907.78
88.00 2.00 -11133.94 -11154.87 434.45 2907.78
89.00 2.00 -11133.94 -11158.71 434.45 2907.78
90.00 2.00 -11133.94 -11166.88 434.45 2907.78
91.00 2.00 -11133.94 -11149.84 434.45 2907.78
92.00 2.00 -11133.94 -11155.80 434.45 2907.78
93.00 2.00 -11133.94 -11163.16 434.45 2907.78
94.00 2.00 -11133.94 -11157.76 434.45 2907.78
95.00 2.00 -11133.94 -11177.33 434.45 2907.78
96.00 2.00 -11133.94 -11163.89 434.45 2907.78
97.00 2.00 -11133.94 -11163.21 434.45 2907.78
98.00 2.00 -11133.94 -11157.04 434.45 2907.78
99.00 2.00 -11133.94 -11170.15 434.45 2907.78
100.00 2.00 -11133.94 -11167.37 434.45 2907.78
101.00 2.00 -11133.94 -11158.66 434.45 2907.78
102.00 2.00 -11133.94 -11158.34 434.45 2907.78
103.00 2.00 -11133.94 -11145.40 434.45 2907.78
104.00 2.00 -11133.94 -11150.30 434.45 2907.78
105.00 2.00 -11133.94 -11177.28 434.45 2907.78
106.00 2.00 -11133.94 -11156.95 434.45 2907.78
107.00 2.00 -11133.94 -11156.93 434.45 2907.78
108.00 2.00 -11133.94 -11164.08 434.45 2907.78
109.00 2.00 -11133.94 -11150.87 434.45 2907.78
110.00 2.00 -11133.94 -11172.43 434.45 2907.78
111.00 2.00 -11133.94 -11154.31 434.45 2907.78
112.00 2.00 -11133.94 -11160.22 434.45 2907.78
113.00 2.00 -11133.94 -11151.99 434.45 2907.78
114.00 2.00 -11133.94 -11160.12 434.45 2907.78
115.00 2.00 -11133.94 -11174.30 434.45 2907.78
116.00 2.00 -11133.94 -11147.53 434.45 2907.78
117.00 2.00 -11133.94 -11158.84 434.45 2907.78
118.00 2.00 -11133.94 -11168.80 434.45 2907.78
119.00 2.00 -11133.94 -11176.18 434.45 2907.78
120.00 2.00 -11133.94 -11154.25 434.45 2907.78
121.00 2.00 -11133.94 -11144.89 434.45 2907.78
122.00 2.00 -11133.94 -11164.66 434.45 2907.78
123.00 2.00 -11133.94 -11157.98 434.45 2907.78
124.00 2.00 -11133.94 -11167.26 434.45 2907.78
125.00 2.00 -11133.94 -11161.87 434.45 2907.78
126.00 2.00 -11133.94 -11158.21 434.45 2907.78
127.00 2.00 -11133.94 -11162.85 434.45 2907.78
128.00 2.00 -11133.94 -11155.51 434.45 2907.78
129.00 2.00 -11133.94 -11167.89 434.45 2907.78
130.00 2.00 -11133.94 -11163.76 434.45 2907.78
