0.00 0.00 -15002.88 -15017.93 1.00 1.00
1.00 0.00 -15002.88 -15013.52 1.00 1.00
2.00 0.00 -15002.88 -15017.02 1.00 1.00
3.00 1.00 -14996.72 -14996.72 439.61 2907.87
4.00 1.00 -14996.72 -15009.51 439.61 2907.87
5.00 1.00 -14996.72 -14998.15 439.61 2907.87
6.00 1.00 -14996.72 -15012.72 439.61 2907.87
7.00 1.00 -14996.72 -15014.52 439.61 2907.87
8.00 1.00 -14996.72 -15006.76 439.61 2907.87
9.00 1.00 -14996.72 -15033.74 439.61 2907.87
10.00 1.00 -14996.72 -15000.08 439.61 2907.87
11.00 2.00 -14990.83 -14990.83 436.59 2915.06
12.00 2.00 -14990.83 -15009.26 436.59 2915.06
13.00 2.00 -14990.83 -15025.72 436.59 2915.06
14.00 2.00 -14990.83 -14997.50 436.59 2915.06
15.00 2.00 -14990.83 -15006.93 436.59 2915.06
16.00 3.00 -14988.58 -14988.58 434.50 2918.88
17.00 4.00 -14978.05 -14978.05 429.82 2911.31
18.00 4.00 -14978.05 -14994.95 429.82 2911.31
19.00 4.00 -14978.05 -14988.93 429.82 2911.31
20.00 4.00 -14978.05 -14991.01 429.82 2911.31
21.00 4.00 -14978.05 -14999.37 429.82 2911.31
22.00 4.00 -14978.05 -15006.65 429.82 2911.31
23.00 4.00 -14978.05 -14999.55 429.82 2911.31
24.00 4.00 -14978.05 -14990.40 429.82 2911.31
25.00 4.00 -14978.05 -15024.15 429.82 2911.31
26.00 4.00 -14978.05 -14999.26 429.82 2911.31
27.00 4.00 -14978.05 -14987.24 429.82 2911.31
28.00 4.00 -14978.05 -15013.61 429.82 2911.31
29.00 4.00 -14978.05 -15017.94 429.82 2911.31
30.00 4.00 -14978.05 -15011.92 429.82 2911.31
31.00 4.00 -14978.05 -14987.89 429.82 2911.31
32.00 4.00 -14978.05 -14998.95 429.82 2911.31
33.00 4.00 -14978.05 -15006.65 429.82 2911.31
34.00 4.00 -14978.05 -15006.62 429.82 2911.31
35.00 4.00 -14978.05 -14997.88 429.82 2911.31
36.00 4.00 -14978.05 -14985.26 429.82 2911.31
37.00 5.00 -14978.10 -14978.10 428.97 2924.07
38.00 5.00 -14978.10 -15001.45 428.97 2924.07
39.00 5.00 -14978.10 -14999.40 428.97 2924.07
40.00 5.00 -14978.10 -15016.58 428.97 2924.07
41.00 5.00 -14978.10 -15033.86 428.97 2924.07
42.00 5.00 -14978.10 -14998.94 428.97 2924.07
43.00 5.00 -14978.10 -14990.48 428.97 2924.07
44.00 5.00 -14978.10 -14995.25 428.97 2924.07
45.00 5.00 -14978.10 -15004.70 428.97 2924.07
46.00 5.00 -14978.10 -15013.13 428.97 2924.07
47.00 5.00 -14978.10 -15000.23 428.97 2924.07
48.00 5.00 -14978.10 -15002.37 428.97 2924.07
49.00 5.00 -14978.10 -14995.61 428.97 2924.07
50.00 5.00 -14978.10 -15012.56 428.97 2924.07
51.00 5.00 -14978.10 -15006.79 428.97 2924.07
52.00 6.00 -14976.46 -14976.46 430.19 2901.97
53.00 6.00 -14976.46 -14990.60 430.19 2901.97
54.00 6.00 -14976.46 -15002.36 430.19 2901.97
55.00 6.00 -14976.46 -14994.25 430.19 2901.97
56.00 6.00 -14976.46 -14987.96 430.19 2901.97
57.00 6.00 -14976.46 -14994.77 430.19 2901.97
58.00 6.00 -14976.46 -15000.36 430.19 2901.97
59.00 6.00 -14976.46 -15002.59 430.19 2901.97
60.00 6.00 -14976.46 -15008.32 430.19 2901.97
61.00 6.00 -14976.46 -15004.69 430.19 2901.97
62.00 7.00 -14962.88 -14962.88 421.88 2910.28
63.00 7.00 -14962.88 -14997.64 421.88 2910.28
64.00 7.00 -14962.88 -14992.03 421.88 2910.28
65.00 7.00 -14962.88 -15012.26 421.88 2910.28
66.00 7.00 -14962.88 -14982.11 421.88 2910.28
67.00 7.00 -14962.88 -15006.62 421.88 2910.28
68.00 7.00 -14962.88 -15004.66 421.88 2910.28
69.00 7.00 -14962.88 -15002.44 421.88 2910.28
70.00 7.00 -14962.88 -15001.95 421.88 2910.28
71.00 7.00 -14962.88 -14991.29 421.88 2910.28
72.00 7.00 -14962.88 -15005.19 421.88 2910.28
73.00 7.00 -14962.88 -15006.99 421.88 2910.28
74.00 7.00 -14962.88 -15015.14 421.88 2910.28
75.00 7.00 -14962.88 -15030.16 421.88 2910.28
76.00 7.00 -14962.88 -14974.95 421.88 2910.28
77.00 7.00 -14962.88 -15020.58 421.88 2910.28
78.00 7.00 -14962.88 -14997.29 421.88 2910.28
79.00 7.00 -14962.88 -15004.09 421.88 2910.28
80.00 7.00 -14962.88 -15023.31 421.88 2910.28
81.00 7.00 -14962.88 -14989.30 421.88 2910.28
82.00 7.00 -14962.88 -14982.93 421.88 2910.28
83.00 7.00 -14962.88 -14998.27 421.88 2910.28
84.00 7.00 -14962.88 -14994.10 421.88 2910.28
85.00 7.00 -14962.88 -15009.75 421.88 2910.28
86.00 7.00 -14962.88 -15001.12 421.88 2910.28
87.00 7.00 -14962.88 -15000.00 421.88 2910.28
88.00 7.00 -14962.88 -15010.12 421.88 2910.28
89.00 7.00 -14962.88 -15011.75 421.88 2910.28
90.00 7.00 -14962.88 -14979.26 421.88 2910.28
91.00 7.00 -14962.88 -14988.09 421.88 2910.28
92.00 7.00 -14962.88 -14978.69 421.88 2910.28
93.00 7.00 -14962.88 -14990.40 421.88 2910.28
94.00 7.00 -14962.88 -15006.81 421.88 2910.28
95.00 7.00 -14962.88 -15010.36 421.88 2910.28
96.00 7.00 -14962.88 -15020.08 421.88 2910.28
97.00 7.00 -14962.88 -14991.29 421.88 2910.28
98.00 7.00 -14962.88 -15011.52 421.88 2910.28
99.00 7.00 -14962.88 -14977.25 421.88 2910.28
100.00 7.00 -14962.88 -14998.68 421.88 2910.28
101.00 7.00 -14962.88 -15027.01 421.88 2910.28
102.00 7.00 -14962.88 -14998.91 421.88 2910.28
103.00 7.00 -14962.88 -15011.61 421.88 2910.28
104.00 7.00 -14962.88 -14990.58 421.88 2910.28
105.00 7.00 -14962.88 -14983.09 421.88 2910.28
106.00 7.00 -14962.88 -14994.55 421.88 2910.28
107.00 7.00 -14962.88 -14996.48 421.88 2910.28
108.00 7.00 -14962.88 -15003.37 421.88 2910.28
109.00 7.00 -14962.88 -14991.21 421.88 2910.28
110.00 7.00 -14962.88 -14990.17 421.88 2910.28
111.00 7.00 -14962.88 -14981.24 421.88 2910.28
112.00 7.00 -14962.88 -14972.67 421.88 2910.28
113.00 7.00 -14962.88 -15015.87 421.88 2910.28
114.00 7.00 -14962.88 -14999.84 421.88 2910.28
115.00 7.00 -14962.88 -14982.39 421.88 2910.28
116.00 7.00 -14962.88 -14998.05 421.88 2910.28
117.00 7.00 -14962.88 -14999.44 421.88 2910.28
118.00 7.00 -14962.88 -14988.38 421.88 2910.28
119.00 7.00 -14962.88 -14993.60 421.88 2910.28
120.00 7.00 -14962.88 -14982.11 421.88 2910.28
121.00 7.00 -14962.88 -14997.11 421.88 2910.28
122.00 7.00 -14962.88 -14981.15 421.88 2910.28
123.00 7.00 -14962.88 -15002.14 421.88 2910.28
124.00 7.00 -14962.88 -14990.72 421.88 2910.28
125.00 7.00 -14962.88 -14981.34 421.88 2910.28
126.00 7.00 -14962.88 -15003.36 421.88 2910.28
127.00 7.00 -14962.88 -14988.14 421.88 2910.28
