0.00 0.00 -8276.61 -8289.47 1.00 1.00
1.00 0.00 -8276.61 -8305.19 1.00 1.00
2.00 0.00 -8276.61 -8292.29 1.00 1.00
3.00 0.00 -8276.61 -8288.58 1.00 1.00
4.00 0.00 -8276.61 -8287.31 1.00 1.00
5.00 0.00 -8276.61 -8283.40 1.00 1.00
6.00 0.00 -8276.61 -8289.00 1.00 1.00
7.00 0.00 -8276.61 -8287.10 1.00 1.00
8.00 0.00 -8276.61 -8289.48 1.00 1.00
9.00 0.00 -8276.61 -8286.64 1.00 1.00
10.00 0.00 -8276.61 -8290.96 1.00 1.00
11.00 0.00 -8276.61 -8287.15 1.00 1.00
12.00 0.00 -8276.61 -8280.61 1.00 1.00
13.00 0.00 -8276.61 -8285.04 1.00 1.00
14.00 0.00 -8276.61 -8294.37 1.00 1.00
15.00 0.00 -8276.61 -8294.70 1.00 1.00
16.00 0.00 -8276.61 -8282.10 1.00 1.00
17.00 0.00 -8276.61 -8282.56 1.00 1.00
18.00 0.00 -8276.61 -8286.94 1.00 1.00
19.00 0.00 -8276.61 -8287.99 1.00 1.00
20.00 0.00 -8276.61 -8302.29 1.00 1.00
21.00 0.00 -8276.61 -8291.65 1.00 1.00
22.00 0.00 -8276.61 -8287.66 1.00 1.00
23.00 0.00 -8276.61 -8283.67 1.00 1.00
24.00 0.00 -8276.61 -8282.78 1.00 1.00
25.00 0.00 -8276.61 -8289.20 1.00 1.00
26.00 0.00 -8276.61 -8287.04 1.00 1.00
27.00 0.00 -8276.61 -8291.71 1.00 1.00
28.00 0.00 -8276.61 -8278.82 1.00 1.00
29.00 0.00 -8276.61 -8283.12 1.00 1.00
30.00 0.00 -8276.61 -8295.70 1.00 1.00
31.00 0.00 -8276.61 -8297.96 1.00 1.00
32.00 0.00 -8276.61 -8284.53 1.00 1.00
33.00 0.00 -8276.61 -8285.93 1.00 1.00
34.00 0.00 -8276.61 -8300.22 1.00 1.00
35.00 0.00 -8276.61 -8285.13 1.00 1.00
36.00 0.00 -8276.61 -8292.65 1.00 1.00
37.00 1.00 -8276.24 -8276.24 436.41 2928.66
38.00 1.00 -8276.24 -8291.69 436.41 2928.66
39.00 1.00 -8276.24 -8297.72 436.41 2928.66
40.00 1.00 -8276.24 -8297.67 436.41 2928.66
41.00 1.00 -8276.24 -8302.34 436.41 2928.66
42.00 1.00 -8276.24 -8283.46 436.41 2928.66
43.00 1.00 -8276.24 -8292.06 436.41 2928.66
44.00 1.00 -8276.24 -8286.26 436.41 2928.66
45.00 1.00 -8276.24 -8285.31 436.41 2928.66
46.00 1.00 -8276.24 -8290.01 436.41 2928.66
47.00 1.00 -8276.24 -8293.73 436.41 2928.66
48.00 1.00 -8276.24 -8300.33 436.41 2928.66
49.00 2.00 -8274.13 -8274.13 436.29 2894.25
50.00 2.00 -8274.13 -8282.55 436.29 2894.25
51.00 2.00 -8274.13 -8294.88 436.29 2894.25
52.00 2.00 -8274.13 -8297.83 436.29 2894.25
53.00 2.00 -8274.13 -8287.43 436.29 2894.25
54.00 2.00 -8274.13 -8294.26 436.29 2894.25
55.00 2.00 -8274.13 -8290.04 436.29 2894.25
56.00 2.00 -8274.13 -8280.90 436.29 2894.25
57.00 2.00 -8274.13 -8286.46 436.29 2894.25
58.00 2.00 -8274.13 -8282.97 436.29 2894.25
59.00 2.00 -8274.13 -8292.59 436.29 2894.25
60.00 2.00 -8274.13 -8284.03 436.29 2894.25
61.00 2.00 -8274.13 -8281.49 436.29 2894.25
62.00 2.00 -8274.13 -8276.51 436.29 2894.25
63.00 2.00 -8274.13 -8282.26 436.29 2894.25
64.00 2.00 -8274.13 -8278.95 436.29 2894.25
65.00 2.00 -8274.13 -8289.45 436.29 2894.25
66.00 2.00 -8274.13 -8278.08 436.29 2894.25
67.00 2.00 -8274.13 -8298.84 436.29 2894.25
68.00 2.00 -8274.13 -8277.09 436.29 2894.25
69.00 2.00 -8274.13 -8292.73 436.29 2894.25
70.00 2.00 -8274.13 -8282.45 436.29 2894.25
71.00 2.00 -8274.13 -8277.83 436.29 2894.25
72.00 2.00 -8274.13 -8289.30 436.29 2894.25
73.00 2.00 -8274.13 -8292.11 436.29 2894.25
74.00 2.00 -8274.13 -8285.10 436.29 2894.25
75.00 2.00 -8274.13 -8296.36 436.29 2894.25
76.00 2.00 -8274.13 -8285.25 436.29 2894.25
77.00 2.00 -8274.13 -8279.69 436.29 2894.25
78.00 2.00 -8274.13 -8287.04 436.29 2894.25
79.00 2.00 -8274.13 -8291.92 436.29 2894.25
80.00 2.00 -8274.13 -8279.95 436.29 2894.25
81.00 2.00 -8274.13 -8288.28 436.29 2894.25
82.00 2.00 -8274.13 -8287.42 436.29 2894.25
83.00 2.00 -8274.13 -8282.73 436.29 2894.25
84.00 2.00 -8274.13 -8303.00 436.29 2894.25
85.00 2.00 -8274.13 -8282.79 436.29 2894.25
86.00 2.00 -8274.13 -8281.50 436.29 2894.25
87.00 2.00 -8274.13 -8282.11 436.29 2894.25
88.00 2.00 -8274.13 -8285.52 436.29 2894.25
89.00 2.00 -8274.13 -8283.22 436.29 2894.25
90.00 2.00 -8274.13 -8293.13 436.29 2894.25
91.00 2.00 -8274.13 -8281.57 436.29 2894.25
92.00 2.00 -8274.13 -8293.70 436.29 2894.25
93.00 2.00 -8274.13 -8281.18 436.29 2894.25
94.00 2.00 -8274.13 -8292.57 436.29 2894.25
95.00 2.00 -8274.13 -8290.81 436.29 2894.25
96.00 2.00 -8274.13 -8287.16 436.29 2894.25
97.00 2.00 -8274.13 -8283.71 436.29 2894.25
98.00 2.00 -8274.13 -8291.44 436.29 2894.25
99.00 2.00 -8274.13 -8293.57 436.29 2894.25
100.00 2.00 -8274.13 -8301.50 436.29 2894.25
101.00 2.00 -8274.13 -8279.03 436.29 2894.25
102.00 2.00 -8274.13 -8284.75 436.29 2894.25
103.00 2.00 -8274.13 -8290.54 436.29 2894.25
104.00 2.00 -8274.13 -8288.94 436.29 2894.25
105.00 2.00 -8274.13 -8285.24 436.29 2894.25
106.00 2.00 -8274.13 -8280.99 436.29 2894.25
107.00 2.00 -8274.13 -8295.02 436.29 2894.25
108.00 2.00 -8274.13 -8286.21 436.29 2894.25
109.00 2.00 -8274.13 -8304.99 436.29 2894.25
110.00 2.00 -8274.13 -8277.24 436.29 2894.25
111.00 2.00 -8274.13 -8292.91 436.29 2894.25
112.00 2.00 -8274.13 -8297.09 436.29 2894.25
113.00 2.00 -8274.13 -8297.05 436.29 2894.25
114.00 2.00 -8274.13 -8282.95 436.29 2894.25
115.00 2.00 -8274.13 -8283.08 436.29 2894.25
116.00 2.00 -8274.13 -8288.49 436.29 2894.25
117.00 2.00 -8274.13 -8277.14 436.29 2894.25
118.00 2.00 -8274.13 -8289.56 436.29 2894.25
119.00 2.00 -8274.13 -8281.32 436.29 2894.25
120.00 2.00 -8274.13 -8287.78 436.29 2894.25
121.00 2.00 -8274.13 -8288.12 436.29 2894.25
122.00 2.00 -8274.13 -8280.08 436.29 2894.25
123.00 2.00 -8274.13 -8280.19 436.29 2894.25
124.00 2.00 -8274.13 -8286.21 436.29 2894.25
125.00 2.00 -8274.13 -8290.94 436.29 2894.25
126.00 2.00 -8274.13 -8286.67 436.29 2894.25
127.00 2.00 -8274.13 -8286.43 436.29 2894.25
128.00 2.00 -8274.13 -8279.83 436.29 2894.25
129.00 2.00 -8274.13 -8285.71 436.29 2894.25
130.00 3.00 -8273.32 -8273.32 433.59 2922.21
