0.00 0.00 -13583.87 -13600.39 1.00 1.00
1.00 0.00 -13583.87 -13621.78 1.00 1.00
2.00 0.00 -13583.87 -13585.62 1.00 1.00
3.00 1.00 -13577.81 -13577.81 435.66 2922.48
4.00 1.00 -13577.81 -13603.26 435.66 2922.48
5.00 1.00 -13577.81 -13587.53 435.66 2922.48
6.00 1.00 -13577.81 -13595.51 435.66 2922.48
7.00 1.00 -13577.81 -13593.41 435.66 2922.48
8.00 1.00 -13577.81 -13597.54 435.66 2922.48
9.00 1.00 -13577.81 -13583.34 435.66 2922.48
10.00 1.00 -13577.81 -13601.87 435.66 2922.48
11.00 1.00 -13577.81 -13592.41 435.66 2922.48
12.00 1.00 -13577.81 -13590.64 435.66 2922.48
13.00 1.00 -13577.81 -13609.43 435.66 2922.48
14.00 1.00 -13577.81 -13594.37 435.66 2922.48
15.00 1.00 -13577.81 -13583.21 435.66 2922.48
16.00 1.00 -13577.81 -13594.37 435.66 2922.48
17.00 1.00 -13577.81 -13591.83 435.66 2922.48
18.00 1.00 -13577.81 -13596.68 435.66 2922.48
19.00 1.00 -13577.81 -13588.79 435.66 2922.48
20.00 1.00 -13577.81 -13581.18 435.66 2922.48
21.00 1.00 -13577.81 -13592.19 435.66 2922.48
22.00 1.00 -13577.81 -13597.56 435.66 2922.48
23.00 1.00 -13577.81 -13608.87 435.66 2922.48
24.00 1.00 -13577.81 -13598.98 435.66 2922.48
25.00 1.00 -13577.81 -13580.98 435.66 2922.48
26.00 1.00 -13577.81 -13610.72 435.66 2922.48
27.00 1.00 -13577.81 -13609.75 435.66 2922.48
28.00 1.00 -13577.81 -13605.21 435.66 2922.48
29.00 1.00 -13577.81 -13603.32 435.66 2922.48
30.00 1.00 -13577.81 -13598.30 435.66 2922.48
31.00 2.00 -13579.21 -13579.21 436.49 2919.07
32.00 2.00 -13579.21 -13600.77 436.49 2919.07
33.00 2.00 -13579.21 -13617.37 436.49 2919.07
34.00 2.00 -13579.21 -13597.63 436.49 2919.07
35.00 2.00 -13579.21 -13607.34 436.49 2919.07
36.00 2.00 -13579.21 -13607.46 436.49 2919.07
37.00 2.00 -13579.21 -13591.04 436.49 2919.07
38.00 2.00 -13579.21 -13606.54 436.49 2919.07
39.00 2.00 -13579.21 -13583.00 436.49 2919.07
40.00 3.00 -13573.69 -13573.69 432.85 2922.46
41.00 3.00 -13573.69 -13614.57 432.85 2922.46
42.00 3.00 -13573.69 -13584.52 432.85 2922.46
43.00 3.00 -13573.69 -13575.29 432.85 2922.46
44.00 3.00 -13573.69 -13595.47 432.85 2922.46
45.00 3.00 -13573.69 -13587.02 432.85 2922.46
46.00 3.00 -13573.69 -13579.60 432.85 2922.46
47.00 3.00 -13573.69 -13591.85 432.85 2922.46
48.00 3.00 -13573.69 -13582.30 432.85 2922.46
49.00 3.00 -13573.69 -13592.44 432.85 2922.46
50.00 3.00 -13573.69 -13591.68 432.85 2922.46
51.00 3.00 -13573.69 -13575.82 432.85 2922.46
52.00 3.00 -13573.69 -13607.85 432.85 2922.46
53.00 3.00 -13573.69 -13591.65 432.85 2922.46
54.00 3.00 -13573.69 -13603.63 432.85 2922.46
55.00 3.00 -13573.69 -13577.17 432.85 2922.46
56.00 3.00 -13573.69 -13576.70 432.85 2922.46
57.00 3.00 -13573.69 -13598.26 432.85 2922.46
58.00 3.00 -13573.69 -13618.84 432.85 2922.46
59.00 3.00 -13573.69 -13599.91 432.85 2922.46
60.00 4.00 -13574.65 -13574.65 432.45 2936.68
61.00 4.00 -13574.65 -13607.70 432.45 2936.68
62.00 4.00 -13574.65 -13582.43 432.45 2936.68
63.00 4.00 -13574.65 -13602.16 432.45 2936.68
64.00 4.00 -13574.65 -13578.59 432.45 2936.68
65.00 4.00 -13574.65 -13596.64 432.45 2936.68
66.00 4.00 -13574.65 -13607.02 432.45 2936.68
67.00 5.00 -13570.40 -13570.40 430.16 2922.64
68.00 5.00 -13570.40 -13587.15 430.16 2922.64
69.00 5.00 -13570.40 -13574.49 430.16 2922.64
70.00 5.00 -13570.40 -13604.10 430.16 2922.64
71.00 5.00 -13570.40 -13619.69 430.16 2922.64
72.00 5.00 -13570.40 -13581.64 430.16 2922.64
73.00 5.00 -13570.40 -13586.73 430.16 2922.64
74.00 5.00 -13570.40 -13611.04 430.16 2922.64
75.00 5.00 -13570.40 -13576.74 430.16 2922.64
76.00 5.00 -13570.40 -13622.64 430.16 2922.64
77.00 5.00 -13570.40 -13619.54 430.16 2922.64
78.00 5.00 -13570.40 -13638.39 430.16 2922.64
79.00 5.00 -13570.40 -13593.52 430.16 2922.64
80.00 5.00 -13570.40 -13585.79 430.16 2922.64
81.00 5.00 -13570.40 -13591.06 430.16 2922.64
82.00 5.00 -13570.40 -13588.47 430.16 2922.64
83.00 5.00 -13570.40 -13574.29 430.16 2922.64
84.00 5.00 -13570.40 -13585.28 430.16 2922.64
85.00 5.00 -13570.40 -13606.36 430.16 2922.64
86.00 5.00 -13570.40 -13605.75 430.16 2922.64
87.00 5.00 -13570.40 -13572.80 430.16 2922.64
88.00 5.00 -13570.40 -13580.48 430.16 2922.64
89.00 5.00 -13570.40 -13598.18 430.16 2922.64
90.00 5.00 -13570.40 -13604.92 430.16 2922.64
91.00 5.00 -13570.40 -13583.86 430.16 2922.64
92.00 5.00 -13570.40 -13575.27 430.16 2922.64
93.00 5.00 -13570.40 -13586.89 430.16 2922.64
94.00 5.00 -13570.40 -13583.40 430.16 2922.64
95.00 5.00 -13570.40 -13588.22 430.16 2922.64
96.00 5.00 -13570.40 -13588.84 430.16 2922.64
97.00 5.00 -13570.40 -13617.49 430.16 2922.64
98.00 5.00 -13570.40 -13587.83 430.16 2922.64
99.00 5.00 -13570.40 -13588.57 430.16 2922.64
100.00 5.00 -13570.40 -13584.78 430.16 2922.64
101.00 5.00 -13570.40 -13579.35 430.16 2922.64
102.00 5.00 -13570.40 -13616.15 430.16 2922.64
103.00 5.00 -13570.40 -13597.06 430.16 2922.64
104.00 5.00 -13570.40 -13582.36 430.16 2922.64
105.00 5.00 -13570.40 -13617.28 430.16 2922.64
106.00 5.00 -13570.40 -13592.09 430.16 2922.64
107.00 5.00 -13570.40 -13613.58 430.16 2922.64
108.00 5.00 -13570.40 -13592.68 430.16 2922.64
109.00 5.00 -13570.40 -13590.35 430.16 2922.64
110.00 5.00 -13570.40 -13577.92 430.16 2922.64
111.00 5.00 -13570.40 -13590.50 430.16 2922.64
112.00 5.00 -13570.40 -13589.46 430.16 2922.64
113.00 5.00 -13570.40 -13578.34 430.16 2922.64
114.00 5.00 -13570.40 -13599.30 430.16 2922.64
115.00 5.00 -13570.40 -13588.88 430.16 2922.64
116.00 5.00 -13570.40 -13612.13 430.16 2922.64
117.00 5.00 -13570.40 -13593.88 430.16 2922.64
118.00 5.00 -13570.40 -13598.59 430.16 2922.64
119.00 5.00 -13570.40 -13597.03 430.16 2922.64
120.00 5.00 -13570.40 -13573.25 430.16 2922.64
121.00 5.00 -13570.40 -13576.24 430.16 2922.64
122.00 5.00 -13570.40 -13611.19 430.16 2922.64
123.00 5.00 -13570.40 -13585.94 430.16 2922.64
124.00 5.00 -13570.40 -13616.81 430.16 2922.64
125.00 5.00 -13570.40 -13583.35 430.16 2922.64
126.00 5.00 -13570.40 -13580.29 430.16 2922.64
127.00 5.00 -13570.40 -13605.75 430.16 2922.64
128.00 5.00 -13570.40 -13599.72 430.16 2922.64
129.00 5.00 -13570.40 -13595.80 430.16 2922.64
130.00 5.00 -13570.40 -13617.09 430.16 2922.64
