0.00 0.00 -10082.29 -10106.55 1.00 1.00
1.00 0.00 -10082.29 -10097.46 1.00 1.00
2.00 0.00 -10082.29 -10100.58 1.00 1.00
3.00 0.00 -10082.29 -10111.55 1.00 1.00
4.00 0.00 -10082.29 -10095.41 1.00 1.00
5.00 0.00 -10082.29 -10106.64 1.00 1.00
6.00 0.00 -10082.29 -10096.04 1.00 1.00
7.00 0.00 -10082.29 -10100.52 1.00 1.00
8.00 0.00 -10082.29 -10108.70 1.00 1.00
9.00 0.00 -10082.29 -10109.81 1.00 1.00
10.00 0.00 -10082.29 -10101.70 1.00 1.00
11.00 0.00 -10082.29 -10098.07 1.00 1.00
12.00 0.00 -10082.29 -10098.74 1.00 1.00
13.00 0.00 -10082.29 -10097.82 1.00 1.00
14.00 0.00 -10082.29 -10109.64 1.00 1.00
15.00 0.00 -10082.29 -10104.88 1.00 1.00
16.00 0.00 -10082.29 -10101.43 1.00 1.00
17.00 0.00 -10082.29 -10108.63 1.00 1.00
18.00 0.00 -10082.29 -10112.38 1.00 1.00
19.00 0.00 -10082.29 -10083.33 1.00 1.00
20.00 0.00 -10082.29 -10097.07 1.00 1.00
21.00 0.00 -10082.29 -10120.99 1.00 1.00
22.00 0.00 -10082.29 -10116.20 1.00 1.00
23.00 0.00 -10082.29 -10103.60 1.00 1.00
24.00 0.00 -10082.29 -10105.00 1.00 1.00
25.00 0.00 -10082.29 -10095.62 1.00 1.00
26.00 0.00 -10082.29 -10102.61 1.00 1.00
27.00 0.00 -10082.29 -10099.33 1.00 1.00
28.00 0.00 -10082.29 -10105.80 1.00 1.00
29.00 0.00 -10082.29 -10105.99 1.00 1.00
30.00 0.00 -10082.29 -10106.44 1.00 1.00
31.00 0.00 -10082.29 -10098.30 1.00 1.00
32.00 0.00 -10082.29 -10115.48 1.00 1.00
33.00 0.00 -10082.29 -10115.27 1.00 1.00
34.00 0.00 -10082.29 -10111.32 1.00 1.00
35.00 0.00 -10082.29 -10092.88 1.00 1.00
36.00 0.00 -10082.29 -10109.12 1.00 1.00
37.00 0.00 -10082.29 -10099.51 1.00 1.00
38.00 0.00 -10082.29 -10115.90 1.00 1.00
39.00 0.00 -10082.29 -10098.05 1.00 1.00
40.00 0.00 -10082.29 -10099.41 1.00 1.00
41.00 0.00 -10082.29 -10114.69 1.00 1.00
42.00 0.00 -10082.29 -10091.39 1.00 1.00
43.00 0.00 -10082.29 -10107.07 1.00 1.00
44.00 0.00 -10082.29 -10109.44 1.00 1.00
45.00 0.00 -10082.29 -10096.48 1.00 1.00
46.00 0.00 -10082.29 -10111.18 1.00 1.00
47.00 0.00 -10082.29 -10107.40 1.00 1.00
48.00 0.00 -10082.29 -10098.78 1.00 1.00
49.00 0.00 -10082.29 -10107.39 1.00 1.00
50.00 0.00 -10082.29 -10091.44 1.00 1.00
51.00 0.00 -10082.29 -10096.76 1.00 1.00
52.00 0.00 -10082.29 -10093.37 1.00 1.00
53.00 0.00 -10082.29 -10104.29 1.00 1.00
54.00 0.00 -10082.29 -10106.93 1.00 1.00
55.00 0.00 -10082.29 -10099.36 1.00 1.00
56.00 0.00 -10082.29 -10113.34 1.00 1.00
57.00 0.00 -10082.29 -10094.32 1.00 1.00
58.00 0.00 -10082.29 -10100.88 1.00 1.00
59.00 0.00 -10082.29 -10088.35 1.00 1.00
60.00 0.00 -10082.29 -10102.78 1.00 1.00
61.00 0.00 -10082.29 -10111.88 1.00 1.00
62.00 0.00 -10082.29 -10105.68 1.00 1.00
63.00 0.00 -10082.29 -10112.64 1.00 1.00
64.00 0.00 -10082.29 -10093.50 1.00 1.00
65.00 0.00 -10082.29 -10097.49 1.00 1.00
66.00 0.00 -10082.29 -10116.78 1.00 1.00
67.00 0.00 -10082.29 -10111.63 1.00 1.00
68.00 0.00 -10082.29 -10098.45 1.00 1.00
69.00 0.00 -10082.29 -10091.67 1.00 1.00
70.00 0.00 -10082.29 -10103.06 1.00 1.00
71.00 0.00 -10082.29 -10119.60 1.00 1.00
72.00 0.00 -10082.29 -10109.80 1.00 1.00
73.00 0.00 -10082.29 -10096.04 1.00 1.00
74.00 0.00 -10082.29 -10102.05 1.00 1.00
75.00 0.00 -10082.29 -10119.08 1.00 1.00
76.00 0.00 -10082.29 -10112.89 1.00 1.00
77.00 0.00 -10082.29 -10117.81 1.00 1.00
78.00 0.00 -10082.29 -10110.64 1.00 1.00
79.00 0.00 -10082.29 -10092.51 1.00 1.00
80.00 0.00 -10082.29 -10099.49 1.00 1.00
81.00 0.00 -10082.29 -10106.96 1.00 1.00
82.00 0.00 -10082.29 -10105.17 1.00 1.00
83.00 0.00 -10082.29 -10098.56 1.00 1.00
84.00 0.00 -10082.29 -10103.53 1.00 1.00
85.00 0.00 -10082.29 -10092.74 1.00 1.00
86.00 0.00 -10082.29 -10122.48 1.00 1.00
87.00 0.00 -10082.29 -10089.45 1.00 1.00
88.00 0.00 -10082.29 -10094.01 1.00 1.00
89.00 0.00 -10082.29 -10097.13 1.00 1.00
90.00 0.00 -10082.29 -10105.09 1.00 1.00
91.00 0.00 -10082.29 -10101.11 1.00 1.00
92.00 0.00 -10082.29 -10090.42 1.00 1.00
93.00 0.00 -10082.29 -10115.43 1.00 1.00
94.00 0.00 -10082.29 -10105.24 1.00 1.00
95.00 0.00 -10082.29 -10115.30 1.00 1.00
96.00 0.00 -10082.29 -10101.80 1.00 1.00
97.00 0.00 -10082.29 -10096.25 1.00 1.00
98.00 0.00 -10082.29 -10114.68 1.00 1.00
99.00 0.00 -10082.29 -10095.29 1.00 1.00
100.00 0.00 -10082.29 -10127.04 1.00 1.00
101.00 0.00 -10082.29 -10096.94 1.00 1.00
102.00 0.00 -10082.29 -10092.99 1.00 1.00
103.00 0.00 -10082.29 -10100.24 1.00 1.00
104.00 0.00 -10082.29 -10102.58 1.00 1.00
105.00 0.00 -10082.29 -10105.01 1.00 1.00
106.00 0.00 -10082.29 -10099.49 1.00 1.00
107.00 0.00 -10082.29 -10097.21 1.00 1.00
108.00 0.00 -10082.29 -10115.42 1.00 1.00
109.00 0.00 -10082.29 -10105.94 1.00 1.00
110.00 0.00 -10082.29 -10109.85 1.00 1.00
111.00 0.00 -10082.29 -10104.59 1.00 1.00
112.00 0.00 -10082.29 -10087.56 1.00 1.00
113.00 0.00 -10082.29 -10096.47 1.00 1.00
114.00 0.00 -10082.29 -10107.79 1.00 1.00
115.00 0.00 -10082.29 -10099.78 1.00 1.00
116.00 0.00 -10082.29 -10090.66 1.00 1.00
117.00 0.00 -10082.29 -10113.71 1.00 1.00
118.00 0.00 -10082.29 -10108.43 1.00 1.00
119.00 0.00 -10082.29 -10106.13 1.00 1.00
120.00 0.00 -10082.29 -10114.18 1.00 1.00
121.00 0.00 -10082.29 -10123.92 1.00 1.00
122.00 0.00 -10082.29 -10107.57 1.00 1.00
123.00 0.00 -10082.29 -10096.90 1.00 1.00
124.00 0.00 -10082.29 -10108.10 1.00 1.00
125.00 0.00 -10082.29 -10088.71 1.00 1.00
126.00 0.00 -10082.29 -10098.11 1.00 1.00
127.00 0.00 -10082.29 -10103.48 1.00 1.00
128.00 0.00 -10082.29 -10100.82 1.00 1.00
129.00 0.00 -10082.29 -10096.60 1.00 1.00
130.00 0.00 -10082.29 -10118.30 1.00 1.00
