0.00 0.00 -12302.35 -12306.80 1.00 1.00
1.00 0.00 -12302.35 -12309.62 1.00 1.00
2.00 0.00 -12302.35 -12320.60 1.00 1.00
3.00 0.00 -12302.35 -12309.84 1.00 1.00
4.00 1.00 -12298.72 -12298.72 436.65 2911.23
5.00 1.00 -12298.72 -12311.01 436.65 2911.23
6.00 1.00 -12298.72 -12320.48 436.65 2911.23
7.00 1.00 -12298.72 -12313.43 436.65 2911.23
8.00 1.00 -12298.72 -12308.82 436.65 2911.23
9.00 1.00 -12298.72 -12304.95 436.65 2911.23
10.00 1.00 -12298.72 -12300.66 436.65 2911.23
11.00 2.00 -12296.54 -12296.54 435.41 2914.02
12.00 2.00 -12296.54 -12306.06 435.41 2914.02
13.00 2.00 -12296.54 -12327.13 435.41 2914.02
14.00 2.00 -12296.54 -12317.18 435.41 2914.02
15.00 2.00 -12296.54 -12319.93 435.41 2914.02
16.00 3.00 -12290.36 -12290.36 431.46 2917.67
17.00 3.00 -12290.36 -12307.22 431.46 2917.67
18.00 3.00 -12290.36 -12317.75 431.46 2917.67
19.00 4.00 -12292.74 -12292.74 431.42 2930.11
20.00 4.00 -12292.74 -12303.82 431.42 2930.11
21.00 4.00 -12292.74 -12314.95 431.42 2930.11
22.00 4.00 -12292.74 -12319.98 431.42 2930.11
23.00 4.00 -12292.74 -12313.60 431.42 2930.11
24.00 4.00 -12292.74 -12295.24 431.42 2930.11
25.00 4.00 -12292.74 -12297.13 431.42 2930.11
26.00 4.00 -12292.74 -12313.17 431.42 2930.11
27.00 4.00 -12292.74 -12304.82 431.42 2930.11
28.00 4.00 -12292.74 -12330.31 431.42 2930.11
29.00 4.00 -12292.74 -12302.67 431.42 2930.11
30.00 5.00 -12288.25 -12288.25 430.54 2918.18
31.00 5.00 -12288.25 -12291.69 430.54 2918.18
32.00 5.00 -12288.25 -12307.53 430.54 2918.18
33.00 5.00 -12288.25 -12293.19 430.54 2918.18
34.00 6.00 -12285.08 -12285.08 427.02 2928.67
35.00 6.00 -12285.08 -12301.22 427.02 2928.67
36.00 6.00 -12285.08 -12298.88 427.02 2928.67
37.00 6.00 -12285.08 -12297.01 427.02 2928.67
38.00 6.00 -12285.08 -12303.78 427.02 2928.67
39.00 6.00 -12285.08 -12309.05 427.02 2928.67
40.00 6.00 -12285.08 -12308.97 427.02 2928.67
41.00 6.00 -12285.08 -12308.78 427.02 2928.67
42.00 6.00 -12285.08 -12308.21 427.02 2928.67
43.00 6.00 -12285.08 -12297.40 427.02 2928.67
44.00 7.00 -12281.27 -12281.27 426.17 2914.55
45.00 7.00 -12281.27 -12313.18 426.17 2914.55
46.00 7.00 -12281.27 -12310.79 426.17 2914.55
47.00 7.00 -12281.27 -12295.90 426.17 2914.55
48.00 7.00 -12281.27 -12326.00 426.17 2914.55
49.00 7.00 -12281.27 -12301.42 426.17 2914.55
50.00 7.00 -12281.27 -12290.30 426.17 2914.55
51.00 7.00 -12281.27 -12297.58 426.17 2914.55
52.00 7.00 -12281.27 -12304.82 426.17 2914.55
53.00 7.00 -12281.27 -12288.79 426.17 2914.55
54.00 7.00 -12281.27 -12297.86 426.17 2914.55
55.00 7.00 -12281.27 -12312.86 426.17 2914.55
56.00 7.00 -12281.27 -12298.01 426.17 2914.55
57.00 7.00 -12281.27 -12312.31 426.17 2914.55
58.00 7.00 -12281.27 -12306.72 426.17 2914.55
59.00 7.00 -12281.27 -12326.09 426.17 2914.55
60.00 7.00 -12281.27 -12310.89 426.17 2914.55
61.00 7.00 -12281.27 -12301.90 426.17 2914.55
62.00 7.00 -12281.27 -12326.65 426.17 2914.55
63.00 7.00 -12281.27 -12295.16 426.17 2914.55
64.00 7.00 -12281.27 -12300.96 426.17 2914.55
65.00 8.00 -12275.55 -12275.55 423.24 2917.81
66.00 8.00 -12275.55 -12297.75 423.24 2917.81
67.00 8.00 -12275.55 -12276.46 423.24 2917.81
68.00 8.00 -12275.55 -12288.85 423.24 2917.81
69.00 8.00 -12275.55 -12298.70 423.24 2917.81
70.00 8.00 -12275.55 -12293.30 423.24 2917.81
71.00 8.00 -12275.55 -12308.24 423.24 2917.81
72.00 8.00 -12275.55 -12300.54 423.24 2917.81
73.00 8.00 -12275.55 -12295.02 423.24 2917.81
74.00 8.00 -12275.55 -12328.23 423.24 2917.81
75.00 8.00 -12275.55 -12304.47 423.24 2917.81
76.00 8.00 -12275.55 -12287.36 423.24 2917.81
77.00 8.00 -12275.55 -12304.18 423.24 2917.81
78.00 8.00 -12275.55 -12301.88 423.24 2917.81
79.00 8.00 -12275.55 -12312.65 423.24 2917.81
80.00 8.00 -12275.55 -12298.92 423.24 2917.81
81.00 8.00 -12275.55 -12287.39 423.24 2917.81
82.00 8.00 -12275.55 -12302.20 423.24 2917.81
83.00 8.00 -12275.55 -12290.12 423.24 2917.81
84.00 8.00 -12275.55 -12306.57 423.24 2917.81
85.00 8.00 -12275.55 -12316.02 423.24 2917.81
86.00 8.00 -12275.55 -12305.15 423.24 2917.81
87.00 8.00 -12275.55 -12301.98 423.24 2917.81
88.00 8.00 -12275.55 -12311.41 423.24 2917.81
89.00 8.00 -12275.55 -12280.93 423.24 2917.81
90.00 8.00 -12275.55 -12304.45 423.24 2917.81
91.00 8.00 -12275.55 -12293.53 423.24 2917.81
92.00 8.00 -12275.55 -12293.14 423.24 2917.81
93.00 8.00 -12275.55 -12301.11 423.24 2917.81
94.00 8.00 -12275.55 -12288.31 423.24 2917.81
95.00 8.00 -12275.55 -12299.53 423.24 2917.81
96.00 8.00 -12275.55 -12303.43 423.24 2917.81
97.00 8.00 -12275.55 -12308.04 423.24 2917.81
98.00 8.00 -12275.55 -12300.56 423.24 2917.81
99.00 8.00 -12275.55 -12294.63 423.24 2917.81
100.00 8.00 -12275.55 -12300.10 423.24 2917.81
101.00 8.00 -12275.55 -12294.66 423.24 2917.81
102.00 8.00 -12275.55 -12291.64 423.24 2917.81
103.00 8.00 -12275.55 -12311.36 423.24 2917.81
104.00 8.00 -12275.55 -12292.26 423.24 2917.81
105.00 8.00 -12275.55 -12290.26 423.24 2917.81
106.00 8.00 -12275.55 -12303.72 423.24 2917.81
107.00 8.00 -12275.55 -12293.75 423.24 2917.81
108.00 8.00 -12275.55 -12311.48 423.24 2917.81
109.00 8.00 -12275.55 -12301.23 423.24 2917.81
110.00 8.00 -12275.55 -12298.47 423.24 2917.81
111.00 8.00 -12275.55 -12311.74 423.24 2917.81
112.00 8.00 -12275.55 -12304.04 423.24 2917.81
113.00 8.00 -12275.55 -12327.01 423.24 2917.81
114.00 8.00 -12275.55 -12292.43 423.24 2917.81
115.00 8.00 -12275.55 -12290.39 423.24 2917.81
116.00 8.00 -12275.55 -12308.43 423.24 2917.81
117.00 8.00 -12275.55 -12294.28 423.24 2917.81
118.00 8.00 -12275.55 -12301.18 423.24 2917.81
119.00 8.00 -12275.55 -12295.06 423.24 2917.81
120.00 8.00 -12275.55 -12309.46 423.24 2917.81
121.00 8.00 -12275.55 -12299.77 423.24 2917.81
122.00 8.00 -12275.55 -12303.48 423.24 2917.81
123.00 8.00 -12275.55 -12301.90 423.24 2917.81
124.00 8.00 -12275.55 -12288.16 423.24 2917.81
125.00 8.00 -12275.55 -12303.22 423.24 2917.81
126.00 8.00 -12275.55 -12302.82 423.24 2917.81
127.00 8.00 -12275.55 -12287.95 423.24 2917.81
128.00 8.00 -12275.55 -12318.37 423.24 2917.81
