0.00 0.00 -7502.16 -7511.16 1.00 1.00
1.00 1.00 -7495.85 -7495.85 436.93 2904.58
2.00 1.00 -7495.85 -7506.59 436.93 2904.58
3.00 1.00 -7495.85 -7513.57 436.93 2904.58
4.00 1.00 -7495.85 -7500.42 436.93 2904.58
5.00 1.00 -7495.85 -7508.63 436.93 2904.58
6.00 1.00 -7495.85 -7511.17 436.93 2904.58
7.00 1.00 -7495.85 -7513.85 436.93 2904.58
8.00 1.00 -7495.85 -7513.91 436.93 2904.58
9.00 1.00 -7495.85 -7514.85 436.93 2904.58
10.00 1.00 -7495.85 -7499.67 436.93 2904.58
11.00 1.00 -7495.85 -7522.21 436.93 2904.58
12.00 1.00 -7495.85 -7510.28 436.93 2904.58
13.00 1.00 -7495.85 -7513.37 436.93 2904.58
14.00 1.00 -7495.85 -7496.62 436.93 2904.58
15.00 1.00 -7495.85 -7516.30 436.93 2904.58
16.00 1.00 -7495.85 -7509.72 436.93 2904.58
17.00 1.00 -7495.85 -7503.57 436.93 2904.58
18.00 1.00 -7495.85 -7506.91 436.93 2904.58
19.00 1.00 -7495.85 -7509.65 436.93 2904.58
20.00 2.00 -7493.98 -7493.98 433.70 2922.60
21.00 2.00 -7493.98 -7501.25 433.70 2922.60
22.00 3.00 -7494.57 -7494.57 434.36 2928.38
23.00 3.00 -7494.57 -7507.26 434.36 2928.38
24.00 3.00 -7494.57 -7500.09 434.36 2928.38
25.00 4.00 -7499.44 -7499.44 439.35 2921.80
26.00 4.00 -7499.44 -7500.82 439.35 2921.80
27.00 5.00 -7495.90 -7495.90 435.18 2927.73
28.00 5.00 -7495.90 -7510.17 435.18 2927.73
29.00 5.00 -7495.90 -7502.68 435.18 2927.73
30.00 5.00 -7495.90 -7499.45 435.18 2927.73
31.00 5.00 -7495.90 -7501.97 435.18 2927.73
32.00 5.00 -7495.90 -7512.41 435.18 2927.73
33.00 5.00 -7495.90 -7500.66 435.18 2927.73
34.00 5.00 -7495.90 -7504.35 435.18 2927.73
35.00 5.00 -7495.90 -7508.60 435.18 2927.73
36.00 5.00 -7495.90 -7501.00 435.18 2927.73
37.00 5.00 -7495.90 -7504.63 435.18 2927.73
38.00 5.00 -7495.90 -7504.17 435.18 2927.73
39.00 5.00 -7495.90 -7498.43 435.18 2927.73
40.00 5.00 -7495.90 -7511.41 435.18 2927.73
41.00 5.00 -7495.90 -7500.25 435.18 2927.73
42.00 5.00 -7495.90 -7500.34 435.18 2927.73
43.00 5.00 -7495.90 -7505.13 435.18 2927.73
44.00 5.00 -7495.90 -7498.25 435.18 2927.73
45.00 5.00 -7495.90 -7507.21 435.18 2927.73
46.00 5.00 -7495.90 -7508.26 435.18 2927.73
47.00 6.00 -7493.19 -7493.19 433.19 2921.97
48.00 6.00 -7493.19 -7504.65 433.19 2921.97
49.00 6.00 -7493.19 -7500.03 433.19 2921.97
50.00 6.00 -7493.19 -7497.89 433.19 2921.97
51.00 6.00 -7493.19 -7496.03 433.19 2921.97
52.00 6.00 -7493.19 -7499.37 433.19 2921.97
53.00 6.00 -7493.19 -7499.06 433.19 2921.97
54.00 7.00 -7492.50 -7492.50 432.83 2920.54
55.00 7.00 -7492.50 -7496.14 432.83 2920.54
56.00 8.00 -7484.57 -7484.57 424.36 2924.30
57.00 8.00 -7484.57 -7486.54 424.36 2924.30
58.00 8.00 -7484.57 -7495.61 424.36 2924.30
59.00 8.00 -7484.57 -7505.11 424.36 2924.30
60.00 8.00 -7484.57 -7494.81 424.36 2924.30
61.00 8.00 -7484.57 -7507.28 424.36 2924.30
62.00 8.00 -7484.57 -7501.00 424.36 2924.30
63.00 8.00 -7484.57 -7497.85 424.36 2924.30
64.00 8.00 -7484.57 -7491.91 424.36 2924.30
65.00 8.00 -7484.57 -7501.33 424.36 2924.30
66.00 8.00 -7484.57 -7504.91 424.36 2924.30
67.00 8.00 -7484.57 -7487.94 424.36 2924.30
68.00 8.00 -7484.57 -7504.55 424.36 2924.30
69.00 8.00 -7484.57 -7490.19 424.36 2924.30
70.00 8.00 -7484.57 -7491.65 424.36 2924.30
71.00 8.00 -7484.57 -7493.30 424.36 2924.30
72.00 8.00 -7484.57 -7491.40 424.36 2924.30
73.00 8.00 -7484.57 -7500.94 424.36 2924.30
74.00 8.00 -7484.57 -7497.80 424.36 2924.30
75.00 8.00 -7484.57 -7492.55 424.36 2924.30
76.00 8.00 -7484.57 -7488.21 424.36 2924.30
77.00 8.00 -7484.57 -7498.88 424.36 2924.30
78.00 8.00 -7484.57 -7497.68 424.36 2924.30
79.00 8.00 -7484.57 -7499.72 424.36 2924.30
80.00 8.00 -7484.57 -7497.96 424.36 2924.30
81.00 8.00 -7484.57 -7499.01 424.36 2924.30
82.00 8.00 -7484.57 -7489.10 424.36 2924.30
83.00 8.00 -7484.57 -7493.38 424.36 2924.30
84.00 8.00 -7484.57 -7502.75 424.36 2924.30
85.00 8.00 -7484.57 -7505.90 424.36 2924.30
86.00 8.00 -7484.57 -7497.70 424.36 2924.30
87.00 8.00 -7484.57 -7497.91 424.36 2924.30
88.00 8.00 -7484.57 -7501.16 424.36 2924.30
89.00 8.00 -7484.57 -7495.63 424.36 2924.30
90.00 8.00 -7484.57 -7505.56 424.36 2924.30
91.00 8.00 -7484.57 -7504.80 424.36 2924.30
92.00 8.00 -7484.57 -7492.53 424.36 2924.30
93.00 8.00 -7484.57 -7493.13 424.36 2924.30
94.00 8.00 -7484.57 -7493.12 424.36 2924.30
95.00 8.00 -7484.57 -7496.47 424.36 2924.30
96.00 8.00 -7484.57 -7488.93 424.36 2924.30
97.00 8.00 -7484.57 -7504.23 424.36 2924.30
98.00 8.00 -7484.57 -7490.91 424.36 2924.30
99.00 8.00 -7484.57 -7510.22 424.36 2924.30
100.00 8.00 -7484.57 -7488.85 424.36 2924.30
101.00 8.00 -7484.57 -7488.11 424.36 2924.30
102.00 8.00 -7484.57 -7499.26 424.36 2924.30
103.00 8.00 -7484.57 -7509.57 424.36 2924.30
104.00 8.00 -7484.57 -7495.01 424.36 2924.30
105.00 8.00 -7484.57 -7498.25 424.36 2924.30
106.00 8.00 -7484.57 -7499.84 424.36 2924.30
107.00 8.00 -7484.57 -7499.07 424.36 2924.30
108.00 8.00 -7484.57 -7493.69 424.36 2924.30
109.00 8.00 -7484.57 -7493.43 424.36 2924.30
110.00 8.00 -7484.57 -7494.25 424.36 2924.30
111.00 8.00 -7484.57 -7499.15 424.36 2924.30
112.00 8.00 -7484.57 -7500.39 424.36 2924.30
113.00 9.00 -7485.43 -7485.43 426.78 2913.63
114.00 9.00 -7485.43 -7493.15 426.78 2913.63
115.00 9.00 -7485.43 -7496.19 426.78 2913.63
116.00 9.00 -7485.43 -7503.83 426.78 2913.63
117.00 9.00 -7485.43 -7495.81 426.78 2913.63
118.00 9.00 -7485.43 -7493.26 426.78 2913.63
119.00 10.00 -7485.67 -7485.67 426.21 2913.21
120.00 10.00 -7485.67 -7500.49 426.21 2913.21
121.00 10.00 -7485.67 -7503.13 426.21 2913.21
122.00 10.00 -7485.67 -7493.57 426.21 2913.21
123.00 10.00 -7485.67 -7502.47 426.21 2913.21
124.00 10.00 -7485.67 -7492.75 426.21 2913.21
125.00 10.00 -7485.67 -7497.08 426.21 2913.21
126.00 10.00 -7485.67 -7504.44 426.21 2913.21
127.00 10.00 -7485.67 -7496.29 426.21 2913.21
128.00 10.00 -7485.67 -7504.83 426.21 2913.21
