-12298.34
-12302.69
-12329.29
-12306.34
-12345.67
-12314.38
-12324.49
-12322.07
-12283.85
-12291.55
-12314.37
-12319.01
-12328.49
-12288.27
-12302.85
-12304.49
-12296.41
-12289.16
-12319.75
-12318.88
-12322.92
-12300.71
-12294.95
-12304.75
-12301.98
-12324.81
-12307.91
-12316.49
-12308.19
-12313.64
-12310.06
-12311.34
-12325.94
-12306.33
-12291.06
-12310.45
-12290.57
-12304.26
-12308.22
-12303.72
-12301.53
-12293.74
-12328.94
-12298.25
-12296.29
-12292.18
-12321.55
-12300.02
-12302.92
-12301.97
-12323.16
-12325.92
-12325.42
-12322.17
-12301.54
-12316.30
-12315.62
-12332.83
-12279.24
-12305.00
-12274.30
-12291.26
-12301.91
-12280.14
-12289.90
-12297.45
-12282.75
-12296.06
-12303.90
-12335.60
-12324.93
-12321.35
-12302.65
-12295.43
-12314.44
-12317.42
-12318.39
-12306.53
-12321.31
-12322.86
-12297.90
-12289.24
-12315.51
-12297.08
-12293.27
-12296.77
-12293.64
-12296.64
-12312.41
-12299.40
-12302.48
-12297.65
-12305.70
-12278.22
-12286.99
-12279.11
-12292.78
-12294.76
-12304.07
-12305.20
-12295.31
-12285.80
-12318.40
-12301.40
-12303.00
-12303.41
-12304.05
-12320.13
-12306.96
-12311.35
-12300.32
-12301.19
-12314.99
-12300.47
-12297.58
-12320.09
-12313.23
-12275.03
-12328.84
-12325.24
-12295.74
-12285.38
-12307.99
-12310.88
-12331.13
-12314.25
-12319.20
-12306.16
-12328.11
-12330.28
-12320.00
-14989.95
-14980.71
-14966.18
-14992.68
-15012.11
-15036.37
-15003.28
-15004.89
-15026.70
-15000.62
-14999.15
-15023.90
-15005.89
-14998.78
-14983.36
-15017.40
-15002.25
-14985.53
-14993.59
-14985.11
-14977.88
-14984.76
-14989.59
-15017.95
-15038.70
-14983.67
-14998.74
-14986.72
-15012.66
-15028.82
-15042.74
-14996.15
-14976.93
-15002.48
-14985.30
-14994.69
-15004.01
-15031.12
-15053.63
-15015.75
-15055.36
-14993.40
-15015.83
-15015.94
-14997.05
-14977.40
-14986.07
-14994.01
-14975.08
-15000.83
-14981.91
-14986.60
-14994.45
-14991.34
-14996.45
-15014.88
-14986.82
-14985.32
-15003.85
-15027.10
-15039.86
-14984.86
-15024.01
-15008.99
-15003.92
-15007.00
-15003.23
-15042.57
-15025.47
-14996.96
-14989.15
-15002.33
-14985.48
-15035.96
-15006.34
-15023.62
-15057.72
-14987.39
-14988.05
-15000.05
-15003.67
-14988.95
-14981.25
-15020.59
-15059.06
-14985.60
-14980.10
-15027.79
-15013.54
-14998.90
-14984.27
-15037.36
-15035.74
-15057.56
-15006.19
-15007.51
-15012.97
-14987.65
-14995.01
-15013.73
-14994.72
-14989.33
-15001.92
-14993.08
-14988.92
-14993.33
-15011.05
-14982.79
-15015.61
-14985.97
-14978.93
-15028.23
-15011.71
-14995.55
-15001.16
-15048.85
-15026.93
-14987.24
-14993.60
-15001.13
-14994.54
-14972.45
-14989.21
-14979.63
-14992.27
-15021.12
-15004.77
-14996.21
-14992.27
-14985.29
-14991.85
-15015.91
-15011.81
-14977.49
-14990.50
-15002.20
-15002.80
-14994.93
-15005.26
-14976.00
-14981.32
-15012.79
-14998.76
-15014.10
-15007.66
-15025.20
-15022.92
-15012.48
-15027.67
-14993.38
-14991.01
-14989.69
-15009.14
-15009.23
-15002.60
-15019.59
-15009.66
-15023.60
-15025.44
-15041.38
-15033.72
-15034.80
-15033.51
-14974.93
-14981.67
-14983.24
-15005.15
-15025.37
-15015.69
-14998.48
-14998.33
-15001.88
-14984.03
-15015.70
-14983.74
-15021.67
-15007.79
-14980.65
-14994.67
-14993.80
-14989.33
-14991.01
-14986.17
-14975.40
-14977.56
-14998.42
-15005.20
-14991.94
-14983.02
-14987.02
-14984.80
-15022.76
-15014.81
-15024.56
-15010.91
-14992.78
-14978.82
-14983.67
-14988.49
-14985.94
-14979.96
-14993.31
-14976.49
-14990.91
-15007.65
-15005.09
-14984.42
-15010.10
-15022.54
-14995.90
-14998.01
-14987.56
-14986.93
-15022.09
-15022.46
-15027.59
-15027.53
-14994.45
-14987.64
-14983.07
-14990.90
-14992.89
-14976.61
-14994.92
-14971.73
-14982.92
-14974.24
-15006.16
-14993.26
-15042.35
-15039.46
-14979.39
-15000.07
-14987.11
-14990.35
-15012.61
-15010.23
-15032.78
-15006.15
-14979.28
-15005.30
-14979.36
-14973.92
