-15026.38
-15055.74
-15001.97
-15053.20
-15041.79
-15005.42
-14992.98
-15001.29
-15003.95
-15014.75
-15010.97
-15019.13
-15011.75
-14991.93
-14993.29
-14967.80
-14988.81
-14976.86
-14975.59
-14986.77
-14980.98
-14988.20
-15017.78
-15005.41
-15007.76
-14996.83
-15024.19
-15014.52
-15013.77
-15032.86
-15018.70
-15036.52
-15004.18
-15010.60
-15015.92
-15000.69
-15029.87
-14990.41
-15013.51
-14995.78
-14978.57
-14987.65
-14992.64
-14998.96
-14987.63
-14989.41
-14996.11
-15014.63
-14984.76
-14982.08
-15004.56
-15014.97
-14988.70
-14976.87
-15003.95
-14994.12
-15000.69
-14986.22
-15007.96
-15024.50
-14996.99
-14980.96
-14993.02
-14983.40
-14976.08
-14983.35
-15026.90
-14978.04
-15001.78
-15009.84
-14995.98
-15016.24
-15006.10
-15010.57
-15022.19
-15008.81
-15001.62
-14989.90
-14997.71
-15007.22
-15028.26
-15017.87
-15004.89
-14999.16
-15007.64
-15031.85
-14995.82
-15034.93
-15024.30
-14996.42
-15035.46
-15027.19
-15011.64
-15024.39
-15015.37
-15001.68
-15022.95
-15042.01
-15023.18
-14998.29
-15006.66
-15043.39
-15008.03
-15032.07
-14988.78
-15005.04
-15003.84
-14979.94
-14998.55
-14976.52
-14983.47
-14989.44
-14983.92
-14981.43
-15003.62
-15004.49
-15005.38
-14995.36
-14993.21
-14984.38
-14986.63
-14979.53
-14988.04
-14986.10
-15011.19
-15009.43
-15028.94
-14991.09
-14988.95
-15036.48
-15000.60
-14997.82
-15007.09
-15003.20
-15014.00
-15028.49
-14998.23
-14981.31
-15012.57
-14996.12
-14976.27
-14998.91
-15001.21
-15034.16
-15012.02
-15004.55
-15009.23
-14983.05
-15004.24
-14999.08
-14995.40
-15010.49
-14992.08
-14995.81
-14992.52
-15004.92
-15006.26
-14977.52
-14978.03
-15000.60
-15015.94
-15002.16
-15009.32
-14989.87
-15035.04
-15032.79
-15016.70
-15002.17
-15014.60
-15013.12
-15010.66
-15009.48
-14977.10
-14999.82
-15009.96
-14999.61
-14998.12
-14976.09
-14988.21
-14994.98
-14981.90
-14996.19
-15038.19
-14999.65
-14994.03
-15007.53
-14979.29
-14978.61
-14974.17
-14980.11
-15011.18
-15012.17
-14997.29
-15012.93
-15005.45
-15027.36
-15023.04
-15030.03
-15010.54
-15043.48
-15016.45
-14998.31
-15019.94
-15013.83
-14991.78
-14990.61
-14997.61
-14978.08
-14992.53
-14996.88
-15027.31
-14993.63
-15021.50
-15038.77
-14985.80
-14968.85
-15034.28
-15018.02
-14995.35
-14980.41
-15004.00
-15009.85
-14969.37
-14982.50
-14976.00
-15008.69
-14995.33
-14987.86
-14989.39
-14976.67
-15005.21
-14980.18
-14974.55
-14981.34
-14990.66
-14988.31
-14999.39
-14985.91
-15003.94
-14993.98
-15002.96
-14976.27
-14997.44
-14992.07
-15003.64
-14997.10
-15009.89
-15010.58
-15019.21
-14980.88
-15002.01
-15005.98
-15032.54
-15023.18
-14975.80
-15044.90
-15018.15
-15032.05
-14999.75
-14976.36
-14994.56
-15010.24
-14999.60
-14977.34
-14973.12
-14980.23
-15005.78
-14984.07
-15001.04
-14969.27
-14991.61
-15000.89
-14987.16
-14981.75
-14968.75
-14980.24
-15004.90
-15000.00
-15024.73
-15027.00
-15028.73
-15008.46
-15010.59
-15017.04
-15041.65
-15035.92
-15022.67
-15019.20
-15038.70
-15043.37
-15008.57
-14998.92
-14985.41
-15018.82
-15021.00
-15026.05
-15016.55
-15014.14
-15000.65
-15038.52
-14981.88
-14985.83
-14973.40
-15017.30
-14997.83
-14991.41
-14992.16
-15015.69
-15015.51
-14996.38
-14981.62
-15004.28
-15031.72
-15025.86
-15022.90
-15008.94
-15021.15
-15044.25
-15027.70
-15038.67
-14991.55
-14997.64
-14978.86
-14980.83
-15017.01
-14975.04
-15001.59
-14998.26
-15038.52
-15015.87
-15024.52
-15008.01
-15008.65
-14991.76
-14990.53
-15004.84
-14988.91
-14998.91
-14983.46
-14984.71
-14973.84
-14989.65
-15014.89
-15016.49
-15003.55
-15039.75
-15026.17
-15029.99
-15012.56
-14997.49
-15037.52
-15024.48
-15004.09
-15007.55
-14995.95
-14982.11
-15010.32
-15017.39
-14993.40
-14993.45
-14998.95
-14987.87
-14984.59
-14992.21
-14981.82
-15003.32
-14993.29
-14994.90
-14996.85
-14992.57
-15033.10
-15031.04
-15000.95
-14995.21
