-9137.61
-9200.61
-9175.64
-9187.78
-9185.48
-9142.81
-9146.29
-9135.84
-9162.00
-9134.25
-9135.90
-9141.15
-9139.75
-9150.18
-9133.17
-9130.17
-9137.39
-9139.78
-9146.63
-9145.21
-9164.60
-9151.88
-9136.75
-9130.43
-9153.78
-9153.26
-9124.52
-9138.98
-9129.34
-9136.94
-9157.52
-9151.43
-9155.02
-9154.60
-9147.03
-9129.07
-9161.00
-9152.52
-9144.01
-9145.65
-9173.03
-9148.80
-9147.23
-9144.79
-9153.05
-9157.92
-9170.83
-9143.57
-9136.52
-9163.80
-9147.96
-9150.42
-9133.63
-9133.30
-9134.70
-9160.08
-9160.27
-9152.15
-9142.76
-9142.78
-9153.94
-9144.77
-9138.60
-9159.33
-9165.35
-9147.22
-9158.36
-9141.33
-9160.60
-9167.33
-9149.24
-9154.66
-9151.38
-9149.47
-9141.48
-9142.58
-9131.14
-9131.53
-9138.78
-9139.81
-9167.92
-9154.86
-9142.06
-9164.14
-9131.23
-9147.81
-9134.95
-9133.76
-9150.70
-9143.18
-9156.57
-9165.32
-9141.15
-9137.58
-9133.22
-9137.09
-9168.11
-9146.73
-9134.93
-9137.63
-9151.94
-9150.88
-9158.33
-9157.10
-9140.35
-9133.25
-9146.26
-9140.83
-9137.89
-9137.80
-9150.51
-9158.48
-9155.09
-9142.83
-9154.91
-9158.03
-9143.35
-9128.56
-9140.65
-9136.54
-9149.78
-9149.49
-9155.63
-9154.52
-9147.29
-9130.15
-9130.65
-9135.10
-9136.43
-9132.19
-9149.63
-15024.39
-14991.29
-15001.22
-14978.28
-14992.09
-15041.48
-15042.28
-14983.66
-15032.08
-14971.47
-14988.41
-14979.05
-14989.37
-15025.68
-14974.15
-14995.09
-14994.11
-15038.74
-15032.35
-15013.18
-15001.48
-14995.98
-15002.82
-15031.94
-15033.80
-15008.27
-14985.69
-14994.66
-14999.75
-14980.48
-15027.72
-15017.33
-15000.48
-15013.54
-15003.01
-15005.85
-14991.01
-14992.09
-14991.23
-14993.79
-14998.72
-14990.00
-15001.29
-14987.62
-14972.30
-14972.50
-14988.68
-15048.45
-15047.02
-15001.53
-14994.45
-15020.88
-15053.86
-15021.35
-15018.31
-14985.28
-14998.34
-15021.08
-15026.91
-14977.35
-14989.14
-15000.93
-15005.86
-14989.61
-15000.76
-14979.29
-14990.94
-15007.92
-15007.79
-14975.08
-15002.60
-14988.02
-15005.26
-15008.69
-15042.50
-15005.48
-14984.37
-14989.06
-14984.69
-14993.68
-15007.60
-14992.97
-14990.10
-15021.18
-14965.52
-15023.90
-15005.54
-14977.26
-14975.85
-14969.93
-14993.11
-15016.97
-15015.14
-15009.71
-15020.52
-14979.13
-15021.25
-14986.21
-14992.19
-14988.49
-14994.55
-14981.21
-14974.98
-15038.92
-15042.75
-15010.87
-15008.98
-14991.44
-14999.61
-15037.22
-15037.82
-14988.77
-14972.94
-14976.55
-14984.07
-14985.55
-14966.64
-14982.34
-14990.43
-14982.06
-14986.13
-14994.52
-14985.07
-14989.46
-14991.69
-15008.32
-15009.30
-14986.99
-15008.49
-14992.77
-15011.43
-15025.09
-15001.32
-15006.55
-15017.01
-14998.35
-15018.76
-15023.95
-15026.90
-15019.83
-15025.55
-14975.51
-14973.84
-15014.63
-14987.61
-14989.66
-14987.01
-14988.24
-14982.99
-14996.49
-14988.22
-14983.42
-14985.66
-14975.80
-15001.69
-14983.72
-14977.68
-14981.37
-14984.09
-14994.88
-14999.12
-14974.63
-14986.22
-15003.56
-15015.68
-14964.76
-14979.44
-14985.38
-14986.53
-14984.02
-14987.71
-15001.38
-14988.02
-14997.97
-14995.81
-14988.39
-14997.11
-15029.58
-15030.81
-14997.52
-15000.00
-14995.46
-14985.88
-15001.39
-15019.14
-14988.36
-14978.17
-15035.74
-15023.17
-14986.98
-14984.64
-14992.08
-14997.31
-14965.67
-14979.36
-15001.85
-15006.77
-14969.79
-14980.51
-14986.04
-14995.84
-15007.44
-15026.26
-14981.12
-15004.34
-14994.71
-14999.60
-15026.08
-15016.89
-14983.27
-14989.25
-15028.11
-14991.80
-14973.77
-14994.52
-14981.05
-14981.57
-14997.11
-14979.13
-14993.56
-15001.46
-15033.61
-15031.21
-14997.17
-15025.95
-14986.80
-14994.46
-15022.99
-15010.66
-14979.28
-14992.98
-14984.18
-14995.23
-14978.91
-14983.17
-14982.16
-14971.66
-14984.87
-15011.36
-14994.47
-15039.51
-14985.14
-15026.18
