-11209.49
-11148.14
-11152.97
-11182.82
-11181.19
-11153.66
-11123.38
-11132.35
-11168.44
-11159.34
-11145.37
-11165.20
-11155.98
-11144.92
-11145.03
-11130.91
-11151.36
-11156.03
-11145.35
-11137.09
-11130.95
-11147.70
-11150.86
-11157.90
-11171.09
-11171.49
-11158.30
-11163.85
-11151.33
-11154.63
-11140.66
-11135.53
-11136.56
-11129.82
-11139.17
-11141.46
-11163.43
-11153.80
-11132.02
-11147.85
-11150.46
-11169.72
-11137.98
-11129.03
-11146.84
-11161.86
-11135.32
-11134.17
-11162.80
-11147.49
-11146.73
-11143.31
-11147.25
-11147.94
-11157.12
-11174.95
-11123.22
-11128.61
-11125.31
-11133.36
-11159.34
-11134.61
-11142.39
-11148.07
-11151.25
-11155.52
-11144.45
-11151.45
-11154.46
-11153.32
-11151.34
-11165.25
-11144.11
-11147.42
-11146.15
-11118.37
-11158.36
-11167.57
-11123.49
-11126.64
-11159.13
-11147.12
-11156.53
-11141.94
-11159.17
-11126.86
-11148.29
-11140.12
-11132.30
-11133.59
-11163.34
-11144.27
-11141.49
-11158.07
-11137.04
-11142.39
-11152.68
-11152.60
-11135.66
-11148.01
-11165.54
-11141.17
-11131.31
-11134.46
-11150.24
-11146.77
-11130.88
-11163.00
-11150.36
-11165.48
-11148.57
-11142.94
-11145.81
-11128.87
-11131.61
-11135.67
-11141.16
-11143.65
-11137.96
-11131.83
-11139.94
-11167.57
-11146.74
-11159.90
-11144.81
-11157.40
-11162.25
-11168.50
-11173.85
-11153.17
-11134.87
-14981.03
-15018.88
-15029.67
-15027.82
-15026.89
-15002.46
-15013.24
-15006.72
-15010.00
-15012.70
-15021.82
-15008.66
-15034.99
-14992.21
-15007.31
-14980.07
-14984.39
-15006.28
-14991.60
-14979.42
-15002.22
-15033.90
-15043.50
-15011.87
-15014.85
-14987.84
-14995.45
-15038.13
-15034.34
-14999.83
-15011.54
-15010.60
-15008.49
-15000.02
-14981.36
-15056.19
-15014.70
-15004.35
-14985.41
-14989.17
-15002.93
-14994.16
-14993.04
-14997.37
-15001.81
-15047.74
-15013.73
-14995.65
-15009.88
-15002.48
-15000.33
-14989.97
-15006.09
-15009.17
-14990.92
-14971.48
-14991.63
-15019.41
-15023.41
-15003.14
-15000.34
-14990.57
-15010.46
-14993.74
-15030.77
-15014.54
-15015.84
-14987.75
-14997.71
-14982.97
-14993.94
-15005.11
-14982.51
-14988.53
-14988.65
-14978.39
-14989.90
-15013.19
-15012.32
-14974.93
-14995.55
-15033.01
-15038.61
-15008.31
-14990.00
-15025.19
-14991.38
-15011.93
-14996.46
-15016.51
-15019.52
-14994.62
-14999.78
-15004.96
-14999.80
-15010.74
-15027.54
-14998.95
-15011.09
-14999.49
-14982.44
-14975.00
-14996.33
-15020.77
-14982.02
-14987.56
-14977.43
-14995.71
-14996.45
-15017.17
-15008.67
-14995.73
-14993.98
-14998.43
-15033.83
-14977.65
-14995.52
-15005.79
-15011.13
-14991.66
-14992.74
-14997.21
-14977.36
-15023.45
-14997.93
-15019.54
-14978.67
-14987.71
-15014.37
-14978.98
-14990.28
-14993.18
-14973.99
-15000.81
-14988.15
-15005.81
-15001.74
-14988.90
-14986.46
-14990.48
-14987.00
-15030.63
-15004.91
-15017.14
-15015.46
-14984.80
-14979.53
-15016.66
-14981.50
-14980.68
-15000.98
-15009.57
-15014.92
-15008.52
-14988.16
-14974.38
-14996.30
-15003.57
-14991.69
-15001.33
-14989.10
-14986.55
-14990.41
-14983.29
-14991.75
-14969.12
-14987.86
-14996.49
-14982.38
-14999.15
-15028.23
-15009.08
-14993.31
-15028.32
-15013.84
-14974.85
-14969.01
-15000.03
-14991.08
-14994.03
-14987.22
-15040.28
-15044.24
-15014.75
-15018.44
-14994.87
-14983.18
-14960.92
-14970.63
-14987.29
-14991.02
-15028.25
-15020.24
-14979.20
-14985.73
-14988.56
-14979.93
-14990.27
-14981.43
-14991.15
-15002.10
-14979.23
-14982.68
-14997.58
-14989.45
-14999.84
-15042.50
-15006.14
-14988.43
-14987.03
-15014.12
-15004.62
-15012.63
-14991.98
-14985.87
-15007.40
-15003.88
-14985.83
-14986.50
-14975.78
-14983.98
-14986.03
-15005.26
-14980.72
-14981.60
-15023.65
-15032.55
-15038.07
-15032.09
-14985.22
-15000.22
-15030.44
-15029.17
-15051.60
-15043.13
-14982.73
-14985.64
-14986.76
-14973.89
-14981.63
-14984.08
-15020.31
-15012.53
