-258219.19
-258174.03
-257983.87
-258213.20
-258152.38
-257969.64
-258052.42
-258190.22
-258094.27
-258070.69
-258167.15
-258097.34
-258210.47
-258089.76
-258267.61
-258316.19
-258174.14
-258141.97
-258072.28
-258035.73
-258002.12
-258106.49
-258272.60
-258224.07
-258093.74
-258112.56
-258101.69
-257948.25
-258020.74
-258061.05
-258232.26
-258143.93
-257976.85
-258210.77
-258239.00
-257884.11
-257913.58
-258224.13
-258200.73
-258291.93
-258120.71
-258371.31
-258128.84
-258055.58
-258046.36
-258175.43
-258209.98
-258073.21
-258029.97
-258157.27
-258240.72
-257904.94
-258130.81
-258251.01
-258010.70
-258200.14
-258157.80
-258133.48
-258104.23
-258178.75
-258027.01
-258151.24
-258303.11
-258141.49
-258148.89
-258075.61
-258173.76
-258073.32
-258115.16
-257959.69
-258143.29
-257664.56
-258095.09
-258027.89
-258142.75
-258232.07
-258132.24
-258062.64
-258043.82
-258020.49
-258139.71
-257880.83
-258157.39
-257998.38
-258093.36
-258239.06
-258269.36
-257925.65
-258194.98
-257951.07
-258111.13
-258136.06
-258126.69
-258205.53
-258163.37
-258081.18
-258097.81
-258200.74
-258142.46
-258060.94
-258388.94
-258026.92
-258202.00
-257784.75
-258020.97
-258090.74
-258284.51
-258132.62
-257921.93
-258311.90
-258115.69
-258062.40
-258275.19
-258128.14
-257978.48
-258067.30
-258059.87
-258209.25
-258172.53
-258058.70
-258272.37
-258149.04
-258176.37
-257872.66
