-233596.67
-233777.43
-233839.05
-233782.94
-233655.87
-233663.61
-233860.95
-233689.91
-233703.13
-233675.31
-233749.75
-233891.92
-233575.94
-233468.58
-233835.81
-233921.78
-233818.96
-233713.79
-233666.20
-233641.22
-233555.43
-233791.42
-233750.77
-233674.13
-233362.11
-233754.66
-233722.71
-233743.58
-233829.78
-233833.52
-233600.05
-233769.11
-233492.08
-233686.03
-233713.05
-233736.71
-233681.68
-233567.98
-233535.99
-233625.18
-233828.10
-233526.86
-233916.31
-233813.06
-233857.91
-233918.19
-233693.73
-233599.86
-233790.19
-233818.84
-233918.53
-233718.91
-233470.31
-233704.91
-233583.57
-233788.51
-233824.10
-233747.99
-233849.55
-233794.07
-233676.57
-233717.79
-233667.12
-233860.40
-233882.04
-233886.76
-233712.86
-233889.81
-233929.33
-233847.08
-233674.47
-233774.64
-233554.07
-233586.02
-233739.33
-233822.08
-233787.32
-233852.49
-233652.52
-233801.03
-233645.44
-233774.75
-233819.77
-233564.76
-233868.97
-233677.07
-233634.92
-233716.07
-233732.47
-233723.95
-233705.15
-233573.94
-233790.40
-233841.40
-233750.17
-233692.73
-233694.65
-233913.51
-233824.88
-233732.04
-233378.60
-233793.16
-233723.10
-233672.81
-233804.36
-233814.39
-233860.84
-233643.91
-233581.60
-233778.67
-233339.76
-233910.06
-233533.78
-233787.01
-233937.71
-233779.20
-233717.13
-233681.99
-233623.27
-233433.55
-233784.06
-233588.24
-233595.16
-233565.56
