-423574.79
-423218.31
-423728.38
-423219.52
-423421.28
-423493.75
-423346.38
-423128.18
-423508.85
-423468.74
-423524.07
-423298.27
-423619.14
-423402.81
-423618.17
-423365.20
-423770.32
-423449.37
-423070.70
-423338.72
-423547.98
-423520.48
-423460.92
-423302.06
-423487.04
-423231.78
-423601.47
-423751.58
-423780.47
-423279.19
-423717.87
-423236.93
-423352.86
-423318.43
-423506.62
-423482.86
-423158.80
-423247.82
-423412.04
-423423.97
-422974.71
-423224.18
-423768.30
-423137.45
-423499.84
-423652.85
-423695.33
-423493.39
-423337.35
-423182.40
-423072.35
-423606.92
-423146.77
-423173.44
-423195.80
-423003.15
-423358.91
-423675.53
-423742.08
-423474.50
-423142.94
-423341.47
-423062.51
-423515.84
-423073.27
-423584.33
-422831.50
-423269.39
-423447.21
-423909.92
-423149.78
-423439.80
-423087.13
-423295.42
-423328.81
-423220.37
-423368.83
-423441.45
-423197.53
-423567.09
-423422.77
-423386.94
-423504.06
-423286.44
-423522.68
-423541.64
-423330.17
-423327.26
-423350.56
-423363.73
-423160.84
-423794.43
-423436.89
-423323.99
-423543.05
-423008.10
-423404.43
-423775.12
-423476.96
-423299.66
-423542.77
-423679.63
-423708.98
-423560.83
-423324.39
-423392.54
-423347.27
-423432.95
-423140.23
-423432.23
-422976.86
-423650.14
-423347.94
-423227.07
-423299.84
-423553.81
-423331.84
-423493.02
-423559.83
-423727.61
-423504.17
-423621.01
-423351.11
-423198.11
