-383159.98
-383459.80
-383721.71
-383492.52
-383345.76
-383608.42
-383712.23
-383711.10
-383515.15
-383317.49
-383571.73
-383340.84
-383789.42
-383538.41
-383530.71
-383557.32
-383522.09
-383567.17
-383729.45
-383200.80
-383845.03
-383457.44
-383526.26
-383709.24
-383393.68
-383488.27
-383422.12
-383519.22
-383719.83
-383813.00
-383420.51
-383472.94
-383568.84
-383481.01
-383499.25
-383588.33
-383685.53
-383504.68
-383611.35
-383519.13
-383647.32
-383395.44
-383860.00
-383595.13
-383371.44
-382915.23
-383810.34
-383789.82
-383402.10
-383546.80
-383774.59
-383499.26
-383624.11
-383632.61
-383721.25
-383609.01
-383443.97
-383539.67
-383304.90
-383277.33
-383507.86
-383425.30
-383704.73
-383379.77
-383648.84
-383536.19
-383529.83
-384093.77
-383690.67
-383637.46
-383258.70
-383297.81
-383690.02
-383471.64
-383727.54
-383468.28
-383256.87
-383255.80
-383505.14
-383573.32
-383783.57
-383355.05
-383193.08
-383582.08
-383625.42
-383560.75
-383619.88
-383696.68
-383096.27
-383601.47
-383457.50
-383501.57
-383616.51
-383253.69
-383214.13
-383617.51
-383689.38
-383569.67
-383728.82
-383643.69
-383322.40
-383484.94
-383658.05
-383589.84
-383330.57
-383564.38
-383530.45
-383536.49
-383817.50
-383586.53
-383155.11
-383381.70
-383697.27
-383495.41
-383394.34
-383461.24
-383635.56
-383502.65
-383584.40
-383455.46
-383205.13
-383337.63
-383434.38
-383477.22
