-211584.70
-211837.48
-211810.23
-211830.51
-211743.80
-211811.74
-211429.74
-211713.37
-211678.38
-211845.24
-211606.22
-211701.50
-211637.27
-211662.06
-211787.96
-211726.10
-211517.93
-211883.47
-211776.65
-211668.58
-211802.41
-211788.29
-211623.70
-211593.96
-211706.31
-211655.96
-211703.10
-211620.95
-211879.02
-211707.90
-211564.57
-211588.88
-211583.90
-211603.15
-211747.98
-211639.72
-211727.35
-211718.89
-211693.26
-211675.31
-211775.21
-211709.25
-211629.26
-211836.27
-211705.69
-211388.36
-211695.95
-211697.25
-211792.50
-211739.72
-211805.42
-211850.14
-211633.51
-211720.96
-211597.23
-211879.78
-211642.08
-211569.87
-211813.66
-211849.72
-211589.95
-211746.88
-211669.93
-211780.80
-211623.74
-211739.21
-211527.07
-211652.65
-211665.68
-211721.71
-211749.38
-211692.69
-211848.44
-211721.49
-211759.44
-211840.29
-211764.53
-211648.33
-211801.17
-211811.56
-211739.32
-211696.75
-211757.29
-211613.72
-211628.20
-211851.91
-211973.88
-211754.87
-211837.93
-211671.53
-211723.77
-211594.84
-211798.76
-211517.39
-211764.16
-211752.28
-211725.58
-211770.04
-211617.53
-211643.02
-211733.40
-211717.03
-211625.92
-211751.85
-211366.26
-211645.77
-211750.84
-211589.31
-211498.65
-211610.14
-211587.47
-211865.86
-211623.76
-211534.68
-211784.98
-211533.19
-211723.95
-211744.23
-211721.36
-211592.06
-211675.46
-211614.50
-211817.58
-211690.69
