-285114.97
-284647.30
-285052.28
-285116.70
-284924.04
-284532.20
-285036.43
-285269.32
-285112.47
-285006.42
-284931.22
-284762.66
-284966.70
-284930.66
-284799.06
-285096.27
-284886.18
-284676.59
-284877.60
-284704.72
-285175.58
-285059.96
-285135.43
-285209.05
-285026.08
-285063.71
-285119.94
-284702.59
-284645.59
-284855.04
-285070.66
-284675.20
-285103.23
-284889.00
-284782.17
-284866.54
-284970.26
-285037.95
-284833.65
-285067.24
-284905.70
-285073.86
-284942.22
-284853.61
-284913.39
-284938.56
-285069.30
-284797.38
-285020.92
-284893.43
-284951.02
-285102.02
-284790.21
-285119.53
-284871.13
-284806.41
-285038.83
-285118.73
-285045.02
-285000.73
-285097.72
-284996.72
-284705.74
-284257.77
-285205.55
-285027.32
-285067.53
-284855.84
-284927.29
-284950.12
-285047.02
-284365.58
-285109.37
-284895.53
-284666.52
-284652.23
-284913.78
-284977.23
-284975.58
-284908.14
-284638.30
-285212.16
-284796.94
-285014.79
-284704.70
-284810.55
-284942.70
-284916.26
-285083.76
-284770.47
-284759.71
-285012.91
-284863.06
-284656.86
-284770.88
-284812.25
-284675.43
-284907.21
-284638.96
-284907.72
-284925.51
-285058.71
-284991.37
-284996.53
-284911.60
-284626.69
-284785.88
-285047.15
-285018.77
-284856.66
-285057.12
-284882.70
-284811.90
-284887.41
-285188.68
-284516.73
-284976.39
-285006.12
-284699.66
-284962.98
-285005.87
-285115.21
-285156.68
-285043.24
