-347217.46
-347178.95
-347311.09
-347266.32
-347360.36
-346936.76
-347345.78
-347413.62
-347410.99
-347463.86
-347518.56
-347053.47
-346970.29
-347519.99
-347364.20
-347420.05
-347575.87
-347276.16
-347595.10
-347083.59
-347203.43
-347175.94
-347366.89
-347293.46
-347311.69
-347190.75
-347100.24
-347263.18
-347468.16
-346719.92
-347539.81
-347393.24
-347215.83
-347230.50
-347347.81
-347086.70
-347176.51
-347311.96
-347339.87
-347610.99
-347092.58
-347360.03
-347144.09
-347443.97
-346802.89
-347464.87
-347057.46
-347376.65
-347322.37
-347413.15
-347172.31
-347145.58
-347304.11
-347361.06
-347567.87
-347531.15
-347387.43
-347138.26
-347549.94
-347338.66
-347391.11
-347249.26
-347415.69
-347164.55
-347309.75
-347188.17
-347254.02
-347160.06
-347493.47
-347198.12
-347340.93
-347456.97
-347478.73
-347408.85
-347368.29
-347152.25
-347439.60
-347211.22
-347275.63
-347234.11
-347488.77
-347381.39
-347222.50
-347124.92
-347353.11
-347055.41
-347445.71
-347078.65
-347291.65
-347403.73
-347156.82
-347387.59
-347398.66
-347087.01
-347394.20
-347308.88
-347305.70
-347329.90
-347560.05
-347561.30
-347199.76
-347427.86
-347467.52
-347155.35
-347415.53
-347223.77
-347217.76
-347351.06
-347424.21
-347215.59
-347209.57
-347314.20
-347394.47
-347227.53
-347336.80
-347142.25
-347180.73
-347181.03
-347365.54
-347274.48
-347017.67
-347399.78
-347351.23
-347390.48
