-314736.64
-314595.38
-314755.83
-314388.74
-314712.57
-314742.51
-314154.03
-314543.10
-314515.48
-314226.15
-314520.93
-314590.25
-314700.83
-314399.71
-314309.50
-314597.73
-314674.33
-314603.09
-314480.52
-314765.82
-314662.77
-314692.08
-314673.05
-314389.62
-314335.33
-314533.42
-314240.53
-314403.18
-314694.05
-314477.43
-314487.96
-314307.65
-313782.65
-314568.58
-314611.42
-314557.43
-314674.55
-314556.48
-314762.92
-314533.33
-314517.67
-314635.18
-314102.99
-314688.81
-314569.19
-314495.05
-314338.46
-314461.20
-314407.03
-314368.45
-314655.55
-314270.07
-314513.36
-314473.44
-314615.25
-314652.69
-314375.54
-314493.98
-314651.03
-314471.04
-314508.94
-314565.93
-314579.91
-314504.06
-314721.96
-314695.68
-314172.69
-314608.77
-314242.09
-314566.16
-314446.57
-314453.34
-314566.81
-314568.25
-314489.72
-314793.35
-314283.44
-314446.22
-314559.74
-314697.73
-314551.71
-314713.59
-314135.96
-314469.29
-314664.96
-314369.27
-314411.78
-314376.59
-314551.73
-314484.17
-314433.74
-314573.43
-314514.34
-314509.54
-314284.03
-314693.09
-314721.15
-314596.79
-314545.84
-314458.13
-314612.76
-314543.03
-314262.91
-314571.09
-314568.86
-314531.36
-314555.40
-314647.97
-314384.36
-314417.69
-314709.01
-314511.52
-314661.06
-314513.01
-314528.30
-313804.88
-314639.78
-314839.67
-314501.73
-314740.27
-314418.50
-314515.54
-314648.34
-314592.86
