-10093.68
-10106.52
-10106.28
-10135.94
-10083.75
-10087.92
-10099.38
-10075.28
-10087.50
-10101.09
-10084.23
-10097.70
-10085.74
-10108.36
-10101.44
-10082.72
-10082.79
-10090.28
-10098.50
-10089.38
-10088.82
-10108.69
-10104.73
-10092.36
-10091.73
-10097.59
-10084.10
-10091.24
-10088.03
-10086.99
-10092.02
-10078.59
-10094.93
-10093.28
-10091.49
-10087.96
-10091.27
-10099.53
-10108.30
-10087.19
-10092.38
-10093.13
-10084.81
-10090.82
-10087.58
-10098.98
-10090.91
-10090.19
-10078.55
-10086.44
-10087.10
-10102.26
-10105.92
-10092.56
-10086.47
-10093.60
-10093.89
-10088.33
-10091.97
-10083.65
-10099.52
-10091.68
-10101.69
-10089.35
-10088.43
-10090.64
-10093.82
-10092.21
-10093.67
-10090.56
-10081.65
-10094.76
-10092.85
-10101.22
-10087.97
-10093.57
-10099.64
-10094.10
-10088.18
-10086.83
-10098.57
-10082.94
-10094.97
-10083.11
-10091.35
-10089.09
-10094.27
-10083.60
-10081.77
-10092.43
-10101.05
-10092.51
-10109.17
-10093.26
-10089.54
-10082.05
-10082.73
-10092.13
-10095.96
-10087.36
-10088.73
-10104.76
-10096.55
-10102.93
-10089.75
-10089.51
-10088.72
-10085.95
-10094.21
-10089.10
-10094.40
-10088.83
-10086.33
-10084.87
-10085.94
-10091.18
-10093.69
-10091.97
-10092.62
-10095.14
-10092.97
-10098.42
-10104.93
-10083.35
-10089.75
-10091.23
-10092.59
-10094.37
-10095.70
-10098.12
-10082.54
-14988.99
-15011.61
-15006.34
-15001.51
-14992.65
-14997.02
-14988.33
-15009.58
-14995.24
-14994.68
-15003.31
-15007.59
-14996.74
-14995.33
-14996.48
-14988.89
-15010.97
-15004.67
-15008.51
-14987.73
-15011.93
-14993.00
-15004.98
-14987.32
-14979.91
-14998.95
-14985.05
-14997.82
-15008.53
-14989.58
-15009.46
-14986.13
-14980.20
-14997.64
-14997.90
-14994.08
-14995.13
-14984.67
-14990.44
-14998.65
-14990.82
-14994.85
-14985.85
-14992.86
-14987.45
-15000.42
-14998.93
-14998.63
-14982.89
-14997.54
-14993.16
-14975.70
-14978.42
-14986.82
-14983.78
-15003.74
-14988.50
-14995.31
-14979.51
-14989.48
-14988.13
-15001.17
-14992.56
-15005.52
-14988.11
-14982.66
-14988.33
-14986.34
-14989.76
-14994.34
-14997.76
-14977.55
-15000.65
-14991.07
-14976.68
-14992.41
-14998.16
-14986.89
-14990.22
-14998.72
-14980.94
-14972.21
-14975.59
-14997.84
-14987.23
-14995.91
-14985.14
-14985.76
-14978.53
-14990.47
-14988.23
-15008.91
-14990.84
-14999.57
-14989.96
-14999.93
-15005.73
-14998.44
-14986.27
-15010.29
-14990.60
-14988.60
-14998.51
-14994.75
-14996.35
-14985.36
-14997.57
-14991.26
-14998.97
