-11158.19
-11147.80
-11156.46
-11203.20
-11177.80
-11177.35
-11163.81
-11166.62
-11181.28
-11148.50
-11158.64
-11152.37
-11146.71
-11161.49
-11148.57
-11162.86
-11144.24
-11162.39
-11163.18
-11155.12
-11155.68
-11187.61
-11148.88
-11169.44
-11178.09
-11188.29
-11184.87
-11167.48
-11174.52
-11163.99
-11166.54
-11179.09
-11160.17
-11210.44
-11171.01
-11171.33
-11164.62
-11177.56
-11141.69
-11148.65
-11150.79
-11162.49
-11143.08
-11164.91
-11152.91
-11154.61
-11144.90
-11149.98
-11156.54
-11145.12
-11151.72
-11152.35
-11147.83
-11160.38
-11149.27
-11155.16
-11160.22
-11162.87
-11165.70
-11150.78
-11154.21
-11150.02
-11148.04
-11161.11
-11158.25
-11169.87
-11157.80
-11147.14
-11171.91
-11152.67
-11147.13
-11154.84
-11161.60
-11143.30
-11153.92
-11161.58
-11143.13
-11141.95
-11159.54
-11159.35
-11162.25
-11147.23
-11145.82
-11137.71
-11146.81
-11157.94
-11160.28
-11145.40
-11151.50
-11139.96
-11147.85
-11176.57
-11148.22
-11154.89
-11150.56
-11148.06
-11173.88
-11143.54
-11137.83
-11141.94
-11151.97
-11143.27
-11162.02
-11141.90
-11180.31
-11147.57
-11146.57
-11167.18
-11142.96
-11142.24
-11144.01
-11159.92
-11158.84
-11139.75
-11146.57
-11144.41
-11137.79
-11143.17
-11142.01
-11152.50
-11143.75
-11158.27
-11175.89
-11149.36
-11151.81
-11140.82
-11142.50
-11140.81
-11153.17
-11140.50
-11141.93
-15021.33
-15015.32
-15004.80
-15011.15
-14999.14
-15007.85
-15007.09
-15007.11
-15007.80
-15000.09
-15005.64
-14994.34
-14992.73
-14999.25
-15000.68
-15017.58
-14989.49
-14980.72
-14998.09
-14984.53
-15005.37
-15005.43
-15036.55
-14987.74
-15025.80
-14998.16
-15024.34
-14998.07
-15015.22
-14996.69
-14999.45
-15008.24
-14994.04
-14982.06
-15003.57
-15029.08
-14990.35
-15025.72
-14994.28
-14995.79
-14985.12
-14981.95
-15010.94
-14995.79
-14992.79
-14981.28
-15021.13
-14988.80
-14979.29
-14992.56
-14993.28
-14996.12
-15001.83
-14986.50
-14980.77
-14984.90
-14983.17
-14988.89
-15003.64
-14992.17
-15001.19
-14994.87
-15024.44
-14983.17
-14987.95
-14996.00
-14986.88
-15010.73
-15001.58
-15001.22
-15004.08
-15001.27
-14977.98
-14992.53
-14984.66
-14988.47
-14979.95
-14977.11
-15001.18
-15003.89
-14995.50
-14989.26
-15007.20
-15002.52
-15005.66
-15020.18
-15014.31
-15005.49
-14981.35
-14996.51
-15046.12
-15001.21
-14995.98
-15005.48
-14999.20
-14999.48
-14990.21
-15008.59
-14998.88
-14994.70
-15011.23
-15006.41
-14994.22
-15008.00
-15016.46
-14970.79
-14993.26
-15007.49
-15022.40
-14991.28
-15027.23
