-8280.51
-8295.62
-8314.20
-8308.40
-8313.18
-8304.69
-8281.88
-8288.57
-8286.95
-8287.04
-8274.93
-8276.10
-8285.73
-8285.23
-8287.04
-8277.91
-8292.98
-8299.36
-8286.07
-8280.82
-8281.01
-8284.22
-8287.76
-8280.11
-8287.64
-8281.74
-8285.11
-8285.45
-8282.22
-8292.23
-8286.73
-8278.59
-8274.85
-8280.79
-8278.19
-8281.93
-8278.30
-8278.61
-8282.98
-8283.54
-8279.88
-8275.96
-8276.79
-8286.50
-8278.60
-8279.62
-8283.20
-8269.66
-8281.28
-8274.97
-8273.81
-8277.95
-8278.79
-8277.92
-8286.25
-8283.43
-8275.54
-8279.12
-8281.48
-8285.41
-8281.58
-8279.06
-8277.97
-8276.98
-8278.59
-8293.75
-8280.30
-8280.16
-8282.31
-8276.98
-8280.20
-8289.91
-8282.70
-8279.43
-8280.62
-8276.06
-8275.15
-8278.05
-8277.12
-8278.77
-8274.74
-8267.98
-8278.64
-8275.90
-8273.62
-8288.08
-8279.36
-8271.15
-8268.01
-8272.99
-8272.37
-8278.43
-8264.25
-8282.23
-8277.69
-8277.24
-8273.19
-8271.26
-8267.60
-8277.27
-8272.70
-8287.83
-8277.50
-8266.83
-8270.47
-8271.23
-8275.69
-8261.62
-8280.85
-8275.34
-8263.17
-8263.12
-8284.90
-8278.65
-8284.11
-8281.34
-8269.07
-8264.72
-8278.69
-8280.01
-8278.86
-8266.51
-8266.68
-8269.72
-8283.30
-8276.05
-8279.03
-8288.66
-8267.65
-8283.40
-8279.06
-14999.42
-15000.22
-15004.32
-14993.34
-14993.89
-14973.23
-14979.88
-14985.88
-14972.47
-14991.83
-14972.12
-14973.65
-14999.68
-14995.90
-14992.88
-14991.62
-14986.79
-14992.60
-14969.18
-14996.76
-14985.08
-14965.67
-15008.81
-15000.56
-14985.00
-14977.56
-15026.68
-14998.84
-14992.60
-14976.42
-14997.28
-14981.67
-14981.08
-14981.77
-14990.52
-15005.12
-15011.94
-15004.75
-14977.69
-14968.88
-14986.90
-14990.75
-14989.91
-14992.14
-14989.21
-14977.40
-14990.53
-14982.64
-14984.00
-15009.94
-14987.43
-14997.84
-14999.88
-15003.01
-14970.23
-14986.34
-14988.06
-14995.01
-14989.46
-14984.23
-14969.64
-14989.50
-15008.68
-14982.25
-14976.54
-14987.87
-14990.91
-14978.28
-14986.59
-15008.61
-14978.16
-15000.09
-14996.35
-14989.10
-14980.30
-14987.87
-14997.37
-14960.46
-14998.88
-14988.22
-14994.23
-14975.39
-14961.22
-14990.30
-14971.15
-14991.72
-14988.20
-15001.94
-14977.36
-14997.40
-14975.32
-14991.84
-14985.18
-14981.19
-14970.15
-14982.44
-14996.16
-14985.80
-14972.78
-14980.38
-14982.03
-14993.24
-14984.24
-14989.32
-14968.10
