-7542.12
-7530.55
-7513.73
-7502.01
-7536.77
-7498.79
-7503.61
-7502.00
-7503.67
-7532.14
-7517.91
-7503.53
-7501.30
-7496.10
-7492.10
-7490.21
-7494.01
-7502.57
-7508.12
-7499.18
-7500.36
-7494.39
-7493.77
-7491.66
-7499.59
-7490.90
-7501.10
-7498.29
-7495.23
-7497.23
-7504.85
-7511.13
-7502.77
-7495.20
-7499.66
-7494.39
-7496.34
-7497.24
-7504.26
-7493.71
-7500.75
-7500.27
-7495.11
-7498.00
-7497.95
-7501.62
-7496.42
-7501.48
-7510.40
-7502.06
-7504.22
-7507.44
-7498.88
-7495.41
-7503.85
-7487.08
-7486.12
-7508.74
-7493.81
-7495.88
-7495.86
-7507.43
-7499.78
-7497.95
-7500.66
-7497.30
-7505.73
-7496.15
-7494.55
-7495.07
-7491.98
-7499.01
-7505.56
-7497.05
-7502.27
-7501.78
-7495.96
-7493.59
-7492.28
-7499.72
-7496.51
-7496.81
-7504.55
-7500.79
-7494.83
-7489.53
-7497.10
-7503.20
-7492.72
-7489.35
-7497.23
-7499.64
-7488.70
-7493.24
-7496.32
-7496.87
-7492.99
-7498.98
-7502.54
-7493.17
-7499.36
-7502.49
-7494.04
-7501.39
-7493.18
-7511.54
-7501.23
-7496.24
-7496.18
-7493.15
-7493.24
-7502.21
-7500.29
-7486.08
-7500.09
-7490.95
-7500.86
-7501.89
-7498.66
-7496.99
-7496.21
-7493.51
-7492.67
-7502.20
-7494.11
-7491.02
-7486.79
-7492.98
-7497.11
-7495.48
-7498.50
-14991.19
-14992.35
-14989.85
-14998.93
-15000.50
-14988.77
-14993.02
-14968.65
-14991.46
-14994.03
-14998.63
-14998.27
-14996.69
-15001.63
-14985.07
-14996.07
-15007.19
-14992.05
-14984.03
-15031.02
-14995.34
-14975.89
-14987.67
-15011.11
-14974.13
-14991.32
-14989.46
-14996.72
-14991.52
-15007.95
-14992.39
-14994.11
-14993.96
-14984.42
-15003.09
-14978.08
-15004.34
-14981.89
-14976.27
-14990.66
-14986.31
-14992.38
-14977.12
-14988.32
-14991.63
-14982.50
-14970.15
-15002.19
-14982.34
-14978.21
-14985.56
-14997.42
-14995.63
-14989.70
-14990.16
-14991.32
-14986.39
-14976.89
-15000.50
-15004.62
-14990.56
-14995.02
-14988.65
-14986.33
-14976.82
-15021.10
-15001.66
-14981.42
-15017.82
-14994.06
-14986.25
-14985.32
-14981.17
-14982.77
-14994.44
-14988.16
-14980.97
-14990.75
-14999.41
-14985.44
-15003.81
-14993.79
-15000.03
-15001.32
-14992.81
-14997.76
-14992.95
-14984.78
-14987.02
-14974.90
-14965.79
-14977.03
-14986.85
-14992.51
-15000.14
-15022.94
-14990.93
-14977.23
-14994.02
-14999.41
-14997.35
-14985.58
-14990.39
-15004.18
-15004.41
-14988.99
-15009.98
-14997.36
