-9147.81
-9144.77
-9149.78
-9182.98
-9156.56
-9151.57
-9148.88
-9155.83
-9143.70
-9152.92
-9154.48
-9145.97
-9153.47
-9148.04
-9160.76
-9149.45
-9164.68
-9163.66
-9154.69
-9155.73
-9167.70
-9160.83
-9149.76
-9152.72
-9163.34
-9153.39
-9155.45
-9149.31
-9145.91
-9153.11
-9170.14
-9151.95
-9148.66
-9150.58
-9156.28
-9148.92
-9151.89
-9160.22
-9157.13
-9150.97
-9149.56
-9157.13
-9153.55
-9156.99
-9154.33
-9152.38
-9147.07
-9146.08
-9145.78
-9148.94
-9153.18
-9143.44
-9141.88
-9147.73
-9143.65
-9135.50
-9138.69
-9147.51
-9142.77
-9143.98
-9135.91
-9153.14
-9139.28
-9147.67
-9137.82
-9141.75
-9145.72
-9138.92
-9145.08
-9149.16
-9144.85
-9140.04
-9139.17
-9139.40
-9150.14
-9152.49
-9146.95
-9143.94
-9141.30
-9146.51
-9144.52
-9132.78
-9133.18
-9144.53
-9151.68
-9145.95
-9141.37
-9131.85
-9145.94
-9145.40
-9146.82
-9142.29
-9144.93
-9139.47
-9145.73
-9136.94
-9148.47
-9147.88
-9143.85
-9145.31
-9135.89
-9147.74
-9134.38
-9139.00
-9164.60
-9153.37
-9130.71
-9153.43
-9150.30
-9136.62
-9143.81
-9143.49
-9139.48
-9143.38
-9146.57
-9137.66
-9147.52
-9146.80
-9160.22
-9136.60
-9134.72
-9132.80
-9145.65
-9147.47
-9145.91
-9142.11
-9156.18
-9143.86
-9149.24
-9151.35
-9144.21
-14980.63
-14995.19
-14988.51
-14999.93
-15003.98
-15020.74
-15001.64
-14978.43
-15017.43
-14984.46
-15008.78
-15027.08
-14996.32
-15005.68
-14988.09
-15007.11
-14991.21
-14986.65
-14983.92
-15001.17
-15020.64
-14999.19
-15024.61
-14998.47
-15006.25
-14988.96
-14997.55
-15020.02
-14995.54
-15015.57
-15021.99
-15010.85
-15005.79
-15010.32
-14992.07
-14997.74
-15002.62
-14999.87
-15025.54
-14990.76
-15019.56
-15006.84
-15034.15
-14997.50
-15006.17
-15036.68
-14990.03
-14996.64
-15022.14
-15000.87
-14993.98
-15009.49
-15004.78
-15044.73
-15026.71
-15001.04
-14999.89
-15007.41
-15005.09
-14986.33
-14993.38
-15010.68
-14992.23
-15014.16
-15014.88
-15037.77
-15014.10
-15001.13
-15002.85
-15027.50
-15011.82
-14978.29
-15002.09
-15041.04
-15015.24
-15000.71
-15033.65
-15037.18
-14994.58
-14997.38
-15012.45
-15003.56
-15045.77
-15010.57
-15015.26
-14992.87
-15035.04
-15044.56
-15002.54
-15008.09
-15015.25
-15008.85
-15016.61
-15016.69
-15003.30
-15016.29
-15031.88
-15060.51
-15001.92
-15038.52
-15018.28
-14997.84
-15015.47
-15003.75
-14998.56
-15006.73
-15013.00
-15012.81
-15000.75
-15004.73
-14990.79
