0.00 1.00 -26217.21 -26217.21 436.21 2981.01
1.00 1.00 -26217.21 -26345.77 436.21 2981.01
2.00 1.00 -26217.21 -26315.59 436.21 2981.01
3.00 1.00 -26217.21 -26323.16 436.21 2981.01
4.00 2.00 -26180.17 -26180.17 431.61 2981.27
5.00 3.00 -26156.64 -26156.64 428.72 3030.57
6.00 4.00 -26061.53 -26061.53 417.21 3009.74
7.00 4.00 -26061.53 -26074.33 417.21 3009.74
8.00 4.00 -26061.53 -26185.14 417.21 3009.74
9.00 5.00 -26060.43 -26060.43 417.08 3009.25
10.00 6.00 -26017.78 -26017.78 412.03 2990.74
11.00 6.00 -26017.78 -26055.69 412.03 2990.74
12.00 6.00 -26017.78 -26119.51 412.03 2990.74
13.00 7.00 -25964.29 -25964.29 405.77 2991.65
14.00 8.00 -25956.76 -25956.76 404.90 2989.62
15.00 8.00 -25956.76 -26006.61 404.90 2989.62
16.00 8.00 -25956.76 -25995.36 404.90 2989.62
17.00 8.00 -25956.76 -26075.91 404.90 2989.62
18.00 8.00 -25956.76 -26092.02 404.90 2989.62
19.00 8.00 -25956.76 -26076.57 404.90 2989.62
20.00 8.00 -25956.76 -26073.84 404.90 2989.62
21.00 8.00 -25956.76 -26018.20 404.90 2989.62
22.00 8.00 -25956.76 -26049.16 404.90 2989.62
23.00 8.00 -25956.76 -26050.86 404.90 2989.62
24.00 8.00 -25956.76 -26127.42 404.90 2989.62
25.00 8.00 -25956.76 -26015.91 404.90 2989.62
26.00 8.00 -25956.76 -26068.64 404.90 2989.62
27.00 8.00 -25956.76 -26046.85 404.90 2989.62
28.00 8.00 -25956.76 -26023.57 404.90 2989.62
29.00 8.00 -25956.76 -26066.05 404.90 2989.62
30.00 8.00 -25956.76 -26064.50 404.90 2989.62
31.00 8.00 -25956.76 -26005.13 404.90 2989.62
32.00 8.00 -25956.76 -26094.12 404.90 2989.62
33.00 8.00 -25956.76 -26194.04 404.90 2989.62
34.00 8.00 -25956.76 -26051.04 404.90 2989.62
35.00 8.00 -25956.76 -26021.35 404.90 2989.62
36.00 8.00 -25956.76 -26062.45 404.90 2989.62
37.00 8.00 -25956.76 -26048.07 404.90 2989.62
38.00 8.00 -25956.76 -26048.71 404.90 2989.62
39.00 8.00 -25956.76 -26170.43 404.90 2989.62
40.00 8.00 -25956.76 -26061.08 404.90 2989.62
41.00 8.00 -25956.76 -26020.22 404.90 2989.62
42.00 8.00 -25956.76 -26058.78 404.90 2989.62
43.00 8.00 -25956.76 -26234.61 404.90 2989.62
44.00 8.00 -25956.76 -25970.58 404.90 2989.62
45.00 9.00 -25940.34 -25940.34 403.00 3001.20
46.00 9.00 -25940.34 -26009.35 403.00 3001.20
47.00 9.00 -25940.34 -26017.15 403.00 3001.20
48.00 9.00 -25940.34 -26176.10 403.00 3001.20
49.00 10.00 -25940.46 -25940.46 403.02 3018.91
50.00 10.00 -25940.46 -26020.80 403.02 3018.91
51.00 11.00 -25934.53 -25934.53 402.33 3001.48
