0.00 1.00 -19553.02 -19553.02 448.76 3004.72
1.00 1.00 -19553.02 -19595.31 448.76 3004.72
2.00 2.00 -19519.80 -19519.80 443.06 2973.58
3.00 3.00 -19508.21 -19508.21 441.09 2991.97
4.00 3.00 -19508.21 -19525.52 441.09 2991.97
5.00 4.00 -19497.76 -19497.76 439.32 2966.45
6.00 4.00 -19497.76 -19526.38 439.32 2966.45
7.00 4.00 -19497.76 -19575.44 439.32 2966.45
8.00 4.00 -19497.76 -19547.60 439.32 2966.45
9.00 4.00 -19497.76 -19585.61 439.32 2966.45
10.00 4.00 -19497.76 -19619.72 439.32 2966.45
11.00 5.00 -19471.44 -19471.44 434.89 2940.08
12.00 5.00 -19471.44 -19519.05 434.89 2940.08
13.00 6.00 -19383.19 -19383.19 420.37 2951.56
14.00 7.00 -19380.13 -19380.13 419.87 2978.04
15.00 7.00 -19380.13 -19454.47 419.87 2978.04
16.00 8.00 -19374.94 -19374.94 419.03 2959.38
17.00 8.00 -19374.94 -19438.70 419.03 2959.38
18.00 8.00 -19374.94 -19440.73 419.03 2959.38
19.00 8.00 -19374.94 -19463.60 419.03 2959.38
20.00 8.00 -19374.94 -19574.78 419.03 2959.38
21.00 8.00 -19374.94 -19408.63 419.03 2959.38
22.00 8.00 -19374.94 -19491.69 419.03 2959.38
23.00 8.00 -19374.94 -19406.24 419.03 2959.38
24.00 8.00 -19374.94 -19504.68 419.03 2959.38
25.00 9.00 -19373.43 -19373.43 418.79 2956.00
26.00 10.00 -19348.29 -19348.29 414.76 2950.72
27.00 11.00 -19338.81 -19338.81 413.25 2959.08
28.00 12.00 -19328.88 -19328.88 411.67 2928.10
29.00 12.00 -19328.88 -19335.78 411.67 2928.10
30.00 12.00 -19328.88 -19361.97 411.67 2928.10
31.00 12.00 -19328.88 -19361.43 411.67 2928.10
32.00 12.00 -19328.88 -19352.33 411.67 2928.10
33.00 12.00 -19328.88 -19352.73 411.67 2928.10
34.00 13.00 -19314.88 -19314.88 409.46 2911.10
35.00 13.00 -19314.88 -19420.14 409.46 2911.10
36.00 14.00 -19315.50 -19315.50 409.56 2914.54
37.00 15.00 -19267.32 -19267.32 402.03 2927.62
38.00 15.00 -19267.32 -19281.06 402.03 2927.62
39.00 15.00 -19267.32 -19295.31 402.03 2927.62
40.00 15.00 -19267.32 -19342.77 402.03 2927.62
41.00 15.00 -19267.32 -19279.05 402.03 2927.62
42.00 15.00 -19267.32 -19302.99 402.03 2927.62
43.00 15.00 -19267.32 -19339.02 402.03 2927.62
44.00 15.00 -19267.32 -19370.57 402.03 2927.62
45.00 15.00 -19267.32 -19307.40 402.03 2927.62
46.00 15.00 -19267.32 -19339.65 402.03 2927.62
47.00 16.00 -19266.44 -19266.44 401.89 2915.23
48.00 16.00 -19266.44 -19389.54 401.89 2915.23
49.00 16.00 -19266.44 -19336.62 401.89 2915.23
50.00 16.00 -19266.44 -19422.73 401.89 2915.23
51.00 16.00 -19266.44 -19317.11 401.89 2915.23
52.00 16.00 -19266.44 -19350.99 401.89 2915.23
