0.00 1.00 -17742.37 -17742.37 455.05 2961.71
1.00 2.00 -17734.80 -17734.80 453.58 2961.39
2.00 3.00 -17674.27 -17674.27 442.07 2972.16
3.00 3.00 -17674.27 -17765.80 442.07 2972.16
4.00 4.00 -17659.48 -17659.48 439.30 2966.09
5.00 4.00 -17659.48 -17691.11 439.30 2966.09
6.00 4.00 -17659.48 -17693.67 439.30 2966.09
7.00 4.00 -17659.48 -17669.83 439.30 2966.09
8.00 4.00 -17659.48 -17674.95 439.30 2966.09
9.00 5.00 -17625.15 -17625.15 432.93 2983.17
10.00 5.00 -17625.15 -17633.04 432.93 2983.17
11.00 6.00 -17623.26 -17623.26 432.59 2993.02
12.00 7.00 -17612.96 -17612.96 430.70 2996.05
13.00 8.00 -17583.83 -17583.83 425.40 2988.22
14.00 8.00 -17583.83 -17588.39 425.40 2988.22
15.00 8.00 -17583.83 -17596.43 425.40 2988.22
16.00 9.00 -17560.95 -17560.95 421.28 3003.83
17.00 9.00 -17560.95 -17576.29 421.28 3003.83
18.00 9.00 -17560.95 -17577.08 421.28 3003.83
19.00 9.00 -17560.95 -17591.48 421.28 3003.83
20.00 9.00 -17560.95 -17592.32 421.28 3003.83
21.00 9.00 -17560.95 -17617.29 421.28 3003.83
22.00 9.00 -17560.95 -17586.93 421.28 3003.83
23.00 9.00 -17560.95 -17581.97 421.28 3003.83
24.00 9.00 -17560.95 -17589.29 421.28 3003.83
25.00 9.00 -17560.95 -17584.48 421.28 3003.83
26.00 9.00 -17560.95 -17597.32 421.28 3003.83
27.00 9.00 -17560.95 -17619.09 421.28 3003.83
28.00 9.00 -17560.95 -17579.04 421.28 3003.83
29.00 9.00 -17560.95 -17578.24 421.28 3003.83
30.00 10.00 -17553.70 -17553.70 419.99 2996.96
31.00 10.00 -17553.70 -17579.89 419.99 2996.96
32.00 11.00 -17532.28 -17532.28 416.18 2980.67
33.00 11.00 -17532.28 -17640.61 416.18 2980.67
34.00 11.00 -17532.28 -17677.41 416.18 2980.67
35.00 11.00 -17532.28 -17631.02 416.18 2980.67
36.00 11.00 -17532.28 -17632.64 416.18 2980.67
37.00 11.00 -17532.28 -17617.59 416.18 2980.67
38.00 11.00 -17532.28 -17535.92 416.18 2980.67
39.00 11.00 -17532.28 -17655.74 416.18 2980.67
40.00 11.00 -17532.28 -17553.11 416.18 2980.67
41.00 11.00 -17532.28 -17550.04 416.18 2980.67
42.00 11.00 -17532.28 -17615.87 416.18 2980.67
43.00 11.00 -17532.28 -17672.87 416.18 2980.67
44.00 12.00 -17519.22 -17519.22 413.88 2980.04
45.00 12.00 -17519.22 -17641.35 413.88 2980.04
46.00 13.00 -17493.45 -17493.45 409.37 2983.05
47.00 13.00 -17493.45 -17557.04 409.37 2983.05
48.00 13.00 -17493.45 -17562.21 409.37 2983.05
49.00 13.00 -17493.45 -17552.36 409.37 2983.05
50.00 13.00 -17493.45 -17569.13 409.37 2983.05
