0.00 0.00 -9389.94 -9409.63 0.00 0.00
1.00 0.00 -9389.94 -9391.12 0.00 0.00
2.00 0.00 -9389.94 -9408.65 0.00 0.00
3.00 1.00 -9388.86 -9388.86 0.00 0.00
4.00 1.00 -9388.86 -9406.30 0.00 0.00
5.00 1.00 -9388.86 -9400.90 0.00 0.00
6.00 1.00 -9388.86 -9408.85 0.00 0.00
7.00 2.00 -9389.28 -9389.28 0.00 0.00
8.00 3.00 -14883.58 -14883.58 0.00 0.00
9.00 3.00 -14883.58 -14887.60 0.00 0.00
10.00 3.00 -14883.58 -14903.14 0.00 0.00
11.00 3.00 -14883.58 -14887.09 0.00 0.00
12.00 3.00 -14883.58 -14892.82 0.00 0.00
13.00 3.00 -14883.58 -14888.43 0.00 0.00
14.00 3.00 -14883.58 -14888.02 0.00 0.00
15.00 3.00 -14883.58 -14890.03 0.00 0.00
16.00 3.00 -14883.58 -14895.39 0.00 0.00
17.00 3.00 -14883.58 -14889.36 0.00 0.00
18.00 3.00 -14883.58 -14888.42 0.00 0.00
19.00 3.00 -14883.58 -14894.35 0.00 0.00
20.00 3.00 -14883.58 -14886.14 0.00 0.00
21.00 3.00 -14883.58 -14898.41 0.00 0.00
22.00 3.00 -14883.58 -14897.85 0.00 0.00
23.00 4.00 -14878.17 -14878.17 0.00 0.00
