0.00 0.00 -7454.08 -7459.81 0.00 0.00
1.00 0.00 -7454.08 -7468.60 0.00 0.00
2.00 0.00 -7454.08 -7472.95 0.00 0.00
3.00 0.00 -7454.08 -7475.74 0.00 0.00
4.00 0.00 -7454.08 -7465.48 0.00 0.00
5.00 0.00 -7454.08 -7468.80 0.00 0.00
6.00 1.00 -7450.39 -7450.39 0.00 0.00
7.00 1.00 -7450.39 -7462.85 0.00 0.00
8.00 2.00 -14916.12 -14916.12 0.00 0.00
9.00 3.00 -14908.00 -14908.00 0.00 0.00
10.00 3.00 -14908.00 -14917.42 0.00 0.00
11.00 3.00 -14908.00 -14914.97 0.00 0.00
12.00 3.00 -14908.00 -14913.77 0.00 0.00
13.00 3.00 -14908.00 -14909.97 0.00 0.00
14.00 4.00 -14887.94 -14887.94 0.00 0.00
15.00 5.00 -14869.67 -14869.67 0.00 0.00
16.00 5.00 -14869.67 -14873.97 0.00 0.00
17.00 5.00 -14869.67 -14912.28 0.00 0.00
18.00 5.00 -14869.67 -14894.62 0.00 0.00
19.00 5.00 -14869.67 -14896.29 0.00 0.00
20.00 5.00 -14869.67 -14877.33 0.00 0.00
21.00 5.00 -14869.67 -14901.26 0.00 0.00
22.00 5.00 -14869.67 -14879.64 0.00 0.00
23.00 5.00 -14869.67 -14902.25 0.00 0.00
