0.00 0.00 -14906.95 -14926.63 0.00 0.00
1.00 0.00 -14906.95 -14942.44 0.00 0.00
2.00 0.00 -14906.95 -14913.80 0.00 0.00
3.00 0.00 -14906.95 -14911.48 0.00 0.00
4.00 0.00 -14906.95 -14913.55 0.00 0.00
5.00 0.00 -14906.95 -14926.65 0.00 0.00
6.00 0.00 -14906.95 -14920.95 0.00 0.00
7.00 0.00 -14906.95 -14910.32 0.00 0.00
8.00 0.00 -14923.27 -14937.00 0.00 0.00
9.00 1.00 -14907.43 -14907.43 0.00 0.00
10.00 1.00 -14907.43 -14922.86 0.00 0.00
11.00 1.00 -14907.43 -14931.14 0.00 0.00
12.00 1.00 -14907.43 -14921.85 0.00 0.00
13.00 1.00 -14907.43 -14921.28 0.00 0.00
14.00 1.00 -14907.43 -14911.44 0.00 0.00
15.00 1.00 -14907.43 -14919.38 0.00 0.00
16.00 2.00 -14885.79 -14885.79 0.00 0.00
17.00 2.00 -14885.79 -14907.43 0.00 0.00
18.00 2.00 -14885.79 -14934.79 0.00 0.00
19.00 2.00 -14885.79 -14909.83 0.00 0.00
20.00 2.00 -14885.79 -14890.83 0.00 0.00
21.00 2.00 -14885.79 -14889.82 0.00 0.00
22.00 2.00 -14885.79 -14900.96 0.00 0.00
23.00 2.00 -14885.79 -14906.60 0.00 0.00
