0.00 0.00 -11827.21 -11852.13 0.00 0.00
1.00 0.00 -11827.21 -11845.81 0.00 0.00
2.00 1.00 -11823.48 -11823.48 0.00 0.00
3.00 1.00 -11823.48 -11845.14 0.00 0.00
4.00 1.00 -11823.48 -11828.05 0.00 0.00
5.00 2.00 -11823.83 -11823.83 0.00 0.00
6.00 2.00 -11823.83 -11828.58 0.00 0.00
7.00 2.00 -11823.83 -11829.73 0.00 0.00
8.00 3.00 -14899.30 -14899.30 0.00 0.00
9.00 4.00 -14886.61 -14886.61 0.00 0.00
10.00 4.00 -14886.61 -14908.62 0.00 0.00
11.00 4.00 -14886.61 -14924.16 0.00 0.00
12.00 4.00 -14886.61 -14890.36 0.00 0.00
13.00 4.00 -14886.61 -14894.25 0.00 0.00
14.00 4.00 -14886.61 -14898.84 0.00 0.00
15.00 4.00 -14886.61 -14914.22 0.00 0.00
16.00 4.00 -14886.61 -14890.46 0.00 0.00
17.00 4.00 -14886.61 -14930.64 0.00 0.00
18.00 4.00 -14886.61 -14890.15 0.00 0.00
19.00 4.00 -14886.61 -14896.10 0.00 0.00
20.00 4.00 -14886.61 -14903.31 0.00 0.00
21.00 4.00 -14886.61 -14911.73 0.00 0.00
22.00 4.00 -14886.61 -14895.63 0.00 0.00
23.00 4.00 -14886.61 -14911.22 0.00 0.00
