-23199.86
-23246.48
-23238.11
-23225.24
-23205.80
-23202.13
-23217.51
-23206.90
-23193.89
-23190.99
-23205.53
-23194.67
-23159.11
-23203.39
-23184.46
-23158.69
-23212.08
-23193.73
-23232.90
-23225.24
-23193.22
-23222.66
-23156.38
-23251.61
-23198.03
-23233.38
-23198.06
-23162.40
-23213.68
-23171.74
-23228.33
-23130.74
-23135.99
-23198.84
-23176.42
-23222.29
-23225.24
-23228.38
-23183.13
-23186.03
-23203.54
-23211.41
-23216.61
-23225.79
-23270.76
-23181.60
-23197.22
-23167.57
-23178.19
-23228.28
-23146.40
-23155.45
-23242.52
-23186.82
-23185.55
-23185.19
-23284.98
-23164.96
-23222.07
-23203.44
-23167.53
-23182.34
-23186.18
-23211.11
-23254.52
-23198.87
-23201.28
-23250.12
-23195.02
-23192.22
-23233.92
-23194.65
-23132.95
-23127.07
-23166.89
-23197.80
-23141.13
-23263.50
-23162.24
-23125.06
-23185.35
-23232.82
-23171.74
-23276.83
-23196.72
-23172.79
-23247.77
-23239.80
-23168.09
-23164.84
-23263.15
-23247.12
-23136.20
-23221.00
-23193.34
-23210.09
-23139.27
-23203.42
-23220.95
-23144.17
-23188.82
-23228.93
-23135.95
-23208.27
-23208.24
-23220.33
-23154.98
-23189.92
-23185.97
-23202.65
-23186.40
-23173.20
-23126.04
-23220.52
-23191.75
-23193.35
-23295.74
-23173.75
-23202.09
-23192.85
-23187.92
-23190.21
-23152.48
-23265.94
-23153.22
-23235.49
-23220.30
-23187.84
-23206.21
-23253.39
-23183.58
-23211.42
-23205.41
-23233.29
-23313.90
-23260.25
-23179.81
-23154.01
-23200.12
-23202.59
-23215.86
-23238.19
-23214.13
-23248.52
-23200.66
-23178.05
-23211.22
-23208.41
-23195.33
-23218.32
-23193.15
-23256.60
-23191.74
-23232.50
-23221.93
-23222.59
-23238.59
-23241.16
-23197.40
-23198.05
-23210.28
-23177.18
-23319.37
-23219.61
-23189.44
-23226.81
-23193.49
-23201.33
-23197.93
-23248.66
-23172.44
-23210.63
-23273.64
-23212.27
-23206.52
-23218.14
-23297.61
-23238.49
-23157.83
-23162.71
-23215.56
-23247.08
-23239.50
-23212.82
-23205.18
-23178.01
-23170.08
-23183.84
-23199.26
-23226.62
-23235.44
-23215.29
-23185.75
