-28299.40
-28268.90
-28322.17
-28319.30
-28324.97
-28273.80
-28232.09
-28212.61
-28275.84
-28272.24
-28267.84
-28310.30
-28286.85
-28211.04
-28268.81
-28228.01
-28338.39
-28304.67
-28204.25
-28272.37
-28238.33
-28322.31
-28320.91
-28277.81
-28293.84
-28229.53
-28291.69
-28268.22
-28199.24
-28287.37
-28282.65
-28304.79
-28269.71
-28242.93
-28282.26
-28338.51
-28234.78
-28290.09
-28227.93
-28204.26
-28218.50
-28289.61
-28223.35
-28287.04
-28284.96
-28301.20
-28315.65
-28226.85
-28276.77
-28247.77
-28343.59
-28235.64
-28258.19
-28310.03
-28286.06
-28267.81
-28273.65
-28257.35
-28324.56
-28256.85
-28278.61
-28287.25
-28299.44
-28352.29
-28248.43
-28369.36
-28309.39
-28260.24
-28305.64
-28292.59
-28215.72
-28254.03
-28275.90
-28241.30
-28295.69
-28339.21
-28280.88
-28399.37
-28320.45
-28250.06
-28250.49
-28294.96
-28268.27
-28272.65
-28265.73
-28285.25
-28222.76
-28291.41
-28272.10
-28272.26
-28342.25
-28252.48
-28245.94
-28302.72
-28292.23
-28377.28
-28252.35
-28266.99
-28326.24
-28297.57
-28264.09
-28321.62
-28300.67
-28284.26
-28262.15
-28299.05
-28263.16
-28295.07
-28294.89
-28313.92
-28296.28
-28348.81
-28263.65
-28262.58
-28303.93
-28280.33
-28363.83
-28314.38
-28311.66
-28242.43
-28350.17
-28263.84
-28264.46
-28264.91
-28230.46
-28243.40
-28246.12
-28302.59
-28247.96
-28306.71
-28246.29
-28239.77
-28254.62
-28219.97
-28246.75
-28316.68
-28278.97
-28289.16
-28280.65
-28260.04
-28265.83
-28298.28
-28250.75
-28249.79
-28297.71
-28336.40
-28295.63
-28318.26
-28268.38
-28270.46
-28297.66
-28309.24
-28237.46
-28264.62
-28351.84
-28319.97
-28285.30
-28293.99
-28254.10
-28260.63
-28300.00
-28293.69
-28454.22
-28316.39
-28229.56
-28252.73
-28243.44
-28306.94
-28228.52
-28364.12
-28264.75
-28299.82
-28261.32
-28262.25
-28295.84
-28316.51
-28328.05
-28286.13
-28255.22
-28241.90
-28266.25
-28287.81
-28273.08
-28302.11
-28303.77
-28284.01
-28238.72
-28248.21
-28335.70
-28298.61
-28265.02
-28363.22
-28241.86
