-14132.12
-14123.74
-14147.49
-14155.26
-14170.90
-14146.94
-14115.13
-14147.57
-14199.88
-14141.42
-14151.11
-14163.49
-14149.53
-14155.64
-14131.32
-14140.76
-14140.44
-14137.75
-14157.84
-14127.15
-14134.52
-14137.54
-14143.67
-14145.38
-14150.81
-14147.21
-14178.00
-14153.63
-14119.57
-14127.02
-14131.34
-14167.58
-14162.57
-14151.69
-14189.61
-14149.93
-14147.43
-14132.44
-14202.11
-14124.79
-14152.44
-14130.94
-14126.18
-14146.77
-14138.02
-14125.44
-14149.99
-14193.35
-14138.00
-14173.26
-14156.10
-14160.53
-14138.76
-14126.63
-14132.02
-14119.66
-14152.76
-14138.07
-14123.61
-14229.33
-14150.06
-14184.16
-14167.77
-14133.93
-14152.35
-14159.80
-14133.62
-14123.51
-14165.66
-14129.03
-14147.04
-14110.93
-14158.97
-14148.88
-14136.72
-14108.52
-14197.43
-14126.65
-14146.95
-14143.99
-14122.60
-14186.17
-14124.92
-14136.66
-14146.74
-14129.33
-14138.22
-14145.34
-14187.53
-14198.67
-14171.43
-14121.73
-14146.16
-14123.66
-14198.10
-14202.91
-14116.92
-14124.53
-14193.29
-14154.06
-14173.97
-14111.19
-14133.81
-14140.69
-14141.19
-14128.55
-14123.57
-14120.83
-14146.50
-14123.57
-14133.00
-14170.81
-14193.15
-14142.61
-14130.31
-14123.61
-14161.00
-14171.00
-14124.10
-14165.65
-14116.38
-14196.06
-14200.04
-14148.74
-14121.11
-14159.48
-14179.76
-14138.71
-14181.05
-14188.48
-14115.28
-14116.56
-14188.67
-14134.35
-14164.00
-14177.49
-14146.09
-14159.94
-14136.21
-14147.71
-14134.49
-14155.19
-14106.54
-14131.71
-14133.73
-14134.80
-14154.27
-14130.89
-14157.00
-14126.34
-14119.31
-14122.02
-14138.20
-14135.78
-14165.23
-14139.35
-14159.28
-14129.38
-14138.94
-14130.54
-14135.18
-14150.17
-14148.09
-14138.56
-14148.31
-14153.36
-14129.32
-14155.13
-14150.42
-14139.91
-14117.95
-14140.16
-14157.85
-14136.16
-14163.59
-14151.67
-14129.60
-14124.46
-14134.45
-14159.83
-14104.12
-14133.84
-14151.31
-14148.51
-14133.27
-14143.14
-14110.45
-14149.06
-14112.48
-14144.55
-14140.41
-14158.84
-14110.96
