-17235.79
-17260.30
-17262.99
-17243.73
-17248.76
-17275.85
-17278.08
-17255.52
-17245.95
-17230.55
-17251.30
-17235.71
-17232.65
-17233.27
-17305.78
-17247.90
-17270.80
-17234.81
-17255.02
-17265.29
-17267.05
-17240.90
-17195.04
-17233.45
-17273.32
-17246.87
-17192.88
-17262.81
-17247.12
-17235.31
-17212.04
-17259.06
-17240.06
-17226.99
-17208.01
-17245.17
-17221.54
-17239.35
-17241.36
-17230.13
-17229.21
-17232.17
-17221.91
-17235.35
-17271.59
-17247.20
-17203.50
-17235.58
-17247.05
-17230.58
-17208.63
-17243.24
-17248.01
-17254.58
-17241.85
-17247.20
-17236.80
-17269.77
-17230.62
-17258.34
-17237.70
-17255.32
-17281.71
-17234.15
-17215.92
-17188.78
-17258.97
-17220.83
-17203.05
-17225.63
-17244.28
-17245.20
-17186.41
-17259.23
-17252.81
-17237.97
-17227.98
-17258.92
-17239.61
-17225.51
-17215.23
-17220.87
-17221.09
-17243.38
-17240.67
-17243.12
-17210.60
-17239.50
-17216.50
-17205.05
-17238.29
-17219.48
-17244.01
-17234.16
-17211.67
-17217.62
-17199.20
-17234.67
-17221.64
-17245.76
-17226.18
-17220.03
-17236.97
-17246.78
-17220.33
-17245.82
-17222.84
-17223.82
-17231.77
-17228.87
-17230.42
-17208.05
-17230.62
-17237.30
-17227.52
-17244.80
-17248.34
-17231.69
-17194.47
-17220.94
-17242.13
-17233.54
-17278.31
-17216.63
-17281.50
-17219.27
-17222.60
-17231.27
-17270.31
-17220.39
-17213.63
-17202.25
-17180.52
-17205.35
-17217.68
-17237.24
-17254.22
-17238.09
-17250.28
-17243.97
-17202.02
-17205.68
-17211.02
-17238.69
-17203.99
-17247.79
-17235.69
-17237.50
-17206.75
-17205.27
-17216.97
-17181.77
-17185.25
-17184.87
-17196.91
-17257.09
-17187.53
-17198.81
-17194.68
-17228.59
-17214.80
-17231.21
-17236.59
-17209.51
-17237.60
-17197.78
-17231.92
-17230.19
-17213.88
-17231.23
-17266.59
-17252.40
-17217.43
-17223.70
-17203.99
-17233.73
-17221.75
-17216.30
-17264.45
-17203.26
-17222.54
-17228.84
-17233.44
-17239.31
-17214.00
-17240.58
-17232.67
-17217.40
-17209.30
-17231.43
-17241.57
-17239.89
-17226.07
-17201.12
-17226.10
