[0.000e+00 9.000e-01 1.092e+00 1.500e+00 1.000e-06 5.000e-01 1.000e+00
 5.000e-03 1.000e-03 1.000e-03 5.000e-01 5.000e+00 2.400e+04 5.000e+00
 1.000e-02]	-13577.974296400644
[1.000e+00 9.000e-01 1.092e+00 1.500e+00 1.000e-06 5.000e-01 1.000e+00
 5.000e-03 1.000e-03 1.000e-03 5.000e-01 5.000e+00 2.400e+04 5.000e+00
 1.000e-02]	-13577.974296400644
[2.000e+00 9.000e-01 1.092e+00 1.500e+00 1.000e-06 5.000e-01 1.000e+00
 5.000e-03 1.000e-03 1.000e-03 5.000e-01 5.000e+00 2.400e+04 5.000e+00
 1.000e-02]	-13577.974296400644
[3.000e+00 9.000e-01 1.092e+00 1.500e+00 1.000e-06 5.000e-01 1.000e+00
 5.000e-03 1.000e-03 1.000e-03 5.000e-01 5.000e+00 2.400e+04 5.000e+00
 1.000e-02]	-13577.974296400644
[4.000e+00 9.000e-01 1.092e+00 1.500e+00 1.000e-06 5.000e-01 1.000e+00
 5.000e-03 1.000e-03 1.000e-03 5.000e-01 5.000e+00 2.400e+04 5.000e+00
 1.000e-02]	-13577.974296400644
[5.000e+00 9.000e-01 1.092e+00 1.500e+00 1.000e-06 5.000e-01 1.000e+00
 5.000e-03 1.000e-03 1.000e-03 5.000e-01 5.000e+00 2.400e+04 5.000e+00
 1.000e-02]	-13577.974296400818
[6.000e+00 9.000e-01 1.092e+00 1.500e+00 1.000e-06 5.000e-01 1.000e+00
 5.000e-03 1.000e-03 1.000e-03 5.000e-01 5.000e+00 2.400e+04 5.000e+00
 1.000e-02]	-13577.974296400818
[7.000e+00 9.000e-01 1.092e+00 1.500e+00 1.000e-06 5.000e-01 1.000e+00
 5.000e-03 1.000e-03 1.000e-03 5.000e-01 5.000e+00 2.400e+04 5.000e+00
 1.000e-02]	-13577.974296400818
[8.000e+00 9.000e-01 1.092e+00 1.500e+00 1.000e-06 5.000e-01 1.000e+00
 5.000e-03 1.000e-03 1.000e-03 5.000e-01 5.000e+00 2.400e+04 5.000e+00
 1.000e-02]	-13577.974296400818
[9.000e+00 9.000e-01 1.092e+00 1.500e+00 1.000e-06 5.000e-01 1.000e+00
 5.000e-03 1.000e-03 1.000e-03 5.000e-01 5.000e+00 2.400e+04 5.000e+00
 1.000e-02]	-13577.974296400665
[9.000e+00 0.000e+00 1.092e+00 1.500e+00 1.000e-06 5.000e-01 1.000e+00
 5.000e-03 1.000e-03 1.000e-03 5.000e-01 5.000e+00 2.400e+04 5.000e+00
 1.000e-02]	-13591.536193472526
[9.000e+00 1.000e+00 1.092e+00 1.500e+00 1.000e-06 5.000e-01 1.000e+00
 5.000e-03 1.000e-03 1.000e-03 5.000e-01 5.000e+00 2.400e+04 5.000e+00
 1.000e-02]	-13578.123827874995
[9.000e+00 2.000e+00 1.092e+00 1.500e+00 1.000e-06 5.000e-01 1.000e+00
 5.000e-03 1.000e-03 1.000e-03 5.000e-01 5.000e+00 2.400e+04 5.000e+00
 1.000e-02]	-13578.552470684484
[9.000e+00 3.000e+00 1.092e+00 1.500e+00 1.000e-06 5.000e-01 1.000e+00
 5.000e-03 1.000e-03 1.000e-03 5.000e-01 5.000e+00 2.400e+04 5.000e+00
 1.000e-02]	-13578.552470684603
[9.000e+00 4.000e+00 1.092e+00 1.500e+00 1.000e-06 5.000e-01 1.000e+00
 5.000e-03 1.000e-03 1.000e-03 5.000e-01 5.000e+00 2.400e+04 5.000e+00
 1.000e-02]	-13578.552470684568
[9.000e+00 5.000e+00 1.092e+00 1.500e+00 1.000e-06 5.000e-01 1.000e+00
 5.000e-03 1.000e-03 1.000e-03 5.000e-01 5.000e+00 2.400e+04 5.000e+00
 1.000e-02]	-13578.55247068446
[9.000e+00 6.000e+00 1.092e+00 1.500e+00 1.000e-06 5.000e-01 1.000e+00
 5.000e-03 1.000e-03 1.000e-03 5.000e-01 5.000e+00 2.400e+04 5.000e+00
 1.000e-02]	-13578.552470684603
[9.000e+00 7.000e+00 1.092e+00 1.500e+00 1.000e-06 5.000e-01 1.000e+00
 5.000e-03 1.000e-03 1.000e-03 5.000e-01 5.000e+00 2.400e+04 5.000e+00
 1.000e-02]	-13578.552470684484
[9.000e+00 8.000e+00 1.092e+00 1.500e+00 1.000e-06 5.000e-01 1.000e+00
 5.000e-03 1.000e-03 1.000e-03 5.000e-01 5.000e+00 2.400e+04 5.000e+00
 1.000e-02]	-13578.552470684484
[9.000e+00 9.000e+00 1.092e+00 1.500e+00 1.000e-06 5.000e-01 1.000e+00
 5.000e-03 1.000e-03 1.000e-03 5.000e-01 5.000e+00 2.400e+04 5.000e+00
 1.000e-02]	-13578.552470684603
[9.0e+00 9.0e+00 0.0e+00 1.5e+00 1.0e-06 5.0e-01 1.0e+00 5.0e-03 1.0e-03
 1.0e-03 5.0e-01 5.0e+00 2.4e+04 5.0e+00 1.0e-02]	-13578.552470684603
[9.0e+00 9.0e+00 1.0e+00 1.5e+00 1.0e-06 5.0e-01 1.0e+00 5.0e-03 1.0e-03
 1.0e-03 5.0e-01 5.0e+00 2.4e+04 5.0e+00 1.0e-02]	-13578.552470684568
