0.00 1.00 -19553.02 -19553.02 448.76 3004.72
1.00 1.00 -19553.02 -19595.31 448.76 3004.72
2.00 2.00 -19519.80 -19519.80 443.06 2973.58
3.00 3.00 -19508.21 -19508.21 441.09 2991.97
4.00 3.00 -19508.21 -19525.52 441.09 2991.97
5.00 4.00 -19497.76 -19497.76 439.32 2966.45
6.00 4.00 -19497.76 -19526.38 439.32 2966.45
7.00 4.00 -19497.76 -19575.44 439.32 2966.45
8.00 4.00 -19497.76 -19547.60 439.32 2966.45
9.00 4.00 -19497.76 -19585.61 439.32 2966.45
10.00 4.00 -19497.76 -19619.72 439.32 2966.45
11.00 5.00 -19471.44 -19471.44 434.89 2940.08
12.00 5.00 -19471.44 -19519.05 434.89 2940.08
13.00 6.00 -19383.19 -19383.19 420.37 2951.56
14.00 7.00 -19380.13 -19380.13 419.87 2978.04
15.00 7.00 -19380.13 -19454.47 419.87 2978.04
16.00 8.00 -19374.94 -19374.94 419.03 2959.38
17.00 8.00 -19374.94 -19438.70 419.03 2959.38
18.00 8.00 -19374.94 -19440.73 419.03 2959.38
19.00 8.00 -19374.94 -19463.60 419.03 2959.38
20.00 8.00 -19374.94 -19574.78 419.03 2959.38
21.00 8.00 -19374.94 -19408.63 419.03 2959.38
22.00 8.00 -19374.94 -19491.69 419.03 2959.38
23.00 8.00 -19374.94 -19406.24 419.03 2959.38
24.00 8.00 -19374.94 -19504.68 419.03 2959.38
25.00 9.00 -19373.43 -19373.43 418.79 2956.00
26.00 10.00 -19348.29 -19348.29 414.76 2950.72
27.00 11.00 -19338.81 -19338.81 413.25 2959.08
28.00 12.00 -19328.88 -19328.88 411.67 2928.10
29.00 12.00 -19328.88 -19335.78 411.67 2928.10
30.00 12.00 -19328.88 -19361.97 411.67 2928.10
31.00 12.00 -19328.88 -19361.43 411.67 2928.10
32.00 12.00 -19328.88 -19352.33 411.67 2928.10
33.00 12.00 -19328.88 -19352.73 411.67 2928.10
34.00 13.00 -19314.88 -19314.88 409.46 2911.10
35.00 13.00 -19314.88 -19420.14 409.46 2911.10
36.00 14.00 -19315.50 -19315.50 409.56 2914.54
37.00 15.00 -19267.32 -19267.32 402.03 2927.62
38.00 15.00 -19267.32 -19281.06 402.03 2927.62
39.00 15.00 -19267.32 -19295.31 402.03 2927.62
40.00 15.00 -19267.32 -19342.77 402.03 2927.62
41.00 15.00 -19267.32 -19279.05 402.03 2927.62
42.00 15.00 -19267.32 -19302.99 402.03 2927.62
43.00 15.00 -19267.32 -19339.02 402.03 2927.62
44.00 15.00 -19267.32 -19370.57 402.03 2927.62
45.00 15.00 -19267.32 -19307.40 402.03 2927.62
46.00 15.00 -19267.32 -19339.65 402.03 2927.62
47.00 16.00 -19266.44 -19266.44 401.89 2915.23
48.00 16.00 -19266.44 -19389.54 401.89 2915.23
49.00 16.00 -19266.44 -19336.62 401.89 2915.23
50.00 16.00 -19266.44 -19422.73 401.89 2915.23
51.00 16.00 -19266.44 -19317.11 401.89 2915.23
52.00 16.00 -19266.44 -19350.99 401.89 2915.23
53.00 16.00 -19266.44 -19343.89 401.89 2915.23
54.00 16.00 -19266.44 -19316.62 401.89 2915.23
55.00 16.00 -19266.44 -19378.23 401.89 2915.23
56.00 16.00 -19266.44 -19313.90 401.89 2915.23
57.00 16.00 -19266.44 -19351.30 401.89 2915.23
58.00 16.00 -19266.44 -19338.11 401.89 2915.23
59.00 16.00 -19266.44 -19370.42 401.89 2915.23
60.00 16.00 -19266.44 -19311.90 401.89 2915.23
61.00 16.00 -19266.44 -19370.91 401.89 2915.23
62.00 16.00 -19266.44 -19348.38 401.89 2915.23
63.00 16.00 -19266.44 -19327.80 401.89 2915.23
64.00 16.00 -19266.44 -19341.44 401.89 2915.23
65.00 16.00 -19266.44 -19399.87 401.89 2915.23
66.00 16.00 -19266.44 -19375.27 401.89 2915.23
67.00 16.00 -19266.44 -19359.86 401.89 2915.23
68.00 16.00 -19266.44 -19297.99 401.89 2915.23
69.00 16.00 -19266.44 -19366.23 401.89 2915.23
70.00 16.00 -19266.44 -19372.79 401.89 2915.23
71.00 16.00 -19266.44 -19367.79 401.89 2915.23
72.00 16.00 -19266.44 -19348.97 401.89 2915.23
73.00 16.00 -19266.44 -19364.08 401.89 2915.23
74.00 16.00 -19266.44 -19318.54 401.89 2915.23
75.00 16.00 -19266.44 -19367.98 401.89 2915.23
76.00 16.00 -19266.44 -19328.74 401.89 2915.23
77.00 16.00 -19266.44 -19368.33 401.89 2915.23
78.00 16.00 -19266.44 -19378.58 401.89 2915.23
79.00 16.00 -19266.44 -19327.26 401.89 2915.23
80.00 16.00 -19266.44 -19351.47 401.89 2915.23
81.00 16.00 -19266.44 -19359.41 401.89 2915.23
82.00 16.00 -19266.44 -19385.00 401.89 2915.23
83.00 16.00 -19266.44 -19366.01 401.89 2915.23
84.00 16.00 -19266.44 -19349.60 401.89 2915.23
85.00 16.00 -19266.44 -19425.14 401.89 2915.23
86.00 16.00 -19266.44 -19308.88 401.89 2915.23
87.00 16.00 -19266.44 -19356.56 401.89 2915.23
88.00 16.00 -19266.44 -19316.75 401.89 2915.23
89.00 16.00 -19266.44 -19350.53 401.89 2915.23
90.00 16.00 -19266.44 -19393.95 401.89 2915.23
91.00 16.00 -19266.44 -19315.62 401.89 2915.23
92.00 16.00 -19266.44 -19361.38 401.89 2915.23
93.00 16.00 -19266.44 -19343.37 401.89 2915.23
94.00 16.00 -19266.44 -19378.80 401.89 2915.23
95.00 16.00 -19266.44 -19367.78 401.89 2915.23
96.00 16.00 -19266.44 -19384.85 401.89 2915.23
97.00 16.00 -19266.44 -19327.43 401.89 2915.23
98.00 16.00 -19266.44 -19357.53 401.89 2915.23
99.00 16.00 -19266.44 -19365.19 401.89 2915.23
100.00 16.00 -19266.44 -19359.12 401.89 2915.23
101.00 16.00 -19266.44 -19429.25 401.89 2915.23
102.00 16.00 -19266.44 -19395.45 401.89 2915.23
103.00 16.00 -19266.44 -19325.25 401.89 2915.23
104.00 16.00 -19266.44 -19397.74 401.89 2915.23
105.00 16.00 -19266.44 -19352.38 401.89 2915.23
106.00 16.00 -19266.44 -19363.23 401.89 2915.23
107.00 16.00 -19266.44 -19342.56 401.89 2915.23
108.00 16.00 -19266.44 -19354.86 401.89 2915.23
109.00 16.00 -19266.44 -19374.15 401.89 2915.23
110.00 16.00 -19266.44 -19415.32 401.89 2915.23
111.00 16.00 -19266.44 -19290.79 401.89 2915.23
112.00 16.00 -19266.44 -19344.35 401.89 2915.23
113.00 16.00 -19266.44 -19411.57 401.89 2915.23
114.00 16.00 -19266.44 -19356.90 401.89 2915.23
115.00 16.00 -19266.44 -19357.76 401.89 2915.23
116.00 16.00 -19266.44 -19275.83 401.89 2915.23
117.00 16.00 -19266.44 -19385.03 401.89 2915.23
118.00 16.00 -19266.44 -19396.10 401.89 2915.23
119.00 16.00 -19266.44 -19362.53 401.89 2915.23
120.00 16.00 -19266.44 -19403.05 401.89 2915.23
121.00 16.00 -19266.44 -19284.91 401.89 2915.23
122.00 16.00 -19266.44 -19356.42 401.89 2915.23
123.00 16.00 -19266.44 -19383.70 401.89 2915.23
124.00 16.00 -19266.44 -19323.69 401.89 2915.23
125.00 16.00 -19266.44 -19330.55 401.89 2915.23
126.00 16.00 -19266.44 -19324.54 401.89 2915.23
127.00 16.00 -19266.44 -19360.52 401.89 2915.23
