0.00 1.00 -16102.59 -16102.59 462.13 2976.82
1.00 2.00 -16084.57 -16084.57 458.24 2997.60
2.00 3.00 -15935.41 -15935.41 427.26 2985.79
3.00 3.00 -15935.41 -15980.34 427.26 2985.79
4.00 3.00 -15935.41 -15994.67 427.26 2985.79
5.00 3.00 -15935.41 -16001.23 427.26 2985.79
6.00 3.00 -15935.41 -16020.29 427.26 2985.79
7.00 3.00 -15935.41 -16000.73 427.26 2985.79
8.00 3.00 -15935.41 -15948.54 427.26 2985.79
9.00 3.00 -15935.41 -16006.44 427.26 2985.79
10.00 3.00 -15935.41 -16069.69 427.26 2985.79
11.00 4.00 -15902.09 -15902.09 420.64 2957.80
12.00 4.00 -15902.09 -15931.59 420.64 2957.80
13.00 4.00 -15902.09 -15956.71 420.64 2957.80
14.00 4.00 -15902.09 -15989.22 420.64 2957.80
15.00 4.00 -15902.09 -15990.50 420.64 2957.80
16.00 4.00 -15902.09 -15942.58 420.64 2957.80
17.00 4.00 -15902.09 -15927.52 420.64 2957.80
18.00 4.00 -15902.09 -15963.91 420.64 2957.80
19.00 4.00 -15902.09 -15986.42 420.64 2957.80
20.00 4.00 -15902.09 -15942.81 420.64 2957.80
21.00 4.00 -15902.09 -15934.33 420.64 2957.80
22.00 5.00 -15893.53 -15893.53 418.95 2953.28
23.00 5.00 -15893.53 -15940.93 418.95 2953.28
24.00 5.00 -15893.53 -16014.11 418.95 2953.28
25.00 5.00 -15893.53 -15986.08 418.95 2953.28
26.00 5.00 -15893.53 -15970.78 418.95 2953.28
27.00 5.00 -15893.53 -16043.53 418.95 2953.28
28.00 5.00 -15893.53 -15964.99 418.95 2953.28
29.00 5.00 -15893.53 -16005.62 418.95 2953.28
30.00 6.00 -15894.50 -15894.50 419.14 2953.86
31.00 7.00 -15876.24 -15876.24 415.57 2957.97
32.00 7.00 -15876.24 -15931.09 415.57 2957.97
33.00 7.00 -15876.24 -15898.17 415.57 2957.97
34.00 7.00 -15876.24 -15923.17 415.57 2957.97
35.00 7.00 -15876.24 -15905.93 415.57 2957.97
36.00 7.00 -15876.24 -16021.38 415.57 2957.97
37.00 7.00 -15876.24 -15877.14 415.57 2957.97
38.00 8.00 -15841.01 -15841.01 408.75 2981.08
39.00 8.00 -15841.01 -15898.34 408.75 2981.08
40.00 8.00 -15841.01 -15971.26 408.75 2981.08
41.00 9.00 -15829.22 -15829.22 406.50 2985.61
42.00 9.00 -15829.22 -15869.51 406.50 2985.61
43.00 9.00 -15829.22 -15867.03 406.50 2985.61
44.00 9.00 -15829.22 -15889.39 406.50 2985.61
45.00 9.00 -15829.22 -15881.03 406.50 2985.61
46.00 9.00 -15829.22 -15896.77 406.50 2985.61
47.00 9.00 -15829.22 -15851.98 406.50 2985.61
48.00 9.00 -15829.22 -15835.31 406.50 2985.61
49.00 9.00 -15829.22 -15853.67 406.50 2985.61
50.00 9.00 -15829.22 -15869.47 406.50 2985.61
51.00 9.00 -15829.22 -15891.45 406.50 2985.61
52.00 10.00 -15806.07 -15806.07 402.11 2979.94
53.00 10.00 -15806.07 -15909.41 402.11 2979.94
54.00 10.00 -15806.07 -15873.16 402.11 2979.94
55.00 10.00 -15806.07 -15862.79 402.11 2979.94
56.00 10.00 -15806.07 -15821.11 402.11 2979.94
57.00 10.00 -15806.07 -15904.74 402.11 2979.94
58.00 10.00 -15806.07 -15941.24 402.11 2979.94
59.00 10.00 -15806.07 -15858.17 402.11 2979.94
60.00 10.00 -15806.07 -15859.52 402.11 2979.94
61.00 10.00 -15806.07 -15884.11 402.11 2979.94
62.00 10.00 -15806.07 -15855.78 402.11 2979.94
63.00 10.00 -15806.07 -15820.65 402.11 2979.94
64.00 10.00 -15806.07 -15844.47 402.11 2979.94
65.00 10.00 -15806.07 -15852.07 402.11 2979.94
66.00 10.00 -15806.07 -15848.75 402.11 2979.94
67.00 10.00 -15806.07 -15840.22 402.11 2979.94
68.00 10.00 -15806.07 -15871.07 402.11 2979.94
69.00 10.00 -15806.07 -15850.22 402.11 2979.94
70.00 10.00 -15806.07 -15855.60 402.11 2979.94
71.00 10.00 -15806.07 -15878.61 402.11 2979.94
72.00 10.00 -15806.07 -15885.83 402.11 2979.94
73.00 10.00 -15806.07 -15819.29 402.11 2979.94
74.00 10.00 -15806.07 -15825.63 402.11 2979.94
75.00 10.00 -15806.07 -15838.39 402.11 2979.94
76.00 10.00 -15806.07 -15861.48 402.11 2979.94
77.00 10.00 -15806.07 -15822.19 402.11 2979.94
78.00 10.00 -15806.07 -15864.48 402.11 2979.94
79.00 10.00 -15806.07 -15834.43 402.11 2979.94
80.00 10.00 -15806.07 -15905.78 402.11 2979.94
81.00 11.00 -15782.90 -15782.90 397.76 2979.25
82.00 11.00 -15782.90 -15832.90 397.76 2979.25
83.00 11.00 -15782.90 -15849.11 397.76 2979.25
84.00 11.00 -15782.90 -15806.25 397.76 2979.25
85.00 11.00 -15782.90 -15868.76 397.76 2979.25
86.00 11.00 -15782.90 -15850.26 397.76 2979.25
87.00 11.00 -15782.90 -15801.07 397.76 2979.25
88.00 11.00 -15782.90 -15842.30 397.76 2979.25
89.00 11.00 -15782.90 -15888.00 397.76 2979.25
90.00 11.00 -15782.90 -15891.10 397.76 2979.25
91.00 11.00 -15782.90 -15868.36 397.76 2979.25
92.00 11.00 -15782.90 -15840.16 397.76 2979.25
93.00 11.00 -15782.90 -15857.16 397.76 2979.25
94.00 11.00 -15782.90 -15852.34 397.76 2979.25
95.00 11.00 -15782.90 -15854.03 397.76 2979.25
96.00 11.00 -15782.90 -15813.72 397.76 2979.25
97.00 11.00 -15782.90 -15838.29 397.76 2979.25
98.00 11.00 -15782.90 -15879.22 397.76 2979.25
99.00 11.00 -15782.90 -15856.67 397.76 2979.25
100.00 11.00 -15782.90 -15810.13 397.76 2979.25
101.00 11.00 -15782.90 -15869.08 397.76 2979.25
102.00 11.00 -15782.90 -15827.01 397.76 2979.25
103.00 11.00 -15782.90 -15835.14 397.76 2979.25
104.00 11.00 -15782.90 -15836.32 397.76 2979.25
105.00 11.00 -15782.90 -15899.91 397.76 2979.25
106.00 11.00 -15782.90 -15835.09 397.76 2979.25
107.00 11.00 -15782.90 -15849.07 397.76 2979.25
108.00 11.00 -15782.90 -15812.61 397.76 2979.25
109.00 11.00 -15782.90 -15895.14 397.76 2979.25
110.00 11.00 -15782.90 -15857.43 397.76 2979.25
111.00 11.00 -15782.90 -15855.14 397.76 2979.25
112.00 11.00 -15782.90 -15889.35 397.76 2979.25
113.00 11.00 -15782.90 -15838.05 397.76 2979.25
114.00 11.00 -15782.90 -15840.43 397.76 2979.25
115.00 11.00 -15782.90 -15853.27 397.76 2979.25
116.00 11.00 -15782.90 -15843.38 397.76 2979.25
117.00 11.00 -15782.90 -15895.27 397.76 2979.25
118.00 11.00 -15782.90 -15791.00 397.76 2979.25
119.00 11.00 -15782.90 -15903.45 397.76 2979.25
120.00 11.00 -15782.90 -15905.17 397.76 2979.25
121.00 11.00 -15782.90 -15866.44 397.76 2979.25
122.00 11.00 -15782.90 -15844.39 397.76 2979.25
123.00 11.00 -15782.90 -15886.36 397.76 2979.25
124.00 11.00 -15782.90 -15846.41 397.76 2979.25
125.00 11.00 -15782.90 -15834.48 397.76 2979.25
126.00 11.00 -15782.90 -15834.82 397.76 2979.25
127.00 11.00 -15782.90 -15817.94 397.76 2979.25
