0.00 1.00 -26217.21 -26217.21 436.21 2981.01
1.00 1.00 -26217.21 -26345.77 436.21 2981.01
2.00 1.00 -26217.21 -26315.59 436.21 2981.01
3.00 1.00 -26217.21 -26323.16 436.21 2981.01
4.00 2.00 -26180.17 -26180.17 431.61 2981.27
5.00 3.00 -26156.64 -26156.64 428.72 3030.57
6.00 4.00 -26061.53 -26061.53 417.21 3009.74
7.00 4.00 -26061.53 -26074.33 417.21 3009.74
8.00 4.00 -26061.53 -26185.14 417.21 3009.74
9.00 5.00 -26060.43 -26060.43 417.08 3009.25
10.00 6.00 -26017.78 -26017.78 412.03 2990.74
11.00 6.00 -26017.78 -26055.69 412.03 2990.74
12.00 6.00 -26017.78 -26119.51 412.03 2990.74
13.00 7.00 -25964.29 -25964.29 405.77 2991.65
14.00 8.00 -25956.76 -25956.76 404.90 2989.62
15.00 8.00 -25956.76 -26006.61 404.90 2989.62
16.00 8.00 -25956.76 -25995.36 404.90 2989.62
17.00 8.00 -25956.76 -26075.91 404.90 2989.62
18.00 8.00 -25956.76 -26092.02 404.90 2989.62
19.00 8.00 -25956.76 -26076.57 404.90 2989.62
20.00 8.00 -25956.76 -26073.84 404.90 2989.62
21.00 8.00 -25956.76 -26018.20 404.90 2989.62
22.00 8.00 -25956.76 -26049.16 404.90 2989.62
23.00 8.00 -25956.76 -26050.86 404.90 2989.62
24.00 8.00 -25956.76 -26127.42 404.90 2989.62
25.00 8.00 -25956.76 -26015.91 404.90 2989.62
26.00 8.00 -25956.76 -26068.64 404.90 2989.62
27.00 8.00 -25956.76 -26046.85 404.90 2989.62
28.00 8.00 -25956.76 -26023.57 404.90 2989.62
29.00 8.00 -25956.76 -26066.05 404.90 2989.62
30.00 8.00 -25956.76 -26064.50 404.90 2989.62
31.00 8.00 -25956.76 -26005.13 404.90 2989.62
32.00 8.00 -25956.76 -26094.12 404.90 2989.62
33.00 8.00 -25956.76 -26194.04 404.90 2989.62
34.00 8.00 -25956.76 -26051.04 404.90 2989.62
35.00 8.00 -25956.76 -26021.35 404.90 2989.62
36.00 8.00 -25956.76 -26062.45 404.90 2989.62
37.00 8.00 -25956.76 -26048.07 404.90 2989.62
38.00 8.00 -25956.76 -26048.71 404.90 2989.62
39.00 8.00 -25956.76 -26170.43 404.90 2989.62
40.00 8.00 -25956.76 -26061.08 404.90 2989.62
41.00 8.00 -25956.76 -26020.22 404.90 2989.62
42.00 8.00 -25956.76 -26058.78 404.90 2989.62
43.00 8.00 -25956.76 -26234.61 404.90 2989.62
44.00 8.00 -25956.76 -25970.58 404.90 2989.62
45.00 9.00 -25940.34 -25940.34 403.00 3001.20
46.00 9.00 -25940.34 -26009.35 403.00 3001.20
47.00 9.00 -25940.34 -26017.15 403.00 3001.20
48.00 9.00 -25940.34 -26176.10 403.00 3001.20
49.00 10.00 -25940.46 -25940.46 403.02 3018.91
50.00 10.00 -25940.46 -26020.80 403.02 3018.91
51.00 11.00 -25934.53 -25934.53 402.33 3001.48
52.00 12.00 -25904.22 -25904.22 398.86 3019.59
53.00 12.00 -25904.22 -25918.20 398.86 3019.59
54.00 12.00 -25904.22 -26048.20 398.86 3019.59
55.00 12.00 -25904.22 -25993.40 398.86 3019.59
56.00 12.00 -25904.22 -25974.56 398.86 3019.59
57.00 12.00 -25904.22 -25948.00 398.86 3019.59
58.00 12.00 -25904.22 -26013.31 398.86 3019.59
59.00 12.00 -25904.22 -25929.59 398.86 3019.59
60.00 12.00 -25904.22 -26063.11 398.86 3019.59
61.00 12.00 -25904.22 -26033.70 398.86 3019.59
62.00 12.00 -25904.22 -26028.34 398.86 3019.59
63.00 12.00 -25904.22 -25968.18 398.86 3019.59
64.00 12.00 -25904.22 -26038.96 398.86 3019.59
65.00 12.00 -25904.22 -26033.00 398.86 3019.59
66.00 12.00 -25904.22 -25951.08 398.86 3019.59
67.00 12.00 -25904.22 -26008.14 398.86 3019.59
68.00 12.00 -25904.22 -25905.29 398.86 3019.59
69.00 12.00 -25904.22 -26081.68 398.86 3019.59
70.00 12.00 -25904.22 -25930.04 398.86 3019.59
71.00 12.00 -25904.22 -26028.65 398.86 3019.59
72.00 12.00 -25904.22 -26041.47 398.86 3019.59
73.00 12.00 -25904.22 -26034.96 398.86 3019.59
74.00 12.00 -25904.22 -25976.14 398.86 3019.59
75.00 12.00 -25904.22 -25915.40 398.86 3019.59
76.00 12.00 -25904.22 -25953.91 398.86 3019.59
77.00 12.00 -25904.22 -25992.43 398.86 3019.59
78.00 12.00 -25904.22 -25977.95 398.86 3019.59
79.00 12.00 -25904.22 -26002.63 398.86 3019.59
80.00 12.00 -25904.22 -26006.66 398.86 3019.59
81.00 12.00 -25904.22 -25985.35 398.86 3019.59
82.00 13.00 -25858.85 -25858.85 393.72 3027.89
83.00 13.00 -25858.85 -25944.13 393.72 3027.89
84.00 13.00 -25858.85 -25989.02 393.72 3027.89
85.00 13.00 -25858.85 -25916.37 393.72 3027.89
86.00 13.00 -25858.85 -25888.68 393.72 3027.89
87.00 13.00 -25858.85 -25998.77 393.72 3027.89
88.00 13.00 -25858.85 -25874.70 393.72 3027.89
89.00 14.00 -25858.90 -25858.90 393.73 3054.45
90.00 15.00 -25844.03 -25844.03 392.06 3061.91
91.00 15.00 -25844.03 -25941.70 392.06 3061.91
92.00 15.00 -25844.03 -25969.58 392.06 3061.91
93.00 15.00 -25844.03 -25848.58 392.06 3061.91
94.00 15.00 -25844.03 -25969.97 392.06 3061.91
95.00 15.00 -25844.03 -25906.57 392.06 3061.91
96.00 15.00 -25844.03 -25957.55 392.06 3061.91
97.00 15.00 -25844.03 -25961.67 392.06 3061.91
98.00 15.00 -25844.03 -25950.60 392.06 3061.91
99.00 15.00 -25844.03 -26016.92 392.06 3061.91
100.00 15.00 -25844.03 -25971.50 392.06 3061.91
101.00 16.00 -25816.24 -25816.24 388.95 3091.29
102.00 16.00 -25816.24 -25826.20 388.95 3091.29
103.00 16.00 -25816.24 -25905.37 388.95 3091.29
104.00 16.00 -25816.24 -25939.30 388.95 3091.29
105.00 16.00 -25816.24 -25976.76 388.95 3091.29
106.00 16.00 -25816.24 -25835.26 388.95 3091.29
107.00 16.00 -25816.24 -25972.36 388.95 3091.29
108.00 16.00 -25816.24 -25950.02 388.95 3091.29
109.00 16.00 -25816.24 -25901.74 388.95 3091.29
110.00 16.00 -25816.24 -25953.87 388.95 3091.29
111.00 17.00 -25743.93 -25743.93 380.99 3056.91
112.00 17.00 -25743.93 -25989.60 380.99 3056.91
113.00 17.00 -25743.93 -26032.63 380.99 3056.91
114.00 17.00 -25743.93 -25799.71 380.99 3056.91
115.00 17.00 -25743.93 -25858.72 380.99 3056.91
116.00 17.00 -25743.93 -25897.81 380.99 3056.91
117.00 17.00 -25743.93 -25957.79 380.99 3056.91
118.00 17.00 -25743.93 -25999.17 380.99 3056.91
119.00 17.00 -25743.93 -25808.31 380.99 3056.91
120.00 17.00 -25743.93 -26000.50 380.99 3056.91
121.00 17.00 -25743.93 -25859.45 380.99 3056.91
122.00 17.00 -25743.93 -25985.49 380.99 3056.91
123.00 17.00 -25743.93 -26025.43 380.99 3056.91
124.00 17.00 -25743.93 -25951.08 380.99 3056.91
125.00 17.00 -25743.93 -25846.44 380.99 3056.91
126.00 17.00 -25743.93 -25937.60 380.99 3056.91
127.00 17.00 -25743.93 -25903.24 380.99 3056.91
