0.00 1.00 -13128.51 -13128.51 441.20 2999.69
1.00 2.00 -13108.67 -13108.67 436.22 2978.77
2.00 3.00 -13069.47 -13069.47 426.55 2963.97
3.00 3.00 -13069.47 -13110.93 426.55 2963.97
4.00 4.00 -13055.24 -13055.24 423.10 2962.61
5.00 4.00 -13055.24 -13131.01 423.10 2962.61
6.00 4.00 -13055.24 -13092.79 423.10 2962.61
7.00 4.00 -13055.24 -13094.52 423.10 2962.61
8.00 4.00 -13055.24 -13105.91 423.10 2962.61
9.00 4.00 -13055.24 -13083.94 423.10 2962.61
10.00 4.00 -13055.24 -13090.44 423.10 2962.61
11.00 4.00 -13055.24 -13078.14 423.10 2962.61
12.00 4.00 -13055.24 -13103.91 423.10 2962.61
13.00 4.00 -13055.24 -13098.02 423.10 2962.61
14.00 4.00 -13055.24 -13065.99 423.10 2962.61
15.00 4.00 -13055.24 -13077.22 423.10 2962.61
16.00 4.00 -13055.24 -13105.80 423.10 2962.61
17.00 4.00 -13055.24 -13115.54 423.10 2962.61
18.00 4.00 -13055.24 -13069.04 423.10 2962.61
19.00 5.00 -13051.29 -13051.29 422.14 2951.09
20.00 5.00 -13051.29 -13064.45 422.14 2951.09
21.00 6.00 -13027.96 -13027.96 416.55 3028.30
22.00 7.00 -13031.24 -13031.24 417.33 3026.77
23.00 7.00 -13031.24 -13033.94 417.33 3026.77
24.00 7.00 -13031.24 -13083.98 417.33 3026.77
25.00 7.00 -13031.24 -13084.86 417.33 3026.77
26.00 7.00 -13031.24 -13061.35 417.33 3026.77
27.00 7.00 -13031.24 -13036.23 417.33 3026.77
28.00 8.00 -13028.39 -13028.39 416.65 3002.20
29.00 8.00 -13028.39 -13085.50 416.65 3002.20
30.00 8.00 -13028.39 -13045.80 416.65 3002.20
31.00 9.00 -13017.13 -13017.13 413.97 2984.77
32.00 9.00 -13017.13 -13043.59 413.97 2984.77
33.00 9.00 -13017.13 -13031.15 413.97 2984.77
34.00 9.00 -13017.13 -13037.38 413.97 2984.77
35.00 9.00 -13017.13 -13027.19 413.97 2984.77
36.00 9.00 -13017.13 -13057.85 413.97 2984.77
37.00 9.00 -13017.13 -13068.56 413.97 2984.77
38.00 9.00 -13017.13 -13023.50 413.97 2984.77
39.00 9.00 -13017.13 -13026.82 413.97 2984.77
40.00 9.00 -13017.13 -13057.90 413.97 2984.77
41.00 9.00 -13017.13 -13023.97 413.97 2984.77
42.00 10.00 -13013.30 -13013.30 413.07 2943.20
43.00 10.00 -13013.30 -13068.07 413.07 2943.20
44.00 10.00 -13013.30 -13023.86 413.07 2943.20
45.00 10.00 -13013.30 -13047.27 413.07 2943.20
46.00 10.00 -13013.30 -13093.31 413.07 2943.20
47.00 10.00 -13013.30 -13032.18 413.07 2943.20
48.00 10.00 -13013.30 -13050.10 413.07 2943.20
49.00 10.00 -13013.30 -13031.56 413.07 2943.20
50.00 10.00 -13013.30 -13065.64 413.07 2943.20
51.00 10.00 -13013.30 -13030.27 413.07 2943.20
52.00 10.00 -13013.30 -13082.37 413.07 2943.20
53.00 10.00 -13013.30 -13041.34 413.07 2943.20
54.00 10.00 -13013.30 -13115.60 413.07 2943.20
55.00 10.00 -13013.30 -13054.34 413.07 2943.20
56.00 10.00 -13013.30 -13040.87 413.07 2943.20
57.00 10.00 -13013.30 -13039.64 413.07 2943.20
58.00 10.00 -13013.30 -13059.96 413.07 2943.20
59.00 10.00 -13013.30 -13101.62 413.07 2943.20
60.00 10.00 -13013.30 -13039.26 413.07 2943.20
61.00 10.00 -13013.30 -13016.53 413.07 2943.20
62.00 10.00 -13013.30 -13023.41 413.07 2943.20
63.00 10.00 -13013.30 -13068.24 413.07 2943.20
64.00 10.00 -13013.30 -13068.23 413.07 2943.20
65.00 10.00 -13013.30 -13031.43 413.07 2943.20
66.00 10.00 -13013.30 -13086.51 413.07 2943.20
67.00 10.00 -13013.30 -13041.31 413.07 2943.20
68.00 10.00 -13013.30 -13082.85 413.07 2943.20
69.00 10.00 -13013.30 -13040.84 413.07 2943.20
70.00 10.00 -13013.30 -13029.62 413.07 2943.20
71.00 11.00 -12994.64 -12994.64 408.68 2943.82
72.00 11.00 -12994.64 -13118.89 408.68 2943.82
73.00 11.00 -12994.64 -13026.72 408.68 2943.82
74.00 11.00 -12994.64 -13017.84 408.68 2943.82
75.00 11.00 -12994.64 -13013.86 408.68 2943.82
76.00 11.00 -12994.64 -13100.43 408.68 2943.82
77.00 11.00 -12994.64 -13020.29 408.68 2943.82
78.00 11.00 -12994.64 -13065.91 408.68 2943.82
79.00 11.00 -12994.64 -13043.61 408.68 2943.82
80.00 11.00 -12994.64 -13030.27 408.68 2943.82
81.00 11.00 -12994.64 -13041.28 408.68 2943.82
82.00 11.00 -12994.64 -13043.51 408.68 2943.82
83.00 11.00 -12994.64 -13065.72 408.68 2943.82
84.00 11.00 -12994.64 -13028.33 408.68 2943.82
85.00 11.00 -12994.64 -13016.35 408.68 2943.82
86.00 11.00 -12994.64 -13066.70 408.68 2943.82
87.00 11.00 -12994.64 -13045.29 408.68 2943.82
88.00 11.00 -12994.64 -13029.51 408.68 2943.82
89.00 11.00 -12994.64 -13105.55 408.68 2943.82
90.00 11.00 -12994.64 -13008.48 408.68 2943.82
91.00 11.00 -12994.64 -13043.97 408.68 2943.82
92.00 11.00 -12994.64 -13015.80 408.68 2943.82
93.00 11.00 -12994.64 -13037.18 408.68 2943.82
94.00 11.00 -12994.64 -13072.53 408.68 2943.82
95.00 11.00 -12994.64 -13021.78 408.68 2943.82
96.00 11.00 -12994.64 -13108.47 408.68 2943.82
97.00 11.00 -12994.64 -13139.26 408.68 2943.82
98.00 11.00 -12994.64 -13046.48 408.68 2943.82
99.00 11.00 -12994.64 -13026.15 408.68 2943.82
100.00 11.00 -12994.64 -13023.09 408.68 2943.82
101.00 11.00 -12994.64 -13066.50 408.68 2943.82
102.00 12.00 -12960.56 -12960.56 400.79 2916.20
103.00 12.00 -12960.56 -13073.72 400.79 2916.20
104.00 12.00 -12960.56 -13009.84 400.79 2916.20
105.00 12.00 -12960.56 -13027.82 400.79 2916.20
106.00 12.00 -12960.56 -13003.88 400.79 2916.20
107.00 12.00 -12960.56 -12985.16 400.79 2916.20
108.00 12.00 -12960.56 -13022.24 400.79 2916.20
109.00 12.00 -12960.56 -13120.56 400.79 2916.20
110.00 12.00 -12960.56 -13084.62 400.79 2916.20
111.00 12.00 -12960.56 -13018.74 400.79 2916.20
112.00 12.00 -12960.56 -13033.33 400.79 2916.20
113.00 12.00 -12960.56 -13006.82 400.79 2916.20
114.00 12.00 -12960.56 -13068.79 400.79 2916.20
115.00 12.00 -12960.56 -13019.62 400.79 2916.20
116.00 12.00 -12960.56 -13051.37 400.79 2916.20
117.00 12.00 -12960.56 -13048.41 400.79 2916.20
118.00 12.00 -12960.56 -13059.77 400.79 2916.20
119.00 12.00 -12960.56 -13069.18 400.79 2916.20
120.00 12.00 -12960.56 -13006.74 400.79 2916.20
121.00 12.00 -12960.56 -13114.70 400.79 2916.20
122.00 12.00 -12960.56 -13109.55 400.79 2916.20
123.00 12.00 -12960.56 -13015.70 400.79 2916.20
