0.00 1.00 -23740.08 -23740.08 435.46 2976.25
1.00 2.00 -23606.67 -23606.67 417.49 2945.50
2.00 2.00 -23606.67 -23679.66 417.49 2945.50
3.00 2.00 -23606.67 -23730.81 417.49 2945.50
4.00 2.00 -23606.67 -23636.37 417.49 2945.50
5.00 2.00 -23606.67 -23678.70 417.49 2945.50
6.00 2.00 -23606.67 -23810.95 417.49 2945.50
7.00 2.00 -23606.67 -23643.68 417.49 2945.50
8.00 2.00 -23606.67 -23684.45 417.49 2945.50
9.00 2.00 -23606.67 -23640.53 417.49 2945.50
10.00 2.00 -23606.67 -23722.20 417.49 2945.50
11.00 2.00 -23606.67 -23684.01 417.49 2945.50
12.00 3.00 -23554.39 -23554.39 410.66 2975.87
13.00 3.00 -23554.39 -23634.70 410.66 2975.87
14.00 3.00 -23554.39 -23645.82 410.66 2975.87
15.00 3.00 -23554.39 -23569.27 410.66 2975.87
16.00 3.00 -23554.39 -23578.82 410.66 2975.87
17.00 3.00 -23554.39 -23619.06 410.66 2975.87
18.00 3.00 -23554.39 -23607.16 410.66 2975.87
19.00 3.00 -23554.39 -23574.89 410.66 2975.87
20.00 3.00 -23554.39 -23578.87 410.66 2975.87
21.00 3.00 -23554.39 -23610.49 410.66 2975.87
22.00 3.00 -23554.39 -23572.86 410.66 2975.87
23.00 3.00 -23554.39 -23623.43 410.66 2975.87
24.00 4.00 -23552.59 -23552.59 410.43 2956.15
25.00 4.00 -23552.59 -23593.82 410.43 2956.15
26.00 5.00 -23481.79 -23481.79 401.35 2962.34
27.00 5.00 -23481.79 -23608.44 401.35 2962.34
28.00 5.00 -23481.79 -23520.19 401.35 2962.34
29.00 5.00 -23481.79 -23617.03 401.35 2962.34
30.00 5.00 -23481.79 -23573.32 401.35 2962.34
31.00 5.00 -23481.79 -23545.20 401.35 2962.34
32.00 5.00 -23481.79 -23565.36 401.35 2962.34
33.00 5.00 -23481.79 -23547.05 401.35 2962.34
34.00 5.00 -23481.79 -23532.55 401.35 2962.34
35.00 5.00 -23481.79 -23566.65 401.35 2962.34
36.00 5.00 -23481.79 -23496.56 401.35 2962.34
37.00 5.00 -23481.79 -23490.37 401.35 2962.34
38.00 5.00 -23481.79 -23574.43 401.35 2962.34
39.00 5.00 -23481.79 -23569.50 401.35 2962.34
40.00 5.00 -23481.79 -23624.99 401.35 2962.34
41.00 5.00 -23481.79 -23621.81 401.35 2962.34
42.00 5.00 -23481.79 -23590.19 401.35 2962.34
43.00 6.00 -23409.61 -23409.61 392.31 2967.19
44.00 6.00 -23409.61 -23545.48 392.31 2967.19
45.00 6.00 -23409.61 -23554.28 392.31 2967.19
46.00 6.00 -23409.61 -23568.53 392.31 2967.19
47.00 6.00 -23409.61 -23517.00 392.31 2967.19
48.00 6.00 -23409.61 -23509.42 392.31 2967.19
49.00 6.00 -23409.61 -23568.08 392.31 2967.19
50.00 6.00 -23409.61 -23491.39 392.31 2967.19
51.00 6.00 -23409.61 -23492.43 392.31 2967.19
52.00 6.00 -23409.61 -23594.89 392.31 2967.19
53.00 6.00 -23409.61 -23567.37 392.31 2967.19
54.00 6.00 -23409.61 -23543.88 392.31 2967.19
55.00 6.00 -23409.61 -23602.65 392.31 2967.19
56.00 6.00 -23409.61 -23526.69 392.31 2967.19
57.00 6.00 -23409.61 -23576.28 392.31 2967.19
58.00 6.00 -23409.61 -23544.00 392.31 2967.19
59.00 6.00 -23409.61 -23514.67 392.31 2967.19
60.00 6.00 -23409.61 -23481.87 392.31 2967.19
61.00 6.00 -23409.61 -23556.11 392.31 2967.19
62.00 6.00 -23409.61 -23494.71 392.31 2967.19
63.00 6.00 -23409.61 -23483.40 392.31 2967.19
64.00 7.00 -23367.98 -23367.98 387.19 2923.00
65.00 7.00 -23367.98 -23512.97 387.19 2923.00
66.00 7.00 -23367.98 -23498.76 387.19 2923.00
67.00 7.00 -23367.98 -23452.05 387.19 2923.00
68.00 7.00 -23367.98 -23572.36 387.19 2923.00
69.00 7.00 -23367.98 -23556.23 387.19 2923.00
70.00 7.00 -23367.98 -23500.59 387.19 2923.00
71.00 7.00 -23367.98 -23402.55 387.19 2923.00
72.00 7.00 -23367.98 -23503.06 387.19 2923.00
73.00 8.00 -23367.04 -23367.04 387.07 2919.37
74.00 8.00 -23367.04 -23491.74 387.07 2919.37
75.00 8.00 -23367.04 -23575.16 387.07 2919.37
76.00 8.00 -23367.04 -23455.14 387.07 2919.37
77.00 8.00 -23367.04 -23469.77 387.07 2919.37
78.00 8.00 -23367.04 -23459.45 387.07 2919.37
79.00 8.00 -23367.04 -23439.38 387.07 2919.37
80.00 8.00 -23367.04 -23557.84 387.07 2919.37
81.00 8.00 -23367.04 -23537.96 387.07 2919.37
82.00 8.00 -23367.04 -23472.25 387.07 2919.37
83.00 8.00 -23367.04 -23387.88 387.07 2919.37
84.00 8.00 -23367.04 -23565.26 387.07 2919.37
85.00 8.00 -23367.04 -23550.28 387.07 2919.37
86.00 9.00 -23366.71 -23366.71 387.03 2940.68
87.00 9.00 -23366.71 -23489.99 387.03 2940.68
88.00 9.00 -23366.71 -23503.65 387.03 2940.68
89.00 9.00 -23366.71 -23515.89 387.03 2940.68
90.00 9.00 -23366.71 -23623.08 387.03 2940.68
91.00 9.00 -23366.71 -23526.51 387.03 2940.68
92.00 9.00 -23366.71 -23445.90 387.03 2940.68
93.00 9.00 -23366.71 -23421.63 387.03 2940.68
94.00 9.00 -23366.71 -23539.72 387.03 2940.68
95.00 9.00 -23366.71 -23467.01 387.03 2940.68
96.00 9.00 -23366.71 -23604.86 387.03 2940.68
97.00 9.00 -23366.71 -23606.31 387.03 2940.68
98.00 9.00 -23366.71 -23589.42 387.03 2940.68
99.00 9.00 -23366.71 -23447.21 387.03 2940.68
100.00 9.00 -23366.71 -23557.83 387.03 2940.68
101.00 9.00 -23366.71 -23539.26 387.03 2940.68
102.00 10.00 -23350.60 -23350.60 385.07 2938.30
103.00 10.00 -23350.60 -23500.08 385.07 2938.30
104.00 10.00 -23350.60 -23422.13 385.07 2938.30
105.00 10.00 -23350.60 -23458.50 385.07 2938.30
106.00 10.00 -23350.60 -23563.03 385.07 2938.30
107.00 10.00 -23350.60 -23407.04 385.07 2938.30
108.00 10.00 -23350.60 -23461.64 385.07 2938.30
109.00 10.00 -23350.60 -23451.23 385.07 2938.30
110.00 10.00 -23350.60 -23441.40 385.07 2938.30
111.00 10.00 -23350.60 -23599.60 385.07 2938.30
112.00 10.00 -23350.60 -23490.40 385.07 2938.30
113.00 11.00 -23310.31 -23310.31 380.20 2946.13
114.00 11.00 -23310.31 -23603.25 380.20 2946.13
115.00 11.00 -23310.31 -23511.01 380.20 2946.13
116.00 11.00 -23310.31 -23502.48 380.20 2946.13
117.00 11.00 -23310.31 -23503.03 380.20 2946.13
118.00 11.00 -23310.31 -23435.61 380.20 2946.13
119.00 11.00 -23310.31 -23538.65 380.20 2946.13
120.00 11.00 -23310.31 -23419.51 380.20 2946.13
121.00 11.00 -23310.31 -23529.36 380.20 2946.13
122.00 11.00 -23310.31 -23494.02 380.20 2946.13
123.00 11.00 -23310.31 -23524.58 380.20 2946.13
124.00 11.00 -23310.31 -23511.72 380.20 2946.13
125.00 11.00 -23310.31 -23603.34 380.20 2946.13
126.00 11.00 -23310.31 -23583.11 380.20 2946.13
