0.00 1.00 -17742.37 -17742.37 455.05 2961.71
1.00 2.00 -17734.80 -17734.80 453.58 2961.39
2.00 3.00 -17674.27 -17674.27 442.07 2972.16
3.00 3.00 -17674.27 -17765.80 442.07 2972.16
4.00 4.00 -17659.48 -17659.48 439.30 2966.09
5.00 4.00 -17659.48 -17691.11 439.30 2966.09
6.00 4.00 -17659.48 -17693.67 439.30 2966.09
7.00 4.00 -17659.48 -17669.83 439.30 2966.09
8.00 4.00 -17659.48 -17674.95 439.30 2966.09
9.00 5.00 -17625.15 -17625.15 432.93 2983.17
10.00 5.00 -17625.15 -17633.04 432.93 2983.17
11.00 6.00 -17623.26 -17623.26 432.59 2993.02
12.00 7.00 -17612.96 -17612.96 430.70 2996.05
13.00 8.00 -17583.83 -17583.83 425.40 2988.22
14.00 8.00 -17583.83 -17588.39 425.40 2988.22
15.00 8.00 -17583.83 -17596.43 425.40 2988.22
16.00 9.00 -17560.95 -17560.95 421.28 3003.83
17.00 9.00 -17560.95 -17576.29 421.28 3003.83
18.00 9.00 -17560.95 -17577.08 421.28 3003.83
19.00 9.00 -17560.95 -17591.48 421.28 3003.83
20.00 9.00 -17560.95 -17592.32 421.28 3003.83
21.00 9.00 -17560.95 -17617.29 421.28 3003.83
22.00 9.00 -17560.95 -17586.93 421.28 3003.83
23.00 9.00 -17560.95 -17581.97 421.28 3003.83
24.00 9.00 -17560.95 -17589.29 421.28 3003.83
25.00 9.00 -17560.95 -17584.48 421.28 3003.83
26.00 9.00 -17560.95 -17597.32 421.28 3003.83
27.00 9.00 -17560.95 -17619.09 421.28 3003.83
28.00 9.00 -17560.95 -17579.04 421.28 3003.83
29.00 9.00 -17560.95 -17578.24 421.28 3003.83
30.00 10.00 -17553.70 -17553.70 419.99 2996.96
31.00 10.00 -17553.70 -17579.89 419.99 2996.96
32.00 11.00 -17532.28 -17532.28 416.18 2980.67
33.00 11.00 -17532.28 -17640.61 416.18 2980.67
34.00 11.00 -17532.28 -17677.41 416.18 2980.67
35.00 11.00 -17532.28 -17631.02 416.18 2980.67
36.00 11.00 -17532.28 -17632.64 416.18 2980.67
37.00 11.00 -17532.28 -17617.59 416.18 2980.67
38.00 11.00 -17532.28 -17535.92 416.18 2980.67
39.00 11.00 -17532.28 -17655.74 416.18 2980.67
40.00 11.00 -17532.28 -17553.11 416.18 2980.67
41.00 11.00 -17532.28 -17550.04 416.18 2980.67
42.00 11.00 -17532.28 -17615.87 416.18 2980.67
43.00 11.00 -17532.28 -17672.87 416.18 2980.67
44.00 12.00 -17519.22 -17519.22 413.88 2980.04
45.00 12.00 -17519.22 -17641.35 413.88 2980.04
46.00 13.00 -17493.45 -17493.45 409.37 2983.05
47.00 13.00 -17493.45 -17557.04 409.37 2983.05
48.00 13.00 -17493.45 -17562.21 409.37 2983.05
49.00 13.00 -17493.45 -17552.36 409.37 2983.05
50.00 13.00 -17493.45 -17569.13 409.37 2983.05
51.00 13.00 -17493.45 -17550.40 409.37 2983.05
52.00 13.00 -17493.45 -17539.42 409.37 2983.05
53.00 13.00 -17493.45 -17597.98 409.37 2983.05
54.00 13.00 -17493.45 -17654.01 409.37 2983.05
55.00 13.00 -17493.45 -17590.46 409.37 2983.05
56.00 13.00 -17493.45 -17558.18 409.37 2983.05
57.00 13.00 -17493.45 -17518.06 409.37 2983.05
58.00 13.00 -17493.45 -17593.10 409.37 2983.05
59.00 13.00 -17493.45 -17621.80 409.37 2983.05
60.00 13.00 -17493.45 -17556.67 409.37 2983.05
61.00 13.00 -17493.45 -17534.31 409.37 2983.05
62.00 13.00 -17493.45 -17550.43 409.37 2983.05
63.00 13.00 -17493.45 -17526.25 409.37 2983.05
64.00 13.00 -17493.45 -17542.17 409.37 2983.05
65.00 13.00 -17493.45 -17541.00 409.37 2983.05
66.00 13.00 -17493.45 -17539.16 409.37 2983.05
67.00 13.00 -17493.45 -17553.41 409.37 2983.05
68.00 13.00 -17493.45 -17611.21 409.37 2983.05
69.00 13.00 -17493.45 -17538.96 409.37 2983.05
70.00 13.00 -17493.45 -17519.89 409.37 2983.05
71.00 13.00 -17493.45 -17562.91 409.37 2983.05
72.00 13.00 -17493.45 -17546.00 409.37 2983.05
73.00 13.00 -17493.45 -17571.31 409.37 2983.05
74.00 13.00 -17493.45 -17570.53 409.37 2983.05
75.00 13.00 -17493.45 -17522.19 409.37 2983.05
76.00 13.00 -17493.45 -17556.86 409.37 2983.05
77.00 13.00 -17493.45 -17586.24 409.37 2983.05
78.00 13.00 -17493.45 -17597.26 409.37 2983.05
79.00 13.00 -17493.45 -17545.70 409.37 2983.05
80.00 13.00 -17493.45 -17550.43 409.37 2983.05
81.00 13.00 -17493.45 -17569.20 409.37 2983.05
82.00 13.00 -17493.45 -17662.14 409.37 2983.05
83.00 13.00 -17493.45 -17706.46 409.37 2983.05
84.00 13.00 -17493.45 -17565.78 409.37 2983.05
85.00 13.00 -17493.45 -17536.12 409.37 2983.05
86.00 13.00 -17493.45 -17579.09 409.37 2983.05
87.00 13.00 -17493.45 -17568.52 409.37 2983.05
88.00 13.00 -17493.45 -17644.78 409.37 2983.05
89.00 13.00 -17493.45 -17530.57 409.37 2983.05
90.00 13.00 -17493.45 -17585.69 409.37 2983.05
91.00 13.00 -17493.45 -17541.88 409.37 2983.05
92.00 13.00 -17493.45 -17567.55 409.37 2983.05
93.00 13.00 -17493.45 -17545.52 409.37 2983.05
94.00 13.00 -17493.45 -17525.01 409.37 2983.05
95.00 13.00 -17493.45 -17686.60 409.37 2983.05
96.00 13.00 -17493.45 -17551.39 409.37 2983.05
97.00 13.00 -17493.45 -17546.63 409.37 2983.05
98.00 13.00 -17493.45 -17585.81 409.37 2983.05
99.00 13.00 -17493.45 -17548.20 409.37 2983.05
100.00 13.00 -17493.45 -17591.59 409.37 2983.05
101.00 13.00 -17493.45 -17567.55 409.37 2983.05
102.00 13.00 -17493.45 -17589.88 409.37 2983.05
103.00 13.00 -17493.45 -17565.27 409.37 2983.05
104.00 13.00 -17493.45 -17538.75 409.37 2983.05
105.00 13.00 -17493.45 -17560.10 409.37 2983.05
106.00 13.00 -17493.45 -17526.49 409.37 2983.05
107.00 13.00 -17493.45 -17596.93 409.37 2983.05
108.00 13.00 -17493.45 -17567.16 409.37 2983.05
109.00 13.00 -17493.45 -17614.76 409.37 2983.05
110.00 13.00 -17493.45 -17523.12 409.37 2983.05
111.00 13.00 -17493.45 -17525.28 409.37 2983.05
112.00 13.00 -17493.45 -17564.68 409.37 2983.05
113.00 13.00 -17493.45 -17538.19 409.37 2983.05
114.00 13.00 -17493.45 -17719.83 409.37 2983.05
115.00 13.00 -17493.45 -17607.62 409.37 2983.05
116.00 13.00 -17493.45 -17553.97 409.37 2983.05
117.00 13.00 -17493.45 -17590.32 409.37 2983.05
118.00 13.00 -17493.45 -17608.23 409.37 2983.05
119.00 13.00 -17493.45 -17640.44 409.37 2983.05
120.00 13.00 -17493.45 -17513.72 409.37 2983.05
121.00 13.00 -17493.45 -17586.59 409.37 2983.05
122.00 13.00 -17493.45 -17715.33 409.37 2983.05
123.00 13.00 -17493.45 -17554.55 409.37 2983.05
