0.00 1.00 -21521.30 -21521.30 438.40 2960.81
1.00 1.00 -21521.30 -21589.35 438.40 2960.81
2.00 1.00 -21521.30 -21525.71 438.40 2960.81
3.00 1.00 -21521.30 -21550.94 438.40 2960.81
4.00 1.00 -21521.30 -21558.91 438.40 2960.81
5.00 1.00 -21521.30 -21567.17 438.40 2960.81
6.00 1.00 -21521.30 -21528.54 438.40 2960.81
7.00 1.00 -21521.30 -21541.52 438.40 2960.81
8.00 1.00 -21521.30 -21585.98 438.40 2960.81
9.00 1.00 -21521.30 -21644.79 438.40 2960.81
10.00 1.00 -21521.30 -21650.56 438.40 2960.81
11.00 1.00 -21521.30 -21543.18 438.40 2960.81
12.00 1.00 -21521.30 -21632.99 438.40 2960.81
13.00 1.00 -21521.30 -21595.45 438.40 2960.81
14.00 1.00 -21521.30 -21545.33 438.40 2960.81
15.00 1.00 -21521.30 -21576.99 438.40 2960.81
16.00 2.00 -21469.09 -21469.09 430.50 2983.68
17.00 2.00 -21469.09 -21562.82 430.50 2983.68
18.00 2.00 -21469.09 -21505.70 430.50 2983.68
19.00 2.00 -21469.09 -21510.76 430.50 2983.68
20.00 2.00 -21469.09 -21581.57 430.50 2983.68
21.00 2.00 -21469.09 -21607.39 430.50 2983.68
22.00 2.00 -21469.09 -21527.06 430.50 2983.68
23.00 2.00 -21469.09 -21609.02 430.50 2983.68
24.00 2.00 -21469.09 -21521.87 430.50 2983.68
25.00 2.00 -21469.09 -21557.48 430.50 2983.68
26.00 2.00 -21469.09 -21618.57 430.50 2983.68
27.00 2.00 -21469.09 -21490.26 430.50 2983.68
28.00 3.00 -21420.04 -21420.04 423.20 2971.97
29.00 4.00 -21383.01 -21383.01 417.77 2937.76
30.00 4.00 -21383.01 -21397.93 417.77 2937.76
31.00 4.00 -21383.01 -21409.26 417.77 2937.76
32.00 4.00 -21383.01 -21464.86 417.77 2937.76
33.00 4.00 -21383.01 -21467.51 417.77 2937.76
34.00 4.00 -21383.01 -21438.36 417.77 2937.76
35.00 4.00 -21383.01 -21511.28 417.77 2937.76
36.00 4.00 -21383.01 -21459.60 417.77 2937.76
37.00 4.00 -21383.01 -21488.14 417.77 2937.76
38.00 4.00 -21383.01 -21464.49 417.77 2937.76
39.00 5.00 -21380.14 -21380.14 417.35 2932.80
40.00 6.00 -21328.77 -21328.77 409.94 2932.32
41.00 6.00 -21328.77 -21415.73 409.94 2932.32
42.00 6.00 -21328.77 -21387.52 409.94 2932.32
43.00 6.00 -21328.77 -21440.82 409.94 2932.32
44.00 6.00 -21328.77 -21439.70 409.94 2932.32
45.00 6.00 -21328.77 -21389.49 409.94 2932.32
46.00 6.00 -21328.77 -21429.62 409.94 2932.32
47.00 6.00 -21328.77 -21427.51 409.94 2932.32
48.00 6.00 -21328.77 -21569.58 409.94 2932.32
49.00 7.00 -21320.73 -21320.73 408.80 2959.00
50.00 7.00 -21320.73 -21359.44 408.80 2959.00
51.00 7.00 -21320.73 -21381.77 408.80 2959.00
52.00 7.00 -21320.73 -21368.90 408.80 2959.00
53.00 7.00 -21320.73 -21379.67 408.80 2959.00
54.00 8.00 -21309.79 -21309.79 407.24 2969.78
55.00 8.00 -21309.79 -21409.65 407.24 2969.78
56.00 9.00 -21266.37 -21266.37 401.12 2957.46
57.00 9.00 -21266.37 -21296.84 401.12 2957.46
58.00 9.00 -21266.37 -21390.70 401.12 2957.46
59.00 9.00 -21266.37 -21333.33 401.12 2957.46
60.00 9.00 -21266.37 -21301.82 401.12 2957.46
61.00 9.00 -21266.37 -21305.10 401.12 2957.46
62.00 9.00 -21266.37 -21346.73 401.12 2957.46
63.00 9.00 -21266.37 -21375.36 401.12 2957.46
64.00 9.00 -21266.37 -21306.51 401.12 2957.46
65.00 9.00 -21266.37 -21360.04 401.12 2957.46
66.00 9.00 -21266.37 -21340.35 401.12 2957.46
67.00 9.00 -21266.37 -21377.56 401.12 2957.46
68.00 9.00 -21266.37 -21308.54 401.12 2957.46
69.00 9.00 -21266.37 -21375.63 401.12 2957.46
70.00 9.00 -21266.37 -21382.15 401.12 2957.46
71.00 9.00 -21266.37 -21419.19 401.12 2957.46
72.00 10.00 -21252.16 -21252.16 399.14 2932.06
73.00 10.00 -21252.16 -21294.14 399.14 2932.06
74.00 10.00 -21252.16 -21337.02 399.14 2932.06
75.00 10.00 -21252.16 -21264.35 399.14 2932.06
76.00 10.00 -21252.16 -21380.67 399.14 2932.06
77.00 10.00 -21252.16 -21392.34 399.14 2932.06
78.00 10.00 -21252.16 -21262.53 399.14 2932.06
79.00 10.00 -21252.16 -21284.80 399.14 2932.06
80.00 11.00 -21178.19 -21178.19 388.98 2952.00
81.00 11.00 -21178.19 -21299.83 388.98 2952.00
82.00 11.00 -21178.19 -21432.13 388.98 2952.00
83.00 11.00 -21178.19 -21322.90 388.98 2952.00
84.00 11.00 -21178.19 -21264.49 388.98 2952.00
85.00 11.00 -21178.19 -21414.18 388.98 2952.00
86.00 11.00 -21178.19 -21326.62 388.98 2952.00
87.00 11.00 -21178.19 -21282.55 388.98 2952.00
88.00 11.00 -21178.19 -21314.38 388.98 2952.00
89.00 11.00 -21178.19 -21450.87 388.98 2952.00
90.00 11.00 -21178.19 -21280.53 388.98 2952.00
91.00 11.00 -21178.19 -21206.97 388.98 2952.00
92.00 11.00 -21178.19 -21330.14 388.98 2952.00
93.00 11.00 -21178.19 -21400.29 388.98 2952.00
94.00 11.00 -21178.19 -21262.75 388.98 2952.00
95.00 11.00 -21178.19 -21214.01 388.98 2952.00
96.00 11.00 -21178.19 -21299.83 388.98 2952.00
97.00 11.00 -21178.19 -21292.43 388.98 2952.00
98.00 11.00 -21178.19 -21270.07 388.98 2952.00
99.00 11.00 -21178.19 -21290.53 388.98 2952.00
100.00 11.00 -21178.19 -21383.74 388.98 2952.00
101.00 11.00 -21178.19 -21324.35 388.98 2952.00
102.00 11.00 -21178.19 -21278.32 388.98 2952.00
103.00 11.00 -21178.19 -21354.05 388.98 2952.00
104.00 11.00 -21178.19 -21265.30 388.98 2952.00
105.00 11.00 -21178.19 -21250.59 388.98 2952.00
106.00 11.00 -21178.19 -21301.98 388.98 2952.00
107.00 11.00 -21178.19 -21338.81 388.98 2952.00
108.00 11.00 -21178.19 -21288.74 388.98 2952.00
109.00 11.00 -21178.19 -21270.67 388.98 2952.00
110.00 11.00 -21178.19 -21266.67 388.98 2952.00
111.00 11.00 -21178.19 -21325.57 388.98 2952.00
112.00 11.00 -21178.19 -21318.14 388.98 2952.00
113.00 11.00 -21178.19 -21312.33 388.98 2952.00
114.00 11.00 -21178.19 -21289.39 388.98 2952.00
115.00 11.00 -21178.19 -21395.45 388.98 2952.00
116.00 11.00 -21178.19 -21309.53 388.98 2952.00
117.00 11.00 -21178.19 -21360.94 388.98 2952.00
118.00 11.00 -21178.19 -21255.25 388.98 2952.00
119.00 11.00 -21178.19 -21231.15 388.98 2952.00
120.00 11.00 -21178.19 -21232.03 388.98 2952.00
121.00 11.00 -21178.19 -21303.49 388.98 2952.00
122.00 11.00 -21178.19 -21314.63 388.98 2952.00
123.00 11.00 -21178.19 -21377.51 388.98 2952.00
124.00 11.00 -21178.19 -21327.86 388.98 2952.00
125.00 11.00 -21178.19 -21249.47 388.98 2952.00
