0.00 1.00 -14524.70 -14524.70 448.03 2948.96
1.00 2.00 -14467.11 -14467.11 434.86 2936.77
2.00 2.00 -14467.11 -14504.31 434.86 2936.77
3.00 2.00 -14467.11 -14498.79 434.86 2936.77
4.00 2.00 -14467.11 -14488.81 434.86 2936.77
5.00 2.00 -14467.11 -14559.30 434.86 2936.77
6.00 2.00 -14467.11 -14527.67 434.86 2936.77
7.00 2.00 -14467.11 -14501.22 434.86 2936.77
8.00 3.00 -14428.52 -14428.52 426.26 2954.04
9.00 3.00 -14428.52 -14476.34 426.26 2954.04
10.00 3.00 -14428.52 -14434.69 426.26 2954.04
11.00 4.00 -14422.13 -14422.13 424.85 2953.56
12.00 4.00 -14422.13 -14430.84 424.85 2953.56
13.00 4.00 -14422.13 -14440.10 424.85 2953.56
14.00 5.00 -14406.12 -14406.12 421.34 2943.63
15.00 5.00 -14406.12 -14413.45 421.34 2943.63
16.00 6.00 -14395.60 -14395.60 419.05 2966.73
17.00 6.00 -14395.60 -14404.52 419.05 2966.73
18.00 7.00 -14305.62 -14305.62 399.97 2979.93
19.00 7.00 -14305.62 -14380.77 399.97 2979.93
20.00 7.00 -14305.62 -14315.74 399.97 2979.93
21.00 7.00 -14305.62 -14402.18 399.97 2979.93
22.00 7.00 -14305.62 -14355.16 399.97 2979.93
23.00 7.00 -14305.62 -14378.44 399.97 2979.93
24.00 7.00 -14305.62 -14363.05 399.97 2979.93
25.00 7.00 -14305.62 -14373.64 399.97 2979.93
26.00 7.00 -14305.62 -14390.53 399.97 2979.93
27.00 7.00 -14305.62 -14347.71 399.97 2979.93
28.00 7.00 -14305.62 -14320.12 399.97 2979.93
29.00 7.00 -14305.62 -14374.65 399.97 2979.93
30.00 7.00 -14305.62 -14398.19 399.97 2979.93
31.00 7.00 -14305.62 -14410.46 399.97 2979.93
32.00 7.00 -14305.62 -14348.35 399.97 2979.93
33.00 7.00 -14305.62 -14383.41 399.97 2979.93
34.00 7.00 -14305.62 -14409.43 399.97 2979.93
35.00 7.00 -14305.62 -14361.86 399.97 2979.93
36.00 7.00 -14305.62 -14391.80 399.97 2979.93
37.00 7.00 -14305.62 -14380.90 399.97 2979.93
38.00 7.00 -14305.62 -14377.51 399.97 2979.93
39.00 7.00 -14305.62 -14421.62 399.97 2979.93
40.00 7.00 -14305.62 -14370.31 399.97 2979.93
41.00 7.00 -14305.62 -14358.12 399.97 2979.93
42.00 7.00 -14305.62 -14419.88 399.97 2979.93
43.00 7.00 -14305.62 -14342.25 399.97 2979.93
44.00 7.00 -14305.62 -14393.16 399.97 2979.93
45.00 7.00 -14305.62 -14337.44 399.97 2979.93
46.00 7.00 -14305.62 -14323.12 399.97 2979.93
47.00 7.00 -14305.62 -14388.92 399.97 2979.93
48.00 7.00 -14305.62 -14393.05 399.97 2979.93
49.00 7.00 -14305.62 -14401.22 399.97 2979.93
50.00 7.00 -14305.62 -14433.81 399.97 2979.93
51.00 7.00 -14305.62 -14371.96 399.97 2979.93
52.00 7.00 -14305.62 -14324.35 399.97 2979.93
53.00 7.00 -14305.62 -14375.08 399.97 2979.93
54.00 7.00 -14305.62 -14339.32 399.97 2979.93
55.00 7.00 -14305.62 -14325.43 399.97 2979.93
56.00 7.00 -14305.62 -14339.07 399.97 2979.93
57.00 7.00 -14305.62 -14376.88 399.97 2979.93
58.00 7.00 -14305.62 -14367.54 399.97 2979.93
59.00 7.00 -14305.62 -14379.22 399.97 2979.93
60.00 7.00 -14305.62 -14423.08 399.97 2979.93
61.00 7.00 -14305.62 -14358.08 399.97 2979.93
62.00 7.00 -14305.62 -14374.49 399.97 2979.93
63.00 7.00 -14305.62 -14374.18 399.97 2979.93
64.00 7.00 -14305.62 -14370.29 399.97 2979.93
65.00 7.00 -14305.62 -14395.39 399.97 2979.93
66.00 7.00 -14305.62 -14383.36 399.97 2979.93
67.00 7.00 -14305.62 -14411.06 399.97 2979.93
68.00 7.00 -14305.62 -14413.38 399.97 2979.93
69.00 7.00 -14305.62 -14363.74 399.97 2979.93
70.00 7.00 -14305.62 -14385.05 399.97 2979.93
71.00 7.00 -14305.62 -14383.44 399.97 2979.93
72.00 7.00 -14305.62 -14383.08 399.97 2979.93
73.00 7.00 -14305.62 -14336.57 399.97 2979.93
74.00 7.00 -14305.62 -14352.38 399.97 2979.93
75.00 7.00 -14305.62 -14354.48 399.97 2979.93
76.00 7.00 -14305.62 -14403.95 399.97 2979.93
77.00 7.00 -14305.62 -14370.67 399.97 2979.93
78.00 7.00 -14305.62 -14380.01 399.97 2979.93
79.00 7.00 -14305.62 -14367.52 399.97 2979.93
80.00 7.00 -14305.62 -14371.10 399.97 2979.93
81.00 7.00 -14305.62 -14425.09 399.97 2979.93
82.00 7.00 -14305.62 -14357.45 399.97 2979.93
83.00 7.00 -14305.62 -14360.87 399.97 2979.93
84.00 7.00 -14305.62 -14397.19 399.97 2979.93
85.00 7.00 -14305.62 -14411.18 399.97 2979.93
86.00 7.00 -14305.62 -14391.32 399.97 2979.93
87.00 7.00 -14305.62 -14340.84 399.97 2979.93
88.00 7.00 -14305.62 -14443.22 399.97 2979.93
89.00 7.00 -14305.62 -14391.03 399.97 2979.93
90.00 7.00 -14305.62 -14395.03 399.97 2979.93
91.00 7.00 -14305.62 -14369.08 399.97 2979.93
92.00 7.00 -14305.62 -14340.60 399.97 2979.93
93.00 7.00 -14305.62 -14375.41 399.97 2979.93
94.00 7.00 -14305.62 -14336.25 399.97 2979.93
95.00 7.00 -14305.62 -14398.80 399.97 2979.93
96.00 7.00 -14305.62 -14377.17 399.97 2979.93
97.00 7.00 -14305.62 -14374.38 399.97 2979.93
98.00 7.00 -14305.62 -14387.91 399.97 2979.93
99.00 7.00 -14305.62 -14400.45 399.97 2979.93
100.00 7.00 -14305.62 -14375.62 399.97 2979.93
101.00 7.00 -14305.62 -14386.49 399.97 2979.93
102.00 7.00 -14305.62 -14390.79 399.97 2979.93
103.00 7.00 -14305.62 -14442.69 399.97 2979.93
104.00 7.00 -14305.62 -14346.03 399.97 2979.93
105.00 7.00 -14305.62 -14373.42 399.97 2979.93
106.00 7.00 -14305.62 -14401.17 399.97 2979.93
107.00 7.00 -14305.62 -14348.43 399.97 2979.93
108.00 7.00 -14305.62 -14336.79 399.97 2979.93
109.00 7.00 -14305.62 -14349.77 399.97 2979.93
110.00 7.00 -14305.62 -14353.24 399.97 2979.93
111.00 7.00 -14305.62 -14350.22 399.97 2979.93
112.00 7.00 -14305.62 -14368.25 399.97 2979.93
113.00 7.00 -14305.62 -14381.79 399.97 2979.93
114.00 7.00 -14305.62 -14391.17 399.97 2979.93
115.00 7.00 -14305.62 -14384.20 399.97 2979.93
116.00 7.00 -14305.62 -14374.81 399.97 2979.93
117.00 7.00 -14305.62 -14372.99 399.97 2979.93
118.00 7.00 -14305.62 -14356.54 399.97 2979.93
119.00 7.00 -14305.62 -14358.47 399.97 2979.93
120.00 7.00 -14305.62 -14399.91 399.97 2979.93
121.00 7.00 -14305.62 -14361.48 399.97 2979.93
122.00 7.00 -14305.62 -14370.69 399.97 2979.93
123.00 7.00 -14305.62 -14386.47 399.97 2979.93
124.00 8.00 -14303.67 -14303.67 399.56 2972.46
125.00 8.00 -14303.67 -14407.10 399.56 2972.46
126.00 8.00 -14303.67 -14396.76 399.56 2972.46
127.00 8.00 -14303.67 -14389.29 399.56 2972.46
