
samples_per_chain:,125
burnin:,0.25
num params:,415
initial_proposed_vec:,[ 2.24271491e+00  1.70017184e+00  2.65795868e+00  1.71534951e+00
  4.47493695e-07  3.92299370e-02  1.07988152e+00  9.23647385e-02
  3.66141177e-02  8.41816588e-01  7.98048030e-01  5.31526592e+00
  2.34563182e+04  9.69008677e+00  6.99061061e-01  1.93945754e+02
 -1.84863150e+02  1.95166917e+02 -9.45110500e+01 -1.06507813e+02
  7.73582409e+01 -8.32655465e+00 -1.73957544e+02 -8.99070031e+01
  1.33484731e+02 -3.62138302e+01 -1.02598307e+02 -4.43010522e+01
  7.14602767e+01  1.54144330e+02 -1.73653956e+02  9.18119550e-01
  1.72237211e+02 -1.44285095e+01  1.58607373e+02  1.52735204e+02
  7.23958669e+01 -2.72352764e+01  1.70404184e+02  6.60112477e+01
 -1.27657763e+02  8.01294258e+01  1.70767294e+02 -1.73688077e+01
 -1.84587464e+02  1.96693701e+01  6.93682831e+01  5.81867241e+00
 -3.42301713e+01  8.36463406e+01  8.02121859e+01 -1.28475760e+02
 -1.42133660e+02  2.07876205e+01 -1.85286371e+02  1.50769280e-01
  1.00652680e+02  1.83543437e+02 -5.34202809e+01  1.94150958e+02
 -8.04760819e+01  1.10335597e+02  1.90305612e+02 -8.35743285e+01
  2.60048753e+01  6.72947459e+01  1.29859670e+02  1.84344089e+02
 -1.63378697e+02 -1.11504814e+02  4.98239262e+00 -1.52636390e+02
 -6.66218266e+01 -7.12111769e+01 -1.22747671e+02 -1.62609321e+02
  1.16672047e+02  1.45064283e+02 -7.80134596e+01 -7.42136793e+01
  4.85243229e+01  1.31165354e+02 -6.11219832e+01  1.77316237e+02
 -5.93495608e+01 -2.11259209e+01 -7.89613021e+01 -1.12058936e+02
  1.93677232e+02 -1.86204424e+02  1.88306769e+02  1.57468510e+02
 -1.19318228e+02  1.13127812e+02  1.79334821e+02  1.58277624e+02
 -1.32467465e+02 -1.23203586e+01 -1.24853134e+00  6.67244438e+01
  1.38273351e+02  2.40460179e+01 -2.58557786e+01  9.34010716e+01
  1.66690948e+02 -1.26595146e+02 -1.86239634e+02 -1.87515647e+02
  6.20052414e+01  1.71321562e+02  7.13544437e+00 -1.62419136e+02
  5.84201368e+01  5.11753612e+01  1.52190364e+02 -1.40714223e+02
  6.07016262e+01 -1.59428103e+01  1.23432612e+02 -5.21222256e+01
  1.53194750e+02 -1.47623594e+00  1.75787872e+02 -1.87551503e+02
  1.74852920e+02 -9.50506280e+01 -1.43585808e+02 -2.37744277e+01
 -1.97230360e+02 -1.38752296e+02  1.84814406e+02  1.99873389e+02
 -8.55143176e+01  3.83633115e+01  1.24296679e+02 -1.08875958e+02
  4.32314085e+01 -1.01950309e+02  1.95947232e+02 -1.54758675e+02
  5.38248140e+01  1.77095541e+02 -5.94018517e+01  1.91334774e+02
  1.05106600e+02 -1.39268030e+02 -7.21428659e+01  1.74311387e+02
  3.26635940e+01 -1.67136157e+02 -1.71273594e+02  1.12333141e+02
 -4.36129101e+01  6.16356512e+01  1.91616367e+02  1.88825406e+00
  1.76715338e+02 -5.95408966e+01 -4.84842836e+01  1.51115709e+02
 -1.47652891e+02 -1.19023988e+02  1.89346989e+02 -1.81929580e+02
 -1.45098808e+02  2.99701557e+01 -3.56170310e+01 -5.54940200e+01
 -9.39274426e+01 -1.11689617e+02  6.10973280e+01  1.64252497e+02
 -1.13172861e+02  4.28462343e+01 -1.42467664e+02  5.92812180e+01
 -1.09890564e+02  2.73485077e+01  7.56165061e-01  1.31468392e+02
  1.88845202e+02  5.83824274e+01  1.99105702e+01 -1.59174880e+02
  1.15673074e+01  1.55900317e+00 -3.36198718e+01 -1.90623444e+02
 -1.08479593e+02  1.58194655e+02 -1.01312127e+02 -7.12326557e+01
  1.80990002e+02  1.57203923e+02 -1.69483552e+02  1.32582969e+02
  1.27792833e+02  1.88588420e+02  1.79462363e+02  8.04500874e+01
  1.13465597e+02  1.27926237e+02  1.14938158e+02 -7.18684036e+00
  1.71827453e+02  1.15778017e+02  3.60999164e+01  1.10728268e+02
  6.85928923e+01 -1.31174035e+02  3.82371050e+01  1.77551017e+02
 -1.41005421e+02 -1.81738986e+02  1.86025317e+02  1.19786967e+02
  5.83142220e+01 -1.76373688e+02 -1.57426108e+02 -1.60173694e+02
 -5.48915871e+01  1.38256805e+02  7.13406878e+01 -1.84768328e+02
 -1.65734789e+02  4.51735711e+01 -5.05499133e+01 -1.34850010e+01
  4.17920478e+01 -7.74940758e+01 -1.76691105e+01  7.77505781e+01
  1.23671030e+02  1.35948920e+02  1.11064737e+02  1.33681195e+02
 -5.90313530e+00 -1.79251172e+02 -6.57687237e+01  7.88183861e+00
  3.68706371e+01 -1.44576638e+02  1.07152791e+02 -1.05909803e+02
 -1.81627904e+02  4.52627131e+01 -1.42497253e+02 -1.19229643e+02
 -3.82384747e+01  1.06953944e+02  1.02475958e+02  1.26739333e+02
  1.85666978e+02  1.09223115e+02  9.93013988e+01 -1.97238547e+02
 -1.96943141e+02 -7.16716701e+01  7.55348978e+01  5.06345554e+01
 -1.57664310e+02 -1.34397849e+02  1.43465041e+02 -1.59833875e+02
  1.26083819e+02  1.15880456e+02 -1.93743335e+02  3.01608871e+01
  1.99675473e+02 -9.93320010e+01 -8.54382686e+01  1.29732124e+02
 -9.17168693e+01 -7.17393181e+01 -6.88480897e+01 -8.07178360e+01
 -5.05779655e+01 -2.54571835e+01 -1.09160982e+02 -8.79880798e+01
  1.78041825e+02 -9.99929462e+01 -1.41314620e+02 -1.99816897e+02
 -3.46563975e+00 -1.76030277e+02  1.63129460e+02  1.17406256e+02
 -8.60280937e+00 -1.10222285e+02 -1.01529991e+02 -1.98725302e+02
 -5.61031421e+01  1.56888822e+02 -1.13659449e+01  8.35173705e+01
 -1.30742662e+02 -1.76398011e+01 -6.00471235e+01  4.01737395e+01
  9.33440462e+01 -1.32921734e+02 -1.07664628e+02  4.08821183e+01
 -2.20094780e+01 -1.12689706e+02  1.54471951e+02 -6.12899373e+01
  3.80263498e+01  4.05548587e+01  5.43682788e+01 -1.19727077e+02
 -1.24344522e+02 -1.03426142e+02 -1.80769503e+02  1.84118519e+02
 -6.09543149e+01 -1.57227805e+02 -1.44319136e+02  8.27490315e+01
 -1.19744488e+02 -5.63812321e+01 -1.24992130e+02 -3.08117218e+01
  4.40870327e+01 -1.35479174e+02  7.14660359e+01 -8.45606120e+01
  9.96250778e+01  1.53699046e+02 -1.87213724e+02  9.84275292e+00
  6.54371582e+01 -4.89305906e+01  1.88901579e+02  1.80262795e+02
 -1.77049920e+02 -1.00642278e+02 -1.29125888e+02  1.23865101e+02
 -1.39934302e+02  5.01431066e+01 -1.07401348e+02  1.39744324e+01
  4.69728526e+00 -9.65653620e+01 -1.01455900e+01  8.09510551e+01
 -9.52995105e+01  1.10488766e+02 -4.14582636e+01  1.40867951e+02
 -1.90307798e+02 -1.24190068e+02 -1.95108912e+02  5.54309048e+01
  1.21091508e+01 -8.26851514e+01  1.49652712e+01  1.37877639e+01
 -5.91644025e-01 -1.59507786e+02 -2.22489627e+01 -4.24714307e+01
  1.26209972e+02 -3.35170622e+01  8.93472643e+01  1.47870945e+02
  1.09276502e+02  1.85790172e+02  8.42568632e+00  1.16015615e+02
  1.74154400e+02  4.00121234e+01  1.62922901e+02 -1.86464960e+02
  1.05464661e+02 -6.14575981e+01  1.82740996e+02  1.25387679e+02
  4.92837253e+01 -1.73521206e+02 -4.01626433e+01  1.95098830e+02
  1.23685980e+02 -1.22138297e+02  1.77759880e+01  4.74628538e+00
  1.42387525e+02  1.77630695e+02 -1.56126196e+02  1.27415113e+02
  1.65662044e+02 -1.25146442e+02  4.22431232e+01 -1.58972903e+01
  7.55743581e+01 -3.91940374e+01  1.47427006e+02  1.25183823e+02
 -6.10802099e+00 -1.76620395e+02  1.34102307e+02 -1.99685987e+02
 -1.73848497e+02  5.10622317e+01 -2.93149389e+01 -1.81562884e+02
  1.66911163e+01 -6.19514828e+01  1.80181124e+02 -3.88168694e+01
  3.02807065e+01 -1.85936291e+02  6.85815766e+01]
stepsize_vec:,[2.0e-01 2.0e-01 2.0e-01 2.0e-01 2.0e-08 1.0e-01 2.0e-01 1.0e-02 1.0e-02
 1.0e-01 1.0e-01 1.0e+00 1.5e+03 1.0e+00 1.0e-01 4.0e+01 4.0e+01 4.0e+01
 4.0e+01 4.0e+01 4.0e+01 4.0e+01 4.0e+01 4.0e+01 4.0e+01 4.0e+01 4.0e+01
 4.0e+01 4.0e+01 4.0e+01 4.0e+01 4.0e+01 4.0e+01 4.0e+01 4.0e+01 4.0e+01
 4.0e+01 4.0e+01 4.0e+01 4.0e+01 4.0e+01 4.0e+01 4.0e+01 4.0e+01 4.0e+01
 4.0e+01 4.0e+01 4.0e+01 4.0e+01 4.0e+01 4.0e+01 4.0e+01 4.0e+01 4.0e+01
 4.0e+01 4.0e+01 4.0e+01 4.0e+01 4.0e+01 4.0e+01 4.0e+01 4.0e+01 4.0e+01
 4.0e+01 4.0e+01 4.0e+01 4.0e+01 4.0e+01 4.0e+01 4.0e+01 4.0e+01 4.0e+01
 4.0e+01 4.0e+01 4.0e+01 4.0e+01 4.0e+01 4.0e+01 4.0e+01 4.0e+01 4.0e+01
 4.0e+01 4.0e+01 4.0e+01 4.0e+01 4.0e+01 4.0e+01 4.0e+01 4.0e+01 4.0e+01
 4.0e+01 4.0e+01 4.0e+01 4.0e+01 4.0e+01 4.0e+01 4.0e+01 4.0e+01 4.0e+01
 4.0e+01 4.0e+01 4.0e+01 4.0e+01 4.0e+01 4.0e+01 4.0e+01 4.0e+01 4.0e+01
 4.0e+01 4.0e+01 4.0e+01 4.0e+01 4.0e+01 4.0e+01 4.0e+01 4.0e+01 4.0e+01
 4.0e+01 4.0e+01 4.0e+01 4.0e+01 4.0e+01 4.0e+01 4.0e+01 4.0e+01 4.0e+01
 4.0e+01 4.0e+01 4.0e+01 4.0e+01 4.0e+01 4.0e+01 4.0e+01 4.0e+01 4.0e+01
 4.0e+01 4.0e+01 4.0e+01 4.0e+01 4.0e+01 4.0e+01 4.0e+01 4.0e+01 4.0e+01
 4.0e+01 4.0e+01 4.0e+01 4.0e+01 4.0e+01 4.0e+01 4.0e+01 4.0e+01 4.0e+01
 4.0e+01 4.0e+01 4.0e+01 4.0e+01 4.0e+01 4.0e+01 4.0e+01 4.0e+01 4.0e+01
 4.0e+01 4.0e+01 4.0e+01 4.0e+01 4.0e+01 4.0e+01 4.0e+01 4.0e+01 4.0e+01
 4.0e+01 4.0e+01 4.0e+01 4.0e+01 4.0e+01 4.0e+01 4.0e+01 4.0e+01 4.0e+01
 4.0e+01 4.0e+01 4.0e+01 4.0e+01 4.0e+01 4.0e+01 4.0e+01 4.0e+01 4.0e+01
 4.0e+01 4.0e+01 4.0e+01 4.0e+01 4.0e+01 4.0e+01 4.0e+01 4.0e+01 4.0e+01
 4.0e+01 4.0e+01 4.0e+01 4.0e+01 4.0e+01 4.0e+01 4.0e+01 4.0e+01 4.0e+01
 4.0e+01 4.0e+01 4.0e+01 4.0e+01 4.0e+01 4.0e+01 4.0e+01 4.0e+01 4.0e+01
 4.0e+01 4.0e+01 4.0e+01 4.0e+01 4.0e+01 4.0e+01 4.0e+01 4.0e+01 4.0e+01
 4.0e+01 4.0e+01 4.0e+01 4.0e+01 4.0e+01 4.0e+01 4.0e+01 4.0e+01 4.0e+01
 4.0e+01 4.0e+01 4.0e+01 4.0e+01 4.0e+01 4.0e+01 4.0e+01 4.0e+01 4.0e+01
 4.0e+01 4.0e+01 4.0e+01 4.0e+01 4.0e+01 4.0e+01 4.0e+01 4.0e+01 4.0e+01
 4.0e+01 4.0e+01 4.0e+01 4.0e+01 4.0e+01 4.0e+01 4.0e+01 4.0e+01 4.0e+01
 4.0e+01 4.0e+01 4.0e+01 4.0e+01 4.0e+01 4.0e+01 4.0e+01 4.0e+01 4.0e+01
 4.0e+01 4.0e+01 4.0e+01 4.0e+01 4.0e+01 4.0e+01 4.0e+01 4.0e+01 4.0e+01
 4.0e+01 4.0e+01 4.0e+01 4.0e+01 4.0e+01 4.0e+01 4.0e+01 4.0e+01 4.0e+01
 4.0e+01 4.0e+01 4.0e+01 4.0e+01 4.0e+01 4.0e+01 4.0e+01 4.0e+01 4.0e+01
 4.0e+01 4.0e+01 4.0e+01 4.0e+01 4.0e+01 4.0e+01 4.0e+01 4.0e+01 4.0e+01
 4.0e+01 4.0e+01 4.0e+01 4.0e+01 4.0e+01 4.0e+01 4.0e+01 4.0e+01 4.0e+01
 4.0e+01 4.0e+01 4.0e+01 4.0e+01 4.0e+01 4.0e+01 4.0e+01 4.0e+01 4.0e+01
 4.0e+01 4.0e+01 4.0e+01 4.0e+01 4.0e+01 4.0e+01 4.0e+01 4.0e+01 4.0e+01
 4.0e+01 4.0e+01 4.0e+01 4.0e+01 4.0e+01 4.0e+01 4.0e+01 4.0e+01 4.0e+01
 4.0e+01 4.0e+01 4.0e+01 4.0e+01 4.0e+01 4.0e+01 4.0e+01 4.0e+01 4.0e+01
 4.0e+01 4.0e+01 4.0e+01 4.0e+01 4.0e+01 4.0e+01 4.0e+01 4.0e+01 4.0e+01
 4.0e+01 4.0e+01 4.0e+01 4.0e+01 4.0e+01 4.0e+01 4.0e+01 4.0e+01 4.0e+01
 4.0e+01 4.0e+01 4.0e+01 4.0e+01 4.0e+01 4.0e+01 4.0e+01 4.0e+01 4.0e+01
 4.0e+01 4.0e+01 4.0e+01 4.0e+01 4.0e+01 4.0e+01 4.0e+01 4.0e+01 4.0e+01
 4.0e+01 4.0e+01 4.0e+01 4.0e+01 4.0e+01 4.0e+01 4.0e+01 4.0e+01 4.0e+01
 4.0e+01 4.0e+01 4.0e+01 4.0e+01 4.0e+01 4.0e+01 4.0e+01 4.0e+01 4.0e+01
 4.0e+01 4.0e+01 4.0e+01 4.0e+01 4.0e+01 4.0e+01 4.0e+01 4.0e+01 4.0e+01
 4.0e+01]
step_ratio_vec:,[0.1 0.1 0.1 0.1 0.1 0.1 0.1 0.1 0.1 0.1 0.1 0.1 0.1 0.1 0.1 0.1 0.1 0.1
 0.1 0.1 0.1 0.1 0.1 0.1 0.1 0.1 0.1 0.1 0.1 0.1 0.1 0.1 0.1 0.1 0.1 0.1
 0.1 0.1 0.1 0.1 0.1 0.1 0.1 0.1 0.1 0.1 0.1 0.1 0.1 0.1 0.1 0.1 0.1 0.1
 0.1 0.1 0.1 0.1 0.1 0.1 0.1 0.1 0.1 0.1 0.1 0.1 0.1 0.1 0.1 0.1 0.1 0.1
 0.1 0.1 0.1 0.1 0.1 0.1 0.1 0.1 0.1 0.1 0.1 0.1 0.1 0.1 0.1 0.1 0.1 0.1
 0.1 0.1 0.1 0.1 0.1 0.1 0.1 0.1 0.1 0.1 0.1 0.1 0.1 0.1 0.1 0.1 0.1 0.1
 0.1 0.1 0.1 0.1 0.1 0.1 0.1 0.1 0.1 0.1 0.1 0.1 0.1 0.1 0.1 0.1 0.1 0.1
 0.1 0.1 0.1 0.1 0.1 0.1 0.1 0.1 0.1 0.1 0.1 0.1 0.1 0.1 0.1 0.1 0.1 0.1
 0.1 0.1 0.1 0.1 0.1 0.1 0.1 0.1 0.1 0.1 0.1 0.1 0.1 0.1 0.1 0.1 0.1 0.1
 0.1 0.1 0.1 0.1 0.1 0.1 0.1 0.1 0.1 0.1 0.1 0.1 0.1 0.1 0.1 0.1 0.1 0.1
 0.1 0.1 0.1 0.1 0.1 0.1 0.1 0.1 0.1 0.1 0.1 0.1 0.1 0.1 0.1 0.1 0.1 0.1
 0.1 0.1 0.1 0.1 0.1 0.1 0.1 0.1 0.1 0.1 0.1 0.1 0.1 0.1 0.1 0.1 0.1 0.1
 0.1 0.1 0.1 0.1 0.1 0.1 0.1 0.1 0.1 0.1 0.1 0.1 0.1 0.1 0.1 0.1 0.1 0.1
 0.1 0.1 0.1 0.1 0.1 0.1 0.1 0.1 0.1 0.1 0.1 0.1 0.1 0.1 0.1 0.1 0.1 0.1
 0.1 0.1 0.1 0.1 0.1 0.1 0.1 0.1 0.1 0.1 0.1 0.1 0.1 0.1 0.1 0.1 0.1 0.1
 0.1 0.1 0.1 0.1 0.1 0.1 0.1 0.1 0.1 0.1 0.1 0.1 0.1 0.1 0.1 0.1 0.1 0.1
 0.1 0.1 0.1 0.1 0.1 0.1 0.1 0.1 0.1 0.1 0.1 0.1 0.1 0.1 0.1 0.1 0.1 0.1
 0.1 0.1 0.1 0.1 0.1 0.1 0.1 0.1 0.1 0.1 0.1 0.1 0.1 0.1 0.1 0.1 0.1 0.1
 0.1 0.1 0.1 0.1 0.1 0.1 0.1 0.1 0.1 0.1 0.1 0.1 0.1 0.1 0.1 0.1 0.1 0.1
 0.1 0.1 0.1 0.1 0.1 0.1 0.1 0.1 0.1 0.1 0.1 0.1 0.1 0.1 0.1 0.1 0.1 0.1
 0.1 0.1 0.1 0.1 0.1 0.1 0.1 0.1 0.1 0.1 0.1 0.1 0.1 0.1 0.1 0.1 0.1 0.1
 0.1 0.1 0.1 0.1 0.1 0.1 0.1 0.1 0.1 0.1 0.1 0.1 0.1 0.1 0.1 0.1 0.1 0.1
 0.1 0.1 0.1 0.1 0.1 0.1 0.1 0.1 0.1 0.1 0.1 0.1 0.1 0.1 0.1 0.1 0.1 0.1
 0.1]
swap interval:,1000
sim interval:,[-1.1175e+08 -7.4500e+07 -3.7250e+07  0.0000e+00]
likelihood_sed (T/F):,True
erodep_coords:,[[ 0  3]
 [42 94]
 [42 95]
 ...
 [96 78]
 [96 79]
 [96 80]]
sed scaling factor:,50
samples_per_chain:,125
burnin:,0.25
num params:,415
initial_proposed_vec:,[ 2.24271491e+00  1.70017184e+00  2.65795868e+00  1.71534951e+00
  4.47493695e-07  3.92299370e-02  1.07988152e+00  9.23647385e-02
  3.66141177e-02  8.41816588e-01  7.98048030e-01  5.31526592e+00
  2.34563182e+04  9.69008677e+00  6.99061061e-01  1.93945754e+02
 -1.84863150e+02  1.95166917e+02 -9.45110500e+01 -1.06507813e+02
  7.73582409e+01 -8.32655465e+00 -1.73957544e+02 -8.99070031e+01
  1.33484731e+02 -3.62138302e+01 -1.02598307e+02 -4.43010522e+01
  7.14602767e+01  1.54144330e+02 -1.73653956e+02  9.18119550e-01
  1.72237211e+02 -1.44285095e+01  1.58607373e+02  1.52735204e+02
  7.23958669e+01 -2.72352764e+01  1.70404184e+02  6.60112477e+01
 -1.27657763e+02  8.01294258e+01  1.70767294e+02 -1.73688077e+01
 -1.84587464e+02  1.96693701e+01  6.93682831e+01  5.81867241e+00
 -3.42301713e+01  8.36463406e+01  8.02121859e+01 -1.28475760e+02
 -1.42133660e+02  2.07876205e+01 -1.85286371e+02  1.50769280e-01
  1.00652680e+02  1.83543437e+02 -5.34202809e+01  1.94150958e+02
 -8.04760819e+01  1.10335597e+02  1.90305612e+02 -8.35743285e+01
  2.60048753e+01  6.72947459e+01  1.29859670e+02  1.84344089e+02
 -1.63378697e+02 -1.11504814e+02  4.98239262e+00 -1.52636390e+02
 -6.66218266e+01 -7.12111769e+01 -1.22747671e+02 -1.62609321e+02
  1.16672047e+02  1.45064283e+02 -7.80134596e+01 -7.42136793e+01
  4.85243229e+01  1.31165354e+02 -6.11219832e+01  1.77316237e+02
 -5.93495608e+01 -2.11259209e+01 -7.89613021e+01 -1.12058936e+02
  1.93677232e+02 -1.86204424e+02  1.88306769e+02  1.57468510e+02
 -1.19318228e+02  1.13127812e+02  1.79334821e+02  1.58277624e+02
 -1.32467465e+02 -1.23203586e+01 -1.24853134e+00  6.67244438e+01
  1.38273351e+02  2.40460179e+01 -2.58557786e+01  9.34010716e+01
  1.66690948e+02 -1.26595146e+02 -1.86239634e+02 -1.87515647e+02
  6.20052414e+01  1.71321562e+02  7.13544437e+00 -1.62419136e+02
  5.84201368e+01  5.11753612e+01  1.52190364e+02 -1.40714223e+02
  6.07016262e+01 -1.59428103e+01  1.23432612e+02 -5.21222256e+01
  1.53194750e+02 -1.47623594e+00  1.75787872e+02 -1.87551503e+02
  1.74852920e+02 -9.50506280e+01 -1.43585808e+02 -2.37744277e+01
 -1.97230360e+02 -1.38752296e+02  1.84814406e+02  1.99873389e+02
 -8.55143176e+01  3.83633115e+01  1.24296679e+02 -1.08875958e+02
  4.32314085e+01 -1.01950309e+02  1.95947232e+02 -1.54758675e+02
  5.38248140e+01  1.77095541e+02 -5.94018517e+01  1.91334774e+02
  1.05106600e+02 -1.39268030e+02 -7.21428659e+01  1.74311387e+02
  3.26635940e+01 -1.67136157e+02 -1.71273594e+02  1.12333141e+02
 -4.36129101e+01  6.16356512e+01  1.91616367e+02  1.88825406e+00
  1.76715338e+02 -5.95408966e+01 -4.84842836e+01  1.51115709e+02
 -1.47652891e+02 -1.19023988e+02  1.89346989e+02 -1.81929580e+02
 -1.45098808e+02  2.99701557e+01 -3.56170310e+01 -5.54940200e+01
 -9.39274426e+01 -1.11689617e+02  6.10973280e+01  1.64252497e+02
 -1.13172861e+02  4.28462343e+01 -1.42467664e+02  5.92812180e+01
 -1.09890564e+02  2.73485077e+01  7.56165061e-01  1.31468392e+02
  1.88845202e+02  5.83824274e+01  1.99105702e+01 -1.59174880e+02
  1.15673074e+01  1.55900317e+00 -3.36198718e+01 -1.90623444e+02
 -1.08479593e+02  1.58194655e+02 -1.01312127e+02 -7.12326557e+01
  1.80990002e+02  1.57203923e+02 -1.69483552e+02  1.32582969e+02
  1.27792833e+02  1.88588420e+02  1.79462363e+02  8.04500874e+01
  1.13465597e+02  1.27926237e+02  1.14938158e+02 -7.18684036e+00
  1.71827453e+02  1.15778017e+02  3.60999164e+01  1.10728268e+02
  6.85928923e+01 -1.31174035e+02  3.82371050e+01  1.77551017e+02
 -1.41005421e+02 -1.81738986e+02  1.86025317e+02  1.19786967e+02
  5.83142220e+01 -1.76373688e+02 -1.57426108e+02 -1.60173694e+02
 -5.48915871e+01  1.38256805e+02  7.13406878e+01 -1.84768328e+02
 -1.65734789e+02  4.51735711e+01 -5.05499133e+01 -1.34850010e+01
  4.17920478e+01 -7.74940758e+01 -1.76691105e+01  7.77505781e+01
  1.23671030e+02  1.35948920e+02  1.11064737e+02  1.33681195e+02
 -5.90313530e+00 -1.79251172e+02 -6.57687237e+01  7.88183861e+00
  3.68706371e+01 -1.44576638e+02  1.07152791e+02 -1.05909803e+02
 -1.81627904e+02  4.52627131e+01 -1.42497253e+02 -1.19229643e+02
 -3.82384747e+01  1.06953944e+02  1.02475958e+02  1.26739333e+02
  1.85666978e+02  1.09223115e+02  9.93013988e+01 -1.97238547e+02
 -1.96943141e+02 -7.16716701e+01  7.55348978e+01  5.06345554e+01
 -1.57664310e+02 -1.34397849e+02  1.43465041e+02 -1.59833875e+02
  1.26083819e+02  1.15880456e+02 -1.93743335e+02  3.01608871e+01
  1.99675473e+02 -9.93320010e+01 -8.54382686e+01  1.29732124e+02
 -9.17168693e+01 -7.17393181e+01 -6.88480897e+01 -8.07178360e+01
 -5.05779655e+01 -2.54571835e+01 -1.09160982e+02 -8.79880798e+01
  1.78041825e+02 -9.99929462e+01 -1.41314620e+02 -1.99816897e+02
 -3.46563975e+00 -1.76030277e+02  1.63129460e+02  1.17406256e+02
 -8.60280937e+00 -1.10222285e+02 -1.01529991e+02 -1.98725302e+02
 -5.61031421e+01  1.56888822e+02 -1.13659449e+01  8.35173705e+01
 -1.30742662e+02 -1.76398011e+01 -6.00471235e+01  4.01737395e+01
  9.33440462e+01 -1.32921734e+02 -1.07664628e+02  4.08821183e+01
 -2.20094780e+01 -1.12689706e+02  1.54471951e+02 -6.12899373e+01
  3.80263498e+01  4.05548587e+01  5.43682788e+01 -1.19727077e+02
 -1.24344522e+02 -1.03426142e+02 -1.80769503e+02  1.84118519e+02
 -6.09543149e+01 -1.57227805e+02 -1.44319136e+02  8.27490315e+01
 -1.19744488e+02 -5.63812321e+01 -1.24992130e+02 -3.08117218e+01
  4.40870327e+01 -1.35479174e+02  7.14660359e+01 -8.45606120e+01
  9.96250778e+01  1.53699046e+02 -1.87213724e+02  9.84275292e+00
  6.54371582e+01 -4.89305906e+01  1.88901579e+02  1.80262795e+02
 -1.77049920e+02 -1.00642278e+02 -1.29125888e+02  1.23865101e+02
 -1.39934302e+02  5.01431066e+01 -1.07401348e+02  1.39744324e+01
  4.69728526e+00 -9.65653620e+01 -1.01455900e+01  8.09510551e+01
 -9.52995105e+01  1.10488766e+02 -4.14582636e+01  1.40867951e+02
 -1.90307798e+02 -1.24190068e+02 -1.95108912e+02  5.54309048e+01
  1.21091508e+01 -8.26851514e+01  1.49652712e+01  1.37877639e+01
 -5.91644025e-01 -1.59507786e+02 -2.22489627e+01 -4.24714307e+01
  1.26209972e+02 -3.35170622e+01  8.93472643e+01  1.47870945e+02
  1.09276502e+02  1.85790172e+02  8.42568632e+00  1.16015615e+02
  1.74154400e+02  4.00121234e+01  1.62922901e+02 -1.86464960e+02
  1.05464661e+02 -6.14575981e+01  1.82740996e+02  1.25387679e+02
  4.92837253e+01 -1.73521206e+02 -4.01626433e+01  1.95098830e+02
  1.23685980e+02 -1.22138297e+02  1.77759880e+01  4.74628538e+00
  1.42387525e+02  1.77630695e+02 -1.56126196e+02  1.27415113e+02
  1.65662044e+02 -1.25146442e+02  4.22431232e+01 -1.58972903e+01
  7.55743581e+01 -3.91940374e+01  1.47427006e+02  1.25183823e+02
 -6.10802099e+00 -1.76620395e+02  1.34102307e+02 -1.99685987e+02
 -1.73848497e+02  5.10622317e+01 -2.93149389e+01 -1.81562884e+02
  1.66911163e+01 -6.19514828e+01  1.80181124e+02 -3.88168694e+01
  3.02807065e+01 -1.85936291e+02  6.85815766e+01]
stepsize_vec:,[2.0e-01 2.0e-01 2.0e-01 2.0e-01 2.0e-08 1.0e-01 2.0e-01 1.0e-02 1.0e-02
 1.0e-01 1.0e-01 1.0e+00 1.5e+03 1.0e+00 1.0e-01 4.0e+01 4.0e+01 4.0e+01
 4.0e+01 4.0e+01 4.0e+01 4.0e+01 4.0e+01 4.0e+01 4.0e+01 4.0e+01 4.0e+01
 4.0e+01 4.0e+01 4.0e+01 4.0e+01 4.0e+01 4.0e+01 4.0e+01 4.0e+01 4.0e+01
 4.0e+01 4.0e+01 4.0e+01 4.0e+01 4.0e+01 4.0e+01 4.0e+01 4.0e+01 4.0e+01
 4.0e+01 4.0e+01 4.0e+01 4.0e+01 4.0e+01 4.0e+01 4.0e+01 4.0e+01 4.0e+01
 4.0e+01 4.0e+01 4.0e+01 4.0e+01 4.0e+01 4.0e+01 4.0e+01 4.0e+01 4.0e+01
 4.0e+01 4.0e+01 4.0e+01 4.0e+01 4.0e+01 4.0e+01 4.0e+01 4.0e+01 4.0e+01
 4.0e+01 4.0e+01 4.0e+01 4.0e+01 4.0e+01 4.0e+01 4.0e+01 4.0e+01 4.0e+01
 4.0e+01 4.0e+01 4.0e+01 4.0e+01 4.0e+01 4.0e+01 4.0e+01 4.0e+01 4.0e+01
 4.0e+01 4.0e+01 4.0e+01 4.0e+01 4.0e+01 4.0e+01 4.0e+01 4.0e+01 4.0e+01
 4.0e+01 4.0e+01 4.0e+01 4.0e+01 4.0e+01 4.0e+01 4.0e+01 4.0e+01 4.0e+01
 4.0e+01 4.0e+01 4.0e+01 4.0e+01 4.0e+01 4.0e+01 4.0e+01 4.0e+01 4.0e+01
 4.0e+01 4.0e+01 4.0e+01 4.0e+01 4.0e+01 4.0e+01 4.0e+01 4.0e+01 4.0e+01
 4.0e+01 4.0e+01 4.0e+01 4.0e+01 4.0e+01 4.0e+01 4.0e+01 4.0e+01 4.0e+01
 4.0e+01 4.0e+01 4.0e+01 4.0e+01 4.0e+01 4.0e+01 4.0e+01 4.0e+01 4.0e+01
 4.0e+01 4.0e+01 4.0e+01 4.0e+01 4.0e+01 4.0e+01 4.0e+01 4.0e+01 4.0e+01
 4.0e+01 4.0e+01 4.0e+01 4.0e+01 4.0e+01 4.0e+01 4.0e+01 4.0e+01 4.0e+01
 4.0e+01 4.0e+01 4.0e+01 4.0e+01 4.0e+01 4.0e+01 4.0e+01 4.0e+01 4.0e+01
 4.0e+01 4.0e+01 4.0e+01 4.0e+01 4.0e+01 4.0e+01 4.0e+01 4.0e+01 4.0e+01
 4.0e+01 4.0e+01 4.0e+01 4.0e+01 4.0e+01 4.0e+01 4.0e+01 4.0e+01 4.0e+01
 4.0e+01 4.0e+01 4.0e+01 4.0e+01 4.0e+01 4.0e+01 4.0e+01 4.0e+01 4.0e+01
 4.0e+01 4.0e+01 4.0e+01 4.0e+01 4.0e+01 4.0e+01 4.0e+01 4.0e+01 4.0e+01
 4.0e+01 4.0e+01 4.0e+01 4.0e+01 4.0e+01 4.0e+01 4.0e+01 4.0e+01 4.0e+01
 4.0e+01 4.0e+01 4.0e+01 4.0e+01 4.0e+01 4.0e+01 4.0e+01 4.0e+01 4.0e+01
 4.0e+01 4.0e+01 4.0e+01 4.0e+01 4.0e+01 4.0e+01 4.0e+01 4.0e+01 4.0e+01
 4.0e+01 4.0e+01 4.0e+01 4.0e+01 4.0e+01 4.0e+01 4.0e+01 4.0e+01 4.0e+01
 4.0e+01 4.0e+01 4.0e+01 4.0e+01 4.0e+01 4.0e+01 4.0e+01 4.0e+01 4.0e+01
 4.0e+01 4.0e+01 4.0e+01 4.0e+01 4.0e+01 4.0e+01 4.0e+01 4.0e+01 4.0e+01
 4.0e+01 4.0e+01 4.0e+01 4.0e+01 4.0e+01 4.0e+01 4.0e+01 4.0e+01 4.0e+01
 4.0e+01 4.0e+01 4.0e+01 4.0e+01 4.0e+01 4.0e+01 4.0e+01 4.0e+01 4.0e+01
 4.0e+01 4.0e+01 4.0e+01 4.0e+01 4.0e+01 4.0e+01 4.0e+01 4.0e+01 4.0e+01
 4.0e+01 4.0e+01 4.0e+01 4.0e+01 4.0e+01 4.0e+01 4.0e+01 4.0e+01 4.0e+01
 4.0e+01 4.0e+01 4.0e+01 4.0e+01 4.0e+01 4.0e+01 4.0e+01 4.0e+01 4.0e+01
 4.0e+01 4.0e+01 4.0e+01 4.0e+01 4.0e+01 4.0e+01 4.0e+01 4.0e+01 4.0e+01
 4.0e+01 4.0e+01 4.0e+01 4.0e+01 4.0e+01 4.0e+01 4.0e+01 4.0e+01 4.0e+01
 4.0e+01 4.0e+01 4.0e+01 4.0e+01 4.0e+01 4.0e+01 4.0e+01 4.0e+01 4.0e+01
 4.0e+01 4.0e+01 4.0e+01 4.0e+01 4.0e+01 4.0e+01 4.0e+01 4.0e+01 4.0e+01
 4.0e+01 4.0e+01 4.0e+01 4.0e+01 4.0e+01 4.0e+01 4.0e+01 4.0e+01 4.0e+01
 4.0e+01 4.0e+01 4.0e+01 4.0e+01 4.0e+01 4.0e+01 4.0e+01 4.0e+01 4.0e+01
 4.0e+01 4.0e+01 4.0e+01 4.0e+01 4.0e+01 4.0e+01 4.0e+01 4.0e+01 4.0e+01
 4.0e+01 4.0e+01 4.0e+01 4.0e+01 4.0e+01 4.0e+01 4.0e+01 4.0e+01 4.0e+01
 4.0e+01 4.0e+01 4.0e+01 4.0e+01 4.0e+01 4.0e+01 4.0e+01 4.0e+01 4.0e+01
 4.0e+01 4.0e+01 4.0e+01 4.0e+01 4.0e+01 4.0e+01 4.0e+01 4.0e+01 4.0e+01
 4.0e+01 4.0e+01 4.0e+01 4.0e+01 4.0e+01 4.0e+01 4.0e+01 4.0e+01 4.0e+01
 4.0e+01 4.0e+01 4.0e+01 4.0e+01 4.0e+01 4.0e+01 4.0e+01 4.0e+01 4.0e+01
 4.0e+01]
step_ratio_vec:,[0.1 0.1 0.1 0.1 0.1 0.1 0.1 0.1 0.1 0.1 0.1 0.1 0.1 0.1 0.1 0.1 0.1 0.1
 0.1 0.1 0.1 0.1 0.1 0.1 0.1 0.1 0.1 0.1 0.1 0.1 0.1 0.1 0.1 0.1 0.1 0.1
 0.1 0.1 0.1 0.1 0.1 0.1 0.1 0.1 0.1 0.1 0.1 0.1 0.1 0.1 0.1 0.1 0.1 0.1
 0.1 0.1 0.1 0.1 0.1 0.1 0.1 0.1 0.1 0.1 0.1 0.1 0.1 0.1 0.1 0.1 0.1 0.1
 0.1 0.1 0.1 0.1 0.1 0.1 0.1 0.1 0.1 0.1 0.1 0.1 0.1 0.1 0.1 0.1 0.1 0.1
 0.1 0.1 0.1 0.1 0.1 0.1 0.1 0.1 0.1 0.1 0.1 0.1 0.1 0.1 0.1 0.1 0.1 0.1
 0.1 0.1 0.1 0.1 0.1 0.1 0.1 0.1 0.1 0.1 0.1 0.1 0.1 0.1 0.1 0.1 0.1 0.1
 0.1 0.1 0.1 0.1 0.1 0.1 0.1 0.1 0.1 0.1 0.1 0.1 0.1 0.1 0.1 0.1 0.1 0.1
 0.1 0.1 0.1 0.1 0.1 0.1 0.1 0.1 0.1 0.1 0.1 0.1 0.1 0.1 0.1 0.1 0.1 0.1
 0.1 0.1 0.1 0.1 0.1 0.1 0.1 0.1 0.1 0.1 0.1 0.1 0.1 0.1 0.1 0.1 0.1 0.1
 0.1 0.1 0.1 0.1 0.1 0.1 0.1 0.1 0.1 0.1 0.1 0.1 0.1 0.1 0.1 0.1 0.1 0.1
 0.1 0.1 0.1 0.1 0.1 0.1 0.1 0.1 0.1 0.1 0.1 0.1 0.1 0.1 0.1 0.1 0.1 0.1
 0.1 0.1 0.1 0.1 0.1 0.1 0.1 0.1 0.1 0.1 0.1 0.1 0.1 0.1 0.1 0.1 0.1 0.1
 0.1 0.1 0.1 0.1 0.1 0.1 0.1 0.1 0.1 0.1 0.1 0.1 0.1 0.1 0.1 0.1 0.1 0.1
 0.1 0.1 0.1 0.1 0.1 0.1 0.1 0.1 0.1 0.1 0.1 0.1 0.1 0.1 0.1 0.1 0.1 0.1
 0.1 0.1 0.1 0.1 0.1 0.1 0.1 0.1 0.1 0.1 0.1 0.1 0.1 0.1 0.1 0.1 0.1 0.1
 0.1 0.1 0.1 0.1 0.1 0.1 0.1 0.1 0.1 0.1 0.1 0.1 0.1 0.1 0.1 0.1 0.1 0.1
 0.1 0.1 0.1 0.1 0.1 0.1 0.1 0.1 0.1 0.1 0.1 0.1 0.1 0.1 0.1 0.1 0.1 0.1
 0.1 0.1 0.1 0.1 0.1 0.1 0.1 0.1 0.1 0.1 0.1 0.1 0.1 0.1 0.1 0.1 0.1 0.1
 0.1 0.1 0.1 0.1 0.1 0.1 0.1 0.1 0.1 0.1 0.1 0.1 0.1 0.1 0.1 0.1 0.1 0.1
 0.1 0.1 0.1 0.1 0.1 0.1 0.1 0.1 0.1 0.1 0.1 0.1 0.1 0.1 0.1 0.1 0.1 0.1
 0.1 0.1 0.1 0.1 0.1 0.1 0.1 0.1 0.1 0.1 0.1 0.1 0.1 0.1 0.1 0.1 0.1 0.1
 0.1 0.1 0.1 0.1 0.1 0.1 0.1 0.1 0.1 0.1 0.1 0.1 0.1 0.1 0.1 0.1 0.1 0.1
 0.1]
swap interval:,1000
sim interval:,[-1.1175e+08 -7.4500e+07 -3.7250e+07  0.0000e+00]
likelihood_sed (T/F):,True
erodep_coords:,[[ 0  3]
 [42 94]
 [42 95]
 ...
 [96 78]
 [96 79]
 [96 80]]
sed scaling factor:,50
samples_per_chain:,125
burnin:,0.25
num params:,415
initial_proposed_vec:,[ 2.24271491e+00  1.70017184e+00  2.65795868e+00  1.71534951e+00
  4.47493695e-07  3.92299370e-02  1.07988152e+00  9.23647385e-02
  3.66141177e-02  8.41816588e-01  7.98048030e-01  5.31526592e+00
  2.34563182e+04  9.69008677e+00  6.99061061e-01  1.93945754e+02
 -1.84863150e+02  1.95166917e+02 -9.45110500e+01 -1.06507813e+02
  7.73582409e+01 -8.32655465e+00 -1.73957544e+02 -8.99070031e+01
  1.33484731e+02 -3.62138302e+01 -1.02598307e+02 -4.43010522e+01
  7.14602767e+01  1.54144330e+02 -1.73653956e+02  9.18119550e-01
  1.72237211e+02 -1.44285095e+01  1.58607373e+02  1.52735204e+02
  7.23958669e+01 -2.72352764e+01  1.70404184e+02  6.60112477e+01
 -1.27657763e+02  8.01294258e+01  1.70767294e+02 -1.73688077e+01
 -1.84587464e+02  1.96693701e+01  6.93682831e+01  5.81867241e+00
 -3.42301713e+01  8.36463406e+01  8.02121859e+01 -1.28475760e+02
 -1.42133660e+02  2.07876205e+01 -1.85286371e+02  1.50769280e-01
  1.00652680e+02  1.83543437e+02 -5.34202809e+01  1.94150958e+02
 -8.04760819e+01  1.10335597e+02  1.90305612e+02 -8.35743285e+01
  2.60048753e+01  6.72947459e+01  1.29859670e+02  1.84344089e+02
 -1.63378697e+02 -1.11504814e+02  4.98239262e+00 -1.52636390e+02
 -6.66218266e+01 -7.12111769e+01 -1.22747671e+02 -1.62609321e+02
  1.16672047e+02  1.45064283e+02 -7.80134596e+01 -7.42136793e+01
  4.85243229e+01  1.31165354e+02 -6.11219832e+01  1.77316237e+02
 -5.93495608e+01 -2.11259209e+01 -7.89613021e+01 -1.12058936e+02
  1.93677232e+02 -1.86204424e+02  1.88306769e+02  1.57468510e+02
 -1.19318228e+02  1.13127812e+02  1.79334821e+02  1.58277624e+02
 -1.32467465e+02 -1.23203586e+01 -1.24853134e+00  6.67244438e+01
  1.38273351e+02  2.40460179e+01 -2.58557786e+01  9.34010716e+01
  1.66690948e+02 -1.26595146e+02 -1.86239634e+02 -1.87515647e+02
  6.20052414e+01  1.71321562e+02  7.13544437e+00 -1.62419136e+02
  5.84201368e+01  5.11753612e+01  1.52190364e+02 -1.40714223e+02
  6.07016262e+01 -1.59428103e+01  1.23432612e+02 -5.21222256e+01
  1.53194750e+02 -1.47623594e+00  1.75787872e+02 -1.87551503e+02
  1.74852920e+02 -9.50506280e+01 -1.43585808e+02 -2.37744277e+01
 -1.97230360e+02 -1.38752296e+02  1.84814406e+02  1.99873389e+02
 -8.55143176e+01  3.83633115e+01  1.24296679e+02 -1.08875958e+02
  4.32314085e+01 -1.01950309e+02  1.95947232e+02 -1.54758675e+02
  5.38248140e+01  1.77095541e+02 -5.94018517e+01  1.91334774e+02
  1.05106600e+02 -1.39268030e+02 -7.21428659e+01  1.74311387e+02
  3.26635940e+01 -1.67136157e+02 -1.71273594e+02  1.12333141e+02
 -4.36129101e+01  6.16356512e+01  1.91616367e+02  1.88825406e+00
  1.76715338e+02 -5.95408966e+01 -4.84842836e+01  1.51115709e+02
 -1.47652891e+02 -1.19023988e+02  1.89346989e+02 -1.81929580e+02
 -1.45098808e+02  2.99701557e+01 -3.56170310e+01 -5.54940200e+01
 -9.39274426e+01 -1.11689617e+02  6.10973280e+01  1.64252497e+02
 -1.13172861e+02  4.28462343e+01 -1.42467664e+02  5.92812180e+01
 -1.09890564e+02  2.73485077e+01  7.56165061e-01  1.31468392e+02
  1.88845202e+02  5.83824274e+01  1.99105702e+01 -1.59174880e+02
  1.15673074e+01  1.55900317e+00 -3.36198718e+01 -1.90623444e+02
 -1.08479593e+02  1.58194655e+02 -1.01312127e+02 -7.12326557e+01
  1.80990002e+02  1.57203923e+02 -1.69483552e+02  1.32582969e+02
  1.27792833e+02  1.88588420e+02  1.79462363e+02  8.04500874e+01
  1.13465597e+02  1.27926237e+02  1.14938158e+02 -7.18684036e+00
  1.71827453e+02  1.15778017e+02  3.60999164e+01  1.10728268e+02
  6.85928923e+01 -1.31174035e+02  3.82371050e+01  1.77551017e+02
 -1.41005421e+02 -1.81738986e+02  1.86025317e+02  1.19786967e+02
  5.83142220e+01 -1.76373688e+02 -1.57426108e+02 -1.60173694e+02
 -5.48915871e+01  1.38256805e+02  7.13406878e+01 -1.84768328e+02
 -1.65734789e+02  4.51735711e+01 -5.05499133e+01 -1.34850010e+01
  4.17920478e+01 -7.74940758e+01 -1.76691105e+01  7.77505781e+01
  1.23671030e+02  1.35948920e+02  1.11064737e+02  1.33681195e+02
 -5.90313530e+00 -1.79251172e+02 -6.57687237e+01  7.88183861e+00
  3.68706371e+01 -1.44576638e+02  1.07152791e+02 -1.05909803e+02
 -1.81627904e+02  4.52627131e+01 -1.42497253e+02 -1.19229643e+02
 -3.82384747e+01  1.06953944e+02  1.02475958e+02  1.26739333e+02
  1.85666978e+02  1.09223115e+02  9.93013988e+01 -1.97238547e+02
 -1.96943141e+02 -7.16716701e+01  7.55348978e+01  5.06345554e+01
 -1.57664310e+02 -1.34397849e+02  1.43465041e+02 -1.59833875e+02
  1.26083819e+02  1.15880456e+02 -1.93743335e+02  3.01608871e+01
  1.99675473e+02 -9.93320010e+01 -8.54382686e+01  1.29732124e+02
 -9.17168693e+01 -7.17393181e+01 -6.88480897e+01 -8.07178360e+01
 -5.05779655e+01 -2.54571835e+01 -1.09160982e+02 -8.79880798e+01
  1.78041825e+02 -9.99929462e+01 -1.41314620e+02 -1.99816897e+02
 -3.46563975e+00 -1.76030277e+02  1.63129460e+02  1.17406256e+02
 -8.60280937e+00 -1.10222285e+02 -1.01529991e+02 -1.98725302e+02
 -5.61031421e+01  1.56888822e+02 -1.13659449e+01  8.35173705e+01
 -1.30742662e+02 -1.76398011e+01 -6.00471235e+01  4.01737395e+01
  9.33440462e+01 -1.32921734e+02 -1.07664628e+02  4.08821183e+01
 -2.20094780e+01 -1.12689706e+02  1.54471951e+02 -6.12899373e+01
  3.80263498e+01  4.05548587e+01  5.43682788e+01 -1.19727077e+02
 -1.24344522e+02 -1.03426142e+02 -1.80769503e+02  1.84118519e+02
 -6.09543149e+01 -1.57227805e+02 -1.44319136e+02  8.27490315e+01
 -1.19744488e+02 -5.63812321e+01 -1.24992130e+02 -3.08117218e+01
  4.40870327e+01 -1.35479174e+02  7.14660359e+01 -8.45606120e+01
  9.96250778e+01  1.53699046e+02 -1.87213724e+02  9.84275292e+00
  6.54371582e+01 -4.89305906e+01  1.88901579e+02  1.80262795e+02
 -1.77049920e+02 -1.00642278e+02 -1.29125888e+02  1.23865101e+02
 -1.39934302e+02  5.01431066e+01 -1.07401348e+02  1.39744324e+01
  4.69728526e+00 -9.65653620e+01 -1.01455900e+01  8.09510551e+01
 -9.52995105e+01  1.10488766e+02 -4.14582636e+01  1.40867951e+02
 -1.90307798e+02 -1.24190068e+02 -1.95108912e+02  5.54309048e+01
  1.21091508e+01 -8.26851514e+01  1.49652712e+01  1.37877639e+01
 -5.91644025e-01 -1.59507786e+02 -2.22489627e+01 -4.24714307e+01
  1.26209972e+02 -3.35170622e+01  8.93472643e+01  1.47870945e+02
  1.09276502e+02  1.85790172e+02  8.42568632e+00  1.16015615e+02
  1.74154400e+02  4.00121234e+01  1.62922901e+02 -1.86464960e+02
  1.05464661e+02 -6.14575981e+01  1.82740996e+02  1.25387679e+02
  4.92837253e+01 -1.73521206e+02 -4.01626433e+01  1.95098830e+02
  1.23685980e+02 -1.22138297e+02  1.77759880e+01  4.74628538e+00
  1.42387525e+02  1.77630695e+02 -1.56126196e+02  1.27415113e+02
  1.65662044e+02 -1.25146442e+02  4.22431232e+01 -1.58972903e+01
  7.55743581e+01 -3.91940374e+01  1.47427006e+02  1.25183823e+02
 -6.10802099e+00 -1.76620395e+02  1.34102307e+02 -1.99685987e+02
 -1.73848497e+02  5.10622317e+01 -2.93149389e+01 -1.81562884e+02
  1.66911163e+01 -6.19514828e+01  1.80181124e+02 -3.88168694e+01
  3.02807065e+01 -1.85936291e+02  6.85815766e+01]
stepsize_vec:,[2.0e-01 2.0e-01 2.0e-01 2.0e-01 2.0e-08 1.0e-01 2.0e-01 1.0e-02 1.0e-02
 1.0e-01 1.0e-01 1.0e+00 1.5e+03 1.0e+00 1.0e-01 4.0e+01 4.0e+01 4.0e+01
 4.0e+01 4.0e+01 4.0e+01 4.0e+01 4.0e+01 4.0e+01 4.0e+01 4.0e+01 4.0e+01
 4.0e+01 4.0e+01 4.0e+01 4.0e+01 4.0e+01 4.0e+01 4.0e+01 4.0e+01 4.0e+01
 4.0e+01 4.0e+01 4.0e+01 4.0e+01 4.0e+01 4.0e+01 4.0e+01 4.0e+01 4.0e+01
 4.0e+01 4.0e+01 4.0e+01 4.0e+01 4.0e+01 4.0e+01 4.0e+01 4.0e+01 4.0e+01
 4.0e+01 4.0e+01 4.0e+01 4.0e+01 4.0e+01 4.0e+01 4.0e+01 4.0e+01 4.0e+01
 4.0e+01 4.0e+01 4.0e+01 4.0e+01 4.0e+01 4.0e+01 4.0e+01 4.0e+01 4.0e+01
 4.0e+01 4.0e+01 4.0e+01 4.0e+01 4.0e+01 4.0e+01 4.0e+01 4.0e+01 4.0e+01
 4.0e+01 4.0e+01 4.0e+01 4.0e+01 4.0e+01 4.0e+01 4.0e+01 4.0e+01 4.0e+01
 4.0e+01 4.0e+01 4.0e+01 4.0e+01 4.0e+01 4.0e+01 4.0e+01 4.0e+01 4.0e+01
 4.0e+01 4.0e+01 4.0e+01 4.0e+01 4.0e+01 4.0e+01 4.0e+01 4.0e+01 4.0e+01
 4.0e+01 4.0e+01 4.0e+01 4.0e+01 4.0e+01 4.0e+01 4.0e+01 4.0e+01 4.0e+01
 4.0e+01 4.0e+01 4.0e+01 4.0e+01 4.0e+01 4.0e+01 4.0e+01 4.0e+01 4.0e+01
 4.0e+01 4.0e+01 4.0e+01 4.0e+01 4.0e+01 4.0e+01 4.0e+01 4.0e+01 4.0e+01
 4.0e+01 4.0e+01 4.0e+01 4.0e+01 4.0e+01 4.0e+01 4.0e+01 4.0e+01 4.0e+01
 4.0e+01 4.0e+01 4.0e+01 4.0e+01 4.0e+01 4.0e+01 4.0e+01 4.0e+01 4.0e+01
 4.0e+01 4.0e+01 4.0e+01 4.0e+01 4.0e+01 4.0e+01 4.0e+01 4.0e+01 4.0e+01
 4.0e+01 4.0e+01 4.0e+01 4.0e+01 4.0e+01 4.0e+01 4.0e+01 4.0e+01 4.0e+01
 4.0e+01 4.0e+01 4.0e+01 4.0e+01 4.0e+01 4.0e+01 4.0e+01 4.0e+01 4.0e+01
 4.0e+01 4.0e+01 4.0e+01 4.0e+01 4.0e+01 4.0e+01 4.0e+01 4.0e+01 4.0e+01
 4.0e+01 4.0e+01 4.0e+01 4.0e+01 4.0e+01 4.0e+01 4.0e+01 4.0e+01 4.0e+01
 4.0e+01 4.0e+01 4.0e+01 4.0e+01 4.0e+01 4.0e+01 4.0e+01 4.0e+01 4.0e+01
 4.0e+01 4.0e+01 4.0e+01 4.0e+01 4.0e+01 4.0e+01 4.0e+01 4.0e+01 4.0e+01
 4.0e+01 4.0e+01 4.0e+01 4.0e+01 4.0e+01 4.0e+01 4.0e+01 4.0e+01 4.0e+01
 4.0e+01 4.0e+01 4.0e+01 4.0e+01 4.0e+01 4.0e+01 4.0e+01 4.0e+01 4.0e+01
 4.0e+01 4.0e+01 4.0e+01 4.0e+01 4.0e+01 4.0e+01 4.0e+01 4.0e+01 4.0e+01
 4.0e+01 4.0e+01 4.0e+01 4.0e+01 4.0e+01 4.0e+01 4.0e+01 4.0e+01 4.0e+01
 4.0e+01 4.0e+01 4.0e+01 4.0e+01 4.0e+01 4.0e+01 4.0e+01 4.0e+01 4.0e+01
 4.0e+01 4.0e+01 4.0e+01 4.0e+01 4.0e+01 4.0e+01 4.0e+01 4.0e+01 4.0e+01
 4.0e+01 4.0e+01 4.0e+01 4.0e+01 4.0e+01 4.0e+01 4.0e+01 4.0e+01 4.0e+01
 4.0e+01 4.0e+01 4.0e+01 4.0e+01 4.0e+01 4.0e+01 4.0e+01 4.0e+01 4.0e+01
 4.0e+01 4.0e+01 4.0e+01 4.0e+01 4.0e+01 4.0e+01 4.0e+01 4.0e+01 4.0e+01
 4.0e+01 4.0e+01 4.0e+01 4.0e+01 4.0e+01 4.0e+01 4.0e+01 4.0e+01 4.0e+01
 4.0e+01 4.0e+01 4.0e+01 4.0e+01 4.0e+01 4.0e+01 4.0e+01 4.0e+01 4.0e+01
 4.0e+01 4.0e+01 4.0e+01 4.0e+01 4.0e+01 4.0e+01 4.0e+01 4.0e+01 4.0e+01
 4.0e+01 4.0e+01 4.0e+01 4.0e+01 4.0e+01 4.0e+01 4.0e+01 4.0e+01 4.0e+01
 4.0e+01 4.0e+01 4.0e+01 4.0e+01 4.0e+01 4.0e+01 4.0e+01 4.0e+01 4.0e+01
 4.0e+01 4.0e+01 4.0e+01 4.0e+01 4.0e+01 4.0e+01 4.0e+01 4.0e+01 4.0e+01
 4.0e+01 4.0e+01 4.0e+01 4.0e+01 4.0e+01 4.0e+01 4.0e+01 4.0e+01 4.0e+01
 4.0e+01 4.0e+01 4.0e+01 4.0e+01 4.0e+01 4.0e+01 4.0e+01 4.0e+01 4.0e+01
 4.0e+01 4.0e+01 4.0e+01 4.0e+01 4.0e+01 4.0e+01 4.0e+01 4.0e+01 4.0e+01
 4.0e+01 4.0e+01 4.0e+01 4.0e+01 4.0e+01 4.0e+01 4.0e+01 4.0e+01 4.0e+01
 4.0e+01 4.0e+01 4.0e+01 4.0e+01 4.0e+01 4.0e+01 4.0e+01 4.0e+01 4.0e+01
 4.0e+01 4.0e+01 4.0e+01 4.0e+01 4.0e+01 4.0e+01 4.0e+01 4.0e+01 4.0e+01
 4.0e+01 4.0e+01 4.0e+01 4.0e+01 4.0e+01 4.0e+01 4.0e+01 4.0e+01 4.0e+01
 4.0e+01]
step_ratio_vec:,[0.1 0.1 0.1 0.1 0.1 0.1 0.1 0.1 0.1 0.1 0.1 0.1 0.1 0.1 0.1 0.1 0.1 0.1
 0.1 0.1 0.1 0.1 0.1 0.1 0.1 0.1 0.1 0.1 0.1 0.1 0.1 0.1 0.1 0.1 0.1 0.1
 0.1 0.1 0.1 0.1 0.1 0.1 0.1 0.1 0.1 0.1 0.1 0.1 0.1 0.1 0.1 0.1 0.1 0.1
 0.1 0.1 0.1 0.1 0.1 0.1 0.1 0.1 0.1 0.1 0.1 0.1 0.1 0.1 0.1 0.1 0.1 0.1
 0.1 0.1 0.1 0.1 0.1 0.1 0.1 0.1 0.1 0.1 0.1 0.1 0.1 0.1 0.1 0.1 0.1 0.1
 0.1 0.1 0.1 0.1 0.1 0.1 0.1 0.1 0.1 0.1 0.1 0.1 0.1 0.1 0.1 0.1 0.1 0.1
 0.1 0.1 0.1 0.1 0.1 0.1 0.1 0.1 0.1 0.1 0.1 0.1 0.1 0.1 0.1 0.1 0.1 0.1
 0.1 0.1 0.1 0.1 0.1 0.1 0.1 0.1 0.1 0.1 0.1 0.1 0.1 0.1 0.1 0.1 0.1 0.1
 0.1 0.1 0.1 0.1 0.1 0.1 0.1 0.1 0.1 0.1 0.1 0.1 0.1 0.1 0.1 0.1 0.1 0.1
 0.1 0.1 0.1 0.1 0.1 0.1 0.1 0.1 0.1 0.1 0.1 0.1 0.1 0.1 0.1 0.1 0.1 0.1
 0.1 0.1 0.1 0.1 0.1 0.1 0.1 0.1 0.1 0.1 0.1 0.1 0.1 0.1 0.1 0.1 0.1 0.1
 0.1 0.1 0.1 0.1 0.1 0.1 0.1 0.1 0.1 0.1 0.1 0.1 0.1 0.1 0.1 0.1 0.1 0.1
 0.1 0.1 0.1 0.1 0.1 0.1 0.1 0.1 0.1 0.1 0.1 0.1 0.1 0.1 0.1 0.1 0.1 0.1
 0.1 0.1 0.1 0.1 0.1 0.1 0.1 0.1 0.1 0.1 0.1 0.1 0.1 0.1 0.1 0.1 0.1 0.1
 0.1 0.1 0.1 0.1 0.1 0.1 0.1 0.1 0.1 0.1 0.1 0.1 0.1 0.1 0.1 0.1 0.1 0.1
 0.1 0.1 0.1 0.1 0.1 0.1 0.1 0.1 0.1 0.1 0.1 0.1 0.1 0.1 0.1 0.1 0.1 0.1
 0.1 0.1 0.1 0.1 0.1 0.1 0.1 0.1 0.1 0.1 0.1 0.1 0.1 0.1 0.1 0.1 0.1 0.1
 0.1 0.1 0.1 0.1 0.1 0.1 0.1 0.1 0.1 0.1 0.1 0.1 0.1 0.1 0.1 0.1 0.1 0.1
 0.1 0.1 0.1 0.1 0.1 0.1 0.1 0.1 0.1 0.1 0.1 0.1 0.1 0.1 0.1 0.1 0.1 0.1
 0.1 0.1 0.1 0.1 0.1 0.1 0.1 0.1 0.1 0.1 0.1 0.1 0.1 0.1 0.1 0.1 0.1 0.1
 0.1 0.1 0.1 0.1 0.1 0.1 0.1 0.1 0.1 0.1 0.1 0.1 0.1 0.1 0.1 0.1 0.1 0.1
 0.1 0.1 0.1 0.1 0.1 0.1 0.1 0.1 0.1 0.1 0.1 0.1 0.1 0.1 0.1 0.1 0.1 0.1
 0.1 0.1 0.1 0.1 0.1 0.1 0.1 0.1 0.1 0.1 0.1 0.1 0.1 0.1 0.1 0.1 0.1 0.1
 0.1]
swap interval:,1000
sim interval:,[-1.1175e+08 -7.4500e+07 -3.7250e+07  0.0000e+00]
likelihood_sed (T/F):,True
erodep_coords:,[[ 0  3]
 [42 94]
 [42 95]
 ...
 [96 78]
 [96 79]
 [96 80]]
sed scaling factor:,50
samples_per_chain:,125
burnin:,0.25
num params:,415
initial_proposed_vec:,[ 2.24271491e+00  1.70017184e+00  2.65795868e+00  1.71534951e+00
  4.47493695e-07  3.92299370e-02  1.07988152e+00  9.23647385e-02
  3.66141177e-02  8.41816588e-01  7.98048030e-01  5.31526592e+00
  2.34563182e+04  9.69008677e+00  6.99061061e-01  1.93945754e+02
 -1.84863150e+02  1.95166917e+02 -9.45110500e+01 -1.06507813e+02
  7.73582409e+01 -8.32655465e+00 -1.73957544e+02 -8.99070031e+01
  1.33484731e+02 -3.62138302e+01 -1.02598307e+02 -4.43010522e+01
  7.14602767e+01  1.54144330e+02 -1.73653956e+02  9.18119550e-01
  1.72237211e+02 -1.44285095e+01  1.58607373e+02  1.52735204e+02
  7.23958669e+01 -2.72352764e+01  1.70404184e+02  6.60112477e+01
 -1.27657763e+02  8.01294258e+01  1.70767294e+02 -1.73688077e+01
 -1.84587464e+02  1.96693701e+01  6.93682831e+01  5.81867241e+00
 -3.42301713e+01  8.36463406e+01  8.02121859e+01 -1.28475760e+02
 -1.42133660e+02  2.07876205e+01 -1.85286371e+02  1.50769280e-01
  1.00652680e+02  1.83543437e+02 -5.34202809e+01  1.94150958e+02
 -8.04760819e+01  1.10335597e+02  1.90305612e+02 -8.35743285e+01
  2.60048753e+01  6.72947459e+01  1.29859670e+02  1.84344089e+02
 -1.63378697e+02 -1.11504814e+02  4.98239262e+00 -1.52636390e+02
 -6.66218266e+01 -7.12111769e+01 -1.22747671e+02 -1.62609321e+02
  1.16672047e+02  1.45064283e+02 -7.80134596e+01 -7.42136793e+01
  4.85243229e+01  1.31165354e+02 -6.11219832e+01  1.77316237e+02
 -5.93495608e+01 -2.11259209e+01 -7.89613021e+01 -1.12058936e+02
  1.93677232e+02 -1.86204424e+02  1.88306769e+02  1.57468510e+02
 -1.19318228e+02  1.13127812e+02  1.79334821e+02  1.58277624e+02
 -1.32467465e+02 -1.23203586e+01 -1.24853134e+00  6.67244438e+01
  1.38273351e+02  2.40460179e+01 -2.58557786e+01  9.34010716e+01
  1.66690948e+02 -1.26595146e+02 -1.86239634e+02 -1.87515647e+02
  6.20052414e+01  1.71321562e+02  7.13544437e+00 -1.62419136e+02
  5.84201368e+01  5.11753612e+01  1.52190364e+02 -1.40714223e+02
  6.07016262e+01 -1.59428103e+01  1.23432612e+02 -5.21222256e+01
  1.53194750e+02 -1.47623594e+00  1.75787872e+02 -1.87551503e+02
  1.74852920e+02 -9.50506280e+01 -1.43585808e+02 -2.37744277e+01
 -1.97230360e+02 -1.38752296e+02  1.84814406e+02  1.99873389e+02
 -8.55143176e+01  3.83633115e+01  1.24296679e+02 -1.08875958e+02
  4.32314085e+01 -1.01950309e+02  1.95947232e+02 -1.54758675e+02
  5.38248140e+01  1.77095541e+02 -5.94018517e+01  1.91334774e+02
  1.05106600e+02 -1.39268030e+02 -7.21428659e+01  1.74311387e+02
  3.26635940e+01 -1.67136157e+02 -1.71273594e+02  1.12333141e+02
 -4.36129101e+01  6.16356512e+01  1.91616367e+02  1.88825406e+00
  1.76715338e+02 -5.95408966e+01 -4.84842836e+01  1.51115709e+02
 -1.47652891e+02 -1.19023988e+02  1.89346989e+02 -1.81929580e+02
 -1.45098808e+02  2.99701557e+01 -3.56170310e+01 -5.54940200e+01
 -9.39274426e+01 -1.11689617e+02  6.10973280e+01  1.64252497e+02
 -1.13172861e+02  4.28462343e+01 -1.42467664e+02  5.92812180e+01
 -1.09890564e+02  2.73485077e+01  7.56165061e-01  1.31468392e+02
  1.88845202e+02  5.83824274e+01  1.99105702e+01 -1.59174880e+02
  1.15673074e+01  1.55900317e+00 -3.36198718e+01 -1.90623444e+02
 -1.08479593e+02  1.58194655e+02 -1.01312127e+02 -7.12326557e+01
  1.80990002e+02  1.57203923e+02 -1.69483552e+02  1.32582969e+02
  1.27792833e+02  1.88588420e+02  1.79462363e+02  8.04500874e+01
  1.13465597e+02  1.27926237e+02  1.14938158e+02 -7.18684036e+00
  1.71827453e+02  1.15778017e+02  3.60999164e+01  1.10728268e+02
  6.85928923e+01 -1.31174035e+02  3.82371050e+01  1.77551017e+02
 -1.41005421e+02 -1.81738986e+02  1.86025317e+02  1.19786967e+02
  5.83142220e+01 -1.76373688e+02 -1.57426108e+02 -1.60173694e+02
 -5.48915871e+01  1.38256805e+02  7.13406878e+01 -1.84768328e+02
 -1.65734789e+02  4.51735711e+01 -5.05499133e+01 -1.34850010e+01
  4.17920478e+01 -7.74940758e+01 -1.76691105e+01  7.77505781e+01
  1.23671030e+02  1.35948920e+02  1.11064737e+02  1.33681195e+02
 -5.90313530e+00 -1.79251172e+02 -6.57687237e+01  7.88183861e+00
  3.68706371e+01 -1.44576638e+02  1.07152791e+02 -1.05909803e+02
 -1.81627904e+02  4.52627131e+01 -1.42497253e+02 -1.19229643e+02
 -3.82384747e+01  1.06953944e+02  1.02475958e+02  1.26739333e+02
  1.85666978e+02  1.09223115e+02  9.93013988e+01 -1.97238547e+02
 -1.96943141e+02 -7.16716701e+01  7.55348978e+01  5.06345554e+01
 -1.57664310e+02 -1.34397849e+02  1.43465041e+02 -1.59833875e+02
  1.26083819e+02  1.15880456e+02 -1.93743335e+02  3.01608871e+01
  1.99675473e+02 -9.93320010e+01 -8.54382686e+01  1.29732124e+02
 -9.17168693e+01 -7.17393181e+01 -6.88480897e+01 -8.07178360e+01
 -5.05779655e+01 -2.54571835e+01 -1.09160982e+02 -8.79880798e+01
  1.78041825e+02 -9.99929462e+01 -1.41314620e+02 -1.99816897e+02
 -3.46563975e+00 -1.76030277e+02  1.63129460e+02  1.17406256e+02
 -8.60280937e+00 -1.10222285e+02 -1.01529991e+02 -1.98725302e+02
 -5.61031421e+01  1.56888822e+02 -1.13659449e+01  8.35173705e+01
 -1.30742662e+02 -1.76398011e+01 -6.00471235e+01  4.01737395e+01
  9.33440462e+01 -1.32921734e+02 -1.07664628e+02  4.08821183e+01
 -2.20094780e+01 -1.12689706e+02  1.54471951e+02 -6.12899373e+01
  3.80263498e+01  4.05548587e+01  5.43682788e+01 -1.19727077e+02
 -1.24344522e+02 -1.03426142e+02 -1.80769503e+02  1.84118519e+02
 -6.09543149e+01 -1.57227805e+02 -1.44319136e+02  8.27490315e+01
 -1.19744488e+02 -5.63812321e+01 -1.24992130e+02 -3.08117218e+01
  4.40870327e+01 -1.35479174e+02  7.14660359e+01 -8.45606120e+01
  9.96250778e+01  1.53699046e+02 -1.87213724e+02  9.84275292e+00
  6.54371582e+01 -4.89305906e+01  1.88901579e+02  1.80262795e+02
 -1.77049920e+02 -1.00642278e+02 -1.29125888e+02  1.23865101e+02
 -1.39934302e+02  5.01431066e+01 -1.07401348e+02  1.39744324e+01
  4.69728526e+00 -9.65653620e+01 -1.01455900e+01  8.09510551e+01
 -9.52995105e+01  1.10488766e+02 -4.14582636e+01  1.40867951e+02
 -1.90307798e+02 -1.24190068e+02 -1.95108912e+02  5.54309048e+01
  1.21091508e+01 -8.26851514e+01  1.49652712e+01  1.37877639e+01
 -5.91644025e-01 -1.59507786e+02 -2.22489627e+01 -4.24714307e+01
  1.26209972e+02 -3.35170622e+01  8.93472643e+01  1.47870945e+02
  1.09276502e+02  1.85790172e+02  8.42568632e+00  1.16015615e+02
  1.74154400e+02  4.00121234e+01  1.62922901e+02 -1.86464960e+02
  1.05464661e+02 -6.14575981e+01  1.82740996e+02  1.25387679e+02
  4.92837253e+01 -1.73521206e+02 -4.01626433e+01  1.95098830e+02
  1.23685980e+02 -1.22138297e+02  1.77759880e+01  4.74628538e+00
  1.42387525e+02  1.77630695e+02 -1.56126196e+02  1.27415113e+02
  1.65662044e+02 -1.25146442e+02  4.22431232e+01 -1.58972903e+01
  7.55743581e+01 -3.91940374e+01  1.47427006e+02  1.25183823e+02
 -6.10802099e+00 -1.76620395e+02  1.34102307e+02 -1.99685987e+02
 -1.73848497e+02  5.10622317e+01 -2.93149389e+01 -1.81562884e+02
  1.66911163e+01 -6.19514828e+01  1.80181124e+02 -3.88168694e+01
  3.02807065e+01 -1.85936291e+02  6.85815766e+01]
stepsize_vec:,[2.0e-01 2.0e-01 2.0e-01 2.0e-01 2.0e-08 1.0e-01 2.0e-01 1.0e-02 1.0e-02
 1.0e-01 1.0e-01 1.0e+00 1.5e+03 1.0e+00 1.0e-01 4.0e+01 4.0e+01 4.0e+01
 4.0e+01 4.0e+01 4.0e+01 4.0e+01 4.0e+01 4.0e+01 4.0e+01 4.0e+01 4.0e+01
 4.0e+01 4.0e+01 4.0e+01 4.0e+01 4.0e+01 4.0e+01 4.0e+01 4.0e+01 4.0e+01
 4.0e+01 4.0e+01 4.0e+01 4.0e+01 4.0e+01 4.0e+01 4.0e+01 4.0e+01 4.0e+01
 4.0e+01 4.0e+01 4.0e+01 4.0e+01 4.0e+01 4.0e+01 4.0e+01 4.0e+01 4.0e+01
 4.0e+01 4.0e+01 4.0e+01 4.0e+01 4.0e+01 4.0e+01 4.0e+01 4.0e+01 4.0e+01
 4.0e+01 4.0e+01 4.0e+01 4.0e+01 4.0e+01 4.0e+01 4.0e+01 4.0e+01 4.0e+01
 4.0e+01 4.0e+01 4.0e+01 4.0e+01 4.0e+01 4.0e+01 4.0e+01 4.0e+01 4.0e+01
 4.0e+01 4.0e+01 4.0e+01 4.0e+01 4.0e+01 4.0e+01 4.0e+01 4.0e+01 4.0e+01
 4.0e+01 4.0e+01 4.0e+01 4.0e+01 4.0e+01 4.0e+01 4.0e+01 4.0e+01 4.0e+01
 4.0e+01 4.0e+01 4.0e+01 4.0e+01 4.0e+01 4.0e+01 4.0e+01 4.0e+01 4.0e+01
 4.0e+01 4.0e+01 4.0e+01 4.0e+01 4.0e+01 4.0e+01 4.0e+01 4.0e+01 4.0e+01
 4.0e+01 4.0e+01 4.0e+01 4.0e+01 4.0e+01 4.0e+01 4.0e+01 4.0e+01 4.0e+01
 4.0e+01 4.0e+01 4.0e+01 4.0e+01 4.0e+01 4.0e+01 4.0e+01 4.0e+01 4.0e+01
 4.0e+01 4.0e+01 4.0e+01 4.0e+01 4.0e+01 4.0e+01 4.0e+01 4.0e+01 4.0e+01
 4.0e+01 4.0e+01 4.0e+01 4.0e+01 4.0e+01 4.0e+01 4.0e+01 4.0e+01 4.0e+01
 4.0e+01 4.0e+01 4.0e+01 4.0e+01 4.0e+01 4.0e+01 4.0e+01 4.0e+01 4.0e+01
 4.0e+01 4.0e+01 4.0e+01 4.0e+01 4.0e+01 4.0e+01 4.0e+01 4.0e+01 4.0e+01
 4.0e+01 4.0e+01 4.0e+01 4.0e+01 4.0e+01 4.0e+01 4.0e+01 4.0e+01 4.0e+01
 4.0e+01 4.0e+01 4.0e+01 4.0e+01 4.0e+01 4.0e+01 4.0e+01 4.0e+01 4.0e+01
 4.0e+01 4.0e+01 4.0e+01 4.0e+01 4.0e+01 4.0e+01 4.0e+01 4.0e+01 4.0e+01
 4.0e+01 4.0e+01 4.0e+01 4.0e+01 4.0e+01 4.0e+01 4.0e+01 4.0e+01 4.0e+01
 4.0e+01 4.0e+01 4.0e+01 4.0e+01 4.0e+01 4.0e+01 4.0e+01 4.0e+01 4.0e+01
 4.0e+01 4.0e+01 4.0e+01 4.0e+01 4.0e+01 4.0e+01 4.0e+01 4.0e+01 4.0e+01
 4.0e+01 4.0e+01 4.0e+01 4.0e+01 4.0e+01 4.0e+01 4.0e+01 4.0e+01 4.0e+01
 4.0e+01 4.0e+01 4.0e+01 4.0e+01 4.0e+01 4.0e+01 4.0e+01 4.0e+01 4.0e+01
 4.0e+01 4.0e+01 4.0e+01 4.0e+01 4.0e+01 4.0e+01 4.0e+01 4.0e+01 4.0e+01
 4.0e+01 4.0e+01 4.0e+01 4.0e+01 4.0e+01 4.0e+01 4.0e+01 4.0e+01 4.0e+01
 4.0e+01 4.0e+01 4.0e+01 4.0e+01 4.0e+01 4.0e+01 4.0e+01 4.0e+01 4.0e+01
 4.0e+01 4.0e+01 4.0e+01 4.0e+01 4.0e+01 4.0e+01 4.0e+01 4.0e+01 4.0e+01
 4.0e+01 4.0e+01 4.0e+01 4.0e+01 4.0e+01 4.0e+01 4.0e+01 4.0e+01 4.0e+01
 4.0e+01 4.0e+01 4.0e+01 4.0e+01 4.0e+01 4.0e+01 4.0e+01 4.0e+01 4.0e+01
 4.0e+01 4.0e+01 4.0e+01 4.0e+01 4.0e+01 4.0e+01 4.0e+01 4.0e+01 4.0e+01
 4.0e+01 4.0e+01 4.0e+01 4.0e+01 4.0e+01 4.0e+01 4.0e+01 4.0e+01 4.0e+01
 4.0e+01 4.0e+01 4.0e+01 4.0e+01 4.0e+01 4.0e+01 4.0e+01 4.0e+01 4.0e+01
 4.0e+01 4.0e+01 4.0e+01 4.0e+01 4.0e+01 4.0e+01 4.0e+01 4.0e+01 4.0e+01
 4.0e+01 4.0e+01 4.0e+01 4.0e+01 4.0e+01 4.0e+01 4.0e+01 4.0e+01 4.0e+01
 4.0e+01 4.0e+01 4.0e+01 4.0e+01 4.0e+01 4.0e+01 4.0e+01 4.0e+01 4.0e+01
 4.0e+01 4.0e+01 4.0e+01 4.0e+01 4.0e+01 4.0e+01 4.0e+01 4.0e+01 4.0e+01
 4.0e+01 4.0e+01 4.0e+01 4.0e+01 4.0e+01 4.0e+01 4.0e+01 4.0e+01 4.0e+01
 4.0e+01 4.0e+01 4.0e+01 4.0e+01 4.0e+01 4.0e+01 4.0e+01 4.0e+01 4.0e+01
 4.0e+01 4.0e+01 4.0e+01 4.0e+01 4.0e+01 4.0e+01 4.0e+01 4.0e+01 4.0e+01
 4.0e+01 4.0e+01 4.0e+01 4.0e+01 4.0e+01 4.0e+01 4.0e+01 4.0e+01 4.0e+01
 4.0e+01 4.0e+01 4.0e+01 4.0e+01 4.0e+01 4.0e+01 4.0e+01 4.0e+01 4.0e+01
 4.0e+01 4.0e+01 4.0e+01 4.0e+01 4.0e+01 4.0e+01 4.0e+01 4.0e+01 4.0e+01
 4.0e+01]
step_ratio_vec:,[0.1 0.1 0.1 0.1 0.1 0.1 0.1 0.1 0.1 0.1 0.1 0.1 0.1 0.1 0.1 0.1 0.1 0.1
 0.1 0.1 0.1 0.1 0.1 0.1 0.1 0.1 0.1 0.1 0.1 0.1 0.1 0.1 0.1 0.1 0.1 0.1
 0.1 0.1 0.1 0.1 0.1 0.1 0.1 0.1 0.1 0.1 0.1 0.1 0.1 0.1 0.1 0.1 0.1 0.1
 0.1 0.1 0.1 0.1 0.1 0.1 0.1 0.1 0.1 0.1 0.1 0.1 0.1 0.1 0.1 0.1 0.1 0.1
 0.1 0.1 0.1 0.1 0.1 0.1 0.1 0.1 0.1 0.1 0.1 0.1 0.1 0.1 0.1 0.1 0.1 0.1
 0.1 0.1 0.1 0.1 0.1 0.1 0.1 0.1 0.1 0.1 0.1 0.1 0.1 0.1 0.1 0.1 0.1 0.1
 0.1 0.1 0.1 0.1 0.1 0.1 0.1 0.1 0.1 0.1 0.1 0.1 0.1 0.1 0.1 0.1 0.1 0.1
 0.1 0.1 0.1 0.1 0.1 0.1 0.1 0.1 0.1 0.1 0.1 0.1 0.1 0.1 0.1 0.1 0.1 0.1
 0.1 0.1 0.1 0.1 0.1 0.1 0.1 0.1 0.1 0.1 0.1 0.1 0.1 0.1 0.1 0.1 0.1 0.1
 0.1 0.1 0.1 0.1 0.1 0.1 0.1 0.1 0.1 0.1 0.1 0.1 0.1 0.1 0.1 0.1 0.1 0.1
 0.1 0.1 0.1 0.1 0.1 0.1 0.1 0.1 0.1 0.1 0.1 0.1 0.1 0.1 0.1 0.1 0.1 0.1
 0.1 0.1 0.1 0.1 0.1 0.1 0.1 0.1 0.1 0.1 0.1 0.1 0.1 0.1 0.1 0.1 0.1 0.1
 0.1 0.1 0.1 0.1 0.1 0.1 0.1 0.1 0.1 0.1 0.1 0.1 0.1 0.1 0.1 0.1 0.1 0.1
 0.1 0.1 0.1 0.1 0.1 0.1 0.1 0.1 0.1 0.1 0.1 0.1 0.1 0.1 0.1 0.1 0.1 0.1
 0.1 0.1 0.1 0.1 0.1 0.1 0.1 0.1 0.1 0.1 0.1 0.1 0.1 0.1 0.1 0.1 0.1 0.1
 0.1 0.1 0.1 0.1 0.1 0.1 0.1 0.1 0.1 0.1 0.1 0.1 0.1 0.1 0.1 0.1 0.1 0.1
 0.1 0.1 0.1 0.1 0.1 0.1 0.1 0.1 0.1 0.1 0.1 0.1 0.1 0.1 0.1 0.1 0.1 0.1
 0.1 0.1 0.1 0.1 0.1 0.1 0.1 0.1 0.1 0.1 0.1 0.1 0.1 0.1 0.1 0.1 0.1 0.1
 0.1 0.1 0.1 0.1 0.1 0.1 0.1 0.1 0.1 0.1 0.1 0.1 0.1 0.1 0.1 0.1 0.1 0.1
 0.1 0.1 0.1 0.1 0.1 0.1 0.1 0.1 0.1 0.1 0.1 0.1 0.1 0.1 0.1 0.1 0.1 0.1
 0.1 0.1 0.1 0.1 0.1 0.1 0.1 0.1 0.1 0.1 0.1 0.1 0.1 0.1 0.1 0.1 0.1 0.1
 0.1 0.1 0.1 0.1 0.1 0.1 0.1 0.1 0.1 0.1 0.1 0.1 0.1 0.1 0.1 0.1 0.1 0.1
 0.1 0.1 0.1 0.1 0.1 0.1 0.1 0.1 0.1 0.1 0.1 0.1 0.1 0.1 0.1 0.1 0.1 0.1
 0.1]
swap interval:,1000
sim interval:,[-1.1175e+08 -7.4500e+07 -3.7250e+07  0.0000e+00]
likelihood_sed (T/F):,True
erodep_coords:,[[ 0  3]
 [42 94]
 [42 95]
 ...
 [96 78]
 [96 79]
 [96 80]]
sed scaling factor:,50
samples_per_chain:,125
burnin:,0.25
num params:,415
initial_proposed_vec:,[ 2.24271491e+00  1.70017184e+00  2.65795868e+00  1.71534951e+00
  4.47493695e-07  3.92299370e-02  1.07988152e+00  9.23647385e-02
  3.66141177e-02  8.41816588e-01  7.98048030e-01  5.31526592e+00
  2.34563182e+04  9.69008677e+00  6.99061061e-01  1.93945754e+02
 -1.84863150e+02  1.95166917e+02 -9.45110500e+01 -1.06507813e+02
  7.73582409e+01 -8.32655465e+00 -1.73957544e+02 -8.99070031e+01
  1.33484731e+02 -3.62138302e+01 -1.02598307e+02 -4.43010522e+01
  7.14602767e+01  1.54144330e+02 -1.73653956e+02  9.18119550e-01
  1.72237211e+02 -1.44285095e+01  1.58607373e+02  1.52735204e+02
  7.23958669e+01 -2.72352764e+01  1.70404184e+02  6.60112477e+01
 -1.27657763e+02  8.01294258e+01  1.70767294e+02 -1.73688077e+01
 -1.84587464e+02  1.96693701e+01  6.93682831e+01  5.81867241e+00
 -3.42301713e+01  8.36463406e+01  8.02121859e+01 -1.28475760e+02
 -1.42133660e+02  2.07876205e+01 -1.85286371e+02  1.50769280e-01
  1.00652680e+02  1.83543437e+02 -5.34202809e+01  1.94150958e+02
 -8.04760819e+01  1.10335597e+02  1.90305612e+02 -8.35743285e+01
  2.60048753e+01  6.72947459e+01  1.29859670e+02  1.84344089e+02
 -1.63378697e+02 -1.11504814e+02  4.98239262e+00 -1.52636390e+02
 -6.66218266e+01 -7.12111769e+01 -1.22747671e+02 -1.62609321e+02
  1.16672047e+02  1.45064283e+02 -7.80134596e+01 -7.42136793e+01
  4.85243229e+01  1.31165354e+02 -6.11219832e+01  1.77316237e+02
 -5.93495608e+01 -2.11259209e+01 -7.89613021e+01 -1.12058936e+02
  1.93677232e+02 -1.86204424e+02  1.88306769e+02  1.57468510e+02
 -1.19318228e+02  1.13127812e+02  1.79334821e+02  1.58277624e+02
 -1.32467465e+02 -1.23203586e+01 -1.24853134e+00  6.67244438e+01
  1.38273351e+02  2.40460179e+01 -2.58557786e+01  9.34010716e+01
  1.66690948e+02 -1.26595146e+02 -1.86239634e+02 -1.87515647e+02
  6.20052414e+01  1.71321562e+02  7.13544437e+00 -1.62419136e+02
  5.84201368e+01  5.11753612e+01  1.52190364e+02 -1.40714223e+02
  6.07016262e+01 -1.59428103e+01  1.23432612e+02 -5.21222256e+01
  1.53194750e+02 -1.47623594e+00  1.75787872e+02 -1.87551503e+02
  1.74852920e+02 -9.50506280e+01 -1.43585808e+02 -2.37744277e+01
 -1.97230360e+02 -1.38752296e+02  1.84814406e+02  1.99873389e+02
 -8.55143176e+01  3.83633115e+01  1.24296679e+02 -1.08875958e+02
  4.32314085e+01 -1.01950309e+02  1.95947232e+02 -1.54758675e+02
  5.38248140e+01  1.77095541e+02 -5.94018517e+01  1.91334774e+02
  1.05106600e+02 -1.39268030e+02 -7.21428659e+01  1.74311387e+02
  3.26635940e+01 -1.67136157e+02 -1.71273594e+02  1.12333141e+02
 -4.36129101e+01  6.16356512e+01  1.91616367e+02  1.88825406e+00
  1.76715338e+02 -5.95408966e+01 -4.84842836e+01  1.51115709e+02
 -1.47652891e+02 -1.19023988e+02  1.89346989e+02 -1.81929580e+02
 -1.45098808e+02  2.99701557e+01 -3.56170310e+01 -5.54940200e+01
 -9.39274426e+01 -1.11689617e+02  6.10973280e+01  1.64252497e+02
 -1.13172861e+02  4.28462343e+01 -1.42467664e+02  5.92812180e+01
 -1.09890564e+02  2.73485077e+01  7.56165061e-01  1.31468392e+02
  1.88845202e+02  5.83824274e+01  1.99105702e+01 -1.59174880e+02
  1.15673074e+01  1.55900317e+00 -3.36198718e+01 -1.90623444e+02
 -1.08479593e+02  1.58194655e+02 -1.01312127e+02 -7.12326557e+01
  1.80990002e+02  1.57203923e+02 -1.69483552e+02  1.32582969e+02
  1.27792833e+02  1.88588420e+02  1.79462363e+02  8.04500874e+01
  1.13465597e+02  1.27926237e+02  1.14938158e+02 -7.18684036e+00
  1.71827453e+02  1.15778017e+02  3.60999164e+01  1.10728268e+02
  6.85928923e+01 -1.31174035e+02  3.82371050e+01  1.77551017e+02
 -1.41005421e+02 -1.81738986e+02  1.86025317e+02  1.19786967e+02
  5.83142220e+01 -1.76373688e+02 -1.57426108e+02 -1.60173694e+02
 -5.48915871e+01  1.38256805e+02  7.13406878e+01 -1.84768328e+02
 -1.65734789e+02  4.51735711e+01 -5.05499133e+01 -1.34850010e+01
  4.17920478e+01 -7.74940758e+01 -1.76691105e+01  7.77505781e+01
  1.23671030e+02  1.35948920e+02  1.11064737e+02  1.33681195e+02
 -5.90313530e+00 -1.79251172e+02 -6.57687237e+01  7.88183861e+00
  3.68706371e+01 -1.44576638e+02  1.07152791e+02 -1.05909803e+02
 -1.81627904e+02  4.52627131e+01 -1.42497253e+02 -1.19229643e+02
 -3.82384747e+01  1.06953944e+02  1.02475958e+02  1.26739333e+02
  1.85666978e+02  1.09223115e+02  9.93013988e+01 -1.97238547e+02
 -1.96943141e+02 -7.16716701e+01  7.55348978e+01  5.06345554e+01
 -1.57664310e+02 -1.34397849e+02  1.43465041e+02 -1.59833875e+02
  1.26083819e+02  1.15880456e+02 -1.93743335e+02  3.01608871e+01
  1.99675473e+02 -9.93320010e+01 -8.54382686e+01  1.29732124e+02
 -9.17168693e+01 -7.17393181e+01 -6.88480897e+01 -8.07178360e+01
 -5.05779655e+01 -2.54571835e+01 -1.09160982e+02 -8.79880798e+01
  1.78041825e+02 -9.99929462e+01 -1.41314620e+02 -1.99816897e+02
 -3.46563975e+00 -1.76030277e+02  1.63129460e+02  1.17406256e+02
 -8.60280937e+00 -1.10222285e+02 -1.01529991e+02 -1.98725302e+02
 -5.61031421e+01  1.56888822e+02 -1.13659449e+01  8.35173705e+01
 -1.30742662e+02 -1.76398011e+01 -6.00471235e+01  4.01737395e+01
  9.33440462e+01 -1.32921734e+02 -1.07664628e+02  4.08821183e+01
 -2.20094780e+01 -1.12689706e+02  1.54471951e+02 -6.12899373e+01
  3.80263498e+01  4.05548587e+01  5.43682788e+01 -1.19727077e+02
 -1.24344522e+02 -1.03426142e+02 -1.80769503e+02  1.84118519e+02
 -6.09543149e+01 -1.57227805e+02 -1.44319136e+02  8.27490315e+01
 -1.19744488e+02 -5.63812321e+01 -1.24992130e+02 -3.08117218e+01
  4.40870327e+01 -1.35479174e+02  7.14660359e+01 -8.45606120e+01
  9.96250778e+01  1.53699046e+02 -1.87213724e+02  9.84275292e+00
  6.54371582e+01 -4.89305906e+01  1.88901579e+02  1.80262795e+02
 -1.77049920e+02 -1.00642278e+02 -1.29125888e+02  1.23865101e+02
 -1.39934302e+02  5.01431066e+01 -1.07401348e+02  1.39744324e+01
  4.69728526e+00 -9.65653620e+01 -1.01455900e+01  8.09510551e+01
 -9.52995105e+01  1.10488766e+02 -4.14582636e+01  1.40867951e+02
 -1.90307798e+02 -1.24190068e+02 -1.95108912e+02  5.54309048e+01
  1.21091508e+01 -8.26851514e+01  1.49652712e+01  1.37877639e+01
 -5.91644025e-01 -1.59507786e+02 -2.22489627e+01 -4.24714307e+01
  1.26209972e+02 -3.35170622e+01  8.93472643e+01  1.47870945e+02
  1.09276502e+02  1.85790172e+02  8.42568632e+00  1.16015615e+02
  1.74154400e+02  4.00121234e+01  1.62922901e+02 -1.86464960e+02
  1.05464661e+02 -6.14575981e+01  1.82740996e+02  1.25387679e+02
  4.92837253e+01 -1.73521206e+02 -4.01626433e+01  1.95098830e+02
  1.23685980e+02 -1.22138297e+02  1.77759880e+01  4.74628538e+00
  1.42387525e+02  1.77630695e+02 -1.56126196e+02  1.27415113e+02
  1.65662044e+02 -1.25146442e+02  4.22431232e+01 -1.58972903e+01
  7.55743581e+01 -3.91940374e+01  1.47427006e+02  1.25183823e+02
 -6.10802099e+00 -1.76620395e+02  1.34102307e+02 -1.99685987e+02
 -1.73848497e+02  5.10622317e+01 -2.93149389e+01 -1.81562884e+02
  1.66911163e+01 -6.19514828e+01  1.80181124e+02 -3.88168694e+01
  3.02807065e+01 -1.85936291e+02  6.85815766e+01]
stepsize_vec:,[2.0e-01 2.0e-01 2.0e-01 2.0e-01 2.0e-08 1.0e-01 2.0e-01 1.0e-02 1.0e-02
 1.0e-01 1.0e-01 1.0e+00 1.5e+03 1.0e+00 1.0e-01 4.0e+01 4.0e+01 4.0e+01
 4.0e+01 4.0e+01 4.0e+01 4.0e+01 4.0e+01 4.0e+01 4.0e+01 4.0e+01 4.0e+01
 4.0e+01 4.0e+01 4.0e+01 4.0e+01 4.0e+01 4.0e+01 4.0e+01 4.0e+01 4.0e+01
 4.0e+01 4.0e+01 4.0e+01 4.0e+01 4.0e+01 4.0e+01 4.0e+01 4.0e+01 4.0e+01
 4.0e+01 4.0e+01 4.0e+01 4.0e+01 4.0e+01 4.0e+01 4.0e+01 4.0e+01 4.0e+01
 4.0e+01 4.0e+01 4.0e+01 4.0e+01 4.0e+01 4.0e+01 4.0e+01 4.0e+01 4.0e+01
 4.0e+01 4.0e+01 4.0e+01 4.0e+01 4.0e+01 4.0e+01 4.0e+01 4.0e+01 4.0e+01
 4.0e+01 4.0e+01 4.0e+01 4.0e+01 4.0e+01 4.0e+01 4.0e+01 4.0e+01 4.0e+01
 4.0e+01 4.0e+01 4.0e+01 4.0e+01 4.0e+01 4.0e+01 4.0e+01 4.0e+01 4.0e+01
 4.0e+01 4.0e+01 4.0e+01 4.0e+01 4.0e+01 4.0e+01 4.0e+01 4.0e+01 4.0e+01
 4.0e+01 4.0e+01 4.0e+01 4.0e+01 4.0e+01 4.0e+01 4.0e+01 4.0e+01 4.0e+01
 4.0e+01 4.0e+01 4.0e+01 4.0e+01 4.0e+01 4.0e+01 4.0e+01 4.0e+01 4.0e+01
 4.0e+01 4.0e+01 4.0e+01 4.0e+01 4.0e+01 4.0e+01 4.0e+01 4.0e+01 4.0e+01
 4.0e+01 4.0e+01 4.0e+01 4.0e+01 4.0e+01 4.0e+01 4.0e+01 4.0e+01 4.0e+01
 4.0e+01 4.0e+01 4.0e+01 4.0e+01 4.0e+01 4.0e+01 4.0e+01 4.0e+01 4.0e+01
 4.0e+01 4.0e+01 4.0e+01 4.0e+01 4.0e+01 4.0e+01 4.0e+01 4.0e+01 4.0e+01
 4.0e+01 4.0e+01 4.0e+01 4.0e+01 4.0e+01 4.0e+01 4.0e+01 4.0e+01 4.0e+01
 4.0e+01 4.0e+01 4.0e+01 4.0e+01 4.0e+01 4.0e+01 4.0e+01 4.0e+01 4.0e+01
 4.0e+01 4.0e+01 4.0e+01 4.0e+01 4.0e+01 4.0e+01 4.0e+01 4.0e+01 4.0e+01
 4.0e+01 4.0e+01 4.0e+01 4.0e+01 4.0e+01 4.0e+01 4.0e+01 4.0e+01 4.0e+01
 4.0e+01 4.0e+01 4.0e+01 4.0e+01 4.0e+01 4.0e+01 4.0e+01 4.0e+01 4.0e+01
 4.0e+01 4.0e+01 4.0e+01 4.0e+01 4.0e+01 4.0e+01 4.0e+01 4.0e+01 4.0e+01
 4.0e+01 4.0e+01 4.0e+01 4.0e+01 4.0e+01 4.0e+01 4.0e+01 4.0e+01 4.0e+01
 4.0e+01 4.0e+01 4.0e+01 4.0e+01 4.0e+01 4.0e+01 4.0e+01 4.0e+01 4.0e+01
 4.0e+01 4.0e+01 4.0e+01 4.0e+01 4.0e+01 4.0e+01 4.0e+01 4.0e+01 4.0e+01
 4.0e+01 4.0e+01 4.0e+01 4.0e+01 4.0e+01 4.0e+01 4.0e+01 4.0e+01 4.0e+01
 4.0e+01 4.0e+01 4.0e+01 4.0e+01 4.0e+01 4.0e+01 4.0e+01 4.0e+01 4.0e+01
 4.0e+01 4.0e+01 4.0e+01 4.0e+01 4.0e+01 4.0e+01 4.0e+01 4.0e+01 4.0e+01
 4.0e+01 4.0e+01 4.0e+01 4.0e+01 4.0e+01 4.0e+01 4.0e+01 4.0e+01 4.0e+01
 4.0e+01 4.0e+01 4.0e+01 4.0e+01 4.0e+01 4.0e+01 4.0e+01 4.0e+01 4.0e+01
 4.0e+01 4.0e+01 4.0e+01 4.0e+01 4.0e+01 4.0e+01 4.0e+01 4.0e+01 4.0e+01
 4.0e+01 4.0e+01 4.0e+01 4.0e+01 4.0e+01 4.0e+01 4.0e+01 4.0e+01 4.0e+01
 4.0e+01 4.0e+01 4.0e+01 4.0e+01 4.0e+01 4.0e+01 4.0e+01 4.0e+01 4.0e+01
 4.0e+01 4.0e+01 4.0e+01 4.0e+01 4.0e+01 4.0e+01 4.0e+01 4.0e+01 4.0e+01
 4.0e+01 4.0e+01 4.0e+01 4.0e+01 4.0e+01 4.0e+01 4.0e+01 4.0e+01 4.0e+01
 4.0e+01 4.0e+01 4.0e+01 4.0e+01 4.0e+01 4.0e+01 4.0e+01 4.0e+01 4.0e+01
 4.0e+01 4.0e+01 4.0e+01 4.0e+01 4.0e+01 4.0e+01 4.0e+01 4.0e+01 4.0e+01
 4.0e+01 4.0e+01 4.0e+01 4.0e+01 4.0e+01 4.0e+01 4.0e+01 4.0e+01 4.0e+01
 4.0e+01 4.0e+01 4.0e+01 4.0e+01 4.0e+01 4.0e+01 4.0e+01 4.0e+01 4.0e+01
 4.0e+01 4.0e+01 4.0e+01 4.0e+01 4.0e+01 4.0e+01 4.0e+01 4.0e+01 4.0e+01
 4.0e+01 4.0e+01 4.0e+01 4.0e+01 4.0e+01 4.0e+01 4.0e+01 4.0e+01 4.0e+01
 4.0e+01 4.0e+01 4.0e+01 4.0e+01 4.0e+01 4.0e+01 4.0e+01 4.0e+01 4.0e+01
 4.0e+01 4.0e+01 4.0e+01 4.0e+01 4.0e+01 4.0e+01 4.0e+01 4.0e+01 4.0e+01
 4.0e+01 4.0e+01 4.0e+01 4.0e+01 4.0e+01 4.0e+01 4.0e+01 4.0e+01 4.0e+01
 4.0e+01 4.0e+01 4.0e+01 4.0e+01 4.0e+01 4.0e+01 4.0e+01 4.0e+01 4.0e+01
 4.0e+01]
step_ratio_vec:,[0.1 0.1 0.1 0.1 0.1 0.1 0.1 0.1 0.1 0.1 0.1 0.1 0.1 0.1 0.1 0.1 0.1 0.1
 0.1 0.1 0.1 0.1 0.1 0.1 0.1 0.1 0.1 0.1 0.1 0.1 0.1 0.1 0.1 0.1 0.1 0.1
 0.1 0.1 0.1 0.1 0.1 0.1 0.1 0.1 0.1 0.1 0.1 0.1 0.1 0.1 0.1 0.1 0.1 0.1
 0.1 0.1 0.1 0.1 0.1 0.1 0.1 0.1 0.1 0.1 0.1 0.1 0.1 0.1 0.1 0.1 0.1 0.1
 0.1 0.1 0.1 0.1 0.1 0.1 0.1 0.1 0.1 0.1 0.1 0.1 0.1 0.1 0.1 0.1 0.1 0.1
 0.1 0.1 0.1 0.1 0.1 0.1 0.1 0.1 0.1 0.1 0.1 0.1 0.1 0.1 0.1 0.1 0.1 0.1
 0.1 0.1 0.1 0.1 0.1 0.1 0.1 0.1 0.1 0.1 0.1 0.1 0.1 0.1 0.1 0.1 0.1 0.1
 0.1 0.1 0.1 0.1 0.1 0.1 0.1 0.1 0.1 0.1 0.1 0.1 0.1 0.1 0.1 0.1 0.1 0.1
 0.1 0.1 0.1 0.1 0.1 0.1 0.1 0.1 0.1 0.1 0.1 0.1 0.1 0.1 0.1 0.1 0.1 0.1
 0.1 0.1 0.1 0.1 0.1 0.1 0.1 0.1 0.1 0.1 0.1 0.1 0.1 0.1 0.1 0.1 0.1 0.1
 0.1 0.1 0.1 0.1 0.1 0.1 0.1 0.1 0.1 0.1 0.1 0.1 0.1 0.1 0.1 0.1 0.1 0.1
 0.1 0.1 0.1 0.1 0.1 0.1 0.1 0.1 0.1 0.1 0.1 0.1 0.1 0.1 0.1 0.1 0.1 0.1
 0.1 0.1 0.1 0.1 0.1 0.1 0.1 0.1 0.1 0.1 0.1 0.1 0.1 0.1 0.1 0.1 0.1 0.1
 0.1 0.1 0.1 0.1 0.1 0.1 0.1 0.1 0.1 0.1 0.1 0.1 0.1 0.1 0.1 0.1 0.1 0.1
 0.1 0.1 0.1 0.1 0.1 0.1 0.1 0.1 0.1 0.1 0.1 0.1 0.1 0.1 0.1 0.1 0.1 0.1
 0.1 0.1 0.1 0.1 0.1 0.1 0.1 0.1 0.1 0.1 0.1 0.1 0.1 0.1 0.1 0.1 0.1 0.1
 0.1 0.1 0.1 0.1 0.1 0.1 0.1 0.1 0.1 0.1 0.1 0.1 0.1 0.1 0.1 0.1 0.1 0.1
 0.1 0.1 0.1 0.1 0.1 0.1 0.1 0.1 0.1 0.1 0.1 0.1 0.1 0.1 0.1 0.1 0.1 0.1
 0.1 0.1 0.1 0.1 0.1 0.1 0.1 0.1 0.1 0.1 0.1 0.1 0.1 0.1 0.1 0.1 0.1 0.1
 0.1 0.1 0.1 0.1 0.1 0.1 0.1 0.1 0.1 0.1 0.1 0.1 0.1 0.1 0.1 0.1 0.1 0.1
 0.1 0.1 0.1 0.1 0.1 0.1 0.1 0.1 0.1 0.1 0.1 0.1 0.1 0.1 0.1 0.1 0.1 0.1
 0.1 0.1 0.1 0.1 0.1 0.1 0.1 0.1 0.1 0.1 0.1 0.1 0.1 0.1 0.1 0.1 0.1 0.1
 0.1 0.1 0.1 0.1 0.1 0.1 0.1 0.1 0.1 0.1 0.1 0.1 0.1 0.1 0.1 0.1 0.1 0.1
 0.1]
swap interval:,1000
sim interval:,[-1.1175e+08 -7.4500e+07 -3.7250e+07  0.0000e+00]
likelihood_sed (T/F):,True
erodep_coords:,[[ 0  3]
 [42 94]
 [42 95]
 ...
 [96 78]
 [96 79]
 [96 80]]
sed scaling factor:,50
samples_per_chain:,125
burnin:,0.25
num params:,415
initial_proposed_vec:,[ 2.24271491e+00  1.70017184e+00  2.65795868e+00  1.71534951e+00
  4.47493695e-07  3.92299370e-02  1.07988152e+00  9.23647385e-02
  3.66141177e-02  8.41816588e-01  7.98048030e-01  5.31526592e+00
  2.34563182e+04  9.69008677e+00  6.99061061e-01  1.93945754e+02
 -1.84863150e+02  1.95166917e+02 -9.45110500e+01 -1.06507813e+02
  7.73582409e+01 -8.32655465e+00 -1.73957544e+02 -8.99070031e+01
  1.33484731e+02 -3.62138302e+01 -1.02598307e+02 -4.43010522e+01
  7.14602767e+01  1.54144330e+02 -1.73653956e+02  9.18119550e-01
  1.72237211e+02 -1.44285095e+01  1.58607373e+02  1.52735204e+02
  7.23958669e+01 -2.72352764e+01  1.70404184e+02  6.60112477e+01
 -1.27657763e+02  8.01294258e+01  1.70767294e+02 -1.73688077e+01
 -1.84587464e+02  1.96693701e+01  6.93682831e+01  5.81867241e+00
 -3.42301713e+01  8.36463406e+01  8.02121859e+01 -1.28475760e+02
 -1.42133660e+02  2.07876205e+01 -1.85286371e+02  1.50769280e-01
  1.00652680e+02  1.83543437e+02 -5.34202809e+01  1.94150958e+02
 -8.04760819e+01  1.10335597e+02  1.90305612e+02 -8.35743285e+01
  2.60048753e+01  6.72947459e+01  1.29859670e+02  1.84344089e+02
 -1.63378697e+02 -1.11504814e+02  4.98239262e+00 -1.52636390e+02
 -6.66218266e+01 -7.12111769e+01 -1.22747671e+02 -1.62609321e+02
  1.16672047e+02  1.45064283e+02 -7.80134596e+01 -7.42136793e+01
  4.85243229e+01  1.31165354e+02 -6.11219832e+01  1.77316237e+02
 -5.93495608e+01 -2.11259209e+01 -7.89613021e+01 -1.12058936e+02
  1.93677232e+02 -1.86204424e+02  1.88306769e+02  1.57468510e+02
 -1.19318228e+02  1.13127812e+02  1.79334821e+02  1.58277624e+02
 -1.32467465e+02 -1.23203586e+01 -1.24853134e+00  6.67244438e+01
  1.38273351e+02  2.40460179e+01 -2.58557786e+01  9.34010716e+01
  1.66690948e+02 -1.26595146e+02 -1.86239634e+02 -1.87515647e+02
  6.20052414e+01  1.71321562e+02  7.13544437e+00 -1.62419136e+02
  5.84201368e+01  5.11753612e+01  1.52190364e+02 -1.40714223e+02
  6.07016262e+01 -1.59428103e+01  1.23432612e+02 -5.21222256e+01
  1.53194750e+02 -1.47623594e+00  1.75787872e+02 -1.87551503e+02
  1.74852920e+02 -9.50506280e+01 -1.43585808e+02 -2.37744277e+01
 -1.97230360e+02 -1.38752296e+02  1.84814406e+02  1.99873389e+02
 -8.55143176e+01  3.83633115e+01  1.24296679e+02 -1.08875958e+02
  4.32314085e+01 -1.01950309e+02  1.95947232e+02 -1.54758675e+02
  5.38248140e+01  1.77095541e+02 -5.94018517e+01  1.91334774e+02
  1.05106600e+02 -1.39268030e+02 -7.21428659e+01  1.74311387e+02
  3.26635940e+01 -1.67136157e+02 -1.71273594e+02  1.12333141e+02
 -4.36129101e+01  6.16356512e+01  1.91616367e+02  1.88825406e+00
  1.76715338e+02 -5.95408966e+01 -4.84842836e+01  1.51115709e+02
 -1.47652891e+02 -1.19023988e+02  1.89346989e+02 -1.81929580e+02
 -1.45098808e+02  2.99701557e+01 -3.56170310e+01 -5.54940200e+01
 -9.39274426e+01 -1.11689617e+02  6.10973280e+01  1.64252497e+02
 -1.13172861e+02  4.28462343e+01 -1.42467664e+02  5.92812180e+01
 -1.09890564e+02  2.73485077e+01  7.56165061e-01  1.31468392e+02
  1.88845202e+02  5.83824274e+01  1.99105702e+01 -1.59174880e+02
  1.15673074e+01  1.55900317e+00 -3.36198718e+01 -1.90623444e+02
 -1.08479593e+02  1.58194655e+02 -1.01312127e+02 -7.12326557e+01
  1.80990002e+02  1.57203923e+02 -1.69483552e+02  1.32582969e+02
  1.27792833e+02  1.88588420e+02  1.79462363e+02  8.04500874e+01
  1.13465597e+02  1.27926237e+02  1.14938158e+02 -7.18684036e+00
  1.71827453e+02  1.15778017e+02  3.60999164e+01  1.10728268e+02
  6.85928923e+01 -1.31174035e+02  3.82371050e+01  1.77551017e+02
 -1.41005421e+02 -1.81738986e+02  1.86025317e+02  1.19786967e+02
  5.83142220e+01 -1.76373688e+02 -1.57426108e+02 -1.60173694e+02
 -5.48915871e+01  1.38256805e+02  7.13406878e+01 -1.84768328e+02
 -1.65734789e+02  4.51735711e+01 -5.05499133e+01 -1.34850010e+01
  4.17920478e+01 -7.74940758e+01 -1.76691105e+01  7.77505781e+01
  1.23671030e+02  1.35948920e+02  1.11064737e+02  1.33681195e+02
 -5.90313530e+00 -1.79251172e+02 -6.57687237e+01  7.88183861e+00
  3.68706371e+01 -1.44576638e+02  1.07152791e+02 -1.05909803e+02
 -1.81627904e+02  4.52627131e+01 -1.42497253e+02 -1.19229643e+02
 -3.82384747e+01  1.06953944e+02  1.02475958e+02  1.26739333e+02
  1.85666978e+02  1.09223115e+02  9.93013988e+01 -1.97238547e+02
 -1.96943141e+02 -7.16716701e+01  7.55348978e+01  5.06345554e+01
 -1.57664310e+02 -1.34397849e+02  1.43465041e+02 -1.59833875e+02
  1.26083819e+02  1.15880456e+02 -1.93743335e+02  3.01608871e+01
  1.99675473e+02 -9.93320010e+01 -8.54382686e+01  1.29732124e+02
 -9.17168693e+01 -7.17393181e+01 -6.88480897e+01 -8.07178360e+01
 -5.05779655e+01 -2.54571835e+01 -1.09160982e+02 -8.79880798e+01
  1.78041825e+02 -9.99929462e+01 -1.41314620e+02 -1.99816897e+02
 -3.46563975e+00 -1.76030277e+02  1.63129460e+02  1.17406256e+02
 -8.60280937e+00 -1.10222285e+02 -1.01529991e+02 -1.98725302e+02
 -5.61031421e+01  1.56888822e+02 -1.13659449e+01  8.35173705e+01
 -1.30742662e+02 -1.76398011e+01 -6.00471235e+01  4.01737395e+01
  9.33440462e+01 -1.32921734e+02 -1.07664628e+02  4.08821183e+01
 -2.20094780e+01 -1.12689706e+02  1.54471951e+02 -6.12899373e+01
  3.80263498e+01  4.05548587e+01  5.43682788e+01 -1.19727077e+02
 -1.24344522e+02 -1.03426142e+02 -1.80769503e+02  1.84118519e+02
 -6.09543149e+01 -1.57227805e+02 -1.44319136e+02  8.27490315e+01
 -1.19744488e+02 -5.63812321e+01 -1.24992130e+02 -3.08117218e+01
  4.40870327e+01 -1.35479174e+02  7.14660359e+01 -8.45606120e+01
  9.96250778e+01  1.53699046e+02 -1.87213724e+02  9.84275292e+00
  6.54371582e+01 -4.89305906e+01  1.88901579e+02  1.80262795e+02
 -1.77049920e+02 -1.00642278e+02 -1.29125888e+02  1.23865101e+02
 -1.39934302e+02  5.01431066e+01 -1.07401348e+02  1.39744324e+01
  4.69728526e+00 -9.65653620e+01 -1.01455900e+01  8.09510551e+01
 -9.52995105e+01  1.10488766e+02 -4.14582636e+01  1.40867951e+02
 -1.90307798e+02 -1.24190068e+02 -1.95108912e+02  5.54309048e+01
  1.21091508e+01 -8.26851514e+01  1.49652712e+01  1.37877639e+01
 -5.91644025e-01 -1.59507786e+02 -2.22489627e+01 -4.24714307e+01
  1.26209972e+02 -3.35170622e+01  8.93472643e+01  1.47870945e+02
  1.09276502e+02  1.85790172e+02  8.42568632e+00  1.16015615e+02
  1.74154400e+02  4.00121234e+01  1.62922901e+02 -1.86464960e+02
  1.05464661e+02 -6.14575981e+01  1.82740996e+02  1.25387679e+02
  4.92837253e+01 -1.73521206e+02 -4.01626433e+01  1.95098830e+02
  1.23685980e+02 -1.22138297e+02  1.77759880e+01  4.74628538e+00
  1.42387525e+02  1.77630695e+02 -1.56126196e+02  1.27415113e+02
  1.65662044e+02 -1.25146442e+02  4.22431232e+01 -1.58972903e+01
  7.55743581e+01 -3.91940374e+01  1.47427006e+02  1.25183823e+02
 -6.10802099e+00 -1.76620395e+02  1.34102307e+02 -1.99685987e+02
 -1.73848497e+02  5.10622317e+01 -2.93149389e+01 -1.81562884e+02
  1.66911163e+01 -6.19514828e+01  1.80181124e+02 -3.88168694e+01
  3.02807065e+01 -1.85936291e+02  6.85815766e+01]
stepsize_vec:,[2.0e-01 2.0e-01 2.0e-01 2.0e-01 2.0e-08 1.0e-01 2.0e-01 1.0e-02 1.0e-02
 1.0e-01 1.0e-01 1.0e+00 1.5e+03 1.0e+00 1.0e-01 4.0e+01 4.0e+01 4.0e+01
 4.0e+01 4.0e+01 4.0e+01 4.0e+01 4.0e+01 4.0e+01 4.0e+01 4.0e+01 4.0e+01
 4.0e+01 4.0e+01 4.0e+01 4.0e+01 4.0e+01 4.0e+01 4.0e+01 4.0e+01 4.0e+01
 4.0e+01 4.0e+01 4.0e+01 4.0e+01 4.0e+01 4.0e+01 4.0e+01 4.0e+01 4.0e+01
 4.0e+01 4.0e+01 4.0e+01 4.0e+01 4.0e+01 4.0e+01 4.0e+01 4.0e+01 4.0e+01
 4.0e+01 4.0e+01 4.0e+01 4.0e+01 4.0e+01 4.0e+01 4.0e+01 4.0e+01 4.0e+01
 4.0e+01 4.0e+01 4.0e+01 4.0e+01 4.0e+01 4.0e+01 4.0e+01 4.0e+01 4.0e+01
 4.0e+01 4.0e+01 4.0e+01 4.0e+01 4.0e+01 4.0e+01 4.0e+01 4.0e+01 4.0e+01
 4.0e+01 4.0e+01 4.0e+01 4.0e+01 4.0e+01 4.0e+01 4.0e+01 4.0e+01 4.0e+01
 4.0e+01 4.0e+01 4.0e+01 4.0e+01 4.0e+01 4.0e+01 4.0e+01 4.0e+01 4.0e+01
 4.0e+01 4.0e+01 4.0e+01 4.0e+01 4.0e+01 4.0e+01 4.0e+01 4.0e+01 4.0e+01
 4.0e+01 4.0e+01 4.0e+01 4.0e+01 4.0e+01 4.0e+01 4.0e+01 4.0e+01 4.0e+01
 4.0e+01 4.0e+01 4.0e+01 4.0e+01 4.0e+01 4.0e+01 4.0e+01 4.0e+01 4.0e+01
 4.0e+01 4.0e+01 4.0e+01 4.0e+01 4.0e+01 4.0e+01 4.0e+01 4.0e+01 4.0e+01
 4.0e+01 4.0e+01 4.0e+01 4.0e+01 4.0e+01 4.0e+01 4.0e+01 4.0e+01 4.0e+01
 4.0e+01 4.0e+01 4.0e+01 4.0e+01 4.0e+01 4.0e+01 4.0e+01 4.0e+01 4.0e+01
 4.0e+01 4.0e+01 4.0e+01 4.0e+01 4.0e+01 4.0e+01 4.0e+01 4.0e+01 4.0e+01
 4.0e+01 4.0e+01 4.0e+01 4.0e+01 4.0e+01 4.0e+01 4.0e+01 4.0e+01 4.0e+01
 4.0e+01 4.0e+01 4.0e+01 4.0e+01 4.0e+01 4.0e+01 4.0e+01 4.0e+01 4.0e+01
 4.0e+01 4.0e+01 4.0e+01 4.0e+01 4.0e+01 4.0e+01 4.0e+01 4.0e+01 4.0e+01
 4.0e+01 4.0e+01 4.0e+01 4.0e+01 4.0e+01 4.0e+01 4.0e+01 4.0e+01 4.0e+01
 4.0e+01 4.0e+01 4.0e+01 4.0e+01 4.0e+01 4.0e+01 4.0e+01 4.0e+01 4.0e+01
 4.0e+01 4.0e+01 4.0e+01 4.0e+01 4.0e+01 4.0e+01 4.0e+01 4.0e+01 4.0e+01
 4.0e+01 4.0e+01 4.0e+01 4.0e+01 4.0e+01 4.0e+01 4.0e+01 4.0e+01 4.0e+01
 4.0e+01 4.0e+01 4.0e+01 4.0e+01 4.0e+01 4.0e+01 4.0e+01 4.0e+01 4.0e+01
 4.0e+01 4.0e+01 4.0e+01 4.0e+01 4.0e+01 4.0e+01 4.0e+01 4.0e+01 4.0e+01
 4.0e+01 4.0e+01 4.0e+01 4.0e+01 4.0e+01 4.0e+01 4.0e+01 4.0e+01 4.0e+01
 4.0e+01 4.0e+01 4.0e+01 4.0e+01 4.0e+01 4.0e+01 4.0e+01 4.0e+01 4.0e+01
 4.0e+01 4.0e+01 4.0e+01 4.0e+01 4.0e+01 4.0e+01 4.0e+01 4.0e+01 4.0e+01
 4.0e+01 4.0e+01 4.0e+01 4.0e+01 4.0e+01 4.0e+01 4.0e+01 4.0e+01 4.0e+01
 4.0e+01 4.0e+01 4.0e+01 4.0e+01 4.0e+01 4.0e+01 4.0e+01 4.0e+01 4.0e+01
 4.0e+01 4.0e+01 4.0e+01 4.0e+01 4.0e+01 4.0e+01 4.0e+01 4.0e+01 4.0e+01
 4.0e+01 4.0e+01 4.0e+01 4.0e+01 4.0e+01 4.0e+01 4.0e+01 4.0e+01 4.0e+01
 4.0e+01 4.0e+01 4.0e+01 4.0e+01 4.0e+01 4.0e+01 4.0e+01 4.0e+01 4.0e+01
 4.0e+01 4.0e+01 4.0e+01 4.0e+01 4.0e+01 4.0e+01 4.0e+01 4.0e+01 4.0e+01
 4.0e+01 4.0e+01 4.0e+01 4.0e+01 4.0e+01 4.0e+01 4.0e+01 4.0e+01 4.0e+01
 4.0e+01 4.0e+01 4.0e+01 4.0e+01 4.0e+01 4.0e+01 4.0e+01 4.0e+01 4.0e+01
 4.0e+01 4.0e+01 4.0e+01 4.0e+01 4.0e+01 4.0e+01 4.0e+01 4.0e+01 4.0e+01
 4.0e+01 4.0e+01 4.0e+01 4.0e+01 4.0e+01 4.0e+01 4.0e+01 4.0e+01 4.0e+01
 4.0e+01 4.0e+01 4.0e+01 4.0e+01 4.0e+01 4.0e+01 4.0e+01 4.0e+01 4.0e+01
 4.0e+01 4.0e+01 4.0e+01 4.0e+01 4.0e+01 4.0e+01 4.0e+01 4.0e+01 4.0e+01
 4.0e+01 4.0e+01 4.0e+01 4.0e+01 4.0e+01 4.0e+01 4.0e+01 4.0e+01 4.0e+01
 4.0e+01 4.0e+01 4.0e+01 4.0e+01 4.0e+01 4.0e+01 4.0e+01 4.0e+01 4.0e+01
 4.0e+01 4.0e+01 4.0e+01 4.0e+01 4.0e+01 4.0e+01 4.0e+01 4.0e+01 4.0e+01
 4.0e+01 4.0e+01 4.0e+01 4.0e+01 4.0e+01 4.0e+01 4.0e+01 4.0e+01 4.0e+01
 4.0e+01]
step_ratio_vec:,[0.1 0.1 0.1 0.1 0.1 0.1 0.1 0.1 0.1 0.1 0.1 0.1 0.1 0.1 0.1 0.1 0.1 0.1
 0.1 0.1 0.1 0.1 0.1 0.1 0.1 0.1 0.1 0.1 0.1 0.1 0.1 0.1 0.1 0.1 0.1 0.1
 0.1 0.1 0.1 0.1 0.1 0.1 0.1 0.1 0.1 0.1 0.1 0.1 0.1 0.1 0.1 0.1 0.1 0.1
 0.1 0.1 0.1 0.1 0.1 0.1 0.1 0.1 0.1 0.1 0.1 0.1 0.1 0.1 0.1 0.1 0.1 0.1
 0.1 0.1 0.1 0.1 0.1 0.1 0.1 0.1 0.1 0.1 0.1 0.1 0.1 0.1 0.1 0.1 0.1 0.1
 0.1 0.1 0.1 0.1 0.1 0.1 0.1 0.1 0.1 0.1 0.1 0.1 0.1 0.1 0.1 0.1 0.1 0.1
 0.1 0.1 0.1 0.1 0.1 0.1 0.1 0.1 0.1 0.1 0.1 0.1 0.1 0.1 0.1 0.1 0.1 0.1
 0.1 0.1 0.1 0.1 0.1 0.1 0.1 0.1 0.1 0.1 0.1 0.1 0.1 0.1 0.1 0.1 0.1 0.1
 0.1 0.1 0.1 0.1 0.1 0.1 0.1 0.1 0.1 0.1 0.1 0.1 0.1 0.1 0.1 0.1 0.1 0.1
 0.1 0.1 0.1 0.1 0.1 0.1 0.1 0.1 0.1 0.1 0.1 0.1 0.1 0.1 0.1 0.1 0.1 0.1
 0.1 0.1 0.1 0.1 0.1 0.1 0.1 0.1 0.1 0.1 0.1 0.1 0.1 0.1 0.1 0.1 0.1 0.1
 0.1 0.1 0.1 0.1 0.1 0.1 0.1 0.1 0.1 0.1 0.1 0.1 0.1 0.1 0.1 0.1 0.1 0.1
 0.1 0.1 0.1 0.1 0.1 0.1 0.1 0.1 0.1 0.1 0.1 0.1 0.1 0.1 0.1 0.1 0.1 0.1
 0.1 0.1 0.1 0.1 0.1 0.1 0.1 0.1 0.1 0.1 0.1 0.1 0.1 0.1 0.1 0.1 0.1 0.1
 0.1 0.1 0.1 0.1 0.1 0.1 0.1 0.1 0.1 0.1 0.1 0.1 0.1 0.1 0.1 0.1 0.1 0.1
 0.1 0.1 0.1 0.1 0.1 0.1 0.1 0.1 0.1 0.1 0.1 0.1 0.1 0.1 0.1 0.1 0.1 0.1
 0.1 0.1 0.1 0.1 0.1 0.1 0.1 0.1 0.1 0.1 0.1 0.1 0.1 0.1 0.1 0.1 0.1 0.1
 0.1 0.1 0.1 0.1 0.1 0.1 0.1 0.1 0.1 0.1 0.1 0.1 0.1 0.1 0.1 0.1 0.1 0.1
 0.1 0.1 0.1 0.1 0.1 0.1 0.1 0.1 0.1 0.1 0.1 0.1 0.1 0.1 0.1 0.1 0.1 0.1
 0.1 0.1 0.1 0.1 0.1 0.1 0.1 0.1 0.1 0.1 0.1 0.1 0.1 0.1 0.1 0.1 0.1 0.1
 0.1 0.1 0.1 0.1 0.1 0.1 0.1 0.1 0.1 0.1 0.1 0.1 0.1 0.1 0.1 0.1 0.1 0.1
 0.1 0.1 0.1 0.1 0.1 0.1 0.1 0.1 0.1 0.1 0.1 0.1 0.1 0.1 0.1 0.1 0.1 0.1
 0.1 0.1 0.1 0.1 0.1 0.1 0.1 0.1 0.1 0.1 0.1 0.1 0.1 0.1 0.1 0.1 0.1 0.1
 0.1]
swap interval:,1000
sim interval:,[-1.1175e+08 -7.4500e+07 -3.7250e+07  0.0000e+00]
likelihood_sed (T/F):,True
erodep_coords:,[[ 0  3]
 [42 94]
 [42 95]
 ...
 [96 78]
 [96 79]
 [96 80]]
sed scaling factor:,50
samples_per_chain:,125
burnin:,0.25
num params:,415
initial_proposed_vec:,[ 2.24271491e+00  1.70017184e+00  2.65795868e+00  1.71534951e+00
  4.47493695e-07  3.92299370e-02  1.07988152e+00  9.23647385e-02
  3.66141177e-02  8.41816588e-01  7.98048030e-01  5.31526592e+00
  2.34563182e+04  9.69008677e+00  6.99061061e-01  1.93945754e+02
 -1.84863150e+02  1.95166917e+02 -9.45110500e+01 -1.06507813e+02
  7.73582409e+01 -8.32655465e+00 -1.73957544e+02 -8.99070031e+01
  1.33484731e+02 -3.62138302e+01 -1.02598307e+02 -4.43010522e+01
  7.14602767e+01  1.54144330e+02 -1.73653956e+02  9.18119550e-01
  1.72237211e+02 -1.44285095e+01  1.58607373e+02  1.52735204e+02
  7.23958669e+01 -2.72352764e+01  1.70404184e+02  6.60112477e+01
 -1.27657763e+02  8.01294258e+01  1.70767294e+02 -1.73688077e+01
 -1.84587464e+02  1.96693701e+01  6.93682831e+01  5.81867241e+00
 -3.42301713e+01  8.36463406e+01  8.02121859e+01 -1.28475760e+02
 -1.42133660e+02  2.07876205e+01 -1.85286371e+02  1.50769280e-01
  1.00652680e+02  1.83543437e+02 -5.34202809e+01  1.94150958e+02
 -8.04760819e+01  1.10335597e+02  1.90305612e+02 -8.35743285e+01
  2.60048753e+01  6.72947459e+01  1.29859670e+02  1.84344089e+02
 -1.63378697e+02 -1.11504814e+02  4.98239262e+00 -1.52636390e+02
 -6.66218266e+01 -7.12111769e+01 -1.22747671e+02 -1.62609321e+02
  1.16672047e+02  1.45064283e+02 -7.80134596e+01 -7.42136793e+01
  4.85243229e+01  1.31165354e+02 -6.11219832e+01  1.77316237e+02
 -5.93495608e+01 -2.11259209e+01 -7.89613021e+01 -1.12058936e+02
  1.93677232e+02 -1.86204424e+02  1.88306769e+02  1.57468510e+02
 -1.19318228e+02  1.13127812e+02  1.79334821e+02  1.58277624e+02
 -1.32467465e+02 -1.23203586e+01 -1.24853134e+00  6.67244438e+01
  1.38273351e+02  2.40460179e+01 -2.58557786e+01  9.34010716e+01
  1.66690948e+02 -1.26595146e+02 -1.86239634e+02 -1.87515647e+02
  6.20052414e+01  1.71321562e+02  7.13544437e+00 -1.62419136e+02
  5.84201368e+01  5.11753612e+01  1.52190364e+02 -1.40714223e+02
  6.07016262e+01 -1.59428103e+01  1.23432612e+02 -5.21222256e+01
  1.53194750e+02 -1.47623594e+00  1.75787872e+02 -1.87551503e+02
  1.74852920e+02 -9.50506280e+01 -1.43585808e+02 -2.37744277e+01
 -1.97230360e+02 -1.38752296e+02  1.84814406e+02  1.99873389e+02
 -8.55143176e+01  3.83633115e+01  1.24296679e+02 -1.08875958e+02
  4.32314085e+01 -1.01950309e+02  1.95947232e+02 -1.54758675e+02
  5.38248140e+01  1.77095541e+02 -5.94018517e+01  1.91334774e+02
  1.05106600e+02 -1.39268030e+02 -7.21428659e+01  1.74311387e+02
  3.26635940e+01 -1.67136157e+02 -1.71273594e+02  1.12333141e+02
 -4.36129101e+01  6.16356512e+01  1.91616367e+02  1.88825406e+00
  1.76715338e+02 -5.95408966e+01 -4.84842836e+01  1.51115709e+02
 -1.47652891e+02 -1.19023988e+02  1.89346989e+02 -1.81929580e+02
 -1.45098808e+02  2.99701557e+01 -3.56170310e+01 -5.54940200e+01
 -9.39274426e+01 -1.11689617e+02  6.10973280e+01  1.64252497e+02
 -1.13172861e+02  4.28462343e+01 -1.42467664e+02  5.92812180e+01
 -1.09890564e+02  2.73485077e+01  7.56165061e-01  1.31468392e+02
  1.88845202e+02  5.83824274e+01  1.99105702e+01 -1.59174880e+02
  1.15673074e+01  1.55900317e+00 -3.36198718e+01 -1.90623444e+02
 -1.08479593e+02  1.58194655e+02 -1.01312127e+02 -7.12326557e+01
  1.80990002e+02  1.57203923e+02 -1.69483552e+02  1.32582969e+02
  1.27792833e+02  1.88588420e+02  1.79462363e+02  8.04500874e+01
  1.13465597e+02  1.27926237e+02  1.14938158e+02 -7.18684036e+00
  1.71827453e+02  1.15778017e+02  3.60999164e+01  1.10728268e+02
  6.85928923e+01 -1.31174035e+02  3.82371050e+01  1.77551017e+02
 -1.41005421e+02 -1.81738986e+02  1.86025317e+02  1.19786967e+02
  5.83142220e+01 -1.76373688e+02 -1.57426108e+02 -1.60173694e+02
 -5.48915871e+01  1.38256805e+02  7.13406878e+01 -1.84768328e+02
 -1.65734789e+02  4.51735711e+01 -5.05499133e+01 -1.34850010e+01
  4.17920478e+01 -7.74940758e+01 -1.76691105e+01  7.77505781e+01
  1.23671030e+02  1.35948920e+02  1.11064737e+02  1.33681195e+02
 -5.90313530e+00 -1.79251172e+02 -6.57687237e+01  7.88183861e+00
  3.68706371e+01 -1.44576638e+02  1.07152791e+02 -1.05909803e+02
 -1.81627904e+02  4.52627131e+01 -1.42497253e+02 -1.19229643e+02
 -3.82384747e+01  1.06953944e+02  1.02475958e+02  1.26739333e+02
  1.85666978e+02  1.09223115e+02  9.93013988e+01 -1.97238547e+02
 -1.96943141e+02 -7.16716701e+01  7.55348978e+01  5.06345554e+01
 -1.57664310e+02 -1.34397849e+02  1.43465041e+02 -1.59833875e+02
  1.26083819e+02  1.15880456e+02 -1.93743335e+02  3.01608871e+01
  1.99675473e+02 -9.93320010e+01 -8.54382686e+01  1.29732124e+02
 -9.17168693e+01 -7.17393181e+01 -6.88480897e+01 -8.07178360e+01
 -5.05779655e+01 -2.54571835e+01 -1.09160982e+02 -8.79880798e+01
  1.78041825e+02 -9.99929462e+01 -1.41314620e+02 -1.99816897e+02
 -3.46563975e+00 -1.76030277e+02  1.63129460e+02  1.17406256e+02
 -8.60280937e+00 -1.10222285e+02 -1.01529991e+02 -1.98725302e+02
 -5.61031421e+01  1.56888822e+02 -1.13659449e+01  8.35173705e+01
 -1.30742662e+02 -1.76398011e+01 -6.00471235e+01  4.01737395e+01
  9.33440462e+01 -1.32921734e+02 -1.07664628e+02  4.08821183e+01
 -2.20094780e+01 -1.12689706e+02  1.54471951e+02 -6.12899373e+01
  3.80263498e+01  4.05548587e+01  5.43682788e+01 -1.19727077e+02
 -1.24344522e+02 -1.03426142e+02 -1.80769503e+02  1.84118519e+02
 -6.09543149e+01 -1.57227805e+02 -1.44319136e+02  8.27490315e+01
 -1.19744488e+02 -5.63812321e+01 -1.24992130e+02 -3.08117218e+01
  4.40870327e+01 -1.35479174e+02  7.14660359e+01 -8.45606120e+01
  9.96250778e+01  1.53699046e+02 -1.87213724e+02  9.84275292e+00
  6.54371582e+01 -4.89305906e+01  1.88901579e+02  1.80262795e+02
 -1.77049920e+02 -1.00642278e+02 -1.29125888e+02  1.23865101e+02
 -1.39934302e+02  5.01431066e+01 -1.07401348e+02  1.39744324e+01
  4.69728526e+00 -9.65653620e+01 -1.01455900e+01  8.09510551e+01
 -9.52995105e+01  1.10488766e+02 -4.14582636e+01  1.40867951e+02
 -1.90307798e+02 -1.24190068e+02 -1.95108912e+02  5.54309048e+01
  1.21091508e+01 -8.26851514e+01  1.49652712e+01  1.37877639e+01
 -5.91644025e-01 -1.59507786e+02 -2.22489627e+01 -4.24714307e+01
  1.26209972e+02 -3.35170622e+01  8.93472643e+01  1.47870945e+02
  1.09276502e+02  1.85790172e+02  8.42568632e+00  1.16015615e+02
  1.74154400e+02  4.00121234e+01  1.62922901e+02 -1.86464960e+02
  1.05464661e+02 -6.14575981e+01  1.82740996e+02  1.25387679e+02
  4.92837253e+01 -1.73521206e+02 -4.01626433e+01  1.95098830e+02
  1.23685980e+02 -1.22138297e+02  1.77759880e+01  4.74628538e+00
  1.42387525e+02  1.77630695e+02 -1.56126196e+02  1.27415113e+02
  1.65662044e+02 -1.25146442e+02  4.22431232e+01 -1.58972903e+01
  7.55743581e+01 -3.91940374e+01  1.47427006e+02  1.25183823e+02
 -6.10802099e+00 -1.76620395e+02  1.34102307e+02 -1.99685987e+02
 -1.73848497e+02  5.10622317e+01 -2.93149389e+01 -1.81562884e+02
  1.66911163e+01 -6.19514828e+01  1.80181124e+02 -3.88168694e+01
  3.02807065e+01 -1.85936291e+02  6.85815766e+01]
stepsize_vec:,[2.0e-01 2.0e-01 2.0e-01 2.0e-01 2.0e-08 1.0e-01 2.0e-01 1.0e-02 1.0e-02
 1.0e-01 1.0e-01 1.0e+00 1.5e+03 1.0e+00 1.0e-01 4.0e+01 4.0e+01 4.0e+01
 4.0e+01 4.0e+01 4.0e+01 4.0e+01 4.0e+01 4.0e+01 4.0e+01 4.0e+01 4.0e+01
 4.0e+01 4.0e+01 4.0e+01 4.0e+01 4.0e+01 4.0e+01 4.0e+01 4.0e+01 4.0e+01
 4.0e+01 4.0e+01 4.0e+01 4.0e+01 4.0e+01 4.0e+01 4.0e+01 4.0e+01 4.0e+01
 4.0e+01 4.0e+01 4.0e+01 4.0e+01 4.0e+01 4.0e+01 4.0e+01 4.0e+01 4.0e+01
 4.0e+01 4.0e+01 4.0e+01 4.0e+01 4.0e+01 4.0e+01 4.0e+01 4.0e+01 4.0e+01
 4.0e+01 4.0e+01 4.0e+01 4.0e+01 4.0e+01 4.0e+01 4.0e+01 4.0e+01 4.0e+01
 4.0e+01 4.0e+01 4.0e+01 4.0e+01 4.0e+01 4.0e+01 4.0e+01 4.0e+01 4.0e+01
 4.0e+01 4.0e+01 4.0e+01 4.0e+01 4.0e+01 4.0e+01 4.0e+01 4.0e+01 4.0e+01
 4.0e+01 4.0e+01 4.0e+01 4.0e+01 4.0e+01 4.0e+01 4.0e+01 4.0e+01 4.0e+01
 4.0e+01 4.0e+01 4.0e+01 4.0e+01 4.0e+01 4.0e+01 4.0e+01 4.0e+01 4.0e+01
 4.0e+01 4.0e+01 4.0e+01 4.0e+01 4.0e+01 4.0e+01 4.0e+01 4.0e+01 4.0e+01
 4.0e+01 4.0e+01 4.0e+01 4.0e+01 4.0e+01 4.0e+01 4.0e+01 4.0e+01 4.0e+01
 4.0e+01 4.0e+01 4.0e+01 4.0e+01 4.0e+01 4.0e+01 4.0e+01 4.0e+01 4.0e+01
 4.0e+01 4.0e+01 4.0e+01 4.0e+01 4.0e+01 4.0e+01 4.0e+01 4.0e+01 4.0e+01
 4.0e+01 4.0e+01 4.0e+01 4.0e+01 4.0e+01 4.0e+01 4.0e+01 4.0e+01 4.0e+01
 4.0e+01 4.0e+01 4.0e+01 4.0e+01 4.0e+01 4.0e+01 4.0e+01 4.0e+01 4.0e+01
 4.0e+01 4.0e+01 4.0e+01 4.0e+01 4.0e+01 4.0e+01 4.0e+01 4.0e+01 4.0e+01
 4.0e+01 4.0e+01 4.0e+01 4.0e+01 4.0e+01 4.0e+01 4.0e+01 4.0e+01 4.0e+01
 4.0e+01 4.0e+01 4.0e+01 4.0e+01 4.0e+01 4.0e+01 4.0e+01 4.0e+01 4.0e+01
 4.0e+01 4.0e+01 4.0e+01 4.0e+01 4.0e+01 4.0e+01 4.0e+01 4.0e+01 4.0e+01
 4.0e+01 4.0e+01 4.0e+01 4.0e+01 4.0e+01 4.0e+01 4.0e+01 4.0e+01 4.0e+01
 4.0e+01 4.0e+01 4.0e+01 4.0e+01 4.0e+01 4.0e+01 4.0e+01 4.0e+01 4.0e+01
 4.0e+01 4.0e+01 4.0e+01 4.0e+01 4.0e+01 4.0e+01 4.0e+01 4.0e+01 4.0e+01
 4.0e+01 4.0e+01 4.0e+01 4.0e+01 4.0e+01 4.0e+01 4.0e+01 4.0e+01 4.0e+01
 4.0e+01 4.0e+01 4.0e+01 4.0e+01 4.0e+01 4.0e+01 4.0e+01 4.0e+01 4.0e+01
 4.0e+01 4.0e+01 4.0e+01 4.0e+01 4.0e+01 4.0e+01 4.0e+01 4.0e+01 4.0e+01
 4.0e+01 4.0e+01 4.0e+01 4.0e+01 4.0e+01 4.0e+01 4.0e+01 4.0e+01 4.0e+01
 4.0e+01 4.0e+01 4.0e+01 4.0e+01 4.0e+01 4.0e+01 4.0e+01 4.0e+01 4.0e+01
 4.0e+01 4.0e+01 4.0e+01 4.0e+01 4.0e+01 4.0e+01 4.0e+01 4.0e+01 4.0e+01
 4.0e+01 4.0e+01 4.0e+01 4.0e+01 4.0e+01 4.0e+01 4.0e+01 4.0e+01 4.0e+01
 4.0e+01 4.0e+01 4.0e+01 4.0e+01 4.0e+01 4.0e+01 4.0e+01 4.0e+01 4.0e+01
 4.0e+01 4.0e+01 4.0e+01 4.0e+01 4.0e+01 4.0e+01 4.0e+01 4.0e+01 4.0e+01
 4.0e+01 4.0e+01 4.0e+01 4.0e+01 4.0e+01 4.0e+01 4.0e+01 4.0e+01 4.0e+01
 4.0e+01 4.0e+01 4.0e+01 4.0e+01 4.0e+01 4.0e+01 4.0e+01 4.0e+01 4.0e+01
 4.0e+01 4.0e+01 4.0e+01 4.0e+01 4.0e+01 4.0e+01 4.0e+01 4.0e+01 4.0e+01
 4.0e+01 4.0e+01 4.0e+01 4.0e+01 4.0e+01 4.0e+01 4.0e+01 4.0e+01 4.0e+01
 4.0e+01 4.0e+01 4.0e+01 4.0e+01 4.0e+01 4.0e+01 4.0e+01 4.0e+01 4.0e+01
 4.0e+01 4.0e+01 4.0e+01 4.0e+01 4.0e+01 4.0e+01 4.0e+01 4.0e+01 4.0e+01
 4.0e+01 4.0e+01 4.0e+01 4.0e+01 4.0e+01 4.0e+01 4.0e+01 4.0e+01 4.0e+01
 4.0e+01 4.0e+01 4.0e+01 4.0e+01 4.0e+01 4.0e+01 4.0e+01 4.0e+01 4.0e+01
 4.0e+01 4.0e+01 4.0e+01 4.0e+01 4.0e+01 4.0e+01 4.0e+01 4.0e+01 4.0e+01
 4.0e+01 4.0e+01 4.0e+01 4.0e+01 4.0e+01 4.0e+01 4.0e+01 4.0e+01 4.0e+01
 4.0e+01 4.0e+01 4.0e+01 4.0e+01 4.0e+01 4.0e+01 4.0e+01 4.0e+01 4.0e+01
 4.0e+01 4.0e+01 4.0e+01 4.0e+01 4.0e+01 4.0e+01 4.0e+01 4.0e+01 4.0e+01
 4.0e+01]
step_ratio_vec:,[0.1 0.1 0.1 0.1 0.1 0.1 0.1 0.1 0.1 0.1 0.1 0.1 0.1 0.1 0.1 0.1 0.1 0.1
 0.1 0.1 0.1 0.1 0.1 0.1 0.1 0.1 0.1 0.1 0.1 0.1 0.1 0.1 0.1 0.1 0.1 0.1
 0.1 0.1 0.1 0.1 0.1 0.1 0.1 0.1 0.1 0.1 0.1 0.1 0.1 0.1 0.1 0.1 0.1 0.1
 0.1 0.1 0.1 0.1 0.1 0.1 0.1 0.1 0.1 0.1 0.1 0.1 0.1 0.1 0.1 0.1 0.1 0.1
 0.1 0.1 0.1 0.1 0.1 0.1 0.1 0.1 0.1 0.1 0.1 0.1 0.1 0.1 0.1 0.1 0.1 0.1
 0.1 0.1 0.1 0.1 0.1 0.1 0.1 0.1 0.1 0.1 0.1 0.1 0.1 0.1 0.1 0.1 0.1 0.1
 0.1 0.1 0.1 0.1 0.1 0.1 0.1 0.1 0.1 0.1 0.1 0.1 0.1 0.1 0.1 0.1 0.1 0.1
 0.1 0.1 0.1 0.1 0.1 0.1 0.1 0.1 0.1 0.1 0.1 0.1 0.1 0.1 0.1 0.1 0.1 0.1
 0.1 0.1 0.1 0.1 0.1 0.1 0.1 0.1 0.1 0.1 0.1 0.1 0.1 0.1 0.1 0.1 0.1 0.1
 0.1 0.1 0.1 0.1 0.1 0.1 0.1 0.1 0.1 0.1 0.1 0.1 0.1 0.1 0.1 0.1 0.1 0.1
 0.1 0.1 0.1 0.1 0.1 0.1 0.1 0.1 0.1 0.1 0.1 0.1 0.1 0.1 0.1 0.1 0.1 0.1
 0.1 0.1 0.1 0.1 0.1 0.1 0.1 0.1 0.1 0.1 0.1 0.1 0.1 0.1 0.1 0.1 0.1 0.1
 0.1 0.1 0.1 0.1 0.1 0.1 0.1 0.1 0.1 0.1 0.1 0.1 0.1 0.1 0.1 0.1 0.1 0.1
 0.1 0.1 0.1 0.1 0.1 0.1 0.1 0.1 0.1 0.1 0.1 0.1 0.1 0.1 0.1 0.1 0.1 0.1
 0.1 0.1 0.1 0.1 0.1 0.1 0.1 0.1 0.1 0.1 0.1 0.1 0.1 0.1 0.1 0.1 0.1 0.1
 0.1 0.1 0.1 0.1 0.1 0.1 0.1 0.1 0.1 0.1 0.1 0.1 0.1 0.1 0.1 0.1 0.1 0.1
 0.1 0.1 0.1 0.1 0.1 0.1 0.1 0.1 0.1 0.1 0.1 0.1 0.1 0.1 0.1 0.1 0.1 0.1
 0.1 0.1 0.1 0.1 0.1 0.1 0.1 0.1 0.1 0.1 0.1 0.1 0.1 0.1 0.1 0.1 0.1 0.1
 0.1 0.1 0.1 0.1 0.1 0.1 0.1 0.1 0.1 0.1 0.1 0.1 0.1 0.1 0.1 0.1 0.1 0.1
 0.1 0.1 0.1 0.1 0.1 0.1 0.1 0.1 0.1 0.1 0.1 0.1 0.1 0.1 0.1 0.1 0.1 0.1
 0.1 0.1 0.1 0.1 0.1 0.1 0.1 0.1 0.1 0.1 0.1 0.1 0.1 0.1 0.1 0.1 0.1 0.1
 0.1 0.1 0.1 0.1 0.1 0.1 0.1 0.1 0.1 0.1 0.1 0.1 0.1 0.1 0.1 0.1 0.1 0.1
 0.1 0.1 0.1 0.1 0.1 0.1 0.1 0.1 0.1 0.1 0.1 0.1 0.1 0.1 0.1 0.1 0.1 0.1
 0.1]
swap interval:,1000
sim interval:,[-1.1175e+08 -7.4500e+07 -3.7250e+07  0.0000e+00]
likelihood_sed (T/F):,True
erodep_coords:,[[ 0  3]
 [42 94]
 [42 95]
 ...
 [96 78]
 [96 79]
 [96 80]]
sed scaling factor:,50