-370247.05000 -451243.29000 -225812.85000 -335253.94000 -303705.21000 -275236.88000 -408860.98000
-370386.97000 -451245.36000 -225806.46000 -335337.40000 -303722.13000 -275120.08000 -408997.22000
-370121.23000 -451534.44000 -225639.51000 -335387.81000 -303696.80000 -275189.19000 -408781.60000
-369963.74000 -451301.94000 -225605.66000 -335012.70000 -303614.32000 -275137.34000 -408847.61000
-369895.63000 -451528.09000 -225707.51000 -335058.14000 -303523.99000 -275199.55000 -408636.13000
-369973.21000 -451610.95000 -225575.78000 -335314.18000 -303677.81000 -275229.85000 -408796.47000
-370073.05000 -451149.62000 -225698.62000 -335048.14000 -303562.52000 -275099.12000 -408774.39000
-370247.68000 -451499.61000 -225706.93000 -335202.30000 -303793.41000 -275110.88000 -408956.73000
-369888.30000 -451220.20000 -225707.76000 -335047.85000 -303609.24000 -274992.85000 -408951.88000
-369850.86000 -451279.11000 -225565.25000 -335088.28000 -303731.20000 -275114.13000 -408562.00000
-369593.62000 -451234.78000 -225548.58000 -334974.86000 -303582.72000 -274880.69000 -408765.93000
-369729.62000 -451342.68000 -225635.20000 -334959.07000 -303504.91000 -274842.89000 -408380.07000
-369771.22000 -450999.58000 -225567.46000 -335064.01000 -303404.31000 -274698.45000 -408477.34000
-369634.76000 -451162.73000 -225544.49000 -335148.81000 -303588.97000 -274804.33000 -408623.22000
-369407.70000 -451011.25000 -225589.60000 -334716.96000 -303631.91000 -274757.30000 -408267.64000
-369503.27000 -450996.10000 -225762.60000 -334969.72000 -303373.69000 -274763.66000 -408135.27000
-369493.62000 -451228.00000 -225565.18000 -334796.82000 -303390.13000 -274686.15000 -408287.46000
-369358.68000 -451049.75000 -225586.06000 -334891.81000 -303474.43000 -274623.00000 -408368.48000
-369407.15000 -450989.98000 -225753.31000 -334857.86000 -303457.85000 -274785.77000 -408329.50000
-369449.76000 -451114.52000 -225564.77000 -334961.33000 -303355.25000 -274575.70000 -408321.78000
-369449.20000 -450984.99000 -225579.04000 -334805.54000 -303429.61000 -274725.67000 -408271.11000
