0.00
0.00
394.70
394.70
394.66
394.66
394.66
394.66
394.66
381.73
381.73
400.56
400.56
400.56
401.31
401.38
401.38
401.38
401.38
401.38
401.38
401.38
401.38
401.38
406.77
406.77
406.77
406.77
406.77
406.77
406.77
407.35
407.35
407.35
407.35
407.35
407.35
407.35
407.35
407.35
407.35
435.89
435.89
427.84
426.29
413.28
410.18
410.18
410.18
406.27
406.27
406.27
406.27
407.84
407.84
407.84
407.84
407.84
409.11
409.11
410.93
408.79
408.79
408.79
408.79
408.79
408.79
408.79
408.79
408.79
408.79
408.79
408.79
408.79
408.79
408.79
408.79
408.79
408.79
408.79
408.79
408.79
408.79
408.79
408.79
415.77
415.77
415.77
415.77
415.77
415.77
415.77
415.77
415.77
415.77
415.77
415.77
415.77
415.77
415.77
415.77
415.77
415.77
415.77
415.77
415.77
415.77
415.77
415.77
427.60
427.60
427.60
427.60
427.60
427.60
427.60
427.60
427.60
427.60
427.60
427.60
427.60
427.60
427.60
