0.00
0.00
383.29
392.12
392.12
382.97
382.97
382.97
382.97
392.31
393.42
393.42
393.42
386.37
386.37
386.37
386.37
386.37
386.37
386.37
386.37
386.37
386.37
386.37
386.37
386.37
386.37
386.37
386.37
386.37
386.37
386.37
386.37
380.43
380.43
380.43
386.10
386.10
386.10
386.10
386.10
386.10
386.10
386.10
386.10
386.10
386.10
391.29
391.29
384.91
384.91
384.91
384.91
384.91
384.91
384.91
384.91
384.91
384.91
384.91
378.66
378.66
378.66
378.66
384.68
384.68
384.68
384.68
386.32
386.32
386.32
386.32
381.36
381.36
381.36
381.36
381.36
381.36
381.36
386.18
400.00
400.00
400.00
400.00
383.55
383.55
383.55
383.55
383.55
383.55
383.55
383.55
383.55
383.55
383.55
383.55
383.55
383.55
383.55
383.55
383.55
383.55
383.55
383.55
383.55
395.25
404.57
392.57
392.57
392.57
392.57
392.57
392.57
392.57
392.57
392.57
392.57
392.57
392.57
392.57
392.57
390.78
390.78
390.78
