0.00
398.91
398.91
398.91
398.91
398.91
399.42
399.42
411.39
411.39
417.67
411.40
398.30
398.30
398.30
398.30
392.18
390.46
390.46
404.33
404.33
404.33
385.97
391.35
391.35
396.61
396.61
403.67
397.58
397.58
397.58
397.58
397.58
397.58
397.58
397.58
397.58
400.72
412.16
412.16
397.37
402.93
402.93
402.93
402.93
402.93
402.93
400.80
400.80
400.80
400.80
400.80
400.80
400.80
400.80
400.80
400.80
400.80
400.80
400.80
400.80
400.80
400.80
400.80
400.80
400.80
400.80
400.80
400.80
400.80
400.80
400.80
400.80
400.80
400.80
400.80
400.80
