0.00
0.00
3945.09
3956.13
3956.13
3948.18
3948.18
3948.18
3948.18
3972.88
3967.51
3967.51
3967.51
3967.63
3967.63
3967.63
3967.63
3967.63
3967.63
3967.63
3967.63
3967.63
3967.63
3967.63
3967.63
3967.63
3967.63
3967.63
3967.63
3967.63
3967.63
3967.63
3967.63
3950.31
3950.31
3950.31
3919.33
3919.33
3919.33
3919.33
3919.33
3919.33
3919.33
3919.33
3919.33
3919.33
3919.33
3929.02
3929.02
3912.89
3912.89
3912.89
3912.89
3912.89
3912.89
3912.89
3912.89
3912.89
3912.89
3912.89
3918.79
3918.79
3918.79
3918.79
3921.14
3921.14
3921.14
3921.14
3922.10
3922.10
3922.10
3922.10
3880.17
3880.17
3880.17
3880.17
3880.17
3880.17
3880.17
3877.67
3873.84
3873.84
3873.84
3873.84
3829.87
3829.87
3829.87
3829.87
3829.87
3829.87
3829.87
3829.87
3829.87
3829.87
3829.87
3829.87
3829.87
3829.87
3829.87
3829.87
3829.87
3829.87
3829.87
3829.87
3829.87
3831.65
3824.47
3797.32
3797.32
3797.32
3797.32
3797.32
3797.32
3797.32
3797.32
3797.32
3797.32
3797.32
3797.32
3797.32
3797.32
3767.28
3767.28
3767.28
