[5.000e-07 9.000e-01 1.092e+00 1.500e+00 1.000e-06 5.000e-01 1.000e+00
 5.000e-03 1.000e-03 1.000e-03 5.000e-01 5.000e+00 2.400e+04 5.000e+00
 1.000e-02]	1545.2833665992823
[6.500e-07 9.000e-01 1.092e+00 1.500e+00 1.000e-06 5.000e-01 1.000e+00
 5.000e-03 1.000e-03 1.000e-03 5.000e-01 5.000e+00 2.400e+04 5.000e+00
 1.000e-02]	1545.283366599307
[8.000e-07 9.000e-01 1.092e+00 1.500e+00 1.000e-06 5.000e-01 1.000e+00
 5.000e-03 1.000e-03 1.000e-03 5.000e-01 5.000e+00 2.400e+04 5.000e+00
 1.000e-02]	1545.2833665992832
[9.500e-07 9.000e-01 1.092e+00 1.500e+00 1.000e-06 5.000e-01 1.000e+00
 5.000e-03 1.000e-03 1.000e-03 5.000e-01 5.000e+00 2.400e+04 5.000e+00
 1.000e-02]	1545.2833665992823
[1.100e-06 9.000e-01 1.092e+00 1.500e+00 1.000e-06 5.000e-01 1.000e+00
 5.000e-03 1.000e-03 1.000e-03 5.000e-01 5.000e+00 2.400e+04 5.000e+00
 1.000e-02]	1545.283366599307
[1.250e-06 9.000e-01 1.092e+00 1.500e+00 1.000e-06 5.000e-01 1.000e+00
 5.000e-03 1.000e-03 1.000e-03 5.000e-01 5.000e+00 2.400e+04 5.000e+00
 1.000e-02]	1545.283366599307
[1.400e-06 9.000e-01 1.092e+00 1.500e+00 1.000e-06 5.000e-01 1.000e+00
 5.000e-03 1.000e-03 1.000e-03 5.000e-01 5.000e+00 2.400e+04 5.000e+00
 1.000e-02]	1545.283366599301
[1.550e-06 9.000e-01 1.092e+00 1.500e+00 1.000e-06 5.000e-01 1.000e+00
 5.000e-03 1.000e-03 1.000e-03 5.000e-01 5.000e+00 2.400e+04 5.000e+00
 1.000e-02]	1545.2833665992823
[1.700e-06 9.000e-01 1.092e+00 1.500e+00 1.000e-06 5.000e-01 1.000e+00
 5.000e-03 1.000e-03 1.000e-03 5.000e-01 5.000e+00 2.400e+04 5.000e+00
 1.000e-02]	1545.283366599301
[1.850e-06 9.000e-01 1.092e+00 1.500e+00 1.000e-06 5.000e-01 1.000e+00
 5.000e-03 1.000e-03 1.000e-03 5.000e-01 5.000e+00 2.400e+04 5.000e+00
 1.000e-02]	1545.283366599307
[1.850e-06 0.000e+00 1.092e+00 1.500e+00 1.000e-06 5.000e-01 1.000e+00
 5.000e-03 1.000e-03 1.000e-03 5.000e-01 5.000e+00 2.400e+04 5.000e+00
 1.000e-02]	1547.3129625932609
[1.850e-06 1.000e-01 1.092e+00 1.500e+00 1.000e-06 5.000e-01 1.000e+00
 5.000e-03 1.000e-03 1.000e-03 5.000e-01 5.000e+00 2.400e+04 5.000e+00
 1.000e-02]	1545.9882149482717
[1.850e-06 2.000e-01 1.092e+00 1.500e+00 1.000e-06 5.000e-01 1.000e+00
 5.000e-03 1.000e-03 1.000e-03 5.000e-01 5.000e+00 2.400e+04 5.000e+00
 1.000e-02]	1545.2881592566753
[1.850e-06 3.000e-01 1.092e+00 1.500e+00 1.000e-06 5.000e-01 1.000e+00
 5.000e-03 1.000e-03 1.000e-03 5.000e-01 5.000e+00 2.400e+04 5.000e+00
 1.000e-02]	1545.1104034549487
[1.850e-06 4.000e-01 1.092e+00 1.500e+00 1.000e-06 5.000e-01 1.000e+00
 5.000e-03 1.000e-03 1.000e-03 5.000e-01 5.000e+00 2.400e+04 5.000e+00
 1.000e-02]	1544.9731192954562
[1.850e-06 5.000e-01 1.092e+00 1.500e+00 1.000e-06 5.000e-01 1.000e+00
 5.000e-03 1.000e-03 1.000e-03 5.000e-01 5.000e+00 2.400e+04 5.000e+00
 1.000e-02]	1544.6742141335008
[1.850e-06 6.000e-01 1.092e+00 1.500e+00 1.000e-06 5.000e-01 1.000e+00
 5.000e-03 1.000e-03 1.000e-03 5.000e-01 5.000e+00 2.400e+04 5.000e+00
 1.000e-02]	1544.5937088604396
[1.850e-06 7.000e-01 1.092e+00 1.500e+00 1.000e-06 5.000e-01 1.000e+00
 5.000e-03 1.000e-03 1.000e-03 5.000e-01 5.000e+00 2.400e+04 5.000e+00
 1.000e-02]	1544.891990531161
[1.850e-06 8.000e-01 1.092e+00 1.500e+00 1.000e-06 5.000e-01 1.000e+00
 5.000e-03 1.000e-03 1.000e-03 5.000e-01 5.000e+00 2.400e+04 5.000e+00
 1.000e-02]	1545.2214309218411
[1.850e-06 9.000e-01 1.092e+00 1.500e+00 1.000e-06 5.000e-01 1.000e+00
 5.000e-03 1.000e-03 1.000e-03 5.000e-01 5.000e+00 2.400e+04 5.000e+00
 1.000e-02]	1545.2833665992823
[1.85e-06 9.00e-01 0.00e+00 1.50e+00 1.00e-06 5.00e-01 1.00e+00 5.00e-03
 1.00e-03 1.00e-03 5.00e-01 5.00e+00 2.40e+04 5.00e+00 1.00e-02]	1545.2833665992823
[1.85e-06 9.00e-01 2.00e-01 1.50e+00 1.00e-06 5.00e-01 1.00e+00 5.00e-03
 1.00e-03 1.00e-03 5.00e-01 5.00e+00 2.40e+04 5.00e+00 1.00e-02]	1545.2833665992823
[1.85e-06 9.00e-01 4.00e-01 1.50e+00 1.00e-06 5.00e-01 1.00e+00 5.00e-03
 1.00e-03 1.00e-03 5.00e-01 5.00e+00 2.40e+04 5.00e+00 1.00e-02]	1545.283366599307
[1.85e-06 9.00e-01 6.00e-01 1.50e+00 1.00e-06 5.00e-01 1.00e+00 5.00e-03
 1.00e-03 1.00e-03 5.00e-01 5.00e+00 2.40e+04 5.00e+00 1.00e-02]	1545.2833665992832
[1.85e-06 9.00e-01 8.00e-01 1.50e+00 1.00e-06 5.00e-01 1.00e+00 5.00e-03
 1.00e-03 1.00e-03 5.00e-01 5.00e+00 2.40e+04 5.00e+00 1.00e-02]	1545.2833665992823
[1.85e-06 9.00e-01 1.00e+00 1.50e+00 1.00e-06 5.00e-01 1.00e+00 5.00e-03
 1.00e-03 1.00e-03 5.00e-01 5.00e+00 2.40e+04 5.00e+00 1.00e-02]	1545.283366599307
[1.85e-06 9.00e-01 1.20e+00 1.50e+00 1.00e-06 5.00e-01 1.00e+00 5.00e-03
 1.00e-03 1.00e-03 5.00e-01 5.00e+00 2.40e+04 5.00e+00 1.00e-02]	1545.2833665992823
[1.85e-06 9.00e-01 1.40e+00 1.50e+00 1.00e-06 5.00e-01 1.00e+00 5.00e-03
 1.00e-03 1.00e-03 5.00e-01 5.00e+00 2.40e+04 5.00e+00 1.00e-02]	1545.283366599301
[1.85e-06 9.00e-01 1.60e+00 1.50e+00 1.00e-06 5.00e-01 1.00e+00 5.00e-03
 1.00e-03 1.00e-03 5.00e-01 5.00e+00 2.40e+04 5.00e+00 1.00e-02]	1545.2833665992823
[1.85e-06 9.00e-01 1.80e+00 1.50e+00 1.00e-06 5.00e-01 1.00e+00 5.00e-03
 1.00e-03 1.00e-03 5.00e-01 5.00e+00 2.40e+04 5.00e+00 1.00e-02]	1545.2833665992823
