[5.000e-07 9.000e-01 1.092e+00 1.500e+00 1.000e-06 5.000e-01 1.000e+00
 5.000e-03 1.000e-03 1.000e-03 5.000e-01 5.000e+00 2.400e+04 5.000e+00
 1.000e-02]	1059.49155198146
[6.500e-07 9.000e-01 1.092e+00 1.500e+00 1.000e-06 5.000e-01 1.000e+00
 5.000e-03 1.000e-03 1.000e-03 5.000e-01 5.000e+00 2.400e+04 5.000e+00
 1.000e-02]	1059.4915519814613
[8.000e-07 9.000e-01 1.092e+00 1.500e+00 1.000e-06 5.000e-01 1.000e+00
 5.000e-03 1.000e-03 1.000e-03 5.000e-01 5.000e+00 2.400e+04 5.000e+00
 1.000e-02]	1059.49155198146
[9.500e-07 9.000e-01 1.092e+00 1.500e+00 1.000e-06 5.000e-01 1.000e+00
 5.000e-03 1.000e-03 1.000e-03 5.000e-01 5.000e+00 2.400e+04 5.000e+00
 1.000e-02]	1059.49155198146
[1.100e-06 9.000e-01 1.092e+00 1.500e+00 1.000e-06 5.000e-01 1.000e+00
 5.000e-03 1.000e-03 1.000e-03 5.000e-01 5.000e+00 2.400e+04 5.000e+00
 1.000e-02]	1059.4915519814613
[1.250e-06 9.000e-01 1.092e+00 1.500e+00 1.000e-06 5.000e-01 1.000e+00
 5.000e-03 1.000e-03 1.000e-03 5.000e-01 5.000e+00 2.400e+04 5.000e+00
 1.000e-02]	1059.4915519814613
[1.400e-06 9.000e-01 1.092e+00 1.500e+00 1.000e-06 5.000e-01 1.000e+00
 5.000e-03 1.000e-03 1.000e-03 5.000e-01 5.000e+00 2.400e+04 5.000e+00
 1.000e-02]	1059.4915519814606
[1.550e-06 9.000e-01 1.092e+00 1.500e+00 1.000e-06 5.000e-01 1.000e+00
 5.000e-03 1.000e-03 1.000e-03 5.000e-01 5.000e+00 2.400e+04 5.000e+00
 1.000e-02]	1059.49155198146
[1.700e-06 9.000e-01 1.092e+00 1.500e+00 1.000e-06 5.000e-01 1.000e+00
 5.000e-03 1.000e-03 1.000e-03 5.000e-01 5.000e+00 2.400e+04 5.000e+00
 1.000e-02]	1059.4915519814606
[1.850e-06 9.000e-01 1.092e+00 1.500e+00 1.000e-06 5.000e-01 1.000e+00
 5.000e-03 1.000e-03 1.000e-03 5.000e-01 5.000e+00 2.400e+04 5.000e+00
 1.000e-02]	1059.4915519814613
[1.850e-06 0.000e+00 1.092e+00 1.500e+00 1.000e-06 5.000e-01 1.000e+00
 5.000e-03 1.000e-03 1.000e-03 5.000e-01 5.000e+00 2.400e+04 5.000e+00
 1.000e-02]	1051.7104748686584
[1.850e-06 1.000e-01 1.092e+00 1.500e+00 1.000e-06 5.000e-01 1.000e+00
 5.000e-03 1.000e-03 1.000e-03 5.000e-01 5.000e+00 2.400e+04 5.000e+00
 1.000e-02]	1045.314749128842
[1.850e-06 2.000e-01 1.092e+00 1.500e+00 1.000e-06 5.000e-01 1.000e+00
 5.000e-03 1.000e-03 1.000e-03 5.000e-01 5.000e+00 2.400e+04 5.000e+00
 1.000e-02]	1048.0760589618692
[1.850e-06 3.000e-01 1.092e+00 1.500e+00 1.000e-06 5.000e-01 1.000e+00
 5.000e-03 1.000e-03 1.000e-03 5.000e-01 5.000e+00 2.400e+04 5.000e+00
 1.000e-02]	1050.7766150881696
[1.850e-06 4.000e-01 1.092e+00 1.500e+00 1.000e-06 5.000e-01 1.000e+00
 5.000e-03 1.000e-03 1.000e-03 5.000e-01 5.000e+00 2.400e+04 5.000e+00
 1.000e-02]	1053.2041408603359
[1.850e-06 5.000e-01 1.092e+00 1.500e+00 1.000e-06 5.000e-01 1.000e+00
 5.000e-03 1.000e-03 1.000e-03 5.000e-01 5.000e+00 2.400e+04 5.000e+00
 1.000e-02]	1055.0742261518121
[1.850e-06 6.000e-01 1.092e+00 1.500e+00 1.000e-06 5.000e-01 1.000e+00
 5.000e-03 1.000e-03 1.000e-03 5.000e-01 5.000e+00 2.400e+04 5.000e+00
 1.000e-02]	1056.5592930758437
[1.850e-06 7.000e-01 1.092e+00 1.500e+00 1.000e-06 5.000e-01 1.000e+00
 5.000e-03 1.000e-03 1.000e-03 5.000e-01 5.000e+00 2.400e+04 5.000e+00
 1.000e-02]	1057.7051446273638
[1.850e-06 8.000e-01 1.092e+00 1.500e+00 1.000e-06 5.000e-01 1.000e+00
 5.000e-03 1.000e-03 1.000e-03 5.000e-01 5.000e+00 2.400e+04 5.000e+00
 1.000e-02]	1058.7074673216325
[1.850e-06 9.000e-01 1.092e+00 1.500e+00 1.000e-06 5.000e-01 1.000e+00
 5.000e-03 1.000e-03 1.000e-03 5.000e-01 5.000e+00 2.400e+04 5.000e+00
 1.000e-02]	1059.49155198146
[1.85e-06 9.00e-01 0.00e+00 1.50e+00 1.00e-06 5.00e-01 1.00e+00 5.00e-03
 1.00e-03 1.00e-03 5.00e-01 5.00e+00 2.40e+04 5.00e+00 1.00e-02]	1059.49155198146
[1.85e-06 9.00e-01 2.00e-01 1.50e+00 1.00e-06 5.00e-01 1.00e+00 5.00e-03
 1.00e-03 1.00e-03 5.00e-01 5.00e+00 2.40e+04 5.00e+00 1.00e-02]	1059.49155198146
[1.85e-06 9.00e-01 4.00e-01 1.50e+00 1.00e-06 5.00e-01 1.00e+00 5.00e-03
 1.00e-03 1.00e-03 5.00e-01 5.00e+00 2.40e+04 5.00e+00 1.00e-02]	1059.4915519814613
[1.85e-06 9.00e-01 6.00e-01 1.50e+00 1.00e-06 5.00e-01 1.00e+00 5.00e-03
 1.00e-03 1.00e-03 5.00e-01 5.00e+00 2.40e+04 5.00e+00 1.00e-02]	1059.49155198146
[1.85e-06 9.00e-01 8.00e-01 1.50e+00 1.00e-06 5.00e-01 1.00e+00 5.00e-03
 1.00e-03 1.00e-03 5.00e-01 5.00e+00 2.40e+04 5.00e+00 1.00e-02]	1059.49155198146
[1.85e-06 9.00e-01 1.00e+00 1.50e+00 1.00e-06 5.00e-01 1.00e+00 5.00e-03
 1.00e-03 1.00e-03 5.00e-01 5.00e+00 2.40e+04 5.00e+00 1.00e-02]	1059.4915519814613
[1.85e-06 9.00e-01 1.20e+00 1.50e+00 1.00e-06 5.00e-01 1.00e+00 5.00e-03
 1.00e-03 1.00e-03 5.00e-01 5.00e+00 2.40e+04 5.00e+00 1.00e-02]	1059.49155198146
[1.85e-06 9.00e-01 1.40e+00 1.50e+00 1.00e-06 5.00e-01 1.00e+00 5.00e-03
 1.00e-03 1.00e-03 5.00e-01 5.00e+00 2.40e+04 5.00e+00 1.00e-02]	1059.4915519814606
[1.85e-06 9.00e-01 1.60e+00 1.50e+00 1.00e-06 5.00e-01 1.00e+00 5.00e-03
 1.00e-03 1.00e-03 5.00e-01 5.00e+00 2.40e+04 5.00e+00 1.00e-02]	1059.49155198146
[1.85e-06 9.00e-01 1.80e+00 1.50e+00 1.00e-06 5.00e-01 1.00e+00 5.00e-03
 1.00e-03 1.00e-03 5.00e-01 5.00e+00 2.40e+04 5.00e+00 1.00e-02]	1059.49155198146
