[2.3001e+04 9.0000e-01 1.0920e+00 1.5000e+00 1.0000e-06 5.0000e-01
 1.0000e+00 5.0000e-03 1.0000e-03 1.0000e-03 5.0000e-01 5.0000e+00
 2.4000e+04 5.0000e+00 1.0000e-02]	2522.0431679090248
[2.32011e+04 9.00000e-01 1.09200e+00 1.50000e+00 1.00000e-06 5.00000e-01
 1.00000e+00 5.00000e-03 1.00000e-03 1.00000e-03 5.00000e-01 5.00000e+00
 2.40000e+04 5.00000e+00 1.00000e-02]	2522.0458032094593
[2.34012e+04 9.00000e-01 1.09200e+00 1.50000e+00 1.00000e-06 5.00000e-01
 1.00000e+00 5.00000e-03 1.00000e-03 1.00000e-03 5.00000e-01 5.00000e+00
 2.40000e+04 5.00000e+00 1.00000e-02]	2522.0618537569417
[2.36013e+04 9.00000e-01 1.09200e+00 1.50000e+00 1.00000e-06 5.00000e-01
 1.00000e+00 5.00000e-03 1.00000e-03 1.00000e-03 5.00000e-01 5.00000e+00
 2.40000e+04 5.00000e+00 1.00000e-02]	2522.072101945873
[2.38014e+04 9.00000e-01 1.09200e+00 1.50000e+00 1.00000e-06 5.00000e-01
 1.00000e+00 5.00000e-03 1.00000e-03 1.00000e-03 5.00000e-01 5.00000e+00
 2.40000e+04 5.00000e+00 1.00000e-02]	2522.0536390329435
[2.40015e+04 9.00000e-01 1.09200e+00 1.50000e+00 1.00000e-06 5.00000e-01
 1.00000e+00 5.00000e-03 1.00000e-03 1.00000e-03 5.00000e-01 5.00000e+00
 2.40000e+04 5.00000e+00 1.00000e-02]	2522.072007797263
[2.42016e+04 9.00000e-01 1.09200e+00 1.50000e+00 1.00000e-06 5.00000e-01
 1.00000e+00 5.00000e-03 1.00000e-03 1.00000e-03 5.00000e-01 5.00000e+00
 2.40000e+04 5.00000e+00 1.00000e-02]	2522.072093218985
[2.44017e+04 9.00000e-01 1.09200e+00 1.50000e+00 1.00000e-06 5.00000e-01
 1.00000e+00 5.00000e-03 1.00000e-03 1.00000e-03 5.00000e-01 5.00000e+00
 2.40000e+04 5.00000e+00 1.00000e-02]	2522.045776541819
[2.46018e+04 9.00000e-01 1.09200e+00 1.50000e+00 1.00000e-06 5.00000e-01
 1.00000e+00 5.00000e-03 1.00000e-03 1.00000e-03 5.00000e-01 5.00000e+00
 2.40000e+04 5.00000e+00 1.00000e-02]	2522.043056179184
[2.48019e+04 9.00000e-01 1.09200e+00 1.50000e+00 1.00000e-06 5.00000e-01
 1.00000e+00 5.00000e-03 1.00000e-03 1.00000e-03 5.00000e-01 5.00000e+00
 2.40000e+04 5.00000e+00 1.00000e-02]	2522.0720165241405
