1.00
1.00
1.00
1.00
1.00
1.00
1.00
1.00
1.00
1.00
1.00
1.00
2904.20
2904.20
2904.20
2904.20
2904.20
2904.20
2904.20
2904.20
2904.20
2904.20
2904.20
2904.20
2904.20
2904.20
2904.20
2904.20
2904.20
2904.20
2904.20
2904.20
2912.01
2912.01
2912.01
2912.01
2917.60
2917.60
2917.60
2917.60
2903.66
2903.66
2903.66
2903.66
2903.66
2903.66
2903.66
2903.66
2903.66
2903.66
2903.66
2903.66
2903.66
2903.66
2903.66
2903.66
2903.66
2903.66
2903.66
2903.66
2903.66
2903.66
2903.66
2903.66
2927.85
2927.85
2927.85
2927.85
2927.85
2927.85
2927.85
2927.85
2927.85
2927.85
2927.85
2927.85
2927.85
2927.85
2927.85
2927.85
2927.85
2927.85
2927.85
2927.85
2927.85
2919.91
2919.91
2919.91
2919.91
2925.59
2925.59
2925.59
2925.59
2925.59
2925.59
2925.59
2925.59
2925.59
2925.59
2925.59
2925.59
2910.79
2910.79
2910.79
2910.79
2910.79
2910.79
2910.79
2910.79
2910.79
2910.79
2910.79
2910.79
2910.79
2910.79
2910.79
2910.79
2910.79
2910.79
2910.79
2910.79
2910.79
2910.79
2910.79
2910.79
2910.79
2910.79
2910.79
2910.79
2910.79
2910.79
2910.79
2910.79
2910.79
2910.79
2910.79
2910.79
2910.79
2910.79
2910.79
2910.79
2910.79
2910.79
2910.79
2910.79
2910.79
2910.79
2910.79
2910.79
2910.79
2910.79
2910.79
2910.79
2910.79
2910.79
2910.79
2910.79
2910.79
2910.79
2910.79
2910.79
2910.79
2910.79
2910.79
2910.79
2910.79
2910.79
2910.79
2910.79
2910.79
2910.79
2910.79
2910.79
2910.79
2910.79
2910.79
2910.79
2910.79
2910.79
2910.79
2910.79
2910.79
2910.79
2910.79
2910.79
2910.79
2910.79
2910.79
2910.79
2910.79
2910.79
2910.79
2910.79
2910.79
2910.79
2910.79
2910.79
2910.79
2910.79
2910.79
2910.79
2910.79
2910.79
2910.79
2910.79
2910.79
2910.79
2910.79
2910.79
2910.79
2910.79
2910.79
2910.79
2910.79
2910.79
2910.79
2910.79
2910.79
2910.79
2910.79
2910.79
2910.79
2910.79
2917.55
2917.55
2917.55
2917.55
2917.55
2917.55
2917.55
2917.55
2917.55
2917.55
2917.55
2922.22
2922.22
2922.22
2922.22
2922.22
2922.22
2922.22
2922.22
2922.22
2922.22
2922.22
2922.22
2922.22
2922.22
2922.22
2922.22
2922.22
2922.22
2922.22
2922.22
2922.22
2922.22
2922.22
2922.22
2922.22
2922.22
2922.22
2922.22
2922.22
2922.22
2922.22
2922.22
2922.22
2903.43
2903.43
2903.43
2903.43
2903.43
2903.43
2903.43
2903.43
2903.43
2903.43
2903.43
2903.43
2903.43
2903.43
2903.43
2903.43
2903.43
2903.43
2903.43
2903.43
2903.43
2903.43
2903.43
2903.43
2903.43
2903.43
2903.43
2903.43
2903.43
2903.43
2903.43
2903.43
2903.43
2903.43
2903.43
2903.43
2903.43
2903.43
2903.43
2903.43
2903.43
2903.43
2903.43
2903.43
2903.43
2903.43
2903.43
2903.43
2903.43
2903.43
2903.43
2903.43
2903.43
2903.43
2903.43
2903.43
2903.43
2903.43
2903.43
2903.43
2903.43
2903.43
2903.43
2903.43
2903.43
2903.43
2903.43
2903.43
2903.43
2903.43
2903.43
2903.43
2903.43
2903.43
2903.43
2903.43
