1.00
2923.64
2923.64
2927.57
2927.57
2927.57
2927.57
2927.57
2927.57
2927.57
2927.57
2927.57
2927.57
2927.57
2927.57
2927.57
2927.57
2927.57
2927.57
2927.57
2927.57
2927.57
2927.57
2927.57
2927.57
2927.57
2927.57
2927.57
2927.57
2927.57
2927.57
2927.57
2927.57
2927.57
2927.57
2927.57
2927.57
2927.57
2927.57
2927.57
2927.57
2927.57
2927.57
2927.57
2927.57
2927.57
2927.57
2927.57
2927.57
2927.57
2927.57
2927.57
2927.57
2927.57
2927.57
2927.57
2927.57
2927.57
2927.57
2927.57
2927.57
2927.57
2927.57
2927.57
2927.57
2927.57
2927.57
2927.57
2927.57
2927.57
2927.57
2927.57
2927.57
2927.57
2927.57
2927.57
2927.57
2927.57
2927.57
2927.57
2927.57
2927.57
2927.57
2927.57
2927.57
2927.57
2927.57
2927.57
2927.57
2927.57
2927.57
2927.57
2927.57
2927.57
2927.57
2927.57
2927.57
2927.57
2927.57
2927.57
2927.57
2927.57
2927.57
2927.57
2927.57
2927.57
2927.57
2927.57
2927.57
2927.57
2927.57
2927.57
2927.57
2927.57
2927.57
2927.57
2927.57
2927.57
2927.57
2927.57
2927.57
2927.57
2927.57
2927.57
2927.57
2927.57
2927.57
2927.57
2927.57
2927.57
2927.57
2927.57
2927.57
2927.57
2927.57
2927.57
2927.57
2927.57
2927.57
2927.57
2927.57
2927.57
2927.57
2927.57
2927.57
2927.57
2927.57
2927.57
2927.57
2927.57
2927.57
2927.57
2927.57
2927.57
2927.57
2927.57
2927.57
2927.57
2927.57
2927.57
2927.57
2927.57
2927.57
2927.57
2927.57
2927.57
2927.57
2927.57
2927.57
2927.57
2927.57
2927.57
2927.57
2927.57
2927.57
2927.57
2927.57
2927.57
2927.57
2927.57
2927.57
2927.57
2927.57
2927.57
2927.57
2927.57
2927.57
2927.57
2927.57
2927.57
2927.57
2927.57
2927.57
2927.57
2927.57
2927.57
2927.57
2927.57
2927.57
2927.57
2927.57
2927.57
2927.57
2927.57
2927.57
2927.57
2927.57
2927.57
2927.57
2927.57
2927.57
2927.57
2927.57
2927.57
2927.57
2927.57
2927.57
2927.57
2928.10
2928.10
2928.10
2928.10
2917.10
2917.10
2917.10
2917.10
2908.44
2908.44
2908.44
2908.44
2903.78
2903.78
2903.78
2903.78
2903.78
2903.78
2903.78
2903.78
2903.78
2903.78
2903.78
2903.78
2903.78
2903.78
2903.78
2903.78
2903.78
2903.78
2903.78
2903.78
2903.78
2903.78
2903.78
2903.78
2903.78
2903.78
2903.78
2903.78
2903.78
2903.78
2903.78
2903.78
2903.78
2903.78
2903.78
2903.78
2903.78
2903.78
2903.78
2903.78
2903.78
2903.78
2903.78
2903.78
2903.78
2903.78
2903.78
2903.78
2903.78
2903.78
2903.78
2921.99
2921.99
2921.99
2921.99
2921.99
2921.99
2934.31
2934.31
2934.31
2934.31
2934.31
2934.31
2934.31
2934.31
2934.31
2934.31
2934.31
2934.31
2934.31
2934.31
2934.31
2934.31
2934.31
2934.31
2934.31
2934.31
2934.31
2934.31
2934.31
2934.31
2934.31
2934.31
2934.31
2934.31
2934.31
2934.31
2934.31
2934.31
2934.31
2934.31
2934.31
2934.31
2934.31
2934.31
2934.31
2934.31
2934.31
2934.31
2934.31
2934.31
2934.31
2934.31
2934.31
2934.31
2934.31
2934.31
2934.31
2934.31
2934.31
2934.31
