1.00
1.00
1.00
1.00
2915.80
2915.80
2915.80
2915.80
2915.80
2915.80
2915.80
2915.80
2915.80
2915.80
2915.80
2915.80
2919.43
2919.43
2919.43
2919.43
2919.43
2919.43
2919.43
2919.43
2919.43
2919.43
2919.43
2919.43
2919.43
2919.43
2919.43
2919.43
2919.43
2919.43
2927.54
2927.54
2927.54
2927.54
2927.54
2927.54
2927.54
2927.54
2927.54
2927.54
2927.54
2894.61
2894.61
2894.61
2894.61
2894.61
2894.61
2894.61
2894.61
2894.61
2894.61
2894.61
2894.61
2894.61
2894.61
2894.61
2894.61
2894.61
2894.61
2894.61
2894.61
2894.61
2894.61
2894.61
2894.61
2894.61
2894.61
2894.61
2894.61
2894.61
2894.61
2894.61
2894.61
2894.61
2894.61
2894.61
2894.61
2902.30
2902.30
2902.30
2902.30
2902.30
2902.30
2902.30
2912.93
2912.93
2912.93
2912.93
2912.93
2912.93
2912.93
2912.93
2912.93
2912.93
2912.93
2912.93
2912.93
2912.93
2912.93
2912.93
2912.93
2912.93
2912.93
2912.93
2912.93
2912.93
2912.93
2912.93
2912.93
2912.93
2912.93
2912.93
2912.93
2912.93
2912.93
2912.93
2912.93
2912.93
2912.93
2912.93
2912.93
2912.93
2912.93
2912.93
2912.93
2912.93
2912.93
2912.93
2912.93
2912.93
2912.93
2912.93
2912.93
2912.93
2912.93
2912.93
2912.93
2912.93
2912.93
2912.93
2912.93
2912.93
2912.93
2912.93
2912.93
2912.93
2912.93
2912.93
2912.93
2914.58
2914.58
2914.58
2914.58
2914.58
2914.58
2914.58
2914.58
2914.58
2914.58
2914.58
2914.58
2914.58
2914.58
2914.58
2914.58
2914.58
2914.58
2914.58
2914.58
2914.58
2914.58
2914.58
2914.58
2914.58
2914.58
2914.58
2914.58
2914.58
2914.58
2914.58
2914.58
2914.58
2914.58
2914.58
2914.58
2914.58
2914.58
2914.58
2914.58
2914.58
2914.58
2914.58
2914.58
2914.58
2914.58
2914.58
2914.58
2914.58
2914.58
2914.58
2914.58
2914.58
2914.58
2914.58
2914.58
2914.58
2914.58
2914.58
2914.58
2914.58
2914.58
2914.58
2914.58
2914.58
2902.59
2903.47
2903.47
2903.47
2903.47
2920.70
2920.70
2920.70
2920.70
2920.70
2920.70
2920.70
2920.70
2920.70
2920.70
2920.70
2920.70
2920.70
2920.70
2920.70
2920.70
2920.70
2920.70
2920.70
2920.70
2920.70
2920.70
2920.70
2920.70
2920.70
2920.70
2920.70
2920.70
2920.70
2920.70
2920.70
2920.70
2920.70
2896.05
2896.05
2896.05
2896.05
2896.05
2896.05
2896.05
2896.05
2896.05
2896.05
2896.05
2896.05
2896.05
2896.05
2896.05
2896.05
2896.05
2896.05
2896.05
2896.05
2896.05
2896.05
2896.05
2896.05
2896.05
2896.05
2896.05
2896.05
2896.05
2896.05
2896.05
2896.05
2896.05
2896.05
2896.05
2896.05
2914.39
2914.39
2914.39
2914.39
2914.39
2914.39
2914.39
2914.39
2914.39
2914.39
2914.39
2914.39
2914.39
2914.39
2914.39
2914.39
2914.39
2914.39
2914.39
2914.39
2914.39
2914.39
2914.39
2914.39
2914.39
2914.39
2914.39
2914.39
2914.39
2914.39
2914.39
2914.39
2914.39
2914.39
2914.39
2914.39
2914.39
2914.39
2914.39
2914.39
2914.39
2914.39
2914.39
2914.39
2914.39
2914.39
2914.39
2914.39
2914.39
2914.39
2914.39
