-26138.96
-26104.62
-26158.71
-26151.14
-26130.80
-26138.02
-26162.59
-26148.68
-26152.52
-26129.55
-26092.70
-26120.73
-26072.22
-26108.30
-26118.65
-26058.84
-26054.32
-26111.33
-26065.72
-26040.97
-26058.60
-26013.93
-26032.46
-26069.60
-26072.51
-26087.80
-26071.70
-26064.71
-26116.78
-26092.02
-26019.23
-26069.33
-26058.32
-26057.37
-26049.38
-26085.20
-26091.97
-26071.34
-26107.75
-26063.46
-26077.95
-26049.59
-26047.24
-26065.01
-26070.42
-26083.28
-26075.66
-26098.45
-26030.17
-26049.55
-26041.13
-26033.14
-26045.55
-26092.14
-26063.74
-26094.49
-26053.14
-26081.68
-26078.59
-26087.10
-26109.19
