-13075.97
-13052.55
-13087.46
-13039.32
-13081.04
-13043.13
-13082.68
-13032.08
-13040.84
-13008.39
-13037.71
-13015.97
-13022.31
-13045.29
-13019.38
-13041.33
-13045.72
-13007.69
-13028.99
-13027.64
-13011.60
-26059.76
-26006.79
-26014.50
-26016.32
-26062.40
-26059.15
-26027.19
-26041.89
-26043.76
-26038.24
-26063.58
-26003.47
-26000.54
-25996.26
-26029.26
-26006.63
-26033.24
-26090.35
-26011.13
-26016.10
-26054.23
-26034.29
-25993.17
-26060.81
-26004.71
-26055.25
-25981.22
-26040.12
-26054.51
-26015.99
-26022.55
-25969.05
-26031.40
-25945.65
-26032.83
-26046.47
-26058.19
-25988.47
-25973.46
-26025.05
