-14455.85
-14438.55
-14437.85
-14446.10
-14431.92
-14429.86
-14437.25
-14423.77
-14453.97
-14464.58
-14434.78
-14455.97
-14449.71
-14423.92
-14443.64
-14416.23
-14445.00
-14464.70
-14417.55
-14410.93
-14396.03
-26091.85
-26095.94
-26100.13
-26070.87
-26052.77
-26103.43
-26086.39
-26068.56
-26113.49
-26080.14
-26069.86
-26054.59
-26069.91
-26064.52
-26077.09
-26076.99
-26068.99
-26084.44
-26042.41
-26079.71
-26088.86
-26033.92
-26025.81
-26073.50
-26047.12
-26005.35
-26017.85
-26043.05
-26062.54
-26076.08
-25987.89
-26068.41
-26021.53
-26053.87
-26023.10
-26053.35
-26045.78
-26083.12
-26054.57
-26063.37
