-19414.05
-19418.67
-19401.86
-19390.20
-19415.36
-19427.84
-19411.50
-19431.10
-19429.72
-19394.24
-19398.84
-19383.78
-19414.61
-19408.65
-19373.96
-19398.53
-19335.56
-19344.01
-19340.02
-19339.95
-19332.53
-26066.83
-26080.08
-26055.13
-26062.95
-26065.29
-26061.17
-26055.06
-26024.34
-26047.40
-26053.91
-26025.53
-26044.35
-26051.24
-26011.08
-26012.38
-26042.08
-26061.85
-26020.00
-26057.32
-26011.49
-26042.32
-26048.99
-25997.77
-26083.49
-25992.40
-26045.23
-26024.18
-26006.15
-26007.11
-25976.69
-26024.89
-26089.13
-26026.53
-26047.56
-26007.11
-26061.63
-26055.34
-25986.45
-26031.62
-26028.21
