-15975.19
-15960.16
-15953.19
-15962.89
-15929.07
-15935.01
-15932.04
-15906.55
-15908.05
-15911.02
-15874.81
-15914.22
-15909.71
-15873.62
-15893.44
-15867.56
-15882.45
-15864.13
-15850.58
-15859.69
-15849.68
-26035.17
-26049.96
-26063.43
-25997.17
-26010.25
-26021.17
-26029.20
-26034.37
-26036.92
-26005.00
-26040.27
-26052.73
-25995.67
-26030.33
-26090.31
-26006.71
-26062.39
-26041.85
-26056.83
-26020.89
-26015.93
-26063.29
-26002.40
-26066.28
-26023.95
-26027.04
-26069.42
-26028.03
-25999.10
-26037.90
-26023.53
-25996.32
-26059.50
-25998.35
-26007.81
-25993.05
-26007.14
-26028.28
-26029.74
-26003.50
