-23705.94
-23724.96
-23681.72
-23727.84
-23680.28
-23703.36
-23766.84
-23698.20
-23702.51
-23703.52
-23696.40
-23677.64
-23713.17
-23704.21
-23693.84
-23702.26
-23733.59
-23707.64
-23725.64
-23673.52
-23637.07
-26122.28
-26060.90
-26077.16
-26135.55
-26102.05
-26122.70
-26083.29
-26066.35
-26124.75
-26118.95
-26101.39
-26174.30
-26069.85
-26129.74
-26152.85
-26130.58
-26054.72
-26051.54
-26096.99
-26115.36
-26053.08
-26102.39
-26057.23
-26045.09
-26108.12
-26049.55
-26047.45
-26075.04
-26095.34
-26043.60
-26063.81
-26019.02
-26061.07
-26034.87
-26030.42
-26085.18
-26072.91
-26037.92
-26046.77
-26027.03
