-17605.11
-17581.75
-17610.59
-17587.41
-17570.31
-17591.49
-17582.53
-17569.16
-17583.86
-17567.10
-17584.34
-17585.45
-17584.13
-17564.48
-17567.62
-17584.48
-17548.53
-17573.27
-17559.27
-17530.71
-17551.83
-26115.48
-26113.43
-26089.81
-26090.81
-26128.55
-26104.21
-26114.74
-26144.75
-26124.33
-26077.51
-26084.95
-26127.21
-26084.57
-26090.77
-26128.68
-26105.98
-26096.60
-26066.27
-26097.83
-26094.39
-26061.86
-26066.23
-26086.62
-26071.08
-26101.18
-26054.73
-26076.11
-26066.74
-26055.25
-26027.86
-26067.05
-26011.64
-26027.46
-25996.43
-26077.87
-26035.48
-26049.88
-26032.26
-26057.55
-26040.25
