-21422.02
-21407.41
-21438.71
-21388.66
-21405.79
-21439.78
-21397.40
-21393.80
-21434.60
-21423.88
-21386.37
-21378.63
-21379.98
-21471.75
-21364.26
-21360.68
-21348.69
-21359.41
-21336.62
-21352.76
-21348.27
-26043.03
-26015.86
-26036.90
-26056.38
-26020.00
-26051.88
-26052.90
-26052.86
-25986.25
-26037.00
-25989.10
-26002.75
-26003.90
-26007.76
-26053.43
-26080.87
-26011.91
-25992.81
-26046.76
-26013.27
-26057.33
-26038.19
-26022.76
-25989.99
-26010.44
-26039.42
-26027.04
-26012.97
-26034.16
-26018.71
-25984.50
-26024.16
-26016.95
-26016.13
-26056.93
-25983.88
-25982.85
-25981.07
-26072.29
-26026.25
