-6506.71000 -7075.16000 -8868.20000 -13056.67000 -11667.58000 -10479.43000 -9616.03000 -7897.22000
-6503.30000 -7091.16000 -8650.23000 -12792.67000 -11608.67000 -10732.29000 -9610.81000 -7767.82000
-6572.38000 -7168.07000 -8665.51000 -12978.47000 -11698.94000 -10585.50000 -9572.03000 -7700.42000
-6437.33000 -7195.56000 -8675.05000 -12949.50000 -11513.36000 -10512.35000 -9733.33000 -7991.91000
-6489.61000 -7152.71000 -8762.50000 -12809.05000 -11850.72000 -10508.11000 -9524.85000 -7797.63000
-6477.26000 -7103.44000 -8632.99000 -12931.43000 -11665.65000 -10589.98000 -9628.38000 -7857.16000
-6501.86000 -7190.20000 -8688.15000 -12816.70000 -11866.21000 -10549.49000 -9539.39000 -7810.76000
-6458.09000 -7126.18000 -8692.85000 -12787.93000 -11687.84000 -10526.83000 -9602.30000 -7797.00000
-6539.86000 -7046.63000 -8664.39000 -12800.65000 -11665.40000 -10494.04000 -9580.37000 -7753.19000
-6566.46000 -7050.73000 -8579.14000 -12665.61000 -11750.31000 -10615.42000 -9884.34000 -7706.18000
-6469.68000 -7125.05000 -8660.24000 -12687.71000 -11974.17000 -10568.12000 -9683.62000 -7938.07000
-6417.82000 -7067.52000 -8685.42000 -12776.31000 -11642.18000 -10652.45000 -9685.23000 -7907.90000
-6391.22000 -7188.11000 -8618.30000 -13180.73000 -11669.99000 -10458.94000 -9650.42000 -7854.35000
-6413.05000 -7099.88000 -8605.45000 -12849.17000 -11629.32000 -10688.89000 -9563.91000 -7827.63000
-6493.42000 -7154.07000 -8692.17000 -12885.14000 -11645.46000 -10619.23000 -9598.45000 -7917.67000
-6462.81000 -7067.34000 -8593.46000 -12798.85000 -11681.21000 -10651.42000 -9531.67000 -7750.12000
-6447.11000 -7096.15000 -8531.07000 -12796.71000 -11839.24000 -10735.72000 -9491.16000 -7744.59000
-6538.24000 -7084.81000 -8571.54000 -12974.33000 -11618.44000 -10438.66000 -9651.75000 -7825.38000
-6394.77000 -7046.53000 -8695.91000 -12953.86000 -11778.29000 -10480.04000 -9598.12000 -7876.23000
-6433.29000 -7188.44000 -8657.86000 -12914.64000 -11926.93000 -10511.21000 -9535.03000 -7772.44000
-6481.51000 -7137.92000 -8709.90000 -12805.90000 -11771.05000 -10530.40000 -9641.78000 -7908.91000
-6489.98000 -7065.22000 -8675.55000 -12746.93000 -11591.80000 -10618.82000 -9524.57000 -7828.83000
-6496.49000 -7070.71000 -8586.46000 -12819.11000 -11673.09000 -10518.86000 -9685.70000 -7722.24000
-6420.17000 -7069.17000 -8716.67000 -12950.55000 -11827.37000 -10510.06000 -9613.79000 -7829.63000
-6486.29000 -7173.66000 -8699.89000 -12653.89000 -11887.90000 -10599.73000 -9784.36000 -7844.82000
-6573.62000 -7124.39000 -8712.68000 -12845.73000 -11758.38000 -10662.85000 -9688.08000 -7779.43000
-6474.65000 -7098.51000 -8498.17000 -12916.07000 -11755.07000 -10592.16000 -9554.92000 -7810.97000
-6433.79000 -7129.58000 -8610.54000 -12844.89000 -11797.10000 -10464.29000 -9585.83000 -7829.39000
-6477.39000 -7148.86000 -8579.28000 -12883.17000 -11637.76000 -10514.31000 -9581.97000 -7831.12000
-6505.69000 -7160.28000 -8625.58000 -12818.70000 -11691.92000 -10540.22000 -9617.14000 -7814.98000
-6419.63000 -7009.26000 -8611.43000 -12867.80000 -11665.84000 -10466.57000 -9618.89000 -7859.89000
-6400.02000 -7088.64000 -8547.40000 -12796.89000 -11583.36000 -10457.49000 -9543.85000 -7815.76000
-6376.74000 -7147.74000 -8752.75000 -12999.65000 -11651.52000 -10620.42000 -9655.26000 -7697.92000
-6416.75000 -7109.14000 -8575.00000 -12993.12000 -11761.27000 -10588.51000 -9584.23000 -7854.12000
-6419.16000 -7220.73000 -8694.57000 -12975.39000 -11633.57000 -10485.62000 -9473.40000 -7794.49000
-6440.67000 -7148.98000 -8625.32000 -12799.37000 -11641.11000 -10526.81000 -9546.01000 -7805.60000
-6375.97000 -7082.12000 -8714.84000 -12856.58000 -11641.21000 -10616.87000 -9721.12000 -7839.61000
-6404.61000 -7151.79000 -8656.11000 -12770.33000 -11650.87000 -10478.90000 -9552.54000 -7718.48000
-6457.97000 -7163.95000 -8620.82000 -12810.64000 -11700.67000 -10530.18000 -9508.48000 -7876.14000
-6458.22000 -7074.13000 -8765.60000 -12771.40000 -11661.74000 -10540.85000 -9582.33000 -7772.56000
-6366.77000 -7058.34000 -8557.83000 -12790.61000 -11616.56000 -10554.59000 -9551.35000 -7776.15000
-6584.21000 -7079.77000 -8677.31000 -12770.29000 -11665.70000 -10587.34000 -9616.57000 -7776.32000
-6412.35000 -7125.97000 -8589.56000 -12993.59000 -11776.25000 -10595.56000 -9652.86000 -7722.73000
-6482.17000 -7103.15000 -8656.35000 -12924.47000 -11743.64000 -10602.51000 -9502.07000 -7862.52000
-6532.93000 -7061.75000 -8687.89000 -12867.49000 -11860.65000 -10673.14000 -9613.44000 -7765.48000
-6443.43000 -7135.40000 -8642.28000 -12966.13000 -11667.70000 -10831.25000 -9412.66000 -7747.86000
-6528.28000 -7088.77000 -8612.73000 -12786.93000 -11760.02000 -10412.57000 -9512.63000 -7743.01000
-6444.56000 -7050.16000 -8725.62000 -12850.00000 -11795.03000 -10570.40000 -9579.02000 -7806.44000
-6457.73000 -7085.43000 -8590.58000 -12918.06000 -11607.88000 -10590.81000 -9633.76000 -7797.88000
-6417.79000 -7106.00000 -8601.86000 -12885.21000 -11724.52000 -10488.85000 -9553.32000 -7858.44000
-6434.69000 -7098.36000 -8679.56000 -12993.97000 -11717.82000 -10502.26000 -9582.62000 -7828.93000
-6386.75000 -7111.75000 -8671.99000 -12803.33000 -11679.11000 -10512.52000 -9635.69000 -7733.00000
-6413.89000 -7087.87000 -8591.71000 -12838.03000 -11757.42000 -10553.30000 -9541.48000 -7875.05000
-6381.97000 -7162.79000 -8614.39000 -12804.67000 -11692.55000 -10532.93000 -9554.33000 -7893.05000
-6468.69000 -7072.64000 -8548.66000 -12869.33000 -11574.71000 -10505.74000 -9467.65000 -7788.93000
-6447.41000 -7161.81000 -8609.83000 -12739.20000 -11662.79000 -10477.94000 -9602.30000 -7770.82000
-6432.26000 -7042.77000 -8581.60000 -12806.50000 -11799.81000 -10570.18000 -9537.95000 -7822.03000
-6443.57000 -7050.42000 -8694.21000 -12883.10000 -11684.72000 -10605.19000 -9528.38000 -7740.13000
-6406.76000 -7075.81000 -8624.05000 -12819.10000 -11583.62000 -10488.77000 -9541.65000 -7894.56000
-6543.93000 -7173.67000 -8644.40000 -12883.61000 -11768.33000 -10406.62000 -9543.93000 -8020.91000
-6386.69000 -7087.31000 -8695.41000 -12757.44000 -11849.90000 -10437.39000 -9505.98000 -7888.77000
-6526.58000 -7119.07000 -8566.20000 -12891.61000 -11791.79000 -10407.74000 -9629.23000 -7807.16000
-6450.42000 -7090.72000 -8680.48000 -12885.44000 -11648.42000 -10529.20000 -9654.82000 -7864.82000
-6467.47000 -7117.18000 -8590.98000 -12905.64000 -11888.42000 -10514.98000 -9539.35000 -7783.54000
-6363.01000 -7019.90000 -8704.70000 -12957.52000 -11667.87000 -10585.97000 -9522.45000 -7782.37000
-6379.60000 -7098.12000 -8589.55000 -12872.63000 -11686.69000 -10494.26000 -9502.88000 -7754.80000
-6471.63000 -7129.23000 -8747.59000 -12751.26000 -11865.27000 -10490.54000 -9612.84000 -7772.62000
-6515.73000 -7089.93000 -8568.09000 -13001.40000 -11642.12000 -10470.38000 -9686.79000 -7845.60000
-6406.75000 -7134.24000 -8548.86000 -12836.58000 -11666.34000 -10496.01000 -9473.52000 -7780.75000
-6404.51000 -7155.84000 -8719.56000 -12801.09000 -11654.41000 -10503.41000 -9599.99000 -7814.11000
-6403.59000 -7057.60000 -8610.97000 -12860.68000 -11725.11000 -10507.71000 -9577.15000 -7776.73000
-6397.33000 -7100.01000 -8640.63000 -12954.80000 -11782.23000 -10513.36000 -9571.18000 -7774.86000
-6380.42000 -7066.13000 -8741.79000 -13045.81000 -11808.69000 -10622.13000 -9656.75000 -7799.64000
-6382.55000 -7074.44000 -8576.34000 -12838.64000 -11755.60000 -10462.16000 -9435.36000 -7777.57000
-6466.51000 -7151.96000 -8562.29000 -12917.91000 -11675.41000 -10542.88000 -9529.60000 -7947.56000
-6386.09000 -7127.08000 -8747.21000 -13052.93000 -11730.78000 -10599.59000 -9602.78000 -7762.04000
-6465.10000 -7089.13000 -8654.06000 -12953.22000 -11664.35000 -10578.01000 -9479.27000 -7805.93000
-6413.08000 -7240.26000 -8674.78000 -12828.70000 -11760.72000 -10496.62000 -9519.71000 -7830.05000
-6407.00000 -7114.22000 -8677.23000 -12746.76000 -11751.35000 -10474.47000 -9544.10000 -7753.61000
-6405.75000 -7112.30000 -8600.83000 -12698.91000 -11696.92000 -10608.81000 -9554.54000 -7925.71000
-6449.23000 -7173.23000 -8640.89000 -12777.52000 -11709.04000 -10690.01000 -9434.19000 -7850.88000
-6385.26000 -7151.13000 -8619.43000 -12926.25000 -11705.34000 -10501.55000 -9394.96000 -7753.09000
-6501.44000 -7095.81000 -8597.92000 -12998.48000 -11694.71000 -10513.38000 -9516.91000 -7877.63000
-6370.64000 -7074.44000 -8951.80000 -12765.03000 -11922.76000 -10460.70000 -9610.38000 -7866.31000
-6439.94000 -7205.00000 -8642.12000 -12857.98000 -11693.00000 -10613.47000 -9549.97000 -7841.33000
-6360.30000 -7090.11000 -8711.06000 -12724.17000 -11693.22000 -10524.55000 -9413.50000 -7869.27000
-6450.81000 -7163.78000 -8586.75000 -12768.09000 -11657.69000 -10511.02000 -9502.70000 -7765.90000
-6643.56000 -7126.70000 -8748.71000 -12780.67000 -11806.24000 -10513.65000 -9422.97000 -7827.94000
-6443.47000 -7105.54000 -8676.86000 -12798.32000 -11697.10000 -10418.69000 -9375.86000 -7802.45000
-6343.37000 -7086.74000 -8659.07000 -12808.36000 -11637.69000 -10482.32000 -9653.08000 -7723.85000
-6455.05000 -7121.33000 -8549.96000 -12784.06000 -11628.00000 -10525.83000 -9460.71000 -7862.25000
-6387.06000 -7027.74000 -8802.88000 -12912.24000 -11690.24000 -10447.98000 -9533.43000 -7818.89000
-6383.38000 -7129.44000 -8737.85000 -12872.77000 -11673.13000 -10777.81000 -9439.07000 -7808.05000
-6407.12000 -7084.42000 -8625.65000 -13158.37000 -11673.46000 -10451.02000 -9435.63000 -7707.23000
-6405.18000 -7130.88000 -8575.69000 -12880.66000 -11790.27000 -10494.82000 -9632.12000 -7799.55000
-6352.07000 -7116.03000 -8542.38000 -12817.19000 -11668.73000 -10477.94000 -9479.09000 -7872.09000
-6360.23000 -7169.58000 -8691.78000 -13015.10000 -11675.03000 -10509.30000 -9416.85000 -7793.36000
-6414.27000 -6991.64000 -8624.46000 -12851.90000 -11686.10000 -10802.37000 -9518.87000 -7766.67000
-6393.99000 -7038.33000 -8680.52000 -12789.77000 -11881.26000 -10597.66000 -9422.69000 -7983.04000
-6413.93000 -7128.94000 -8653.84000 -12921.02000 -11727.30000 -10596.68000 -9435.80000 -7824.42000
-6368.90000 -7136.60000 -8640.77000 -12787.17000 -11729.00000 -10658.79000 -9437.83000 -7795.91000
-6303.35000 -7094.56000 -8628.78000 -12931.62000 -11660.75000 -10562.02000 -9505.69000 -7785.21000
-6410.43000 -7081.03000 -8671.08000 -12971.58000 -11744.45000 -10565.10000 -9501.25000 -7901.14000
-6373.00000 -7057.17000 -8597.40000 -12679.81000 -11705.94000 -10496.47000 -9573.32000 -7824.61000
-6438.03000 -7044.56000 -8621.23000 -12748.27000 -11680.73000 -10565.07000 -9455.98000 -7901.03000
-6425.52000 -7058.57000 -8674.65000 -12888.74000 -11795.53000 -10506.51000 -9450.80000 -7823.93000
-6453.19000 -7130.71000 -8551.24000 -12717.44000 -11989.61000 -10504.78000 -9502.78000 -7762.20000
-6398.85000 -7094.36000 -8636.81000 -12867.71000 -11611.94000 -10498.35000 -9663.25000 -7774.09000
-6474.08000 -7084.39000 -8641.20000 -12810.14000 -11770.74000 -10552.54000 -9433.13000 -7784.22000
-6368.59000 -7023.94000 -8713.14000 -12792.87000 -11748.88000 -10616.73000 -9457.61000 -7895.14000
-6429.23000 -7051.58000 -8562.48000 -12811.96000 -11825.04000 -10646.20000 -9532.24000 -7802.88000
-6420.70000 -7188.27000 -8546.30000 -12732.12000 -11811.51000 -10543.09000 -9512.60000 -7768.28000
-6483.61000 -7097.02000 -8545.51000 -12801.70000 -11870.12000 -10486.65000 -9518.84000 -7822.60000
-6409.82000 -7252.56000 -8619.49000 -12804.98000 -11760.16000 -10483.30000 -9450.38000 -7739.75000
-6431.83000 -7070.94000 -8659.60000 -12837.24000 -11709.98000 -10511.68000 -9474.05000 -7784.44000
-6380.53000 -7135.84000 -8651.27000 -12742.45000 -11795.76000 -10537.62000 -9551.32000 -7786.10000
-6390.00000 -7079.08000 -8587.57000 -12977.94000 -11710.12000 -10539.19000 -9408.09000 -7750.27000
-6364.86000 -7024.32000 -8785.11000 -12669.95000 -11652.10000 -10482.10000 -9589.35000 -7814.04000
-6417.36000 -7197.25000 -8598.12000 -12975.05000 -11643.69000 -10543.51000 -9626.29000 -7789.73000
-6587.84000 -7120.72000 -8628.88000 -12852.82000 -11624.15000 -10574.29000 -9482.42000 -7794.98000
-6373.01000 -7092.37000 -8812.77000 -12720.04000 -11718.96000 -10486.19000 -9531.09000 -7796.83000
-6392.71000 -7105.26000 -8665.00000 -12878.40000 -11580.05000 -10464.50000 -9423.10000 -7778.69000
-6452.33000 -7012.55000 -8575.98000 -12914.98000 -12006.34000 -10497.45000 -9516.19000 -7692.34000
-6372.04000 -7104.18000 -8593.30000 -12763.87000 -11678.68000 -10590.45000 -9477.16000 -7741.66000
-6390.52000 -7095.31000 -8616.03000 -12865.44000 -11674.66000 -10927.83000 -9608.55000 -7764.92000
-6399.15000 -7098.45000 -8537.66000 -12963.17000 -11729.32000 -10691.24000 -9472.44000 -7738.49000
-6386.04000 -7028.53000 -8743.86000 -12836.15000 -11677.44000 -10496.95000 -9571.02000 -7698.70000
-6400.51000 -7064.24000 -8629.26000 -12900.24000 -11887.85000 -10551.41000 -9451.15000 -7833.44000
-6388.96000 -7176.58000 -8719.56000 -12936.17000 -11736.69000 -10619.51000 -9499.98000 -7827.92000
-6431.25000 -7059.38000 -8522.89000 -12807.00000 -11738.72000 -10418.54000 -9484.96000 -7830.45000
-6438.78000 -7134.67000 -8643.27000 -12828.70000 -11792.36000 -10645.36000 -9393.34000 -7776.24000
-6358.90000 -7028.98000 -8628.71000 -12746.47000 -11572.78000 -10643.56000 -9396.42000 -7790.48000
-6439.35000 -7109.05000 -8613.73000 -12961.97000 -11777.99000 -10608.27000 -9468.54000 -7716.75000
-6466.58000 -7080.19000 -8538.24000 -12833.24000 -11632.30000 -10543.74000 -9483.83000 -7800.99000
-6446.66000 -7048.69000 -8639.78000 -12915.30000 -11674.57000 -10493.13000 -9536.21000 -7798.36000
-6356.84000 -7049.73000 -8610.83000 -12811.35000 -11892.27000 -10599.71000 -9505.20000 -7802.54000
-6399.14000 -7099.67000 -8623.25000 -12777.44000 -11614.43000 -10494.00000 -9483.98000 -7760.47000
-6439.51000 -7162.90000 -8696.04000 -12839.10000 -11680.34000 -10524.52000 -9533.97000 -7742.86000
-6361.56000 -7008.08000 -8586.80000 -12875.54000 -11749.95000 -10510.45000 -9609.05000 -7743.26000
-6437.84000 -7069.56000 -8611.46000 -12804.82000 -11714.83000 -10538.09000 -9603.41000 -7790.08000
-6563.60000 -7122.22000 -8581.80000 -12951.99000 -11617.80000 -10535.58000 -9494.90000 -7747.55000
-6577.40000 -7147.06000 -8685.13000 -12800.73000 -11578.14000 -10532.83000 -9450.81000 -7811.19000
-6387.47000 -7193.72000 -8653.12000 -12828.18000 -11718.37000 -10661.95000 -9535.60000 -7839.18000
-6524.55000 -7081.97000 -8535.73000 -12912.17000 -11611.91000 -10548.12000 -9448.51000 -7813.21000
-6341.60000 -7067.06000 -8657.91000 -12787.61000 -11576.08000 -10420.69000 -9505.16000 -7858.26000
-6382.87000 -7111.31000 -8704.75000 -12713.40000 -11744.82000 -10603.53000 -9417.70000 -7784.24000
-6355.93000 -7116.95000 -8613.33000 -13016.23000 -11746.97000 -10620.28000 -9483.06000 -7854.28000
-6443.09000 -7099.42000 -8586.50000 -12920.41000 -11861.39000 -10497.06000 -9505.05000 -7895.43000
-6383.46000 -7040.82000 -8728.04000 -12820.95000 -11714.77000 -10523.61000 -9479.24000 -7831.75000
-6370.48000 -7073.04000 -8643.91000 -12973.94000 -11709.08000 -10503.15000 -9430.42000 -7762.40000
-6432.89000 -7144.27000 -8837.90000 -12930.04000 -11637.42000 -10450.12000 -9539.53000 -7787.63000
-6427.70000 -7099.60000 -8599.80000 -12856.02000 -11621.12000 -10487.58000 -9507.85000 -7889.23000
-6342.97000 -7019.62000 -8542.02000 -12827.75000 -12006.82000 -10581.93000 -9504.02000 -7810.71000
-6415.55000 -7088.91000 -8598.08000 -12792.31000 -11828.16000 -10562.19000 -9343.76000 -7746.23000
-6422.01000 -7095.74000 -8699.98000 -12832.13000 -11680.12000 -10484.06000 -9543.94000 -7805.47000
-6393.51000 -7210.91000 -8579.55000 -12800.92000 -11660.23000 -10462.67000 -9394.03000 -7897.01000
-6498.15000 -7087.46000 -8572.91000 -12816.70000 -11580.38000 -10571.79000 -9511.06000 -7784.55000
-6387.04000 -7239.60000 -8582.58000 -12767.38000 -11730.14000 -10563.33000 -9422.91000 -7726.27000
-6400.78000 -7098.92000 -8707.00000 -12962.99000 -11721.58000 -10599.13000 -9486.82000 -7858.78000
-6321.51000 -7158.29000 -8579.94000 -13066.92000 -11679.52000 -10785.02000 -9661.30000 -7801.74000
-6449.06000 -7101.45000 -8652.18000 -12807.41000 -11752.87000 -10503.81000 -9571.07000 -7815.67000
-6350.48000 -7102.47000 -8712.22000 -12736.12000 -12149.65000 -10460.41000 -9409.23000 -7779.49000
-6392.46000 -7178.91000 -8553.60000 -13104.82000 -11764.69000 -10577.92000 -9419.94000 -7826.75000
-6422.96000 -7158.90000 -8640.56000 -12796.01000 -11705.94000 -10500.34000 -9509.24000 -7782.29000
-6325.94000 -7083.07000 -8604.40000 -12711.33000 -11586.11000 -10430.12000 -9409.33000 -7814.72000
-6494.11000 -7137.79000 -8646.07000 -12937.31000 -11717.79000 -10549.95000 -9458.34000 -7730.60000
-6347.45000 -7123.99000 -8760.43000 -12888.99000 -11758.00000 -10580.06000 -9397.59000 -7717.28000
-6385.75000 -7096.89000 -8575.54000 -12803.33000 -11823.97000 -10608.55000 -9417.76000 -7710.81000
-6460.03000 -7011.08000 -8551.88000 -12817.71000 -11737.02000 -10537.28000 -9458.77000 -7814.85000
-6339.47000 -7049.78000 -8763.73000 -12923.92000 -11748.43000 -10507.42000 -9460.89000 -7775.28000
-6377.61000 -7132.85000 -8573.29000 -12819.67000 -11744.10000 -10511.19000 -9423.04000 -7719.04000
-6350.85000 -7096.52000 -8647.23000 -12825.16000 -11698.46000 -10512.61000 -9494.27000 -7787.70000
-6392.57000 -7041.23000 -8593.19000 -12815.04000 -11720.99000 -10518.77000 -9411.86000 -7912.04000
-6371.26000 -7204.77000 -8548.75000 -12899.76000 -11596.68000 -10625.50000 -9516.71000 -7683.16000
-6407.32000 -6974.15000 -8596.39000 -12821.05000 -11720.78000 -10504.30000 -9461.82000 -7726.91000
-6442.74000 -7161.20000 -8570.12000 -12857.03000 -11804.49000 -10494.11000 -9490.68000 -7771.33000
-6344.78000 -7070.39000 -8601.13000 -12840.19000 -11727.93000 -10510.37000 -9547.40000 -7801.42000
-6455.85000 -7151.91000 -8616.09000 -12587.15000 -11721.43000 -10683.59000 -9469.26000 -7784.96000
-6420.16000 -7060.26000 -8713.73000 -12863.34000 -11762.91000 -10607.45000 -9479.21000 -7841.00000
-6370.11000 -7036.78000 -8592.80000 -12761.73000 -11698.75000 -10709.84000 -9399.97000 -7824.29000
-6394.55000 -7067.85000 -8563.27000 -12797.63000 -11699.42000 -10542.71000 -9444.98000 -7794.13000
-6358.43000 -7158.03000 -8648.75000 -12838.97000 -11708.35000 -10566.02000 -9441.75000 -7770.09000
-6378.63000 -7104.21000 -8613.10000 -12820.81000 -11630.76000 -10560.73000 -9538.84000 -7824.46000
-6367.64000 -7151.28000 -8605.34000 -12715.72000 -11717.76000 -10477.46000 -9484.60000 -7807.41000
-6436.77000 -7086.96000 -8626.24000 -12930.81000 -11803.76000 -10577.09000 -9638.82000 -7729.22000
-6366.27000 -6993.45000 -8744.96000 -12931.60000 -11698.40000 -10563.43000 -9497.62000 -7845.63000
-6412.59000 -7050.36000 -8570.39000 -12704.51000 -11622.71000 -10592.31000 -9470.98000 -7919.67000
-6407.56000 -7103.25000 -8651.71000 -12863.74000 -11652.21000 -10535.12000 -9421.60000 -7738.57000
-6349.13000 -7072.19000 -8676.50000 -12840.49000 -11704.60000 -10573.21000 -9482.41000 -7733.86000
-6384.53000 -7116.23000 -8625.07000 -12899.19000 -11689.81000 -10495.52000 -9509.35000 -7833.74000
-6398.24000 -7161.53000 -8737.20000 -12791.06000 -11706.82000 -10611.13000 -9438.80000 -7790.31000
-6392.27000 -7115.98000 -8604.35000 -13295.66000 -11714.14000 -10481.25000 -9529.98000 -7786.11000
-6365.58000 -7076.90000 -8566.49000 -12843.68000 -11874.80000 -10597.39000 -9504.83000 -7790.14000
-6475.72000 -7082.23000 -8618.29000 -12792.39000 -11743.59000 -10504.92000 -9496.38000 -7762.69000
-6443.26000 -7127.51000 -8549.72000 -12774.63000 -11661.98000 -10466.85000 -9505.19000 -7781.97000
-6321.99000 -7053.06000 -8660.84000 -12809.46000 -11741.59000 -10458.09000 -9604.02000 -7810.13000
-6398.57000 -6992.61000 -8659.53000 -12884.14000 -11703.33000 -10665.23000 -9571.17000 -7782.78000
-6459.71000 -7114.65000 -8597.07000 -12818.59000 -11736.24000 -10692.20000 -9522.20000 -7708.70000
-6463.56000 -7056.97000 -8544.05000 -12750.09000 -11711.50000 -10530.12000 -9422.22000 -7756.53000
-6377.89000 -7015.73000 -8560.17000 -12919.23000 -11741.18000 -10706.22000 -9467.22000 -7772.78000
-6402.65000 -7052.83000 -8713.60000 -12690.46000 -11776.14000 -10611.31000 -9526.48000 -7737.79000
-6407.39000 -7072.30000 -8712.29000 -12669.31000 -11775.67000 -10552.92000 -9432.30000 -7776.14000
-6418.68000 -7145.36000 -8606.75000 -12860.90000 -11886.23000 -10468.90000 -9361.18000 -7783.83000
-6576.40000 -7082.44000 -8594.26000 -12765.67000 -11799.20000 -10509.22000 -9389.19000 -7777.55000
-6351.68000 -7056.53000 -8588.62000 -12970.79000 -11653.52000 -10587.06000 -9486.72000 -7973.48000
-6566.82000 -7105.51000 -8727.86000 -12797.43000 -11731.50000 -10448.21000 -9452.39000 -7780.21000
-6358.16000 -7060.97000 -8654.52000 -12898.78000 -11552.89000 -10765.27000 -9489.74000 -7913.39000
-6459.26000 -7303.30000 -8705.32000 -12723.96000 -11792.83000 -10588.88000 -9481.84000 -7953.89000
-6362.39000 -7152.88000 -8666.79000 -12729.98000 -11743.34000 -10515.13000 -9437.64000 -7871.37000
-6409.25000 -7110.26000 -8637.75000 -12837.68000 -11622.70000 -10810.33000 -9552.95000 -7866.89000
-6506.43000 -7098.13000 -8603.36000 -12795.12000 -11677.40000 -10476.15000 -9481.94000 -7839.31000
-6364.65000 -7068.49000 -8577.20000 -12995.21000 -11692.87000 -10499.07000 -9400.12000 -7737.28000
-6334.46000 -7101.84000 -8727.61000 -12900.76000 -11547.00000 -10611.44000 -9437.51000 -7912.80000
-6470.16000 -7063.39000 -8677.27000 -12851.00000 -11702.47000 -10444.20000 -9453.08000 -7800.28000
-6410.10000 -7154.54000 -8597.89000 -12932.55000 -11736.44000 -10453.10000 -9557.96000 -7790.24000
-6374.75000 -7165.70000 -8548.67000 -13009.06000 -11706.59000 -10437.98000 -9462.49000 -7713.11000
-6407.26000 -7319.88000 -8615.19000 -12854.30000 -11695.87000 -10574.92000 -9506.64000 -7687.45000
-6339.71000 -7101.30000 -8574.53000 -12793.89000 -11561.56000 -10561.61000 -9524.43000 -7794.25000
-12892.45000 -12903.28000 -12808.81000 -12892.34000 -12923.11000 -12907.10000 -12753.46000 -12688.08000
-12694.61000 -12911.16000 -12758.87000 -12720.22000 -12957.44000 -12947.37000 -12738.40000 -12851.96000
-12873.69000 -12871.01000 -12801.71000 -13022.61000 -13070.60000 -13236.48000 -12906.12000 -12852.75000
-12771.37000 -12764.56000 -12779.11000 -12851.51000 -13181.77000 -12757.75000 -12922.50000 -12784.91000
-12711.05000 -12969.88000 -12869.49000 -12813.49000 -12810.03000 -12850.35000 -12806.41000 -12900.16000
-12679.09000 -12830.47000 -12812.98000 -13016.62000 -12880.29000 -12909.14000 -12689.39000 -12887.01000
-12826.03000 -12892.11000 -12832.83000 -12823.00000 -12864.45000 -13049.51000 -12761.36000 -12916.87000
-13005.28000 -12786.13000 -12981.45000 -12714.22000 -12975.74000 -12763.24000 -12782.72000 -12717.79000
-12716.99000 -12857.57000 -12799.02000 -12850.70000 -12752.18000 -12857.53000 -12839.76000 -12786.64000
-12693.75000 -12944.22000 -12896.09000 -12850.40000 -12758.99000 -12790.55000 -12756.21000 -12822.98000
-13026.07000 -12954.25000 -12778.40000 -13058.90000 -12814.21000 -12869.85000 -12812.93000 -12669.72000
-12704.75000 -12822.97000 -12761.08000 -12823.57000 -13006.34000 -13002.64000 -12769.09000 -12789.25000
-12776.15000 -13172.19000 -12816.11000 -12794.45000 -12749.27000 -12824.04000 -12752.61000 -12813.63000
-12740.82000 -12892.05000 -13137.40000 -12762.58000 -12851.07000 -12897.86000 -12868.58000 -12740.80000
-12752.72000 -12851.80000 -12740.01000 -12798.68000 -12837.01000 -12727.57000 -12707.94000 -12808.71000
-12769.41000 -12634.36000 -13212.99000 -12899.34000 -12917.58000 -12708.78000 -12775.74000 -12769.81000
-12645.25000 -12761.78000 -12757.17000 -12814.02000 -12834.36000 -12712.24000 -12855.83000 -12805.53000
-12805.38000 -12789.79000 -12895.45000 -12837.08000 -13045.49000 -12817.40000 -12920.26000 -12953.17000
-12854.50000 -12801.04000 -12804.70000 -12810.87000 -12937.83000 -13002.88000 -12705.24000 -12675.18000
-12879.22000 -12871.06000 -12862.19000 -12722.34000 -12855.76000 -12708.48000 -12799.79000 -12751.65000
-12732.98000 -12861.59000 -12732.06000 -12749.09000 -12872.13000 -12840.04000 -12900.58000 -13131.18000
-12734.42000 -12716.91000 -12710.48000 -12919.78000 -13043.96000 -12763.34000 -12801.93000 -13094.61000
-12728.42000 -12883.77000 -12733.61000 -12757.63000 -13189.15000 -12909.42000 -12849.12000 -12685.81000
-12907.20000 -12875.00000 -12720.88000 -12728.25000 -12910.84000 -12974.04000 -12754.93000 -12792.84000
-12793.83000 -12881.78000 -12742.02000 -12961.05000 -12782.98000 -12640.18000 -12713.05000 -12720.02000
-13094.11000 -12920.08000 -12876.40000 -12716.05000 -13130.28000 -12992.05000 -12741.31000 -12743.03000
-12789.23000 -12899.93000 -12686.70000 -12920.51000 -13096.35000 -12760.81000 -12959.37000 -12853.87000
-12708.66000 -12939.42000 -13100.61000 -12757.17000 -12822.46000 -12655.71000 -12766.50000 -12804.21000
-12824.44000 -12803.67000 -12979.87000 -12798.67000 -13252.51000 -12863.88000 -12695.15000 -13050.49000
-12698.60000 -12887.87000 -12966.24000 -12669.21000 -12954.34000 -12810.09000 -12911.71000 -12801.32000
-12690.57000 -12800.43000 -12746.41000 -12775.60000 -12780.67000 -12806.56000 -12799.44000 -12755.89000
-12721.33000 -12791.35000 -12791.39000 -12872.09000 -12871.79000 -12809.75000 -12725.03000 -12890.48000
-12679.82000 -12871.27000 -12838.16000 -12791.59000 -12832.80000 -13012.22000 -12765.09000 -12929.67000
-12738.37000 -12746.16000 -12893.35000 -12751.95000 -12810.63000 -12707.06000 -12832.11000 -12834.94000
-12769.70000 -12757.05000 -13008.91000 -12738.11000 -13013.03000 -12712.04000 -12754.66000 -13101.78000
-12760.73000 -13126.14000 -12642.26000 -12770.33000 -12876.72000 -12690.01000 -12736.38000 -12745.41000
-12722.67000 -12894.00000 -12729.17000 -12732.96000 -12886.07000 -12814.29000 -12691.96000 -12900.08000
-13266.47000 -12985.58000 -13039.71000 -12878.68000 -13013.22000 -12920.02000 -12843.59000 -12684.30000
-12669.94000 -13083.61000 -12775.15000 -12785.88000 -12834.84000 -12773.16000 -12611.28000 -12679.04000
-12777.07000 -12953.62000 -12776.30000 -12756.39000 -12945.23000 -12906.73000 -12698.73000 -12831.92000
-12787.65000 -12692.27000 -12899.08000 -12709.71000 -12893.43000 -12709.37000 -13199.08000 -12725.05000
-12710.15000 -12896.63000 -12699.32000 -12735.08000 -12995.47000 -12898.39000 -12688.05000 -12746.17000
-12772.58000 -12861.18000 -12720.42000 -12682.84000 -12872.62000 -12611.01000 -12756.70000 -12652.73000
-12767.57000 -12837.68000 -12814.80000 -12674.62000 -12954.91000 -12843.04000 -12735.82000 -12771.87000
-12791.08000 -12861.87000 -12797.90000 -12746.49000 -12831.07000 -12869.06000 -12881.00000 -12877.71000
-12805.30000 -13008.91000 -12836.31000 -12847.83000 -12859.59000 -12905.07000 -12747.24000 -12694.59000
-12791.14000 -12828.92000 -12719.84000 -12795.13000 -13067.84000 -12767.05000 -12639.46000 -12692.70000
-12839.70000 -13021.40000 -12813.24000 -12876.51000 -12946.32000 -12792.64000 -12754.36000 -12693.12000
-12711.20000 -12847.14000 -12815.59000 -12725.67000 -13013.86000 -12755.26000 -12920.87000 -12882.05000
-12574.91000 -12901.46000 -12791.20000 -12821.10000 -12924.00000 -12820.99000 -12772.43000 -13202.09000
-12765.97000 -12853.47000 -12795.83000 -12697.60000 -12902.31000 -12870.23000 -12745.86000 -12741.59000
-12743.04000 -13161.65000 -13022.90000 -12735.08000 -12931.85000 -12742.51000 -12707.55000 -12848.37000
-12667.62000 -12878.15000 -12702.58000 -12827.92000 -13024.26000 -12712.17000 -12890.82000 -12733.87000
-12709.86000 -12939.79000 -13038.99000 -12816.49000 -12870.29000 -12797.60000 -12872.69000 -12687.92000
-12706.80000 -12823.92000 -12839.36000 -12986.78000 -12884.57000 -12955.82000 -12615.90000 -12854.38000
-12827.05000 -12916.11000 -12785.71000 -12770.02000 -12848.99000 -12755.17000 -12767.24000 -12719.77000
-12677.20000 -12859.07000 -12877.24000 -12750.63000 -12825.14000 -12867.05000 -12944.23000 -12620.64000
-12720.00000 -12828.09000 -12865.86000 -12753.56000 -12941.57000 -12893.21000 -12654.37000 -12668.93000
-12812.28000 -12916.11000 -12778.45000 -12902.12000 -12877.24000 -12853.52000 -12766.99000 -12667.81000
-12716.64000 -12842.79000 -12877.70000 -12857.60000 -12772.13000 -12739.31000 -12821.52000 -12659.93000
-12704.75000 -12710.17000 -12944.74000 -12791.82000 -12805.65000 -12842.84000 -12764.13000 -12911.26000
-12805.58000 -13214.15000 -12789.25000 -12668.31000 -12821.27000 -12813.18000 -12799.08000 -12775.57000
-12631.06000 -12769.24000 -12675.26000 -12737.86000 -12938.67000 -12813.47000 -12879.81000 -12661.48000
-12700.99000 -12896.86000 -12818.39000 -12820.28000 -12702.88000 -12739.12000 -13079.47000 -12748.15000
-12694.38000 -12854.85000 -12651.89000 -12725.39000 -12755.71000 -12788.13000 -12749.34000 -12753.67000
-12687.67000 -12809.47000 -12852.84000 -12740.23000 -12840.84000 -12818.62000 -12729.46000 -13193.15000
-12731.16000 -12681.60000 -12700.26000 -12737.96000 -12953.59000 -12782.41000 -12799.97000 -12642.97000
-12686.59000 -13113.23000 -12766.28000 -12712.20000 -13133.77000 -12729.83000 -12810.00000 -12808.67000
-12814.02000 -12806.80000 -12658.39000 -12981.45000 -12754.51000 -12924.94000 -12777.25000 -12691.22000
-12672.27000 -12829.91000 -12720.31000 -12788.67000 -12676.19000 -12830.15000 -12869.40000 -12753.62000
-12705.45000 -12891.36000 -12802.98000 -12824.77000 -12860.39000 -12753.31000 -12703.15000 -12646.72000
-12639.37000 -12746.92000 -12928.60000 -12799.01000 -12838.01000 -12925.94000 -12718.32000 -12769.38000
-12752.88000 -12850.99000 -12740.19000 -12686.28000 -12873.38000 -12759.19000 -12878.26000 -12763.40000
-12792.97000 -12820.17000 -12891.06000 -12761.72000 -12761.22000 -12903.84000 -12797.67000 -12674.85000
-12690.93000 -13076.31000 -12992.84000 -13119.97000 -12786.17000 -12733.73000 -12567.73000 -12788.16000
-12739.27000 -12849.37000 -12812.93000 -12770.46000 -12854.34000 -12773.87000 -12710.81000 -12888.10000
-12804.47000 -12732.59000 -13033.18000 -12745.56000 -12795.72000 -12910.88000 -12661.82000 -12758.79000
-12626.58000 -12964.31000 -12881.48000 -13046.84000 -12741.48000 -12818.60000 -12782.00000 -12699.86000
-12641.12000 -12997.24000 -12870.75000 -12949.30000 -12826.65000 -12819.43000 -12790.26000 -12847.90000
-12757.23000 -12863.52000 -12720.02000 -12718.76000 -12762.21000 -12696.69000 -12827.33000 -12663.56000
-12741.26000 -13139.96000 -12840.93000 -12823.43000 -12728.95000 -12878.07000 -12915.31000 -12813.66000
-12629.63000 -12800.92000 -12826.25000 -12772.20000 -12843.43000 -12837.86000 -12778.78000 -12683.53000
-12751.76000 -12848.30000 -12926.16000 -12775.12000 -13038.71000 -12942.95000 -12835.05000 -12735.15000
-12612.63000 -13009.63000 -12992.50000 -12842.12000 -12783.75000 -12872.02000 -12813.35000 -12795.37000
-12739.04000 -12874.41000 -12686.53000 -12644.65000 -12719.30000 -12946.47000 -12706.71000 -12874.44000
-12803.32000 -12879.84000 -12740.11000 -12769.98000 -12862.26000 -12782.78000 -12855.96000 -12601.89000
-12681.17000 -12755.44000 -12738.69000 -12824.13000 -12886.70000 -12697.47000 -13031.92000 -12696.64000
-12693.37000 -12877.93000 -12688.16000 -12917.41000 -12913.25000 -12880.03000 -12828.19000 -12812.41000
-12699.26000 -12842.87000 -12821.29000 -12945.17000 -12802.77000 -12788.84000 -12772.13000 -12788.17000
-12591.42000 -12805.53000 -12710.15000 -12898.10000 -12815.12000 -12935.09000 -12678.64000 -12745.34000
-12767.10000 -12958.66000 -12830.81000 -12756.13000 -12769.84000 -13063.37000 -12898.74000 -12848.27000
-12793.33000 -13209.31000 -12909.87000 -12788.25000 -12870.50000 -12875.27000 -12759.22000 -12844.33000
-12842.11000 -12810.52000 -12833.46000 -12792.08000 -12956.73000 -12988.57000 -12675.08000 -12650.80000
-12701.19000 -12843.49000 -12913.39000 -12671.58000 -12895.31000 -12939.62000 -12812.96000 -12805.26000
-12791.99000 -12889.19000 -12792.08000 -12778.02000 -12856.36000 -12717.45000 -12940.70000 -12740.86000
-12701.47000 -12900.91000 -12785.41000 -12961.46000 -12800.81000 -12862.97000 -12777.31000 -12705.03000
-12737.10000 -12774.18000 -12986.25000 -12881.15000 -12787.13000 -12985.52000 -12710.83000 -12854.94000
-13082.38000 -13081.61000 -12949.88000 -12729.36000 -12875.47000 -12841.38000 -12859.38000 -12724.29000
-12914.40000 -12844.35000 -13007.55000 -12886.84000 -12789.88000 -12791.73000 -12862.89000 -12730.35000
-12665.67000 -13079.29000 -12657.00000 -12699.59000 -12784.89000 -12915.92000 -12742.73000 -12729.18000
-12659.83000 -12934.41000 -12760.20000 -12855.00000 -12831.35000 -12796.82000 -12789.50000 -12682.39000
-12744.36000 -12857.35000 -12860.87000 -12836.87000 -12824.92000 -12820.11000 -12859.63000 -12752.04000
-12704.94000 -12874.60000 -13003.72000 -12863.04000 -12819.31000 -12874.86000 -12915.76000 -12697.03000
-12642.53000 -12821.79000 -12830.49000 -12807.53000 -12843.54000 -12783.48000 -12818.53000 -12656.89000
-12678.79000 -12684.56000 -12811.79000 -12807.67000 -13135.97000 -12881.65000 -12795.83000 -12804.45000
-12693.38000 -13188.30000 -12828.21000 -12913.93000 -12844.80000 -13047.70000 -12742.57000 -12717.62000
-12697.50000 -12901.16000 -12828.28000 -12739.22000 -12739.35000 -12886.20000 -12825.60000 -12696.94000
-13048.91000 -12945.64000 -12846.82000 -12742.27000 -12757.92000 -13016.06000 -12802.95000 -12771.69000
-12613.66000 -12871.05000 -12841.79000 -12623.23000 -12897.24000 -12813.62000 -12921.43000 -12720.82000
-12956.11000 -13211.16000 -12860.11000 -12735.47000 -12839.47000 -12761.45000 -12708.77000 -12716.84000
-12781.63000 -12844.01000 -12875.80000 -12640.23000 -12765.25000 -12765.29000 -12693.20000 -12674.12000
-12868.58000 -12696.33000 -12835.25000 -12699.60000 -12793.58000 -12896.91000 -12937.55000 -12637.34000
-12710.73000 -12913.74000 -12764.76000 -12790.38000 -12836.03000 -12758.44000 -12768.40000 -12873.15000
-12966.85000 -13008.20000 -12743.77000 -12917.20000 -12803.72000 -12863.60000 -12737.29000 -13022.48000
-12661.52000 -12690.16000 -12721.61000 -12794.28000 -12835.86000 -12908.45000 -12703.53000 -12721.66000
-12738.12000 -12692.68000 -12973.23000 -12895.04000 -12762.14000 -12920.16000 -12696.80000 -12748.73000
-12739.72000 -12902.03000 -13245.96000 -12803.65000 -12693.38000 -12823.51000 -12782.43000 -12746.46000
-12645.03000 -12783.64000 -12629.50000 -12766.43000 -12870.36000 -12847.32000 -12818.59000 -12789.56000
-12784.97000 -13163.76000 -12920.22000 -12805.48000 -12926.28000 -12732.52000 -12803.71000 -12811.74000
-12792.04000 -12887.83000 -12753.87000 -12864.70000 -12694.38000 -12736.65000 -12806.90000 -12801.69000
-12864.87000 -12850.37000 -12698.50000 -12933.15000 -12929.45000 -12779.17000 -12878.36000 -12878.54000
-12739.44000 -12989.29000 -12814.62000 -12756.87000 -12900.87000 -12832.05000 -12914.90000 -12778.91000
-13171.66000 -13288.18000 -12817.80000 -12770.85000 -12805.09000 -12610.39000 -12868.64000 -12821.89000
