7.561800196004512253e-01
4.470511683321083951e-01
1.203582821228007749e+00
9.245456275146377578e-01
2.580296920821120027e-06
8.530771304435370572e-01
6.109951426869552060e-01
3.928670031964868747e-01
2.792594658357799506e-02
3.004250292155530994e-02
5.360481695564603966e-01
1.472585025004766024e+01
8.169276320240236601e+03
1.721020887178516645e+01
4.489293603005851951e-02
1.449060995568911991e+01
2.342639803337250370e+01
1.903249356356329258e+01
-9.262550105810332113e+00
3.617176618325481741e+01
3.643402811762086202e+01
-1.073020435196134237e+01
-9.712930842547942589e+00
-3.249779139083609270e+00
3.418227948076238931e+01
3.667235740163495450e+01
-3.889314982214057359e+00
2.047882677102231241e+01
1.576073259754034517e+01
9.507274752965379605e+00
2.333349427442461632e+01
7.397683052430446438e+00
3.386166087564900806e+01
3.300895139804924128e+01
-8.186475454105693217e+00
1.097723135300637809e+00
5.336457701616509119e+00
4.493534958468232143e-01
1.185910209622789857e+01
-5.171999860612212174e+00
3.817265737571069195e+01
3.032616691634227735e+01
2.746279728562681299e+01
1.360122656105189876e+01
-2.312279960872434259e+00
-4.434054375142955529e+00
1.354892611401413305e+01
2.548093640269805604e+01
-4.712924673196470238e+00
-2.991955626389255940e+00
2.872829469917530076e+01
-7.054381673816003229e+00
3.014786497980632518e+01
7.160534874208282829e+00
2.894418925308234947e+01
2.520351273270538783e+01
3.723871119302394561e+01
7.963224408944303612e+00
2.143596777186224855e+01
-5.749857615568288338e+00
-8.597890007030990489e+00
2.050500948233933940e+01
-8.125508022987464329e+00
-3.881572476554254081e+00
3.768181328147373677e+01
-1.510272285097524225e+01
2.158424197666073496e+01
3.583056172980190723e+01
3.599910509983858731e+01
3.432218364152132750e+01
1.504859131280431939e+01
6.473693660113695181e+00
2.516967763341990860e+01
-9.732546389200877002e+00
-9.317304500435986014e+00
2.601554602675926642e+00
1.777108995112134693e+01
1.442543514882695810e+01
3.794505432946174750e+01
2.299914147508845019e+01
3.116918745773131150e+01
3.130686424482750851e+01
3.224789329754047174e+01
-6.212589921532481796e+00
9.785702373750176264e+00
2.994023114800970831e+01
2.636424166048395534e+01
-1.526025272818926082e+00
-7.825250837118783664e+00
3.611764144683284883e+01
-1.264092192018682503e+01
7.495182316055827521e+00
2.276153248101534032e+01
-5.265590164926630123e+00
1.711134049674863178e+01
-1.509860816992295085e+01
-9.591918763687834470e+00
1.476567478615508300e+01
3.275615169850746611e+01
-1.300508097708937782e+01
3.457714533127926870e+01
2.640340665587307356e+01
2.672810584465154093e+01
-8.696129080344297435e+00
2.764487607065189323e+01
2.742229210121740834e+01
2.110800028279687979e+01
-1.560592370051084310e-01
-6.733128037840774738e+00
3.336090853534108192e+01
3.334350990895980260e+01
-5.272628277470545299e+00
3.328910084798764757e+01
2.075601207247036228e+00
-1.045133695413112385e+01
3.623448270855939768e+01
2.805288327150690719e+01
1.264371003581394959e+01
-8.866947296840228532e+00
8.934375418236831123e+00
2.275063594821087776e+01
1.764491169202340259e+01
-1.413669826228011184e+00
1.470094095418620306e+01
2.819691306063076386e+00
1.162489244667882993e+01
3.821374957272360717e+01
3.810511415792612411e+01
2.640211631004361337e+01
3.190752264337928068e+01
-9.192818627126142061e+00
3.080712001138529743e+01
-2.380072778234541830e-02
2.665827135102212608e+01
3.145289970796185841e+01
-1.658340259545528772e+00
-5.723234858452936891e+00
-7.148020460949447319e+00
2.897802086542474598e+01
2.525608047016062585e+01
2.696752488593041974e+01
-1.150508014363995102e+01
2.256234675736813600e+01
1.373879397446117956e+01
3.441484464679577826e+01
3.941206872946952444e+01
3.666097144654266771e+01
1.453310836496336123e+01
-8.274671788845180842e+00
-7.869072863442096555e+00
3.312868095010995972e+01
-1.514779622383770707e+01
8.275245241462675594e+00
2.629969528802423895e+01
-3.649622731752181881e+00
-1.101161020541440294e+01
1.504461900032615773e+01
3.571767420794695624e+01
-6.181533524512403233e+00
-8.035872013119712776e+00
3.871215273994454265e+01
2.003151092478038464e+00
-8.458619648324706475e+00
-9.650231561807411040e+00
2.126940163548729146e+01
7.994880658943563922e-01
-3.745418627433994452e+00
3.205195892821498660e+01
2.957694152300143742e+01
2.601765982909819996e+01
3.055171394768777660e+01
1.063123597336516113e+01
2.124438318617330879e+01
1.960484527267188071e+01
2.954570999831381783e+01
3.890832520019490914e+01
3.662950828564909500e+01
-6.178106502518308396e+00
2.851322240213745829e+01
3.326115963356230054e+01
-3.349005578383423831e+00
2.977005827047682018e+01
-6.475872099846044172e+00
-6.630435259604105624e+00
3.289458901345643937e+01
4.064927613601501832e+01
3.493306166307569072e+01
3.138416931787768149e+01
1.833126461160178522e+01
3.510374877904658319e+01
8.799727227173708144e+00
2.518996364582175573e+00
3.579636214992580001e+00
-4.434870738269393042e-01
2.924492475151764737e+01
1.343756330549833677e+00
2.473490111473206454e+01
1.871908079980185136e+01
7.698234585146614961e+00
3.835516874083185002e+01
4.120886497207183652e+01
3.034730354263223617e+01
-1.301637610420097424e+01
-3.469899508533779375e+00
3.699647768026343897e+01
2.372667972433986705e+01
1.693769662197605186e+01
2.880961228037801547e+01
8.199471437698003129e+00
4.610934446561630651e+00
2.554555152398512519e+01
3.334801758279284911e+01
1.033164496143693789e+01
8.548000017221474067e+00
3.216566957714854880e+01
3.425937741551734916e+01
1.566767393745971049e+01
1.599696107252221111e+01
-1.123414920846026277e+01
-9.936723742877314081e+00
-1.008367936322981073e+01
-9.007411075828342106e+00
1.116451502339075219e+01
2.800291769704946176e+01
3.716345714288480906e+01
1.907752569515028895e+01
1.298863663150294556e+01
9.967274299105600477e+00
1.707214910169714983e+01
-1.818216924956013170e+00
2.866830593666028193e+01
6.814549961950325807e-01
-8.669434281231719552e+00
-1.215443873151389553e+01
3.834274030146632484e+00
1.576470216267964730e+01
2.977944421149977927e+01
3.014684744913095216e+01
1.522644200015047566e+01
1.590799013435510290e+01
-8.109011358834345984e+00
-7.011686641334286207e+00
3.272133611900301275e+01
2.668602151668978806e+01
1.300408116484545129e+00
1.605249238020534719e+01
1.583284832383782970e+01
-1.405916761298028916e+01
2.774295403376883584e+01
8.380110124857221621e+00
3.739100241395859570e+01
1.326462778472497384e+01
-2.658056597701636381e+00
-5.901414116895194795e+00
2.050273300586529235e+00
1.087052204094580965e+01
1.042064493255503521e+01
3.364610361668616889e+01
2.443708769645175849e+01
9.276272556546910408e+00
2.761679613427423075e+00
2.841143090352288070e+01
7.175684509659099319e+00
3.071878125413133631e+01
1.129943248905042807e+01
1.767078188115437243e+01
2.864869528220306094e+01
2.737722818389655544e+01
-9.616503099530808285e+00
-1.490302944351910774e+01
1.260424682868396218e+01
-4.432390127019748327e+00
-3.766064375652552698e+00
2.220595955888476070e+01
3.021846111310762950e+01
-6.133156769354408677e-01
-1.598686835278598117e+00
6.316677117873863878e+00
1.103892465570404724e+01
4.004556022157379402e+01
1.391608491906170286e+01
-1.345952040010990558e+00
-5.356066415806500558e+00
2.748535707514613069e+00
5.252073118724349676e+00
-1.514216458953845290e+01
2.329052677694983586e+01
2.730309585682920570e+01
8.549161106854826997e+00
-2.365290639820336605e+00
2.439657944120614630e+01
-8.061017111070272190e-01
-6.131840067503490310e+00
1.313603762927775875e+01
3.608809587368351401e+01
3.181757141737556083e+01
2.416150704836106300e+01
1.375936028613976703e+01
4.254804333599746080e+00
6.693056039475830943e+00
-7.087532298346777893e+00
2.451573334872449905e+01
2.758080554928912420e+01
-7.633811165153977285e+00
1.276242782171191692e+01
2.284842161628260726e+01
3.081206406743795156e+01
-7.450419022085934095e+00
1.009705158891862453e+01
1.480151641565619336e+01
3.607474567905768481e+01
1.884067606912793380e+01
3.864196602954548254e+00
3.033845255180352396e+01
-9.838284037360825351e+00
3.046056469534488187e+01
-6.512128610538755247e+00
5.342337561414897351e+00
3.387581707162065214e+01
-1.185520709590542587e+01
9.184922068031447395e+00
3.204937715458601133e+01
-1.661303988839044621e+01
3.055428436352654487e+00
-3.481816944541792136e+00
2.641458500349001781e+01
3.202470070972552918e+01
2.720009016981712335e+01
3.774085158924887651e+01
-2.221573113453080950e+00
-7.470802222199358411e+00
-1.114102792405778608e+01
2.373726985179618509e+01
6.826610662397342821e+00
3.045224734029349989e+01
2.690666730590208555e+00
-3.049504680758817088e+00
3.359874050726874373e+01
3.080779243284442259e+01
1.936609884885992372e+01
-1.366479404049825241e+01
1.692113195733171338e+01
5.541100631843869806e+00
3.136150798629783765e+01
-2.157318991312799916e-01
2.041235381898474088e+01
3.317051457753356658e+01
2.081797153304226811e+01
2.873178339116225999e+01
1.580673145443473926e+00
3.169098954130075896e+01
3.536363406250417540e+01
-7.917524823929407596e+00
-6.111280535886978171e+00
3.902064877901074880e+01
2.293491702158696910e+01
1.186684177434009513e+01
2.812865670531214590e+01
4.848173560846951169e+00
1.482418439668256482e+01
-8.301305054281653995e+00
1.603584762208970105e+01
3.374718726520832490e+01
6.523179272844572552e+00
3.052587364358873856e+01
-9.425039061715477118e+00
-2.806641449101902275e+00
7.491902823401842326e+00
5.212670857533006519e+00
-7.198266231810800164e+00
2.963599724318182194e+00
-1.457126645092031580e+01
3.072360482184674169e+00
5.776311707518416938e+00
1.951337482961490721e+01
-8.021663409472180817e+00
2.311381189136701408e+01
-6.663491294985295355e+00
1.285836374020867190e+01
3.066170325183969680e+01
2.614629491874219980e+01
3.224079350547636125e+01
-5.847940988148748964e+00
4.217350516616595435e+00
-6.377340754296230152e+00
-2.254070282855452412e+00
1.597633977090170276e+01
2.295507953423345171e+01
2.015459377966673671e+01
-3.937145621847409238e+00
1.163436231093859163e+01
1.058713086351173516e+01
6.798696292862842938e+00
-7.526490693240466712e+00
-1.020116242333227063e+01
6.134060907863031709e+00
2.266450987113625715e+01
2.011121358310181684e+00
-1.053843345030054834e+01
2.940002399575892866e+01
3.540928754973601400e+01
-7.290428920014836445e-01
3.839529629153306534e+00
3.177829917167160190e+01
-6.891762134989130928e+00
-1.414785579431118379e+01
-1.209565409233865685e+00
3.464458635461124913e+01
-1.339414485234239116e+01
3.576163656399152302e+01
1.551834531119870064e+01
4.150729432488990511e+00
3.207222956302392447e+01
1.381563767345322447e+01
3.749731068948212709e+01
