9.454633649064619894e-02
1.757784949648497352e-01
3.057574921314709648e-01
3.795444400234193050e-01
9.926859464994969058e-07
1.363963666530461638e-01
3.828571115934003011e-01
7.874751175486960353e-02
1.032342237689584316e-02
1.098110384742603633e-02
1.765323402701526601e-01
3.496705560586832462e+00
2.531342510975015557e+03
2.969757079706763836e+00
4.678278026663248296e-02
1.523369358362265835e+01
1.124444128666198672e+01
1.713360975431455202e+01
1.133868012678002124e+01
1.318255570322208747e+01
1.248965822764477984e+01
1.058016327796070222e+01
8.461827904672610146e+00
1.376553282113367160e+01
1.111737699416898195e+01
1.086997707235010324e+01
1.061967192782816838e+01
1.418856188224158998e+01
1.749880551563158093e+01
1.322829626900528055e+01
1.653214405782989616e+01
1.673089499094743715e+01
1.447919246039048069e+01
9.670324839085605362e+00
1.396044120709606773e+01
1.426311154953905103e+01
1.409938881356591267e+01
1.383583235065080252e+01
1.725079135822639742e+01
1.076134697976194943e+01
8.911392188250657043e+00
1.271816492615359451e+01
1.542816728118101466e+01
1.547049700038332176e+01
1.604333327515027818e+01
1.644685304128727665e+01
1.558832986201722193e+01
1.672495282195221833e+01
1.088215972969140921e+01
1.504852313341845971e+01
1.399557730237381392e+01
1.303437300910499985e+01
1.158983261733022196e+01
1.608545587112354625e+01
1.200869387185442960e+01
1.217726413128172602e+01
1.096264744508346745e+01
1.712905400405301748e+01
1.764339482246581170e+01
1.099769296622426218e+01
1.365140578450694520e+01
1.593564501947064294e+01
1.140102805190287505e+01
1.016686924231103539e+01
7.979722812423992728e+00
1.008969302706824145e+01
1.693073642101140663e+01
1.025548765551637231e+01
1.163262950762076109e+01
1.021872376019015149e+01
1.020857539566532424e+01
1.702610877390809208e+01
1.337213815081470969e+01
9.730584574591137681e+00
1.042377427952002122e+01
1.194292518876608611e+01
1.759364725819375153e+01
1.370496840504218916e+01
9.233883231102534950e+00
1.109277967282156574e+01
1.637593627551325071e+01
1.147872470972832915e+01
1.180095294869119549e+01
1.100336781609646053e+01
1.599606757800503232e+01
1.236976666391250745e+01
1.205352813560002900e+01
1.029267468348948356e+01
1.571605010632165644e+01
1.564909360201314925e+01
8.909896691340371433e+00
1.514572707162914078e+01
1.411149372871241070e+01
1.235595569018597573e+01
2.021220097752485856e+01
9.542087997624713935e+00
1.128962501117433170e+01
1.266593531613414036e+01
1.200189282207832164e+01
1.002330464082201900e+01
1.253441008738116658e+01
1.482059002948179760e+01
1.347242048497328071e+01
1.236918098365388019e+01
1.573681397743652610e+01
1.428901053096281615e+01
1.569874729040956396e+01
1.226934497179679084e+01
1.780148026381343485e+01
1.416639903151551749e+01
1.208133663112274014e+01
1.393003215084404900e+01
1.257414735386627314e+01
1.385650276608462228e+01
1.290354503822899446e+01
9.336445542473869708e+00
1.213857264526029667e+01
1.673020170098800818e+01
1.012472022661950177e+01
1.707248541687109267e+01
1.188100294922923084e+01
1.224397890648693199e+01
1.621440759235706608e+01
1.299526429948383921e+01
1.000062097413216122e+01
1.365480984183231072e+01
1.158686705410466899e+01
1.083085765676711176e+01
1.591603929390265471e+01
1.342353432243743327e+01
1.211689964909109207e+01
1.359574801579689129e+01
1.391735878363530254e+01
1.272789437186974126e+01
1.641219728345805251e+01
1.481618508740793239e+01
1.025038656759396538e+01
1.126137103427158870e+01
1.595448999714412786e+01
1.780835493724159591e+01
1.470896284900560680e+01
1.111359784130218742e+01
1.196504680986557467e+01
1.685013513667049878e+01
1.507391687765769639e+01
8.536090562053097131e+00
1.297337786780097879e+01
1.473753709260604694e+01
1.247093102021589317e+01
9.033054513054318946e+00
1.071038109932029414e+01
7.571037383520192066e+00
1.550472265483167611e+01
1.618683036355790605e+01
1.281273237262918485e+01
1.148666247309132871e+01
1.348154334255031195e+01
1.120842959541232275e+01
1.180256640949306757e+01
9.810880817109412178e+00
1.177952387506780951e+01
1.136350211626481332e+01
1.119383023385058884e+01
1.431526968076058459e+01
1.864860743270822496e+01
1.786272348915756680e+01
1.872405814659855139e+01
1.298639460828095338e+01
1.095357042496434019e+01
1.292299313205256972e+01
1.378841316158180241e+01
1.287546644846305277e+01
1.236468918434179365e+01
1.536252404115863435e+01
1.428798105996359347e+01
9.662912512121854647e+00
1.078758941143545513e+01
1.298903094375463496e+01
1.355406087927087455e+01
1.400045100428711642e+01
1.305346643119448302e+01
1.168664640964960988e+01
1.095653550930895292e+01
1.138335063305663652e+01
1.127029331354109232e+01
7.650594319223321449e+00
1.010109843401290952e+01
1.085687158307509925e+01
1.462290902842751983e+01
1.538710974415227994e+01
1.038254265335045723e+01
1.081330638494680940e+01
1.665698437216701677e+01
1.713659388052399635e+01
1.654901977113953393e+01
1.091006370005597681e+01
1.445596624449409795e+01
1.356790055037978426e+01
1.244898278000024128e+01
1.384914917753214070e+01
9.282435828720554838e+00
1.283761110309376186e+01
8.366388650617201606e+00
1.065605769377513390e+01
8.750084987815895943e+00
1.224407578167636856e+01
1.448013760413995854e+01
1.701785930317630147e+01
1.361689302765930698e+01
1.019498774615717096e+01
1.622333465438776656e+01
1.149976517179318236e+01
1.388124170732935880e+01
1.835916363149000219e+01
2.011253620488929172e+01
9.904839141756353271e+00
2.151642962848600860e+01
1.648154697119323586e+01
1.161245835223426148e+01
1.273575145567371969e+01
9.497021196310415192e+00
1.361593042607404769e+01
1.390871564356214485e+01
2.056475944193708472e+01
9.705579673470428048e+00
1.621346999213485063e+01
1.571434636291947307e+01
1.891544209582759706e+01
1.740067297554960035e+01
1.045555398974809336e+01
1.466582189209884390e+01
1.368659158498694417e+01
1.232008928521062430e+01
8.987757800009095632e+00
1.795485026163965259e+01
1.382970995523030311e+01
1.651241663963392270e+01
1.766656272310754261e+01
1.180653554187439980e+01
1.434976532229220147e+01
1.387098212039905576e+01
1.488896477593577927e+01
1.385624656641655328e+01
1.389464738819750522e+01
1.465266954276319034e+01
1.761906943046413332e+01
1.796293065106481279e+01
7.054169576322703250e+00
1.142478728970705859e+01
1.659573882165084413e+01
8.792706191809228855e+00
1.397682219998428543e+01
9.932325797346864604e+00
1.237346780487304798e+01
1.386707440709188965e+01
1.672279921982520889e+01
2.250655181634974156e+01
1.159100580861700536e+01
1.596645283240137303e+01
1.657548844564326274e+01
9.434051506991291802e+00
1.359854463484437304e+01
1.558952749288349260e+01
1.169716825776052715e+01
1.719547810797589094e+01
1.248193187404533866e+01
1.701170215394256502e+01
1.324570708302669253e+01
1.010391296985989484e+01
1.022659067726055682e+01
1.290703466838798796e+01
1.228853859098199486e+01
1.290617598775767050e+01
1.774333734433363219e+01
1.536226698849832317e+01
1.585366451346075678e+01
1.037576785257328105e+01
1.388793306059975485e+01
1.871542376900723781e+01
7.983676908362544289e+00
1.464213152391755912e+01
1.130424943317790110e+01
1.512820360534086284e+01
1.572501291567430393e+01
1.508834909863570672e+01
8.779196489270981729e+00
1.273742612685010478e+01
1.826259413055826641e+01
1.923277121579409155e+01
1.310217647771993832e+01
1.430576754442904708e+01
1.212183129291054406e+01
1.647444572599309254e+01
1.657269428270817713e+01
1.099013730892812646e+01
1.747020204261756504e+01
1.610268637559512328e+01
1.938945061283391524e+01
1.207907378221257488e+01
1.350035726256906976e+01
1.060420939690894393e+01
1.520806142339731615e+01
1.549975536031175949e+01
1.215430159950626354e+01
1.510679430157615677e+01
1.452460522582419422e+01
1.269553584733293405e+01
1.038491163686222762e+01
1.811448991602753011e+01
9.093095521444132245e+00
1.122418072837382397e+01
1.555194635901015587e+01
1.662745903344059784e+01
1.264642329306678015e+01
1.515275323813253827e+01
1.356742157580967145e+01
1.418220807325507415e+01
1.357617633225425635e+01
1.015217874673234100e+01
1.029228954146665309e+01
1.832635395610968132e+01
1.208333015803578192e+01
7.213449564504176514e+00
1.254371519723383344e+01
1.046937326816968294e+01
1.342796715382624662e+01
1.435885321447851837e+01
1.412038837883489961e+01
8.838531726503882524e+00
1.343261983429233908e+01
1.096984598918918508e+01
1.222457747828762642e+01
1.416215041487200388e+01
1.210770182542806594e+01
1.339395389348963228e+01
1.497494971188280388e+01
1.409407490142183761e+01
1.129432460991731091e+01
1.388457911575914316e+01
1.509186530627301792e+01
8.730772742105568085e+00
1.419951204773184728e+01
1.912128583888602407e+01
1.232327529107652886e+01
1.553069492496134529e+01
1.671702546595717465e+01
1.590534539775640610e+01
1.564189289625980628e+01
1.741261240366897312e+01
1.412551903640292572e+01
1.159753783817838091e+01
1.015799084982146105e+01
1.183659033868136312e+01
1.060953265718470817e+01
8.923721770552747401e+00
9.238030654793030649e+00
2.049605211503619984e+01
1.301982081536958447e+01
1.645656192610933388e+01
1.639931936174662752e+01
1.156854676586901398e+01
1.995301297170355070e+01
1.441315559585770956e+01
1.928957761936883486e+01
1.529831064975899046e+01
1.159251295346149746e+01
1.296166424955433527e+01
1.943970576230428193e+01
1.226392921888926502e+01
1.114580513496937719e+01
1.515530996164219779e+01
9.614746664420547262e+00
2.264652810813343820e+01
2.042773498120232034e+01
1.229388168896435829e+01
9.870626871005699243e+00
1.425438286826552492e+01
1.665347443490668056e+01
1.745137881920486222e+01
1.397682382722697625e+01
1.557117300108135538e+01
1.180450103181384058e+01
1.612817149472635592e+01
1.329668182029261203e+01
9.513986603808822551e+00
1.691478780423607020e+01
1.455371217192525357e+01
1.818148740771438554e+01
1.367910239443268061e+01
1.213009592659052238e+01
1.812464628719849813e+01
1.195645000409941439e+01
1.556443255550493809e+01
1.120665690549332005e+01
1.053326500167031377e+01
2.152198113757525633e+01
1.305116253733223708e+01
1.530186420330255359e+01
1.492868371423904961e+01
1.358801784859395845e+01
1.420438669857082381e+01
1.346563830613647816e+01
1.065345061728260490e+01
1.724440907966701175e+01
8.949073645488033080e+00
1.221861557648593966e+01
1.343572204786992508e+01
1.154416051402220944e+01
8.872280218667370377e+00
1.191569869274672833e+01
1.226709478945556420e+01
1.199095947567995779e+01
9.517431005360187157e+00
1.360139449629963337e+01
1.024608603655171279e+01
