4.440500000000000114e+02
4.440500000000000114e+02
4.405000000000000000e+02
4.396700000000000159e+02
4.396700000000000159e+02
4.396700000000000159e+02
4.396700000000000159e+02
4.396700000000000159e+02
4.396700000000000159e+02
4.396700000000000159e+02
4.396700000000000159e+02
4.396700000000000159e+02
4.364399999999999977e+02
4.364399999999999977e+02
4.354599999999999795e+02
4.354599999999999795e+02
4.354599999999999795e+02
4.354599999999999795e+02
4.354599999999999795e+02
4.354599999999999795e+02
4.342200000000000273e+02
4.342200000000000273e+02
4.342200000000000273e+02
4.348399999999999750e+02
4.348399999999999750e+02
4.348399999999999750e+02
4.348399999999999750e+02
4.348399999999999750e+02
4.348399999999999750e+02
4.348399999999999750e+02
4.348399999999999750e+02
4.348399999999999750e+02
4.348399999999999750e+02
4.348399999999999750e+02
4.348399999999999750e+02
4.348399999999999750e+02
4.348399999999999750e+02
4.348399999999999750e+02
4.348399999999999750e+02
4.348399999999999750e+02
4.348399999999999750e+02
4.348399999999999750e+02
4.348399999999999750e+02
4.316899999999999977e+02
4.317099999999999795e+02
4.311000000000000227e+02
4.311000000000000227e+02
4.311000000000000227e+02
4.311000000000000227e+02
4.311000000000000227e+02
4.311000000000000227e+02
4.311000000000000227e+02
4.311000000000000227e+02
4.311000000000000227e+02
4.311000000000000227e+02
4.271000000000000227e+02
4.271000000000000227e+02
4.271000000000000227e+02
4.271000000000000227e+02
4.271000000000000227e+02
4.271000000000000227e+02
4.271000000000000227e+02
4.271000000000000227e+02
4.271000000000000227e+02
4.271000000000000227e+02
4.271000000000000227e+02
4.271000000000000227e+02
4.271000000000000227e+02
4.271000000000000227e+02
4.271000000000000227e+02
4.271000000000000227e+02
4.271000000000000227e+02
4.266200000000000045e+02
4.279200000000000159e+02
4.279200000000000159e+02
4.279200000000000159e+02
4.287300000000000182e+02
4.287300000000000182e+02
4.287300000000000182e+02
4.287300000000000182e+02
4.287300000000000182e+02
4.287300000000000182e+02
4.287300000000000182e+02
4.287300000000000182e+02
4.287300000000000182e+02
4.287300000000000182e+02
4.287300000000000182e+02
4.287300000000000182e+02
4.287300000000000182e+02
4.287300000000000182e+02
4.287300000000000182e+02
4.287300000000000182e+02
4.287300000000000182e+02
4.287300000000000182e+02
4.287300000000000182e+02
4.287300000000000182e+02
4.287300000000000182e+02
4.287300000000000182e+02
4.287300000000000182e+02
4.287300000000000182e+02
4.287300000000000182e+02
4.287300000000000182e+02
4.287300000000000182e+02
4.287300000000000182e+02
4.287300000000000182e+02
4.287300000000000182e+02
4.287300000000000182e+02
4.287300000000000182e+02
4.287300000000000182e+02
4.287300000000000182e+02
4.287300000000000182e+02
4.287300000000000182e+02
4.287300000000000182e+02
4.287300000000000182e+02
4.287300000000000182e+02
4.287300000000000182e+02
4.287300000000000182e+02
4.287300000000000182e+02
4.287300000000000182e+02
4.287300000000000182e+02
4.287300000000000182e+02
4.287300000000000182e+02
4.287300000000000182e+02
4.287300000000000182e+02
4.287300000000000182e+02
4.287300000000000182e+02
4.287300000000000182e+02
4.287300000000000182e+02
4.287300000000000182e+02
4.287300000000000182e+02
4.287300000000000182e+02
4.287300000000000182e+02
4.287300000000000182e+02
4.287300000000000182e+02
4.287300000000000182e+02
4.303600000000000136e+02
4.276700000000000159e+02
4.276700000000000159e+02
4.276700000000000159e+02
4.276700000000000159e+02
4.276700000000000159e+02
4.276700000000000159e+02
4.276700000000000159e+02
4.276700000000000159e+02
4.276700000000000159e+02
4.276700000000000159e+02
4.276700000000000159e+02
4.276700000000000159e+02
4.276700000000000159e+02
4.276700000000000159e+02
4.276700000000000159e+02
4.276700000000000159e+02
4.276700000000000159e+02
4.276700000000000159e+02
4.276700000000000159e+02
4.276700000000000159e+02
4.276700000000000159e+02
4.276700000000000159e+02
4.276700000000000159e+02
4.276700000000000159e+02
4.276700000000000159e+02
4.276700000000000159e+02
4.276700000000000159e+02
4.276700000000000159e+02
4.276700000000000159e+02
4.276700000000000159e+02
4.276700000000000159e+02
4.276700000000000159e+02
4.276700000000000159e+02
4.276700000000000159e+02
4.276700000000000159e+02
4.276700000000000159e+02
4.276700000000000159e+02
4.276700000000000159e+02
4.276700000000000159e+02
4.276700000000000159e+02
4.276700000000000159e+02
4.276700000000000159e+02
4.276700000000000159e+02
4.276700000000000159e+02
4.276700000000000159e+02
4.276700000000000159e+02
4.276700000000000159e+02
4.276700000000000159e+02
4.276700000000000159e+02
4.276700000000000159e+02
4.276700000000000159e+02
4.276700000000000159e+02
4.276700000000000159e+02
4.276700000000000159e+02
4.276700000000000159e+02
4.276700000000000159e+02
4.276700000000000159e+02
4.276700000000000159e+02
4.218199999999999932e+02
4.218199999999999932e+02
4.218199999999999932e+02
4.218199999999999932e+02
4.218199999999999932e+02
4.218199999999999932e+02
4.218199999999999932e+02
4.218199999999999932e+02
4.218199999999999932e+02
4.218199999999999932e+02
4.218199999999999932e+02
4.218199999999999932e+02
4.218199999999999932e+02
4.218199999999999932e+02
4.218199999999999932e+02
4.218199999999999932e+02
4.218199999999999932e+02
4.218199999999999932e+02
4.218199999999999932e+02
4.218199999999999932e+02
4.218199999999999932e+02
4.218199999999999932e+02
4.218199999999999932e+02
4.218199999999999932e+02
4.218199999999999932e+02
4.218199999999999932e+02
4.218199999999999932e+02
4.218199999999999932e+02
4.218199999999999932e+02
4.218199999999999932e+02
4.218199999999999932e+02
4.218199999999999932e+02
4.218199999999999932e+02
4.218199999999999932e+02
4.218199999999999932e+02
4.218199999999999932e+02
4.218199999999999932e+02
4.218199999999999932e+02
4.218199999999999932e+02
4.218199999999999932e+02
4.420099999999999909e+02
4.420099999999999909e+02
4.420099999999999909e+02
4.420099999999999909e+02
4.368799999999999955e+02
4.358899999999999864e+02
4.351100000000000136e+02
4.351100000000000136e+02
4.351100000000000136e+02
4.300600000000000023e+02
4.300600000000000023e+02
4.300600000000000023e+02
4.300600000000000023e+02
4.300600000000000023e+02
4.300600000000000023e+02
4.300600000000000023e+02
4.300600000000000023e+02
4.300600000000000023e+02
4.300600000000000023e+02
4.300600000000000023e+02
4.268100000000000023e+02
4.268100000000000023e+02
4.268100000000000023e+02
4.268100000000000023e+02
4.268100000000000023e+02
4.268100000000000023e+02
4.268100000000000023e+02
4.268100000000000023e+02
4.268100000000000023e+02
4.268100000000000023e+02
4.268100000000000023e+02
4.268100000000000023e+02
4.268100000000000023e+02
4.268100000000000023e+02
4.268100000000000023e+02
4.268100000000000023e+02
4.268100000000000023e+02
4.268100000000000023e+02
4.268100000000000023e+02
4.268100000000000023e+02
4.268100000000000023e+02
4.268100000000000023e+02
4.268100000000000023e+02
4.268100000000000023e+02
4.268100000000000023e+02
4.268100000000000023e+02
4.268100000000000023e+02
4.268100000000000023e+02
4.285199999999999818e+02
4.285199999999999818e+02
4.285199999999999818e+02
4.285199999999999818e+02
4.285199999999999818e+02
4.285199999999999818e+02
4.285199999999999818e+02
4.285199999999999818e+02
4.285199999999999818e+02
4.285199999999999818e+02
4.273000000000000114e+02
4.273000000000000114e+02
4.273000000000000114e+02
4.273000000000000114e+02
4.273000000000000114e+02
4.273000000000000114e+02
4.273000000000000114e+02
4.273000000000000114e+02
4.273000000000000114e+02
4.273000000000000114e+02
4.273000000000000114e+02
4.273000000000000114e+02
4.273000000000000114e+02
4.273000000000000114e+02
4.273000000000000114e+02
4.273000000000000114e+02
4.273000000000000114e+02
4.273000000000000114e+02
4.273000000000000114e+02
4.273000000000000114e+02
4.273000000000000114e+02
4.273000000000000114e+02
4.273000000000000114e+02
4.273000000000000114e+02
4.273000000000000114e+02
4.273000000000000114e+02
4.273000000000000114e+02
4.273000000000000114e+02
4.273000000000000114e+02
4.273000000000000114e+02
4.273000000000000114e+02
4.273000000000000114e+02
4.273000000000000114e+02
4.273000000000000114e+02
4.273000000000000114e+02
4.273000000000000114e+02
4.273000000000000114e+02
4.273000000000000114e+02
4.273000000000000114e+02
4.273000000000000114e+02
4.273000000000000114e+02
4.273000000000000114e+02
4.273000000000000114e+02
4.273000000000000114e+02
4.273000000000000114e+02
4.273000000000000114e+02
4.273000000000000114e+02
4.273000000000000114e+02
4.273000000000000114e+02
4.273000000000000114e+02
4.273000000000000114e+02
4.273000000000000114e+02
4.273000000000000114e+02
4.273000000000000114e+02
4.273000000000000114e+02
4.273000000000000114e+02
4.273000000000000114e+02
4.273000000000000114e+02
4.273000000000000114e+02
4.273000000000000114e+02
4.273000000000000114e+02
4.273000000000000114e+02
4.273000000000000114e+02
4.273000000000000114e+02
4.273000000000000114e+02
4.273000000000000114e+02
4.273000000000000114e+02
4.273000000000000114e+02
4.260699999999999932e+02
4.260699999999999932e+02
4.260699999999999932e+02
4.300299999999999727e+02
4.300299999999999727e+02
4.300299999999999727e+02
4.300299999999999727e+02
4.298600000000000136e+02
4.298600000000000136e+02
4.298600000000000136e+02
4.298600000000000136e+02
4.298600000000000136e+02
4.298600000000000136e+02
4.267200000000000273e+02
4.267200000000000273e+02
4.267200000000000273e+02
4.267200000000000273e+02
4.267200000000000273e+02
4.267200000000000273e+02
4.267200000000000273e+02
4.267200000000000273e+02
4.267200000000000273e+02
4.267200000000000273e+02
4.267200000000000273e+02
4.267200000000000273e+02
4.267200000000000273e+02
4.267200000000000273e+02
4.267200000000000273e+02
4.267200000000000273e+02
4.267200000000000273e+02
4.267200000000000273e+02
4.267200000000000273e+02
4.267200000000000273e+02
4.267200000000000273e+02
4.267200000000000273e+02
4.267200000000000273e+02
4.267200000000000273e+02
4.267200000000000273e+02
4.267200000000000273e+02
4.267200000000000273e+02
4.267200000000000273e+02
4.267200000000000273e+02
4.267200000000000273e+02
4.267200000000000273e+02
4.267200000000000273e+02
4.267200000000000273e+02
4.267200000000000273e+02
4.267200000000000273e+02
4.267200000000000273e+02
4.267200000000000273e+02
4.267200000000000273e+02
4.267200000000000273e+02
4.267200000000000273e+02
4.267200000000000273e+02
4.267200000000000273e+02
4.267200000000000273e+02
4.267200000000000273e+02
4.267200000000000273e+02
4.267200000000000273e+02
4.267200000000000273e+02
4.267200000000000273e+02
4.267200000000000273e+02
4.267200000000000273e+02
4.269100000000000250e+02
4.269100000000000250e+02
4.269100000000000250e+02
4.269100000000000250e+02
4.269100000000000250e+02
4.269100000000000250e+02
4.269100000000000250e+02
4.269100000000000250e+02
4.269100000000000250e+02
4.269100000000000250e+02
4.269100000000000250e+02
4.269100000000000250e+02
4.269100000000000250e+02
4.269100000000000250e+02
4.269100000000000250e+02
4.269100000000000250e+02
4.269100000000000250e+02
4.269100000000000250e+02
4.269100000000000250e+02
4.269100000000000250e+02
4.269100000000000250e+02
4.259399999999999977e+02
4.259399999999999977e+02
4.259399999999999977e+02
4.259399999999999977e+02
4.259399999999999977e+02
4.259399999999999977e+02
4.259399999999999977e+02
4.259399999999999977e+02
4.259399999999999977e+02
4.259399999999999977e+02
4.259399999999999977e+02
4.259399999999999977e+02
4.259399999999999977e+02
4.259399999999999977e+02
4.259399999999999977e+02
4.259399999999999977e+02
4.259399999999999977e+02
4.259399999999999977e+02
4.259399999999999977e+02
4.259399999999999977e+02
4.259399999999999977e+02
4.259399999999999977e+02
4.259399999999999977e+02
4.259399999999999977e+02
1.000000000000000000e+00
4.392599999999999909e+02
4.392599999999999909e+02
4.384399999999999977e+02
4.423100000000000023e+02
4.406899999999999977e+02
4.406899999999999977e+02
4.406899999999999977e+02
4.406899999999999977e+02
4.423799999999999955e+02
4.384599999999999795e+02
4.336299999999999955e+02
4.314800000000000182e+02
4.302099999999999795e+02
4.302099999999999795e+02
4.302099999999999795e+02
4.302099999999999795e+02
4.302099999999999795e+02
4.302099999999999795e+02
4.302099999999999795e+02
4.302099999999999795e+02
4.302099999999999795e+02
4.302099999999999795e+02
4.302099999999999795e+02
4.302099999999999795e+02
4.302099999999999795e+02
4.302099999999999795e+02
4.302099999999999795e+02
4.302099999999999795e+02
4.302099999999999795e+02
4.302099999999999795e+02
4.302099999999999795e+02
4.302099999999999795e+02
4.302099999999999795e+02
4.302099999999999795e+02
4.302099999999999795e+02
4.302099999999999795e+02
4.302099999999999795e+02
4.302099999999999795e+02
4.302099999999999795e+02
4.302099999999999795e+02
4.302099999999999795e+02
4.302099999999999795e+02
4.302099999999999795e+02
4.302099999999999795e+02
4.302099999999999795e+02
4.302099999999999795e+02
4.302099999999999795e+02
4.302099999999999795e+02
4.302099999999999795e+02
4.302099999999999795e+02
4.302099999999999795e+02
4.302099999999999795e+02
4.274300000000000068e+02
4.246700000000000159e+02
4.246700000000000159e+02
4.246700000000000159e+02
4.246700000000000159e+02
4.246700000000000159e+02
4.246700000000000159e+02
4.246700000000000159e+02
4.246700000000000159e+02
4.246700000000000159e+02
4.246700000000000159e+02
4.246700000000000159e+02
4.246700000000000159e+02
4.246700000000000159e+02
4.246700000000000159e+02
4.246700000000000159e+02
4.246700000000000159e+02
4.246700000000000159e+02
4.246700000000000159e+02
4.246700000000000159e+02
4.246700000000000159e+02
4.246700000000000159e+02
4.246700000000000159e+02
4.246700000000000159e+02
4.246700000000000159e+02
4.246700000000000159e+02
4.246700000000000159e+02
4.246700000000000159e+02
4.246700000000000159e+02
4.246700000000000159e+02
4.246700000000000159e+02
4.246700000000000159e+02
4.246700000000000159e+02
4.246700000000000159e+02
4.246700000000000159e+02
4.246700000000000159e+02
4.246700000000000159e+02
4.246700000000000159e+02
4.246700000000000159e+02
4.246700000000000159e+02
4.246700000000000159e+02
4.246700000000000159e+02
4.246700000000000159e+02
4.246700000000000159e+02
4.246700000000000159e+02
4.246700000000000159e+02
4.246700000000000159e+02
4.246700000000000159e+02
4.246700000000000159e+02
4.246700000000000159e+02
4.246700000000000159e+02
4.246700000000000159e+02
4.246700000000000159e+02
4.246700000000000159e+02
4.246700000000000159e+02
4.246700000000000159e+02
4.246700000000000159e+02
4.246700000000000159e+02
4.248500000000000227e+02
4.248500000000000227e+02
4.248500000000000227e+02
4.248500000000000227e+02
4.248500000000000227e+02
4.248500000000000227e+02
4.248500000000000227e+02
4.248500000000000227e+02
4.248500000000000227e+02
4.248500000000000227e+02
4.248500000000000227e+02
4.248500000000000227e+02
4.248500000000000227e+02
4.246999999999999886e+02
4.246999999999999886e+02
4.246999999999999886e+02
4.246999999999999886e+02
4.246999999999999886e+02
4.246999999999999886e+02
4.246999999999999886e+02
4.246999999999999886e+02
4.246999999999999886e+02
4.246999999999999886e+02
4.246999999999999886e+02
4.246999999999999886e+02
4.232300000000000182e+02
4.232300000000000182e+02
4.232300000000000182e+02
4.232300000000000182e+02
4.232300000000000182e+02
4.232300000000000182e+02
4.232300000000000182e+02
4.232300000000000182e+02
4.232300000000000182e+02
4.232300000000000182e+02
4.232300000000000182e+02
4.232300000000000182e+02
4.232300000000000182e+02
4.232300000000000182e+02
4.232300000000000182e+02
4.232300000000000182e+02
4.232300000000000182e+02
4.232300000000000182e+02
4.232300000000000182e+02
4.232300000000000182e+02
4.232300000000000182e+02
4.232300000000000182e+02
4.232300000000000182e+02
4.232300000000000182e+02
4.232300000000000182e+02
4.232300000000000182e+02
4.232300000000000182e+02
4.232300000000000182e+02
4.232300000000000182e+02
4.232300000000000182e+02
4.232300000000000182e+02
4.232300000000000182e+02
4.232300000000000182e+02
4.232300000000000182e+02
4.232300000000000182e+02
4.232300000000000182e+02
4.232300000000000182e+02
4.232300000000000182e+02
4.232300000000000182e+02
4.232300000000000182e+02
4.232300000000000182e+02
4.232300000000000182e+02
4.232300000000000182e+02
4.232300000000000182e+02
4.232300000000000182e+02
4.232300000000000182e+02
4.232300000000000182e+02
4.232300000000000182e+02
4.232300000000000182e+02
4.232300000000000182e+02
4.232300000000000182e+02
4.232300000000000182e+02
4.232300000000000182e+02
4.232300000000000182e+02
4.232300000000000182e+02
4.232300000000000182e+02
4.232300000000000182e+02
4.232300000000000182e+02
4.232300000000000182e+02
4.232300000000000182e+02
4.232300000000000182e+02
4.232300000000000182e+02
4.232300000000000182e+02
4.232300000000000182e+02
4.232300000000000182e+02
4.232300000000000182e+02
4.232300000000000182e+02
4.232300000000000182e+02
4.232300000000000182e+02
4.232300000000000182e+02
4.232300000000000182e+02
4.232300000000000182e+02
4.232300000000000182e+02
4.232300000000000182e+02
4.232300000000000182e+02
4.232300000000000182e+02
4.232300000000000182e+02
4.232300000000000182e+02
4.232300000000000182e+02
4.232300000000000182e+02
4.232300000000000182e+02
4.232300000000000182e+02
4.232300000000000182e+02
4.219399999999999977e+02
4.219399999999999977e+02
4.219399999999999977e+02
4.219399999999999977e+02
4.219399999999999977e+02
4.219399999999999977e+02
4.219399999999999977e+02
4.219399999999999977e+02
4.219399999999999977e+02
4.219399999999999977e+02
4.219399999999999977e+02
4.219399999999999977e+02
4.219399999999999977e+02
4.219399999999999977e+02
4.219399999999999977e+02
4.378500000000000227e+02
4.378500000000000227e+02
4.378500000000000227e+02
4.378500000000000227e+02
4.378500000000000227e+02
4.378500000000000227e+02
4.378500000000000227e+02
4.378500000000000227e+02
4.331000000000000227e+02
4.331000000000000227e+02
4.331000000000000227e+02
4.331000000000000227e+02
4.331000000000000227e+02
4.331000000000000227e+02
4.331000000000000227e+02
4.331000000000000227e+02
4.331000000000000227e+02
4.331000000000000227e+02
4.331000000000000227e+02
4.331000000000000227e+02
4.331000000000000227e+02
4.331000000000000227e+02
4.331000000000000227e+02
4.331000000000000227e+02
4.331000000000000227e+02
4.331000000000000227e+02
4.331000000000000227e+02
4.331000000000000227e+02
4.331000000000000227e+02
4.331000000000000227e+02
4.332400000000000091e+02
4.332400000000000091e+02
4.332400000000000091e+02
4.332400000000000091e+02
4.332400000000000091e+02
4.332400000000000091e+02
4.332400000000000091e+02
4.332400000000000091e+02
4.332400000000000091e+02
4.332400000000000091e+02
4.332400000000000091e+02
4.332400000000000091e+02
4.332400000000000091e+02
4.332400000000000091e+02
4.332400000000000091e+02
4.286299999999999955e+02
4.286299999999999955e+02
4.286299999999999955e+02
4.325799999999999841e+02
4.325799999999999841e+02
4.325799999999999841e+02
4.325799999999999841e+02
4.325799999999999841e+02
4.325799999999999841e+02
4.337699999999999818e+02
4.337699999999999818e+02
4.337699999999999818e+02
4.337699999999999818e+02
4.337699999999999818e+02
4.337699999999999818e+02
4.337699999999999818e+02
4.351200000000000045e+02
4.351200000000000045e+02
4.351200000000000045e+02
4.351200000000000045e+02
4.351200000000000045e+02
4.351200000000000045e+02
4.360600000000000023e+02
4.360600000000000023e+02
4.360600000000000023e+02
4.360600000000000023e+02
4.360600000000000023e+02
4.360600000000000023e+02
4.351600000000000250e+02
4.329900000000000091e+02
4.329900000000000091e+02
4.329900000000000091e+02
4.329900000000000091e+02
4.337500000000000000e+02
4.285899999999999750e+02
4.285899999999999750e+02
4.285899999999999750e+02
4.285899999999999750e+02
4.285899999999999750e+02
4.285899999999999750e+02
4.285899999999999750e+02
4.280799999999999841e+02
4.280799999999999841e+02
4.280799999999999841e+02
4.280799999999999841e+02
4.250600000000000023e+02
4.250600000000000023e+02
4.250600000000000023e+02
4.250600000000000023e+02
4.250600000000000023e+02
4.250600000000000023e+02
4.250600000000000023e+02
4.250600000000000023e+02
4.250600000000000023e+02
4.250600000000000023e+02
4.250600000000000023e+02
4.250600000000000023e+02
4.250600000000000023e+02
4.250600000000000023e+02
4.250600000000000023e+02
4.223700000000000045e+02
4.223700000000000045e+02
4.223700000000000045e+02
4.223700000000000045e+02
4.249399999999999977e+02
4.249399999999999977e+02
4.249399999999999977e+02
4.249399999999999977e+02
4.249399999999999977e+02
4.249399999999999977e+02
4.249399999999999977e+02
4.249399999999999977e+02
4.249399999999999977e+02
4.249399999999999977e+02
4.249399999999999977e+02
4.249399999999999977e+02
4.249399999999999977e+02
4.249399999999999977e+02
4.249399999999999977e+02
4.249399999999999977e+02
4.249399999999999977e+02
4.249399999999999977e+02
4.249399999999999977e+02
4.249399999999999977e+02
4.249399999999999977e+02
4.249399999999999977e+02
4.249399999999999977e+02
4.372099999999999795e+02
4.346299999999999955e+02
4.258199999999999932e+02
4.258199999999999932e+02
4.258199999999999932e+02
4.249499999999999886e+02
4.249499999999999886e+02
4.246100000000000136e+02
4.246100000000000136e+02
4.246100000000000136e+02
4.246100000000000136e+02
4.246100000000000136e+02
4.246100000000000136e+02
4.246100000000000136e+02
4.246100000000000136e+02
4.241800000000000068e+02
4.241800000000000068e+02
4.241800000000000068e+02
4.222099999999999795e+02
4.222099999999999795e+02
4.222099999999999795e+02
4.222099999999999795e+02
4.222099999999999795e+02
4.222099999999999795e+02
4.222099999999999795e+02
4.222099999999999795e+02
4.222099999999999795e+02
4.222099999999999795e+02
4.222099999999999795e+02
4.222099999999999795e+02
4.222099999999999795e+02
4.222099999999999795e+02
4.222099999999999795e+02
4.222099999999999795e+02
4.222099999999999795e+02
4.222099999999999795e+02
4.222099999999999795e+02
4.222099999999999795e+02
4.222099999999999795e+02
4.222099999999999795e+02
4.222099999999999795e+02
4.222099999999999795e+02
4.222099999999999795e+02
4.222099999999999795e+02
4.222099999999999795e+02
4.222099999999999795e+02
4.222099999999999795e+02
4.222099999999999795e+02
4.222099999999999795e+02
4.222099999999999795e+02
4.222099999999999795e+02
4.222099999999999795e+02
4.222099999999999795e+02
4.222099999999999795e+02
4.222099999999999795e+02
4.222099999999999795e+02
4.222099999999999795e+02
4.222099999999999795e+02
4.222099999999999795e+02
4.222099999999999795e+02
4.222099999999999795e+02
4.222099999999999795e+02
4.222099999999999795e+02
4.222099999999999795e+02
4.222099999999999795e+02
4.222099999999999795e+02
4.222099999999999795e+02
4.222099999999999795e+02
4.222099999999999795e+02
4.222099999999999795e+02
4.222099999999999795e+02
4.222099999999999795e+02
4.222099999999999795e+02
4.222099999999999795e+02
4.195099999999999909e+02
4.195099999999999909e+02
4.195099999999999909e+02
4.195099999999999909e+02
4.195099999999999909e+02
4.190199999999999818e+02
4.190199999999999818e+02
4.190199999999999818e+02
4.190199999999999818e+02
4.190199999999999818e+02
4.190199999999999818e+02
4.190199999999999818e+02
4.190199999999999818e+02
4.190199999999999818e+02
4.190199999999999818e+02
4.190199999999999818e+02
4.190199999999999818e+02
4.190199999999999818e+02
4.190199999999999818e+02
4.190199999999999818e+02
4.190199999999999818e+02
4.190199999999999818e+02
4.190199999999999818e+02
4.190199999999999818e+02
4.190199999999999818e+02
4.190199999999999818e+02
4.190199999999999818e+02
4.190199999999999818e+02
4.406899999999999977e+02
4.406899999999999977e+02
4.406899999999999977e+02
4.406899999999999977e+02
4.406899999999999977e+02
4.406899999999999977e+02
4.406899999999999977e+02
4.415000000000000000e+02
4.415000000000000000e+02
4.415000000000000000e+02
4.405099999999999909e+02
4.405099999999999909e+02
4.405099999999999909e+02
4.405099999999999909e+02
4.410099999999999909e+02
4.410099999999999909e+02
4.410099999999999909e+02
4.410099999999999909e+02
4.410099999999999909e+02
4.410099999999999909e+02
4.410099999999999909e+02
4.410099999999999909e+02
4.410099999999999909e+02
4.410099999999999909e+02
4.410099999999999909e+02
4.410099999999999909e+02
4.410099999999999909e+02
4.410099999999999909e+02
4.410099999999999909e+02
4.410099999999999909e+02
4.410099999999999909e+02
4.410099999999999909e+02
4.410099999999999909e+02
4.410099999999999909e+02
4.410099999999999909e+02
4.410099999999999909e+02
4.376700000000000159e+02
4.376700000000000159e+02
4.376700000000000159e+02
4.376700000000000159e+02
4.376700000000000159e+02
4.376700000000000159e+02
4.376700000000000159e+02
4.376700000000000159e+02
4.376700000000000159e+02
4.376700000000000159e+02
4.376700000000000159e+02
4.376700000000000159e+02
4.376700000000000159e+02
4.376700000000000159e+02
4.376700000000000159e+02
4.376700000000000159e+02
4.376700000000000159e+02
4.376700000000000159e+02
4.376700000000000159e+02
4.376700000000000159e+02
4.376700000000000159e+02
4.376700000000000159e+02
4.376700000000000159e+02
4.376700000000000159e+02
4.376700000000000159e+02
4.376700000000000159e+02
4.376700000000000159e+02
4.376700000000000159e+02
4.376700000000000159e+02
4.376700000000000159e+02
4.376700000000000159e+02
4.376700000000000159e+02
4.376700000000000159e+02
4.376700000000000159e+02
4.376700000000000159e+02
4.387099999999999795e+02
4.387099999999999795e+02
4.387099999999999795e+02
4.372400000000000091e+02
4.365600000000000023e+02
4.365600000000000023e+02
4.365600000000000023e+02
4.365600000000000023e+02
4.365600000000000023e+02
4.365600000000000023e+02
4.332699999999999818e+02
4.332699999999999818e+02
4.332699999999999818e+02
4.332699999999999818e+02
4.332699999999999818e+02
4.332699999999999818e+02
4.332699999999999818e+02
4.332699999999999818e+02
4.332699999999999818e+02
4.332699999999999818e+02
4.332699999999999818e+02
4.332699999999999818e+02
4.332699999999999818e+02
4.332699999999999818e+02
4.332699999999999818e+02
4.324599999999999795e+02
4.324599999999999795e+02
4.324599999999999795e+02
4.324599999999999795e+02
4.324599999999999795e+02
4.324599999999999795e+02
4.324599999999999795e+02
4.324599999999999795e+02
4.324599999999999795e+02
4.324599999999999795e+02
4.324599999999999795e+02
4.324599999999999795e+02
4.324599999999999795e+02
4.324599999999999795e+02
4.324599999999999795e+02
4.324599999999999795e+02
4.324599999999999795e+02
4.324599999999999795e+02
4.337900000000000205e+02
4.337900000000000205e+02
4.337900000000000205e+02
4.337900000000000205e+02
4.337900000000000205e+02
4.337900000000000205e+02
4.337900000000000205e+02
4.337900000000000205e+02
4.337900000000000205e+02
4.337900000000000205e+02
4.337900000000000205e+02
4.355299999999999727e+02
4.355299999999999727e+02
4.356600000000000250e+02
4.381299999999999955e+02
4.381299999999999955e+02
4.381299999999999955e+02
4.381299999999999955e+02
4.381299999999999955e+02
4.381299999999999955e+02
4.381299999999999955e+02
4.381299999999999955e+02
4.381299999999999955e+02
4.381299999999999955e+02
4.381299999999999955e+02
4.381299999999999955e+02
4.360000000000000000e+02
4.346200000000000045e+02
4.346200000000000045e+02
4.346200000000000045e+02
4.346200000000000045e+02
4.341700000000000159e+02
4.299599999999999795e+02
4.299599999999999795e+02
4.299599999999999795e+02
4.299599999999999795e+02
4.299599999999999795e+02
4.299599999999999795e+02
4.299599999999999795e+02
4.299599999999999795e+02
4.299599999999999795e+02
4.299599999999999795e+02
4.299599999999999795e+02
4.299599999999999795e+02
4.299599999999999795e+02
4.299599999999999795e+02
4.299599999999999795e+02
4.299599999999999795e+02
4.299599999999999795e+02
4.299599999999999795e+02
4.299599999999999795e+02
4.299599999999999795e+02
4.299599999999999795e+02
4.299599999999999795e+02
4.299599999999999795e+02
4.299599999999999795e+02
4.299599999999999795e+02
4.299599999999999795e+02
4.299599999999999795e+02
4.299599999999999795e+02
4.299599999999999795e+02
4.299599999999999795e+02
4.299599999999999795e+02
4.286700000000000159e+02
4.286700000000000159e+02
4.286700000000000159e+02
4.286700000000000159e+02
4.286700000000000159e+02
4.286700000000000159e+02
4.301899999999999977e+02
4.301899999999999977e+02
4.301899999999999977e+02
4.301899999999999977e+02
4.301899999999999977e+02
4.301899999999999977e+02
4.301899999999999977e+02
4.301899999999999977e+02
4.301899999999999977e+02
4.301899999999999977e+02
4.301899999999999977e+02
4.301899999999999977e+02
4.301899999999999977e+02
4.301899999999999977e+02
4.301899999999999977e+02
4.301899999999999977e+02
4.301899999999999977e+02
4.301899999999999977e+02
4.283100000000000023e+02
4.283100000000000023e+02
4.283100000000000023e+02
4.283100000000000023e+02
4.283100000000000023e+02
4.286899999999999977e+02
4.286899999999999977e+02
4.286899999999999977e+02
4.286899999999999977e+02
4.286899999999999977e+02
4.286899999999999977e+02
4.286899999999999977e+02
4.286899999999999977e+02
4.286899999999999977e+02
4.286899999999999977e+02
4.286899999999999977e+02
4.302300000000000182e+02
4.302300000000000182e+02
4.302300000000000182e+02
4.302300000000000182e+02
4.302300000000000182e+02
4.302300000000000182e+02
4.302300000000000182e+02
4.302300000000000182e+02
4.302300000000000182e+02
4.302300000000000182e+02
4.302300000000000182e+02
4.302300000000000182e+02
4.302300000000000182e+02
4.302300000000000182e+02
4.302300000000000182e+02
4.302300000000000182e+02
4.302300000000000182e+02
4.400799999999999841e+02
4.400799999999999841e+02
4.320500000000000114e+02
4.320500000000000114e+02
4.320500000000000114e+02
4.277900000000000205e+02
4.277900000000000205e+02
4.277900000000000205e+02
4.277900000000000205e+02
4.277900000000000205e+02
4.277900000000000205e+02
4.277900000000000205e+02
4.277900000000000205e+02
4.277900000000000205e+02
4.277900000000000205e+02
4.277900000000000205e+02
4.277900000000000205e+02
4.277900000000000205e+02
4.277900000000000205e+02
4.277900000000000205e+02
4.277900000000000205e+02
4.277900000000000205e+02
4.277900000000000205e+02
4.277900000000000205e+02
4.277900000000000205e+02
4.277900000000000205e+02
4.277900000000000205e+02
4.277900000000000205e+02
4.277900000000000205e+02
4.277900000000000205e+02
4.277900000000000205e+02
4.277900000000000205e+02
4.277900000000000205e+02
4.277900000000000205e+02
4.277900000000000205e+02
4.277900000000000205e+02
4.277900000000000205e+02
4.277900000000000205e+02
4.277900000000000205e+02
4.277900000000000205e+02
4.277900000000000205e+02
4.277900000000000205e+02
4.277900000000000205e+02
4.277900000000000205e+02
4.277900000000000205e+02
4.277900000000000205e+02
4.277900000000000205e+02
4.277900000000000205e+02
4.277900000000000205e+02
4.277900000000000205e+02
4.277900000000000205e+02
4.277900000000000205e+02
4.277900000000000205e+02
4.277900000000000205e+02
4.277900000000000205e+02
4.277900000000000205e+02
4.277900000000000205e+02
4.277900000000000205e+02
4.277900000000000205e+02
4.277900000000000205e+02
4.277900000000000205e+02
4.277900000000000205e+02
4.277900000000000205e+02
4.277900000000000205e+02
4.277900000000000205e+02
4.277900000000000205e+02
4.277900000000000205e+02
4.277900000000000205e+02
4.277900000000000205e+02
4.277900000000000205e+02
4.277900000000000205e+02
4.277900000000000205e+02
4.277900000000000205e+02
4.277900000000000205e+02
4.277900000000000205e+02
4.277900000000000205e+02
4.277900000000000205e+02
4.277900000000000205e+02
4.277900000000000205e+02
4.277900000000000205e+02
4.277900000000000205e+02
4.277900000000000205e+02
4.277900000000000205e+02
4.277900000000000205e+02
4.277900000000000205e+02
4.277900000000000205e+02
4.277900000000000205e+02
4.277900000000000205e+02
4.277900000000000205e+02
4.277900000000000205e+02
4.277900000000000205e+02
4.277900000000000205e+02
4.277900000000000205e+02
4.277900000000000205e+02
4.277900000000000205e+02
4.277900000000000205e+02
4.277900000000000205e+02
4.277900000000000205e+02
4.277900000000000205e+02
4.277900000000000205e+02
4.277900000000000205e+02
4.277900000000000205e+02
4.277900000000000205e+02
4.277900000000000205e+02
4.277900000000000205e+02
4.277900000000000205e+02
4.277900000000000205e+02
4.277900000000000205e+02
4.277900000000000205e+02
4.277900000000000205e+02
4.277900000000000205e+02
4.277900000000000205e+02
4.277900000000000205e+02
4.277900000000000205e+02
4.277900000000000205e+02
4.277900000000000205e+02
4.277900000000000205e+02
4.277900000000000205e+02
4.277900000000000205e+02
4.277900000000000205e+02
4.277900000000000205e+02
4.277900000000000205e+02
4.277900000000000205e+02
4.277900000000000205e+02
4.277900000000000205e+02
4.277900000000000205e+02
4.277900000000000205e+02
4.277900000000000205e+02
4.277900000000000205e+02
4.277900000000000205e+02
4.277900000000000205e+02
4.277900000000000205e+02
4.277900000000000205e+02
4.277900000000000205e+02
4.277900000000000205e+02
4.277900000000000205e+02
4.277900000000000205e+02
4.277900000000000205e+02
4.277900000000000205e+02
4.277900000000000205e+02
4.277900000000000205e+02
4.277900000000000205e+02
4.277900000000000205e+02
4.277900000000000205e+02
4.277900000000000205e+02
4.277900000000000205e+02
4.277900000000000205e+02
4.277900000000000205e+02
4.277900000000000205e+02
4.277900000000000205e+02
4.277900000000000205e+02
4.277900000000000205e+02
4.277900000000000205e+02
4.277900000000000205e+02
4.277900000000000205e+02
4.277900000000000205e+02
4.277900000000000205e+02
4.277900000000000205e+02
4.277900000000000205e+02
4.277900000000000205e+02
4.277900000000000205e+02
4.314499999999999886e+02
4.314499999999999886e+02
4.314499999999999886e+02
4.314499999999999886e+02
4.314499999999999886e+02
4.314499999999999886e+02
4.314499999999999886e+02
4.314499999999999886e+02
4.314499999999999886e+02
4.314499999999999886e+02
4.314499999999999886e+02
4.314499999999999886e+02
4.314499999999999886e+02
4.314499999999999886e+02
4.314499999999999886e+02
4.314499999999999886e+02
4.314499999999999886e+02
4.314499999999999886e+02
4.314499999999999886e+02
4.266399999999999864e+02
4.266399999999999864e+02
4.266399999999999864e+02
4.266399999999999864e+02
4.266399999999999864e+02
4.266399999999999864e+02
4.266399999999999864e+02
4.266399999999999864e+02
4.266399999999999864e+02
4.266399999999999864e+02
4.266399999999999864e+02
4.266399999999999864e+02
4.266399999999999864e+02
4.266399999999999864e+02
4.266399999999999864e+02
4.266399999999999864e+02
4.266399999999999864e+02
4.266399999999999864e+02
4.266399999999999864e+02
4.266399999999999864e+02
4.266399999999999864e+02
4.266399999999999864e+02
4.266399999999999864e+02
4.266399999999999864e+02
4.266399999999999864e+02
4.266399999999999864e+02
4.266399999999999864e+02
4.266399999999999864e+02
4.266399999999999864e+02
4.266399999999999864e+02
4.253799999999999955e+02
4.253799999999999955e+02
4.253799999999999955e+02
4.253799999999999955e+02
4.253799999999999955e+02
4.253799999999999955e+02
4.253799999999999955e+02
4.253799999999999955e+02
4.253799999999999955e+02
4.253799999999999955e+02
4.253799999999999955e+02
4.253799999999999955e+02
4.253799999999999955e+02
4.253799999999999955e+02
4.253799999999999955e+02
4.253799999999999955e+02
4.253799999999999955e+02
4.253799999999999955e+02
4.253799999999999955e+02
4.253799999999999955e+02
4.253799999999999955e+02
4.253799999999999955e+02
4.253799999999999955e+02
4.253799999999999955e+02
4.420000000000000000e+02
4.420000000000000000e+02
4.420000000000000000e+02
4.420000000000000000e+02
4.420000000000000000e+02
4.420000000000000000e+02
4.417599999999999909e+02
4.417599999999999909e+02
4.417599999999999909e+02
4.417599999999999909e+02
4.417599999999999909e+02
4.417599999999999909e+02
4.417599999999999909e+02
4.417599999999999909e+02
4.417599999999999909e+02
4.417599999999999909e+02
4.417599999999999909e+02
4.417599999999999909e+02
4.417599999999999909e+02
4.417599999999999909e+02
4.417599999999999909e+02
4.417599999999999909e+02
4.417599999999999909e+02
4.417599999999999909e+02
4.417599999999999909e+02
4.417599999999999909e+02
4.417599999999999909e+02
4.417599999999999909e+02
4.417599999999999909e+02
4.417599999999999909e+02
4.417599999999999909e+02
4.417599999999999909e+02
4.417599999999999909e+02
4.417599999999999909e+02
4.417599999999999909e+02
4.417599999999999909e+02
4.417599999999999909e+02
4.417599999999999909e+02
4.417599999999999909e+02
4.417599999999999909e+02
4.417599999999999909e+02
4.417599999999999909e+02
4.417599999999999909e+02
4.417599999999999909e+02
4.417599999999999909e+02
4.427099999999999795e+02
4.418799999999999955e+02
4.418799999999999955e+02
4.418799999999999955e+02
4.404599999999999795e+02
4.393500000000000227e+02
4.393500000000000227e+02
4.393500000000000227e+02
4.347400000000000091e+02
4.347400000000000091e+02
4.347400000000000091e+02
4.347400000000000091e+02
4.347400000000000091e+02
4.360500000000000114e+02
4.360500000000000114e+02
4.360500000000000114e+02
4.360500000000000114e+02
4.360500000000000114e+02
4.360500000000000114e+02
4.360500000000000114e+02
4.360500000000000114e+02
4.360500000000000114e+02
4.360500000000000114e+02
4.360500000000000114e+02
4.360500000000000114e+02
4.360500000000000114e+02
4.360500000000000114e+02
4.360500000000000114e+02
4.360500000000000114e+02
4.360500000000000114e+02
4.360500000000000114e+02
4.360500000000000114e+02
4.360500000000000114e+02
4.360500000000000114e+02
4.323000000000000114e+02
4.331200000000000045e+02
4.331200000000000045e+02
4.331200000000000045e+02
4.331200000000000045e+02
4.331200000000000045e+02
4.308299999999999841e+02
4.308299999999999841e+02
4.308299999999999841e+02
4.308299999999999841e+02
4.308299999999999841e+02
4.308299999999999841e+02
4.308299999999999841e+02
4.308299999999999841e+02
4.308299999999999841e+02
4.308299999999999841e+02
4.308299999999999841e+02
4.308299999999999841e+02
4.308299999999999841e+02
4.308299999999999841e+02
4.308299999999999841e+02
4.308299999999999841e+02
4.308299999999999841e+02
4.308299999999999841e+02
4.308299999999999841e+02
4.304599999999999795e+02
4.304599999999999795e+02
4.304599999999999795e+02
4.304599999999999795e+02
4.304599999999999795e+02
4.304599999999999795e+02
4.304599999999999795e+02
4.304599999999999795e+02
4.304599999999999795e+02
4.304599999999999795e+02
4.304599999999999795e+02
4.304599999999999795e+02
4.304599999999999795e+02
4.304599999999999795e+02
4.304599999999999795e+02
4.304599999999999795e+02
4.304599999999999795e+02
4.304599999999999795e+02
4.304599999999999795e+02
4.304599999999999795e+02
4.304599999999999795e+02
4.304599999999999795e+02
4.304599999999999795e+02
4.304599999999999795e+02
4.304599999999999795e+02
4.301800000000000068e+02
4.301800000000000068e+02
4.301800000000000068e+02
4.301800000000000068e+02
4.301800000000000068e+02
4.301800000000000068e+02
4.301800000000000068e+02
4.276100000000000136e+02
4.276100000000000136e+02
4.276100000000000136e+02
4.276100000000000136e+02
4.276100000000000136e+02
4.276100000000000136e+02
4.276100000000000136e+02
4.276100000000000136e+02
4.276100000000000136e+02
4.276100000000000136e+02
4.276100000000000136e+02
4.276100000000000136e+02
4.276100000000000136e+02
4.276100000000000136e+02
4.276100000000000136e+02
4.276100000000000136e+02
4.276100000000000136e+02
4.276100000000000136e+02
4.276100000000000136e+02
4.276100000000000136e+02
4.276100000000000136e+02
4.276100000000000136e+02
4.276100000000000136e+02
4.276100000000000136e+02
4.276100000000000136e+02
4.276100000000000136e+02
4.276100000000000136e+02
4.276100000000000136e+02
4.276100000000000136e+02
4.276100000000000136e+02
4.276100000000000136e+02
4.276100000000000136e+02
4.276100000000000136e+02
4.276100000000000136e+02
4.276100000000000136e+02
4.276100000000000136e+02
4.276100000000000136e+02
4.276100000000000136e+02
4.276100000000000136e+02
4.276100000000000136e+02
4.276100000000000136e+02
4.276100000000000136e+02
4.276100000000000136e+02
4.276100000000000136e+02
4.276100000000000136e+02
4.276100000000000136e+02
4.276100000000000136e+02
4.276100000000000136e+02
4.276100000000000136e+02
4.276100000000000136e+02
4.276100000000000136e+02
4.276100000000000136e+02
4.276100000000000136e+02
4.276100000000000136e+02
4.276100000000000136e+02
4.276100000000000136e+02
4.276100000000000136e+02
4.276100000000000136e+02
4.276100000000000136e+02
4.276100000000000136e+02
4.276100000000000136e+02
4.276100000000000136e+02
4.276100000000000136e+02
4.276100000000000136e+02
4.291100000000000136e+02
4.291100000000000136e+02
4.291100000000000136e+02
4.291100000000000136e+02
4.291100000000000136e+02
4.291100000000000136e+02
4.291100000000000136e+02
4.291100000000000136e+02
4.291100000000000136e+02
4.291100000000000136e+02
4.291100000000000136e+02
4.291100000000000136e+02
4.291100000000000136e+02
4.291100000000000136e+02
4.291100000000000136e+02
4.291100000000000136e+02
4.291100000000000136e+02
4.291100000000000136e+02
4.291100000000000136e+02
4.291100000000000136e+02
4.291100000000000136e+02
4.291100000000000136e+02
4.291100000000000136e+02
4.291100000000000136e+02
4.291100000000000136e+02
4.291100000000000136e+02
4.291100000000000136e+02
4.291100000000000136e+02
4.291100000000000136e+02
4.291100000000000136e+02
4.291100000000000136e+02
4.291100000000000136e+02
4.291100000000000136e+02
4.291100000000000136e+02
4.392500000000000000e+02
4.392500000000000000e+02
4.392500000000000000e+02
4.392500000000000000e+02
4.392500000000000000e+02
4.329300000000000068e+02
4.329300000000000068e+02
4.329300000000000068e+02
4.329300000000000068e+02
4.329300000000000068e+02
4.329300000000000068e+02
4.329300000000000068e+02
4.329300000000000068e+02
4.329300000000000068e+02
4.329300000000000068e+02
4.329300000000000068e+02
4.329300000000000068e+02
4.329300000000000068e+02
4.329300000000000068e+02
4.329300000000000068e+02
4.329300000000000068e+02
4.329300000000000068e+02
4.329300000000000068e+02
4.329300000000000068e+02
4.329300000000000068e+02
4.329300000000000068e+02
4.329300000000000068e+02
4.329300000000000068e+02
4.329300000000000068e+02
4.329300000000000068e+02
4.329300000000000068e+02
4.329300000000000068e+02
4.329300000000000068e+02
4.329300000000000068e+02
4.329300000000000068e+02
4.329300000000000068e+02
4.329300000000000068e+02
4.329300000000000068e+02
4.329300000000000068e+02
4.329300000000000068e+02
4.329300000000000068e+02
4.329300000000000068e+02
4.329300000000000068e+02
4.329300000000000068e+02
4.329300000000000068e+02
4.329300000000000068e+02
4.329300000000000068e+02
4.329300000000000068e+02
4.329300000000000068e+02
4.329300000000000068e+02
4.329300000000000068e+02
4.329300000000000068e+02
4.329300000000000068e+02
4.329300000000000068e+02
4.329300000000000068e+02
4.329300000000000068e+02
4.329300000000000068e+02
4.329300000000000068e+02
4.329300000000000068e+02
4.329300000000000068e+02
4.329300000000000068e+02
4.329300000000000068e+02
4.329300000000000068e+02
4.329300000000000068e+02
4.329300000000000068e+02
4.329300000000000068e+02
4.329300000000000068e+02
4.329300000000000068e+02
4.329300000000000068e+02
4.329300000000000068e+02
4.329300000000000068e+02
4.329300000000000068e+02
4.329300000000000068e+02
4.329300000000000068e+02
4.329300000000000068e+02
4.329300000000000068e+02
4.329300000000000068e+02
4.329300000000000068e+02
4.329300000000000068e+02
4.329300000000000068e+02
4.329300000000000068e+02
4.329300000000000068e+02
4.329300000000000068e+02
4.329300000000000068e+02
4.329300000000000068e+02
4.329300000000000068e+02
4.329300000000000068e+02
4.329300000000000068e+02
4.329300000000000068e+02
4.329300000000000068e+02
4.329300000000000068e+02
4.329300000000000068e+02
4.329300000000000068e+02
4.329300000000000068e+02
4.329300000000000068e+02
4.329300000000000068e+02
4.329300000000000068e+02
4.329300000000000068e+02
4.329300000000000068e+02
4.329300000000000068e+02
4.329300000000000068e+02
4.329300000000000068e+02
4.329300000000000068e+02
4.329300000000000068e+02
4.329300000000000068e+02
4.329300000000000068e+02
4.329300000000000068e+02
4.329300000000000068e+02
4.329300000000000068e+02
4.329300000000000068e+02
4.329300000000000068e+02
4.329300000000000068e+02
4.329300000000000068e+02
4.329300000000000068e+02
4.329300000000000068e+02
4.329300000000000068e+02
4.329300000000000068e+02
4.329300000000000068e+02
4.329300000000000068e+02
4.329300000000000068e+02
4.329300000000000068e+02
4.329300000000000068e+02
4.329300000000000068e+02
4.329300000000000068e+02
4.329300000000000068e+02
4.329300000000000068e+02
4.329300000000000068e+02
4.329300000000000068e+02
4.329300000000000068e+02
4.434499999999999886e+02
4.434499999999999886e+02
4.434499999999999886e+02
4.416999999999999886e+02
4.406999999999999886e+02
4.406999999999999886e+02
4.406999999999999886e+02
4.403999999999999773e+02
4.403999999999999773e+02
4.403999999999999773e+02
4.403999999999999773e+02
4.393199999999999932e+02
4.340099999999999909e+02
4.340099999999999909e+02
4.292900000000000205e+02
4.292900000000000205e+02
4.292900000000000205e+02
4.292900000000000205e+02
4.292900000000000205e+02
4.292900000000000205e+02
4.292900000000000205e+02
4.292900000000000205e+02
4.292900000000000205e+02
4.292900000000000205e+02
4.292900000000000205e+02
4.292900000000000205e+02
4.292900000000000205e+02
4.292900000000000205e+02
4.292900000000000205e+02
4.292900000000000205e+02
4.292900000000000205e+02
4.292900000000000205e+02
4.292900000000000205e+02
4.292900000000000205e+02
4.292900000000000205e+02
4.292900000000000205e+02
4.292900000000000205e+02
4.292900000000000205e+02
4.292900000000000205e+02
4.292900000000000205e+02
4.292900000000000205e+02
4.292900000000000205e+02
4.292900000000000205e+02
4.292900000000000205e+02
4.292900000000000205e+02
4.292900000000000205e+02
4.292900000000000205e+02
4.292900000000000205e+02
4.292900000000000205e+02
4.292900000000000205e+02
4.292900000000000205e+02
4.292900000000000205e+02
4.292900000000000205e+02
4.292900000000000205e+02
4.292900000000000205e+02
4.292900000000000205e+02
4.292900000000000205e+02
4.292900000000000205e+02
4.277699999999999818e+02
4.277699999999999818e+02
4.277699999999999818e+02
4.277699999999999818e+02
4.277699999999999818e+02
4.277699999999999818e+02
4.277699999999999818e+02
4.277699999999999818e+02
4.277699999999999818e+02
4.277699999999999818e+02
4.277699999999999818e+02
4.277699999999999818e+02
4.277699999999999818e+02
4.277699999999999818e+02
4.277699999999999818e+02
4.277699999999999818e+02
4.277699999999999818e+02
4.277699999999999818e+02
4.277699999999999818e+02
4.277699999999999818e+02
4.277699999999999818e+02
4.277699999999999818e+02
4.277699999999999818e+02
4.277699999999999818e+02
4.277699999999999818e+02
4.277699999999999818e+02
4.277699999999999818e+02
4.277699999999999818e+02
4.277699999999999818e+02
4.277699999999999818e+02
4.277699999999999818e+02
4.277699999999999818e+02
4.277699999999999818e+02
4.277699999999999818e+02
4.277699999999999818e+02
4.277699999999999818e+02
4.277699999999999818e+02
4.277699999999999818e+02
4.277699999999999818e+02
4.254399999999999977e+02
4.254399999999999977e+02
4.254399999999999977e+02
4.246499999999999773e+02
4.246499999999999773e+02
4.246499999999999773e+02
4.246499999999999773e+02
4.246499999999999773e+02
