[2.3001e+04 9.0000e-01 1.0920e+00 1.5000e+00 1.0000e-06 5.0000e-01
 1.0000e+00 5.0000e-03 1.0000e-03 1.0000e-03 5.0000e-01 5.0000e+00
 2.4000e+04 5.0000e+00 1.0000e-02]	3761.0858040935013
[2.302101e+04 9.000000e-01 1.092000e+00 1.500000e+00 1.000000e-06
 5.000000e-01 1.000000e+00 5.000000e-03 1.000000e-03 1.000000e-03
 5.000000e-01 5.000000e+00 2.400000e+04 5.000000e+00 1.000000e-02]	3762.2171481565656
[2.304102e+04 9.000000e-01 1.092000e+00 1.500000e+00 1.000000e-06
 5.000000e-01 1.000000e+00 5.000000e-03 1.000000e-03 1.000000e-03
 5.000000e-01 5.000000e+00 2.400000e+04 5.000000e+00 1.000000e-02]	3768.3606139031276
[2.306103e+04 9.000000e-01 1.092000e+00 1.500000e+00 1.000000e-06
 5.000000e-01 1.000000e+00 5.000000e-03 1.000000e-03 1.000000e-03
 5.000000e-01 5.000000e+00 2.400000e+04 5.000000e+00 1.000000e-02]	3770.532788487177
[2.308104e+04 9.000000e-01 1.092000e+00 1.500000e+00 1.000000e-06
 5.000000e-01 1.000000e+00 5.000000e-03 1.000000e-03 1.000000e-03
 5.000000e-01 5.000000e+00 2.400000e+04 5.000000e+00 1.000000e-02]	3761.375187525552
[2.310105e+04 9.000000e-01 1.092000e+00 1.500000e+00 1.000000e-06
 5.000000e-01 1.000000e+00 5.000000e-03 1.000000e-03 1.000000e-03
 5.000000e-01 5.000000e+00 2.400000e+04 5.000000e+00 1.000000e-02]	3779.1372523706923
[2.312106e+04 9.000000e-01 1.092000e+00 1.500000e+00 1.000000e-06
 5.000000e-01 1.000000e+00 5.000000e-03 1.000000e-03 1.000000e-03
 5.000000e-01 5.000000e+00 2.400000e+04 5.000000e+00 1.000000e-02]	3761.58076561559
[2.314107e+04 9.000000e-01 1.092000e+00 1.500000e+00 1.000000e-06
 5.000000e-01 1.000000e+00 5.000000e-03 1.000000e-03 1.000000e-03
 5.000000e-01 5.000000e+00 2.400000e+04 5.000000e+00 1.000000e-02]	3757.283311176423
[2.316108e+04 9.000000e-01 1.092000e+00 1.500000e+00 1.000000e-06
 5.000000e-01 1.000000e+00 5.000000e-03 1.000000e-03 1.000000e-03
 5.000000e-01 5.000000e+00 2.400000e+04 5.000000e+00 1.000000e-02]	3775.2275607564156
[2.318109e+04 9.000000e-01 1.092000e+00 1.500000e+00 1.000000e-06
 5.000000e-01 1.000000e+00 5.000000e-03 1.000000e-03 1.000000e-03
 5.000000e-01 5.000000e+00 2.400000e+04 5.000000e+00 1.000000e-02]	3751.142315463066
[2.32011e+04 9.00000e-01 1.09200e+00 1.50000e+00 1.00000e-06 5.00000e-01
 1.00000e+00 5.00000e-03 1.00000e-03 1.00000e-03 5.00000e-01 5.00000e+00
 2.40000e+04 5.00000e+00 1.00000e-02]	3765.4889167606048
[2.322111e+04 9.000000e-01 1.092000e+00 1.500000e+00 1.000000e-06
 5.000000e-01 1.000000e+00 5.000000e-03 1.000000e-03 1.000000e-03
 5.000000e-01 5.000000e+00 2.400000e+04 5.000000e+00 1.000000e-02]	3773.1423564251777
[2.324112e+04 9.000000e-01 1.092000e+00 1.500000e+00 1.000000e-06
 5.000000e-01 1.000000e+00 5.000000e-03 1.000000e-03 1.000000e-03
 5.000000e-01 5.000000e+00 2.400000e+04 5.000000e+00 1.000000e-02]	3756.512557090517
[2.326113e+04 9.000000e-01 1.092000e+00 1.500000e+00 1.000000e-06
 5.000000e-01 1.000000e+00 5.000000e-03 1.000000e-03 1.000000e-03
 5.000000e-01 5.000000e+00 2.400000e+04 5.000000e+00 1.000000e-02]	3792.328552866085
[2.328114e+04 9.000000e-01 1.092000e+00 1.500000e+00 1.000000e-06
 5.000000e-01 1.000000e+00 5.000000e-03 1.000000e-03 1.000000e-03
 5.000000e-01 5.000000e+00 2.400000e+04 5.000000e+00 1.000000e-02]	3751.142315463066
[2.330115e+04 9.000000e-01 1.092000e+00 1.500000e+00 1.000000e-06
 5.000000e-01 1.000000e+00 5.000000e-03 1.000000e-03 1.000000e-03
 5.000000e-01 5.000000e+00 2.400000e+04 5.000000e+00 1.000000e-02]	3761.58076561559
[2.332116e+04 9.000000e-01 1.092000e+00 1.500000e+00 1.000000e-06
 5.000000e-01 1.000000e+00 5.000000e-03 1.000000e-03 1.000000e-03
 5.000000e-01 5.000000e+00 2.400000e+04 5.000000e+00 1.000000e-02]	3780.268474191241
[2.334117e+04 9.000000e-01 1.092000e+00 1.500000e+00 1.000000e-06
 5.000000e-01 1.000000e+00 5.000000e-03 1.000000e-03 1.000000e-03
 5.000000e-01 5.000000e+00 2.400000e+04 5.000000e+00 1.000000e-02]	3763.756537177391
[2.336118e+04 9.000000e-01 1.092000e+00 1.500000e+00 1.000000e-06
 5.000000e-01 1.000000e+00 5.000000e-03 1.000000e-03 1.000000e-03
 5.000000e-01 5.000000e+00 2.400000e+04 5.000000e+00 1.000000e-02]	3781.007474026465
[2.338119e+04 9.000000e-01 1.092000e+00 1.500000e+00 1.000000e-06
 5.000000e-01 1.000000e+00 5.000000e-03 1.000000e-03 1.000000e-03
 5.000000e-01 5.000000e+00 2.400000e+04 5.000000e+00 1.000000e-02]	3763.756537177391
[2.34012e+04 9.00000e-01 1.09200e+00 1.50000e+00 1.00000e-06 5.00000e-01
 1.00000e+00 5.00000e-03 1.00000e-03 1.00000e-03 5.00000e-01 5.00000e+00
 2.40000e+04 5.00000e+00 1.00000e-02]	3774.626836657635
[2.342121e+04 9.000000e-01 1.092000e+00 1.500000e+00 1.000000e-06
 5.000000e-01 1.000000e+00 5.000000e-03 1.000000e-03 1.000000e-03
 5.000000e-01 5.000000e+00 2.400000e+04 5.000000e+00 1.000000e-02]	3764.9722959069313
[2.344122e+04 9.000000e-01 1.092000e+00 1.500000e+00 1.000000e-06
 5.000000e-01 1.000000e+00 5.000000e-03 1.000000e-03 1.000000e-03
 5.000000e-01 5.000000e+00 2.400000e+04 5.000000e+00 1.000000e-02]	3751.142315463066
[2.346123e+04 9.000000e-01 1.092000e+00 1.500000e+00 1.000000e-06
 5.000000e-01 1.000000e+00 5.000000e-03 1.000000e-03 1.000000e-03
 5.000000e-01 5.000000e+00 2.400000e+04 5.000000e+00 1.000000e-02]	3772.7750179132217
[2.348124e+04 9.000000e-01 1.092000e+00 1.500000e+00 1.000000e-06
 5.000000e-01 1.000000e+00 5.000000e-03 1.000000e-03 1.000000e-03
 5.000000e-01 5.000000e+00 2.400000e+04 5.000000e+00 1.000000e-02]	3777.730848775566
[2.350125e+04 9.000000e-01 1.092000e+00 1.500000e+00 1.000000e-06
 5.000000e-01 1.000000e+00 5.000000e-03 1.000000e-03 1.000000e-03
 5.000000e-01 5.000000e+00 2.400000e+04 5.000000e+00 1.000000e-02]	3770.4296987924026
[2.352126e+04 9.000000e-01 1.092000e+00 1.500000e+00 1.000000e-06
 5.000000e-01 1.000000e+00 5.000000e-03 1.000000e-03 1.000000e-03
 5.000000e-01 5.000000e+00 2.400000e+04 5.000000e+00 1.000000e-02]	3767.887589942664
[2.354127e+04 9.000000e-01 1.092000e+00 1.500000e+00 1.000000e-06
 5.000000e-01 1.000000e+00 5.000000e-03 1.000000e-03 1.000000e-03
 5.000000e-01 5.000000e+00 2.400000e+04 5.000000e+00 1.000000e-02]	3763.364687240561
[2.356128e+04 9.000000e-01 1.092000e+00 1.500000e+00 1.000000e-06
 5.000000e-01 1.000000e+00 5.000000e-03 1.000000e-03 1.000000e-03
 5.000000e-01 5.000000e+00 2.400000e+04 5.000000e+00 1.000000e-02]	3778.053627242359
[2.358129e+04 9.000000e-01 1.092000e+00 1.500000e+00 1.000000e-06
 5.000000e-01 1.000000e+00 5.000000e-03 1.000000e-03 1.000000e-03
 5.000000e-01 5.000000e+00 2.400000e+04 5.000000e+00 1.000000e-02]	3776.73638445558
[2.36013e+04 9.00000e-01 1.09200e+00 1.50000e+00 1.00000e-06 5.00000e-01
 1.00000e+00 5.00000e-03 1.00000e-03 1.00000e-03 5.00000e-01 5.00000e+00
 2.40000e+04 5.00000e+00 1.00000e-02]	3759.22679501583
[2.362131e+04 9.000000e-01 1.092000e+00 1.500000e+00 1.000000e-06
 5.000000e-01 1.000000e+00 5.000000e-03 1.000000e-03 1.000000e-03
 5.000000e-01 5.000000e+00 2.400000e+04 5.000000e+00 1.000000e-02]	3767.887589942664
[2.364132e+04 9.000000e-01 1.092000e+00 1.500000e+00 1.000000e-06
 5.000000e-01 1.000000e+00 5.000000e-03 1.000000e-03 1.000000e-03
 5.000000e-01 5.000000e+00 2.400000e+04 5.000000e+00 1.000000e-02]	3783.186303611549
[2.366133e+04 9.000000e-01 1.092000e+00 1.500000e+00 1.000000e-06
 5.000000e-01 1.000000e+00 5.000000e-03 1.000000e-03 1.000000e-03
 5.000000e-01 5.000000e+00 2.400000e+04 5.000000e+00 1.000000e-02]	3777.5954812930995
[2.368134e+04 9.000000e-01 1.092000e+00 1.500000e+00 1.000000e-06
 5.000000e-01 1.000000e+00 5.000000e-03 1.000000e-03 1.000000e-03
 5.000000e-01 5.000000e+00 2.400000e+04 5.000000e+00 1.000000e-02]	3760.2181414461465
[2.370135e+04 9.000000e-01 1.092000e+00 1.500000e+00 1.000000e-06
 5.000000e-01 1.000000e+00 5.000000e-03 1.000000e-03 1.000000e-03
 5.000000e-01 5.000000e+00 2.400000e+04 5.000000e+00 1.000000e-02]	3765.6455673197197
[2.372136e+04 9.000000e-01 1.092000e+00 1.500000e+00 1.000000e-06
 5.000000e-01 1.000000e+00 5.000000e-03 1.000000e-03 1.000000e-03
 5.000000e-01 5.000000e+00 2.400000e+04 5.000000e+00 1.000000e-02]	3761.208693301231
[2.374137e+04 9.000000e-01 1.092000e+00 1.500000e+00 1.000000e-06
 5.000000e-01 1.000000e+00 5.000000e-03 1.000000e-03 1.000000e-03
 5.000000e-01 5.000000e+00 2.400000e+04 5.000000e+00 1.000000e-02]	3762.2638660521256
[2.376138e+04 9.000000e-01 1.092000e+00 1.500000e+00 1.000000e-06
 5.000000e-01 1.000000e+00 5.000000e-03 1.000000e-03 1.000000e-03
 5.000000e-01 5.000000e+00 2.400000e+04 5.000000e+00 1.000000e-02]	3773.64146034537
[2.378139e+04 9.000000e-01 1.092000e+00 1.500000e+00 1.000000e-06
 5.000000e-01 1.000000e+00 5.000000e-03 1.000000e-03 1.000000e-03
 5.000000e-01 5.000000e+00 2.400000e+04 5.000000e+00 1.000000e-02]	3771.479265782777
[2.38014e+04 9.00000e-01 1.09200e+00 1.50000e+00 1.00000e-06 5.00000e-01
 1.00000e+00 5.00000e-03 1.00000e-03 1.00000e-03 5.00000e-01 5.00000e+00
 2.40000e+04 5.00000e+00 1.00000e-02]	3756.31530766422
[2.382141e+04 9.000000e-01 1.092000e+00 1.500000e+00 1.000000e-06
 5.000000e-01 1.000000e+00 5.000000e-03 1.000000e-03 1.000000e-03
 5.000000e-01 5.000000e+00 2.400000e+04 5.000000e+00 1.000000e-02]	3763.306047429728
[2.384142e+04 9.000000e-01 1.092000e+00 1.500000e+00 1.000000e-06
 5.000000e-01 1.000000e+00 5.000000e-03 1.000000e-03 1.000000e-03
 5.000000e-01 5.000000e+00 2.400000e+04 5.000000e+00 1.000000e-02]	3767.118465338242
[2.386143e+04 9.000000e-01 1.092000e+00 1.500000e+00 1.000000e-06
 5.000000e-01 1.000000e+00 5.000000e-03 1.000000e-03 1.000000e-03
 5.000000e-01 5.000000e+00 2.400000e+04 5.000000e+00 1.000000e-02]	3763.756537177391
[2.388144e+04 9.000000e-01 1.092000e+00 1.500000e+00 1.000000e-06
 5.000000e-01 1.000000e+00 5.000000e-03 1.000000e-03 1.000000e-03
 5.000000e-01 5.000000e+00 2.400000e+04 5.000000e+00 1.000000e-02]	3764.0353857373443
[2.390145e+04 9.000000e-01 1.092000e+00 1.500000e+00 1.000000e-06
 5.000000e-01 1.000000e+00 5.000000e-03 1.000000e-03 1.000000e-03
 5.000000e-01 5.000000e+00 2.400000e+04 5.000000e+00 1.000000e-02]	3758.690336343894
[2.392146e+04 9.000000e-01 1.092000e+00 1.500000e+00 1.000000e-06
 5.000000e-01 1.000000e+00 5.000000e-03 1.000000e-03 1.000000e-03
 5.000000e-01 5.000000e+00 2.400000e+04 5.000000e+00 1.000000e-02]	3762.1097748691636
[2.394147e+04 9.000000e-01 1.092000e+00 1.500000e+00 1.000000e-06
 5.000000e-01 1.000000e+00 5.000000e-03 1.000000e-03 1.000000e-03
 5.000000e-01 5.000000e+00 2.400000e+04 5.000000e+00 1.000000e-02]	3760.755026440138
[2.396148e+04 9.000000e-01 1.092000e+00 1.500000e+00 1.000000e-06
 5.000000e-01 1.000000e+00 5.000000e-03 1.000000e-03 1.000000e-03
 5.000000e-01 5.000000e+00 2.400000e+04 5.000000e+00 1.000000e-02]	3776.5595032428578
[2.398149e+04 9.000000e-01 1.092000e+00 1.500000e+00 1.000000e-06
 5.000000e-01 1.000000e+00 5.000000e-03 1.000000e-03 1.000000e-03
 5.000000e-01 5.000000e+00 2.400000e+04 5.000000e+00 1.000000e-02]	3763.1664234854466
[2.40015e+04 9.00000e-01 1.09200e+00 1.50000e+00 1.00000e-06 5.00000e-01
 1.00000e+00 5.00000e-03 1.00000e-03 1.00000e-03 5.00000e-01 5.00000e+00
 2.40000e+04 5.00000e+00 1.00000e-02]	3767.4211831388902
[2.402151e+04 9.000000e-01 1.092000e+00 1.500000e+00 1.000000e-06
 5.000000e-01 1.000000e+00 5.000000e-03 1.000000e-03 1.000000e-03
 5.000000e-01 5.000000e+00 2.400000e+04 5.000000e+00 1.000000e-02]	3745.739008642005
[2.404152e+04 9.000000e-01 1.092000e+00 1.500000e+00 1.000000e-06
 5.000000e-01 1.000000e+00 5.000000e-03 1.000000e-03 1.000000e-03
 5.000000e-01 5.000000e+00 2.400000e+04 5.000000e+00 1.000000e-02]	3777.0999293016152
[2.406153e+04 9.000000e-01 1.092000e+00 1.500000e+00 1.000000e-06
 5.000000e-01 1.000000e+00 5.000000e-03 1.000000e-03 1.000000e-03
 5.000000e-01 5.000000e+00 2.400000e+04 5.000000e+00 1.000000e-02]	3751.142315463066
[2.408154e+04 9.000000e-01 1.092000e+00 1.500000e+00 1.000000e-06
 5.000000e-01 1.000000e+00 5.000000e-03 1.000000e-03 1.000000e-03
 5.000000e-01 5.000000e+00 2.400000e+04 5.000000e+00 1.000000e-02]	3767.9172901853444
[2.410155e+04 9.000000e-01 1.092000e+00 1.500000e+00 1.000000e-06
 5.000000e-01 1.000000e+00 5.000000e-03 1.000000e-03 1.000000e-03
 5.000000e-01 5.000000e+00 2.400000e+04 5.000000e+00 1.000000e-02]	3785.615383269884
[2.412156e+04 9.000000e-01 1.092000e+00 1.500000e+00 1.000000e-06
 5.000000e-01 1.000000e+00 5.000000e-03 1.000000e-03 1.000000e-03
 5.000000e-01 5.000000e+00 2.400000e+04 5.000000e+00 1.000000e-02]	3764.983513440634
[2.414157e+04 9.000000e-01 1.092000e+00 1.500000e+00 1.000000e-06
 5.000000e-01 1.000000e+00 5.000000e-03 1.000000e-03 1.000000e-03
 5.000000e-01 5.000000e+00 2.400000e+04 5.000000e+00 1.000000e-02]	3763.9333463275693
[2.416158e+04 9.000000e-01 1.092000e+00 1.500000e+00 1.000000e-06
 5.000000e-01 1.000000e+00 5.000000e-03 1.000000e-03 1.000000e-03
 5.000000e-01 5.000000e+00 2.400000e+04 5.000000e+00 1.000000e-02]	3766.4951090026875
[2.418159e+04 9.000000e-01 1.092000e+00 1.500000e+00 1.000000e-06
 5.000000e-01 1.000000e+00 5.000000e-03 1.000000e-03 1.000000e-03
 5.000000e-01 5.000000e+00 2.400000e+04 5.000000e+00 1.000000e-02]	3762.2638660521256
[2.42016e+04 9.00000e-01 1.09200e+00 1.50000e+00 1.00000e-06 5.00000e-01
 1.00000e+00 5.00000e-03 1.00000e-03 1.00000e-03 5.00000e-01 5.00000e+00
 2.40000e+04 5.00000e+00 1.00000e-02]	3776.5595032428578
[2.422161e+04 9.000000e-01 1.092000e+00 1.500000e+00 1.000000e-06
 5.000000e-01 1.000000e+00 5.000000e-03 1.000000e-03 1.000000e-03
 5.000000e-01 5.000000e+00 2.400000e+04 5.000000e+00 1.000000e-02]	3766.918186773887
[2.424162e+04 9.000000e-01 1.092000e+00 1.500000e+00 1.000000e-06
 5.000000e-01 1.000000e+00 5.000000e-03 1.000000e-03 1.000000e-03
 5.000000e-01 5.000000e+00 2.400000e+04 5.000000e+00 1.000000e-02]	3751.142315463066
[2.426163e+04 9.000000e-01 1.092000e+00 1.500000e+00 1.000000e-06
 5.000000e-01 1.000000e+00 5.000000e-03 1.000000e-03 1.000000e-03
 5.000000e-01 5.000000e+00 2.400000e+04 5.000000e+00 1.000000e-02]	3758.751371677391
[2.428164e+04 9.000000e-01 1.092000e+00 1.500000e+00 1.000000e-06
 5.000000e-01 1.000000e+00 5.000000e-03 1.000000e-03 1.000000e-03
 5.000000e-01 5.000000e+00 2.400000e+04 5.000000e+00 1.000000e-02]	3770.4296987924026
[2.430165e+04 9.000000e-01 1.092000e+00 1.500000e+00 1.000000e-06
 5.000000e-01 1.000000e+00 5.000000e-03 1.000000e-03 1.000000e-03
 5.000000e-01 5.000000e+00 2.400000e+04 5.000000e+00 1.000000e-02]	3751.142315463066
[2.432166e+04 9.000000e-01 1.092000e+00 1.500000e+00 1.000000e-06
 5.000000e-01 1.000000e+00 5.000000e-03 1.000000e-03 1.000000e-03
 5.000000e-01 5.000000e+00 2.400000e+04 5.000000e+00 1.000000e-02]	3780.997777209655
[2.434167e+04 9.000000e-01 1.092000e+00 1.500000e+00 1.000000e-06
 5.000000e-01 1.000000e+00 5.000000e-03 1.000000e-03 1.000000e-03
 5.000000e-01 5.000000e+00 2.400000e+04 5.000000e+00 1.000000e-02]	3754.4414868985336
[2.436168e+04 9.000000e-01 1.092000e+00 1.500000e+00 1.000000e-06
 5.000000e-01 1.000000e+00 5.000000e-03 1.000000e-03 1.000000e-03
 5.000000e-01 5.000000e+00 2.400000e+04 5.000000e+00 1.000000e-02]	3780.997777209655
[2.438169e+04 9.000000e-01 1.092000e+00 1.500000e+00 1.000000e-06
 5.000000e-01 1.000000e+00 5.000000e-03 1.000000e-03 1.000000e-03
 5.000000e-01 5.000000e+00 2.400000e+04 5.000000e+00 1.000000e-02]	3763.0411413696916
[2.44017e+04 9.00000e-01 1.09200e+00 1.50000e+00 1.00000e-06 5.00000e-01
 1.00000e+00 5.00000e-03 1.00000e-03 1.00000e-03 5.00000e-01 5.00000e+00
 2.40000e+04 5.00000e+00 1.00000e-02]	3767.048157469157
[2.442171e+04 9.000000e-01 1.092000e+00 1.500000e+00 1.000000e-06
 5.000000e-01 1.000000e+00 5.000000e-03 1.000000e-03 1.000000e-03
 5.000000e-01 5.000000e+00 2.400000e+04 5.000000e+00 1.000000e-02]	3776.8027620802814
[2.444172e+04 9.000000e-01 1.092000e+00 1.500000e+00 1.000000e-06
 5.000000e-01 1.000000e+00 5.000000e-03 1.000000e-03 1.000000e-03
 5.000000e-01 5.000000e+00 2.400000e+04 5.000000e+00 1.000000e-02]	3763.0411413696916
[2.446173e+04 9.000000e-01 1.092000e+00 1.500000e+00 1.000000e-06
 5.000000e-01 1.000000e+00 5.000000e-03 1.000000e-03 1.000000e-03
 5.000000e-01 5.000000e+00 2.400000e+04 5.000000e+00 1.000000e-02]	3748.716429128696
[2.448174e+04 9.000000e-01 1.092000e+00 1.500000e+00 1.000000e-06
 5.000000e-01 1.000000e+00 5.000000e-03 1.000000e-03 1.000000e-03
 5.000000e-01 5.000000e+00 2.400000e+04 5.000000e+00 1.000000e-02]	3770.5752045664663
[2.450175e+04 9.000000e-01 1.092000e+00 1.500000e+00 1.000000e-06
 5.000000e-01 1.000000e+00 5.000000e-03 1.000000e-03 1.000000e-03
 5.000000e-01 5.000000e+00 2.400000e+04 5.000000e+00 1.000000e-02]	3795.9183295036287
[2.452176e+04 9.000000e-01 1.092000e+00 1.500000e+00 1.000000e-06
 5.000000e-01 1.000000e+00 5.000000e-03 1.000000e-03 1.000000e-03
 5.000000e-01 5.000000e+00 2.400000e+04 5.000000e+00 1.000000e-02]	3763.637516797295
[2.454177e+04 9.000000e-01 1.092000e+00 1.500000e+00 1.000000e-06
 5.000000e-01 1.000000e+00 5.000000e-03 1.000000e-03 1.000000e-03
 5.000000e-01 5.000000e+00 2.400000e+04 5.000000e+00 1.000000e-02]	3761.0782332995677
[2.456178e+04 9.000000e-01 1.092000e+00 1.500000e+00 1.000000e-06
 5.000000e-01 1.000000e+00 5.000000e-03 1.000000e-03 1.000000e-03
 5.000000e-01 5.000000e+00 2.400000e+04 5.000000e+00 1.000000e-02]	3751.142315463066
[2.458179e+04 9.000000e-01 1.092000e+00 1.500000e+00 1.000000e-06
 5.000000e-01 1.000000e+00 5.000000e-03 1.000000e-03 1.000000e-03
 5.000000e-01 5.000000e+00 2.400000e+04 5.000000e+00 1.000000e-02]	3766.918186773887
[2.46018e+04 9.00000e-01 1.09200e+00 1.50000e+00 1.00000e-06 5.00000e-01
 1.00000e+00 5.00000e-03 1.00000e-03 1.00000e-03 5.00000e-01 5.00000e+00
 2.40000e+04 5.00000e+00 1.00000e-02]	3766.5220075737534
[2.462181e+04 9.000000e-01 1.092000e+00 1.500000e+00 1.000000e-06
 5.000000e-01 1.000000e+00 5.000000e-03 1.000000e-03 1.000000e-03
 5.000000e-01 5.000000e+00 2.400000e+04 5.000000e+00 1.000000e-02]	3751.142315463066
[2.464182e+04 9.000000e-01 1.092000e+00 1.500000e+00 1.000000e-06
 5.000000e-01 1.000000e+00 5.000000e-03 1.000000e-03 1.000000e-03
 5.000000e-01 5.000000e+00 2.400000e+04 5.000000e+00 1.000000e-02]	3767.873881230601
[2.466183e+04 9.000000e-01 1.092000e+00 1.500000e+00 1.000000e-06
 5.000000e-01 1.000000e+00 5.000000e-03 1.000000e-03 1.000000e-03
 5.000000e-01 5.000000e+00 2.400000e+04 5.000000e+00 1.000000e-02]	3763.756537177391
[2.468184e+04 9.000000e-01 1.092000e+00 1.500000e+00 1.000000e-06
 5.000000e-01 1.000000e+00 5.000000e-03 1.000000e-03 1.000000e-03
 5.000000e-01 5.000000e+00 2.400000e+04 5.000000e+00 1.000000e-02]	3781.007474026465
[2.470185e+04 9.000000e-01 1.092000e+00 1.500000e+00 1.000000e-06
 5.000000e-01 1.000000e+00 5.000000e-03 1.000000e-03 1.000000e-03
 5.000000e-01 5.000000e+00 2.400000e+04 5.000000e+00 1.000000e-02]	3751.142315463066
[2.472186e+04 9.000000e-01 1.092000e+00 1.500000e+00 1.000000e-06
 5.000000e-01 1.000000e+00 5.000000e-03 1.000000e-03 1.000000e-03
 5.000000e-01 5.000000e+00 2.400000e+04 5.000000e+00 1.000000e-02]	3762.2638660521256
[2.474187e+04 9.000000e-01 1.092000e+00 1.500000e+00 1.000000e-06
 5.000000e-01 1.000000e+00 5.000000e-03 1.000000e-03 1.000000e-03
 5.000000e-01 5.000000e+00 2.400000e+04 5.000000e+00 1.000000e-02]	3762.2638660521256
[2.476188e+04 9.000000e-01 1.092000e+00 1.500000e+00 1.000000e-06
 5.000000e-01 1.000000e+00 5.000000e-03 1.000000e-03 1.000000e-03
 5.000000e-01 5.000000e+00 2.400000e+04 5.000000e+00 1.000000e-02]	3778.6894132481407
[2.478189e+04 9.000000e-01 1.092000e+00 1.500000e+00 1.000000e-06
 5.000000e-01 1.000000e+00 5.000000e-03 1.000000e-03 1.000000e-03
 5.000000e-01 5.000000e+00 2.400000e+04 5.000000e+00 1.000000e-02]	3757.5980291556943
[2.48019e+04 9.00000e-01 1.09200e+00 1.50000e+00 1.00000e-06 5.00000e-01
 1.00000e+00 5.00000e-03 1.00000e-03 1.00000e-03 5.00000e-01 5.00000e+00
 2.40000e+04 5.00000e+00 1.00000e-02]	3746.9294081073467
[2.482191e+04 9.000000e-01 1.092000e+00 1.500000e+00 1.000000e-06
 5.000000e-01 1.000000e+00 5.000000e-03 1.000000e-03 1.000000e-03
 5.000000e-01 5.000000e+00 2.400000e+04 5.000000e+00 1.000000e-02]	3766.706824737979
[2.484192e+04 9.000000e-01 1.092000e+00 1.500000e+00 1.000000e-06
 5.000000e-01 1.000000e+00 5.000000e-03 1.000000e-03 1.000000e-03
 5.000000e-01 5.000000e+00 2.400000e+04 5.000000e+00 1.000000e-02]	3761.375187525552
[2.486193e+04 9.000000e-01 1.092000e+00 1.500000e+00 1.000000e-06
 5.000000e-01 1.000000e+00 5.000000e-03 1.000000e-03 1.000000e-03
 5.000000e-01 5.000000e+00 2.400000e+04 5.000000e+00 1.000000e-02]	3758.8580960164018
[2.488194e+04 9.000000e-01 1.092000e+00 1.500000e+00 1.000000e-06
 5.000000e-01 1.000000e+00 5.000000e-03 1.000000e-03 1.000000e-03
 5.000000e-01 5.000000e+00 2.400000e+04 5.000000e+00 1.000000e-02]	3767.4996647634744
[2.490195e+04 9.000000e-01 1.092000e+00 1.500000e+00 1.000000e-06
 5.000000e-01 1.000000e+00 5.000000e-03 1.000000e-03 1.000000e-03
 5.000000e-01 5.000000e+00 2.400000e+04 5.000000e+00 1.000000e-02]	3774.5196258728497
[2.492196e+04 9.000000e-01 1.092000e+00 1.500000e+00 1.000000e-06
 5.000000e-01 1.000000e+00 5.000000e-03 1.000000e-03 1.000000e-03
 5.000000e-01 5.000000e+00 2.400000e+04 5.000000e+00 1.000000e-02]	3767.6435985753756
[2.494197e+04 9.000000e-01 1.092000e+00 1.500000e+00 1.000000e-06
 5.000000e-01 1.000000e+00 5.000000e-03 1.000000e-03 1.000000e-03
 5.000000e-01 5.000000e+00 2.400000e+04 5.000000e+00 1.000000e-02]	3783.186303611549
[2.496198e+04 9.000000e-01 1.092000e+00 1.500000e+00 1.000000e-06
 5.000000e-01 1.000000e+00 5.000000e-03 1.000000e-03 1.000000e-03
 5.000000e-01 5.000000e+00 2.400000e+04 5.000000e+00 1.000000e-02]	3748.716429128696
[2.498199e+04 9.000000e-01 1.092000e+00 1.500000e+00 1.000000e-06
 5.000000e-01 1.000000e+00 5.000000e-03 1.000000e-03 1.000000e-03
 5.000000e-01 5.000000e+00 2.400000e+04 5.000000e+00 1.000000e-02]	3767.887589942664
[2.498199e+04 4.000000e+00 1.092000e+00 1.500000e+00 1.000000e-06
 5.000000e-01 1.000000e+00 5.000000e-03 1.000000e-03 1.000000e-03
 5.000000e-01 5.000000e+00 2.400000e+04 5.000000e+00 1.000000e-02]	3752.85587696318
[2.498199e+04 4.020000e+00 1.092000e+00 1.500000e+00 1.000000e-06
 5.000000e-01 1.000000e+00 5.000000e-03 1.000000e-03 1.000000e-03
 5.000000e-01 5.000000e+00 2.400000e+04 5.000000e+00 1.000000e-02]	3767.2912441260323
[2.498199e+04 4.040000e+00 1.092000e+00 1.500000e+00 1.000000e-06
 5.000000e-01 1.000000e+00 5.000000e-03 1.000000e-03 1.000000e-03
 5.000000e-01 5.000000e+00 2.400000e+04 5.000000e+00 1.000000e-02]	3766.7369878397003
[2.498199e+04 4.060000e+00 1.092000e+00 1.500000e+00 1.000000e-06
 5.000000e-01 1.000000e+00 5.000000e-03 1.000000e-03 1.000000e-03
 5.000000e-01 5.000000e+00 2.400000e+04 5.000000e+00 1.000000e-02]	3766.801129031121
[2.498199e+04 4.080000e+00 1.092000e+00 1.500000e+00 1.000000e-06
 5.000000e-01 1.000000e+00 5.000000e-03 1.000000e-03 1.000000e-03
 5.000000e-01 5.000000e+00 2.400000e+04 5.000000e+00 1.000000e-02]	3758.8220278969598
[2.498199e+04 4.100000e+00 1.092000e+00 1.500000e+00 1.000000e-06
 5.000000e-01 1.000000e+00 5.000000e-03 1.000000e-03 1.000000e-03
 5.000000e-01 5.000000e+00 2.400000e+04 5.000000e+00 1.000000e-02]	3760.4364513522182
[2.498199e+04 4.120000e+00 1.092000e+00 1.500000e+00 1.000000e-06
 5.000000e-01 1.000000e+00 5.000000e-03 1.000000e-03 1.000000e-03
 5.000000e-01 5.000000e+00 2.400000e+04 5.000000e+00 1.000000e-02]	3801.18309206395
[2.498199e+04 4.140000e+00 1.092000e+00 1.500000e+00 1.000000e-06
 5.000000e-01 1.000000e+00 5.000000e-03 1.000000e-03 1.000000e-03
 5.000000e-01 5.000000e+00 2.400000e+04 5.000000e+00 1.000000e-02]	3797.666843314435
[2.498199e+04 4.160000e+00 1.092000e+00 1.500000e+00 1.000000e-06
 5.000000e-01 1.000000e+00 5.000000e-03 1.000000e-03 1.000000e-03
 5.000000e-01 5.000000e+00 2.400000e+04 5.000000e+00 1.000000e-02]	3781.4044317856315
[2.498199e+04 4.180000e+00 1.092000e+00 1.500000e+00 1.000000e-06
 5.000000e-01 1.000000e+00 5.000000e-03 1.000000e-03 1.000000e-03
 5.000000e-01 5.000000e+00 2.400000e+04 5.000000e+00 1.000000e-02]	3767.760615055512
[2.498199e+04 4.200000e+00 1.092000e+00 1.500000e+00 1.000000e-06
 5.000000e-01 1.000000e+00 5.000000e-03 1.000000e-03 1.000000e-03
 5.000000e-01 5.000000e+00 2.400000e+04 5.000000e+00 1.000000e-02]	3773.1845257447517
[2.498199e+04 4.220000e+00 1.092000e+00 1.500000e+00 1.000000e-06
 5.000000e-01 1.000000e+00 5.000000e-03 1.000000e-03 1.000000e-03
 5.000000e-01 5.000000e+00 2.400000e+04 5.000000e+00 1.000000e-02]	3784.746887011399
[2.498199e+04 4.240000e+00 1.092000e+00 1.500000e+00 1.000000e-06
 5.000000e-01 1.000000e+00 5.000000e-03 1.000000e-03 1.000000e-03
 5.000000e-01 5.000000e+00 2.400000e+04 5.000000e+00 1.000000e-02]	3768.4251177590077
[2.498199e+04 4.260000e+00 1.092000e+00 1.500000e+00 1.000000e-06
 5.000000e-01 1.000000e+00 5.000000e-03 1.000000e-03 1.000000e-03
 5.000000e-01 5.000000e+00 2.400000e+04 5.000000e+00 1.000000e-02]	3773.695146072089
[2.498199e+04 4.280000e+00 1.092000e+00 1.500000e+00 1.000000e-06
 5.000000e-01 1.000000e+00 5.000000e-03 1.000000e-03 1.000000e-03
 5.000000e-01 5.000000e+00 2.400000e+04 5.000000e+00 1.000000e-02]	3771.5132070630334
[2.498199e+04 4.300000e+00 1.092000e+00 1.500000e+00 1.000000e-06
 5.000000e-01 1.000000e+00 5.000000e-03 1.000000e-03 1.000000e-03
 5.000000e-01 5.000000e+00 2.400000e+04 5.000000e+00 1.000000e-02]	3756.432503731202
[2.498199e+04 4.320000e+00 1.092000e+00 1.500000e+00 1.000000e-06
 5.000000e-01 1.000000e+00 5.000000e-03 1.000000e-03 1.000000e-03
 5.000000e-01 5.000000e+00 2.400000e+04 5.000000e+00 1.000000e-02]	3748.158116571966
[2.498199e+04 4.340000e+00 1.092000e+00 1.500000e+00 1.000000e-06
 5.000000e-01 1.000000e+00 5.000000e-03 1.000000e-03 1.000000e-03
 5.000000e-01 5.000000e+00 2.400000e+04 5.000000e+00 1.000000e-02]	3765.2680730602547
[2.498199e+04 4.360000e+00 1.092000e+00 1.500000e+00 1.000000e-06
 5.000000e-01 1.000000e+00 5.000000e-03 1.000000e-03 1.000000e-03
 5.000000e-01 5.000000e+00 2.400000e+04 5.000000e+00 1.000000e-02]	3770.0485534967875
[2.498199e+04 4.380000e+00 1.092000e+00 1.500000e+00 1.000000e-06
 5.000000e-01 1.000000e+00 5.000000e-03 1.000000e-03 1.000000e-03
 5.000000e-01 5.000000e+00 2.400000e+04 5.000000e+00 1.000000e-02]	3772.197548326536
[2.498199e+04 4.400000e+00 1.092000e+00 1.500000e+00 1.000000e-06
 5.000000e-01 1.000000e+00 5.000000e-03 1.000000e-03 1.000000e-03
 5.000000e-01 5.000000e+00 2.400000e+04 5.000000e+00 1.000000e-02]	3748.7069964769653
[2.498199e+04 4.420000e+00 1.092000e+00 1.500000e+00 1.000000e-06
 5.000000e-01 1.000000e+00 5.000000e-03 1.000000e-03 1.000000e-03
 5.000000e-01 5.000000e+00 2.400000e+04 5.000000e+00 1.000000e-02]	3750.263685212601
[2.498199e+04 4.440000e+00 1.092000e+00 1.500000e+00 1.000000e-06
 5.000000e-01 1.000000e+00 5.000000e-03 1.000000e-03 1.000000e-03
 5.000000e-01 5.000000e+00 2.400000e+04 5.000000e+00 1.000000e-02]	3760.6617075245836
[2.498199e+04 4.460000e+00 1.092000e+00 1.500000e+00 1.000000e-06
 5.000000e-01 1.000000e+00 5.000000e-03 1.000000e-03 1.000000e-03
 5.000000e-01 5.000000e+00 2.400000e+04 5.000000e+00 1.000000e-02]	3785.267231915552
[2.498199e+04 4.480000e+00 1.092000e+00 1.500000e+00 1.000000e-06
 5.000000e-01 1.000000e+00 5.000000e-03 1.000000e-03 1.000000e-03
 5.000000e-01 5.000000e+00 2.400000e+04 5.000000e+00 1.000000e-02]	3758.377257315004
[2.498199e+04 4.500000e+00 1.092000e+00 1.500000e+00 1.000000e-06
 5.000000e-01 1.000000e+00 5.000000e-03 1.000000e-03 1.000000e-03
 5.000000e-01 5.000000e+00 2.400000e+04 5.000000e+00 1.000000e-02]	3757.0272612773724
[2.498199e+04 4.520000e+00 1.092000e+00 1.500000e+00 1.000000e-06
 5.000000e-01 1.000000e+00 5.000000e-03 1.000000e-03 1.000000e-03
 5.000000e-01 5.000000e+00 2.400000e+04 5.000000e+00 1.000000e-02]	3771.82060262901
[2.498199e+04 4.540000e+00 1.092000e+00 1.500000e+00 1.000000e-06
 5.000000e-01 1.000000e+00 5.000000e-03 1.000000e-03 1.000000e-03
 5.000000e-01 5.000000e+00 2.400000e+04 5.000000e+00 1.000000e-02]	3757.6388992449147
[2.498199e+04 4.560000e+00 1.092000e+00 1.500000e+00 1.000000e-06
 5.000000e-01 1.000000e+00 5.000000e-03 1.000000e-03 1.000000e-03
 5.000000e-01 5.000000e+00 2.400000e+04 5.000000e+00 1.000000e-02]	3764.1884675077345
