437.93
437.93
437.93
437.93
437.93
436.19
437.28
437.28
437.28
435.66
435.66
435.66
435.66
435.66
433.23
433.23
433.23
433.23
433.23
433.23
432.74
430.84
430.84
430.84
431.65
431.65
431.65
431.65
431.65
431.65
431.65
431.65
426.56
426.56
426.56
426.56
426.56
426.56
426.56
426.56
426.56
426.56
426.56
426.56
426.56
426.56
426.56
426.56
426.56
426.56
426.56
426.55
426.55
426.55
426.55
426.55
426.55
426.55
426.55
426.55
426.55
426.55
426.55
426.55
426.55
426.55
426.55
426.55
426.55
426.55
426.55
426.55
426.55
426.55
426.55
426.55
426.55
426.55
426.55
426.55
426.55
426.55
426.55
426.55
426.55
426.55
426.55
426.55
426.55
426.55
426.55
426.55
426.55
426.55
426.55
426.55
426.55
426.55
426.55
426.55
426.55
427.10
427.10
427.10
427.10
427.10
427.10
424.32
424.32
424.32
424.32
424.32
424.32
424.32
424.32
424.32
424.32
424.32
424.32
424.32
424.32
424.32
424.32
424.32
424.32
424.32
424.32
424.32
424.32
424.32
424.32
436.45
436.45
425.62
425.62
425.62
425.62
425.62
425.62
425.62
425.62
425.62
425.62
425.62
425.62
425.62
425.62
425.62
425.62
425.62
425.62
425.62
425.62
425.62
425.62
425.62
425.62
425.62
425.62
425.62
425.62
425.62
425.62
425.62
425.62
425.62
425.62
425.62
425.62
425.62
425.62
425.62
425.62
425.62
425.62
425.62
425.62
425.62
425.62
425.62
425.62
425.62
425.62
425.62
425.62
425.62
425.62
425.62
425.62
423.94
423.94
423.94
423.94
423.94
423.94
423.94
423.94
423.94
423.94
423.94
423.94
423.94
423.94
423.94
423.94
423.94
423.94
423.94
423.94
423.94
423.94
423.94
423.94
423.94
423.94
423.94
423.94
423.94
423.94
423.94
423.94
423.94
423.94
423.94
423.94
423.94
423.94
423.94
423.94
423.94
423.94
423.94
423.94
423.94
423.94
423.94
423.94
423.94
423.94
423.94
423.94
423.94
423.94
423.94
423.94
423.94
423.94
423.94
423.94
423.94
423.94
423.94
423.94
423.94
423.94
423.94
423.94
423.94
423.94
423.94
423.94
423.94
423.94
423.94
423.94
423.94
423.94
423.94
423.94
423.94
423.94
423.94
423.94
423.94
423.94
423.94
423.94
423.94
423.94
423.94
423.94
423.94
423.94
423.94
423.94
423.94
423.94
423.94
423.94
423.94
423.94
423.94
423.94
423.94
423.94
423.94
423.94
423.94
423.94
423.94
423.94
423.94
423.94
423.94
423.94
423.94
423.94
423.94
423.94
423.94
423.94
423.94
423.94
423.94
423.94
423.94
423.94
423.94
423.94
423.94
423.94
423.94
423.94
423.94
423.94
423.94
423.94
423.94
423.94
423.94
423.94
423.94
424.29
424.29
424.29
424.29
424.29
424.29
424.29
424.29
424.29
424.29
424.29
424.29
424.29
424.29
424.29
424.29
424.29
424.29
424.29
424.29
424.29
424.29
424.29
424.29
424.29
424.29
424.29
424.29
424.29
424.29
424.29
424.29
424.29
424.29
424.29
424.29
424.29
424.29
424.29
424.29
424.29
424.29
