448.31
448.31
448.31
448.31
448.31
437.51
437.51
437.51
437.99
437.99
437.65
437.53
430.03
430.03
430.03
430.03
430.03
430.03
430.03
430.03
430.03
430.03
430.03
430.03
430.03
430.03
430.03
430.03
429.83
429.83
430.78
426.59
426.59
426.59
426.59
426.59
426.59
426.59
426.59
426.59
426.59
426.59
426.59
426.59
426.59
426.59
426.59
426.59
426.59
426.59
426.59
426.59
426.59
426.59
426.59
426.59
426.59
426.59
426.59
426.59
426.59
426.59
426.59
426.59
426.59
426.59
426.59
426.59
426.59
426.59
426.59
426.59
426.59
426.59
426.59
426.59
426.59
426.59
427.37
427.37
427.37
427.37
427.37
427.37
427.37
427.37
427.37
427.37
427.37
427.37
427.37
427.37
427.37
427.37
427.37
427.37
427.37
427.37
427.37
427.37
427.37
427.37
427.37
427.37
427.37
427.37
427.37
427.37
427.37
427.37
427.37
427.37
427.37
427.37
427.37
427.37
427.37
427.37
427.37
427.37
427.37
427.37
427.37
427.37
427.37
427.37
427.37
423.12
423.12
423.12
423.12
423.12
423.12
423.12
438.23
441.42
429.22
427.49
427.49
427.49
427.49
427.49
427.49
427.49
427.49
427.49
427.49
427.49
427.49
427.49
427.49
427.49
427.49
427.49
427.49
427.49
427.49
427.49
427.49
427.49
427.49
427.49
427.49
427.49
427.49
427.49
427.49
427.49
427.49
427.49
427.49
427.49
427.49
427.49
427.49
427.49
427.49
427.49
427.49
427.49
427.49
427.49
427.49
427.49
427.49
427.49
427.49
427.49
427.49
427.49
427.49
427.49
427.49
427.49
427.49
427.49
427.49
427.49
427.49
427.49
427.49
427.49
427.49
427.49
427.49
427.49
427.49
427.49
427.49
427.49
427.49
427.49
427.49
427.49
427.49
427.49
427.49
427.49
427.49
427.49
427.49
427.49
427.49
427.49
427.49
427.49
427.49
427.49
427.49
427.49
427.49
427.49
427.49
427.49
427.49
427.49
427.49
427.49
427.49
427.49
427.49
427.49
427.49
427.49
427.49
427.49
427.49
427.49
425.74
425.74
425.74
425.74
425.74
420.04
420.04
420.04
420.04
420.04
420.04
420.04
420.04
420.04
420.04
420.04
420.04
420.04
420.04
420.04
420.04
420.04
420.04
420.04
420.04
420.04
420.04
420.04
420.04
420.04
420.04
420.04
420.04
420.04
420.04
420.04
420.04
420.04
420.04
420.04
420.04
420.04
420.04
420.04
420.04
420.04
420.04
420.04
420.04
420.04
420.04
420.04
420.04
420.04
420.04
420.04
420.04
420.04
420.04
420.04
420.04
420.04
420.04
420.04
420.04
420.04
420.04
420.04
420.04
420.04
420.04
420.04
420.04
420.04
420.04
420.04
420.04
420.04
420.04
420.04
420.04
420.04
420.04
420.04
420.04
420.04
420.04
420.04
420.04
420.04
420.04
420.04
420.04
420.04
420.04
420.04
420.04
420.04
420.04
420.04
420.04
420.04
420.04
420.04
420.04
420.04
420.04
420.04
420.04
420.04
420.04
420.04
420.04
420.04
420.04
420.04
420.04
420.04
420.04
420.04
420.04
420.04
420.04
420.04
420.04
420.04
