436.68
436.68
436.68
436.68
436.68
436.68
436.68
436.68
426.74
426.74
426.74
426.74
426.74
426.74
426.74
426.74
426.74
426.74
426.74
426.74
426.74
426.74
426.74
426.74
426.74
426.74
426.74
426.74
426.74
426.74
426.74
426.74
426.74
426.74
426.74
426.74
426.74
426.74
426.74
426.74
426.74
426.74
426.74
426.74
426.74
426.74
426.74
426.74
426.74
426.74
426.74
426.74
426.74
426.74
426.74
426.74
426.74
426.74
425.52
425.52
421.65
421.65
421.65
421.65
421.65
421.65
421.65
421.65
421.65
421.65
421.65
421.65
421.65
421.65
421.65
421.65
421.65
421.65
421.65
421.65
421.65
421.65
421.65
421.65
421.65
421.65
421.65
421.65
421.65
421.65
421.65
421.65
421.65
421.65
421.65
421.65
421.65
421.65
421.65
421.65
421.65
421.65
421.65
421.65
421.65
421.65
421.65
421.65
421.65
421.65
421.65
421.65
421.65
421.65
421.65
421.65
421.65
421.65
421.65
421.65
421.65
421.65
421.65
421.65
421.65
421.65
421.65
421.65
421.65
421.65
421.65
435.16
429.77
422.84
422.84
422.84
422.84
422.84
422.84
422.84
422.84
422.84
422.84
422.84
422.84
422.84
422.84
422.84
422.84
422.84
422.84
422.84
422.84
422.84
422.84
422.84
422.84
422.84
422.84
422.84
422.84
422.84
422.84
422.84
422.84
422.84
422.84
422.84
422.84
422.84
422.84
422.84
422.84
422.84
422.84
422.84
422.84
422.84
422.84
422.84
422.84
422.84
422.84
422.84
422.84
422.84
422.84
422.84
422.84
422.84
422.84
422.84
422.84
422.84
422.84
422.84
422.84
422.84
422.84
422.84
422.84
422.84
422.84
422.84
422.84
422.84
422.84
422.84
422.84
422.84
422.84
422.84
422.84
422.84
422.84
422.84
422.84
422.84
422.84
422.84
422.84
422.84
422.84
422.84
422.84
422.84
422.84
422.84
422.84
422.84
422.84
422.84
422.84
422.84
422.84
422.84
422.84
422.84
422.84
422.84
422.84
422.84
422.84
422.84
422.84
422.84
422.84
422.84
422.84
422.84
422.84
422.84
422.84
422.84
422.84
422.84
422.84
422.84
422.84
422.84
422.84
422.84
422.84
422.84
422.84
422.84
422.84
422.84
422.84
422.84
422.84
422.84
422.84
422.84
422.84
422.84
422.84
422.84
422.84
422.84
422.84
422.84
422.84
422.84
422.84
422.84
422.84
422.84
422.84
422.84
422.84
422.84
422.84
422.84
422.84
422.84
422.84
422.84
422.84
422.84
422.84
422.84
422.84
422.84
422.84
422.84
422.84
422.84
422.84
422.84
422.84
422.84
422.84
422.84
422.84
422.84
422.84
422.84
422.84
422.84
422.84
422.84
422.84
422.84
422.84
422.84
422.84
422.84
422.84
422.84
422.84
422.84
422.84
422.84
422.84
422.84
422.84
422.84
422.84
422.84
422.84
422.84
422.84
422.84
422.84
422.84
422.84
422.84
422.84
422.84
422.84
422.84
422.84
422.84
422.84
422.84
422.84
422.84
422.84
422.84
422.84
422.84
422.84
422.84
422.84
422.84
422.84
422.84
422.84
422.84
422.84
422.84
422.84
422.84
