0.00 1.00 -237580.61 -237580.61 74.11 731.54
1.00 1.00 -237580.61 -237660.41 74.11 731.54
2.00 2.00 -237450.92 -237450.92 73.09 727.94
3.00 2.00 -237450.92 -237680.46 73.09 727.94
4.00 2.00 -237450.92 -237680.87 73.09 727.94
5.00 2.00 -237450.92 -237604.79 73.09 727.94
6.00 2.00 -237450.92 -237807.71 73.09 727.94
7.00 2.00 -237450.92 -237641.28 73.09 727.94
8.00 2.00 -237450.92 -237899.27 73.09 727.94
9.00 2.00 -237450.92 -237555.65 73.09 727.94
10.00 2.00 -237450.92 -237742.71 73.09 727.94
11.00 2.00 -237450.92 -237688.12 73.09 727.94
12.00 2.00 -237450.92 -237616.00 73.09 727.94
13.00 2.00 -237450.92 -237737.34 73.09 727.94
14.00 2.00 -237450.92 -237718.48 73.09 727.94
15.00 2.00 -237450.92 -237708.76 73.09 727.94
16.00 2.00 -237450.92 -237779.02 73.09 727.94
17.00 2.00 -237450.92 -237551.75 73.09 727.94
18.00 2.00 -237450.92 -237618.41 73.09 727.94
19.00 2.00 -237450.92 -237680.21 73.09 727.94
20.00 2.00 -237450.92 -237760.00 73.09 727.94
21.00 2.00 -237450.92 -237853.69 73.09 727.94
22.00 2.00 -237450.92 -237755.99 73.09 727.94
23.00 2.00 -237450.92 -237828.75 73.09 727.94
24.00 2.00 -237450.92 -237661.60 73.09 727.94
25.00 2.00 -237450.92 -237667.96 73.09 727.94
26.00 2.00 -237450.92 -237761.67 73.09 727.94
27.00 2.00 -237450.92 -237847.46 73.09 727.94
28.00 2.00 -237450.92 -237459.94 73.09 727.94
29.00 2.00 -237450.92 -237770.19 73.09 727.94
30.00 2.00 -237450.92 -237821.48 73.09 727.94
31.00 2.00 -237450.92 -237534.73 73.09 727.94
32.00 2.00 -237450.92 -237698.45 73.09 727.94
33.00 2.00 -237450.92 -237669.16 73.09 727.94
34.00 2.00 -237450.92 -237609.22 73.09 727.94
35.00 2.00 -237450.92 -237555.79 73.09 727.94
36.00 2.00 -237450.92 -237844.87 73.09 727.94
37.00 2.00 -237450.92 -237869.58 73.09 727.94
38.00 2.00 -237450.92 -237722.16 73.09 727.94
39.00 2.00 -237450.92 -237733.74 73.09 727.94
40.00 2.00 -237450.92 -237773.52 73.09 727.94
41.00 2.00 -237450.92 -237724.74 73.09 727.94
42.00 2.00 -237450.92 -237697.23 73.09 727.94
43.00 2.00 -237450.92 -237717.68 73.09 727.94
44.00 2.00 -237450.92 -237801.70 73.09 727.94
45.00 2.00 -237450.92 -237718.85 73.09 727.94
46.00 2.00 -237450.92 -237797.80 73.09 727.94
47.00 2.00 -237450.92 -237586.89 73.09 727.94
48.00 2.00 -237450.92 -237746.54 73.09 727.94
49.00 2.00 -237450.92 -237692.42 73.09 727.94
50.00 2.00 -237450.92 -237740.04 73.09 727.94
51.00 2.00 -237450.92 -237672.84 73.09 727.94
52.00 3.00 -237410.12 -237410.12 73.00 726.77
53.00 3.00 -237410.12 -237642.03 73.00 726.77
54.00 3.00 -237410.12 -237890.13 73.00 726.77
55.00 3.00 -237410.12 -237653.99 73.00 726.77
56.00 3.00 -237410.12 -237817.76 73.00 726.77
57.00 3.00 -237410.12 -237499.24 73.00 726.77
58.00 3.00 -237410.12 -237811.54 73.00 726.77
59.00 3.00 -237410.12 -237542.75 73.00 726.77
60.00 3.00 -237410.12 -237721.41 73.00 726.77
61.00 3.00 -237410.12 -237835.26 73.00 726.77
62.00 3.00 -237410.12 -237520.08 73.00 726.77
63.00 3.00 -237410.12 -237803.38 73.00 726.77
64.00 3.00 -237410.12 -237596.95 73.00 726.77
65.00 3.00 -237410.12 -237543.14 73.00 726.77
66.00 3.00 -237410.12 -237761.28 73.00 726.77
67.00 3.00 -237410.12 -237562.13 73.00 726.77
68.00 3.00 -237410.12 -237547.89 73.00 726.77
69.00 3.00 -237410.12 -237773.95 73.00 726.77
70.00 3.00 -237410.12 -237848.25 73.00 726.77
71.00 3.00 -237410.12 -237738.05 73.00 726.77
72.00 3.00 -237410.12 -237760.61 73.00 726.77
73.00 3.00 -237410.12 -237865.16 73.00 726.77
74.00 3.00 -237410.12 -237770.21 73.00 726.77
75.00 3.00 -237410.12 -237537.57 73.00 726.77
76.00 3.00 -237410.12 -237565.15 73.00 726.77
77.00 3.00 -237410.12 -237857.01 73.00 726.77
78.00 3.00 -237410.12 -237477.56 73.00 726.77
79.00 3.00 -237410.12 -237774.84 73.00 726.77
80.00 3.00 -237410.12 -237854.47 73.00 726.77
81.00 3.00 -237410.12 -237772.91 73.00 726.77
82.00 3.00 -237410.12 -237626.80 73.00 726.77
83.00 3.00 -237410.12 -237686.43 73.00 726.77
84.00 3.00 -237410.12 -237742.80 73.00 726.77
85.00 3.00 -237410.12 -237569.20 73.00 726.77
86.00 3.00 -237410.12 -237732.01 73.00 726.77
87.00 3.00 -237410.12 -237722.49 73.00 726.77
88.00 3.00 -237410.12 -237905.32 73.00 726.77
89.00 3.00 -237410.12 -237602.93 73.00 726.77
90.00 3.00 -237410.12 -237754.47 73.00 726.77
91.00 3.00 -237410.12 -237751.16 73.00 726.77
92.00 3.00 -237410.12 -237719.45 73.00 726.77
93.00 3.00 -237410.12 -237754.85 73.00 726.77
94.00 3.00 -237410.12 -237716.70 73.00 726.77
95.00 3.00 -237410.12 -237773.39 73.00 726.77
96.00 3.00 -237410.12 -237819.29 73.00 726.77
97.00 3.00 -237410.12 -237687.13 73.00 726.77
98.00 3.00 -237410.12 -237774.02 73.00 726.77
99.00 3.00 -237410.12 -237816.82 73.00 726.77
100.00 3.00 -237410.12 -237454.45 73.00 726.77
101.00 3.00 -237410.12 -237794.61 73.00 726.77
102.00 3.00 -237410.12 -237613.34 73.00 726.77
103.00 3.00 -237410.12 -237747.90 73.00 726.77
104.00 3.00 -237410.12 -237656.71 73.00 726.77
105.00 3.00 -237410.12 -237582.22 73.00 726.77
106.00 3.00 -237410.12 -237791.56 73.00 726.77
107.00 3.00 -237410.12 -237838.47 73.00 726.77
108.00 3.00 -237410.12 -237688.39 73.00 726.77
109.00 3.00 -237410.12 -237606.62 73.00 726.77
110.00 3.00 -237410.12 -237723.12 73.00 726.77
111.00 3.00 -237410.12 -237713.81 73.00 726.77
112.00 3.00 -237410.12 -237679.46 73.00 726.77
113.00 3.00 -237410.12 -237684.52 73.00 726.77
114.00 3.00 -237410.12 -237589.21 73.00 726.77
115.00 3.00 -237410.12 -237900.12 73.00 726.77
116.00 3.00 -237410.12 -237648.11 73.00 726.77
117.00 3.00 -237410.12 -237663.83 73.00 726.77
118.00 3.00 -237410.12 -237919.01 73.00 726.77
119.00 3.00 -237410.12 -237826.28 73.00 726.77
120.00 3.00 -237410.12 -237562.46 73.00 726.77
121.00 3.00 -237410.12 -237757.15 73.00 726.77
122.00 3.00 -237410.12 -237689.95 73.00 726.77
123.00 3.00 -237410.12 -237692.23 73.00 726.77
