0.00 1.00 -353147.68 -353147.68 74.19 733.59
1.00 2.00 -353147.02 -353147.02 74.20 733.57
2.00 3.00 -353051.01 -353051.01 73.61 731.79
3.00 3.00 -353051.01 -353323.18 73.61 731.79
4.00 3.00 -353051.01 -353135.56 73.61 731.79
5.00 3.00 -353051.01 -353166.42 73.61 731.79
6.00 3.00 -353051.01 -353195.05 73.61 731.79
7.00 3.00 -353051.01 -353075.30 73.61 731.79
8.00 3.00 -353051.01 -353395.19 73.61 731.79
9.00 3.00 -353051.01 -353270.81 73.61 731.79
10.00 3.00 -353051.01 -353220.64 73.61 731.79
11.00 4.00 -353011.35 -353011.35 73.72 730.98
12.00 5.00 -353006.69 -353006.69 74.79 730.68
13.00 5.00 -353006.69 -353205.44 74.79 730.68
14.00 5.00 -353006.69 -353264.16 74.79 730.68
15.00 5.00 -353006.69 -353111.56 74.79 730.68
16.00 5.00 -353006.69 -353079.93 74.79 730.68
17.00 5.00 -353006.69 -353371.11 74.79 730.68
18.00 5.00 -353006.69 -353172.72 74.79 730.68
19.00 5.00 -353006.69 -353140.87 74.79 730.68
20.00 6.00 -352963.40 -352963.40 73.72 730.04
21.00 6.00 -352963.40 -353063.06 73.72 730.04
22.00 6.00 -352963.40 -353338.31 73.72 730.04
23.00 6.00 -352963.40 -353538.27 73.72 730.04
24.00 6.00 -352963.40 -353358.97 73.72 730.04
25.00 6.00 -352963.40 -353262.84 73.72 730.04
26.00 6.00 -352963.40 -353407.55 73.72 730.04
27.00 6.00 -352963.40 -353364.56 73.72 730.04
28.00 6.00 -352963.40 -353546.48 73.72 730.04
29.00 6.00 -352963.40 -353117.55 73.72 730.04
30.00 6.00 -352963.40 -353508.40 73.72 730.04
31.00 6.00 -352963.40 -353435.52 73.72 730.04
32.00 6.00 -352963.40 -353145.69 73.72 730.04
33.00 6.00 -352963.40 -353379.80 73.72 730.04
34.00 6.00 -352963.40 -353311.46 73.72 730.04
35.00 6.00 -352963.40 -353095.13 73.72 730.04
36.00 6.00 -352963.40 -353502.15 73.72 730.04
37.00 7.00 -352886.22 -352886.22 73.07 728.64
38.00 7.00 -352886.22 -353194.93 73.07 728.64
39.00 7.00 -352886.22 -353064.69 73.07 728.64
40.00 8.00 -352822.51 -352822.51 72.27 727.55
41.00 8.00 -352822.51 -352895.41 72.27 727.55
42.00 8.00 -352822.51 -353390.22 72.27 727.55
43.00 8.00 -352822.51 -353037.47 72.27 727.55
44.00 8.00 -352822.51 -353229.90 72.27 727.55
45.00 8.00 -352822.51 -353144.85 72.27 727.55
46.00 8.00 -352822.51 -353182.74 72.27 727.55
47.00 8.00 -352822.51 -352982.09 72.27 727.55
48.00 8.00 -352822.51 -353323.45 72.27 727.55
49.00 8.00 -352822.51 -353263.96 72.27 727.55
50.00 8.00 -352822.51 -353188.72 72.27 727.55
51.00 8.00 -352822.51 -353120.96 72.27 727.55
52.00 8.00 -352822.51 -353231.58 72.27 727.55
53.00 8.00 -352822.51 -353363.58 72.27 727.55
54.00 8.00 -352822.51 -353268.61 72.27 727.55
55.00 8.00 -352822.51 -353714.33 72.27 727.55
56.00 8.00 -352822.51 -353326.29 72.27 727.55
57.00 8.00 -352822.51 -353267.10 72.27 727.55
58.00 8.00 -352822.51 -353258.26 72.27 727.55
59.00 8.00 -352822.51 -353284.14 72.27 727.55
60.00 8.00 -352822.51 -353603.37 72.27 727.55
61.00 8.00 -352822.51 -353231.21 72.27 727.55
62.00 8.00 -352822.51 -353321.53 72.27 727.55
63.00 8.00 -352822.51 -353322.03 72.27 727.55
64.00 8.00 -352822.51 -353459.29 72.27 727.55
65.00 8.00 -352822.51 -353259.05 72.27 727.55
66.00 8.00 -352822.51 -353220.50 72.27 727.55
67.00 8.00 -352822.51 -353103.18 72.27 727.55
68.00 8.00 -352822.51 -353151.56 72.27 727.55
69.00 8.00 -352822.51 -352944.64 72.27 727.55
70.00 8.00 -352822.51 -353116.90 72.27 727.55
71.00 8.00 -352822.51 -353129.76 72.27 727.55
72.00 8.00 -352822.51 -353651.93 72.27 727.55
73.00 8.00 -352822.51 -353680.50 72.27 727.55
74.00 8.00 -352822.51 -353322.02 72.27 727.55
75.00 8.00 -352822.51 -353465.12 72.27 727.55
76.00 8.00 -352822.51 -353108.78 72.27 727.55
77.00 8.00 -352822.51 -353141.59 72.27 727.55
78.00 8.00 -352822.51 -353205.81 72.27 727.55
79.00 8.00 -352822.51 -353626.16 72.27 727.55
80.00 8.00 -352822.51 -353135.52 72.27 727.55
81.00 8.00 -352822.51 -353094.94 72.27 727.55
82.00 8.00 -352822.51 -353336.67 72.27 727.55
83.00 8.00 -352822.51 -353215.58 72.27 727.55
84.00 8.00 -352822.51 -353724.12 72.27 727.55
85.00 8.00 -352822.51 -353251.64 72.27 727.55
86.00 8.00 -352822.51 -353008.27 72.27 727.55
87.00 8.00 -352822.51 -353084.53 72.27 727.55
88.00 8.00 -352822.51 -353375.64 72.27 727.55
89.00 8.00 -352822.51 -353242.91 72.27 727.55
90.00 8.00 -352822.51 -353149.19 72.27 727.55
91.00 8.00 -352822.51 -353278.54 72.27 727.55
92.00 8.00 -352822.51 -353031.71 72.27 727.55
93.00 8.00 -352822.51 -353175.70 72.27 727.55
94.00 8.00 -352822.51 -353387.88 72.27 727.55
95.00 8.00 -352822.51 -353260.75 72.27 727.55
96.00 8.00 -352822.51 -353193.26 72.27 727.55
97.00 8.00 -352822.51 -353228.06 72.27 727.55
98.00 8.00 -352822.51 -353240.65 72.27 727.55
99.00 8.00 -352822.51 -353227.93 72.27 727.55
100.00 8.00 -352822.51 -353395.23 72.27 727.55
101.00 8.00 -352822.51 -353400.24 72.27 727.55
102.00 8.00 -352822.51 -353341.70 72.27 727.55
103.00 8.00 -352822.51 -353189.53 72.27 727.55
104.00 8.00 -352822.51 -353372.47 72.27 727.55
105.00 8.00 -352822.51 -353315.51 72.27 727.55
106.00 8.00 -352822.51 -353110.28 72.27 727.55
107.00 8.00 -352822.51 -353588.88 72.27 727.55
108.00 8.00 -352822.51 -353125.35 72.27 727.55
109.00 8.00 -352822.51 -353316.47 72.27 727.55
110.00 8.00 -352822.51 -353222.35 72.27 727.55
111.00 8.00 -352822.51 -353398.15 72.27 727.55
112.00 8.00 -352822.51 -353435.04 72.27 727.55
113.00 8.00 -352822.51 -353254.46 72.27 727.55
114.00 8.00 -352822.51 -353368.08 72.27 727.55
115.00 8.00 -352822.51 -353055.46 72.27 727.55
116.00 8.00 -352822.51 -353129.29 72.27 727.55
117.00 8.00 -352822.51 -353426.09 72.27 727.55
118.00 8.00 -352822.51 -353030.01 72.27 727.55
119.00 8.00 -352822.51 -353400.77 72.27 727.55
120.00 8.00 -352822.51 -353266.08 72.27 727.55
121.00 8.00 -352822.51 -353278.58 72.27 727.55
122.00 8.00 -352822.51 -353256.88 72.27 727.55
123.00 8.00 -352822.51 -353401.87 72.27 727.55
