0.00 0.00 -389907.79 -390027.16 0.00 0.00
1.00 1.00 -389794.00 -389794.00 73.64 731.68
2.00 1.00 -389794.00 -390083.14 73.64 731.68
3.00 1.00 -389794.00 -390034.31 73.64 731.68
4.00 1.00 -389794.00 -390053.39 73.64 731.68
5.00 1.00 -389794.00 -389962.88 73.64 731.68
6.00 1.00 -389794.00 -389843.87 73.64 731.68
7.00 1.00 -389794.00 -389992.63 73.64 731.68
8.00 1.00 -389794.00 -390197.32 73.64 731.68
9.00 1.00 -389794.00 -389999.55 73.64 731.68
10.00 1.00 -389794.00 -389836.16 73.64 731.68
11.00 2.00 -389716.11 -389716.11 73.72 730.27
12.00 2.00 -389716.11 -390069.69 73.72 730.27
13.00 2.00 -389716.11 -390239.92 73.72 730.27
14.00 2.00 -389716.11 -390318.19 73.72 730.27
15.00 3.00 -389715.16 -389715.16 73.24 730.35
16.00 3.00 -389715.16 -390084.45 73.24 730.35
17.00 3.00 -389715.16 -390429.43 73.24 730.35
18.00 3.00 -389715.16 -389816.03 73.24 730.35
19.00 3.00 -389715.16 -390113.72 73.24 730.35
20.00 3.00 -389715.16 -389862.09 73.24 730.35
21.00 3.00 -389715.16 -390132.08 73.24 730.35
22.00 3.00 -389715.16 -390213.84 73.24 730.35
23.00 3.00 -389715.16 -389879.02 73.24 730.35
24.00 3.00 -389715.16 -390041.21 73.24 730.35
25.00 3.00 -389715.16 -389964.18 73.24 730.35
26.00 3.00 -389715.16 -390103.52 73.24 730.35
27.00 3.00 -389715.16 -390347.02 73.24 730.35
28.00 3.00 -389715.16 -390156.41 73.24 730.35
29.00 3.00 -389715.16 -390320.94 73.24 730.35
30.00 3.00 -389715.16 -390110.17 73.24 730.35
31.00 3.00 -389715.16 -390246.14 73.24 730.35
32.00 3.00 -389715.16 -390071.46 73.24 730.35
33.00 3.00 -389715.16 -390171.67 73.24 730.35
34.00 3.00 -389715.16 -389905.50 73.24 730.35
35.00 3.00 -389715.16 -389870.53 73.24 730.35
36.00 3.00 -389715.16 -389736.27 73.24 730.35
37.00 3.00 -389715.16 -390345.89 73.24 730.35
38.00 3.00 -389715.16 -389826.82 73.24 730.35
39.00 3.00 -389715.16 -390140.89 73.24 730.35
40.00 3.00 -389715.16 -390108.22 73.24 730.35
41.00 3.00 -389715.16 -390036.67 73.24 730.35
42.00 3.00 -389715.16 -390009.41 73.24 730.35
43.00 3.00 -389715.16 -390376.71 73.24 730.35
44.00 3.00 -389715.16 -390158.80 73.24 730.35
45.00 4.00 -389693.33 -389693.33 73.01 730.00
46.00 4.00 -389693.33 -390324.07 73.01 730.00
47.00 5.00 -389684.94 -389684.94 73.54 729.75
48.00 5.00 -389684.94 -389926.99 73.54 729.75
49.00 5.00 -389684.94 -390359.20 73.54 729.75
50.00 5.00 -389684.94 -389990.96 73.54 729.75
51.00 5.00 -389684.94 -390064.14 73.54 729.75
52.00 5.00 -389684.94 -390011.40 73.54 729.75
53.00 5.00 -389684.94 -390356.95 73.54 729.75
54.00 5.00 -389684.94 -390164.76 73.54 729.75
55.00 5.00 -389684.94 -390002.37 73.54 729.75
56.00 5.00 -389684.94 -390038.35 73.54 729.75
57.00 5.00 -389684.94 -390072.51 73.54 729.75
58.00 5.00 -389684.94 -389827.77 73.54 729.75
59.00 5.00 -389684.94 -389786.68 73.54 729.75
60.00 5.00 -389684.94 -390206.11 73.54 729.75
61.00 5.00 -389684.94 -390132.75 73.54 729.75
62.00 5.00 -389684.94 -389955.91 73.54 729.75
63.00 5.00 -389684.94 -389943.18 73.54 729.75
64.00 5.00 -389684.94 -389985.88 73.54 729.75
65.00 5.00 -389684.94 -390126.99 73.54 729.75
66.00 5.00 -389684.94 -389878.37 73.54 729.75
67.00 5.00 -389684.94 -390051.61 73.54 729.75
68.00 5.00 -389684.94 -390097.03 73.54 729.75
69.00 6.00 -389662.19 -389662.19 73.20 729.41
70.00 6.00 -389662.19 -389895.52 73.20 729.41
71.00 6.00 -389662.19 -389756.18 73.20 729.41
72.00 6.00 -389662.19 -390084.05 73.20 729.41
73.00 6.00 -389662.19 -389936.80 73.20 729.41
74.00 6.00 -389662.19 -390369.67 73.20 729.41
75.00 6.00 -389662.19 -389772.67 73.20 729.41
76.00 6.00 -389662.19 -389848.66 73.20 729.41
77.00 6.00 -389662.19 -390264.72 73.20 729.41
78.00 6.00 -389662.19 -390059.93 73.20 729.41
79.00 6.00 -389662.19 -390174.40 73.20 729.41
80.00 6.00 -389662.19 -389758.82 73.20 729.41
81.00 6.00 -389662.19 -390388.07 73.20 729.41
82.00 6.00 -389662.19 -389954.03 73.20 729.41
83.00 6.00 -389662.19 -389917.32 73.20 729.41
84.00 6.00 -389662.19 -389953.29 73.20 729.41
85.00 6.00 -389662.19 -389943.84 73.20 729.41
86.00 6.00 -389662.19 -390095.82 73.20 729.41
87.00 6.00 -389662.19 -389993.34 73.20 729.41
88.00 6.00 -389662.19 -390227.27 73.20 729.41
89.00 6.00 -389662.19 -390074.55 73.20 729.41
90.00 6.00 -389662.19 -389890.50 73.20 729.41
91.00 6.00 -389662.19 -389811.38 73.20 729.41
92.00 6.00 -389662.19 -389980.25 73.20 729.41
93.00 6.00 -389662.19 -389850.69 73.20 729.41
94.00 6.00 -389662.19 -390167.86 73.20 729.41
95.00 6.00 -389662.19 -390055.96 73.20 729.41
96.00 6.00 -389662.19 -390006.95 73.20 729.41
97.00 6.00 -389662.19 -390159.98 73.20 729.41
98.00 6.00 -389662.19 -390140.65 73.20 729.41
99.00 6.00 -389662.19 -390090.08 73.20 729.41
100.00 6.00 -389662.19 -389970.13 73.20 729.41
101.00 6.00 -389662.19 -389932.55 73.20 729.41
102.00 6.00 -389662.19 -390232.06 73.20 729.41
103.00 6.00 -389662.19 -390236.87 73.20 729.41
104.00 6.00 -389662.19 -390275.77 73.20 729.41
105.00 6.00 -389662.19 -390135.36 73.20 729.41
106.00 6.00 -389662.19 -390240.24 73.20 729.41
107.00 6.00 -389662.19 -389965.05 73.20 729.41
108.00 6.00 -389662.19 -390182.06 73.20 729.41
109.00 6.00 -389662.19 -390065.38 73.20 729.41
110.00 6.00 -389662.19 -390117.28 73.20 729.41
111.00 6.00 -389662.19 -390109.69 73.20 729.41
112.00 6.00 -389662.19 -389705.43 73.20 729.41
113.00 6.00 -389662.19 -389791.70 73.20 729.41
114.00 6.00 -389662.19 -390030.48 73.20 729.41
115.00 6.00 -389662.19 -390299.72 73.20 729.41
116.00 6.00 -389662.19 -389997.31 73.20 729.41
117.00 6.00 -389662.19 -390292.50 73.20 729.41
118.00 6.00 -389662.19 -389942.72 73.20 729.41
119.00 7.00 -389511.42 -389511.42 72.00 726.96
120.00 7.00 -389511.42 -390119.38 72.00 726.96
121.00 7.00 -389511.42 -390106.65 72.00 726.96
122.00 7.00 -389511.42 -390109.02 72.00 726.96
123.00 7.00 -389511.42 -390109.44 72.00 726.96
