0.00 1.00 -319990.20 -319990.20 75.43 736.33
1.00 1.00 -319990.20 -319992.56 75.43 736.33
2.00 1.00 -319990.20 -320096.39 75.43 736.33
3.00 1.00 -319990.20 -320098.94 75.43 736.33
4.00 2.00 -319858.27 -319858.27 74.85 733.55
5.00 3.00 -319842.79 -319842.79 74.11 733.35
6.00 4.00 -319802.42 -319802.42 74.37 732.42
7.00 4.00 -319802.42 -319955.22 74.37 732.42
8.00 5.00 -319713.25 -319713.25 74.20 730.51
9.00 5.00 -319713.25 -320023.40 74.20 730.51
10.00 5.00 -319713.25 -319888.42 74.20 730.51
11.00 5.00 -319713.25 -319876.69 74.20 730.51
12.00 5.00 -319713.25 -319951.06 74.20 730.51
13.00 5.00 -319713.25 -319905.64 74.20 730.51
14.00 5.00 -319713.25 -320058.05 74.20 730.51
15.00 5.00 -319713.25 -319793.30 74.20 730.51
16.00 5.00 -319713.25 -319944.56 74.20 730.51
17.00 5.00 -319713.25 -319975.12 74.20 730.51
18.00 5.00 -319713.25 -319839.52 74.20 730.51
19.00 5.00 -319713.25 -319891.57 74.20 730.51
20.00 5.00 -319713.25 -319961.84 74.20 730.51
21.00 5.00 -319713.25 -320028.60 74.20 730.51
22.00 5.00 -319713.25 -319975.76 74.20 730.51
23.00 5.00 -319713.25 -319918.74 74.20 730.51
24.00 5.00 -319713.25 -320153.67 74.20 730.51
25.00 5.00 -319713.25 -319999.02 74.20 730.51
26.00 5.00 -319713.25 -319794.68 74.20 730.51
27.00 5.00 -319713.25 -319948.39 74.20 730.51
28.00 6.00 -319651.83 -319651.83 73.89 729.23
29.00 6.00 -319651.83 -319821.86 73.89 729.23
30.00 6.00 -319651.83 -319796.63 73.89 729.23
31.00 6.00 -319651.83 -319773.98 73.89 729.23
32.00 6.00 -319651.83 -320118.95 73.89 729.23
33.00 6.00 -319651.83 -319886.70 73.89 729.23
34.00 6.00 -319651.83 -319720.66 73.89 729.23
35.00 6.00 -319651.83 -319874.82 73.89 729.23
36.00 6.00 -319651.83 -319900.35 73.89 729.23
37.00 6.00 -319651.83 -319937.06 73.89 729.23
38.00 6.00 -319651.83 -319987.64 73.89 729.23
39.00 6.00 -319651.83 -319800.34 73.89 729.23
40.00 6.00 -319651.83 -319657.41 73.89 729.23
41.00 6.00 -319651.83 -319887.21 73.89 729.23
42.00 6.00 -319651.83 -319824.67 73.89 729.23
43.00 6.00 -319651.83 -319997.26 73.89 729.23
44.00 6.00 -319651.83 -319746.46 73.89 729.23
45.00 6.00 -319651.83 -319909.68 73.89 729.23
46.00 6.00 -319651.83 -320086.70 73.89 729.23
47.00 6.00 -319651.83 -320008.28 73.89 729.23
48.00 6.00 -319651.83 -320043.01 73.89 729.23
49.00 6.00 -319651.83 -319908.96 73.89 729.23
50.00 6.00 -319651.83 -320137.20 73.89 729.23
51.00 6.00 -319651.83 -320127.28 73.89 729.23
52.00 6.00 -319651.83 -320276.28 73.89 729.23
53.00 6.00 -319651.83 -319955.29 73.89 729.23
54.00 6.00 -319651.83 -319928.52 73.89 729.23
55.00 6.00 -319651.83 -319956.48 73.89 729.23
56.00 6.00 -319651.83 -320049.27 73.89 729.23
57.00 6.00 -319651.83 -319837.27 73.89 729.23
58.00 6.00 -319651.83 -319920.25 73.89 729.23
59.00 6.00 -319651.83 -319948.52 73.89 729.23
60.00 6.00 -319651.83 -319827.35 73.89 729.23
61.00 6.00 -319651.83 -319838.95 73.89 729.23
62.00 6.00 -319651.83 -319660.31 73.89 729.23
63.00 6.00 -319651.83 -319941.66 73.89 729.23
64.00 6.00 -319651.83 -319666.30 73.89 729.23
65.00 6.00 -319651.83 -319835.63 73.89 729.23
66.00 6.00 -319651.83 -319952.02 73.89 729.23
67.00 6.00 -319651.83 -319901.32 73.89 729.23
68.00 6.00 -319651.83 -319656.15 73.89 729.23
69.00 6.00 -319651.83 -320121.94 73.89 729.23
70.00 6.00 -319651.83 -320117.43 73.89 729.23
71.00 7.00 -319624.80 -319624.80 73.52 728.72
72.00 7.00 -319624.80 -320069.63 73.52 728.72
73.00 7.00 -319624.80 -319796.98 73.52 728.72
74.00 7.00 -319624.80 -320060.79 73.52 728.72
75.00 7.00 -319624.80 -319685.98 73.52 728.72
76.00 7.00 -319624.80 -319849.61 73.52 728.72
77.00 7.00 -319624.80 -320137.09 73.52 728.72
78.00 7.00 -319624.80 -319910.43 73.52 728.72
79.00 7.00 -319624.80 -320019.90 73.52 728.72
80.00 7.00 -319624.80 -319920.48 73.52 728.72
81.00 7.00 -319624.80 -319880.35 73.52 728.72
82.00 7.00 -319624.80 -319971.48 73.52 728.72
83.00 7.00 -319624.80 -319852.30 73.52 728.72
84.00 7.00 -319624.80 -319867.48 73.52 728.72
85.00 7.00 -319624.80 -319890.03 73.52 728.72
86.00 7.00 -319624.80 -320117.25 73.52 728.72
87.00 7.00 -319624.80 -320201.27 73.52 728.72
88.00 7.00 -319624.80 -319903.93 73.52 728.72
89.00 7.00 -319624.80 -319704.05 73.52 728.72
90.00 7.00 -319624.80 -319696.46 73.52 728.72
91.00 7.00 -319624.80 -319959.12 73.52 728.72
92.00 7.00 -319624.80 -319879.88 73.52 728.72
93.00 7.00 -319624.80 -319803.62 73.52 728.72
94.00 7.00 -319624.80 -319900.91 73.52 728.72
95.00 7.00 -319624.80 -319868.46 73.52 728.72
96.00 7.00 -319624.80 -319758.30 73.52 728.72
97.00 7.00 -319624.80 -320054.65 73.52 728.72
98.00 7.00 -319624.80 -319927.52 73.52 728.72
99.00 7.00 -319624.80 -319785.19 73.52 728.72
100.00 7.00 -319624.80 -319904.71 73.52 728.72
101.00 7.00 -319624.80 -319884.59 73.52 728.72
102.00 7.00 -319624.80 -319947.92 73.52 728.72
103.00 7.00 -319624.80 -319755.91 73.52 728.72
104.00 7.00 -319624.80 -319735.78 73.52 728.72
105.00 7.00 -319624.80 -319803.15 73.52 728.72
106.00 7.00 -319624.80 -319794.80 73.52 728.72
107.00 7.00 -319624.80 -320125.66 73.52 728.72
108.00 7.00 -319624.80 -319962.55 73.52 728.72
109.00 7.00 -319624.80 -319833.77 73.52 728.72
110.00 7.00 -319624.80 -319736.36 73.52 728.72
111.00 7.00 -319624.80 -320063.50 73.52 728.72
112.00 7.00 -319624.80 -319698.09 73.52 728.72
113.00 7.00 -319624.80 -320151.87 73.52 728.72
114.00 8.00 -319570.87 -319570.87 72.86 727.68
115.00 8.00 -319570.87 -319946.10 72.86 727.68
116.00 8.00 -319570.87 -320167.88 72.86 727.68
117.00 8.00 -319570.87 -319983.15 72.86 727.68
118.00 8.00 -319570.87 -320014.30 72.86 727.68
119.00 8.00 -319570.87 -319884.42 72.86 727.68
120.00 8.00 -319570.87 -319982.71 72.86 727.68
121.00 8.00 -319570.87 -319584.00 72.86 727.68
122.00 8.00 -319570.87 -320184.35 72.86 727.68
123.00 8.00 -319570.87 -320095.22 72.86 727.68
