0.00 1.00 -289798.53 -289798.53 74.76 735.87
1.00 2.00 -289703.41 -289703.41 74.75 733.57
2.00 2.00 -289703.41 -289827.16 74.75 733.57
3.00 2.00 -289703.41 -289732.58 74.75 733.57
4.00 2.00 -289703.41 -289939.05 74.75 733.57
5.00 3.00 -289636.58 -289636.58 74.13 732.08
6.00 3.00 -289636.58 -289762.24 74.13 732.08
7.00 3.00 -289636.58 -289768.01 74.13 732.08
8.00 3.00 -289636.58 -289709.72 74.13 732.08
9.00 3.00 -289636.58 -289857.96 74.13 732.08
10.00 3.00 -289636.58 -290054.65 74.13 732.08
11.00 3.00 -289636.58 -289988.54 74.13 732.08
12.00 3.00 -289636.58 -289962.57 74.13 732.08
13.00 3.00 -289636.58 -289887.11 74.13 732.08
14.00 4.00 -289611.34 -289611.34 73.24 731.65
15.00 5.00 -289612.24 -289612.24 73.17 731.69
16.00 5.00 -289612.24 -289794.69 73.17 731.69
17.00 5.00 -289612.24 -289728.73 73.17 731.69
18.00 5.00 -289612.24 -289698.46 73.17 731.69
19.00 5.00 -289612.24 -289968.94 73.17 731.69
20.00 6.00 -289538.75 -289538.75 72.84 729.98
21.00 6.00 -289538.75 -289701.34 72.84 729.98
22.00 6.00 -289538.75 -289627.05 72.84 729.98
23.00 6.00 -289538.75 -289644.87 72.84 729.98
24.00 6.00 -289538.75 -289644.89 72.84 729.98
25.00 6.00 -289538.75 -290012.92 72.84 729.98
26.00 6.00 -289538.75 -289922.15 72.84 729.98
27.00 6.00 -289538.75 -290030.59 72.84 729.98
28.00 6.00 -289538.75 -289880.83 72.84 729.98
29.00 6.00 -289538.75 -289864.46 72.84 729.98
30.00 6.00 -289538.75 -290103.39 72.84 729.98
31.00 6.00 -289538.75 -289712.81 72.84 729.98
32.00 7.00 -289511.88 -289511.88 73.45 729.21
33.00 7.00 -289511.88 -289779.75 73.45 729.21
34.00 7.00 -289511.88 -289983.97 73.45 729.21
35.00 7.00 -289511.88 -289679.51 73.45 729.21
36.00 7.00 -289511.88 -290015.25 73.45 729.21
37.00 7.00 -289511.88 -289823.54 73.45 729.21
38.00 7.00 -289511.88 -289697.96 73.45 729.21
39.00 7.00 -289511.88 -289800.55 73.45 729.21
40.00 7.00 -289511.88 -289716.49 73.45 729.21
41.00 7.00 -289511.88 -289815.54 73.45 729.21
42.00 7.00 -289511.88 -289718.13 73.45 729.21
43.00 7.00 -289511.88 -289776.53 73.45 729.21
44.00 7.00 -289511.88 -289829.39 73.45 729.21
45.00 7.00 -289511.88 -289821.03 73.45 729.21
46.00 7.00 -289511.88 -289729.44 73.45 729.21
47.00 7.00 -289511.88 -289605.31 73.45 729.21
48.00 7.00 -289511.88 -289750.84 73.45 729.21
49.00 7.00 -289511.88 -289702.62 73.45 729.21
50.00 7.00 -289511.88 -290064.59 73.45 729.21
51.00 7.00 -289511.88 -289647.26 73.45 729.21
52.00 7.00 -289511.88 -289844.17 73.45 729.21
53.00 7.00 -289511.88 -289767.02 73.45 729.21
54.00 7.00 -289511.88 -289935.65 73.45 729.21
55.00 7.00 -289511.88 -289670.63 73.45 729.21
56.00 7.00 -289511.88 -289602.27 73.45 729.21
57.00 7.00 -289511.88 -289704.35 73.45 729.21
58.00 7.00 -289511.88 -289947.49 73.45 729.21
59.00 7.00 -289511.88 -289759.93 73.45 729.21
60.00 7.00 -289511.88 -289750.79 73.45 729.21
61.00 7.00 -289511.88 -289637.21 73.45 729.21
62.00 7.00 -289511.88 -289741.01 73.45 729.21
63.00 7.00 -289511.88 -289927.14 73.45 729.21
64.00 7.00 -289511.88 -289705.84 73.45 729.21
65.00 7.00 -289511.88 -289850.99 73.45 729.21
66.00 7.00 -289511.88 -289793.86 73.45 729.21
67.00 7.00 -289511.88 -289755.56 73.45 729.21
68.00 7.00 -289511.88 -289802.01 73.45 729.21
69.00 7.00 -289511.88 -289782.37 73.45 729.21
70.00 7.00 -289511.88 -289920.27 73.45 729.21
71.00 7.00 -289511.88 -289897.57 73.45 729.21
72.00 8.00 -289509.44 -289509.44 73.46 729.15
73.00 8.00 -289509.44 -289856.22 73.46 729.15
74.00 8.00 -289509.44 -289595.78 73.46 729.15
75.00 8.00 -289509.44 -289704.39 73.46 729.15
76.00 8.00 -289509.44 -289688.72 73.46 729.15
77.00 8.00 -289509.44 -289646.06 73.46 729.15
78.00 8.00 -289509.44 -289931.07 73.46 729.15
79.00 8.00 -289509.44 -289561.94 73.46 729.15
80.00 8.00 -289509.44 -289611.58 73.46 729.15
81.00 8.00 -289509.44 -289784.63 73.46 729.15
82.00 8.00 -289509.44 -289817.73 73.46 729.15
83.00 8.00 -289509.44 -289861.18 73.46 729.15
84.00 8.00 -289509.44 -289750.83 73.46 729.15
85.00 8.00 -289509.44 -289882.64 73.46 729.15
86.00 8.00 -289509.44 -289643.42 73.46 729.15
87.00 8.00 -289509.44 -289797.80 73.46 729.15
88.00 8.00 -289509.44 -289803.40 73.46 729.15
89.00 8.00 -289509.44 -289656.45 73.46 729.15
90.00 8.00 -289509.44 -289805.04 73.46 729.15
91.00 8.00 -289509.44 -289731.44 73.46 729.15
92.00 8.00 -289509.44 -289880.94 73.46 729.15
93.00 8.00 -289509.44 -289849.79 73.46 729.15
94.00 8.00 -289509.44 -289583.75 73.46 729.15
95.00 8.00 -289509.44 -289723.36 73.46 729.15
96.00 8.00 -289509.44 -289892.75 73.46 729.15
97.00 8.00 -289509.44 -289911.97 73.46 729.15
98.00 8.00 -289509.44 -289772.04 73.46 729.15
99.00 8.00 -289509.44 -289644.98 73.46 729.15
100.00 8.00 -289509.44 -289782.12 73.46 729.15
101.00 8.00 -289509.44 -289856.51 73.46 729.15
102.00 8.00 -289509.44 -289647.73 73.46 729.15
103.00 8.00 -289509.44 -289879.66 73.46 729.15
104.00 8.00 -289509.44 -289851.77 73.46 729.15
105.00 8.00 -289509.44 -289630.82 73.46 729.15
106.00 8.00 -289509.44 -289742.90 73.46 729.15
107.00 8.00 -289509.44 -289679.37 73.46 729.15
108.00 8.00 -289509.44 -289828.86 73.46 729.15
109.00 8.00 -289509.44 -289788.21 73.46 729.15
110.00 8.00 -289509.44 -289581.14 73.46 729.15
111.00 8.00 -289509.44 -289703.43 73.46 729.15
112.00 8.00 -289509.44 -289695.51 73.46 729.15
113.00 8.00 -289509.44 -289896.09 73.46 729.15
114.00 8.00 -289509.44 -289753.16 73.46 729.15
115.00 8.00 -289509.44 -289924.89 73.46 729.15
116.00 8.00 -289509.44 -289858.20 73.46 729.15
117.00 8.00 -289509.44 -289711.87 73.46 729.15
118.00 8.00 -289509.44 -289883.04 73.46 729.15
119.00 8.00 -289509.44 -289521.97 73.46 729.15
120.00 8.00 -289509.44 -289526.09 73.46 729.15
121.00 8.00 -289509.44 -289594.42 73.46 729.15
122.00 8.00 -289509.44 -289700.60 73.46 729.15
123.00 8.00 -289509.44 -289832.90 73.46 729.15
