0.00 1.00 -215138.66 -215138.66 73.76 730.19
1.00 1.00 -215138.66 -215369.92 73.76 730.19
2.00 1.00 -215138.66 -215261.17 73.76 730.19
3.00 1.00 -215138.66 -215311.66 73.76 730.19
4.00 1.00 -215138.66 -215342.57 73.76 730.19
5.00 1.00 -215138.66 -215245.46 73.76 730.19
6.00 1.00 -215138.66 -215315.40 73.76 730.19
7.00 1.00 -215138.66 -215202.99 73.76 730.19
8.00 1.00 -215138.66 -215323.91 73.76 730.19
9.00 1.00 -215138.66 -215513.86 73.76 730.19
10.00 1.00 -215138.66 -215251.42 73.76 730.19
11.00 1.00 -215138.66 -215333.75 73.76 730.19
12.00 1.00 -215138.66 -215323.90 73.76 730.19
13.00 1.00 -215138.66 -215316.62 73.76 730.19
14.00 1.00 -215138.66 -215260.57 73.76 730.19
15.00 1.00 -215138.66 -215171.40 73.76 730.19
16.00 1.00 -215138.66 -215210.25 73.76 730.19
17.00 1.00 -215138.66 -215378.59 73.76 730.19
18.00 1.00 -215138.66 -215452.58 73.76 730.19
19.00 1.00 -215138.66 -215273.96 73.76 730.19
20.00 1.00 -215138.66 -215471.31 73.76 730.19
21.00 1.00 -215138.66 -215241.36 73.76 730.19
22.00 1.00 -215138.66 -215417.83 73.76 730.19
23.00 1.00 -215138.66 -215234.91 73.76 730.19
24.00 1.00 -215138.66 -215171.47 73.76 730.19
25.00 1.00 -215138.66 -215346.61 73.76 730.19
26.00 1.00 -215138.66 -215411.15 73.76 730.19
27.00 1.00 -215138.66 -215225.03 73.76 730.19
28.00 1.00 -215138.66 -215287.89 73.76 730.19
29.00 1.00 -215138.66 -215244.13 73.76 730.19
30.00 1.00 -215138.66 -215168.62 73.76 730.19
31.00 1.00 -215138.66 -215232.40 73.76 730.19
32.00 1.00 -215138.66 -215279.35 73.76 730.19
33.00 1.00 -215138.66 -215318.60 73.76 730.19
34.00 1.00 -215138.66 -215349.70 73.76 730.19
35.00 2.00 -215115.91 -215115.91 74.13 729.38
36.00 2.00 -215115.91 -215279.73 74.13 729.38
37.00 2.00 -215115.91 -215278.18 74.13 729.38
38.00 2.00 -215115.91 -215357.97 74.13 729.38
39.00 2.00 -215115.91 -215382.76 74.13 729.38
40.00 2.00 -215115.91 -215405.99 74.13 729.38
41.00 2.00 -215115.91 -215198.31 74.13 729.38
42.00 3.00 -215099.13 -215099.13 73.23 729.02
43.00 3.00 -215099.13 -215301.67 73.23 729.02
44.00 3.00 -215099.13 -215231.66 73.23 729.02
45.00 3.00 -215099.13 -215154.11 73.23 729.02
46.00 3.00 -215099.13 -215388.25 73.23 729.02
47.00 3.00 -215099.13 -215360.32 73.23 729.02
48.00 3.00 -215099.13 -215357.38 73.23 729.02
49.00 3.00 -215099.13 -215307.57 73.23 729.02
50.00 3.00 -215099.13 -215281.58 73.23 729.02
51.00 3.00 -215099.13 -215311.17 73.23 729.02
52.00 3.00 -215099.13 -215410.22 73.23 729.02
53.00 3.00 -215099.13 -215181.32 73.23 729.02
54.00 3.00 -215099.13 -215341.48 73.23 729.02
55.00 3.00 -215099.13 -215444.33 73.23 729.02
56.00 3.00 -215099.13 -215270.26 73.23 729.02
57.00 3.00 -215099.13 -215507.44 73.23 729.02
58.00 3.00 -215099.13 -215123.11 73.23 729.02
59.00 3.00 -215099.13 -215175.53 73.23 729.02
60.00 3.00 -215099.13 -215355.58 73.23 729.02
61.00 3.00 -215099.13 -215275.99 73.23 729.02
62.00 3.00 -215099.13 -215204.08 73.23 729.02
63.00 3.00 -215099.13 -215289.34 73.23 729.02
64.00 3.00 -215099.13 -215219.89 73.23 729.02
65.00 3.00 -215099.13 -215369.57 73.23 729.02
66.00 3.00 -215099.13 -215223.05 73.23 729.02
67.00 3.00 -215099.13 -215291.48 73.23 729.02
68.00 4.00 -215062.25 -215062.25 72.59 727.96
69.00 4.00 -215062.25 -215514.42 72.59 727.96
70.00 4.00 -215062.25 -215323.02 72.59 727.96
71.00 4.00 -215062.25 -215330.16 72.59 727.96
72.00 4.00 -215062.25 -215195.81 72.59 727.96
73.00 4.00 -215062.25 -215192.09 72.59 727.96
74.00 4.00 -215062.25 -215374.94 72.59 727.96
75.00 4.00 -215062.25 -215374.19 72.59 727.96
76.00 4.00 -215062.25 -215302.66 72.59 727.96
77.00 4.00 -215062.25 -215219.44 72.59 727.96
78.00 4.00 -215062.25 -215294.62 72.59 727.96
79.00 4.00 -215062.25 -215339.57 72.59 727.96
80.00 4.00 -215062.25 -215376.74 72.59 727.96
81.00 4.00 -215062.25 -215370.66 72.59 727.96
82.00 4.00 -215062.25 -215298.61 72.59 727.96
83.00 4.00 -215062.25 -215432.20 72.59 727.96
84.00 4.00 -215062.25 -215093.07 72.59 727.96
85.00 4.00 -215062.25 -215208.36 72.59 727.96
86.00 4.00 -215062.25 -215254.08 72.59 727.96
87.00 4.00 -215062.25 -215384.80 72.59 727.96
88.00 4.00 -215062.25 -215197.28 72.59 727.96
89.00 4.00 -215062.25 -215252.62 72.59 727.96
90.00 4.00 -215062.25 -215303.40 72.59 727.96
91.00 4.00 -215062.25 -215302.41 72.59 727.96
92.00 4.00 -215062.25 -215370.91 72.59 727.96
93.00 4.00 -215062.25 -215148.94 72.59 727.96
94.00 4.00 -215062.25 -215273.38 72.59 727.96
95.00 4.00 -215062.25 -215278.29 72.59 727.96
96.00 4.00 -215062.25 -215522.28 72.59 727.96
97.00 5.00 -215058.79 -215058.79 73.38 727.69
98.00 5.00 -215058.79 -215361.08 73.38 727.69
99.00 5.00 -215058.79 -215290.76 73.38 727.69
100.00 5.00 -215058.79 -215314.28 73.38 727.69
101.00 5.00 -215058.79 -215323.50 73.38 727.69
102.00 5.00 -215058.79 -215220.71 73.38 727.69
103.00 5.00 -215058.79 -215344.81 73.38 727.69
104.00 5.00 -215058.79 -215214.26 73.38 727.69
105.00 5.00 -215058.79 -215271.44 73.38 727.69
106.00 5.00 -215058.79 -215241.72 73.38 727.69
107.00 5.00 -215058.79 -215317.76 73.38 727.69
108.00 5.00 -215058.79 -215271.25 73.38 727.69
109.00 5.00 -215058.79 -215261.30 73.38 727.69
110.00 5.00 -215058.79 -215257.71 73.38 727.69
111.00 5.00 -215058.79 -215455.65 73.38 727.69
112.00 5.00 -215058.79 -215467.06 73.38 727.69
113.00 5.00 -215058.79 -215271.27 73.38 727.69
114.00 5.00 -215058.79 -215486.28 73.38 727.69
115.00 5.00 -215058.79 -215106.10 73.38 727.69
116.00 5.00 -215058.79 -215332.99 73.38 727.69
117.00 5.00 -215058.79 -215438.92 73.38 727.69
118.00 5.00 -215058.79 -215232.59 73.38 727.69
119.00 5.00 -215058.79 -215428.69 73.38 727.69
120.00 5.00 -215058.79 -215216.86 73.38 727.69
121.00 5.00 -215058.79 -215389.00 73.38 727.69
122.00 5.00 -215058.79 -215393.11 73.38 727.69
123.00 5.00 -215058.79 -215240.48 73.38 727.69
