0.00 0.00 -430337.98 -430518.19 0.00 0.00
1.00 0.00 -430337.98 -430585.09 0.00 0.00
2.00 0.00 -430337.98 -430658.43 0.00 0.00
3.00 0.00 -430337.98 -430715.30 0.00 0.00
4.00 0.00 -430337.98 -430993.78 0.00 0.00
5.00 0.00 -430337.98 -430384.59 0.00 0.00
6.00 0.00 -430337.98 -430575.91 0.00 0.00
7.00 0.00 -430337.98 -430547.00 0.00 0.00
8.00 0.00 -430337.98 -430423.35 0.00 0.00
9.00 0.00 -430337.98 -430966.97 0.00 0.00
10.00 0.00 -430337.98 -430732.48 0.00 0.00
11.00 0.00 -430337.98 -430364.67 0.00 0.00
12.00 0.00 -430337.98 -430705.53 0.00 0.00
13.00 0.00 -430337.98 -430601.43 0.00 0.00
14.00 1.00 -430268.04 -430268.04 73.16 730.16
15.00 2.00 -430174.06 -430174.06 73.89 728.50
16.00 2.00 -430174.06 -430781.59 73.89 728.50
17.00 2.00 -430174.06 -430684.63 73.89 728.50
18.00 2.00 -430174.06 -430494.30 73.89 728.50
19.00 2.00 -430174.06 -430562.82 73.89 728.50
20.00 2.00 -430174.06 -430833.78 73.89 728.50
21.00 2.00 -430174.06 -430739.88 73.89 728.50
22.00 2.00 -430174.06 -430548.22 73.89 728.50
23.00 3.00 -430065.14 -430065.14 72.24 727.07
24.00 3.00 -430065.14 -430603.65 72.24 727.07
25.00 3.00 -430065.14 -430546.46 72.24 727.07
26.00 3.00 -430065.14 -430818.96 72.24 727.07
27.00 3.00 -430065.14 -430593.94 72.24 727.07
28.00 3.00 -430065.14 -430622.18 72.24 727.07
29.00 3.00 -430065.14 -430555.30 72.24 727.07
30.00 3.00 -430065.14 -430813.25 72.24 727.07
31.00 3.00 -430065.14 -430587.36 72.24 727.07
32.00 3.00 -430065.14 -430529.03 72.24 727.07
33.00 3.00 -430065.14 -430528.81 72.24 727.07
34.00 3.00 -430065.14 -430660.81 72.24 727.07
35.00 3.00 -430065.14 -430672.68 72.24 727.07
36.00 3.00 -430065.14 -430560.79 72.24 727.07
37.00 3.00 -430065.14 -431103.27 72.24 727.07
38.00 3.00 -430065.14 -430791.76 72.24 727.07
39.00 3.00 -430065.14 -430618.66 72.24 727.07
40.00 3.00 -430065.14 -430420.29 72.24 727.07
41.00 3.00 -430065.14 -430546.64 72.24 727.07
42.00 3.00 -430065.14 -430401.28 72.24 727.07
43.00 3.00 -430065.14 -430478.58 72.24 727.07
44.00 3.00 -430065.14 -430415.60 72.24 727.07
45.00 3.00 -430065.14 -430421.80 72.24 727.07
46.00 3.00 -430065.14 -430738.58 72.24 727.07
47.00 3.00 -430065.14 -430450.70 72.24 727.07
48.00 3.00 -430065.14 -430634.08 72.24 727.07
49.00 3.00 -430065.14 -430646.48 72.24 727.07
50.00 3.00 -430065.14 -430617.45 72.24 727.07
51.00 3.00 -430065.14 -430674.32 72.24 727.07
52.00 3.00 -430065.14 -430746.32 72.24 727.07
53.00 3.00 -430065.14 -430871.15 72.24 727.07
54.00 3.00 -430065.14 -430354.46 72.24 727.07
55.00 3.00 -430065.14 -430699.95 72.24 727.07
56.00 3.00 -430065.14 -430360.36 72.24 727.07
57.00 3.00 -430065.14 -430960.43 72.24 727.07
58.00 3.00 -430065.14 -430317.28 72.24 727.07
59.00 3.00 -430065.14 -430687.70 72.24 727.07
60.00 3.00 -430065.14 -430856.88 72.24 727.07
61.00 3.00 -430065.14 -430754.29 72.24 727.07
62.00 3.00 -430065.14 -430493.19 72.24 727.07
63.00 3.00 -430065.14 -430699.36 72.24 727.07
64.00 3.00 -430065.14 -430727.71 72.24 727.07
65.00 3.00 -430065.14 -430547.45 72.24 727.07
66.00 3.00 -430065.14 -430208.46 72.24 727.07
67.00 3.00 -430065.14 -430822.68 72.24 727.07
68.00 3.00 -430065.14 -430570.75 72.24 727.07
69.00 3.00 -430065.14 -430902.64 72.24 727.07
70.00 3.00 -430065.14 -430889.73 72.24 727.07
71.00 3.00 -430065.14 -430734.30 72.24 727.07
72.00 3.00 -430065.14 -430800.59 72.24 727.07
73.00 3.00 -430065.14 -430175.28 72.24 727.07
74.00 3.00 -430065.14 -430666.53 72.24 727.07
75.00 3.00 -430065.14 -430593.48 72.24 727.07
76.00 4.00 -430026.23 -430026.23 72.22 726.45
77.00 4.00 -430026.23 -430439.77 72.22 726.45
78.00 4.00 -430026.23 -430492.84 72.22 726.45
79.00 4.00 -430026.23 -430365.36 72.22 726.45
80.00 4.00 -430026.23 -430261.51 72.22 726.45
81.00 4.00 -430026.23 -430557.46 72.22 726.45
82.00 4.00 -430026.23 -430630.56 72.22 726.45
83.00 4.00 -430026.23 -430745.12 72.22 726.45
84.00 4.00 -430026.23 -430199.64 72.22 726.45
85.00 4.00 -430026.23 -430683.75 72.22 726.45
86.00 4.00 -430026.23 -430097.92 72.22 726.45
87.00 4.00 -430026.23 -430880.30 72.22 726.45
88.00 4.00 -430026.23 -430585.93 72.22 726.45
89.00 4.00 -430026.23 -430570.24 72.22 726.45
90.00 4.00 -430026.23 -430746.29 72.22 726.45
91.00 4.00 -430026.23 -430686.89 72.22 726.45
92.00 4.00 -430026.23 -430134.90 72.22 726.45
93.00 4.00 -430026.23 -430656.41 72.22 726.45
94.00 4.00 -430026.23 -430145.70 72.22 726.45
95.00 4.00 -430026.23 -430154.13 72.22 726.45
96.00 4.00 -430026.23 -430519.58 72.22 726.45
97.00 4.00 -430026.23 -430382.75 72.22 726.45
98.00 4.00 -430026.23 -430522.23 72.22 726.45
99.00 4.00 -430026.23 -430537.56 72.22 726.45
100.00 4.00 -430026.23 -430716.93 72.22 726.45
101.00 4.00 -430026.23 -430679.83 72.22 726.45
102.00 4.00 -430026.23 -430351.46 72.22 726.45
103.00 4.00 -430026.23 -430517.65 72.22 726.45
104.00 4.00 -430026.23 -430463.96 72.22 726.45
105.00 4.00 -430026.23 -430618.25 72.22 726.45
106.00 4.00 -430026.23 -430594.82 72.22 726.45
107.00 4.00 -430026.23 -430556.40 72.22 726.45
108.00 4.00 -430026.23 -430745.32 72.22 726.45
109.00 4.00 -430026.23 -430713.69 72.22 726.45
110.00 4.00 -430026.23 -430087.55 72.22 726.45
111.00 4.00 -430026.23 -430953.64 72.22 726.45
112.00 4.00 -430026.23 -430636.65 72.22 726.45
113.00 4.00 -430026.23 -430687.25 72.22 726.45
114.00 4.00 -430026.23 -430683.96 72.22 726.45
115.00 4.00 -430026.23 -430438.92 72.22 726.45
116.00 4.00 -430026.23 -430907.59 72.22 726.45
117.00 4.00 -430026.23 -430692.30 72.22 726.45
118.00 4.00 -430026.23 -430861.71 72.22 726.45
119.00 4.00 -430026.23 -431031.95 72.22 726.45
120.00 4.00 -430026.23 -430497.30 72.22 726.45
121.00 4.00 -430026.23 -430552.84 72.22 726.45
122.00 4.00 -430026.23 -430446.22 72.22 726.45
123.00 4.00 -430026.23 -430650.07 72.22 726.45
