0.00 1.00 -262535.15 -262535.15 75.02 737.37
1.00 2.00 -262387.30 -262387.30 74.79 733.46
2.00 2.00 -262387.30 -262526.18 74.79 733.46
3.00 2.00 -262387.30 -262637.71 74.79 733.46
4.00 3.00 -262369.87 -262369.87 74.78 733.00
5.00 4.00 -262355.41 -262355.41 74.12 732.74
6.00 4.00 -262355.41 -262470.74 74.12 732.74
7.00 4.00 -262355.41 -262544.08 74.12 732.74
8.00 4.00 -262355.41 -262409.27 74.12 732.74
9.00 4.00 -262355.41 -262437.18 74.12 732.74
10.00 4.00 -262355.41 -262391.45 74.12 732.74
11.00 4.00 -262355.41 -262368.68 74.12 732.74
12.00 4.00 -262355.41 -262474.90 74.12 732.74
13.00 4.00 -262355.41 -262378.84 74.12 732.74
14.00 4.00 -262355.41 -262474.02 74.12 732.74
15.00 4.00 -262355.41 -262613.22 74.12 732.74
16.00 4.00 -262355.41 -262497.84 74.12 732.74
17.00 5.00 -262322.85 -262322.85 73.74 731.95
18.00 5.00 -262322.85 -262378.56 73.74 731.95
19.00 5.00 -262322.85 -262553.38 73.74 731.95
20.00 5.00 -262322.85 -262613.50 73.74 731.95
21.00 5.00 -262322.85 -262549.30 73.74 731.95
22.00 6.00 -262292.05 -262292.05 74.16 731.05
23.00 7.00 -262089.71 -262089.71 72.98 725.92
24.00 7.00 -262089.71 -262490.83 72.98 725.92
25.00 7.00 -262089.71 -262303.59 72.98 725.92
26.00 7.00 -262089.71 -262494.52 72.98 725.92
27.00 7.00 -262089.71 -262372.68 72.98 725.92
28.00 7.00 -262089.71 -262441.88 72.98 725.92
29.00 7.00 -262089.71 -262299.44 72.98 725.92
30.00 7.00 -262089.71 -262422.23 72.98 725.92
31.00 7.00 -262089.71 -262150.07 72.98 725.92
32.00 7.00 -262089.71 -262568.07 72.98 725.92
33.00 7.00 -262089.71 -262486.13 72.98 725.92
34.00 7.00 -262089.71 -262340.55 72.98 725.92
35.00 7.00 -262089.71 -262440.86 72.98 725.92
36.00 7.00 -262089.71 -262311.86 72.98 725.92
37.00 7.00 -262089.71 -262443.26 72.98 725.92
38.00 7.00 -262089.71 -262413.80 72.98 725.92
39.00 7.00 -262089.71 -262369.36 72.98 725.92
40.00 7.00 -262089.71 -262380.87 72.98 725.92
41.00 7.00 -262089.71 -262304.54 72.98 725.92
42.00 7.00 -262089.71 -262362.51 72.98 725.92
43.00 7.00 -262089.71 -262573.17 72.98 725.92
44.00 7.00 -262089.71 -262603.01 72.98 725.92
45.00 7.00 -262089.71 -262547.88 72.98 725.92
46.00 7.00 -262089.71 -262515.13 72.98 725.92
47.00 7.00 -262089.71 -262552.16 72.98 725.92
48.00 7.00 -262089.71 -262391.65 72.98 725.92
49.00 7.00 -262089.71 -262412.04 72.98 725.92
50.00 7.00 -262089.71 -262375.37 72.98 725.92
51.00 7.00 -262089.71 -262491.20 72.98 725.92
52.00 7.00 -262089.71 -262486.19 72.98 725.92
53.00 7.00 -262089.71 -262348.32 72.98 725.92
54.00 7.00 -262089.71 -262336.35 72.98 725.92
55.00 7.00 -262089.71 -262375.20 72.98 725.92
56.00 7.00 -262089.71 -262376.33 72.98 725.92
57.00 7.00 -262089.71 -262258.75 72.98 725.92
58.00 7.00 -262089.71 -262318.98 72.98 725.92
59.00 7.00 -262089.71 -262343.93 72.98 725.92
60.00 7.00 -262089.71 -262752.56 72.98 725.92
61.00 7.00 -262089.71 -262511.31 72.98 725.92
62.00 7.00 -262089.71 -262581.64 72.98 725.92
63.00 7.00 -262089.71 -262297.64 72.98 725.92
64.00 7.00 -262089.71 -262467.41 72.98 725.92
65.00 7.00 -262089.71 -262383.66 72.98 725.92
66.00 7.00 -262089.71 -262367.00 72.98 725.92
67.00 7.00 -262089.71 -262421.58 72.98 725.92
68.00 7.00 -262089.71 -262569.92 72.98 725.92
69.00 7.00 -262089.71 -262565.93 72.98 725.92
70.00 7.00 -262089.71 -262359.93 72.98 725.92
71.00 7.00 -262089.71 -262404.20 72.98 725.92
72.00 7.00 -262089.71 -262382.31 72.98 725.92
73.00 7.00 -262089.71 -262431.27 72.98 725.92
74.00 7.00 -262089.71 -262423.35 72.98 725.92
75.00 7.00 -262089.71 -262469.67 72.98 725.92
76.00 7.00 -262089.71 -262309.54 72.98 725.92
77.00 7.00 -262089.71 -262526.61 72.98 725.92
78.00 7.00 -262089.71 -262437.21 72.98 725.92
79.00 7.00 -262089.71 -262410.93 72.98 725.92
80.00 7.00 -262089.71 -262174.73 72.98 725.92
81.00 7.00 -262089.71 -262421.63 72.98 725.92
82.00 7.00 -262089.71 -262455.59 72.98 725.92
83.00 7.00 -262089.71 -262381.83 72.98 725.92
84.00 7.00 -262089.71 -262400.03 72.98 725.92
85.00 7.00 -262089.71 -262245.88 72.98 725.92
86.00 7.00 -262089.71 -262319.57 72.98 725.92
87.00 7.00 -262089.71 -262517.03 72.98 725.92
88.00 7.00 -262089.71 -262313.83 72.98 725.92
89.00 7.00 -262089.71 -262501.78 72.98 725.92
90.00 7.00 -262089.71 -262453.63 72.98 725.92
91.00 7.00 -262089.71 -262557.98 72.98 725.92
92.00 7.00 -262089.71 -262468.59 72.98 725.92
93.00 7.00 -262089.71 -262391.92 72.98 725.92
94.00 7.00 -262089.71 -262207.30 72.98 725.92
95.00 7.00 -262089.71 -262378.23 72.98 725.92
96.00 7.00 -262089.71 -262413.80 72.98 725.92
97.00 7.00 -262089.71 -262539.18 72.98 725.92
98.00 7.00 -262089.71 -262516.02 72.98 725.92
99.00 7.00 -262089.71 -262476.01 72.98 725.92
100.00 7.00 -262089.71 -262507.57 72.98 725.92
101.00 7.00 -262089.71 -262242.66 72.98 725.92
102.00 7.00 -262089.71 -262330.72 72.98 725.92
103.00 7.00 -262089.71 -262329.31 72.98 725.92
104.00 7.00 -262089.71 -262371.25 72.98 725.92
105.00 7.00 -262089.71 -262306.86 72.98 725.92
106.00 7.00 -262089.71 -262560.50 72.98 725.92
107.00 7.00 -262089.71 -262105.76 72.98 725.92
108.00 7.00 -262089.71 -262365.46 72.98 725.92
109.00 7.00 -262089.71 -262272.35 72.98 725.92
110.00 7.00 -262089.71 -262455.68 72.98 725.92
111.00 7.00 -262089.71 -262363.49 72.98 725.92
112.00 7.00 -262089.71 -262345.62 72.98 725.92
113.00 7.00 -262089.71 -262441.99 72.98 725.92
114.00 7.00 -262089.71 -262242.80 72.98 725.92
115.00 7.00 -262089.71 -262427.04 72.98 725.92
116.00 7.00 -262089.71 -262403.21 72.98 725.92
117.00 7.00 -262089.71 -262368.47 72.98 725.92
118.00 7.00 -262089.71 -262344.01 72.98 725.92
119.00 7.00 -262089.71 -262346.55 72.98 725.92
120.00 7.00 -262089.71 -262502.75 72.98 725.92
121.00 7.00 -262089.71 -262378.44 72.98 725.92
122.00 7.00 -262089.71 -262515.33 72.98 725.92
123.00 7.00 -262089.71 -262112.86 72.98 725.92
