2932.94
2928.27
2928.27
2928.27
2928.27
2928.27
2931.89
2931.89
2931.89
2931.89
2931.89
2931.89
2931.89
2931.89
2931.89
2931.89
2931.89
2931.89
2931.89
2931.89
2931.89
2931.89
2931.89
2931.89
2931.89
2931.89
2931.89
2931.89
2931.89
2931.89
2931.89
2931.89
2931.89
2931.89
2931.89
2931.89
2931.89
2931.89
2931.89
2931.89
2931.89
2931.89
2931.89
2931.89
2931.89
2931.89
2931.89
2931.89
2931.89
2931.89
2931.89
2931.89
2931.89
2931.89
2931.89
2931.89
2931.89
2931.89
2931.89
2931.89
2931.89
2931.89
2931.89
2931.89
2931.89
2931.89
2931.89
2931.89
2931.89
2931.89
2931.89
2922.38
2922.38
2922.38
2922.38
2928.19
2928.19
2928.19
2928.19
2928.19
2928.19
2928.19
2928.19
2928.19
2928.19
2928.19
2928.19
2928.19
2928.19
2928.19
2928.19
2928.19
2928.19
2928.19
2928.19
2928.19
2928.19
2928.19
2928.19
2928.19
2928.19
2928.19
2928.19
2928.19
2928.19
2928.19
2928.19
2928.19
2928.19
2928.19
2928.19
2928.19
2928.19
2928.19
2928.19
2928.19
2928.19
2928.19
2928.19
2928.19
2928.19
2928.19
2928.19
2928.19
2928.19
2928.19
2928.19
2928.19
2928.19
2928.19
2928.19
2928.19
2928.19
2928.19
2928.19
2928.19
2928.19
2928.19
2928.19
2928.19
2928.19
2928.19
2912.25
2912.25
2912.25
2912.25
2912.25
2912.25
2912.25
2912.25
2912.25
2912.25
2912.25
2912.25
2912.25
2912.25
2912.25
2912.25
2912.25
2912.25
2912.25
2912.25
2912.25
2912.25
2912.25
2912.25
2912.25
2912.25
2912.25
2912.25
2912.25
2912.25
2912.25
2912.25
2912.25
2912.25
2912.25
2912.25
2912.25
2912.25
2926.38
2926.38
2926.38
2926.38
2926.38
2926.38
2926.38
2926.38
2926.38
2926.38
2926.38
2926.38
2926.38
