2927.91
2927.91
2927.91
2927.91
2927.91
2927.91
2927.91
2927.91
2927.91
2927.91
2927.91
2927.91
2927.91
2927.91
2927.91
2927.91
2927.91
2927.91
2908.60
2944.74
2944.74
2944.74
2944.74
2944.74
2938.70
2938.70
2938.70
2931.00
2931.00
2931.00
2931.00
2931.00
2931.00
2931.00
2931.00
2931.00
2931.00
2931.00
2931.00
2931.00
2931.00
2931.00
2931.00
2931.00
2931.00
2931.00
2931.00
2931.00
2931.00
2931.00
2931.00
2931.00
2931.00
2931.00
2931.00
2931.00
2931.00
2931.00
2931.00
2931.00
2931.00
2931.00
2931.00
2931.00
2931.00
2931.00
2931.00
2931.00
2931.00
2931.00
2931.00
2931.00
2931.00
2931.00
2931.00
2931.00
2931.00
2931.00
2931.00
2931.00
2931.00
2931.00
2931.00
2931.00
2931.00
2931.00
2931.00
2931.00
2931.00
2931.00
2931.00
2931.00
2931.00
2931.00
2931.00
2931.00
2931.00
2931.00
2931.00
2931.00
2931.00
2931.00
2931.00
2931.00
2932.79
2932.79
2932.79
2932.79
2932.79
2932.79
2932.79
2945.12
2945.12
2945.12
2945.12
2945.12
2945.12
2945.12
2945.12
2945.12
2945.12
2945.12
2945.12
2945.12
2945.12
2945.12
2945.12
2945.12
2945.12
2945.12
2945.12
2945.12
2945.12
2945.12
2945.12
2945.12
2945.12
2945.12
2945.12
2945.12
2945.12
2945.12
2945.12
2945.12
2945.12
2945.12
2945.12
2945.12
2945.12
2945.12
2945.12
2945.12
2945.12
2945.12
2945.12
2945.12
2945.12
2945.12
2945.12
2945.12
2945.12
2945.12
2945.12
2945.12
2945.12
2945.12
2945.12
2945.12
2945.12
2945.12
2945.12
2945.12
2945.12
2945.12
2945.12
2945.12
2945.12
2945.12
2945.12
2945.12
2945.12
2945.12
2945.12
2945.12
2945.12
2945.12
2945.12
2945.12
2945.12
2945.12
2945.12
2945.12
2945.12
2945.12
