2946.30
2946.30
2946.30
2946.30
2946.30
2946.30
2946.30
2946.30
2936.48
2940.29
2940.29
2940.29
2940.84
2940.84
2940.84
2931.12
2931.12
2931.12
2931.12
2931.12
2931.12
2931.12
2923.77
2923.77
2923.77
2923.77
2923.77
2923.77
2923.77
2923.77
2923.77
2926.61
2926.61
2926.61
2926.61
2926.61
2926.61
2926.61
2926.61
2926.61
2926.61
2926.61
2926.61
2926.61
2926.61
2926.61
2926.61
2926.61
2926.61
2926.61
2926.61
2926.61
2926.61
2926.61
2926.61
2926.61
2926.61
2926.61
2926.61
2926.61
2926.61
2926.61
2926.61
2926.61
2926.61
2926.61
2926.61
2926.61
2926.61
2926.61
2926.61
2926.61
2926.61
2927.83
2927.83
2927.83
2927.83
2927.83
2927.83
2928.70
2928.70
2928.70
2928.70
2928.70
2928.70
2928.70
2928.70
2928.70
2928.70
2928.70
2928.70
2928.70
2928.70
2928.70
2928.70
2928.70
2928.70
2928.70
2928.70
2928.70
2928.70
2928.70
2928.70
2928.70
2928.70
2928.70
2928.70
2928.70
2928.70
2928.70
2928.70
2928.70
2928.70
2928.70
2928.70
2928.70
2928.70
2928.70
2928.70
2928.70
2928.70
2928.70
2928.70
2928.70
2928.70
2928.70
2928.70
2928.70
2928.70
2928.70
2928.70
2928.70
2928.70
2928.70
2928.70
2928.70
2928.70
2928.70
2928.70
2928.70
2928.70
2928.70
2928.70
2928.70
2928.70
2928.70
2928.70
2928.70
2928.70
2928.70
2928.70
2928.70
2928.70
2928.70
2928.70
2928.70
2928.70
2928.70
2928.70
2928.70
2928.70
2928.70
2928.70
2928.70
2928.70
2928.70
2928.70
2928.70
2928.70
2928.70
2928.70
2928.70
2928.70
2928.70
2928.70
2928.70
2928.70
2928.70
2928.70
2928.70
2928.70
2928.70
2928.70
2928.70
2928.70
2928.70
2928.70
2928.70
2928.70
2928.70
2928.70
2928.70
2928.70
