2946.49
2946.49
2946.49
2946.49
2946.49
2946.49
2946.49
2946.49
2946.49
2939.84
2939.84
2939.84
2939.12
2926.56
2926.56
2926.56
2926.56
2926.56
2926.56
2926.56
2926.56
2926.56
2935.10
2935.10
2935.10
2935.10
2936.35
2936.35
2936.35
2936.35
2936.35
2936.35
2936.35
2936.35
2936.35
2936.35
2936.35
2936.35
2936.35
2936.35
2936.35
2936.35
2936.35
2936.35
2936.35
2936.35
2936.35
2936.35
2936.35
2936.35
2936.35
2936.35
2936.35
2936.35
2936.35
2936.35
2936.35
2936.35
2936.35
2936.35
2936.35
2936.35
2936.35
2936.35
2936.35
2935.77
2935.77
2935.77
2935.77
2935.77
2935.77
2935.77
2914.90
2914.90
2914.90
2914.90
2914.90
2914.90
2914.90
2914.90
2914.90
2914.90
2914.90
2914.90
2914.90
2914.90
2914.90
2914.90
2914.90
2914.90
2914.90
2914.90
2914.90
2914.90
2914.90
2914.90
2914.90
2914.90
2914.90
2914.90
2914.90
2914.90
2914.90
2914.90
2914.90
2914.90
2914.90
2914.90
2914.90
2914.90
2914.90
2914.90
2914.90
2914.90
2914.90
2914.90
2914.90
2914.90
2914.90
2914.90
2914.90
2914.90
2914.90
2914.90
2914.90
2914.90
2914.90
2914.90
2914.90
2914.90
2914.90
2914.90
2937.04
2937.04
2937.04
2937.04
2937.04
2937.04
2937.04
2937.04
2937.04
2937.04
2937.04
2937.04
2937.04
2937.04
2937.04
2937.04
2937.04
2937.04
2937.04
2937.04
2937.04
2937.04
2937.04
2937.04
2937.04
2937.04
2937.04
2937.04
2937.04
2937.04
2937.04
2937.04
2937.04
2937.04
2937.04
2937.04
2937.04
2937.04
2937.04
2937.04
2937.04
2937.04
2937.04
2937.04
2937.04
2937.04
2937.04
2937.04
2937.04
2937.04
2937.04
2937.04
2937.04
2937.04
2937.04
2937.04
2937.04
2937.04
2937.04
2937.04
2937.04
2937.04
2937.04
