3925.89
3925.89
3923.82
3872.96
3880.61
3880.61
3880.61
3880.61
3880.61
3880.61
3880.61
3872.21
3832.66
3832.66
3832.66
3836.87
3836.87
3836.87
3836.87
3863.57
3863.57
3863.57
3863.57
3863.57
3863.57
3863.57
3863.57
3863.57
3863.57
3863.57
3863.57
3863.57
3863.57
3863.57
3863.57
3863.57
3863.57
3863.57
3863.57
3863.57
3822.75
3822.75
3822.75
3822.75
3822.75
3772.71
3772.71
3772.71
3772.71
3772.71
3772.71
3772.71
3772.71
3772.71
3772.71
3772.71
3771.38
3770.34
3770.34
3770.34
3770.34
3770.34
3770.34
3770.39
3770.39
3770.39
3770.39
3770.39
3772.19
3769.67
3769.67
3782.94
3782.94
3782.94
3782.94
3782.94
3782.94
3782.94
3782.94
3755.05
3755.05
3755.05
3755.05
3732.63
3732.63
3732.63
3732.63
3722.01
3722.01
3722.01
3717.34
3717.34
3717.34
3717.34
3717.34
3717.34
3717.34
3717.34
3717.34
3685.84
3685.84
3685.84
3685.84
3685.84
3683.49
3683.49
3683.49
3683.49
3683.49
3683.49
3683.49
3683.49
3683.49
3683.49
3683.49
3683.49
3683.49
3683.49
3683.49
3683.49
3683.49
3683.49
3683.49
3683.49
