3968.71
3968.71
3920.84
3910.77
3898.16
3898.16
3898.16
3898.16
3912.70
3909.38
3868.87
3868.87
3868.87
3868.87
3880.06
3880.06
3880.06
3860.21
3860.21
3860.21
3860.21
3860.21
3875.70
3861.13
3861.13
3861.13
3861.13
3861.13
3861.13
3861.13
3861.13
3861.13
3848.67
3817.82
3830.85
3820.34
3786.93
3786.93
3786.93
3786.93
3786.93
3786.93
3786.93
3786.93
3786.93
3786.93
3786.93
3786.93
3786.93
3786.93
3786.93
3789.23
3750.56
3750.56
3724.59
3724.59
3724.59
3724.59
3724.59
3724.59
3724.59
3724.59
3724.59
3724.59
3724.59
3724.59
3724.59
3724.59
3724.59
3724.59
3724.59
3724.59
3724.59
3724.59
3724.59
3724.59
3724.59
3724.59
3724.59
3713.91
3716.57
3716.57
3716.57
3716.57
3716.57
3716.57
3716.57
3716.57
3716.57
3690.80
3690.80
3696.86
3696.86
3696.86
3696.86
3696.86
3696.86
3696.86
3696.86
3696.86
3696.86
3696.86
3696.86
3696.86
3696.86
3696.86
3696.86
3696.86
3696.86
3696.86
3696.86
3690.08
3690.08
3690.08
3690.08
3690.08
3690.08
3690.08
3690.08
3690.08
3690.08
3690.08
3690.08
3690.08
