[0.000e+00 9.000e-01 1.092e+00 1.500e+00 1.000e-06 5.000e-01 1.000e+00
 5.000e-03 1.000e-03 1.000e-03 5.000e-01 5.000e+00 2.400e+04 5.000e+00
 1.000e-02]	2910.6968279297735
[4.000e-02 9.000e-01 1.092e+00 1.500e+00 1.000e-06 5.000e-01 1.000e+00
 5.000e-03 1.000e-03 1.000e-03 5.000e-01 5.000e+00 2.400e+04 5.000e+00
 1.000e-02]	2935.2461199096288
[8.000e-02 9.000e-01 1.092e+00 1.500e+00 1.000e-06 5.000e-01 1.000e+00
 5.000e-03 1.000e-03 1.000e-03 5.000e-01 5.000e+00 2.400e+04 5.000e+00
 1.000e-02]	2941.6162954035376
[1.200e-01 9.000e-01 1.092e+00 1.500e+00 1.000e-06 5.000e-01 1.000e+00
 5.000e-03 1.000e-03 1.000e-03 5.000e-01 5.000e+00 2.400e+04 5.000e+00
 1.000e-02]	2925.843380550875
[1.600e-01 9.000e-01 1.092e+00 1.500e+00 1.000e-06 5.000e-01 1.000e+00
 5.000e-03 1.000e-03 1.000e-03 5.000e-01 5.000e+00 2.400e+04 5.000e+00
 1.000e-02]	2926.7471737317965
[2.000e-01 9.000e-01 1.092e+00 1.500e+00 1.000e-06 5.000e-01 1.000e+00
 5.000e-03 1.000e-03 1.000e-03 5.000e-01 5.000e+00 2.400e+04 5.000e+00
 1.000e-02]	2928.7313264497197
[2.400e-01 9.000e-01 1.092e+00 1.500e+00 1.000e-06 5.000e-01 1.000e+00
 5.000e-03 1.000e-03 1.000e-03 5.000e-01 5.000e+00 2.400e+04 5.000e+00
 1.000e-02]	2933.1007442279792
[2.800e-01 9.000e-01 1.092e+00 1.500e+00 1.000e-06 5.000e-01 1.000e+00
 5.000e-03 1.000e-03 1.000e-03 5.000e-01 5.000e+00 2.400e+04 5.000e+00
 1.000e-02]	2916.0130622666716
[3.200e-01 9.000e-01 1.092e+00 1.500e+00 1.000e-06 5.000e-01 1.000e+00
 5.000e-03 1.000e-03 1.000e-03 5.000e-01 5.000e+00 2.400e+04 5.000e+00
 1.000e-02]	2918.168064692863
[3.600e-01 9.000e-01 1.092e+00 1.500e+00 1.000e-06 5.000e-01 1.000e+00
 5.000e-03 1.000e-03 1.000e-03 5.000e-01 5.000e+00 2.400e+04 5.000e+00
 1.000e-02]	2944.3394801952168
[4.000e-01 9.000e-01 1.092e+00 1.500e+00 1.000e-06 5.000e-01 1.000e+00
 5.000e-03 1.000e-03 1.000e-03 5.000e-01 5.000e+00 2.400e+04 5.000e+00
 1.000e-02]	2924.574792106081
[4.400e-01 9.000e-01 1.092e+00 1.500e+00 1.000e-06 5.000e-01 1.000e+00
 5.000e-03 1.000e-03 1.000e-03 5.000e-01 5.000e+00 2.400e+04 5.000e+00
 1.000e-02]	2937.1084117742394
[4.800e-01 9.000e-01 1.092e+00 1.500e+00 1.000e-06 5.000e-01 1.000e+00
 5.000e-03 1.000e-03 1.000e-03 5.000e-01 5.000e+00 2.400e+04 5.000e+00
 1.000e-02]	2926.6212746652454
[5.200e-01 9.000e-01 1.092e+00 1.500e+00 1.000e-06 5.000e-01 1.000e+00
 5.000e-03 1.000e-03 1.000e-03 5.000e-01 5.000e+00 2.400e+04 5.000e+00
 1.000e-02]	2954.6512891224365
[5.600e-01 9.000e-01 1.092e+00 1.500e+00 1.000e-06 5.000e-01 1.000e+00
 5.000e-03 1.000e-03 1.000e-03 5.000e-01 5.000e+00 2.400e+04 5.000e+00
 1.000e-02]	2954.6512896448808
[6.000e-01 9.000e-01 1.092e+00 1.500e+00 1.000e-06 5.000e-01 1.000e+00
 5.000e-03 1.000e-03 1.000e-03 5.000e-01 5.000e+00 2.400e+04 5.000e+00
 1.000e-02]	2915.934303065489
[6.400e-01 9.000e-01 1.092e+00 1.500e+00 1.000e-06 5.000e-01 1.000e+00
 5.000e-03 1.000e-03 1.000e-03 5.000e-01 5.000e+00 2.400e+04 5.000e+00
 1.000e-02]	2943.0900590780593
[6.800e-01 9.000e-01 1.092e+00 1.500e+00 1.000e-06 5.000e-01 1.000e+00
 5.000e-03 1.000e-03 1.000e-03 5.000e-01 5.000e+00 2.400e+04 5.000e+00
 1.000e-02]	2941.461021567973
[7.200e-01 9.000e-01 1.092e+00 1.500e+00 1.000e-06 5.000e-01 1.000e+00
 5.000e-03 1.000e-03 1.000e-03 5.000e-01 5.000e+00 2.400e+04 5.000e+00
 1.000e-02]	2933.232674494084
[7.600e-01 9.000e-01 1.092e+00 1.500e+00 1.000e-06 5.000e-01 1.000e+00
 5.000e-03 1.000e-03 1.000e-03 5.000e-01 5.000e+00 2.400e+04 5.000e+00
 1.000e-02]	2915.735647216006
[8.000e-01 9.000e-01 1.092e+00 1.500e+00 1.000e-06 5.000e-01 1.000e+00
 5.000e-03 1.000e-03 1.000e-03 5.000e-01 5.000e+00 2.400e+04 5.000e+00
 1.000e-02]	2945.0696110740764
[8.400e-01 9.000e-01 1.092e+00 1.500e+00 1.000e-06 5.000e-01 1.000e+00
 5.000e-03 1.000e-03 1.000e-03 5.000e-01 5.000e+00 2.400e+04 5.000e+00
 1.000e-02]	2923.288124904125
[8.800e-01 9.000e-01 1.092e+00 1.500e+00 1.000e-06 5.000e-01 1.000e+00
 5.000e-03 1.000e-03 1.000e-03 5.000e-01 5.000e+00 2.400e+04 5.000e+00
 1.000e-02]	2915.811877319463
[9.200e-01 9.000e-01 1.092e+00 1.500e+00 1.000e-06 5.000e-01 1.000e+00
 5.000e-03 1.000e-03 1.000e-03 5.000e-01 5.000e+00 2.400e+04 5.000e+00
 1.000e-02]	2952.876841252742
[9.600e-01 9.000e-01 1.092e+00 1.500e+00 1.000e-06 5.000e-01 1.000e+00
 5.000e-03 1.000e-03 1.000e-03 5.000e-01 5.000e+00 2.400e+04 5.000e+00
 1.000e-02]	2926.4801261254793
[1.000e+00 9.000e-01 1.092e+00 1.500e+00 1.000e-06 5.000e-01 1.000e+00
 5.000e-03 1.000e-03 1.000e-03 5.000e-01 5.000e+00 2.400e+04 5.000e+00
 1.000e-02]	2935.337940969013
[1.040e+00 9.000e-01 1.092e+00 1.500e+00 1.000e-06 5.000e-01 1.000e+00
 5.000e-03 1.000e-03 1.000e-03 5.000e-01 5.000e+00 2.400e+04 5.000e+00
 1.000e-02]	2941.8140344294425
[1.080e+00 9.000e-01 1.092e+00 1.500e+00 1.000e-06 5.000e-01 1.000e+00
 5.000e-03 1.000e-03 1.000e-03 5.000e-01 5.000e+00 2.400e+04 5.000e+00
 1.000e-02]	2928.5448297931302
[1.120e+00 9.000e-01 1.092e+00 1.500e+00 1.000e-06 5.000e-01 1.000e+00
 5.000e-03 1.000e-03 1.000e-03 5.000e-01 5.000e+00 2.400e+04 5.000e+00
 1.000e-02]	2922.1628652291056
[1.160e+00 9.000e-01 1.092e+00 1.500e+00 1.000e-06 5.000e-01 1.000e+00
 5.000e-03 1.000e-03 1.000e-03 5.000e-01 5.000e+00 2.400e+04 5.000e+00
 1.000e-02]	2933.8616176871265
[1.200e+00 9.000e-01 1.092e+00 1.500e+00 1.000e-06 5.000e-01 1.000e+00
 5.000e-03 1.000e-03 1.000e-03 5.000e-01 5.000e+00 2.400e+04 5.000e+00
 1.000e-02]	2952.876841252742
[1.240e+00 9.000e-01 1.092e+00 1.500e+00 1.000e-06 5.000e-01 1.000e+00
 5.000e-03 1.000e-03 1.000e-03 5.000e-01 5.000e+00 2.400e+04 5.000e+00
 1.000e-02]	2915.811877319463
[1.280e+00 9.000e-01 1.092e+00 1.500e+00 1.000e-06 5.000e-01 1.000e+00
 5.000e-03 1.000e-03 1.000e-03 5.000e-01 5.000e+00 2.400e+04 5.000e+00
 1.000e-02]	2936.8572416520583
[1.320e+00 9.000e-01 1.092e+00 1.500e+00 1.000e-06 5.000e-01 1.000e+00
 5.000e-03 1.000e-03 1.000e-03 5.000e-01 5.000e+00 2.400e+04 5.000e+00
 1.000e-02]	2945.05575371035
[1.360e+00 9.000e-01 1.092e+00 1.500e+00 1.000e-06 5.000e-01 1.000e+00
 5.000e-03 1.000e-03 1.000e-03 5.000e-01 5.000e+00 2.400e+04 5.000e+00
 1.000e-02]	2915.608235499351
[1.400e+00 9.000e-01 1.092e+00 1.500e+00 1.000e-06 5.000e-01 1.000e+00
 5.000e-03 1.000e-03 1.000e-03 5.000e-01 5.000e+00 2.400e+04 5.000e+00
 1.000e-02]	2941.8715986656002
[1.440e+00 9.000e-01 1.092e+00 1.500e+00 1.000e-06 5.000e-01 1.000e+00
 5.000e-03 1.000e-03 1.000e-03 5.000e-01 5.000e+00 2.400e+04 5.000e+00
 1.000e-02]	2935.537455771483
[1.480e+00 9.000e-01 1.092e+00 1.500e+00 1.000e-06 5.000e-01 1.000e+00
 5.000e-03 1.000e-03 1.000e-03 5.000e-01 5.000e+00 2.400e+04 5.000e+00
 1.000e-02]	2934.7820570834624
[1.520e+00 9.000e-01 1.092e+00 1.500e+00 1.000e-06 5.000e-01 1.000e+00
 5.000e-03 1.000e-03 1.000e-03 5.000e-01 5.000e+00 2.400e+04 5.000e+00
 1.000e-02]	2927.1515038869798
[1.560e+00 9.000e-01 1.092e+00 1.500e+00 1.000e-06 5.000e-01 1.000e+00
 5.000e-03 1.000e-03 1.000e-03 5.000e-01 5.000e+00 2.400e+04 5.000e+00
 1.000e-02]	2938.7146679259313
[1.600e+00 9.000e-01 1.092e+00 1.500e+00 1.000e-06 5.000e-01 1.000e+00
 5.000e-03 1.000e-03 1.000e-03 5.000e-01 5.000e+00 2.400e+04 5.000e+00
 1.000e-02]	2926.6212746652454
[1.640e+00 9.000e-01 1.092e+00 1.500e+00 1.000e-06 5.000e-01 1.000e+00
 5.000e-03 1.000e-03 1.000e-03 5.000e-01 5.000e+00 2.400e+04 5.000e+00
 1.000e-02]	2917.579188358373
[1.680e+00 9.000e-01 1.092e+00 1.500e+00 1.000e-06 5.000e-01 1.000e+00
 5.000e-03 1.000e-03 1.000e-03 5.000e-01 5.000e+00 2.400e+04 5.000e+00
 1.000e-02]	2936.6268399409655
[1.720e+00 9.000e-01 1.092e+00 1.500e+00 1.000e-06 5.000e-01 1.000e+00
 5.000e-03 1.000e-03 1.000e-03 5.000e-01 5.000e+00 2.400e+04 5.000e+00
 1.000e-02]	2938.9741647596793
[1.760e+00 9.000e-01 1.092e+00 1.500e+00 1.000e-06 5.000e-01 1.000e+00
 5.000e-03 1.000e-03 1.000e-03 5.000e-01 5.000e+00 2.400e+04 5.000e+00
 1.000e-02]	2941.6162954035376
[1.800e+00 9.000e-01 1.092e+00 1.500e+00 1.000e-06 5.000e-01 1.000e+00
 5.000e-03 1.000e-03 1.000e-03 5.000e-01 5.000e+00 2.400e+04 5.000e+00
 1.000e-02]	2952.876841252742
[1.840e+00 9.000e-01 1.092e+00 1.500e+00 1.000e-06 5.000e-01 1.000e+00
 5.000e-03 1.000e-03 1.000e-03 5.000e-01 5.000e+00 2.400e+04 5.000e+00
 1.000e-02]	2939.3730623477695
[1.880e+00 9.000e-01 1.092e+00 1.500e+00 1.000e-06 5.000e-01 1.000e+00
 5.000e-03 1.000e-03 1.000e-03 5.000e-01 5.000e+00 2.400e+04 5.000e+00
 1.000e-02]	2924.513462643534
[1.920e+00 9.000e-01 1.092e+00 1.500e+00 1.000e-06 5.000e-01 1.000e+00
 5.000e-03 1.000e-03 1.000e-03 5.000e-01 5.000e+00 2.400e+04 5.000e+00
 1.000e-02]	2934.625050592075
[1.960e+00 9.000e-01 1.092e+00 1.500e+00 1.000e-06 5.000e-01 1.000e+00
 5.000e-03 1.000e-03 1.000e-03 5.000e-01 5.000e+00 2.400e+04 5.000e+00
 1.000e-02]	2943.020650873402
[1.960e+00 0.000e+00 1.092e+00 1.500e+00 1.000e-06 5.000e-01 1.000e+00
 5.000e-03 1.000e-03 1.000e-03 5.000e-01 5.000e+00 2.400e+04 5.000e+00
 1.000e-02]	2941.214527670886
[1.960e+00 4.000e-02 1.092e+00 1.500e+00 1.000e-06 5.000e-01 1.000e+00
 5.000e-03 1.000e-03 1.000e-03 5.000e-01 5.000e+00 2.400e+04 5.000e+00
 1.000e-02]	2958.574715660174
[1.960e+00 8.000e-02 1.092e+00 1.500e+00 1.000e-06 5.000e-01 1.000e+00
 5.000e-03 1.000e-03 1.000e-03 5.000e-01 5.000e+00 2.400e+04 5.000e+00
 1.000e-02]	2931.4332778954467
[1.960e+00 1.200e-01 1.092e+00 1.500e+00 1.000e-06 5.000e-01 1.000e+00
 5.000e-03 1.000e-03 1.000e-03 5.000e-01 5.000e+00 2.400e+04 5.000e+00
 1.000e-02]	2950.139685943835
[1.960e+00 1.600e-01 1.092e+00 1.500e+00 1.000e-06 5.000e-01 1.000e+00
 5.000e-03 1.000e-03 1.000e-03 5.000e-01 5.000e+00 2.400e+04 5.000e+00
 1.000e-02]	2927.91701014751
[1.960e+00 2.000e-01 1.092e+00 1.500e+00 1.000e-06 5.000e-01 1.000e+00
 5.000e-03 1.000e-03 1.000e-03 5.000e-01 5.000e+00 2.400e+04 5.000e+00
 1.000e-02]	2943.5842126334946
[1.960e+00 2.400e-01 1.092e+00 1.500e+00 1.000e-06 5.000e-01 1.000e+00
 5.000e-03 1.000e-03 1.000e-03 5.000e-01 5.000e+00 2.400e+04 5.000e+00
 1.000e-02]	2936.3341716523287
[1.960e+00 2.800e-01 1.092e+00 1.500e+00 1.000e-06 5.000e-01 1.000e+00
 5.000e-03 1.000e-03 1.000e-03 5.000e-01 5.000e+00 2.400e+04 5.000e+00
 1.000e-02]	2940.8716408169103
[1.960e+00 3.200e-01 1.092e+00 1.500e+00 1.000e-06 5.000e-01 1.000e+00
 5.000e-03 1.000e-03 1.000e-03 5.000e-01 5.000e+00 2.400e+04 5.000e+00
 1.000e-02]	2945.977267139834
[1.960e+00 3.600e-01 1.092e+00 1.500e+00 1.000e-06 5.000e-01 1.000e+00
 5.000e-03 1.000e-03 1.000e-03 5.000e-01 5.000e+00 2.400e+04 5.000e+00
 1.000e-02]	2930.183613848447
[1.960e+00 4.000e-01 1.092e+00 1.500e+00 1.000e-06 5.000e-01 1.000e+00
 5.000e-03 1.000e-03 1.000e-03 5.000e-01 5.000e+00 2.400e+04 5.000e+00
 1.000e-02]	2933.988390847565
[1.960e+00 4.400e-01 1.092e+00 1.500e+00 1.000e-06 5.000e-01 1.000e+00
 5.000e-03 1.000e-03 1.000e-03 5.000e-01 5.000e+00 2.400e+04 5.000e+00
 1.000e-02]	2934.7573860124667
[1.960e+00 4.800e-01 1.092e+00 1.500e+00 1.000e-06 5.000e-01 1.000e+00
 5.000e-03 1.000e-03 1.000e-03 5.000e-01 5.000e+00 2.400e+04 5.000e+00
 1.000e-02]	2931.402927199774
[1.960e+00 5.200e-01 1.092e+00 1.500e+00 1.000e-06 5.000e-01 1.000e+00
 5.000e-03 1.000e-03 1.000e-03 5.000e-01 5.000e+00 2.400e+04 5.000e+00
 1.000e-02]	2922.0897222244635
[1.960e+00 5.600e-01 1.092e+00 1.500e+00 1.000e-06 5.000e-01 1.000e+00
 5.000e-03 1.000e-03 1.000e-03 5.000e-01 5.000e+00 2.400e+04 5.000e+00
 1.000e-02]	2930.473107174524
[1.960e+00 6.000e-01 1.092e+00 1.500e+00 1.000e-06 5.000e-01 1.000e+00
 5.000e-03 1.000e-03 1.000e-03 5.000e-01 5.000e+00 2.400e+04 5.000e+00
 1.000e-02]	2930.9436711552084
[1.960e+00 6.400e-01 1.092e+00 1.500e+00 1.000e-06 5.000e-01 1.000e+00
 5.000e-03 1.000e-03 1.000e-03 5.000e-01 5.000e+00 2.400e+04 5.000e+00
 1.000e-02]	2943.5373095128493
[1.960e+00 6.800e-01 1.092e+00 1.500e+00 1.000e-06 5.000e-01 1.000e+00
 5.000e-03 1.000e-03 1.000e-03 5.000e-01 5.000e+00 2.400e+04 5.000e+00
 1.000e-02]	2933.7424749570623
[1.960e+00 7.200e-01 1.092e+00 1.500e+00 1.000e-06 5.000e-01 1.000e+00
 5.000e-03 1.000e-03 1.000e-03 5.000e-01 5.000e+00 2.400e+04 5.000e+00
 1.000e-02]	2927.903068409982
[1.960e+00 7.600e-01 1.092e+00 1.500e+00 1.000e-06 5.000e-01 1.000e+00
 5.000e-03 1.000e-03 1.000e-03 5.000e-01 5.000e+00 2.400e+04 5.000e+00
 1.000e-02]	2947.78463113714
[1.960e+00 8.000e-01 1.092e+00 1.500e+00 1.000e-06 5.000e-01 1.000e+00
 5.000e-03 1.000e-03 1.000e-03 5.000e-01 5.000e+00 2.400e+04 5.000e+00
 1.000e-02]	2954.2666767143214
[1.960e+00 8.400e-01 1.092e+00 1.500e+00 1.000e-06 5.000e-01 1.000e+00
 5.000e-03 1.000e-03 1.000e-03 5.000e-01 5.000e+00 2.400e+04 5.000e+00
 1.000e-02]	2918.829029081137
[1.960e+00 8.800e-01 1.092e+00 1.500e+00 1.000e-06 5.000e-01 1.000e+00
 5.000e-03 1.000e-03 1.000e-03 5.000e-01 5.000e+00 2.400e+04 5.000e+00
 1.000e-02]	2948.224601396716
[1.960e+00 9.200e-01 1.092e+00 1.500e+00 1.000e-06 5.000e-01 1.000e+00
 5.000e-03 1.000e-03 1.000e-03 5.000e-01 5.000e+00 2.400e+04 5.000e+00
 1.000e-02]	2948.612163084233
[1.960e+00 9.600e-01 1.092e+00 1.500e+00 1.000e-06 5.000e-01 1.000e+00
 5.000e-03 1.000e-03 1.000e-03 5.000e-01 5.000e+00 2.400e+04 5.000e+00
 1.000e-02]	2928.1458208357813
[1.960e+00 1.000e+00 1.092e+00 1.500e+00 1.000e-06 5.000e-01 1.000e+00
 5.000e-03 1.000e-03 1.000e-03 5.000e-01 5.000e+00 2.400e+04 5.000e+00
 1.000e-02]	2944.867515680952
[1.960e+00 1.040e+00 1.092e+00 1.500e+00 1.000e-06 5.000e-01 1.000e+00
 5.000e-03 1.000e-03 1.000e-03 5.000e-01 5.000e+00 2.400e+04 5.000e+00
 1.000e-02]	2952.8893014812033
[1.960e+00 1.080e+00 1.092e+00 1.500e+00 1.000e-06 5.000e-01 1.000e+00
 5.000e-03 1.000e-03 1.000e-03 5.000e-01 5.000e+00 2.400e+04 5.000e+00
 1.000e-02]	2933.3521658221794
[1.960e+00 1.120e+00 1.092e+00 1.500e+00 1.000e-06 5.000e-01 1.000e+00
 5.000e-03 1.000e-03 1.000e-03 5.000e-01 5.000e+00 2.400e+04 5.000e+00
 1.000e-02]	2943.10967718933
[1.960e+00 1.160e+00 1.092e+00 1.500e+00 1.000e-06 5.000e-01 1.000e+00
 5.000e-03 1.000e-03 1.000e-03 5.000e-01 5.000e+00 2.400e+04 5.000e+00
 1.000e-02]	2949.973672120232
[1.960e+00 1.200e+00 1.092e+00 1.500e+00 1.000e-06 5.000e-01 1.000e+00
 5.000e-03 1.000e-03 1.000e-03 5.000e-01 5.000e+00 2.400e+04 5.000e+00
 1.000e-02]	2945.5118490800824
[1.960e+00 1.240e+00 1.092e+00 1.500e+00 1.000e-06 5.000e-01 1.000e+00
 5.000e-03 1.000e-03 1.000e-03 5.000e-01 5.000e+00 2.400e+04 5.000e+00
 1.000e-02]	2939.8276509494153
[1.960e+00 1.280e+00 1.092e+00 1.500e+00 1.000e-06 5.000e-01 1.000e+00
 5.000e-03 1.000e-03 1.000e-03 5.000e-01 5.000e+00 2.400e+04 5.000e+00
 1.000e-02]	2921.2810863001837
[1.960e+00 1.320e+00 1.092e+00 1.500e+00 1.000e-06 5.000e-01 1.000e+00
 5.000e-03 1.000e-03 1.000e-03 5.000e-01 5.000e+00 2.400e+04 5.000e+00
 1.000e-02]	2948.1303753246257
[1.960e+00 1.360e+00 1.092e+00 1.500e+00 1.000e-06 5.000e-01 1.000e+00
 5.000e-03 1.000e-03 1.000e-03 5.000e-01 5.000e+00 2.400e+04 5.000e+00
 1.000e-02]	2934.27352669047
[1.960e+00 1.400e+00 1.092e+00 1.500e+00 1.000e-06 5.000e-01 1.000e+00
 5.000e-03 1.000e-03 1.000e-03 5.000e-01 5.000e+00 2.400e+04 5.000e+00
 1.000e-02]	2939.9358333683717
[1.960e+00 1.440e+00 1.092e+00 1.500e+00 1.000e-06 5.000e-01 1.000e+00
 5.000e-03 1.000e-03 1.000e-03 5.000e-01 5.000e+00 2.400e+04 5.000e+00
 1.000e-02]	2960.1332639870852
[1.960e+00 1.480e+00 1.092e+00 1.500e+00 1.000e-06 5.000e-01 1.000e+00
 5.000e-03 1.000e-03 1.000e-03 5.000e-01 5.000e+00 2.400e+04 5.000e+00
 1.000e-02]	2924.20254547937
[1.960e+00 1.520e+00 1.092e+00 1.500e+00 1.000e-06 5.000e-01 1.000e+00
 5.000e-03 1.000e-03 1.000e-03 5.000e-01 5.000e+00 2.400e+04 5.000e+00
 1.000e-02]	2941.1621787473064
[1.960e+00 1.560e+00 1.092e+00 1.500e+00 1.000e-06 5.000e-01 1.000e+00
 5.000e-03 1.000e-03 1.000e-03 5.000e-01 5.000e+00 2.400e+04 5.000e+00
 1.000e-02]	2932.0340915633456
[1.960e+00 1.600e+00 1.092e+00 1.500e+00 1.000e-06 5.000e-01 1.000e+00
 5.000e-03 1.000e-03 1.000e-03 5.000e-01 5.000e+00 2.400e+04 5.000e+00
 1.000e-02]	2942.457072862515
[1.960e+00 1.640e+00 1.092e+00 1.500e+00 1.000e-06 5.000e-01 1.000e+00
 5.000e-03 1.000e-03 1.000e-03 5.000e-01 5.000e+00 2.400e+04 5.000e+00
 1.000e-02]	2963.6344537681466
[1.960e+00 1.680e+00 1.092e+00 1.500e+00 1.000e-06 5.000e-01 1.000e+00
 5.000e-03 1.000e-03 1.000e-03 5.000e-01 5.000e+00 2.400e+04 5.000e+00
 1.000e-02]	2943.623038322828
[1.960e+00 1.720e+00 1.092e+00 1.500e+00 1.000e-06 5.000e-01 1.000e+00
 5.000e-03 1.000e-03 1.000e-03 5.000e-01 5.000e+00 2.400e+04 5.000e+00
 1.000e-02]	2944.387653263531
[1.960e+00 1.760e+00 1.092e+00 1.500e+00 1.000e-06 5.000e-01 1.000e+00
 5.000e-03 1.000e-03 1.000e-03 5.000e-01 5.000e+00 2.400e+04 5.000e+00
 1.000e-02]	2917.6254429666124
[1.960e+00 1.800e+00 1.092e+00 1.500e+00 1.000e-06 5.000e-01 1.000e+00
 5.000e-03 1.000e-03 1.000e-03 5.000e-01 5.000e+00 2.400e+04 5.000e+00
 1.000e-02]	2953.4527896529107
[1.960e+00 1.840e+00 1.092e+00 1.500e+00 1.000e-06 5.000e-01 1.000e+00
 5.000e-03 1.000e-03 1.000e-03 5.000e-01 5.000e+00 2.400e+04 5.000e+00
 1.000e-02]	2935.5371627710456
[1.960e+00 1.880e+00 1.092e+00 1.500e+00 1.000e-06 5.000e-01 1.000e+00
 5.000e-03 1.000e-03 1.000e-03 5.000e-01 5.000e+00 2.400e+04 5.000e+00
 1.000e-02]	2945.2100249426244
[1.960e+00 1.920e+00 1.092e+00 1.500e+00 1.000e-06 5.000e-01 1.000e+00
 5.000e-03 1.000e-03 1.000e-03 5.000e-01 5.000e+00 2.400e+04 5.000e+00
 1.000e-02]	2939.2012735052117
[1.960e+00 1.960e+00 1.092e+00 1.500e+00 1.000e-06 5.000e-01 1.000e+00
 5.000e-03 1.000e-03 1.000e-03 5.000e-01 5.000e+00 2.400e+04 5.000e+00
 1.000e-02]	2946.9906209219876
[1.96e+00 1.96e+00 0.00e+00 1.50e+00 1.00e-06 5.00e-01 1.00e+00 5.00e-03
 1.00e-03 1.00e-03 5.00e-01 5.00e+00 2.40e+04 5.00e+00 1.00e-02]	2958.7162935702972
[1.96e+00 1.96e+00 4.00e-02 1.50e+00 1.00e-06 5.00e-01 1.00e+00 5.00e-03
 1.00e-03 1.00e-03 5.00e-01 5.00e+00 2.40e+04 5.00e+00 1.00e-02]	2943.2509518344555
[1.96e+00 1.96e+00 8.00e-02 1.50e+00 1.00e-06 5.00e-01 1.00e+00 5.00e-03
 1.00e-03 1.00e-03 5.00e-01 5.00e+00 2.40e+04 5.00e+00 1.00e-02]	2947.6754300506
[1.96e+00 1.96e+00 1.20e-01 1.50e+00 1.00e-06 5.00e-01 1.00e+00 5.00e-03
 1.00e-03 1.00e-03 5.00e-01 5.00e+00 2.40e+04 5.00e+00 1.00e-02]	2935.014979645555
[1.96e+00 1.96e+00 1.60e-01 1.50e+00 1.00e-06 5.00e-01 1.00e+00 5.00e-03
 1.00e-03 1.00e-03 5.00e-01 5.00e+00 2.40e+04 5.00e+00 1.00e-02]	2934.2634788415266
[1.96e+00 1.96e+00 2.00e-01 1.50e+00 1.00e-06 5.00e-01 1.00e+00 5.00e-03
 1.00e-03 1.00e-03 5.00e-01 5.00e+00 2.40e+04 5.00e+00 1.00e-02]	2942.6956541807745
[1.96e+00 1.96e+00 2.40e-01 1.50e+00 1.00e-06 5.00e-01 1.00e+00 5.00e-03
 1.00e-03 1.00e-03 5.00e-01 5.00e+00 2.40e+04 5.00e+00 1.00e-02]	2939.0232199067846
[1.96e+00 1.96e+00 2.80e-01 1.50e+00 1.00e-06 5.00e-01 1.00e+00 5.00e-03
 1.00e-03 1.00e-03 5.00e-01 5.00e+00 2.40e+04 5.00e+00 1.00e-02]	2938.264857882587
[1.96e+00 1.96e+00 3.20e-01 1.50e+00 1.00e-06 5.00e-01 1.00e+00 5.00e-03
 1.00e-03 1.00e-03 5.00e-01 5.00e+00 2.40e+04 5.00e+00 1.00e-02]	2950.9344150651336
[1.96e+00 1.96e+00 3.60e-01 1.50e+00 1.00e-06 5.00e-01 1.00e+00 5.00e-03
 1.00e-03 1.00e-03 5.00e-01 5.00e+00 2.40e+04 5.00e+00 1.00e-02]	2936.100250209969
[1.96e+00 1.96e+00 4.00e-01 1.50e+00 1.00e-06 5.00e-01 1.00e+00 5.00e-03
 1.00e-03 1.00e-03 5.00e-01 5.00e+00 2.40e+04 5.00e+00 1.00e-02]	2944.976511439406
[1.96e+00 1.96e+00 4.40e-01 1.50e+00 1.00e-06 5.00e-01 1.00e+00 5.00e-03
 1.00e-03 1.00e-03 5.00e-01 5.00e+00 2.40e+04 5.00e+00 1.00e-02]	2950.3465776957037
[1.96e+00 1.96e+00 4.80e-01 1.50e+00 1.00e-06 5.00e-01 1.00e+00 5.00e-03
 1.00e-03 1.00e-03 5.00e-01 5.00e+00 2.40e+04 5.00e+00 1.00e-02]	2930.2737481107515
[1.96e+00 1.96e+00 5.20e-01 1.50e+00 1.00e-06 5.00e-01 1.00e+00 5.00e-03
 1.00e-03 1.00e-03 5.00e-01 5.00e+00 2.40e+04 5.00e+00 1.00e-02]	2943.7332107157335
[1.96e+00 1.96e+00 5.60e-01 1.50e+00 1.00e-06 5.00e-01 1.00e+00 5.00e-03
 1.00e-03 1.00e-03 5.00e-01 5.00e+00 2.40e+04 5.00e+00 1.00e-02]	2944.4587198958125
[1.96e+00 1.96e+00 6.00e-01 1.50e+00 1.00e-06 5.00e-01 1.00e+00 5.00e-03
 1.00e-03 1.00e-03 5.00e-01 5.00e+00 2.40e+04 5.00e+00 1.00e-02]	2936.829151559167
[1.96e+00 1.96e+00 6.40e-01 1.50e+00 1.00e-06 5.00e-01 1.00e+00 5.00e-03
 1.00e-03 1.00e-03 5.00e-01 5.00e+00 2.40e+04 5.00e+00 1.00e-02]	2949.441308880415
[1.96e+00 1.96e+00 6.80e-01 1.50e+00 1.00e-06 5.00e-01 1.00e+00 5.00e-03
 1.00e-03 1.00e-03 5.00e-01 5.00e+00 2.40e+04 5.00e+00 1.00e-02]	2949.441308880415
[1.96e+00 1.96e+00 7.20e-01 1.50e+00 1.00e-06 5.00e-01 1.00e+00 5.00e-03
 1.00e-03 1.00e-03 5.00e-01 5.00e+00 2.40e+04 5.00e+00 1.00e-02]	2944.883418869706
[1.96e+00 1.96e+00 7.60e-01 1.50e+00 1.00e-06 5.00e-01 1.00e+00 5.00e-03
 1.00e-03 1.00e-03 5.00e-01 5.00e+00 2.40e+04 5.00e+00 1.00e-02]	2946.7377119851694
[1.96e+00 1.96e+00 8.00e-01 1.50e+00 1.00e-06 5.00e-01 1.00e+00 5.00e-03
 1.00e-03 1.00e-03 5.00e-01 5.00e+00 2.40e+04 5.00e+00 1.00e-02]	2958.131269712575
[1.96e+00 1.96e+00 8.40e-01 1.50e+00 1.00e-06 5.00e-01 1.00e+00 5.00e-03
 1.00e-03 1.00e-03 5.00e-01 5.00e+00 2.40e+04 5.00e+00 1.00e-02]	2957.2455357044396
[1.96e+00 1.96e+00 8.80e-01 1.50e+00 1.00e-06 5.00e-01 1.00e+00 5.00e-03
 1.00e-03 1.00e-03 5.00e-01 5.00e+00 2.40e+04 5.00e+00 1.00e-02]	2961.5175001454913
[1.96e+00 1.96e+00 9.20e-01 1.50e+00 1.00e-06 5.00e-01 1.00e+00 5.00e-03
 1.00e-03 1.00e-03 5.00e-01 5.00e+00 2.40e+04 5.00e+00 1.00e-02]	2942.8141410416015
[1.96e+00 1.96e+00 9.60e-01 1.50e+00 1.00e-06 5.00e-01 1.00e+00 5.00e-03
 1.00e-03 1.00e-03 5.00e-01 5.00e+00 2.40e+04 5.00e+00 1.00e-02]	2950.9344150651336
[1.96e+00 1.96e+00 1.00e+00 1.50e+00 1.00e-06 5.00e-01 1.00e+00 5.00e-03
 1.00e-03 1.00e-03 5.00e-01 5.00e+00 2.40e+04 5.00e+00 1.00e-02]	2945.276143756994
[1.96e+00 1.96e+00 1.04e+00 1.50e+00 1.00e-06 5.00e-01 1.00e+00 5.00e-03
 1.00e-03 1.00e-03 5.00e-01 5.00e+00 2.40e+04 5.00e+00 1.00e-02]	2930.991921772877
[1.96e+00 1.96e+00 1.08e+00 1.50e+00 1.00e-06 5.00e-01 1.00e+00 5.00e-03
 1.00e-03 1.00e-03 5.00e-01 5.00e+00 2.40e+04 5.00e+00 1.00e-02]	2947.1150145720258
[1.96e+00 1.96e+00 1.12e+00 1.50e+00 1.00e-06 5.00e-01 1.00e+00 5.00e-03
 1.00e-03 1.00e-03 5.00e-01 5.00e+00 2.40e+04 5.00e+00 1.00e-02]	2948.677207056802
[1.96e+00 1.96e+00 1.16e+00 1.50e+00 1.00e-06 5.00e-01 1.00e+00 5.00e-03
 1.00e-03 1.00e-03 5.00e-01 5.00e+00 2.40e+04 5.00e+00 1.00e-02]	2933.5773311726666
[1.96e+00 1.96e+00 1.20e+00 1.50e+00 1.00e-06 5.00e-01 1.00e+00 5.00e-03
 1.00e-03 1.00e-03 5.00e-01 5.00e+00 2.40e+04 5.00e+00 1.00e-02]	2929.1657810701613
[1.96e+00 1.96e+00 1.24e+00 1.50e+00 1.00e-06 5.00e-01 1.00e+00 5.00e-03
 1.00e-03 1.00e-03 5.00e-01 5.00e+00 2.40e+04 5.00e+00 1.00e-02]	2945.6992199175615
[1.96e+00 1.96e+00 1.28e+00 1.50e+00 1.00e-06 5.00e-01 1.00e+00 5.00e-03
 1.00e-03 1.00e-03 5.00e-01 5.00e+00 2.40e+04 5.00e+00 1.00e-02]	2952.56937893734
[1.96e+00 1.96e+00 1.32e+00 1.50e+00 1.00e-06 5.00e-01 1.00e+00 5.00e-03
 1.00e-03 1.00e-03 5.00e-01 5.00e+00 2.40e+04 5.00e+00 1.00e-02]	2946.345234796042
[1.96e+00 1.96e+00 1.36e+00 1.50e+00 1.00e-06 5.00e-01 1.00e+00 5.00e-03
 1.00e-03 1.00e-03 5.00e-01 5.00e+00 2.40e+04 5.00e+00 1.00e-02]	2934.90591936317
[1.96e+00 1.96e+00 1.40e+00 1.50e+00 1.00e-06 5.00e-01 1.00e+00 5.00e-03
 1.00e-03 1.00e-03 5.00e-01 5.00e+00 2.40e+04 5.00e+00 1.00e-02]	2962.138838672276
[1.96e+00 1.96e+00 1.44e+00 1.50e+00 1.00e-06 5.00e-01 1.00e+00 5.00e-03
 1.00e-03 1.00e-03 5.00e-01 5.00e+00 2.40e+04 5.00e+00 1.00e-02]	2942.846606347126
[1.96e+00 1.96e+00 1.48e+00 1.50e+00 1.00e-06 5.00e-01 1.00e+00 5.00e-03
 1.00e-03 1.00e-03 5.00e-01 5.00e+00 2.40e+04 5.00e+00 1.00e-02]	2942.2421837504617
[1.96e+00 1.96e+00 1.52e+00 1.50e+00 1.00e-06 5.00e-01 1.00e+00 5.00e-03
 1.00e-03 1.00e-03 5.00e-01 5.00e+00 2.40e+04 5.00e+00 1.00e-02]	2959.621770345236
[1.96e+00 1.96e+00 1.56e+00 1.50e+00 1.00e-06 5.00e-01 1.00e+00 5.00e-03
 1.00e-03 1.00e-03 5.00e-01 5.00e+00 2.40e+04 5.00e+00 1.00e-02]	2947.1150145720258
[1.96e+00 1.96e+00 1.60e+00 1.50e+00 1.00e-06 5.00e-01 1.00e+00 5.00e-03
 1.00e-03 1.00e-03 5.00e-01 5.00e+00 2.40e+04 5.00e+00 1.00e-02]	2950.9184662029115
[1.96e+00 1.96e+00 1.64e+00 1.50e+00 1.00e-06 5.00e-01 1.00e+00 5.00e-03
 1.00e-03 1.00e-03 5.00e-01 5.00e+00 2.40e+04 5.00e+00 1.00e-02]	2944.0396692273603
[1.96e+00 1.96e+00 1.68e+00 1.50e+00 1.00e-06 5.00e-01 1.00e+00 5.00e-03
 1.00e-03 1.00e-03 5.00e-01 5.00e+00 2.40e+04 5.00e+00 1.00e-02]	2935.184225715277
[1.96e+00 1.96e+00 1.72e+00 1.50e+00 1.00e-06 5.00e-01 1.00e+00 5.00e-03
 1.00e-03 1.00e-03 5.00e-01 5.00e+00 2.40e+04 5.00e+00 1.00e-02]	2963.6222316048425
[1.96e+00 1.96e+00 1.76e+00 1.50e+00 1.00e-06 5.00e-01 1.00e+00 5.00e-03
 1.00e-03 1.00e-03 5.00e-01 5.00e+00 2.40e+04 5.00e+00 1.00e-02]	2952.56937893734
[1.96e+00 1.96e+00 1.80e+00 1.50e+00 1.00e-06 5.00e-01 1.00e+00 5.00e-03
 1.00e-03 1.00e-03 5.00e-01 5.00e+00 2.40e+04 5.00e+00 1.00e-02]	2966.6512037538796
[1.96e+00 1.96e+00 1.84e+00 1.50e+00 1.00e-06 5.00e-01 1.00e+00 5.00e-03
 1.00e-03 1.00e-03 5.00e-01 5.00e+00 2.40e+04 5.00e+00 1.00e-02]	2934.1447875653726
[1.96e+00 1.96e+00 1.88e+00 1.50e+00 1.00e-06 5.00e-01 1.00e+00 5.00e-03
 1.00e-03 1.00e-03 5.00e-01 5.00e+00 2.40e+04 5.00e+00 1.00e-02]	2935.801873579749
[1.96e+00 1.96e+00 1.92e+00 1.50e+00 1.00e-06 5.00e-01 1.00e+00 5.00e-03
 1.00e-03 1.00e-03 5.00e-01 5.00e+00 2.40e+04 5.00e+00 1.00e-02]	2950.5856895094316
[1.96e+00 1.96e+00 1.96e+00 1.50e+00 1.00e-06 5.00e-01 1.00e+00 5.00e-03
 1.00e-03 1.00e-03 5.00e-01 5.00e+00 2.40e+04 5.00e+00 1.00e-02]	2958.131269712575
[1.96e+00 1.96e+00 1.96e+00 0.00e+00 1.00e-06 5.00e-01 1.00e+00 5.00e-03
 1.00e-03 1.00e-03 5.00e-01 5.00e+00 2.40e+04 5.00e+00 1.00e-02]	2924.4578940403676
[1.96e+00 1.96e+00 1.96e+00 4.00e-02 1.00e-06 5.00e-01 1.00e+00 5.00e-03
 1.00e-03 1.00e-03 5.00e-01 5.00e+00 2.40e+04 5.00e+00 1.00e-02]	2933.324815829601
[1.96e+00 1.96e+00 1.96e+00 8.00e-02 1.00e-06 5.00e-01 1.00e+00 5.00e-03
 1.00e-03 1.00e-03 5.00e-01 5.00e+00 2.40e+04 5.00e+00 1.00e-02]	2954.330936763807
[1.96e+00 1.96e+00 1.96e+00 1.20e-01 1.00e-06 5.00e-01 1.00e+00 5.00e-03
 1.00e-03 1.00e-03 5.00e-01 5.00e+00 2.40e+04 5.00e+00 1.00e-02]	2944.0396692273603
[1.96e+00 1.96e+00 1.96e+00 1.60e-01 1.00e-06 5.00e-01 1.00e+00 5.00e-03
 1.00e-03 1.00e-03 5.00e-01 5.00e+00 2.40e+04 5.00e+00 1.00e-02]	2942.052242780078
[1.96e+00 1.96e+00 1.96e+00 2.00e-01 1.00e-06 5.00e-01 1.00e+00 5.00e-03
 1.00e-03 1.00e-03 5.00e-01 5.00e+00 2.40e+04 5.00e+00 1.00e-02]	2951.9551311472687
[1.96e+00 1.96e+00 1.96e+00 2.40e-01 1.00e-06 5.00e-01 1.00e+00 5.00e-03
 1.00e-03 1.00e-03 5.00e-01 5.00e+00 2.40e+04 5.00e+00 1.00e-02]	2944.883418869706
[1.96e+00 1.96e+00 1.96e+00 2.80e-01 1.00e-06 5.00e-01 1.00e+00 5.00e-03
 1.00e-03 1.00e-03 5.00e-01 5.00e+00 2.40e+04 5.00e+00 1.00e-02]	2934.6294319229414
[1.96e+00 1.96e+00 1.96e+00 3.20e-01 1.00e-06 5.00e-01 1.00e+00 5.00e-03
 1.00e-03 1.00e-03 5.00e-01 5.00e+00 2.40e+04 5.00e+00 1.00e-02]	2935.132483593923
[1.96e+00 1.96e+00 1.96e+00 3.60e-01 1.00e-06 5.00e-01 1.00e+00 5.00e-03
 1.00e-03 1.00e-03 5.00e-01 5.00e+00 2.40e+04 5.00e+00 1.00e-02]	2948.775378129774
[1.96e+00 1.96e+00 1.96e+00 4.00e-01 1.00e-06 5.00e-01 1.00e+00 5.00e-03
 1.00e-03 1.00e-03 5.00e-01 5.00e+00 2.40e+04 5.00e+00 1.00e-02]	2945.146870281391
[1.96e+00 1.96e+00 1.96e+00 4.40e-01 1.00e-06 5.00e-01 1.00e+00 5.00e-03
 1.00e-03 1.00e-03 5.00e-01 5.00e+00 2.40e+04 5.00e+00 1.00e-02]	2950.3465776957037
[1.96e+00 1.96e+00 1.96e+00 4.80e-01 1.00e-06 5.00e-01 1.00e+00 5.00e-03
 1.00e-03 1.00e-03 5.00e-01 5.00e+00 2.40e+04 5.00e+00 1.00e-02]	2941.228345269442
[1.96e+00 1.96e+00 1.96e+00 5.20e-01 1.00e-06 5.00e-01 1.00e+00 5.00e-03
 1.00e-03 1.00e-03 5.00e-01 5.00e+00 2.40e+04 5.00e+00 1.00e-02]	2946.216552997781
[1.96e+00 1.96e+00 1.96e+00 5.60e-01 1.00e-06 5.00e-01 1.00e+00 5.00e-03
 1.00e-03 1.00e-03 5.00e-01 5.00e+00 2.40e+04 5.00e+00 1.00e-02]	2964.7604492113696
[1.96e+00 1.96e+00 1.96e+00 6.00e-01 1.00e-06 5.00e-01 1.00e+00 5.00e-03
 1.00e-03 1.00e-03 5.00e-01 5.00e+00 2.40e+04 5.00e+00 1.00e-02]	2947.1150145720258
[1.96e+00 1.96e+00 1.96e+00 6.40e-01 1.00e-06 5.00e-01 1.00e+00 5.00e-03
 1.00e-03 1.00e-03 5.00e-01 5.00e+00 2.40e+04 5.00e+00 1.00e-02]	2947.1150145720258
[1.96e+00 1.96e+00 1.96e+00 6.80e-01 1.00e-06 5.00e-01 1.00e+00 5.00e-03
 1.00e-03 1.00e-03 5.00e-01 5.00e+00 2.40e+04 5.00e+00 1.00e-02]	2956.090035807112
[1.96e+00 1.96e+00 1.96e+00 7.20e-01 1.00e-06 5.00e-01 1.00e+00 5.00e-03
 1.00e-03 1.00e-03 5.00e-01 5.00e+00 2.40e+04 5.00e+00 1.00e-02]	2947.1150145720258
[1.96e+00 1.96e+00 1.96e+00 7.60e-01 1.00e-06 5.00e-01 1.00e+00 5.00e-03
 1.00e-03 1.00e-03 5.00e-01 5.00e+00 2.40e+04 5.00e+00 1.00e-02]	2932.974985532076
[1.96e+00 1.96e+00 1.96e+00 8.00e-01 1.00e-06 5.00e-01 1.00e+00 5.00e-03
 1.00e-03 1.00e-03 5.00e-01 5.00e+00 2.40e+04 5.00e+00 1.00e-02]	2929.5808582035597
[1.96e+00 1.96e+00 1.96e+00 8.40e-01 1.00e-06 5.00e-01 1.00e+00 5.00e-03
 1.00e-03 1.00e-03 5.00e-01 5.00e+00 2.40e+04 5.00e+00 1.00e-02]	2941.5919726981065
[1.96e+00 1.96e+00 1.96e+00 8.80e-01 1.00e-06 5.00e-01 1.00e+00 5.00e-03
 1.00e-03 1.00e-03 5.00e-01 5.00e+00 2.40e+04 5.00e+00 1.00e-02]	2943.074014682929
[1.96e+00 1.96e+00 1.96e+00 9.20e-01 1.00e-06 5.00e-01 1.00e+00 5.00e-03
 1.00e-03 1.00e-03 5.00e-01 5.00e+00 2.40e+04 5.00e+00 1.00e-02]	2932.742705135109
[1.96e+00 1.96e+00 1.96e+00 9.60e-01 1.00e-06 5.00e-01 1.00e+00 5.00e-03
 1.00e-03 1.00e-03 5.00e-01 5.00e+00 2.40e+04 5.00e+00 1.00e-02]	2947.1150145720258
[1.96e+00 1.96e+00 1.96e+00 1.00e+00 1.00e-06 5.00e-01 1.00e+00 5.00e-03
 1.00e-03 1.00e-03 5.00e-01 5.00e+00 2.40e+04 5.00e+00 1.00e-02]	2947.545148245648
[1.96e+00 1.96e+00 1.96e+00 1.04e+00 1.00e-06 5.00e-01 1.00e+00 5.00e-03
 1.00e-03 1.00e-03 5.00e-01 5.00e+00 2.40e+04 5.00e+00 1.00e-02]	2928.669994370846
[1.96e+00 1.96e+00 1.96e+00 1.08e+00 1.00e-06 5.00e-01 1.00e+00 5.00e-03
 1.00e-03 1.00e-03 5.00e-01 5.00e+00 2.40e+04 5.00e+00 1.00e-02]	2940.7154659782977
[1.96e+00 1.96e+00 1.96e+00 1.12e+00 1.00e-06 5.00e-01 1.00e+00 5.00e-03
 1.00e-03 1.00e-03 5.00e-01 5.00e+00 2.40e+04 5.00e+00 1.00e-02]	2950.9344150651336
[1.96e+00 1.96e+00 1.96e+00 1.16e+00 1.00e-06 5.00e-01 1.00e+00 5.00e-03
 1.00e-03 1.00e-03 5.00e-01 5.00e+00 2.40e+04 5.00e+00 1.00e-02]	2932.7604687764733
[1.96e+00 1.96e+00 1.96e+00 1.20e+00 1.00e-06 5.00e-01 1.00e+00 5.00e-03
 1.00e-03 1.00e-03 5.00e-01 5.00e+00 2.40e+04 5.00e+00 1.00e-02]	2943.781868809742
[1.96e+00 1.96e+00 1.96e+00 1.24e+00 1.00e-06 5.00e-01 1.00e+00 5.00e-03
 1.00e-03 1.00e-03 5.00e-01 5.00e+00 2.40e+04 5.00e+00 1.00e-02]	2954.330936763807
[1.96e+00 1.96e+00 1.96e+00 1.28e+00 1.00e-06 5.00e-01 1.00e+00 5.00e-03
 1.00e-03 1.00e-03 5.00e-01 5.00e+00 2.40e+04 5.00e+00 1.00e-02]	2950.9184662029115
[1.96e+00 1.96e+00 1.96e+00 1.32e+00 1.00e-06 5.00e-01 1.00e+00 5.00e-03
 1.00e-03 1.00e-03 5.00e-01 5.00e+00 2.40e+04 5.00e+00 1.00e-02]	2950.0527261221982
[1.96e+00 1.96e+00 1.96e+00 1.36e+00 1.00e-06 5.00e-01 1.00e+00 5.00e-03
 1.00e-03 1.00e-03 5.00e-01 5.00e+00 2.40e+04 5.00e+00 1.00e-02]	2944.8580555029184
[1.96e+00 1.96e+00 1.96e+00 1.40e+00 1.00e-06 5.00e-01 1.00e+00 5.00e-03
 1.00e-03 1.00e-03 5.00e-01 5.00e+00 2.40e+04 5.00e+00 1.00e-02]	2932.3852141646416
[1.96e+00 1.96e+00 1.96e+00 1.44e+00 1.00e-06 5.00e-01 1.00e+00 5.00e-03
 1.00e-03 1.00e-03 5.00e-01 5.00e+00 2.40e+04 5.00e+00 1.00e-02]	2963.630912845508
[1.96e+00 1.96e+00 1.96e+00 1.48e+00 1.00e-06 5.00e-01 1.00e+00 5.00e-03
 1.00e-03 1.00e-03 5.00e-01 5.00e+00 2.40e+04 5.00e+00 1.00e-02]	2944.6514005875515
[1.96e+00 1.96e+00 1.96e+00 1.52e+00 1.00e-06 5.00e-01 1.00e+00 5.00e-03
 1.00e-03 1.00e-03 5.00e-01 5.00e+00 2.40e+04 5.00e+00 1.00e-02]	2948.677207056802
[1.96e+00 1.96e+00 1.96e+00 1.56e+00 1.00e-06 5.00e-01 1.00e+00 5.00e-03
 1.00e-03 1.00e-03 5.00e-01 5.00e+00 2.40e+04 5.00e+00 1.00e-02]	2949.9178312892163
[1.96e+00 1.96e+00 1.96e+00 1.60e+00 1.00e-06 5.00e-01 1.00e+00 5.00e-03
 1.00e-03 1.00e-03 5.00e-01 5.00e+00 2.40e+04 5.00e+00 1.00e-02]	2958.7162935702972
[1.96e+00 1.96e+00 1.96e+00 1.64e+00 1.00e-06 5.00e-01 1.00e+00 5.00e-03
 1.00e-03 1.00e-03 5.00e-01 5.00e+00 2.40e+04 5.00e+00 1.00e-02]	2944.4587198958125
[1.96e+00 1.96e+00 1.96e+00 1.68e+00 1.00e-06 5.00e-01 1.00e+00 5.00e-03
 1.00e-03 1.00e-03 5.00e-01 5.00e+00 2.40e+04 5.00e+00 1.00e-02]	2941.454124583128
[1.96e+00 1.96e+00 1.96e+00 1.72e+00 1.00e-06 5.00e-01 1.00e+00 5.00e-03
 1.00e-03 1.00e-03 5.00e-01 5.00e+00 2.40e+04 5.00e+00 1.00e-02]	2966.5727764056755
[1.96e+00 1.96e+00 1.96e+00 1.76e+00 1.00e-06 5.00e-01 1.00e+00 5.00e-03
 1.00e-03 1.00e-03 5.00e-01 5.00e+00 2.40e+04 5.00e+00 1.00e-02]	2936.100250209969
[1.96e+00 1.96e+00 1.96e+00 1.80e+00 1.00e-06 5.00e-01 1.00e+00 5.00e-03
 1.00e-03 1.00e-03 5.00e-01 5.00e+00 2.40e+04 5.00e+00 1.00e-02]	2933.3356260921537
[1.96e+00 1.96e+00 1.96e+00 1.84e+00 1.00e-06 5.00e-01 1.00e+00 5.00e-03
 1.00e-03 1.00e-03 5.00e-01 5.00e+00 2.40e+04 5.00e+00 1.00e-02]	2933.069439440665
[1.96e+00 1.96e+00 1.96e+00 1.88e+00 1.00e-06 5.00e-01 1.00e+00 5.00e-03
 1.00e-03 1.00e-03 5.00e-01 5.00e+00 2.40e+04 5.00e+00 1.00e-02]	2946.345234796042
[1.96e+00 1.96e+00 1.96e+00 1.92e+00 1.00e-06 5.00e-01 1.00e+00 5.00e-03
 1.00e-03 1.00e-03 5.00e-01 5.00e+00 2.40e+04 5.00e+00 1.00e-02]	2945.93867738624
[1.96e+00 1.96e+00 1.96e+00 1.96e+00 1.00e-06 5.00e-01 1.00e+00 5.00e-03
 1.00e-03 1.00e-03 5.00e-01 5.00e+00 2.40e+04 5.00e+00 1.00e-02]	2936.7991229064187
[1.96e+00 1.96e+00 1.96e+00 1.96e+00 5.00e-07 5.00e-01 1.00e+00 5.00e-03
 1.00e-03 1.00e-03 5.00e-01 5.00e+00 2.40e+04 5.00e+00 1.00e-02]	2959.366629365121
[1.96e+00 1.96e+00 1.96e+00 1.96e+00 5.30e-07 5.00e-01 1.00e+00 5.00e-03
 1.00e-03 1.00e-03 5.00e-01 5.00e+00 2.40e+04 5.00e+00 1.00e-02]	2944.6344096646935
[1.96e+00 1.96e+00 1.96e+00 1.96e+00 5.60e-07 5.00e-01 1.00e+00 5.00e-03
 1.00e-03 1.00e-03 5.00e-01 5.00e+00 2.40e+04 5.00e+00 1.00e-02]	2950.9184662029115
[1.96e+00 1.96e+00 1.96e+00 1.96e+00 5.90e-07 5.00e-01 1.00e+00 5.00e-03
 1.00e-03 1.00e-03 5.00e-01 5.00e+00 2.40e+04 5.00e+00 1.00e-02]	2944.883418869706
[1.96e+00 1.96e+00 1.96e+00 1.96e+00 6.20e-07 5.00e-01 1.00e+00 5.00e-03
 1.00e-03 1.00e-03 5.00e-01 5.00e+00 2.40e+04 5.00e+00 1.00e-02]	2932.4744350717892
[1.96e+00 1.96e+00 1.96e+00 1.96e+00 6.50e-07 5.00e-01 1.00e+00 5.00e-03
 1.00e-03 1.00e-03 5.00e-01 5.00e+00 2.40e+04 5.00e+00 1.00e-02]	2930.255213275045
[1.96e+00 1.96e+00 1.96e+00 1.96e+00 6.80e-07 5.00e-01 1.00e+00 5.00e-03
 1.00e-03 1.00e-03 5.00e-01 5.00e+00 2.40e+04 5.00e+00 1.00e-02]	2949.0781982823833
[1.96e+00 1.96e+00 1.96e+00 1.96e+00 7.10e-07 5.00e-01 1.00e+00 5.00e-03
 1.00e-03 1.00e-03 5.00e-01 5.00e+00 2.40e+04 5.00e+00 1.00e-02]	2944.883418869706
[1.96e+00 1.96e+00 1.96e+00 1.96e+00 7.40e-07 5.00e-01 1.00e+00 5.00e-03
 1.00e-03 1.00e-03 5.00e-01 5.00e+00 2.40e+04 5.00e+00 1.00e-02]	2935.0523030676127
[1.96e+00 1.96e+00 1.96e+00 1.96e+00 7.70e-07 5.00e-01 1.00e+00 5.00e-03
 1.00e-03 1.00e-03 5.00e-01 5.00e+00 2.40e+04 5.00e+00 1.00e-02]	2957.7889250732833
[1.96e+00 1.96e+00 1.96e+00 1.96e+00 8.00e-07 5.00e-01 1.00e+00 5.00e-03
 1.00e-03 1.00e-03 5.00e-01 5.00e+00 2.40e+04 5.00e+00 1.00e-02]	2947.6034139200683
[1.96e+00 1.96e+00 1.96e+00 1.96e+00 8.30e-07 5.00e-01 1.00e+00 5.00e-03
 1.00e-03 1.00e-03 5.00e-01 5.00e+00 2.40e+04 5.00e+00 1.00e-02]	2948.775378129774
[1.96e+00 1.96e+00 1.96e+00 1.96e+00 8.60e-07 5.00e-01 1.00e+00 5.00e-03
 1.00e-03 1.00e-03 5.00e-01 5.00e+00 2.40e+04 5.00e+00 1.00e-02]	2950.9344150651336
[1.96e+00 1.96e+00 1.96e+00 1.96e+00 8.90e-07 5.00e-01 1.00e+00 5.00e-03
 1.00e-03 1.00e-03 5.00e-01 5.00e+00 2.40e+04 5.00e+00 1.00e-02]	2933.896415706408
[1.96e+00 1.96e+00 1.96e+00 1.96e+00 9.20e-07 5.00e-01 1.00e+00 5.00e-03
 1.00e-03 1.00e-03 5.00e-01 5.00e+00 2.40e+04 5.00e+00 1.00e-02]	2931.1717217695873
[1.96e+00 1.96e+00 1.96e+00 1.96e+00 9.50e-07 5.00e-01 1.00e+00 5.00e-03
 1.00e-03 1.00e-03 5.00e-01 5.00e+00 2.40e+04 5.00e+00 1.00e-02]	2946.806875585004
[1.96e+00 1.96e+00 1.96e+00 1.96e+00 9.80e-07 5.00e-01 1.00e+00 5.00e-03
 1.00e-03 1.00e-03 5.00e-01 5.00e+00 2.40e+04 5.00e+00 1.00e-02]	2945.197385109573
[1.96e+00 1.96e+00 1.96e+00 1.96e+00 1.01e-06 5.00e-01 1.00e+00 5.00e-03
 1.00e-03 1.00e-03 5.00e-01 5.00e+00 2.40e+04 5.00e+00 1.00e-02]	2958.7162935702972
[1.96e+00 1.96e+00 1.96e+00 1.96e+00 1.04e-06 5.00e-01 1.00e+00 5.00e-03
 1.00e-03 1.00e-03 5.00e-01 5.00e+00 2.40e+04 5.00e+00 1.00e-02]	2946.7019226419043
[1.96e+00 1.96e+00 1.96e+00 1.96e+00 1.07e-06 5.00e-01 1.00e+00 5.00e-03
 1.00e-03 1.00e-03 5.00e-01 5.00e+00 2.40e+04 5.00e+00 1.00e-02]	2940.2623228017856
[1.96e+00 1.96e+00 1.96e+00 1.96e+00 1.10e-06 5.00e-01 1.00e+00 5.00e-03
 1.00e-03 1.00e-03 5.00e-01 5.00e+00 2.40e+04 5.00e+00 1.00e-02]	2933.294886982293
[1.96e+00 1.96e+00 1.96e+00 1.96e+00 1.13e-06 5.00e-01 1.00e+00 5.00e-03
 1.00e-03 1.00e-03 5.00e-01 5.00e+00 2.40e+04 5.00e+00 1.00e-02]	2943.6869907364594
[1.96e+00 1.96e+00 1.96e+00 1.96e+00 1.16e-06 5.00e-01 1.00e+00 5.00e-03
 1.00e-03 1.00e-03 5.00e-01 5.00e+00 2.40e+04 5.00e+00 1.00e-02]	2944.21853706421
[1.96e+00 1.96e+00 1.96e+00 1.96e+00 1.19e-06 5.00e-01 1.00e+00 5.00e-03
 1.00e-03 1.00e-03 5.00e-01 5.00e+00 2.40e+04 5.00e+00 1.00e-02]	2954.330936763807
[1.96e+00 1.96e+00 1.96e+00 1.96e+00 1.22e-06 5.00e-01 1.00e+00 5.00e-03
 1.00e-03 1.00e-03 5.00e-01 5.00e+00 2.40e+04 5.00e+00 1.00e-02]	2947.522460860983
[1.96e+00 1.96e+00 1.96e+00 1.96e+00 1.25e-06 5.00e-01 1.00e+00 5.00e-03
 1.00e-03 1.00e-03 5.00e-01 5.00e+00 2.40e+04 5.00e+00 1.00e-02]	2950.2759248859934
[1.96e+00 1.96e+00 1.96e+00 1.96e+00 1.28e-06 5.00e-01 1.00e+00 5.00e-03
 1.00e-03 1.00e-03 5.00e-01 5.00e+00 2.40e+04 5.00e+00 1.00e-02]	2949.335737196037
[1.96e+00 1.96e+00 1.96e+00 1.96e+00 1.31e-06 5.00e-01 1.00e+00 5.00e-03
 1.00e-03 1.00e-03 5.00e-01 5.00e+00 2.40e+04 5.00e+00 1.00e-02]	2942.7677011039127
[1.96e+00 1.96e+00 1.96e+00 1.96e+00 1.34e-06 5.00e-01 1.00e+00 5.00e-03
 1.00e-03 1.00e-03 5.00e-01 5.00e+00 2.40e+04 5.00e+00 1.00e-02]	2950.3465776957037
[1.96e+00 1.96e+00 1.96e+00 1.96e+00 1.37e-06 5.00e-01 1.00e+00 5.00e-03
 1.00e-03 1.00e-03 5.00e-01 5.00e+00 2.40e+04 5.00e+00 1.00e-02]	2950.9344150651336
[1.96e+00 1.96e+00 1.96e+00 1.96e+00 1.40e-06 5.00e-01 1.00e+00 5.00e-03
 1.00e-03 1.00e-03 5.00e-01 5.00e+00 2.40e+04 5.00e+00 1.00e-02]	2934.8769010152596
[1.96e+00 1.96e+00 1.96e+00 1.96e+00 1.43e-06 5.00e-01 1.00e+00 5.00e-03
 1.00e-03 1.00e-03 5.00e-01 5.00e+00 2.40e+04 5.00e+00 1.00e-02]	2950.9344150651336
[1.96e+00 1.96e+00 1.96e+00 1.96e+00 1.46e-06 5.00e-01 1.00e+00 5.00e-03
 1.00e-03 1.00e-03 5.00e-01 5.00e+00 2.40e+04 5.00e+00 1.00e-02]	2962.791710426497
[1.96e+00 1.96e+00 1.96e+00 1.96e+00 1.49e-06 5.00e-01 1.00e+00 5.00e-03
 1.00e-03 1.00e-03 5.00e-01 5.00e+00 2.40e+04 5.00e+00 1.00e-02]	2952.880710659312
[1.96e+00 1.96e+00 1.96e+00 1.96e+00 1.52e-06 5.00e-01 1.00e+00 5.00e-03
 1.00e-03 1.00e-03 5.00e-01 5.00e+00 2.40e+04 5.00e+00 1.00e-02]	2938.7381519938153
[1.96e+00 1.96e+00 1.96e+00 1.96e+00 1.55e-06 5.00e-01 1.00e+00 5.00e-03
 1.00e-03 1.00e-03 5.00e-01 5.00e+00 2.40e+04 5.00e+00 1.00e-02]	2943.7887622463986
[1.96e+00 1.96e+00 1.96e+00 1.96e+00 1.58e-06 5.00e-01 1.00e+00 5.00e-03
 1.00e-03 1.00e-03 5.00e-01 5.00e+00 2.40e+04 5.00e+00 1.00e-02]	2937.8806673511726
[1.96e+00 1.96e+00 1.96e+00 1.96e+00 1.61e-06 5.00e-01 1.00e+00 5.00e-03
 1.00e-03 1.00e-03 5.00e-01 5.00e+00 2.40e+04 5.00e+00 1.00e-02]	2944.4587198958125
[1.96e+00 1.96e+00 1.96e+00 1.96e+00 1.64e-06 5.00e-01 1.00e+00 5.00e-03
 1.00e-03 1.00e-03 5.00e-01 5.00e+00 2.40e+04 5.00e+00 1.00e-02]	2945.6992199175615
[1.96e+00 1.96e+00 1.96e+00 1.96e+00 1.67e-06 5.00e-01 1.00e+00 5.00e-03
 1.00e-03 1.00e-03 5.00e-01 5.00e+00 2.40e+04 5.00e+00 1.00e-02]	2941.018516279859
[1.96e+00 1.96e+00 1.96e+00 1.96e+00 1.70e-06 5.00e-01 1.00e+00 5.00e-03
 1.00e-03 1.00e-03 5.00e-01 5.00e+00 2.40e+04 5.00e+00 1.00e-02]	2951.1578273971904
[1.96e+00 1.96e+00 1.96e+00 1.96e+00 1.73e-06 5.00e-01 1.00e+00 5.00e-03
 1.00e-03 1.00e-03 5.00e-01 5.00e+00 2.40e+04 5.00e+00 1.00e-02]	2924.2619765455715
[1.96e+00 1.96e+00 1.96e+00 1.96e+00 1.76e-06 5.00e-01 1.00e+00 5.00e-03
 1.00e-03 1.00e-03 5.00e-01 5.00e+00 2.40e+04 5.00e+00 1.00e-02]	2933.5773311726666
[1.96e+00 1.96e+00 1.96e+00 1.96e+00 1.79e-06 5.00e-01 1.00e+00 5.00e-03
 1.00e-03 1.00e-03 5.00e-01 5.00e+00 2.40e+04 5.00e+00 1.00e-02]	2958.131269712575
[1.96e+00 1.96e+00 1.96e+00 1.96e+00 1.82e-06 5.00e-01 1.00e+00 5.00e-03
 1.00e-03 1.00e-03 5.00e-01 5.00e+00 2.40e+04 5.00e+00 1.00e-02]	2935.952066822288
[1.96e+00 1.96e+00 1.96e+00 1.96e+00 1.85e-06 5.00e-01 1.00e+00 5.00e-03
 1.00e-03 1.00e-03 5.00e-01 5.00e+00 2.40e+04 5.00e+00 1.00e-02]	2944.0300591405435
[1.96e+00 1.96e+00 1.96e+00 1.96e+00 1.88e-06 5.00e-01 1.00e+00 5.00e-03
 1.00e-03 1.00e-03 5.00e-01 5.00e+00 2.40e+04 5.00e+00 1.00e-02]	2959.621770345236
[1.96e+00 1.96e+00 1.96e+00 1.96e+00 1.91e-06 5.00e-01 1.00e+00 5.00e-03
 1.00e-03 1.00e-03 5.00e-01 5.00e+00 2.40e+04 5.00e+00 1.00e-02]	2940.5612824552695
[1.96e+00 1.96e+00 1.96e+00 1.96e+00 1.94e-06 5.00e-01 1.00e+00 5.00e-03
 1.00e-03 1.00e-03 5.00e-01 5.00e+00 2.40e+04 5.00e+00 1.00e-02]	2958.1676060991567
[1.96e+00 1.96e+00 1.96e+00 1.96e+00 1.97e-06 5.00e-01 1.00e+00 5.00e-03
 1.00e-03 1.00e-03 5.00e-01 5.00e+00 2.40e+04 5.00e+00 1.00e-02]	2953.1086929500298
[1.96e+00 1.96e+00 1.96e+00 1.96e+00 1.97e-06 0.00e+00 1.00e+00 5.00e-03
 1.00e-03 1.00e-03 5.00e-01 5.00e+00 2.40e+04 5.00e+00 1.00e-02]	2949.441308880415
[1.96e+00 1.96e+00 1.96e+00 1.96e+00 1.97e-06 2.00e-02 1.00e+00 5.00e-03
 1.00e-03 1.00e-03 5.00e-01 5.00e+00 2.40e+04 5.00e+00 1.00e-02]	2936.636934719632
[1.96e+00 1.96e+00 1.96e+00 1.96e+00 1.97e-06 4.00e-02 1.00e+00 5.00e-03
 1.00e-03 1.00e-03 5.00e-01 5.00e+00 2.40e+04 5.00e+00 1.00e-02]	2943.5397275726395
[1.96e+00 1.96e+00 1.96e+00 1.96e+00 1.97e-06 6.00e-02 1.00e+00 5.00e-03
 1.00e-03 1.00e-03 5.00e-01 5.00e+00 2.40e+04 5.00e+00 1.00e-02]	2935.0523030676127
[1.96e+00 1.96e+00 1.96e+00 1.96e+00 1.97e-06 8.00e-02 1.00e+00 5.00e-03
 1.00e-03 1.00e-03 5.00e-01 5.00e+00 2.40e+04 5.00e+00 1.00e-02]	2933.2167376833527
[1.96e+00 1.96e+00 1.96e+00 1.96e+00 1.97e-06 1.00e-01 1.00e+00 5.00e-03
 1.00e-03 1.00e-03 5.00e-01 5.00e+00 2.40e+04 5.00e+00 1.00e-02]	2930.753723449889
[1.96e+00 1.96e+00 1.96e+00 1.96e+00 1.97e-06 1.20e-01 1.00e+00 5.00e-03
 1.00e-03 1.00e-03 5.00e-01 5.00e+00 2.40e+04 5.00e+00 1.00e-02]	2942.5137957863694
[1.96e+00 1.96e+00 1.96e+00 1.96e+00 1.97e-06 1.40e-01 1.00e+00 5.00e-03
 1.00e-03 1.00e-03 5.00e-01 5.00e+00 2.40e+04 5.00e+00 1.00e-02]	2930.683971078485
[1.96e+00 1.96e+00 1.96e+00 1.96e+00 1.97e-06 1.60e-01 1.00e+00 5.00e-03
 1.00e-03 1.00e-03 5.00e-01 5.00e+00 2.40e+04 5.00e+00 1.00e-02]	2948.775378129774
[1.96e+00 1.96e+00 1.96e+00 1.96e+00 1.97e-06 1.80e-01 1.00e+00 5.00e-03
 1.00e-03 1.00e-03 5.00e-01 5.00e+00 2.40e+04 5.00e+00 1.00e-02]	2947.1150145720258
[1.96e+00 1.96e+00 1.96e+00 1.96e+00 1.97e-06 2.00e-01 1.00e+00 5.00e-03
 1.00e-03 1.00e-03 5.00e-01 5.00e+00 2.40e+04 5.00e+00 1.00e-02]	2947.6105845708644
[1.96e+00 1.96e+00 1.96e+00 1.96e+00 1.97e-06 2.20e-01 1.00e+00 5.00e-03
 1.00e-03 1.00e-03 5.00e-01 5.00e+00 2.40e+04 5.00e+00 1.00e-02]	2932.53700156601
[1.96e+00 1.96e+00 1.96e+00 1.96e+00 1.97e-06 2.40e-01 1.00e+00 5.00e-03
 1.00e-03 1.00e-03 5.00e-01 5.00e+00 2.40e+04 5.00e+00 1.00e-02]	2929.5808582035597
[1.96e+00 1.96e+00 1.96e+00 1.96e+00 1.97e-06 2.60e-01 1.00e+00 5.00e-03
 1.00e-03 1.00e-03 5.00e-01 5.00e+00 2.40e+04 5.00e+00 1.00e-02]	2934.8636462228205
[1.96e+00 1.96e+00 1.96e+00 1.96e+00 1.97e-06 2.80e-01 1.00e+00 5.00e-03
 1.00e-03 1.00e-03 5.00e-01 5.00e+00 2.40e+04 5.00e+00 1.00e-02]	2936.3137633638826
[1.96e+00 1.96e+00 1.96e+00 1.96e+00 1.97e-06 3.00e-01 1.00e+00 5.00e-03
 1.00e-03 1.00e-03 5.00e-01 5.00e+00 2.40e+04 5.00e+00 1.00e-02]	2949.379085471823
[1.96e+00 1.96e+00 1.96e+00 1.96e+00 1.97e-06 3.20e-01 1.00e+00 5.00e-03
 1.00e-03 1.00e-03 5.00e-01 5.00e+00 2.40e+04 5.00e+00 1.00e-02]	2950.9344150651336
[1.96e+00 1.96e+00 1.96e+00 1.96e+00 1.97e-06 3.40e-01 1.00e+00 5.00e-03
 1.00e-03 1.00e-03 5.00e-01 5.00e+00 2.40e+04 5.00e+00 1.00e-02]	2950.7480553654214
[1.96e+00 1.96e+00 1.96e+00 1.96e+00 1.97e-06 3.60e-01 1.00e+00 5.00e-03
 1.00e-03 1.00e-03 5.00e-01 5.00e+00 2.40e+04 5.00e+00 1.00e-02]	2944.0396692273603
[1.96e+00 1.96e+00 1.96e+00 1.96e+00 1.97e-06 3.80e-01 1.00e+00 5.00e-03
 1.00e-03 1.00e-03 5.00e-01 5.00e+00 2.40e+04 5.00e+00 1.00e-02]	2961.5175001454913
[1.96e+00 1.96e+00 1.96e+00 1.96e+00 1.97e-06 4.00e-01 1.00e+00 5.00e-03
 1.00e-03 1.00e-03 5.00e-01 5.00e+00 2.40e+04 5.00e+00 1.00e-02]	2945.146870281391
[1.96e+00 1.96e+00 1.96e+00 1.96e+00 1.97e-06 4.20e-01 1.00e+00 5.00e-03
 1.00e-03 1.00e-03 5.00e-01 5.00e+00 2.40e+04 5.00e+00 1.00e-02]	2945.276143756994
[1.96e+00 1.96e+00 1.96e+00 1.96e+00 1.97e-06 4.40e-01 1.00e+00 5.00e-03
 1.00e-03 1.00e-03 5.00e-01 5.00e+00 2.40e+04 5.00e+00 1.00e-02]	2965.7596779167093
[1.96e+00 1.96e+00 1.96e+00 1.96e+00 1.97e-06 4.60e-01 1.00e+00 5.00e-03
 1.00e-03 1.00e-03 5.00e-01 5.00e+00 2.40e+04 5.00e+00 1.00e-02]	2954.330936763807
[1.96e+00 1.96e+00 1.96e+00 1.96e+00 1.97e-06 4.80e-01 1.00e+00 5.00e-03
 1.00e-03 1.00e-03 5.00e-01 5.00e+00 2.40e+04 5.00e+00 1.00e-02]	2935.132483593923
[1.96e+00 1.96e+00 1.96e+00 1.96e+00 1.97e-06 5.00e-01 1.00e+00 5.00e-03
 1.00e-03 1.00e-03 5.00e-01 5.00e+00 2.40e+04 5.00e+00 1.00e-02]	2957.7889250732833
[1.96e+00 1.96e+00 1.96e+00 1.96e+00 1.97e-06 5.20e-01 1.00e+00 5.00e-03
 1.00e-03 1.00e-03 5.00e-01 5.00e+00 2.40e+04 5.00e+00 1.00e-02]	2942.7120423205233
[1.96e+00 1.96e+00 1.96e+00 1.96e+00 1.97e-06 5.40e-01 1.00e+00 5.00e-03
 1.00e-03 1.00e-03 5.00e-01 5.00e+00 2.40e+04 5.00e+00 1.00e-02]	2929.2246097240063
[1.96e+00 1.96e+00 1.96e+00 1.96e+00 1.97e-06 5.60e-01 1.00e+00 5.00e-03
 1.00e-03 1.00e-03 5.00e-01 5.00e+00 2.40e+04 5.00e+00 1.00e-02]	2939.629539731642
[1.96e+00 1.96e+00 1.96e+00 1.96e+00 1.97e-06 5.80e-01 1.00e+00 5.00e-03
 1.00e-03 1.00e-03 5.00e-01 5.00e+00 2.40e+04 5.00e+00 1.00e-02]	2946.2855129487507
[1.96e+00 1.96e+00 1.96e+00 1.96e+00 1.97e-06 6.00e-01 1.00e+00 5.00e-03
 1.00e-03 1.00e-03 5.00e-01 5.00e+00 2.40e+04 5.00e+00 1.00e-02]	2944.883418869706
[1.96e+00 1.96e+00 1.96e+00 1.96e+00 1.97e-06 6.20e-01 1.00e+00 5.00e-03
 1.00e-03 1.00e-03 5.00e-01 5.00e+00 2.40e+04 5.00e+00 1.00e-02]	2947.545148245648
[1.96e+00 1.96e+00 1.96e+00 1.96e+00 1.97e-06 6.40e-01 1.00e+00 5.00e-03
 1.00e-03 1.00e-03 5.00e-01 5.00e+00 2.40e+04 5.00e+00 1.00e-02]	2948.775378129774
[1.96e+00 1.96e+00 1.96e+00 1.96e+00 1.97e-06 6.60e-01 1.00e+00 5.00e-03
 1.00e-03 1.00e-03 5.00e-01 5.00e+00 2.40e+04 5.00e+00 1.00e-02]	2941.4876566337916
[1.96e+00 1.96e+00 1.96e+00 1.96e+00 1.97e-06 6.80e-01 1.00e+00 5.00e-03
 1.00e-03 1.00e-03 5.00e-01 5.00e+00 2.40e+04 5.00e+00 1.00e-02]	2948.43145929331
[1.96e+00 1.96e+00 1.96e+00 1.96e+00 1.97e-06 7.00e-01 1.00e+00 5.00e-03
 1.00e-03 1.00e-03 5.00e-01 5.00e+00 2.40e+04 5.00e+00 1.00e-02]	2935.014979645555
[1.96e+00 1.96e+00 1.96e+00 1.96e+00 1.97e-06 7.20e-01 1.00e+00 5.00e-03
 1.00e-03 1.00e-03 5.00e-01 5.00e+00 2.40e+04 5.00e+00 1.00e-02]	2941.0016440629247
[1.96e+00 1.96e+00 1.96e+00 1.96e+00 1.97e-06 7.40e-01 1.00e+00 5.00e-03
 1.00e-03 1.00e-03 5.00e-01 5.00e+00 2.40e+04 5.00e+00 1.00e-02]	2945.9838025454587
[1.96e+00 1.96e+00 1.96e+00 1.96e+00 1.97e-06 7.60e-01 1.00e+00 5.00e-03
 1.00e-03 1.00e-03 5.00e-01 5.00e+00 2.40e+04 5.00e+00 1.00e-02]	2964.753435964793
[1.96e+00 1.96e+00 1.96e+00 1.96e+00 1.97e-06 7.80e-01 1.00e+00 5.00e-03
 1.00e-03 1.00e-03 5.00e-01 5.00e+00 2.40e+04 5.00e+00 1.00e-02]	2936.3262990268327
[1.96e+00 1.96e+00 1.96e+00 1.96e+00 1.97e-06 8.00e-01 1.00e+00 5.00e-03
 1.00e-03 1.00e-03 5.00e-01 5.00e+00 2.40e+04 5.00e+00 1.00e-02]	2964.0178559515793
[1.96e+00 1.96e+00 1.96e+00 1.96e+00 1.97e-06 8.20e-01 1.00e+00 5.00e-03
 1.00e-03 1.00e-03 5.00e-01 5.00e+00 2.40e+04 5.00e+00 1.00e-02]	2942.975737599397
[1.96e+00 1.96e+00 1.96e+00 1.96e+00 1.97e-06 8.40e-01 1.00e+00 5.00e-03
 1.00e-03 1.00e-03 5.00e-01 5.00e+00 2.40e+04 5.00e+00 1.00e-02]	2941.311218592826
[1.96e+00 1.96e+00 1.96e+00 1.96e+00 1.97e-06 8.60e-01 1.00e+00 5.00e-03
 1.00e-03 1.00e-03 5.00e-01 5.00e+00 2.40e+04 5.00e+00 1.00e-02]	2952.3417760617954
[1.96e+00 1.96e+00 1.96e+00 1.96e+00 1.97e-06 8.80e-01 1.00e+00 5.00e-03
 1.00e-03 1.00e-03 5.00e-01 5.00e+00 2.40e+04 5.00e+00 1.00e-02]	2952.354124700816
[1.96e+00 1.96e+00 1.96e+00 1.96e+00 1.97e-06 9.00e-01 1.00e+00 5.00e-03
 1.00e-03 1.00e-03 5.00e-01 5.00e+00 2.40e+04 5.00e+00 1.00e-02]	2945.6992199175615
[1.96e+00 1.96e+00 1.96e+00 1.96e+00 1.97e-06 9.20e-01 1.00e+00 5.00e-03
 1.00e-03 1.00e-03 5.00e-01 5.00e+00 2.40e+04 5.00e+00 1.00e-02]	2947.7036848861535
[1.96e+00 1.96e+00 1.96e+00 1.96e+00 1.97e-06 9.40e-01 1.00e+00 5.00e-03
 1.00e-03 1.00e-03 5.00e-01 5.00e+00 2.40e+04 5.00e+00 1.00e-02]	2945.276143756994
[1.96e+00 1.96e+00 1.96e+00 1.96e+00 1.97e-06 9.60e-01 1.00e+00 5.00e-03
 1.00e-03 1.00e-03 5.00e-01 5.00e+00 2.40e+04 5.00e+00 1.00e-02]	2929.8885395007555
[1.96e+00 1.96e+00 1.96e+00 1.96e+00 1.97e-06 9.80e-01 1.00e+00 5.00e-03
 1.00e-03 1.00e-03 5.00e-01 5.00e+00 2.40e+04 5.00e+00 1.00e-02]	2943.2070574785357
[1.96e+00 1.96e+00 1.96e+00 1.96e+00 1.97e-06 9.80e-01 0.00e+00 5.00e-03
 1.00e-03 1.00e-03 5.00e-01 5.00e+00 2.40e+04 5.00e+00 1.00e-02]	2949.335737196037
[1.96e+00 1.96e+00 1.96e+00 1.96e+00 1.97e-06 9.80e-01 4.00e-02 5.00e-03
 1.00e-03 1.00e-03 5.00e-01 5.00e+00 2.40e+04 5.00e+00 1.00e-02]	2967.1635519095985
[1.96e+00 1.96e+00 1.96e+00 1.96e+00 1.97e-06 9.80e-01 8.00e-02 5.00e-03
 1.00e-03 1.00e-03 5.00e-01 5.00e+00 2.40e+04 5.00e+00 1.00e-02]	2945.146870281391
[1.96e+00 1.96e+00 1.96e+00 1.96e+00 1.97e-06 9.80e-01 1.20e-01 5.00e-03
 1.00e-03 1.00e-03 5.00e-01 5.00e+00 2.40e+04 5.00e+00 1.00e-02]	2948.9796761255116
[1.96e+00 1.96e+00 1.96e+00 1.96e+00 1.97e-06 9.80e-01 1.60e-01 5.00e-03
 1.00e-03 1.00e-03 5.00e-01 5.00e+00 2.40e+04 5.00e+00 1.00e-02]	2952.749848599715
[1.96e+00 1.96e+00 1.96e+00 1.96e+00 1.97e-06 9.80e-01 2.00e-01 5.00e-03
 1.00e-03 1.00e-03 5.00e-01 5.00e+00 2.40e+04 5.00e+00 1.00e-02]	2950.3465776957037
[1.96e+00 1.96e+00 1.96e+00 1.96e+00 1.97e-06 9.80e-01 2.40e-01 5.00e-03
 1.00e-03 1.00e-03 5.00e-01 5.00e+00 2.40e+04 5.00e+00 1.00e-02]	2958.1676060991567
[1.96e+00 1.96e+00 1.96e+00 1.96e+00 1.97e-06 9.80e-01 2.80e-01 5.00e-03
 1.00e-03 1.00e-03 5.00e-01 5.00e+00 2.40e+04 5.00e+00 1.00e-02]	2934.5954459913987
[1.96e+00 1.96e+00 1.96e+00 1.96e+00 1.97e-06 9.80e-01 3.20e-01 5.00e-03
 1.00e-03 1.00e-03 5.00e-01 5.00e+00 2.40e+04 5.00e+00 1.00e-02]	2931.34714243939
[1.96e+00 1.96e+00 1.96e+00 1.96e+00 1.97e-06 9.80e-01 3.60e-01 5.00e-03
 1.00e-03 1.00e-03 5.00e-01 5.00e+00 2.40e+04 5.00e+00 1.00e-02]	2958.7162935702972
[1.96e+00 1.96e+00 1.96e+00 1.96e+00 1.97e-06 9.80e-01 4.00e-01 5.00e-03
 1.00e-03 1.00e-03 5.00e-01 5.00e+00 2.40e+04 5.00e+00 1.00e-02]	2942.702462408609
[1.96e+00 1.96e+00 1.96e+00 1.96e+00 1.97e-06 9.80e-01 4.40e-01 5.00e-03
 1.00e-03 1.00e-03 5.00e-01 5.00e+00 2.40e+04 5.00e+00 1.00e-02]	2937.813512632818
[1.96e+00 1.96e+00 1.96e+00 1.96e+00 1.97e-06 9.80e-01 4.80e-01 5.00e-03
 1.00e-03 1.00e-03 5.00e-01 5.00e+00 2.40e+04 5.00e+00 1.00e-02]	2943.6851113558882
[1.96e+00 1.96e+00 1.96e+00 1.96e+00 1.97e-06 9.80e-01 5.20e-01 5.00e-03
 1.00e-03 1.00e-03 5.00e-01 5.00e+00 2.40e+04 5.00e+00 1.00e-02]	2946.96400225966
[1.96e+00 1.96e+00 1.96e+00 1.96e+00 1.97e-06 9.80e-01 5.60e-01 5.00e-03
 1.00e-03 1.00e-03 5.00e-01 5.00e+00 2.40e+04 5.00e+00 1.00e-02]	2944.883418869706
[1.96e+00 1.96e+00 1.96e+00 1.96e+00 1.97e-06 9.80e-01 6.00e-01 5.00e-03
 1.00e-03 1.00e-03 5.00e-01 5.00e+00 2.40e+04 5.00e+00 1.00e-02]	2943.272374537354
[1.96e+00 1.96e+00 1.96e+00 1.96e+00 1.97e-06 9.80e-01 6.40e-01 5.00e-03
 1.00e-03 1.00e-03 5.00e-01 5.00e+00 2.40e+04 5.00e+00 1.00e-02]	2950.9184662029115
[1.96e+00 1.96e+00 1.96e+00 1.96e+00 1.97e-06 9.80e-01 6.80e-01 5.00e-03
 1.00e-03 1.00e-03 5.00e-01 5.00e+00 2.40e+04 5.00e+00 1.00e-02]	2925.2888612124048
[1.96e+00 1.96e+00 1.96e+00 1.96e+00 1.97e-06 9.80e-01 7.20e-01 5.00e-03
 1.00e-03 1.00e-03 5.00e-01 5.00e+00 2.40e+04 5.00e+00 1.00e-02]	2943.6869907364594
[1.96e+00 1.96e+00 1.96e+00 1.96e+00 1.97e-06 9.80e-01 7.60e-01 5.00e-03
 1.00e-03 1.00e-03 5.00e-01 5.00e+00 2.40e+04 5.00e+00 1.00e-02]	2953.1915245908726
[1.96e+00 1.96e+00 1.96e+00 1.96e+00 1.97e-06 9.80e-01 8.00e-01 5.00e-03
 1.00e-03 1.00e-03 5.00e-01 5.00e+00 2.40e+04 5.00e+00 1.00e-02]	2952.56937893734
[1.96e+00 1.96e+00 1.96e+00 1.96e+00 1.97e-06 9.80e-01 8.40e-01 5.00e-03
 1.00e-03 1.00e-03 5.00e-01 5.00e+00 2.40e+04 5.00e+00 1.00e-02]	2944.3308700351145
[1.96e+00 1.96e+00 1.96e+00 1.96e+00 1.97e-06 9.80e-01 8.80e-01 5.00e-03
 1.00e-03 1.00e-03 5.00e-01 5.00e+00 2.40e+04 5.00e+00 1.00e-02]	2947.675430050604
[1.96e+00 1.96e+00 1.96e+00 1.96e+00 1.97e-06 9.80e-01 9.20e-01 5.00e-03
 1.00e-03 1.00e-03 5.00e-01 5.00e+00 2.40e+04 5.00e+00 1.00e-02]	2947.1150145720258
[1.96e+00 1.96e+00 1.96e+00 1.96e+00 1.97e-06 9.80e-01 9.60e-01 5.00e-03
 1.00e-03 1.00e-03 5.00e-01 5.00e+00 2.40e+04 5.00e+00 1.00e-02]	2936.3262990268327
[1.96e+00 1.96e+00 1.96e+00 1.96e+00 1.97e-06 9.80e-01 1.00e+00 5.00e-03
 1.00e-03 1.00e-03 5.00e-01 5.00e+00 2.40e+04 5.00e+00 1.00e-02]	2943.65178950856
[1.96e+00 1.96e+00 1.96e+00 1.96e+00 1.97e-06 9.80e-01 1.04e+00 5.00e-03
 1.00e-03 1.00e-03 5.00e-01 5.00e+00 2.40e+04 5.00e+00 1.00e-02]	2954.9349161201053
[1.96e+00 1.96e+00 1.96e+00 1.96e+00 1.97e-06 9.80e-01 1.08e+00 5.00e-03
 1.00e-03 1.00e-03 5.00e-01 5.00e+00 2.40e+04 5.00e+00 1.00e-02]	2959.538131736853
[1.96e+00 1.96e+00 1.96e+00 1.96e+00 1.97e-06 9.80e-01 1.12e+00 5.00e-03
 1.00e-03 1.00e-03 5.00e-01 5.00e+00 2.40e+04 5.00e+00 1.00e-02]	2954.330936763807
[1.96e+00 1.96e+00 1.96e+00 1.96e+00 1.97e-06 9.80e-01 1.16e+00 5.00e-03
 1.00e-03 1.00e-03 5.00e-01 5.00e+00 2.40e+04 5.00e+00 1.00e-02]	2936.9808669658823
[1.96e+00 1.96e+00 1.96e+00 1.96e+00 1.97e-06 9.80e-01 1.20e+00 5.00e-03
 1.00e-03 1.00e-03 5.00e-01 5.00e+00 2.40e+04 5.00e+00 1.00e-02]	2964.181088763553
[1.96e+00 1.96e+00 1.96e+00 1.96e+00 1.97e-06 9.80e-01 1.24e+00 5.00e-03
 1.00e-03 1.00e-03 5.00e-01 5.00e+00 2.40e+04 5.00e+00 1.00e-02]	2933.5763505698233
[1.96e+00 1.96e+00 1.96e+00 1.96e+00 1.97e-06 9.80e-01 1.28e+00 5.00e-03
 1.00e-03 1.00e-03 5.00e-01 5.00e+00 2.40e+04 5.00e+00 1.00e-02]	2933.099177176391
[1.96e+00 1.96e+00 1.96e+00 1.96e+00 1.97e-06 9.80e-01 1.32e+00 5.00e-03
 1.00e-03 1.00e-03 5.00e-01 5.00e+00 2.40e+04 5.00e+00 1.00e-02]	2966.5727764056755
[1.96e+00 1.96e+00 1.96e+00 1.96e+00 1.97e-06 9.80e-01 1.36e+00 5.00e-03
 1.00e-03 1.00e-03 5.00e-01 5.00e+00 2.40e+04 5.00e+00 1.00e-02]	2958.131269712575
[1.96e+00 1.96e+00 1.96e+00 1.96e+00 1.97e-06 9.80e-01 1.40e+00 5.00e-03
 1.00e-03 1.00e-03 5.00e-01 5.00e+00 2.40e+04 5.00e+00 1.00e-02]	2947.6034139200683
[1.96e+00 1.96e+00 1.96e+00 1.96e+00 1.97e-06 9.80e-01 1.44e+00 5.00e-03
 1.00e-03 1.00e-03 5.00e-01 5.00e+00 2.40e+04 5.00e+00 1.00e-02]	2958.131269712575
[1.96e+00 1.96e+00 1.96e+00 1.96e+00 1.97e-06 9.80e-01 1.48e+00 5.00e-03
 1.00e-03 1.00e-03 5.00e-01 5.00e+00 2.40e+04 5.00e+00 1.00e-02]	2933.441983160946
[1.96e+00 1.96e+00 1.96e+00 1.96e+00 1.97e-06 9.80e-01 1.52e+00 5.00e-03
 1.00e-03 1.00e-03 5.00e-01 5.00e+00 2.40e+04 5.00e+00 1.00e-02]	2943.130786563327
[1.96e+00 1.96e+00 1.96e+00 1.96e+00 1.97e-06 9.80e-01 1.56e+00 5.00e-03
 1.00e-03 1.00e-03 5.00e-01 5.00e+00 2.40e+04 5.00e+00 1.00e-02]	2928.545665602404
[1.96e+00 1.96e+00 1.96e+00 1.96e+00 1.97e-06 9.80e-01 1.60e+00 5.00e-03
 1.00e-03 1.00e-03 5.00e-01 5.00e+00 2.40e+04 5.00e+00 1.00e-02]	2935.132483593923
[1.96e+00 1.96e+00 1.96e+00 1.96e+00 1.97e-06 9.80e-01 1.64e+00 5.00e-03
 1.00e-03 1.00e-03 5.00e-01 5.00e+00 2.40e+04 5.00e+00 1.00e-02]	2944.883418869706
[1.96e+00 1.96e+00 1.96e+00 1.96e+00 1.97e-06 9.80e-01 1.68e+00 5.00e-03
 1.00e-03 1.00e-03 5.00e-01 5.00e+00 2.40e+04 5.00e+00 1.00e-02]	2935.132483593923
[1.96e+00 1.96e+00 1.96e+00 1.96e+00 1.97e-06 9.80e-01 1.72e+00 5.00e-03
 1.00e-03 1.00e-03 5.00e-01 5.00e+00 2.40e+04 5.00e+00 1.00e-02]	2947.3987197568
[1.96e+00 1.96e+00 1.96e+00 1.96e+00 1.97e-06 9.80e-01 1.76e+00 5.00e-03
 1.00e-03 1.00e-03 5.00e-01 5.00e+00 2.40e+04 5.00e+00 1.00e-02]	2942.8557564909233
[1.96e+00 1.96e+00 1.96e+00 1.96e+00 1.97e-06 9.80e-01 1.80e+00 5.00e-03
 1.00e-03 1.00e-03 5.00e-01 5.00e+00 2.40e+04 5.00e+00 1.00e-02]	2947.4498841326745
[1.96e+00 1.96e+00 1.96e+00 1.96e+00 1.97e-06 9.80e-01 1.84e+00 5.00e-03
 1.00e-03 1.00e-03 5.00e-01 5.00e+00 2.40e+04 5.00e+00 1.00e-02]	2947.1150145720258
[1.96e+00 1.96e+00 1.96e+00 1.96e+00 1.97e-06 9.80e-01 1.88e+00 5.00e-03
 1.00e-03 1.00e-03 5.00e-01 5.00e+00 2.40e+04 5.00e+00 1.00e-02]	2948.1161116877347
[1.96e+00 1.96e+00 1.96e+00 1.96e+00 1.97e-06 9.80e-01 1.92e+00 5.00e-03
 1.00e-03 1.00e-03 5.00e-01 5.00e+00 2.40e+04 5.00e+00 1.00e-02]	2950.072826217254
[1.96e+00 1.96e+00 1.96e+00 1.96e+00 1.97e-06 9.80e-01 1.96e+00 5.00e-03
 1.00e-03 1.00e-03 5.00e-01 5.00e+00 2.40e+04 5.00e+00 1.00e-02]	2953.8739936861966
[1.96e+00 1.96e+00 1.96e+00 1.96e+00 1.97e-06 9.80e-01 1.96e+00 0.00e+00
 1.00e-03 1.00e-03 5.00e-01 5.00e+00 2.40e+04 5.00e+00 1.00e-02]	2931.4195912180803
[1.96e+00 1.96e+00 1.96e+00 1.96e+00 1.97e-06 9.80e-01 1.96e+00 4.00e-03
 1.00e-03 1.00e-03 5.00e-01 5.00e+00 2.40e+04 5.00e+00 1.00e-02]	2942.5772412418096
[1.96e+00 1.96e+00 1.96e+00 1.96e+00 1.97e-06 9.80e-01 1.96e+00 8.00e-03
 1.00e-03 1.00e-03 5.00e-01 5.00e+00 2.40e+04 5.00e+00 1.00e-02]	2948.116118923508
[1.96e+00 1.96e+00 1.96e+00 1.96e+00 1.97e-06 9.80e-01 1.96e+00 1.20e-02
 1.00e-03 1.00e-03 5.00e-01 5.00e+00 2.40e+04 5.00e+00 1.00e-02]	2945.6992199175615
[1.96e+00 1.96e+00 1.96e+00 1.96e+00 1.97e-06 9.80e-01 1.96e+00 1.60e-02
 1.00e-03 1.00e-03 5.00e-01 5.00e+00 2.40e+04 5.00e+00 1.00e-02]	2964.7604492113696
[1.96e+00 1.96e+00 1.96e+00 1.96e+00 1.97e-06 9.80e-01 1.96e+00 2.00e-02
 1.00e-03 1.00e-03 5.00e-01 5.00e+00 2.40e+04 5.00e+00 1.00e-02]	2935.181905422177
[1.96e+00 1.96e+00 1.96e+00 1.96e+00 1.97e-06 9.80e-01 1.96e+00 2.40e-02
 1.00e-03 1.00e-03 5.00e-01 5.00e+00 2.40e+04 5.00e+00 1.00e-02]	2948.216176205373
[1.96e+00 1.96e+00 1.96e+00 1.96e+00 1.97e-06 9.80e-01 1.96e+00 2.80e-02
 1.00e-03 1.00e-03 5.00e-01 5.00e+00 2.40e+04 5.00e+00 1.00e-02]	2933.3903411020856
[1.96e+00 1.96e+00 1.96e+00 1.96e+00 1.97e-06 9.80e-01 1.96e+00 3.20e-02
 1.00e-03 1.00e-03 5.00e-01 5.00e+00 2.40e+04 5.00e+00 1.00e-02]	2964.7604492113696
[1.96e+00 1.96e+00 1.96e+00 1.96e+00 1.97e-06 9.80e-01 1.96e+00 3.60e-02
 1.00e-03 1.00e-03 5.00e-01 5.00e+00 2.40e+04 5.00e+00 1.00e-02]	2935.3080928304607
[1.96e+00 1.96e+00 1.96e+00 1.96e+00 1.97e-06 9.80e-01 1.96e+00 4.00e-02
 1.00e-03 1.00e-03 5.00e-01 5.00e+00 2.40e+04 5.00e+00 1.00e-02]	2965.3285364556464
[1.96e+00 1.96e+00 1.96e+00 1.96e+00 1.97e-06 9.80e-01 1.96e+00 4.40e-02
 1.00e-03 1.00e-03 5.00e-01 5.00e+00 2.40e+04 5.00e+00 1.00e-02]	2944.049583523672
[1.96e+00 1.96e+00 1.96e+00 1.96e+00 1.97e-06 9.80e-01 1.96e+00 4.80e-02
 1.00e-03 1.00e-03 5.00e-01 5.00e+00 2.40e+04 5.00e+00 1.00e-02]	2938.8460862665243
[1.96e+00 1.96e+00 1.96e+00 1.96e+00 1.97e-06 9.80e-01 1.96e+00 5.20e-02
 1.00e-03 1.00e-03 5.00e-01 5.00e+00 2.40e+04 5.00e+00 1.00e-02]	2942.2761192357193
[1.96e+00 1.96e+00 1.96e+00 1.96e+00 1.97e-06 9.80e-01 1.96e+00 5.60e-02
 1.00e-03 1.00e-03 5.00e-01 5.00e+00 2.40e+04 5.00e+00 1.00e-02]	2931.3423792694125
[1.96e+00 1.96e+00 1.96e+00 1.96e+00 1.97e-06 9.80e-01 1.96e+00 6.00e-02
 1.00e-03 1.00e-03 5.00e-01 5.00e+00 2.40e+04 5.00e+00 1.00e-02]	2958.131269712575
[1.96e+00 1.96e+00 1.96e+00 1.96e+00 1.97e-06 9.80e-01 1.96e+00 6.40e-02
 1.00e-03 1.00e-03 5.00e-01 5.00e+00 2.40e+04 5.00e+00 1.00e-02]	2947.88289311937
[1.96e+00 1.96e+00 1.96e+00 1.96e+00 1.97e-06 9.80e-01 1.96e+00 6.80e-02
 1.00e-03 1.00e-03 5.00e-01 5.00e+00 2.40e+04 5.00e+00 1.00e-02]	2957.7889250732833
[1.96e+00 1.96e+00 1.96e+00 1.96e+00 1.97e-06 9.80e-01 1.96e+00 7.20e-02
 1.00e-03 1.00e-03 5.00e-01 5.00e+00 2.40e+04 5.00e+00 1.00e-02]	2952.56937893734
[1.96e+00 1.96e+00 1.96e+00 1.96e+00 1.97e-06 9.80e-01 1.96e+00 7.60e-02
 1.00e-03 1.00e-03 5.00e-01 5.00e+00 2.40e+04 5.00e+00 1.00e-02]	2946.43708042296
[1.96e+00 1.96e+00 1.96e+00 1.96e+00 1.97e-06 9.80e-01 1.96e+00 8.00e-02
 1.00e-03 1.00e-03 5.00e-01 5.00e+00 2.40e+04 5.00e+00 1.00e-02]	2934.9601741636807
[1.96e+00 1.96e+00 1.96e+00 1.96e+00 1.97e-06 9.80e-01 1.96e+00 8.40e-02
 1.00e-03 1.00e-03 5.00e-01 5.00e+00 2.40e+04 5.00e+00 1.00e-02]	2947.1150145720258
[1.96e+00 1.96e+00 1.96e+00 1.96e+00 1.97e-06 9.80e-01 1.96e+00 8.80e-02
 1.00e-03 1.00e-03 5.00e-01 5.00e+00 2.40e+04 5.00e+00 1.00e-02]	2949.335737196037
[1.96e+00 1.96e+00 1.96e+00 1.96e+00 1.97e-06 9.80e-01 1.96e+00 9.20e-02
 1.00e-03 1.00e-03 5.00e-01 5.00e+00 2.40e+04 5.00e+00 1.00e-02]	2958.131269712575
[1.96e+00 1.96e+00 1.96e+00 1.96e+00 1.97e-06 9.80e-01 1.96e+00 9.60e-02
 1.00e-03 1.00e-03 5.00e-01 5.00e+00 2.40e+04 5.00e+00 1.00e-02]	2923.613194897445
[1.96e+00 1.96e+00 1.96e+00 1.96e+00 1.97e-06 9.80e-01 1.96e+00 1.00e-01
 1.00e-03 1.00e-03 5.00e-01 5.00e+00 2.40e+04 5.00e+00 1.00e-02]	2958.2306263355485
[1.96e+00 1.96e+00 1.96e+00 1.96e+00 1.97e-06 9.80e-01 1.96e+00 1.04e-01
 1.00e-03 1.00e-03 5.00e-01 5.00e+00 2.40e+04 5.00e+00 1.00e-02]	2929.6371554627267
[1.96e+00 1.96e+00 1.96e+00 1.96e+00 1.97e-06 9.80e-01 1.96e+00 1.08e-01
 1.00e-03 1.00e-03 5.00e-01 5.00e+00 2.40e+04 5.00e+00 1.00e-02]	2937.7316273076126
[1.96e+00 1.96e+00 1.96e+00 1.96e+00 1.97e-06 9.80e-01 1.96e+00 1.12e-01
 1.00e-03 1.00e-03 5.00e-01 5.00e+00 2.40e+04 5.00e+00 1.00e-02]	2941.5021212999764
[1.96e+00 1.96e+00 1.96e+00 1.96e+00 1.97e-06 9.80e-01 1.96e+00 1.16e-01
 1.00e-03 1.00e-03 5.00e-01 5.00e+00 2.40e+04 5.00e+00 1.00e-02]	2949.243858243771
[1.96e+00 1.96e+00 1.96e+00 1.96e+00 1.97e-06 9.80e-01 1.96e+00 1.20e-01
 1.00e-03 1.00e-03 5.00e-01 5.00e+00 2.40e+04 5.00e+00 1.00e-02]	2944.0396692273603
[1.96e+00 1.96e+00 1.96e+00 1.96e+00 1.97e-06 9.80e-01 1.96e+00 1.24e-01
 1.00e-03 1.00e-03 5.00e-01 5.00e+00 2.40e+04 5.00e+00 1.00e-02]	2965.558348408438
[1.96e+00 1.96e+00 1.96e+00 1.96e+00 1.97e-06 9.80e-01 1.96e+00 1.28e-01
 1.00e-03 1.00e-03 5.00e-01 5.00e+00 2.40e+04 5.00e+00 1.00e-02]	2961.5175001454913
[1.96e+00 1.96e+00 1.96e+00 1.96e+00 1.97e-06 9.80e-01 1.96e+00 1.32e-01
 1.00e-03 1.00e-03 5.00e-01 5.00e+00 2.40e+04 5.00e+00 1.00e-02]	2944.0396692273603
[1.96e+00 1.96e+00 1.96e+00 1.96e+00 1.97e-06 9.80e-01 1.96e+00 1.36e-01
 1.00e-03 1.00e-03 5.00e-01 5.00e+00 2.40e+04 5.00e+00 1.00e-02]	2942.8096827488125
[1.96e+00 1.96e+00 1.96e+00 1.96e+00 1.97e-06 9.80e-01 1.96e+00 1.40e-01
 1.00e-03 1.00e-03 5.00e-01 5.00e+00 2.40e+04 5.00e+00 1.00e-02]	2954.330936763807
[1.96e+00 1.96e+00 1.96e+00 1.96e+00 1.97e-06 9.80e-01 1.96e+00 1.44e-01
 1.00e-03 1.00e-03 5.00e-01 5.00e+00 2.40e+04 5.00e+00 1.00e-02]	2928.6770376679247
[1.96e+00 1.96e+00 1.96e+00 1.96e+00 1.97e-06 9.80e-01 1.96e+00 1.48e-01
 1.00e-03 1.00e-03 5.00e-01 5.00e+00 2.40e+04 5.00e+00 1.00e-02]	2966.204923146646
[1.96e+00 1.96e+00 1.96e+00 1.96e+00 1.97e-06 9.80e-01 1.96e+00 1.52e-01
 1.00e-03 1.00e-03 5.00e-01 5.00e+00 2.40e+04 5.00e+00 1.00e-02]	2942.975737599397
[1.96e+00 1.96e+00 1.96e+00 1.96e+00 1.97e-06 9.80e-01 1.96e+00 1.56e-01
 1.00e-03 1.00e-03 5.00e-01 5.00e+00 2.40e+04 5.00e+00 1.00e-02]	2957.7889250732833
[1.96e+00 1.96e+00 1.96e+00 1.96e+00 1.97e-06 9.80e-01 1.96e+00 1.60e-01
 1.00e-03 1.00e-03 5.00e-01 5.00e+00 2.40e+04 5.00e+00 1.00e-02]	2967.6621072264593
[1.96e+00 1.96e+00 1.96e+00 1.96e+00 1.97e-06 9.80e-01 1.96e+00 1.64e-01
 1.00e-03 1.00e-03 5.00e-01 5.00e+00 2.40e+04 5.00e+00 1.00e-02]	2928.9700890573986
[1.96e+00 1.96e+00 1.96e+00 1.96e+00 1.97e-06 9.80e-01 1.96e+00 1.68e-01
 1.00e-03 1.00e-03 5.00e-01 5.00e+00 2.40e+04 5.00e+00 1.00e-02]	2935.988562335869
[1.96e+00 1.96e+00 1.96e+00 1.96e+00 1.97e-06 9.80e-01 1.96e+00 1.72e-01
 1.00e-03 1.00e-03 5.00e-01 5.00e+00 2.40e+04 5.00e+00 1.00e-02]	2944.0696652265187
[1.96e+00 1.96e+00 1.96e+00 1.96e+00 1.97e-06 9.80e-01 1.96e+00 1.76e-01
 1.00e-03 1.00e-03 5.00e-01 5.00e+00 2.40e+04 5.00e+00 1.00e-02]	2933.5773311726666
[1.96e+00 1.96e+00 1.96e+00 1.96e+00 1.97e-06 9.80e-01 1.96e+00 1.80e-01
 1.00e-03 1.00e-03 5.00e-01 5.00e+00 2.40e+04 5.00e+00 1.00e-02]	2950.9344150651336
[1.96e+00 1.96e+00 1.96e+00 1.96e+00 1.97e-06 9.80e-01 1.96e+00 1.84e-01
 1.00e-03 1.00e-03 5.00e-01 5.00e+00 2.40e+04 5.00e+00 1.00e-02]	2936.082296693685
[1.96e+00 1.96e+00 1.96e+00 1.96e+00 1.97e-06 9.80e-01 1.96e+00 1.88e-01
 1.00e-03 1.00e-03 5.00e-01 5.00e+00 2.40e+04 5.00e+00 1.00e-02]	2930.8626486351354
[1.96e+00 1.96e+00 1.96e+00 1.96e+00 1.97e-06 9.80e-01 1.96e+00 1.92e-01
 1.00e-03 1.00e-03 5.00e-01 5.00e+00 2.40e+04 5.00e+00 1.00e-02]	2950.0290911257002
[1.96e+00 1.96e+00 1.96e+00 1.96e+00 1.97e-06 9.80e-01 1.96e+00 1.96e-01
 1.00e-03 1.00e-03 5.00e-01 5.00e+00 2.40e+04 5.00e+00 1.00e-02]	2935.0395149985375
[1.96e+00 1.96e+00 1.96e+00 1.96e+00 1.97e-06 9.80e-01 1.96e+00 1.96e-01
 0.00e+00 1.00e-03 5.00e-01 5.00e+00 2.40e+04 5.00e+00 1.00e-02]	2950.9344150651336
[1.96e+00 1.96e+00 1.96e+00 1.96e+00 1.97e-06 9.80e-01 1.96e+00 1.96e-01
 4.00e-03 1.00e-03 5.00e-01 5.00e+00 2.40e+04 5.00e+00 1.00e-02]	2944.21853706421
[1.96e+00 1.96e+00 1.96e+00 1.96e+00 1.97e-06 9.80e-01 1.96e+00 1.96e-01
 8.00e-03 1.00e-03 5.00e-01 5.00e+00 2.40e+04 5.00e+00 1.00e-02]	2928.545665602404
[1.96e+00 1.96e+00 1.96e+00 1.96e+00 1.97e-06 9.80e-01 1.96e+00 1.96e-01
 1.20e-02 1.00e-03 5.00e-01 5.00e+00 2.40e+04 5.00e+00 1.00e-02]	2947.4498841326745
[1.96e+00 1.96e+00 1.96e+00 1.96e+00 1.97e-06 9.80e-01 1.96e+00 1.96e-01
 1.60e-02 1.00e-03 5.00e-01 5.00e+00 2.40e+04 5.00e+00 1.00e-02]	2957.7889250732833
[1.96e+00 1.96e+00 1.96e+00 1.96e+00 1.97e-06 9.80e-01 1.96e+00 1.96e-01
 2.00e-02 1.00e-03 5.00e-01 5.00e+00 2.40e+04 5.00e+00 1.00e-02]	2947.3325545876087
[1.96e+00 1.96e+00 1.96e+00 1.96e+00 1.97e-06 9.80e-01 1.96e+00 1.96e-01
 2.40e-02 1.00e-03 5.00e-01 5.00e+00 2.40e+04 5.00e+00 1.00e-02]	2942.975737599397
[1.96e+00 1.96e+00 1.96e+00 1.96e+00 1.97e-06 9.80e-01 1.96e+00 1.96e-01
 2.80e-02 1.00e-03 5.00e-01 5.00e+00 2.40e+04 5.00e+00 1.00e-02]	2959.621770345236
[1.96e+00 1.96e+00 1.96e+00 1.96e+00 1.97e-06 9.80e-01 1.96e+00 1.96e-01
 3.20e-02 1.00e-03 5.00e-01 5.00e+00 2.40e+04 5.00e+00 1.00e-02]	2931.092808689558
[1.96e+00 1.96e+00 1.96e+00 1.96e+00 1.97e-06 9.80e-01 1.96e+00 1.96e-01
 3.60e-02 1.00e-03 5.00e-01 5.00e+00 2.40e+04 5.00e+00 1.00e-02]	2936.3531684885643
[1.96e+00 1.96e+00 1.96e+00 1.96e+00 1.97e-06 9.80e-01 1.96e+00 1.96e-01
 4.00e-02 1.00e-03 5.00e-01 5.00e+00 2.40e+04 5.00e+00 1.00e-02]	2935.132483593923
[1.96e+00 1.96e+00 1.96e+00 1.96e+00 1.97e-06 9.80e-01 1.96e+00 1.96e-01
 4.40e-02 1.00e-03 5.00e-01 5.00e+00 2.40e+04 5.00e+00 1.00e-02]	2949.335737196037
[1.96e+00 1.96e+00 1.96e+00 1.96e+00 1.97e-06 9.80e-01 1.96e+00 1.96e-01
 4.80e-02 1.00e-03 5.00e-01 5.00e+00 2.40e+04 5.00e+00 1.00e-02]	2932.0578476924197
[1.96e+00 1.96e+00 1.96e+00 1.96e+00 1.97e-06 9.80e-01 1.96e+00 1.96e-01
 5.20e-02 1.00e-03 5.00e-01 5.00e+00 2.40e+04 5.00e+00 1.00e-02]	2942.6956541807745
[1.96e+00 1.96e+00 1.96e+00 1.96e+00 1.97e-06 9.80e-01 1.96e+00 1.96e-01
 5.60e-02 1.00e-03 5.00e-01 5.00e+00 2.40e+04 5.00e+00 1.00e-02]	2945.146870281391
[1.96e+00 1.96e+00 1.96e+00 1.96e+00 1.97e-06 9.80e-01 1.96e+00 1.96e-01
 6.00e-02 1.00e-03 5.00e-01 5.00e+00 2.40e+04 5.00e+00 1.00e-02]	2947.1150145720258
[1.96e+00 1.96e+00 1.96e+00 1.96e+00 1.97e-06 9.80e-01 1.96e+00 1.96e-01
 6.40e-02 1.00e-03 5.00e-01 5.00e+00 2.40e+04 5.00e+00 1.00e-02]	2949.144063598112
[1.96e+00 1.96e+00 1.96e+00 1.96e+00 1.97e-06 9.80e-01 1.96e+00 1.96e-01
 6.80e-02 1.00e-03 5.00e-01 5.00e+00 2.40e+04 5.00e+00 1.00e-02]	2934.0775886541032
[1.96e+00 1.96e+00 1.96e+00 1.96e+00 1.97e-06 9.80e-01 1.96e+00 1.96e-01
 7.20e-02 1.00e-03 5.00e-01 5.00e+00 2.40e+04 5.00e+00 1.00e-02]	2947.1150145720258
[1.96e+00 1.96e+00 1.96e+00 1.96e+00 1.97e-06 9.80e-01 1.96e+00 1.96e-01
 7.60e-02 1.00e-03 5.00e-01 5.00e+00 2.40e+04 5.00e+00 1.00e-02]	2943.3414478207005
[1.96e+00 1.96e+00 1.96e+00 1.96e+00 1.97e-06 9.80e-01 1.96e+00 1.96e-01
 8.00e-02 1.00e-03 5.00e-01 5.00e+00 2.40e+04 5.00e+00 1.00e-02]	2950.9344150651336
[1.96e+00 1.96e+00 1.96e+00 1.96e+00 1.97e-06 9.80e-01 1.96e+00 1.96e-01
 8.40e-02 1.00e-03 5.00e-01 5.00e+00 2.40e+04 5.00e+00 1.00e-02]	2965.409944490515
[1.96e+00 1.96e+00 1.96e+00 1.96e+00 1.97e-06 9.80e-01 1.96e+00 1.96e-01
 8.80e-02 1.00e-03 5.00e-01 5.00e+00 2.40e+04 5.00e+00 1.00e-02]	2947.522460860983
[1.96e+00 1.96e+00 1.96e+00 1.96e+00 1.97e-06 9.80e-01 1.96e+00 1.96e-01
 9.20e-02 1.00e-03 5.00e-01 5.00e+00 2.40e+04 5.00e+00 1.00e-02]	2965.1549485488918
[1.96e+00 1.96e+00 1.96e+00 1.96e+00 1.97e-06 9.80e-01 1.96e+00 1.96e-01
 9.60e-02 1.00e-03 5.00e-01 5.00e+00 2.40e+04 5.00e+00 1.00e-02]	2947.1150145720258
[1.96e+00 1.96e+00 1.96e+00 1.96e+00 1.97e-06 9.80e-01 1.96e+00 1.96e-01
 1.00e-01 1.00e-03 5.00e-01 5.00e+00 2.40e+04 5.00e+00 1.00e-02]	2951.5057347002676
[1.96e+00 1.96e+00 1.96e+00 1.96e+00 1.97e-06 9.80e-01 1.96e+00 1.96e-01
 1.04e-01 1.00e-03 5.00e-01 5.00e+00 2.40e+04 5.00e+00 1.00e-02]	2949.543907736092
[1.96e+00 1.96e+00 1.96e+00 1.96e+00 1.97e-06 9.80e-01 1.96e+00 1.96e-01
 1.08e-01 1.00e-03 5.00e-01 5.00e+00 2.40e+04 5.00e+00 1.00e-02]	2944.883418869706
[1.96e+00 1.96e+00 1.96e+00 1.96e+00 1.97e-06 9.80e-01 1.96e+00 1.96e-01
 1.12e-01 1.00e-03 5.00e-01 5.00e+00 2.40e+04 5.00e+00 1.00e-02]	2934.25809024875
[1.96e+00 1.96e+00 1.96e+00 1.96e+00 1.97e-06 9.80e-01 1.96e+00 1.96e-01
 1.16e-01 1.00e-03 5.00e-01 5.00e+00 2.40e+04 5.00e+00 1.00e-02]	2948.290842146631
[1.96e+00 1.96e+00 1.96e+00 1.96e+00 1.97e-06 9.80e-01 1.96e+00 1.96e-01
 1.20e-01 1.00e-03 5.00e-01 5.00e+00 2.40e+04 5.00e+00 1.00e-02]	2944.4587198958125
[1.96e+00 1.96e+00 1.96e+00 1.96e+00 1.97e-06 9.80e-01 1.96e+00 1.96e-01
 1.24e-01 1.00e-03 5.00e-01 5.00e+00 2.40e+04 5.00e+00 1.00e-02]	2939.9724394906298
[1.96e+00 1.96e+00 1.96e+00 1.96e+00 1.97e-06 9.80e-01 1.96e+00 1.96e-01
 1.28e-01 1.00e-03 5.00e-01 5.00e+00 2.40e+04 5.00e+00 1.00e-02]	2945.7417637830326
[1.96e+00 1.96e+00 1.96e+00 1.96e+00 1.97e-06 9.80e-01 1.96e+00 1.96e-01
 1.32e-01 1.00e-03 5.00e-01 5.00e+00 2.40e+04 5.00e+00 1.00e-02]	2934.25809024875
[1.96e+00 1.96e+00 1.96e+00 1.96e+00 1.97e-06 9.80e-01 1.96e+00 1.96e-01
 1.36e-01 1.00e-03 5.00e-01 5.00e+00 2.40e+04 5.00e+00 1.00e-02]	2935.616748833241
[1.96e+00 1.96e+00 1.96e+00 1.96e+00 1.97e-06 9.80e-01 1.96e+00 1.96e-01
 1.40e-01 1.00e-03 5.00e-01 5.00e+00 2.40e+04 5.00e+00 1.00e-02]	2965.409944490515
[1.96e+00 1.96e+00 1.96e+00 1.96e+00 1.97e-06 9.80e-01 1.96e+00 1.96e-01
 1.44e-01 1.00e-03 5.00e-01 5.00e+00 2.40e+04 5.00e+00 1.00e-02]	2945.146870281391
[1.96e+00 1.96e+00 1.96e+00 1.96e+00 1.97e-06 9.80e-01 1.96e+00 1.96e-01
 1.48e-01 1.00e-03 5.00e-01 5.00e+00 2.40e+04 5.00e+00 1.00e-02]	2944.883418869706
[1.96e+00 1.96e+00 1.96e+00 1.96e+00 1.97e-06 9.80e-01 1.96e+00 1.96e-01
 1.52e-01 1.00e-03 5.00e-01 5.00e+00 2.40e+04 5.00e+00 1.00e-02]	2958.1676060991567
[1.96e+00 1.96e+00 1.96e+00 1.96e+00 1.97e-06 9.80e-01 1.96e+00 1.96e-01
 1.56e-01 1.00e-03 5.00e-01 5.00e+00 2.40e+04 5.00e+00 1.00e-02]	2944.883418869706
[1.96e+00 1.96e+00 1.96e+00 1.96e+00 1.97e-06 9.80e-01 1.96e+00 1.96e-01
 1.60e-01 1.00e-03 5.00e-01 5.00e+00 2.40e+04 5.00e+00 1.00e-02]	2948.5162012151422
[1.96e+00 1.96e+00 1.96e+00 1.96e+00 1.97e-06 9.80e-01 1.96e+00 1.96e-01
 1.64e-01 1.00e-03 5.00e-01 5.00e+00 2.40e+04 5.00e+00 1.00e-02]	2933.5773311726666
[1.96e+00 1.96e+00 1.96e+00 1.96e+00 1.97e-06 9.80e-01 1.96e+00 1.96e-01
 1.68e-01 1.00e-03 5.00e-01 5.00e+00 2.40e+04 5.00e+00 1.00e-02]	2934.8416959291403
[1.96e+00 1.96e+00 1.96e+00 1.96e+00 1.97e-06 9.80e-01 1.96e+00 1.96e-01
 1.72e-01 1.00e-03 5.00e-01 5.00e+00 2.40e+04 5.00e+00 1.00e-02]	2923.3421092330345
[1.96e+00 1.96e+00 1.96e+00 1.96e+00 1.97e-06 9.80e-01 1.96e+00 1.96e-01
 1.76e-01 1.00e-03 5.00e-01 5.00e+00 2.40e+04 5.00e+00 1.00e-02]	2959.8860452324525
[1.96e+00 1.96e+00 1.96e+00 1.96e+00 1.97e-06 9.80e-01 1.96e+00 1.96e-01
 1.80e-01 1.00e-03 5.00e-01 5.00e+00 2.40e+04 5.00e+00 1.00e-02]	2934.162037267067
[1.96e+00 1.96e+00 1.96e+00 1.96e+00 1.97e-06 9.80e-01 1.96e+00 1.96e-01
 1.84e-01 1.00e-03 5.00e-01 5.00e+00 2.40e+04 5.00e+00 1.00e-02]	2952.4262871016667
[1.96e+00 1.96e+00 1.96e+00 1.96e+00 1.97e-06 9.80e-01 1.96e+00 1.96e-01
 1.88e-01 1.00e-03 5.00e-01 5.00e+00 2.40e+04 5.00e+00 1.00e-02]	2954.330936763807
[1.96e+00 1.96e+00 1.96e+00 1.96e+00 1.97e-06 9.80e-01 1.96e+00 1.96e-01
 1.92e-01 1.00e-03 5.00e-01 5.00e+00 2.40e+04 5.00e+00 1.00e-02]	2942.9422992240093
[1.96e+00 1.96e+00 1.96e+00 1.96e+00 1.97e-06 9.80e-01 1.96e+00 1.96e-01
 1.96e-01 1.00e-03 5.00e-01 5.00e+00 2.40e+04 5.00e+00 1.00e-02]	2952.6754147440884
[1.96e+00 1.96e+00 1.96e+00 1.96e+00 1.97e-06 9.80e-01 1.96e+00 1.96e-01
 1.96e-01 0.00e+00 5.00e-01 5.00e+00 2.40e+04 5.00e+00 1.00e-02]	2950.9578429620324
[1.96e+00 1.96e+00 1.96e+00 1.96e+00 1.97e-06 9.80e-01 1.96e+00 1.96e-01
 1.96e-01 4.00e-03 5.00e-01 5.00e+00 2.40e+04 5.00e+00 1.00e-02]	2947.4498841326745
[1.96e+00 1.96e+00 1.96e+00 1.96e+00 1.97e-06 9.80e-01 1.96e+00 1.96e-01
 1.96e-01 8.00e-03 5.00e-01 5.00e+00 2.40e+04 5.00e+00 1.00e-02]	2947.1150145720258
[1.96e+00 1.96e+00 1.96e+00 1.96e+00 1.97e-06 9.80e-01 1.96e+00 1.96e-01
 1.96e-01 1.20e-02 5.00e-01 5.00e+00 2.40e+04 5.00e+00 1.00e-02]	2958.2306263355485
[1.96e+00 1.96e+00 1.96e+00 1.96e+00 1.97e-06 9.80e-01 1.96e+00 1.96e-01
 1.96e-01 1.60e-02 5.00e-01 5.00e+00 2.40e+04 5.00e+00 1.00e-02]	2944.7386641042576
[1.96e+00 1.96e+00 1.96e+00 1.96e+00 1.97e-06 9.80e-01 1.96e+00 1.96e-01
 1.96e-01 2.00e-02 5.00e-01 5.00e+00 2.40e+04 5.00e+00 1.00e-02]	2929.9664131085715
[1.96e+00 1.96e+00 1.96e+00 1.96e+00 1.97e-06 9.80e-01 1.96e+00 1.96e-01
 1.96e-01 2.40e-02 5.00e-01 5.00e+00 2.40e+04 5.00e+00 1.00e-02]	2947.1150145720258
[1.96e+00 1.96e+00 1.96e+00 1.96e+00 1.97e-06 9.80e-01 1.96e+00 1.96e-01
 1.96e-01 2.80e-02 5.00e-01 5.00e+00 2.40e+04 5.00e+00 1.00e-02]	2934.210088534889
[1.96e+00 1.96e+00 1.96e+00 1.96e+00 1.97e-06 9.80e-01 1.96e+00 1.96e-01
 1.96e-01 3.20e-02 5.00e-01 5.00e+00 2.40e+04 5.00e+00 1.00e-02]	2952.56937893734
[1.96e+00 1.96e+00 1.96e+00 1.96e+00 1.97e-06 9.80e-01 1.96e+00 1.96e-01
 1.96e-01 3.60e-02 5.00e-01 5.00e+00 2.40e+04 5.00e+00 1.00e-02]	2949.8662580799887
[1.96e+00 1.96e+00 1.96e+00 1.96e+00 1.97e-06 9.80e-01 1.96e+00 1.96e-01
 1.96e-01 4.00e-02 5.00e-01 5.00e+00 2.40e+04 5.00e+00 1.00e-02]	2944.883418869706
[1.96e+00 1.96e+00 1.96e+00 1.96e+00 1.97e-06 9.80e-01 1.96e+00 1.96e-01
 1.96e-01 4.40e-02 5.00e-01 5.00e+00 2.40e+04 5.00e+00 1.00e-02]	2953.8739936861966
[1.96e+00 1.96e+00 1.96e+00 1.96e+00 1.97e-06 9.80e-01 1.96e+00 1.96e-01
 1.96e-01 4.80e-02 5.00e-01 5.00e+00 2.40e+04 5.00e+00 1.00e-02]	2954.240696208367
[1.96e+00 1.96e+00 1.96e+00 1.96e+00 1.97e-06 9.80e-01 1.96e+00 1.96e-01
 1.96e-01 5.20e-02 5.00e-01 5.00e+00 2.40e+04 5.00e+00 1.00e-02]	2938.935185037088
[1.96e+00 1.96e+00 1.96e+00 1.96e+00 1.97e-06 9.80e-01 1.96e+00 1.96e-01
 1.96e-01 5.60e-02 5.00e-01 5.00e+00 2.40e+04 5.00e+00 1.00e-02]	2944.567427599443
[1.96e+00 1.96e+00 1.96e+00 1.96e+00 1.97e-06 9.80e-01 1.96e+00 1.96e-01
 1.96e-01 6.00e-02 5.00e-01 5.00e+00 2.40e+04 5.00e+00 1.00e-02]	2947.1150145720258
[1.96e+00 1.96e+00 1.96e+00 1.96e+00 1.97e-06 9.80e-01 1.96e+00 1.96e-01
 1.96e-01 6.40e-02 5.00e-01 5.00e+00 2.40e+04 5.00e+00 1.00e-02]	2947.835515722291
[1.96e+00 1.96e+00 1.96e+00 1.96e+00 1.97e-06 9.80e-01 1.96e+00 1.96e-01
 1.96e-01 6.80e-02 5.00e-01 5.00e+00 2.40e+04 5.00e+00 1.00e-02]	2932.53700156601
[1.96e+00 1.96e+00 1.96e+00 1.96e+00 1.97e-06 9.80e-01 1.96e+00 1.96e-01
 1.96e-01 7.20e-02 5.00e-01 5.00e+00 2.40e+04 5.00e+00 1.00e-02]	2942.2421837504617
[1.96e+00 1.96e+00 1.96e+00 1.96e+00 1.97e-06 9.80e-01 1.96e+00 1.96e-01
 1.96e-01 7.60e-02 5.00e-01 5.00e+00 2.40e+04 5.00e+00 1.00e-02]	2928.62483389518
[1.96e+00 1.96e+00 1.96e+00 1.96e+00 1.97e-06 9.80e-01 1.96e+00 1.96e-01
 1.96e-01 8.00e-02 5.00e-01 5.00e+00 2.40e+04 5.00e+00 1.00e-02]	2943.6019619466542
[1.96e+00 1.96e+00 1.96e+00 1.96e+00 1.97e-06 9.80e-01 1.96e+00 1.96e-01
 1.96e-01 8.40e-02 5.00e-01 5.00e+00 2.40e+04 5.00e+00 1.00e-02]	2948.116118923508
[1.96e+00 1.96e+00 1.96e+00 1.96e+00 1.97e-06 9.80e-01 1.96e+00 1.96e-01
 1.96e-01 8.80e-02 5.00e-01 5.00e+00 2.40e+04 5.00e+00 1.00e-02]	2935.488170699777
[1.96e+00 1.96e+00 1.96e+00 1.96e+00 1.97e-06 9.80e-01 1.96e+00 1.96e-01
 1.96e-01 9.20e-02 5.00e-01 5.00e+00 2.40e+04 5.00e+00 1.00e-02]	2934.1538240980412
