[0.000e+00 9.000e-01 1.092e+00 1.500e+00 1.000e-06 5.000e-01 1.000e+00
 5.000e-03 1.000e-03 1.000e-03 5.000e-01 5.000e+00 2.400e+04 5.000e+00
 1.000e-02]	833.8635056665439
[4.000e-02 9.000e-01 1.092e+00 1.500e+00 1.000e-06 5.000e-01 1.000e+00
 5.000e-03 1.000e-03 1.000e-03 5.000e-01 5.000e+00 2.400e+04 5.000e+00
 1.000e-02]	833.1887296320842
[8.000e-02 9.000e-01 1.092e+00 1.500e+00 1.000e-06 5.000e-01 1.000e+00
 5.000e-03 1.000e-03 1.000e-03 5.000e-01 5.000e+00 2.400e+04 5.000e+00
 1.000e-02]	830.72263801776
[1.200e-01 9.000e-01 1.092e+00 1.500e+00 1.000e-06 5.000e-01 1.000e+00
 5.000e-03 1.000e-03 1.000e-03 5.000e-01 5.000e+00 2.400e+04 5.000e+00
 1.000e-02]	817.5889878550361
[1.600e-01 9.000e-01 1.092e+00 1.500e+00 1.000e-06 5.000e-01 1.000e+00
 5.000e-03 1.000e-03 1.000e-03 5.000e-01 5.000e+00 2.400e+04 5.000e+00
 1.000e-02]	846.6111541300642
[2.000e-01 9.000e-01 1.092e+00 1.500e+00 1.000e-06 5.000e-01 1.000e+00
 5.000e-03 1.000e-03 1.000e-03 5.000e-01 5.000e+00 2.400e+04 5.000e+00
 1.000e-02]	830.0489761049364
[2.400e-01 9.000e-01 1.092e+00 1.500e+00 1.000e-06 5.000e-01 1.000e+00
 5.000e-03 1.000e-03 1.000e-03 5.000e-01 5.000e+00 2.400e+04 5.000e+00
 1.000e-02]	837.8029820878019
[2.800e-01 9.000e-01 1.092e+00 1.500e+00 1.000e-06 5.000e-01 1.000e+00
 5.000e-03 1.000e-03 1.000e-03 5.000e-01 5.000e+00 2.400e+04 5.000e+00
 1.000e-02]	817.8470551350965
[3.200e-01 9.000e-01 1.092e+00 1.500e+00 1.000e-06 5.000e-01 1.000e+00
 5.000e-03 1.000e-03 1.000e-03 5.000e-01 5.000e+00 2.400e+04 5.000e+00
 1.000e-02]	825.0065582646508
[3.600e-01 9.000e-01 1.092e+00 1.500e+00 1.000e-06 5.000e-01 1.000e+00
 5.000e-03 1.000e-03 1.000e-03 5.000e-01 5.000e+00 2.400e+04 5.000e+00
 1.000e-02]	840.2145634550208
[4.000e-01 9.000e-01 1.092e+00 1.500e+00 1.000e-06 5.000e-01 1.000e+00
 5.000e-03 1.000e-03 1.000e-03 5.000e-01 5.000e+00 2.400e+04 5.000e+00
 1.000e-02]	816.09005449144
[4.400e-01 9.000e-01 1.092e+00 1.500e+00 1.000e-06 5.000e-01 1.000e+00
 5.000e-03 1.000e-03 1.000e-03 5.000e-01 5.000e+00 2.400e+04 5.000e+00
 1.000e-02]	822.4823302978181
[4.800e-01 9.000e-01 1.092e+00 1.500e+00 1.000e-06 5.000e-01 1.000e+00
 5.000e-03 1.000e-03 1.000e-03 5.000e-01 5.000e+00 2.400e+04 5.000e+00
 1.000e-02]	847.1200078045908
[5.200e-01 9.000e-01 1.092e+00 1.500e+00 1.000e-06 5.000e-01 1.000e+00
 5.000e-03 1.000e-03 1.000e-03 5.000e-01 5.000e+00 2.400e+04 5.000e+00
 1.000e-02]	830.4096989736926
[5.600e-01 9.000e-01 1.092e+00 1.500e+00 1.000e-06 5.000e-01 1.000e+00
 5.000e-03 1.000e-03 1.000e-03 5.000e-01 5.000e+00 2.400e+04 5.000e+00
 1.000e-02]	830.4096991394862
[6.000e-01 9.000e-01 1.092e+00 1.500e+00 1.000e-06 5.000e-01 1.000e+00
 5.000e-03 1.000e-03 1.000e-03 5.000e-01 5.000e+00 2.400e+04 5.000e+00
 1.000e-02]	819.7486525828286
[6.400e-01 9.000e-01 1.092e+00 1.500e+00 1.000e-06 5.000e-01 1.000e+00
 5.000e-03 1.000e-03 1.000e-03 5.000e-01 5.000e+00 2.400e+04 5.000e+00
 1.000e-02]	829.9412386492597
[6.800e-01 9.000e-01 1.092e+00 1.500e+00 1.000e-06 5.000e-01 1.000e+00
 5.000e-03 1.000e-03 1.000e-03 5.000e-01 5.000e+00 2.400e+04 5.000e+00
 1.000e-02]	823.5274501772304
[7.200e-01 9.000e-01 1.092e+00 1.500e+00 1.000e-06 5.000e-01 1.000e+00
 5.000e-03 1.000e-03 1.000e-03 5.000e-01 5.000e+00 2.400e+04 5.000e+00
 1.000e-02]	833.9451514724889
[7.600e-01 9.000e-01 1.092e+00 1.500e+00 1.000e-06 5.000e-01 1.000e+00
 5.000e-03 1.000e-03 1.000e-03 5.000e-01 5.000e+00 2.400e+04 5.000e+00
 1.000e-02]	819.8673300556237
[8.000e-01 9.000e-01 1.092e+00 1.500e+00 1.000e-06 5.000e-01 1.000e+00
 5.000e-03 1.000e-03 1.000e-03 5.000e-01 5.000e+00 2.400e+04 5.000e+00
 1.000e-02]	833.9260385864444
[8.400e-01 9.000e-01 1.092e+00 1.500e+00 1.000e-06 5.000e-01 1.000e+00
 5.000e-03 1.000e-03 1.000e-03 5.000e-01 5.000e+00 2.400e+04 5.000e+00
 1.000e-02]	849.4761264828995
[8.800e-01 9.000e-01 1.092e+00 1.500e+00 1.000e-06 5.000e-01 1.000e+00
 5.000e-03 1.000e-03 1.000e-03 5.000e-01 5.000e+00 2.400e+04 5.000e+00
 1.000e-02]	818.8657750020487
[9.200e-01 9.000e-01 1.092e+00 1.500e+00 1.000e-06 5.000e-01 1.000e+00
 5.000e-03 1.000e-03 1.000e-03 5.000e-01 5.000e+00 2.400e+04 5.000e+00
 1.000e-02]	838.7812219291138
[9.600e-01 9.000e-01 1.092e+00 1.500e+00 1.000e-06 5.000e-01 1.000e+00
 5.000e-03 1.000e-03 1.000e-03 5.000e-01 5.000e+00 2.400e+04 5.000e+00
 1.000e-02]	847.1143835965077
[1.000e+00 9.000e-01 1.092e+00 1.500e+00 1.000e-06 5.000e-01 1.000e+00
 5.000e-03 1.000e-03 1.000e-03 5.000e-01 5.000e+00 2.400e+04 5.000e+00
 1.000e-02]	814.8320549012979
[1.040e+00 9.000e-01 1.092e+00 1.500e+00 1.000e-06 5.000e-01 1.000e+00
 5.000e-03 1.000e-03 1.000e-03 5.000e-01 5.000e+00 2.400e+04 5.000e+00
 1.000e-02]	821.3292222091317
[1.080e+00 9.000e-01 1.092e+00 1.500e+00 1.000e-06 5.000e-01 1.000e+00
 5.000e-03 1.000e-03 1.000e-03 5.000e-01 5.000e+00 2.400e+04 5.000e+00
 1.000e-02]	824.4936235616898
[1.120e+00 9.000e-01 1.092e+00 1.500e+00 1.000e-06 5.000e-01 1.000e+00
 5.000e-03 1.000e-03 1.000e-03 5.000e-01 5.000e+00 2.400e+04 5.000e+00
 1.000e-02]	809.8579590315281
[1.160e+00 9.000e-01 1.092e+00 1.500e+00 1.000e-06 5.000e-01 1.000e+00
 5.000e-03 1.000e-03 1.000e-03 5.000e-01 5.000e+00 2.400e+04 5.000e+00
 1.000e-02]	833.3929157377245
[1.200e+00 9.000e-01 1.092e+00 1.500e+00 1.000e-06 5.000e-01 1.000e+00
 5.000e-03 1.000e-03 1.000e-03 5.000e-01 5.000e+00 2.400e+04 5.000e+00
 1.000e-02]	838.7812219291138
[1.240e+00 9.000e-01 1.092e+00 1.500e+00 1.000e-06 5.000e-01 1.000e+00
 5.000e-03 1.000e-03 1.000e-03 5.000e-01 5.000e+00 2.400e+04 5.000e+00
 1.000e-02]	818.8657750020487
[1.280e+00 9.000e-01 1.092e+00 1.500e+00 1.000e-06 5.000e-01 1.000e+00
 5.000e-03 1.000e-03 1.000e-03 5.000e-01 5.000e+00 2.400e+04 5.000e+00
 1.000e-02]	821.7527294635988
[1.320e+00 9.000e-01 1.092e+00 1.500e+00 1.000e-06 5.000e-01 1.000e+00
 5.000e-03 1.000e-03 1.000e-03 5.000e-01 5.000e+00 2.400e+04 5.000e+00
 1.000e-02]	822.5326915720151
[1.360e+00 9.000e-01 1.092e+00 1.500e+00 1.000e-06 5.000e-01 1.000e+00
 5.000e-03 1.000e-03 1.000e-03 5.000e-01 5.000e+00 2.400e+04 5.000e+00
 1.000e-02]	822.0844638079473
[1.400e+00 9.000e-01 1.092e+00 1.500e+00 1.000e-06 5.000e-01 1.000e+00
 5.000e-03 1.000e-03 1.000e-03 5.000e-01 5.000e+00 2.400e+04 5.000e+00
 1.000e-02]	832.9699023485955
[1.440e+00 9.000e-01 1.092e+00 1.500e+00 1.000e-06 5.000e-01 1.000e+00
 5.000e-03 1.000e-03 1.000e-03 5.000e-01 5.000e+00 2.400e+04 5.000e+00
 1.000e-02]	812.9478559623229
[1.480e+00 9.000e-01 1.092e+00 1.500e+00 1.000e-06 5.000e-01 1.000e+00
 5.000e-03 1.000e-03 1.000e-03 5.000e-01 5.000e+00 2.400e+04 5.000e+00
 1.000e-02]	825.1617125683415
[1.520e+00 9.000e-01 1.092e+00 1.500e+00 1.000e-06 5.000e-01 1.000e+00
 5.000e-03 1.000e-03 1.000e-03 5.000e-01 5.000e+00 2.400e+04 5.000e+00
 1.000e-02]	816.3230878863938
[1.560e+00 9.000e-01 1.092e+00 1.500e+00 1.000e-06 5.000e-01 1.000e+00
 5.000e-03 1.000e-03 1.000e-03 5.000e-01 5.000e+00 2.400e+04 5.000e+00
 1.000e-02]	829.0362409081779
[1.600e+00 9.000e-01 1.092e+00 1.500e+00 1.000e-06 5.000e-01 1.000e+00
 5.000e-03 1.000e-03 1.000e-03 5.000e-01 5.000e+00 2.400e+04 5.000e+00
 1.000e-02]	847.1200078045908
[1.640e+00 9.000e-01 1.092e+00 1.500e+00 1.000e-06 5.000e-01 1.000e+00
 5.000e-03 1.000e-03 1.000e-03 5.000e-01 5.000e+00 2.400e+04 5.000e+00
 1.000e-02]	821.7023546348913
[1.680e+00 9.000e-01 1.092e+00 1.500e+00 1.000e-06 5.000e-01 1.000e+00
 5.000e-03 1.000e-03 1.000e-03 5.000e-01 5.000e+00 2.400e+04 5.000e+00
 1.000e-02]	832.2074824247192
[1.720e+00 9.000e-01 1.092e+00 1.500e+00 1.000e-06 5.000e-01 1.000e+00
 5.000e-03 1.000e-03 1.000e-03 5.000e-01 5.000e+00 2.400e+04 5.000e+00
 1.000e-02]	822.8678743858956
[1.760e+00 9.000e-01 1.092e+00 1.500e+00 1.000e-06 5.000e-01 1.000e+00
 5.000e-03 1.000e-03 1.000e-03 5.000e-01 5.000e+00 2.400e+04 5.000e+00
 1.000e-02]	830.72263801776
[1.800e+00 9.000e-01 1.092e+00 1.500e+00 1.000e-06 5.000e-01 1.000e+00
 5.000e-03 1.000e-03 1.000e-03 5.000e-01 5.000e+00 2.400e+04 5.000e+00
 1.000e-02]	838.7812219291138
[1.840e+00 9.000e-01 1.092e+00 1.500e+00 1.000e-06 5.000e-01 1.000e+00
 5.000e-03 1.000e-03 1.000e-03 5.000e-01 5.000e+00 2.400e+04 5.000e+00
 1.000e-02]	834.267139798491
[1.880e+00 9.000e-01 1.092e+00 1.500e+00 1.000e-06 5.000e-01 1.000e+00
 5.000e-03 1.000e-03 1.000e-03 5.000e-01 5.000e+00 2.400e+04 5.000e+00
 1.000e-02]	848.3119202903378
[1.920e+00 9.000e-01 1.092e+00 1.500e+00 1.000e-06 5.000e-01 1.000e+00
 5.000e-03 1.000e-03 1.000e-03 5.000e-01 5.000e+00 2.400e+04 5.000e+00
 1.000e-02]	833.1675704516528
[1.960e+00 9.000e-01 1.092e+00 1.500e+00 1.000e-06 5.000e-01 1.000e+00
 5.000e-03 1.000e-03 1.000e-03 5.000e-01 5.000e+00 2.400e+04 5.000e+00
 1.000e-02]	828.7265008616861
[1.960e+00 0.000e+00 1.092e+00 1.500e+00 1.000e-06 5.000e-01 1.000e+00
 5.000e-03 1.000e-03 1.000e-03 5.000e-01 5.000e+00 2.400e+04 5.000e+00
 1.000e-02]	820.8623925410893
[1.960e+00 4.000e-02 1.092e+00 1.500e+00 1.000e-06 5.000e-01 1.000e+00
 5.000e-03 1.000e-03 1.000e-03 5.000e-01 5.000e+00 2.400e+04 5.000e+00
 1.000e-02]	840.2122636914331
[1.960e+00 8.000e-02 1.092e+00 1.500e+00 1.000e-06 5.000e-01 1.000e+00
 5.000e-03 1.000e-03 1.000e-03 5.000e-01 5.000e+00 2.400e+04 5.000e+00
 1.000e-02]	825.4087300533205
[1.960e+00 1.200e-01 1.092e+00 1.500e+00 1.000e-06 5.000e-01 1.000e+00
 5.000e-03 1.000e-03 1.000e-03 5.000e-01 5.000e+00 2.400e+04 5.000e+00
 1.000e-02]	824.8088299178298
[1.960e+00 1.600e-01 1.092e+00 1.500e+00 1.000e-06 5.000e-01 1.000e+00
 5.000e-03 1.000e-03 1.000e-03 5.000e-01 5.000e+00 2.400e+04 5.000e+00
 1.000e-02]	827.7528276713135
[1.960e+00 2.000e-01 1.092e+00 1.500e+00 1.000e-06 5.000e-01 1.000e+00
 5.000e-03 1.000e-03 1.000e-03 5.000e-01 5.000e+00 2.400e+04 5.000e+00
 1.000e-02]	817.7701628529964
[1.960e+00 2.400e-01 1.092e+00 1.500e+00 1.000e-06 5.000e-01 1.000e+00
 5.000e-03 1.000e-03 1.000e-03 5.000e-01 5.000e+00 2.400e+04 5.000e+00
 1.000e-02]	835.0124269995769
[1.960e+00 2.800e-01 1.092e+00 1.500e+00 1.000e-06 5.000e-01 1.000e+00
 5.000e-03 1.000e-03 1.000e-03 5.000e-01 5.000e+00 2.400e+04 5.000e+00
 1.000e-02]	831.3223261725448
[1.960e+00 3.200e-01 1.092e+00 1.500e+00 1.000e-06 5.000e-01 1.000e+00
 5.000e-03 1.000e-03 1.000e-03 5.000e-01 5.000e+00 2.400e+04 5.000e+00
 1.000e-02]	834.3697562368608
[1.960e+00 3.600e-01 1.092e+00 1.500e+00 1.000e-06 5.000e-01 1.000e+00
 5.000e-03 1.000e-03 1.000e-03 5.000e-01 5.000e+00 2.400e+04 5.000e+00
 1.000e-02]	827.8593585291175
[1.960e+00 4.000e-01 1.092e+00 1.500e+00 1.000e-06 5.000e-01 1.000e+00
 5.000e-03 1.000e-03 1.000e-03 5.000e-01 5.000e+00 2.400e+04 5.000e+00
 1.000e-02]	830.3670962090496
[1.960e+00 4.400e-01 1.092e+00 1.500e+00 1.000e-06 5.000e-01 1.000e+00
 5.000e-03 1.000e-03 1.000e-03 5.000e-01 5.000e+00 2.400e+04 5.000e+00
 1.000e-02]	825.9355718448247
[1.960e+00 4.800e-01 1.092e+00 1.500e+00 1.000e-06 5.000e-01 1.000e+00
 5.000e-03 1.000e-03 1.000e-03 5.000e-01 5.000e+00 2.400e+04 5.000e+00
 1.000e-02]	822.4777637929305
[1.960e+00 5.200e-01 1.092e+00 1.500e+00 1.000e-06 5.000e-01 1.000e+00
 5.000e-03 1.000e-03 1.000e-03 5.000e-01 5.000e+00 2.400e+04 5.000e+00
 1.000e-02]	818.2139973984565
[1.960e+00 5.600e-01 1.092e+00 1.500e+00 1.000e-06 5.000e-01 1.000e+00
 5.000e-03 1.000e-03 1.000e-03 5.000e-01 5.000e+00 2.400e+04 5.000e+00
 1.000e-02]	824.6978163345029
[1.960e+00 6.000e-01 1.092e+00 1.500e+00 1.000e-06 5.000e-01 1.000e+00
 5.000e-03 1.000e-03 1.000e-03 5.000e-01 5.000e+00 2.400e+04 5.000e+00
 1.000e-02]	839.5766316258018
[1.960e+00 6.400e-01 1.092e+00 1.500e+00 1.000e-06 5.000e-01 1.000e+00
 5.000e-03 1.000e-03 1.000e-03 5.000e-01 5.000e+00 2.400e+04 5.000e+00
 1.000e-02]	842.4762975805047
[1.960e+00 6.800e-01 1.092e+00 1.500e+00 1.000e-06 5.000e-01 1.000e+00
 5.000e-03 1.000e-03 1.000e-03 5.000e-01 5.000e+00 2.400e+04 5.000e+00
 1.000e-02]	830.4988039247056
[1.960e+00 7.200e-01 1.092e+00 1.500e+00 1.000e-06 5.000e-01 1.000e+00
 5.000e-03 1.000e-03 1.000e-03 5.000e-01 5.000e+00 2.400e+04 5.000e+00
 1.000e-02]	832.9077848944789
[1.960e+00 7.600e-01 1.092e+00 1.500e+00 1.000e-06 5.000e-01 1.000e+00
 5.000e-03 1.000e-03 1.000e-03 5.000e-01 5.000e+00 2.400e+04 5.000e+00
 1.000e-02]	827.4225196576181
[1.960e+00 8.000e-01 1.092e+00 1.500e+00 1.000e-06 5.000e-01 1.000e+00
 5.000e-03 1.000e-03 1.000e-03 5.000e-01 5.000e+00 2.400e+04 5.000e+00
 1.000e-02]	831.9259299279904
[1.960e+00 8.400e-01 1.092e+00 1.500e+00 1.000e-06 5.000e-01 1.000e+00
 5.000e-03 1.000e-03 1.000e-03 5.000e-01 5.000e+00 2.400e+04 5.000e+00
 1.000e-02]	825.3120580234983
[1.960e+00 8.800e-01 1.092e+00 1.500e+00 1.000e-06 5.000e-01 1.000e+00
 5.000e-03 1.000e-03 1.000e-03 5.000e-01 5.000e+00 2.400e+04 5.000e+00
 1.000e-02]	830.7827427144081
[1.960e+00 9.200e-01 1.092e+00 1.500e+00 1.000e-06 5.000e-01 1.000e+00
 5.000e-03 1.000e-03 1.000e-03 5.000e-01 5.000e+00 2.400e+04 5.000e+00
 1.000e-02]	843.7010538960312
[1.960e+00 9.600e-01 1.092e+00 1.500e+00 1.000e-06 5.000e-01 1.000e+00
 5.000e-03 1.000e-03 1.000e-03 5.000e-01 5.000e+00 2.400e+04 5.000e+00
 1.000e-02]	835.1434209494255
[1.960e+00 1.000e+00 1.092e+00 1.500e+00 1.000e-06 5.000e-01 1.000e+00
 5.000e-03 1.000e-03 1.000e-03 5.000e-01 5.000e+00 2.400e+04 5.000e+00
 1.000e-02]	836.2771530283669
[1.960e+00 1.040e+00 1.092e+00 1.500e+00 1.000e-06 5.000e-01 1.000e+00
 5.000e-03 1.000e-03 1.000e-03 5.000e-01 5.000e+00 2.400e+04 5.000e+00
 1.000e-02]	826.7501213515445
[1.960e+00 1.080e+00 1.092e+00 1.500e+00 1.000e-06 5.000e-01 1.000e+00
 5.000e-03 1.000e-03 1.000e-03 5.000e-01 5.000e+00 2.400e+04 5.000e+00
 1.000e-02]	825.9218452215148
[1.960e+00 1.120e+00 1.092e+00 1.500e+00 1.000e-06 5.000e-01 1.000e+00
 5.000e-03 1.000e-03 1.000e-03 5.000e-01 5.000e+00 2.400e+04 5.000e+00
 1.000e-02]	822.1481533547445
[1.960e+00 1.160e+00 1.092e+00 1.500e+00 1.000e-06 5.000e-01 1.000e+00
 5.000e-03 1.000e-03 1.000e-03 5.000e-01 5.000e+00 2.400e+04 5.000e+00
 1.000e-02]	816.2519661524351
[1.960e+00 1.200e+00 1.092e+00 1.500e+00 1.000e-06 5.000e-01 1.000e+00
 5.000e-03 1.000e-03 1.000e-03 5.000e-01 5.000e+00 2.400e+04 5.000e+00
 1.000e-02]	830.7939840464485
[1.960e+00 1.240e+00 1.092e+00 1.500e+00 1.000e-06 5.000e-01 1.000e+00
 5.000e-03 1.000e-03 1.000e-03 5.000e-01 5.000e+00 2.400e+04 5.000e+00
 1.000e-02]	819.6001508698425
[1.960e+00 1.280e+00 1.092e+00 1.500e+00 1.000e-06 5.000e-01 1.000e+00
 5.000e-03 1.000e-03 1.000e-03 5.000e-01 5.000e+00 2.400e+04 5.000e+00
 1.000e-02]	825.5642515912714
[1.960e+00 1.320e+00 1.092e+00 1.500e+00 1.000e-06 5.000e-01 1.000e+00
 5.000e-03 1.000e-03 1.000e-03 5.000e-01 5.000e+00 2.400e+04 5.000e+00
 1.000e-02]	835.2598378496605
[1.960e+00 1.360e+00 1.092e+00 1.500e+00 1.000e-06 5.000e-01 1.000e+00
 5.000e-03 1.000e-03 1.000e-03 5.000e-01 5.000e+00 2.400e+04 5.000e+00
 1.000e-02]	827.4340782495144
[1.960e+00 1.400e+00 1.092e+00 1.500e+00 1.000e-06 5.000e-01 1.000e+00
 5.000e-03 1.000e-03 1.000e-03 5.000e-01 5.000e+00 2.400e+04 5.000e+00
 1.000e-02]	832.5098160288779
[1.960e+00 1.440e+00 1.092e+00 1.500e+00 1.000e-06 5.000e-01 1.000e+00
 5.000e-03 1.000e-03 1.000e-03 5.000e-01 5.000e+00 2.400e+04 5.000e+00
 1.000e-02]	829.8283987155575
[1.960e+00 1.480e+00 1.092e+00 1.500e+00 1.000e-06 5.000e-01 1.000e+00
 5.000e-03 1.000e-03 1.000e-03 5.000e-01 5.000e+00 2.400e+04 5.000e+00
 1.000e-02]	843.2736375418498
[1.960e+00 1.520e+00 1.092e+00 1.500e+00 1.000e-06 5.000e-01 1.000e+00
 5.000e-03 1.000e-03 1.000e-03 5.000e-01 5.000e+00 2.400e+04 5.000e+00
 1.000e-02]	830.2060203409234
[1.960e+00 1.560e+00 1.092e+00 1.500e+00 1.000e-06 5.000e-01 1.000e+00
 5.000e-03 1.000e-03 1.000e-03 5.000e-01 5.000e+00 2.400e+04 5.000e+00
 1.000e-02]	829.895075842666
[1.960e+00 1.600e+00 1.092e+00 1.500e+00 1.000e-06 5.000e-01 1.000e+00
 5.000e-03 1.000e-03 1.000e-03 5.000e-01 5.000e+00 2.400e+04 5.000e+00
 1.000e-02]	822.3847241563852
[1.960e+00 1.640e+00 1.092e+00 1.500e+00 1.000e-06 5.000e-01 1.000e+00
 5.000e-03 1.000e-03 1.000e-03 5.000e-01 5.000e+00 2.400e+04 5.000e+00
 1.000e-02]	821.1471492957202
[1.960e+00 1.680e+00 1.092e+00 1.500e+00 1.000e-06 5.000e-01 1.000e+00
 5.000e-03 1.000e-03 1.000e-03 5.000e-01 5.000e+00 2.400e+04 5.000e+00
 1.000e-02]	829.6837302360981
[1.960e+00 1.720e+00 1.092e+00 1.500e+00 1.000e-06 5.000e-01 1.000e+00
 5.000e-03 1.000e-03 1.000e-03 5.000e-01 5.000e+00 2.400e+04 5.000e+00
 1.000e-02]	834.33323678435
[1.960e+00 1.760e+00 1.092e+00 1.500e+00 1.000e-06 5.000e-01 1.000e+00
 5.000e-03 1.000e-03 1.000e-03 5.000e-01 5.000e+00 2.400e+04 5.000e+00
 1.000e-02]	823.5269561152644
[1.960e+00 1.800e+00 1.092e+00 1.500e+00 1.000e-06 5.000e-01 1.000e+00
 5.000e-03 1.000e-03 1.000e-03 5.000e-01 5.000e+00 2.400e+04 5.000e+00
 1.000e-02]	822.9926085410652
[1.960e+00 1.840e+00 1.092e+00 1.500e+00 1.000e-06 5.000e-01 1.000e+00
 5.000e-03 1.000e-03 1.000e-03 5.000e-01 5.000e+00 2.400e+04 5.000e+00
 1.000e-02]	823.7434492812688
[1.960e+00 1.880e+00 1.092e+00 1.500e+00 1.000e-06 5.000e-01 1.000e+00
 5.000e-03 1.000e-03 1.000e-03 5.000e-01 5.000e+00 2.400e+04 5.000e+00
 1.000e-02]	822.8348664607713
[1.960e+00 1.920e+00 1.092e+00 1.500e+00 1.000e-06 5.000e-01 1.000e+00
 5.000e-03 1.000e-03 1.000e-03 5.000e-01 5.000e+00 2.400e+04 5.000e+00
 1.000e-02]	828.8937642598116
[1.960e+00 1.960e+00 1.092e+00 1.500e+00 1.000e-06 5.000e-01 1.000e+00
 5.000e-03 1.000e-03 1.000e-03 5.000e-01 5.000e+00 2.400e+04 5.000e+00
 1.000e-02]	832.6208555742185
[1.96e+00 1.96e+00 0.00e+00 1.50e+00 1.00e-06 5.00e-01 1.00e+00 5.00e-03
 1.00e-03 1.00e-03 5.00e-01 5.00e+00 2.40e+04 5.00e+00 1.00e-02]	825.5825377422374
[1.96e+00 1.96e+00 4.00e-02 1.50e+00 1.00e-06 5.00e-01 1.00e+00 5.00e-03
 1.00e-03 1.00e-03 5.00e-01 5.00e+00 2.40e+04 5.00e+00 1.00e-02]	818.3694690446335
[1.96e+00 1.96e+00 8.00e-02 1.50e+00 1.00e-06 5.00e-01 1.00e+00 5.00e-03
 1.00e-03 1.00e-03 5.00e-01 5.00e+00 2.40e+04 5.00e+00 1.00e-02]	825.3858732029188
[1.96e+00 1.96e+00 1.20e-01 1.50e+00 1.00e-06 5.00e-01 1.00e+00 5.00e-03
 1.00e-03 1.00e-03 5.00e-01 5.00e+00 2.40e+04 5.00e+00 1.00e-02]	828.7355545360665
[1.96e+00 1.96e+00 1.60e-01 1.50e+00 1.00e-06 5.00e-01 1.00e+00 5.00e-03
 1.00e-03 1.00e-03 5.00e-01 5.00e+00 2.40e+04 5.00e+00 1.00e-02]	826.9506690637716
[1.96e+00 1.96e+00 2.00e-01 1.50e+00 1.00e-06 5.00e-01 1.00e+00 5.00e-03
 1.00e-03 1.00e-03 5.00e-01 5.00e+00 2.40e+04 5.00e+00 1.00e-02]	827.0673696327619
[1.96e+00 1.96e+00 2.40e-01 1.50e+00 1.00e-06 5.00e-01 1.00e+00 5.00e-03
 1.00e-03 1.00e-03 5.00e-01 5.00e+00 2.40e+04 5.00e+00 1.00e-02]	813.4172272304555
[1.96e+00 1.96e+00 2.80e-01 1.50e+00 1.00e-06 5.00e-01 1.00e+00 5.00e-03
 1.00e-03 1.00e-03 5.00e-01 5.00e+00 2.40e+04 5.00e+00 1.00e-02]	831.7580171029015
[1.96e+00 1.96e+00 3.20e-01 1.50e+00 1.00e-06 5.00e-01 1.00e+00 5.00e-03
 1.00e-03 1.00e-03 5.00e-01 5.00e+00 2.40e+04 5.00e+00 1.00e-02]	823.27257659453
[1.96e+00 1.96e+00 3.60e-01 1.50e+00 1.00e-06 5.00e-01 1.00e+00 5.00e-03
 1.00e-03 1.00e-03 5.00e-01 5.00e+00 2.40e+04 5.00e+00 1.00e-02]	828.6883615275254
[1.96e+00 1.96e+00 4.00e-01 1.50e+00 1.00e-06 5.00e-01 1.00e+00 5.00e-03
 1.00e-03 1.00e-03 5.00e-01 5.00e+00 2.40e+04 5.00e+00 1.00e-02]	812.5612169444129
[1.96e+00 1.96e+00 4.40e-01 1.50e+00 1.00e-06 5.00e-01 1.00e+00 5.00e-03
 1.00e-03 1.00e-03 5.00e-01 5.00e+00 2.40e+04 5.00e+00 1.00e-02]	823.2309657911145
[1.96e+00 1.96e+00 4.80e-01 1.50e+00 1.00e-06 5.00e-01 1.00e+00 5.00e-03
 1.00e-03 1.00e-03 5.00e-01 5.00e+00 2.40e+04 5.00e+00 1.00e-02]	828.6196538137299
[1.96e+00 1.96e+00 5.20e-01 1.50e+00 1.00e-06 5.00e-01 1.00e+00 5.00e-03
 1.00e-03 1.00e-03 5.00e-01 5.00e+00 2.40e+04 5.00e+00 1.00e-02]	810.5254587268748
[1.96e+00 1.96e+00 5.60e-01 1.50e+00 1.00e-06 5.00e-01 1.00e+00 5.00e-03
 1.00e-03 1.00e-03 5.00e-01 5.00e+00 2.40e+04 5.00e+00 1.00e-02]	827.4035491611094
[1.96e+00 1.96e+00 6.00e-01 1.50e+00 1.00e-06 5.00e-01 1.00e+00 5.00e-03
 1.00e-03 1.00e-03 5.00e-01 5.00e+00 2.40e+04 5.00e+00 1.00e-02]	830.4187522678095
[1.96e+00 1.96e+00 6.40e-01 1.50e+00 1.00e-06 5.00e-01 1.00e+00 5.00e-03
 1.00e-03 1.00e-03 5.00e-01 5.00e+00 2.40e+04 5.00e+00 1.00e-02]	829.373286600082
[1.96e+00 1.96e+00 6.80e-01 1.50e+00 1.00e-06 5.00e-01 1.00e+00 5.00e-03
 1.00e-03 1.00e-03 5.00e-01 5.00e+00 2.40e+04 5.00e+00 1.00e-02]	829.373286600082
[1.96e+00 1.96e+00 7.20e-01 1.50e+00 1.00e-06 5.00e-01 1.00e+00 5.00e-03
 1.00e-03 1.00e-03 5.00e-01 5.00e+00 2.40e+04 5.00e+00 1.00e-02]	826.8273073253366
[1.96e+00 1.96e+00 7.60e-01 1.50e+00 1.00e-06 5.00e-01 1.00e+00 5.00e-03
 1.00e-03 1.00e-03 5.00e-01 5.00e+00 2.40e+04 5.00e+00 1.00e-02]	829.8158422542613
[1.96e+00 1.96e+00 8.00e-01 1.50e+00 1.00e-06 5.00e-01 1.00e+00 5.00e-03
 1.00e-03 1.00e-03 5.00e-01 5.00e+00 2.40e+04 5.00e+00 1.00e-02]	826.6828555681984
[1.96e+00 1.96e+00 8.40e-01 1.50e+00 1.00e-06 5.00e-01 1.00e+00 5.00e-03
 1.00e-03 1.00e-03 5.00e-01 5.00e+00 2.40e+04 5.00e+00 1.00e-02]	825.9743646434393
[1.96e+00 1.96e+00 8.80e-01 1.50e+00 1.00e-06 5.00e-01 1.00e+00 5.00e-03
 1.00e-03 1.00e-03 5.00e-01 5.00e+00 2.40e+04 5.00e+00 1.00e-02]	828.195675494282
[1.96e+00 1.96e+00 9.20e-01 1.50e+00 1.00e-06 5.00e-01 1.00e+00 5.00e-03
 1.00e-03 1.00e-03 5.00e-01 5.00e+00 2.40e+04 5.00e+00 1.00e-02]	828.047387503783
[1.96e+00 1.96e+00 9.60e-01 1.50e+00 1.00e-06 5.00e-01 1.00e+00 5.00e-03
 1.00e-03 1.00e-03 5.00e-01 5.00e+00 2.40e+04 5.00e+00 1.00e-02]	823.27257659453
[1.96e+00 1.96e+00 1.00e+00 1.50e+00 1.00e-06 5.00e-01 1.00e+00 5.00e-03
 1.00e-03 1.00e-03 5.00e-01 5.00e+00 2.40e+04 5.00e+00 1.00e-02]	805.238050700466
[1.96e+00 1.96e+00 1.04e+00 1.50e+00 1.00e-06 5.00e-01 1.00e+00 5.00e-03
 1.00e-03 1.00e-03 5.00e-01 5.00e+00 2.40e+04 5.00e+00 1.00e-02]	827.9197311438729
[1.96e+00 1.96e+00 1.08e+00 1.50e+00 1.00e-06 5.00e-01 1.00e+00 5.00e-03
 1.00e-03 1.00e-03 5.00e-01 5.00e+00 2.40e+04 5.00e+00 1.00e-02]	827.1202703069612
[1.96e+00 1.96e+00 1.12e+00 1.50e+00 1.00e-06 5.00e-01 1.00e+00 5.00e-03
 1.00e-03 1.00e-03 5.00e-01 5.00e+00 2.40e+04 5.00e+00 1.00e-02]	823.3185113118245
[1.96e+00 1.96e+00 1.16e+00 1.50e+00 1.00e-06 5.00e-01 1.00e+00 5.00e-03
 1.00e-03 1.00e-03 5.00e-01 5.00e+00 2.40e+04 5.00e+00 1.00e-02]	820.1514016859085
[1.96e+00 1.96e+00 1.20e+00 1.50e+00 1.00e-06 5.00e-01 1.00e+00 5.00e-03
 1.00e-03 1.00e-03 5.00e-01 5.00e+00 2.40e+04 5.00e+00 1.00e-02]	825.174416547734
[1.96e+00 1.96e+00 1.24e+00 1.50e+00 1.00e-06 5.00e-01 1.00e+00 5.00e-03
 1.00e-03 1.00e-03 5.00e-01 5.00e+00 2.40e+04 5.00e+00 1.00e-02]	839.3442107820877
[1.96e+00 1.96e+00 1.28e+00 1.50e+00 1.00e-06 5.00e-01 1.00e+00 5.00e-03
 1.00e-03 1.00e-03 5.00e-01 5.00e+00 2.40e+04 5.00e+00 1.00e-02]	820.7772139961402
[1.96e+00 1.96e+00 1.32e+00 1.50e+00 1.00e-06 5.00e-01 1.00e+00 5.00e-03
 1.00e-03 1.00e-03 5.00e-01 5.00e+00 2.40e+04 5.00e+00 1.00e-02]	834.464017985274
[1.96e+00 1.96e+00 1.36e+00 1.50e+00 1.00e-06 5.00e-01 1.00e+00 5.00e-03
 1.00e-03 1.00e-03 5.00e-01 5.00e+00 2.40e+04 5.00e+00 1.00e-02]	829.0128717305919
[1.96e+00 1.96e+00 1.40e+00 1.50e+00 1.00e-06 5.00e-01 1.00e+00 5.00e-03
 1.00e-03 1.00e-03 5.00e-01 5.00e+00 2.40e+04 5.00e+00 1.00e-02]	830.6254031777311
[1.96e+00 1.96e+00 1.44e+00 1.50e+00 1.00e-06 5.00e-01 1.00e+00 5.00e-03
 1.00e-03 1.00e-03 5.00e-01 5.00e+00 2.40e+04 5.00e+00 1.00e-02]	813.8152574965308
[1.96e+00 1.96e+00 1.48e+00 1.50e+00 1.00e-06 5.00e-01 1.00e+00 5.00e-03
 1.00e-03 1.00e-03 5.00e-01 5.00e+00 2.40e+04 5.00e+00 1.00e-02]	827.4956214783862
[1.96e+00 1.96e+00 1.52e+00 1.50e+00 1.00e-06 5.00e-01 1.00e+00 5.00e-03
 1.00e-03 1.00e-03 5.00e-01 5.00e+00 2.40e+04 5.00e+00 1.00e-02]	832.2597337547443
[1.96e+00 1.96e+00 1.56e+00 1.50e+00 1.00e-06 5.00e-01 1.00e+00 5.00e-03
 1.00e-03 1.00e-03 5.00e-01 5.00e+00 2.40e+04 5.00e+00 1.00e-02]	827.1202703069612
[1.96e+00 1.96e+00 1.60e+00 1.50e+00 1.00e-06 5.00e-01 1.00e+00 5.00e-03
 1.00e-03 1.00e-03 5.00e-01 5.00e+00 2.40e+04 5.00e+00 1.00e-02]	833.5351503670817
[1.96e+00 1.96e+00 1.64e+00 1.50e+00 1.00e-06 5.00e-01 1.00e+00 5.00e-03
 1.00e-03 1.00e-03 5.00e-01 5.00e+00 2.40e+04 5.00e+00 1.00e-02]	809.8194764540217
[1.96e+00 1.96e+00 1.68e+00 1.50e+00 1.00e-06 5.00e-01 1.00e+00 5.00e-03
 1.00e-03 1.00e-03 5.00e-01 5.00e+00 2.40e+04 5.00e+00 1.00e-02]	829.9856815733272
[1.96e+00 1.96e+00 1.72e+00 1.50e+00 1.00e-06 5.00e-01 1.00e+00 5.00e-03
 1.00e-03 1.00e-03 5.00e-01 5.00e+00 2.40e+04 5.00e+00 1.00e-02]	837.0053534417921
[1.96e+00 1.96e+00 1.76e+00 1.50e+00 1.00e-06 5.00e-01 1.00e+00 5.00e-03
 1.00e-03 1.00e-03 5.00e-01 5.00e+00 2.40e+04 5.00e+00 1.00e-02]	820.7772139961402
[1.96e+00 1.96e+00 1.80e+00 1.50e+00 1.00e-06 5.00e-01 1.00e+00 5.00e-03
 1.00e-03 1.00e-03 5.00e-01 5.00e+00 2.40e+04 5.00e+00 1.00e-02]	833.7181920201592
[1.96e+00 1.96e+00 1.84e+00 1.50e+00 1.00e-06 5.00e-01 1.00e+00 5.00e-03
 1.00e-03 1.00e-03 5.00e-01 5.00e+00 2.40e+04 5.00e+00 1.00e-02]	826.5309688528632
[1.96e+00 1.96e+00 1.88e+00 1.50e+00 1.00e-06 5.00e-01 1.00e+00 5.00e-03
 1.00e-03 1.00e-03 5.00e-01 5.00e+00 2.40e+04 5.00e+00 1.00e-02]	832.8613319964379
[1.96e+00 1.96e+00 1.92e+00 1.50e+00 1.00e-06 5.00e-01 1.00e+00 5.00e-03
 1.00e-03 1.00e-03 5.00e-01 5.00e+00 2.40e+04 5.00e+00 1.00e-02]	831.7062304816335
[1.96e+00 1.96e+00 1.96e+00 1.50e+00 1.00e-06 5.00e-01 1.00e+00 5.00e-03
 1.00e-03 1.00e-03 5.00e-01 5.00e+00 2.40e+04 5.00e+00 1.00e-02]	826.6828555681984
[1.96e+00 1.96e+00 1.96e+00 0.00e+00 1.00e-06 5.00e-01 1.00e+00 5.00e-03
 1.00e-03 1.00e-03 5.00e-01 5.00e+00 2.40e+04 5.00e+00 1.00e-02]	828.5126343706921
[1.96e+00 1.96e+00 1.96e+00 4.00e-02 1.00e-06 5.00e-01 1.00e+00 5.00e-03
 1.00e-03 1.00e-03 5.00e-01 5.00e+00 2.40e+04 5.00e+00 1.00e-02]	827.0334366826958
[1.96e+00 1.96e+00 1.96e+00 8.00e-02 1.00e-06 5.00e-01 1.00e+00 5.00e-03
 1.00e-03 1.00e-03 5.00e-01 5.00e+00 2.40e+04 5.00e+00 1.00e-02]	826.2626498095389
[1.96e+00 1.96e+00 1.96e+00 1.20e-01 1.00e-06 5.00e-01 1.00e+00 5.00e-03
 1.00e-03 1.00e-03 5.00e-01 5.00e+00 2.40e+04 5.00e+00 1.00e-02]	809.8194764540217
[1.96e+00 1.96e+00 1.96e+00 1.60e-01 1.00e-06 5.00e-01 1.00e+00 5.00e-03
 1.00e-03 1.00e-03 5.00e-01 5.00e+00 2.40e+04 5.00e+00 1.00e-02]	812.8159474688699
[1.96e+00 1.96e+00 1.96e+00 2.00e-01 1.00e-06 5.00e-01 1.00e+00 5.00e-03
 1.00e-03 1.00e-03 5.00e-01 5.00e+00 2.40e+04 5.00e+00 1.00e-02]	833.8595919994852
[1.96e+00 1.96e+00 1.96e+00 2.40e-01 1.00e-06 5.00e-01 1.00e+00 5.00e-03
 1.00e-03 1.00e-03 5.00e-01 5.00e+00 2.40e+04 5.00e+00 1.00e-02]	826.8273073253366
[1.96e+00 1.96e+00 1.96e+00 2.80e-01 1.00e-06 5.00e-01 1.00e+00 5.00e-03
 1.00e-03 1.00e-03 5.00e-01 5.00e+00 2.40e+04 5.00e+00 1.00e-02]	828.5927406038816
[1.96e+00 1.96e+00 1.96e+00 3.20e-01 1.00e-06 5.00e-01 1.00e+00 5.00e-03
 1.00e-03 1.00e-03 5.00e-01 5.00e+00 2.40e+04 5.00e+00 1.00e-02]	828.1374743664577
[1.96e+00 1.96e+00 1.96e+00 3.60e-01 1.00e-06 5.00e-01 1.00e+00 5.00e-03
 1.00e-03 1.00e-03 5.00e-01 5.00e+00 2.40e+04 5.00e+00 1.00e-02]	839.0443117349612
[1.96e+00 1.96e+00 1.96e+00 4.00e-01 1.00e-06 5.00e-01 1.00e+00 5.00e-03
 1.00e-03 1.00e-03 5.00e-01 5.00e+00 2.40e+04 5.00e+00 1.00e-02]	805.1637374492918
[1.96e+00 1.96e+00 1.96e+00 4.40e-01 1.00e-06 5.00e-01 1.00e+00 5.00e-03
 1.00e-03 1.00e-03 5.00e-01 5.00e+00 2.40e+04 5.00e+00 1.00e-02]	823.2309657911145
[1.96e+00 1.96e+00 1.96e+00 4.80e-01 1.00e-06 5.00e-01 1.00e+00 5.00e-03
 1.00e-03 1.00e-03 5.00e-01 5.00e+00 2.40e+04 5.00e+00 1.00e-02]	817.8902535974152
[1.96e+00 1.96e+00 1.96e+00 5.20e-01 1.00e-06 5.00e-01 1.00e+00 5.00e-03
 1.00e-03 1.00e-03 5.00e-01 5.00e+00 2.40e+04 5.00e+00 1.00e-02]	821.9822947593893
[1.96e+00 1.96e+00 1.96e+00 5.60e-01 1.00e-06 5.00e-01 1.00e+00 5.00e-03
 1.00e-03 1.00e-03 5.00e-01 5.00e+00 2.40e+04 5.00e+00 1.00e-02]	832.9906247381684
[1.96e+00 1.96e+00 1.96e+00 6.00e-01 1.00e-06 5.00e-01 1.00e+00 5.00e-03
 1.00e-03 1.00e-03 5.00e-01 5.00e+00 2.40e+04 5.00e+00 1.00e-02]	827.1202703069612
[1.96e+00 1.96e+00 1.96e+00 6.40e-01 1.00e-06 5.00e-01 1.00e+00 5.00e-03
 1.00e-03 1.00e-03 5.00e-01 5.00e+00 2.40e+04 5.00e+00 1.00e-02]	827.1202703069612
[1.96e+00 1.96e+00 1.96e+00 6.80e-01 1.00e-06 5.00e-01 1.00e+00 5.00e-03
 1.00e-03 1.00e-03 5.00e-01 5.00e+00 2.40e+04 5.00e+00 1.00e-02]	834.9331960014982
[1.96e+00 1.96e+00 1.96e+00 7.20e-01 1.00e-06 5.00e-01 1.00e+00 5.00e-03
 1.00e-03 1.00e-03 5.00e-01 5.00e+00 2.40e+04 5.00e+00 1.00e-02]	827.1202703069612
[1.96e+00 1.96e+00 1.96e+00 7.60e-01 1.00e-06 5.00e-01 1.00e+00 5.00e-03
 1.00e-03 1.00e-03 5.00e-01 5.00e+00 2.40e+04 5.00e+00 1.00e-02]	831.4049128342258
[1.96e+00 1.96e+00 1.96e+00 8.00e-01 1.00e-06 5.00e-01 1.00e+00 5.00e-03
 1.00e-03 1.00e-03 5.00e-01 5.00e+00 2.40e+04 5.00e+00 1.00e-02]	830.1515232704834
[1.96e+00 1.96e+00 1.96e+00 8.40e-01 1.00e-06 5.00e-01 1.00e+00 5.00e-03
 1.00e-03 1.00e-03 5.00e-01 5.00e+00 2.40e+04 5.00e+00 1.00e-02]	828.2104866785768
[1.96e+00 1.96e+00 1.96e+00 8.80e-01 1.00e-06 5.00e-01 1.00e+00 5.00e-03
 1.00e-03 1.00e-03 5.00e-01 5.00e+00 2.40e+04 5.00e+00 1.00e-02]	829.6764226228424
[1.96e+00 1.96e+00 1.96e+00 9.20e-01 1.00e-06 5.00e-01 1.00e+00 5.00e-03
 1.00e-03 1.00e-03 5.00e-01 5.00e+00 2.40e+04 5.00e+00 1.00e-02]	831.0104804810979
[1.96e+00 1.96e+00 1.96e+00 9.60e-01 1.00e-06 5.00e-01 1.00e+00 5.00e-03
 1.00e-03 1.00e-03 5.00e-01 5.00e+00 2.40e+04 5.00e+00 1.00e-02]	827.1202703069612
[1.96e+00 1.96e+00 1.96e+00 1.00e+00 1.00e-06 5.00e-01 1.00e+00 5.00e-03
 1.00e-03 1.00e-03 5.00e-01 5.00e+00 2.40e+04 5.00e+00 1.00e-02]	828.5115011098948
[1.96e+00 1.96e+00 1.96e+00 1.04e+00 1.00e-06 5.00e-01 1.00e+00 5.00e-03
 1.00e-03 1.00e-03 5.00e-01 5.00e+00 2.40e+04 5.00e+00 1.00e-02]	829.8521303151041
[1.96e+00 1.96e+00 1.96e+00 1.08e+00 1.00e-06 5.00e-01 1.00e+00 5.00e-03
 1.00e-03 1.00e-03 5.00e-01 5.00e+00 2.40e+04 5.00e+00 1.00e-02]	817.0811320891439
[1.96e+00 1.96e+00 1.96e+00 1.12e+00 1.00e-06 5.00e-01 1.00e+00 5.00e-03
 1.00e-03 1.00e-03 5.00e-01 5.00e+00 2.40e+04 5.00e+00 1.00e-02]	823.27257659453
[1.96e+00 1.96e+00 1.96e+00 1.16e+00 1.00e-06 5.00e-01 1.00e+00 5.00e-03
 1.00e-03 1.00e-03 5.00e-01 5.00e+00 2.40e+04 5.00e+00 1.00e-02]	830.878745653575
[1.96e+00 1.96e+00 1.96e+00 1.20e+00 1.00e-06 5.00e-01 1.00e+00 5.00e-03
 1.00e-03 1.00e-03 5.00e-01 5.00e+00 2.40e+04 5.00e+00 1.00e-02]	819.9709572445475
[1.96e+00 1.96e+00 1.96e+00 1.24e+00 1.00e-06 5.00e-01 1.00e+00 5.00e-03
 1.00e-03 1.00e-03 5.00e-01 5.00e+00 2.40e+04 5.00e+00 1.00e-02]	826.2626498095389
[1.96e+00 1.96e+00 1.96e+00 1.28e+00 1.00e-06 5.00e-01 1.00e+00 5.00e-03
 1.00e-03 1.00e-03 5.00e-01 5.00e+00 2.40e+04 5.00e+00 1.00e-02]	833.5351503670817
[1.96e+00 1.96e+00 1.96e+00 1.32e+00 1.00e-06 5.00e-01 1.00e+00 5.00e-03
 1.00e-03 1.00e-03 5.00e-01 5.00e+00 2.40e+04 5.00e+00 1.00e-02]	821.3258397192121
[1.96e+00 1.96e+00 1.96e+00 1.36e+00 1.00e-06 5.00e-01 1.00e+00 5.00e-03
 1.00e-03 1.00e-03 5.00e-01 5.00e+00 2.40e+04 5.00e+00 1.00e-02]	832.1386557324602
[1.96e+00 1.96e+00 1.96e+00 1.40e+00 1.00e-06 5.00e-01 1.00e+00 5.00e-03
 1.00e-03 1.00e-03 5.00e-01 5.00e+00 2.40e+04 5.00e+00 1.00e-02]	820.7166143173796
[1.96e+00 1.96e+00 1.96e+00 1.44e+00 1.00e-06 5.00e-01 1.00e+00 5.00e-03
 1.00e-03 1.00e-03 5.00e-01 5.00e+00 2.40e+04 5.00e+00 1.00e-02]	836.3136432232984
[1.96e+00 1.96e+00 1.96e+00 1.48e+00 1.00e-06 5.00e-01 1.00e+00 5.00e-03
 1.00e-03 1.00e-03 5.00e-01 5.00e+00 2.40e+04 5.00e+00 1.00e-02]	827.2217899430077
[1.96e+00 1.96e+00 1.96e+00 1.52e+00 1.00e-06 5.00e-01 1.00e+00 5.00e-03
 1.00e-03 1.00e-03 5.00e-01 5.00e+00 2.40e+04 5.00e+00 1.00e-02]	823.3185113118245
[1.96e+00 1.96e+00 1.96e+00 1.56e+00 1.00e-06 5.00e-01 1.00e+00 5.00e-03
 1.00e-03 1.00e-03 5.00e-01 5.00e+00 2.40e+04 5.00e+00 1.00e-02]	821.1140386855254
[1.96e+00 1.96e+00 1.96e+00 1.60e+00 1.00e-06 5.00e-01 1.00e+00 5.00e-03
 1.00e-03 1.00e-03 5.00e-01 5.00e+00 2.40e+04 5.00e+00 1.00e-02]	825.5825377422374
[1.96e+00 1.96e+00 1.96e+00 1.64e+00 1.00e-06 5.00e-01 1.00e+00 5.00e-03
 1.00e-03 1.00e-03 5.00e-01 5.00e+00 2.40e+04 5.00e+00 1.00e-02]	827.4035491611094
[1.96e+00 1.96e+00 1.96e+00 1.68e+00 1.00e-06 5.00e-01 1.00e+00 5.00e-03
 1.00e-03 1.00e-03 5.00e-01 5.00e+00 2.40e+04 5.00e+00 1.00e-02]	812.6585819949654
[1.96e+00 1.96e+00 1.96e+00 1.72e+00 1.00e-06 5.00e-01 1.00e+00 5.00e-03
 1.00e-03 1.00e-03 5.00e-01 5.00e+00 2.40e+04 5.00e+00 1.00e-02]	834.6308327299115
[1.96e+00 1.96e+00 1.96e+00 1.76e+00 1.00e-06 5.00e-01 1.00e+00 5.00e-03
 1.00e-03 1.00e-03 5.00e-01 5.00e+00 2.40e+04 5.00e+00 1.00e-02]	828.6883615275254
[1.96e+00 1.96e+00 1.96e+00 1.80e+00 1.00e-06 5.00e-01 1.00e+00 5.00e-03
 1.00e-03 1.00e-03 5.00e-01 5.00e+00 2.40e+04 5.00e+00 1.00e-02]	830.7369022718934
[1.96e+00 1.96e+00 1.96e+00 1.84e+00 1.00e-06 5.00e-01 1.00e+00 5.00e-03
 1.00e-03 1.00e-03 5.00e-01 5.00e+00 2.40e+04 5.00e+00 1.00e-02]	826.350956255825
[1.96e+00 1.96e+00 1.96e+00 1.88e+00 1.00e-06 5.00e-01 1.00e+00 5.00e-03
 1.00e-03 1.00e-03 5.00e-01 5.00e+00 2.40e+04 5.00e+00 1.00e-02]	834.464017985274
[1.96e+00 1.96e+00 1.96e+00 1.92e+00 1.00e-06 5.00e-01 1.00e+00 5.00e-03
 1.00e-03 1.00e-03 5.00e-01 5.00e+00 2.40e+04 5.00e+00 1.00e-02]	826.615041426153
[1.96e+00 1.96e+00 1.96e+00 1.96e+00 1.00e-06 5.00e-01 1.00e+00 5.00e-03
 1.00e-03 1.00e-03 5.00e-01 5.00e+00 2.40e+04 5.00e+00 1.00e-02]	829.7924790441742
[1.96e+00 1.96e+00 1.96e+00 1.96e+00 5.00e-07 5.00e-01 1.00e+00 5.00e-03
 1.00e-03 1.00e-03 5.00e-01 5.00e+00 2.40e+04 5.00e+00 1.00e-02]	825.3034151927536
[1.96e+00 1.96e+00 1.96e+00 1.96e+00 5.30e-07 5.00e-01 1.00e+00 5.00e-03
 1.00e-03 1.00e-03 5.00e-01 5.00e+00 2.40e+04 5.00e+00 1.00e-02]	831.5296371197373
[1.96e+00 1.96e+00 1.96e+00 1.96e+00 5.60e-07 5.00e-01 1.00e+00 5.00e-03
 1.00e-03 1.00e-03 5.00e-01 5.00e+00 2.40e+04 5.00e+00 1.00e-02]	833.5351503670817
[1.96e+00 1.96e+00 1.96e+00 1.96e+00 5.90e-07 5.00e-01 1.00e+00 5.00e-03
 1.00e-03 1.00e-03 5.00e-01 5.00e+00 2.40e+04 5.00e+00 1.00e-02]	826.8273073253366
[1.96e+00 1.96e+00 1.96e+00 1.96e+00 6.20e-07 5.00e-01 1.00e+00 5.00e-03
 1.00e-03 1.00e-03 5.00e-01 5.00e+00 2.40e+04 5.00e+00 1.00e-02]	829.6825025111567
[1.96e+00 1.96e+00 1.96e+00 1.96e+00 6.50e-07 5.00e-01 1.00e+00 5.00e-03
 1.00e-03 1.00e-03 5.00e-01 5.00e+00 2.40e+04 5.00e+00 1.00e-02]	826.7505610340296
[1.96e+00 1.96e+00 1.96e+00 1.96e+00 6.80e-07 5.00e-01 1.00e+00 5.00e-03
 1.00e-03 1.00e-03 5.00e-01 5.00e+00 2.40e+04 5.00e+00 1.00e-02]	835.523497828178
[1.96e+00 1.96e+00 1.96e+00 1.96e+00 7.10e-07 5.00e-01 1.00e+00 5.00e-03
 1.00e-03 1.00e-03 5.00e-01 5.00e+00 2.40e+04 5.00e+00 1.00e-02]	826.8273073253366
[1.96e+00 1.96e+00 1.96e+00 1.96e+00 7.40e-07 5.00e-01 1.00e+00 5.00e-03
 1.00e-03 1.00e-03 5.00e-01 5.00e+00 2.40e+04 5.00e+00 1.00e-02]	829.202379988819
[1.96e+00 1.96e+00 1.96e+00 1.96e+00 7.70e-07 5.00e-01 1.00e+00 5.00e-03
 1.00e-03 1.00e-03 5.00e-01 5.00e+00 2.40e+04 5.00e+00 1.00e-02]	825.7036284732353
[1.96e+00 1.96e+00 1.96e+00 1.96e+00 8.00e-07 5.00e-01 1.00e+00 5.00e-03
 1.00e-03 1.00e-03 5.00e-01 5.00e+00 2.40e+04 5.00e+00 1.00e-02]	836.3741474473566
[1.96e+00 1.96e+00 1.96e+00 1.96e+00 8.30e-07 5.00e-01 1.00e+00 5.00e-03
 1.00e-03 1.00e-03 5.00e-01 5.00e+00 2.40e+04 5.00e+00 1.00e-02]	839.0443117349612
[1.96e+00 1.96e+00 1.96e+00 1.96e+00 8.60e-07 5.00e-01 1.00e+00 5.00e-03
 1.00e-03 1.00e-03 5.00e-01 5.00e+00 2.40e+04 5.00e+00 1.00e-02]	823.27257659453
[1.96e+00 1.96e+00 1.96e+00 1.96e+00 8.90e-07 5.00e-01 1.00e+00 5.00e-03
 1.00e-03 1.00e-03 5.00e-01 5.00e+00 2.40e+04 5.00e+00 1.00e-02]	826.5302345633373
[1.96e+00 1.96e+00 1.96e+00 1.96e+00 9.20e-07 5.00e-01 1.00e+00 5.00e-03
 1.00e-03 1.00e-03 5.00e-01 5.00e+00 2.40e+04 5.00e+00 1.00e-02]	830.0326226599965
[1.96e+00 1.96e+00 1.96e+00 1.96e+00 9.50e-07 5.00e-01 1.00e+00 5.00e-03
 1.00e-03 1.00e-03 5.00e-01 5.00e+00 2.40e+04 5.00e+00 1.00e-02]	835.9988614428462
[1.96e+00 1.96e+00 1.96e+00 1.96e+00 9.80e-07 5.00e-01 1.00e+00 5.00e-03
 1.00e-03 1.00e-03 5.00e-01 5.00e+00 2.40e+04 5.00e+00 1.00e-02]	827.4932058489004
[1.96e+00 1.96e+00 1.96e+00 1.96e+00 1.01e-06 5.00e-01 1.00e+00 5.00e-03
 1.00e-03 1.00e-03 5.00e-01 5.00e+00 2.40e+04 5.00e+00 1.00e-02]	825.5825377422374
[1.96e+00 1.96e+00 1.96e+00 1.96e+00 1.04e-06 5.00e-01 1.00e+00 5.00e-03
 1.00e-03 1.00e-03 5.00e-01 5.00e+00 2.40e+04 5.00e+00 1.00e-02]	829.7599074192478
[1.96e+00 1.96e+00 1.96e+00 1.96e+00 1.07e-06 5.00e-01 1.00e+00 5.00e-03
 1.00e-03 1.00e-03 5.00e-01 5.00e+00 2.40e+04 5.00e+00 1.00e-02]	831.5749566243857
[1.96e+00 1.96e+00 1.96e+00 1.96e+00 1.10e-06 5.00e-01 1.00e+00 5.00e-03
 1.00e-03 1.00e-03 5.00e-01 5.00e+00 2.40e+04 5.00e+00 1.00e-02]	828.8133747305125
[1.96e+00 1.96e+00 1.96e+00 1.96e+00 1.13e-06 5.00e-01 1.00e+00 5.00e-03
 1.00e-03 1.00e-03 5.00e-01 5.00e+00 2.40e+04 5.00e+00 1.00e-02]	817.2909549784733
[1.96e+00 1.96e+00 1.96e+00 1.96e+00 1.16e-06 5.00e-01 1.00e+00 5.00e-03
 1.00e-03 1.00e-03 5.00e-01 5.00e+00 2.40e+04 5.00e+00 1.00e-02]	816.678438953256
[1.96e+00 1.96e+00 1.96e+00 1.96e+00 1.19e-06 5.00e-01 1.00e+00 5.00e-03
 1.00e-03 1.00e-03 5.00e-01 5.00e+00 2.40e+04 5.00e+00 1.00e-02]	826.2626498095389
[1.96e+00 1.96e+00 1.96e+00 1.96e+00 1.22e-06 5.00e-01 1.00e+00 5.00e-03
 1.00e-03 1.00e-03 5.00e-01 5.00e+00 2.40e+04 5.00e+00 1.00e-02]	831.1834597921168
[1.96e+00 1.96e+00 1.96e+00 1.96e+00 1.25e-06 5.00e-01 1.00e+00 5.00e-03
 1.00e-03 1.00e-03 5.00e-01 5.00e+00 2.40e+04 5.00e+00 1.00e-02]	831.3933319556652
[1.96e+00 1.96e+00 1.96e+00 1.96e+00 1.28e-06 5.00e-01 1.00e+00 5.00e-03
 1.00e-03 1.00e-03 5.00e-01 5.00e+00 2.40e+04 5.00e+00 1.00e-02]	830.5125000834519
[1.96e+00 1.96e+00 1.96e+00 1.96e+00 1.31e-06 5.00e-01 1.00e+00 5.00e-03
 1.00e-03 1.00e-03 5.00e-01 5.00e+00 2.40e+04 5.00e+00 1.00e-02]	819.38583782946
[1.96e+00 1.96e+00 1.96e+00 1.96e+00 1.34e-06 5.00e-01 1.00e+00 5.00e-03
 1.00e-03 1.00e-03 5.00e-01 5.00e+00 2.40e+04 5.00e+00 1.00e-02]	823.2309657911145
[1.96e+00 1.96e+00 1.96e+00 1.96e+00 1.37e-06 5.00e-01 1.00e+00 5.00e-03
 1.00e-03 1.00e-03 5.00e-01 5.00e+00 2.40e+04 5.00e+00 1.00e-02]	823.27257659453
[1.96e+00 1.96e+00 1.96e+00 1.96e+00 1.40e-06 5.00e-01 1.00e+00 5.00e-03
 1.00e-03 1.00e-03 5.00e-01 5.00e+00 2.40e+04 5.00e+00 1.00e-02]	829.0104013645578
[1.96e+00 1.96e+00 1.96e+00 1.96e+00 1.43e-06 5.00e-01 1.00e+00 5.00e-03
 1.00e-03 1.00e-03 5.00e-01 5.00e+00 2.40e+04 5.00e+00 1.00e-02]	823.27257659453
[1.96e+00 1.96e+00 1.96e+00 1.96e+00 1.46e-06 5.00e-01 1.00e+00 5.00e-03
 1.00e-03 1.00e-03 5.00e-01 5.00e+00 2.40e+04 5.00e+00 1.00e-02]	834.137179908325
[1.96e+00 1.96e+00 1.96e+00 1.96e+00 1.49e-06 5.00e-01 1.00e+00 5.00e-03
 1.00e-03 1.00e-03 5.00e-01 5.00e+00 2.40e+04 5.00e+00 1.00e-02]	826.8879263898704
[1.96e+00 1.96e+00 1.96e+00 1.96e+00 1.52e-06 5.00e-01 1.00e+00 5.00e-03
 1.00e-03 1.00e-03 5.00e-01 5.00e+00 2.40e+04 5.00e+00 1.00e-02]	831.0797501521627
[1.96e+00 1.96e+00 1.96e+00 1.96e+00 1.55e-06 5.00e-01 1.00e+00 5.00e-03
 1.00e-03 1.00e-03 5.00e-01 5.00e+00 2.40e+04 5.00e+00 1.00e-02]	814.2620464023696
[1.96e+00 1.96e+00 1.96e+00 1.96e+00 1.58e-06 5.00e-01 1.00e+00 5.00e-03
 1.00e-03 1.00e-03 5.00e-01 5.00e+00 2.40e+04 5.00e+00 1.00e-02]	829.4197221228854
[1.96e+00 1.96e+00 1.96e+00 1.96e+00 1.61e-06 5.00e-01 1.00e+00 5.00e-03
 1.00e-03 1.00e-03 5.00e-01 5.00e+00 2.40e+04 5.00e+00 1.00e-02]	827.4035491611094
[1.96e+00 1.96e+00 1.96e+00 1.96e+00 1.64e-06 5.00e-01 1.00e+00 5.00e-03
 1.00e-03 1.00e-03 5.00e-01 5.00e+00 2.40e+04 5.00e+00 1.00e-02]	839.3442107820877
[1.96e+00 1.96e+00 1.96e+00 1.96e+00 1.67e-06 5.00e-01 1.00e+00 5.00e-03
 1.00e-03 1.00e-03 5.00e-01 5.00e+00 2.40e+04 5.00e+00 1.00e-02]	818.4210330459285
[1.96e+00 1.96e+00 1.96e+00 1.96e+00 1.70e-06 5.00e-01 1.00e+00 5.00e-03
 1.00e-03 1.00e-03 5.00e-01 5.00e+00 2.40e+04 5.00e+00 1.00e-02]	833.9434588411912
[1.96e+00 1.96e+00 1.96e+00 1.96e+00 1.73e-06 5.00e-01 1.00e+00 5.00e-03
 1.00e-03 1.00e-03 5.00e-01 5.00e+00 2.40e+04 5.00e+00 1.00e-02]	828.4305217899953
[1.96e+00 1.96e+00 1.96e+00 1.96e+00 1.76e-06 5.00e-01 1.00e+00 5.00e-03
 1.00e-03 1.00e-03 5.00e-01 5.00e+00 2.40e+04 5.00e+00 1.00e-02]	820.1514016859085
[1.96e+00 1.96e+00 1.96e+00 1.96e+00 1.79e-06 5.00e-01 1.00e+00 5.00e-03
 1.00e-03 1.00e-03 5.00e-01 5.00e+00 2.40e+04 5.00e+00 1.00e-02]	826.6828555681984
[1.96e+00 1.96e+00 1.96e+00 1.96e+00 1.82e-06 5.00e-01 1.00e+00 5.00e-03
 1.00e-03 1.00e-03 5.00e-01 5.00e+00 2.40e+04 5.00e+00 1.00e-02]	830.5290065044824
[1.96e+00 1.96e+00 1.96e+00 1.96e+00 1.85e-06 5.00e-01 1.00e+00 5.00e-03
 1.00e-03 1.00e-03 5.00e-01 5.00e+00 2.40e+04 5.00e+00 1.00e-02]	819.8619785992302
[1.96e+00 1.96e+00 1.96e+00 1.96e+00 1.88e-06 5.00e-01 1.00e+00 5.00e-03
 1.00e-03 1.00e-03 5.00e-01 5.00e+00 2.40e+04 5.00e+00 1.00e-02]	832.2597337547443
[1.96e+00 1.96e+00 1.96e+00 1.96e+00 1.91e-06 5.00e-01 1.00e+00 5.00e-03
 1.00e-03 1.00e-03 5.00e-01 5.00e+00 2.40e+04 5.00e+00 1.00e-02]	829.8515944133103
[1.96e+00 1.96e+00 1.96e+00 1.96e+00 1.94e-06 5.00e-01 1.00e+00 5.00e-03
 1.00e-03 1.00e-03 5.00e-01 5.00e+00 2.40e+04 5.00e+00 1.00e-02]	826.642655548131
[1.96e+00 1.96e+00 1.96e+00 1.96e+00 1.97e-06 5.00e-01 1.00e+00 5.00e-03
 1.00e-03 1.00e-03 5.00e-01 5.00e+00 2.40e+04 5.00e+00 1.00e-02]	838.5880167463298
[1.96e+00 1.96e+00 1.96e+00 1.96e+00 1.97e-06 0.00e+00 1.00e+00 5.00e-03
 1.00e-03 1.00e-03 5.00e-01 5.00e+00 2.40e+04 5.00e+00 1.00e-02]	829.373286600082
[1.96e+00 1.96e+00 1.96e+00 1.96e+00 1.97e-06 2.00e-02 1.00e+00 5.00e-03
 1.00e-03 1.00e-03 5.00e-01 5.00e+00 2.40e+04 5.00e+00 1.00e-02]	829.7031893348636
[1.96e+00 1.96e+00 1.96e+00 1.96e+00 1.97e-06 4.00e-02 1.00e+00 5.00e-03
 1.00e-03 1.00e-03 5.00e-01 5.00e+00 2.40e+04 5.00e+00 1.00e-02]	811.2931063501977
[1.96e+00 1.96e+00 1.96e+00 1.96e+00 1.97e-06 6.00e-02 1.00e+00 5.00e-03
 1.00e-03 1.00e-03 5.00e-01 5.00e+00 2.40e+04 5.00e+00 1.00e-02]	829.202379988819
[1.96e+00 1.96e+00 1.96e+00 1.96e+00 1.97e-06 8.00e-02 1.00e+00 5.00e-03
 1.00e-03 1.00e-03 5.00e-01 5.00e+00 2.40e+04 5.00e+00 1.00e-02]	829.7215747790368
[1.96e+00 1.96e+00 1.96e+00 1.96e+00 1.97e-06 1.00e-01 1.00e+00 5.00e-03
 1.00e-03 1.00e-03 5.00e-01 5.00e+00 2.40e+04 5.00e+00 1.00e-02]	829.0558298707946
[1.96e+00 1.96e+00 1.96e+00 1.96e+00 1.97e-06 1.20e-01 1.00e+00 5.00e-03
 1.00e-03 1.00e-03 5.00e-01 5.00e+00 2.40e+04 5.00e+00 1.00e-02]	827.4390627494467
[1.96e+00 1.96e+00 1.96e+00 1.96e+00 1.97e-06 1.40e-01 1.00e+00 5.00e-03
 1.00e-03 1.00e-03 5.00e-01 5.00e+00 2.40e+04 5.00e+00 1.00e-02]	826.9510841849703
[1.96e+00 1.96e+00 1.96e+00 1.96e+00 1.97e-06 1.60e-01 1.00e+00 5.00e-03
 1.00e-03 1.00e-03 5.00e-01 5.00e+00 2.40e+04 5.00e+00 1.00e-02]	839.0443117349612
[1.96e+00 1.96e+00 1.96e+00 1.96e+00 1.97e-06 1.80e-01 1.00e+00 5.00e-03
 1.00e-03 1.00e-03 5.00e-01 5.00e+00 2.40e+04 5.00e+00 1.00e-02]	827.1202703069612
[1.96e+00 1.96e+00 1.96e+00 1.96e+00 1.97e-06 2.00e-01 1.00e+00 5.00e-03
 1.00e-03 1.00e-03 5.00e-01 5.00e+00 2.40e+04 5.00e+00 1.00e-02]	820.6946223966174
[1.96e+00 1.96e+00 1.96e+00 1.96e+00 1.97e-06 2.20e-01 1.00e+00 5.00e-03
 1.00e-03 1.00e-03 5.00e-01 5.00e+00 2.40e+04 5.00e+00 1.00e-02]	830.7240221535532
[1.96e+00 1.96e+00 1.96e+00 1.96e+00 1.97e-06 2.40e-01 1.00e+00 5.00e-03
 1.00e-03 1.00e-03 5.00e-01 5.00e+00 2.40e+04 5.00e+00 1.00e-02]	830.1515232704834
[1.96e+00 1.96e+00 1.96e+00 1.96e+00 1.97e-06 2.60e-01 1.00e+00 5.00e-03
 1.00e-03 1.00e-03 5.00e-01 5.00e+00 2.40e+04 5.00e+00 1.00e-02]	828.8915893436565
[1.96e+00 1.96e+00 1.96e+00 1.96e+00 1.97e-06 2.80e-01 1.00e+00 5.00e-03
 1.00e-03 1.00e-03 5.00e-01 5.00e+00 2.40e+04 5.00e+00 1.00e-02]	833.0080212869066
[1.96e+00 1.96e+00 1.96e+00 1.96e+00 1.97e-06 3.00e-01 1.00e+00 5.00e-03
 1.00e-03 1.00e-03 5.00e-01 5.00e+00 2.40e+04 5.00e+00 1.00e-02]	831.1928658236515
[1.96e+00 1.96e+00 1.96e+00 1.96e+00 1.97e-06 3.20e-01 1.00e+00 5.00e-03
 1.00e-03 1.00e-03 5.00e-01 5.00e+00 2.40e+04 5.00e+00 1.00e-02]	823.27257659453
[1.96e+00 1.96e+00 1.96e+00 1.96e+00 1.97e-06 3.40e-01 1.00e+00 5.00e-03
 1.00e-03 1.00e-03 5.00e-01 5.00e+00 2.40e+04 5.00e+00 1.00e-02]	836.302028939838
[1.96e+00 1.96e+00 1.96e+00 1.96e+00 1.97e-06 3.60e-01 1.00e+00 5.00e-03
 1.00e-03 1.00e-03 5.00e-01 5.00e+00 2.40e+04 5.00e+00 1.00e-02]	809.8194764540217
[1.96e+00 1.96e+00 1.96e+00 1.96e+00 1.97e-06 3.80e-01 1.00e+00 5.00e-03
 1.00e-03 1.00e-03 5.00e-01 5.00e+00 2.40e+04 5.00e+00 1.00e-02]	828.195675494282
[1.96e+00 1.96e+00 1.96e+00 1.96e+00 1.97e-06 4.00e-01 1.00e+00 5.00e-03
 1.00e-03 1.00e-03 5.00e-01 5.00e+00 2.40e+04 5.00e+00 1.00e-02]	805.1637374492918
[1.96e+00 1.96e+00 1.96e+00 1.96e+00 1.97e-06 4.20e-01 1.00e+00 5.00e-03
 1.00e-03 1.00e-03 5.00e-01 5.00e+00 2.40e+04 5.00e+00 1.00e-02]	805.238050700466
[1.96e+00 1.96e+00 1.96e+00 1.96e+00 1.97e-06 4.40e-01 1.00e+00 5.00e-03
 1.00e-03 1.00e-03 5.00e-01 5.00e+00 2.40e+04 5.00e+00 1.00e-02]	831.6252505804274
[1.96e+00 1.96e+00 1.96e+00 1.96e+00 1.97e-06 4.60e-01 1.00e+00 5.00e-03
 1.00e-03 1.00e-03 5.00e-01 5.00e+00 2.40e+04 5.00e+00 1.00e-02]	826.2626498095389
[1.96e+00 1.96e+00 1.96e+00 1.96e+00 1.97e-06 4.80e-01 1.00e+00 5.00e-03
 1.00e-03 1.00e-03 5.00e-01 5.00e+00 2.40e+04 5.00e+00 1.00e-02]	828.1374743664577
[1.96e+00 1.96e+00 1.96e+00 1.96e+00 1.97e-06 5.00e-01 1.00e+00 5.00e-03
 1.00e-03 1.00e-03 5.00e-01 5.00e+00 2.40e+04 5.00e+00 1.00e-02]	825.7036284732353
[1.96e+00 1.96e+00 1.96e+00 1.96e+00 1.97e-06 5.20e-01 1.00e+00 5.00e-03
 1.00e-03 1.00e-03 5.00e-01 5.00e+00 2.40e+04 5.00e+00 1.00e-02]	832.1796683785394
[1.96e+00 1.96e+00 1.96e+00 1.96e+00 1.97e-06 5.40e-01 1.00e+00 5.00e-03
 1.00e-03 1.00e-03 5.00e-01 5.00e+00 2.40e+04 5.00e+00 1.00e-02]	820.6479289144955
[1.96e+00 1.96e+00 1.96e+00 1.96e+00 1.97e-06 5.60e-01 1.00e+00 5.00e-03
 1.00e-03 1.00e-03 5.00e-01 5.00e+00 2.40e+04 5.00e+00 1.00e-02]	818.6534313020152
[1.96e+00 1.96e+00 1.96e+00 1.96e+00 1.97e-06 5.80e-01 1.00e+00 5.00e-03
 1.00e-03 1.00e-03 5.00e-01 5.00e+00 2.40e+04 5.00e+00 1.00e-02]	822.0099738173199
[1.96e+00 1.96e+00 1.96e+00 1.96e+00 1.97e-06 6.00e-01 1.00e+00 5.00e-03
 1.00e-03 1.00e-03 5.00e-01 5.00e+00 2.40e+04 5.00e+00 1.00e-02]	826.8273073253366
[1.96e+00 1.96e+00 1.96e+00 1.96e+00 1.97e-06 6.20e-01 1.00e+00 5.00e-03
 1.00e-03 1.00e-03 5.00e-01 5.00e+00 2.40e+04 5.00e+00 1.00e-02]	828.5115011098948
[1.96e+00 1.96e+00 1.96e+00 1.96e+00 1.97e-06 6.40e-01 1.00e+00 5.00e-03
 1.00e-03 1.00e-03 5.00e-01 5.00e+00 2.40e+04 5.00e+00 1.00e-02]	839.0443117349612
[1.96e+00 1.96e+00 1.96e+00 1.96e+00 1.97e-06 6.60e-01 1.00e+00 5.00e-03
 1.00e-03 1.00e-03 5.00e-01 5.00e+00 2.40e+04 5.00e+00 1.00e-02]	828.9070552367026
[1.96e+00 1.96e+00 1.96e+00 1.96e+00 1.97e-06 6.80e-01 1.00e+00 5.00e-03
 1.00e-03 1.00e-03 5.00e-01 5.00e+00 2.40e+04 5.00e+00 1.00e-02]	821.6070345043489
[1.96e+00 1.96e+00 1.96e+00 1.96e+00 1.97e-06 7.00e-01 1.00e+00 5.00e-03
 1.00e-03 1.00e-03 5.00e-01 5.00e+00 2.40e+04 5.00e+00 1.00e-02]	828.7355545360665
[1.96e+00 1.96e+00 1.96e+00 1.96e+00 1.97e-06 7.20e-01 1.00e+00 5.00e-03
 1.00e-03 1.00e-03 5.00e-01 5.00e+00 2.40e+04 5.00e+00 1.00e-02]	816.795333591345
[1.96e+00 1.96e+00 1.96e+00 1.96e+00 1.97e-06 7.40e-01 1.00e+00 5.00e-03
 1.00e-03 1.00e-03 5.00e-01 5.00e+00 2.40e+04 5.00e+00 1.00e-02]	810.92525973618
[1.96e+00 1.96e+00 1.96e+00 1.96e+00 1.97e-06 7.60e-01 1.00e+00 5.00e-03
 1.00e-03 1.00e-03 5.00e-01 5.00e+00 2.40e+04 5.00e+00 1.00e-02]	830.9009387972276
[1.96e+00 1.96e+00 1.96e+00 1.96e+00 1.97e-06 7.80e-01 1.00e+00 5.00e-03
 1.00e-03 1.00e-03 5.00e-01 5.00e+00 2.40e+04 5.00e+00 1.00e-02]	830.2076384580707
[1.96e+00 1.96e+00 1.96e+00 1.96e+00 1.97e-06 8.00e-01 1.00e+00 5.00e-03
 1.00e-03 1.00e-03 5.00e-01 5.00e+00 2.40e+04 5.00e+00 1.00e-02]	824.9733002821013
[1.96e+00 1.96e+00 1.96e+00 1.96e+00 1.97e-06 8.20e-01 1.00e+00 5.00e-03
 1.00e-03 1.00e-03 5.00e-01 5.00e+00 2.40e+04 5.00e+00 1.00e-02]	827.8555428136717
[1.96e+00 1.96e+00 1.96e+00 1.96e+00 1.97e-06 8.40e-01 1.00e+00 5.00e-03
 1.00e-03 1.00e-03 5.00e-01 5.00e+00 2.40e+04 5.00e+00 1.00e-02]	816.5628965343896
[1.96e+00 1.96e+00 1.96e+00 1.96e+00 1.97e-06 8.60e-01 1.00e+00 5.00e-03
 1.00e-03 1.00e-03 5.00e-01 5.00e+00 2.40e+04 5.00e+00 1.00e-02]	833.3652184145881
[1.96e+00 1.96e+00 1.96e+00 1.96e+00 1.97e-06 8.80e-01 1.00e+00 5.00e-03
 1.00e-03 1.00e-03 5.00e-01 5.00e+00 2.40e+04 5.00e+00 1.00e-02]	834.6931175346097
[1.96e+00 1.96e+00 1.96e+00 1.96e+00 1.97e-06 9.00e-01 1.00e+00 5.00e-03
 1.00e-03 1.00e-03 5.00e-01 5.00e+00 2.40e+04 5.00e+00 1.00e-02]	839.3442107820877
[1.96e+00 1.96e+00 1.96e+00 1.96e+00 1.97e-06 9.20e-01 1.00e+00 5.00e-03
 1.00e-03 1.00e-03 5.00e-01 5.00e+00 2.40e+04 5.00e+00 1.00e-02]	824.3770901509114
[1.96e+00 1.96e+00 1.96e+00 1.96e+00 1.97e-06 9.40e-01 1.00e+00 5.00e-03
 1.00e-03 1.00e-03 5.00e-01 5.00e+00 2.40e+04 5.00e+00 1.00e-02]	805.238050700466
[1.96e+00 1.96e+00 1.96e+00 1.96e+00 1.97e-06 9.60e-01 1.00e+00 5.00e-03
 1.00e-03 1.00e-03 5.00e-01 5.00e+00 2.40e+04 5.00e+00 1.00e-02]	829.0779205452916
[1.96e+00 1.96e+00 1.96e+00 1.96e+00 1.97e-06 9.80e-01 1.00e+00 5.00e-03
 1.00e-03 1.00e-03 5.00e-01 5.00e+00 2.40e+04 5.00e+00 1.00e-02]	811.1795082302476
[1.96e+00 1.96e+00 1.96e+00 1.96e+00 1.97e-06 9.80e-01 0.00e+00 5.00e-03
 1.00e-03 1.00e-03 5.00e-01 5.00e+00 2.40e+04 5.00e+00 1.00e-02]	830.5125000834519
[1.96e+00 1.96e+00 1.96e+00 1.96e+00 1.97e-06 9.80e-01 4.00e-02 5.00e-03
 1.00e-03 1.00e-03 5.00e-01 5.00e+00 2.40e+04 5.00e+00 1.00e-02]	828.2258764788832
[1.96e+00 1.96e+00 1.96e+00 1.96e+00 1.97e-06 9.80e-01 8.00e-02 5.00e-03
 1.00e-03 1.00e-03 5.00e-01 5.00e+00 2.40e+04 5.00e+00 1.00e-02]	805.1637374492918
[1.96e+00 1.96e+00 1.96e+00 1.96e+00 1.97e-06 9.80e-01 1.20e-01 5.00e-03
 1.00e-03 1.00e-03 5.00e-01 5.00e+00 2.40e+04 5.00e+00 1.00e-02]	833.8586617785868
[1.96e+00 1.96e+00 1.96e+00 1.96e+00 1.97e-06 9.80e-01 1.60e-01 5.00e-03
 1.00e-03 1.00e-03 5.00e-01 5.00e+00 2.40e+04 5.00e+00 1.00e-02]	837.113351383855
[1.96e+00 1.96e+00 1.96e+00 1.96e+00 1.97e-06 9.80e-01 2.00e-01 5.00e-03
 1.00e-03 1.00e-03 5.00e-01 5.00e+00 2.40e+04 5.00e+00 1.00e-02]	823.2309657911145
[1.96e+00 1.96e+00 1.96e+00 1.96e+00 1.97e-06 9.80e-01 2.40e-01 5.00e-03
 1.00e-03 1.00e-03 5.00e-01 5.00e+00 2.40e+04 5.00e+00 1.00e-02]	826.642655548131
[1.96e+00 1.96e+00 1.96e+00 1.96e+00 1.97e-06 9.80e-01 2.80e-01 5.00e-03
 1.00e-03 1.00e-03 5.00e-01 5.00e+00 2.40e+04 5.00e+00 1.00e-02]	828.9824510241623
[1.96e+00 1.96e+00 1.96e+00 1.96e+00 1.97e-06 9.80e-01 3.20e-01 5.00e-03
 1.00e-03 1.00e-03 5.00e-01 5.00e+00 2.40e+04 5.00e+00 1.00e-02]	830.1834769550965
[1.96e+00 1.96e+00 1.96e+00 1.96e+00 1.97e-06 9.80e-01 3.60e-01 5.00e-03
 1.00e-03 1.00e-03 5.00e-01 5.00e+00 2.40e+04 5.00e+00 1.00e-02]	825.5825377422374
[1.96e+00 1.96e+00 1.96e+00 1.96e+00 1.97e-06 9.80e-01 4.00e-01 5.00e-03
 1.00e-03 1.00e-03 5.00e-01 5.00e+00 2.40e+04 5.00e+00 1.00e-02]	833.0627655835233
[1.96e+00 1.96e+00 1.96e+00 1.96e+00 1.97e-06 9.80e-01 4.40e-01 5.00e-03
 1.00e-03 1.00e-03 5.00e-01 5.00e+00 2.40e+04 5.00e+00 1.00e-02]	828.92117126596
[1.96e+00 1.96e+00 1.96e+00 1.96e+00 1.97e-06 9.80e-01 4.80e-01 5.00e-03
 1.00e-03 1.00e-03 5.00e-01 5.00e+00 2.40e+04 5.00e+00 1.00e-02]	817.2119127536434
[1.96e+00 1.96e+00 1.96e+00 1.96e+00 1.97e-06 9.80e-01 5.20e-01 5.00e-03
 1.00e-03 1.00e-03 5.00e-01 5.00e+00 2.40e+04 5.00e+00 1.00e-02]	830.8411824454529
[1.96e+00 1.96e+00 1.96e+00 1.96e+00 1.97e-06 9.80e-01 5.60e-01 5.00e-03
 1.00e-03 1.00e-03 5.00e-01 5.00e+00 2.40e+04 5.00e+00 1.00e-02]	826.8273073253366
[1.96e+00 1.96e+00 1.96e+00 1.96e+00 1.97e-06 9.80e-01 6.00e-01 5.00e-03
 1.00e-03 1.00e-03 5.00e-01 5.00e+00 2.40e+04 5.00e+00 1.00e-02]	808.5967144399444
[1.96e+00 1.96e+00 1.96e+00 1.96e+00 1.97e-06 9.80e-01 6.40e-01 5.00e-03
 1.00e-03 1.00e-03 5.00e-01 5.00e+00 2.40e+04 5.00e+00 1.00e-02]	833.5351503670817
[1.96e+00 1.96e+00 1.96e+00 1.96e+00 1.97e-06 9.80e-01 6.80e-01 5.00e-03
 1.00e-03 1.00e-03 5.00e-01 5.00e+00 2.40e+04 5.00e+00 1.00e-02]	833.4131696505148
[1.96e+00 1.96e+00 1.96e+00 1.96e+00 1.97e-06 9.80e-01 7.20e-01 5.00e-03
 1.00e-03 1.00e-03 5.00e-01 5.00e+00 2.40e+04 5.00e+00 1.00e-02]	817.2909549784733
[1.96e+00 1.96e+00 1.96e+00 1.96e+00 1.97e-06 9.80e-01 7.60e-01 5.00e-03
 1.00e-03 1.00e-03 5.00e-01 5.00e+00 2.40e+04 5.00e+00 1.00e-02]	834.0309723141165
[1.96e+00 1.96e+00 1.96e+00 1.96e+00 1.97e-06 9.80e-01 8.00e-01 5.00e-03
 1.00e-03 1.00e-03 5.00e-01 5.00e+00 2.40e+04 5.00e+00 1.00e-02]	820.7772139961402
[1.96e+00 1.96e+00 1.96e+00 1.96e+00 1.97e-06 9.80e-01 8.40e-01 5.00e-03
 1.00e-03 1.00e-03 5.00e-01 5.00e+00 2.40e+04 5.00e+00 1.00e-02]	820.874654261669
[1.96e+00 1.96e+00 1.96e+00 1.96e+00 1.97e-06 9.80e-01 8.80e-01 5.00e-03
 1.00e-03 1.00e-03 5.00e-01 5.00e+00 2.40e+04 5.00e+00 1.00e-02]	825.385873202919
[1.96e+00 1.96e+00 1.96e+00 1.96e+00 1.97e-06 9.80e-01 9.20e-01 5.00e-03
 1.00e-03 1.00e-03 5.00e-01 5.00e+00 2.40e+04 5.00e+00 1.00e-02]	827.1202703069612
[1.96e+00 1.96e+00 1.96e+00 1.96e+00 1.97e-06 9.80e-01 9.60e-01 5.00e-03
 1.00e-03 1.00e-03 5.00e-01 5.00e+00 2.40e+04 5.00e+00 1.00e-02]	830.2076384580707
[1.96e+00 1.96e+00 1.96e+00 1.96e+00 1.97e-06 9.80e-01 1.00e+00 5.00e-03
 1.00e-03 1.00e-03 5.00e-01 5.00e+00 2.40e+04 5.00e+00 1.00e-02]	832.786126755153
[1.96e+00 1.96e+00 1.96e+00 1.96e+00 1.97e-06 9.80e-01 1.04e+00 5.00e-03
 1.00e-03 1.00e-03 5.00e-01 5.00e+00 2.40e+04 5.00e+00 1.00e-02]	838.5148958317401
[1.96e+00 1.96e+00 1.96e+00 1.96e+00 1.97e-06 9.80e-01 1.08e+00 5.00e-03
 1.00e-03 1.00e-03 5.00e-01 5.00e+00 2.40e+04 5.00e+00 1.00e-02]	824.5281406243139
[1.96e+00 1.96e+00 1.96e+00 1.96e+00 1.97e-06 9.80e-01 1.12e+00 5.00e-03
 1.00e-03 1.00e-03 5.00e-01 5.00e+00 2.40e+04 5.00e+00 1.00e-02]	826.2626498095389
[1.96e+00 1.96e+00 1.96e+00 1.96e+00 1.97e-06 9.80e-01 1.16e+00 5.00e-03
 1.00e-03 1.00e-03 5.00e-01 5.00e+00 2.40e+04 5.00e+00 1.00e-02]	828.8538811489361
[1.96e+00 1.96e+00 1.96e+00 1.96e+00 1.97e-06 9.80e-01 1.20e+00 5.00e-03
 1.00e-03 1.00e-03 5.00e-01 5.00e+00 2.40e+04 5.00e+00 1.00e-02]	836.4597418419
[1.96e+00 1.96e+00 1.96e+00 1.96e+00 1.97e-06 9.80e-01 1.24e+00 5.00e-03
 1.00e-03 1.00e-03 5.00e-01 5.00e+00 2.40e+04 5.00e+00 1.00e-02]	830.7305483853031
[1.96e+00 1.96e+00 1.96e+00 1.96e+00 1.97e-06 9.80e-01 1.28e+00 5.00e-03
 1.00e-03 1.00e-03 5.00e-01 5.00e+00 2.40e+04 5.00e+00 1.00e-02]	826.1302696155572
[1.96e+00 1.96e+00 1.96e+00 1.96e+00 1.97e-06 9.80e-01 1.32e+00 5.00e-03
 1.00e-03 1.00e-03 5.00e-01 5.00e+00 2.40e+04 5.00e+00 1.00e-02]	834.6308327299115
[1.96e+00 1.96e+00 1.96e+00 1.96e+00 1.97e-06 9.80e-01 1.36e+00 5.00e-03
 1.00e-03 1.00e-03 5.00e-01 5.00e+00 2.40e+04 5.00e+00 1.00e-02]	826.6828555681984
[1.96e+00 1.96e+00 1.96e+00 1.96e+00 1.97e-06 9.80e-01 1.40e+00 5.00e-03
 1.00e-03 1.00e-03 5.00e-01 5.00e+00 2.40e+04 5.00e+00 1.00e-02]	836.3741474473566
[1.96e+00 1.96e+00 1.96e+00 1.96e+00 1.97e-06 9.80e-01 1.44e+00 5.00e-03
 1.00e-03 1.00e-03 5.00e-01 5.00e+00 2.40e+04 5.00e+00 1.00e-02]	826.6828555681984
[1.96e+00 1.96e+00 1.96e+00 1.96e+00 1.97e-06 9.80e-01 1.48e+00 5.00e-03
 1.00e-03 1.00e-03 5.00e-01 5.00e+00 2.40e+04 5.00e+00 1.00e-02]	829.8078022270928
[1.96e+00 1.96e+00 1.96e+00 1.96e+00 1.97e-06 9.80e-01 1.52e+00 5.00e-03
 1.00e-03 1.00e-03 5.00e-01 5.00e+00 2.40e+04 5.00e+00 1.00e-02]	816.5214649849413
[1.96e+00 1.96e+00 1.96e+00 1.96e+00 1.97e-06 9.80e-01 1.56e+00 5.00e-03
 1.00e-03 1.00e-03 5.00e-01 5.00e+00 2.40e+04 5.00e+00 1.00e-02]	833.5221936819779
[1.96e+00 1.96e+00 1.96e+00 1.96e+00 1.97e-06 9.80e-01 1.60e+00 5.00e-03
 1.00e-03 1.00e-03 5.00e-01 5.00e+00 2.40e+04 5.00e+00 1.00e-02]	828.1374743664577
[1.96e+00 1.96e+00 1.96e+00 1.96e+00 1.97e-06 9.80e-01 1.64e+00 5.00e-03
 1.00e-03 1.00e-03 5.00e-01 5.00e+00 2.40e+04 5.00e+00 1.00e-02]	826.8273073253366
[1.96e+00 1.96e+00 1.96e+00 1.96e+00 1.97e-06 9.80e-01 1.68e+00 5.00e-03
 1.00e-03 1.00e-03 5.00e-01 5.00e+00 2.40e+04 5.00e+00 1.00e-02]	828.1374743664577
[1.96e+00 1.96e+00 1.96e+00 1.96e+00 1.97e-06 9.80e-01 1.72e+00 5.00e-03
 1.00e-03 1.00e-03 5.00e-01 5.00e+00 2.40e+04 5.00e+00 1.00e-02]	829.0653996611746
[1.96e+00 1.96e+00 1.96e+00 1.96e+00 1.97e-06 9.80e-01 1.76e+00 5.00e-03
 1.00e-03 1.00e-03 5.00e-01 5.00e+00 2.40e+04 5.00e+00 1.00e-02]	828.3157817269522
[1.96e+00 1.96e+00 1.96e+00 1.96e+00 1.97e-06 9.80e-01 1.80e+00 5.00e-03
 1.00e-03 1.00e-03 5.00e-01 5.00e+00 2.40e+04 5.00e+00 1.00e-02]	825.0771133817292
[1.96e+00 1.96e+00 1.96e+00 1.96e+00 1.97e-06 9.80e-01 1.84e+00 5.00e-03
 1.00e-03 1.00e-03 5.00e-01 5.00e+00 2.40e+04 5.00e+00 1.00e-02]	827.1202703069612
[1.96e+00 1.96e+00 1.96e+00 1.96e+00 1.97e-06 9.80e-01 1.88e+00 5.00e-03
 1.00e-03 1.00e-03 5.00e-01 5.00e+00 2.40e+04 5.00e+00 1.00e-02]	831.212163345472
[1.96e+00 1.96e+00 1.96e+00 1.96e+00 1.97e-06 9.80e-01 1.92e+00 5.00e-03
 1.00e-03 1.00e-03 5.00e-01 5.00e+00 2.40e+04 5.00e+00 1.00e-02]	831.8412483812763
[1.96e+00 1.96e+00 1.96e+00 1.96e+00 1.97e-06 9.80e-01 1.96e+00 5.00e-03
 1.00e-03 1.00e-03 5.00e-01 5.00e+00 2.40e+04 5.00e+00 1.00e-02]	827.2744131791201
[1.96e+00 1.96e+00 1.96e+00 1.96e+00 1.97e-06 9.80e-01 1.96e+00 0.00e+00
 1.00e-03 1.00e-03 5.00e-01 5.00e+00 2.40e+04 5.00e+00 1.00e-02]	821.6137561410669
[1.96e+00 1.96e+00 1.96e+00 1.96e+00 1.97e-06 9.80e-01 1.96e+00 4.00e-03
 1.00e-03 1.00e-03 5.00e-01 5.00e+00 2.40e+04 5.00e+00 1.00e-02]	827.2038392732969
[1.96e+00 1.96e+00 1.96e+00 1.96e+00 1.97e-06 9.80e-01 1.96e+00 8.00e-03
 1.00e-03 1.00e-03 5.00e-01 5.00e+00 2.40e+04 5.00e+00 1.00e-02]	828.3328702560873
[1.96e+00 1.96e+00 1.96e+00 1.96e+00 1.97e-06 9.80e-01 1.96e+00 1.20e-02
 1.00e-03 1.00e-03 5.00e-01 5.00e+00 2.40e+04 5.00e+00 1.00e-02]	839.3442107820877
[1.96e+00 1.96e+00 1.96e+00 1.96e+00 1.97e-06 9.80e-01 1.96e+00 1.60e-02
 1.00e-03 1.00e-03 5.00e-01 5.00e+00 2.40e+04 5.00e+00 1.00e-02]	832.9906247381684
[1.96e+00 1.96e+00 1.96e+00 1.96e+00 1.97e-06 9.80e-01 1.96e+00 2.00e-02
 1.00e-03 1.00e-03 5.00e-01 5.00e+00 2.40e+04 5.00e+00 1.00e-02]	828.3620173543311
[1.96e+00 1.96e+00 1.96e+00 1.96e+00 1.97e-06 9.80e-01 1.96e+00 2.40e-02
 1.00e-03 1.00e-03 5.00e-01 5.00e+00 2.40e+04 5.00e+00 1.00e-02]	822.6952788579576
[1.96e+00 1.96e+00 1.96e+00 1.96e+00 1.97e-06 9.80e-01 1.96e+00 2.80e-02
 1.00e-03 1.00e-03 5.00e-01 5.00e+00 2.40e+04 5.00e+00 1.00e-02]	833.0000690822482
[1.96e+00 1.96e+00 1.96e+00 1.96e+00 1.97e-06 9.80e-01 1.96e+00 3.20e-02
 1.00e-03 1.00e-03 5.00e-01 5.00e+00 2.40e+04 5.00e+00 1.00e-02]	832.9906247381684
[1.96e+00 1.96e+00 1.96e+00 1.96e+00 1.97e-06 9.80e-01 1.96e+00 3.60e-02
 1.00e-03 1.00e-03 5.00e-01 5.00e+00 2.40e+04 5.00e+00 1.00e-02]	826.7370731880698
[1.96e+00 1.96e+00 1.96e+00 1.96e+00 1.97e-06 9.80e-01 1.96e+00 4.00e-02
 1.00e-03 1.00e-03 5.00e-01 5.00e+00 2.40e+04 5.00e+00 1.00e-02]	832.4136429322032
[1.96e+00 1.96e+00 1.96e+00 1.96e+00 1.97e-06 9.80e-01 1.96e+00 4.40e-02
 1.00e-03 1.00e-03 5.00e-01 5.00e+00 2.40e+04 5.00e+00 1.00e-02]	819.0804601421905
[1.96e+00 1.96e+00 1.96e+00 1.96e+00 1.97e-06 9.80e-01 1.96e+00 4.80e-02
 1.00e-03 1.00e-03 5.00e-01 5.00e+00 2.40e+04 5.00e+00 1.00e-02]	832.0207342304054
[1.96e+00 1.96e+00 1.96e+00 1.96e+00 1.97e-06 9.80e-01 1.96e+00 5.20e-02
 1.00e-03 1.00e-03 5.00e-01 5.00e+00 2.40e+04 5.00e+00 1.00e-02]	826.4696382936447
[1.96e+00 1.96e+00 1.96e+00 1.96e+00 1.97e-06 9.80e-01 1.96e+00 5.60e-02
 1.00e-03 1.00e-03 5.00e-01 5.00e+00 2.40e+04 5.00e+00 1.00e-02]	829.69957318705
[1.96e+00 1.96e+00 1.96e+00 1.96e+00 1.97e-06 9.80e-01 1.96e+00 6.00e-02
 1.00e-03 1.00e-03 5.00e-01 5.00e+00 2.40e+04 5.00e+00 1.00e-02]	826.6828555681984
[1.96e+00 1.96e+00 1.96e+00 1.96e+00 1.97e-06 9.80e-01 1.96e+00 6.40e-02
 1.00e-03 1.00e-03 5.00e-01 5.00e+00 2.40e+04 5.00e+00 1.00e-02]	832.0981212256324
[1.96e+00 1.96e+00 1.96e+00 1.96e+00 1.97e-06 9.80e-01 1.96e+00 6.80e-02
 1.00e-03 1.00e-03 5.00e-01 5.00e+00 2.40e+04 5.00e+00 1.00e-02]	825.7036284732353
[1.96e+00 1.96e+00 1.96e+00 1.96e+00 1.97e-06 9.80e-01 1.96e+00 7.20e-02
 1.00e-03 1.00e-03 5.00e-01 5.00e+00 2.40e+04 5.00e+00 1.00e-02]	820.7772139961402
[1.96e+00 1.96e+00 1.96e+00 1.96e+00 1.97e-06 9.80e-01 1.96e+00 7.60e-02
 1.00e-03 1.00e-03 5.00e-01 5.00e+00 2.40e+04 5.00e+00 1.00e-02]	829.6798292733394
[1.96e+00 1.96e+00 1.96e+00 1.96e+00 1.97e-06 9.80e-01 1.96e+00 8.00e-02
 1.00e-03 1.00e-03 5.00e-01 5.00e+00 2.40e+04 5.00e+00 1.00e-02]	826.3974275218792
[1.96e+00 1.96e+00 1.96e+00 1.96e+00 1.97e-06 9.80e-01 1.96e+00 8.40e-02
 1.00e-03 1.00e-03 5.00e-01 5.00e+00 2.40e+04 5.00e+00 1.00e-02]	827.1202703069612
[1.96e+00 1.96e+00 1.96e+00 1.96e+00 1.97e-06 9.80e-01 1.96e+00 8.80e-02
 1.00e-03 1.00e-03 5.00e-01 5.00e+00 2.40e+04 5.00e+00 1.00e-02]	830.5125000834519
[1.96e+00 1.96e+00 1.96e+00 1.96e+00 1.97e-06 9.80e-01 1.96e+00 9.20e-02
 1.00e-03 1.00e-03 5.00e-01 5.00e+00 2.40e+04 5.00e+00 1.00e-02]	826.6828555681984
[1.96e+00 1.96e+00 1.96e+00 1.96e+00 1.97e-06 9.80e-01 1.96e+00 9.60e-02
 1.00e-03 1.00e-03 5.00e-01 5.00e+00 2.40e+04 5.00e+00 1.00e-02]	836.4609087299364
[1.96e+00 1.96e+00 1.96e+00 1.96e+00 1.97e-06 9.80e-01 1.96e+00 1.00e-01
 1.00e-03 1.00e-03 5.00e-01 5.00e+00 2.40e+04 5.00e+00 1.00e-02]	824.7404171315515
[1.96e+00 1.96e+00 1.96e+00 1.96e+00 1.97e-06 9.80e-01 1.96e+00 1.04e-01
 1.00e-03 1.00e-03 5.00e-01 5.00e+00 2.40e+04 5.00e+00 1.00e-02]	825.5809418004596
[1.96e+00 1.96e+00 1.96e+00 1.96e+00 1.97e-06 9.80e-01 1.96e+00 1.08e-01
 1.00e-03 1.00e-03 5.00e-01 5.00e+00 2.40e+04 5.00e+00 1.00e-02]	832.1716711990899
[1.96e+00 1.96e+00 1.96e+00 1.96e+00 1.97e-06 9.80e-01 1.96e+00 1.12e-01
 1.00e-03 1.00e-03 5.00e-01 5.00e+00 2.40e+04 5.00e+00 1.00e-02]	818.6676945675929
[1.96e+00 1.96e+00 1.96e+00 1.96e+00 1.97e-06 9.80e-01 1.96e+00 1.16e-01
 1.00e-03 1.00e-03 5.00e-01 5.00e+00 2.40e+04 5.00e+00 1.00e-02]	827.4584423858837
[1.96e+00 1.96e+00 1.96e+00 1.96e+00 1.97e-06 9.80e-01 1.96e+00 1.20e-01
 1.00e-03 1.00e-03 5.00e-01 5.00e+00 2.40e+04 5.00e+00 1.00e-02]	809.8194764540217
[1.96e+00 1.96e+00 1.96e+00 1.96e+00 1.97e-06 9.80e-01 1.96e+00 1.24e-01
 1.00e-03 1.00e-03 5.00e-01 5.00e+00 2.40e+04 5.00e+00 1.00e-02]	829.9566954760052
[1.96e+00 1.96e+00 1.96e+00 1.96e+00 1.97e-06 9.80e-01 1.96e+00 1.28e-01
 1.00e-03 1.00e-03 5.00e-01 5.00e+00 2.40e+04 5.00e+00 1.00e-02]	828.195675494282
[1.96e+00 1.96e+00 1.96e+00 1.96e+00 1.97e-06 9.80e-01 1.96e+00 1.32e-01
 1.00e-03 1.00e-03 5.00e-01 5.00e+00 2.40e+04 5.00e+00 1.00e-02]	809.8194764540217
[1.96e+00 1.96e+00 1.96e+00 1.96e+00 1.97e-06 9.80e-01 1.96e+00 1.36e-01
 1.00e-03 1.00e-03 5.00e-01 5.00e+00 2.40e+04 5.00e+00 1.00e-02]	828.6566950279658
[1.96e+00 1.96e+00 1.96e+00 1.96e+00 1.97e-06 9.80e-01 1.96e+00 1.40e-01
 1.00e-03 1.00e-03 5.00e-01 5.00e+00 2.40e+04 5.00e+00 1.00e-02]	826.2626498095389
[1.96e+00 1.96e+00 1.96e+00 1.96e+00 1.97e-06 9.80e-01 1.96e+00 1.44e-01
 1.00e-03 1.00e-03 5.00e-01 5.00e+00 2.40e+04 5.00e+00 1.00e-02]	825.8508721038471
[1.96e+00 1.96e+00 1.96e+00 1.96e+00 1.97e-06 9.80e-01 1.96e+00 1.48e-01
 1.00e-03 1.00e-03 5.00e-01 5.00e+00 2.40e+04 5.00e+00 1.00e-02]	831.0138188458589
[1.96e+00 1.96e+00 1.96e+00 1.96e+00 1.97e-06 9.80e-01 1.96e+00 1.52e-01
 1.00e-03 1.00e-03 5.00e-01 5.00e+00 2.40e+04 5.00e+00 1.00e-02]	827.8555428136717
[1.96e+00 1.96e+00 1.96e+00 1.96e+00 1.97e-06 9.80e-01 1.96e+00 1.56e-01
 1.00e-03 1.00e-03 5.00e-01 5.00e+00 2.40e+04 5.00e+00 1.00e-02]	825.7036284732353
[1.96e+00 1.96e+00 1.96e+00 1.96e+00 1.97e-06 9.80e-01 1.96e+00 1.60e-01
 1.00e-03 1.00e-03 5.00e-01 5.00e+00 2.40e+04 5.00e+00 1.00e-02]	833.885320750987
[1.96e+00 1.96e+00 1.96e+00 1.96e+00 1.97e-06 9.80e-01 1.96e+00 1.64e-01
 1.00e-03 1.00e-03 5.00e-01 5.00e+00 2.40e+04 5.00e+00 1.00e-02]	828.9690703970596
[1.96e+00 1.96e+00 1.96e+00 1.96e+00 1.97e-06 9.80e-01 1.96e+00 1.68e-01
 1.00e-03 1.00e-03 5.00e-01 5.00e+00 2.40e+04 5.00e+00 1.00e-02]	826.0811275480769
[1.96e+00 1.96e+00 1.96e+00 1.96e+00 1.97e-06 9.80e-01 1.96e+00 1.72e-01
 1.00e-03 1.00e-03 5.00e-01 5.00e+00 2.40e+04 5.00e+00 1.00e-02]	809.8069171735589
[1.96e+00 1.96e+00 1.96e+00 1.96e+00 1.97e-06 9.80e-01 1.96e+00 1.76e-01
 1.00e-03 1.00e-03 5.00e-01 5.00e+00 2.40e+04 5.00e+00 1.00e-02]	820.1514016859085
[1.96e+00 1.96e+00 1.96e+00 1.96e+00 1.97e-06 9.80e-01 1.96e+00 1.80e-01
 1.00e-03 1.00e-03 5.00e-01 5.00e+00 2.40e+04 5.00e+00 1.00e-02]	823.27257659453
[1.96e+00 1.96e+00 1.96e+00 1.96e+00 1.97e-06 9.80e-01 1.96e+00 1.84e-01
 1.00e-03 1.00e-03 5.00e-01 5.00e+00 2.40e+04 5.00e+00 1.00e-02]	828.5290999344037
[1.96e+00 1.96e+00 1.96e+00 1.96e+00 1.97e-06 9.80e-01 1.96e+00 1.88e-01
 1.00e-03 1.00e-03 5.00e-01 5.00e+00 2.40e+04 5.00e+00 1.00e-02]	837.8803562544637
[1.96e+00 1.96e+00 1.96e+00 1.96e+00 1.97e-06 9.80e-01 1.96e+00 1.92e-01
 1.00e-03 1.00e-03 5.00e-01 5.00e+00 2.40e+04 5.00e+00 1.00e-02]	836.9141359201907
[1.96e+00 1.96e+00 1.96e+00 1.96e+00 1.97e-06 9.80e-01 1.96e+00 1.96e-01
 1.00e-03 1.00e-03 5.00e-01 5.00e+00 2.40e+04 5.00e+00 1.00e-02]	827.0476857266486
[1.96e+00 1.96e+00 1.96e+00 1.96e+00 1.97e-06 9.80e-01 1.96e+00 1.96e-01
 0.00e+00 1.00e-03 5.00e-01 5.00e+00 2.40e+04 5.00e+00 1.00e-02]	823.27257659453
[1.96e+00 1.96e+00 1.96e+00 1.96e+00 1.97e-06 9.80e-01 1.96e+00 1.96e-01
 4.00e-03 1.00e-03 5.00e-01 5.00e+00 2.40e+04 5.00e+00 1.00e-02]	816.678438953256
[1.96e+00 1.96e+00 1.96e+00 1.96e+00 1.97e-06 9.80e-01 1.96e+00 1.96e-01
 8.00e-03 1.00e-03 5.00e-01 5.00e+00 2.40e+04 5.00e+00 1.00e-02]	833.5221936819779
[1.96e+00 1.96e+00 1.96e+00 1.96e+00 1.97e-06 9.80e-01 1.96e+00 1.96e-01
 1.20e-02 1.00e-03 5.00e-01 5.00e+00 2.40e+04 5.00e+00 1.00e-02]	825.0771133817292
[1.96e+00 1.96e+00 1.96e+00 1.96e+00 1.97e-06 9.80e-01 1.96e+00 1.96e-01
 1.60e-02 1.00e-03 5.00e-01 5.00e+00 2.40e+04 5.00e+00 1.00e-02]	825.7036284732353
[1.96e+00 1.96e+00 1.96e+00 1.96e+00 1.97e-06 9.80e-01 1.96e+00 1.96e-01
 2.00e-02 1.00e-03 5.00e-01 5.00e+00 2.40e+04 5.00e+00 1.00e-02]	822.0642364341518
[1.96e+00 1.96e+00 1.96e+00 1.96e+00 1.97e-06 9.80e-01 1.96e+00 1.96e-01
 2.40e-02 1.00e-03 5.00e-01 5.00e+00 2.40e+04 5.00e+00 1.00e-02]	827.8555428136717
[1.96e+00 1.96e+00 1.96e+00 1.96e+00 1.97e-06 9.80e-01 1.96e+00 1.96e-01
 2.80e-02 1.00e-03 5.00e-01 5.00e+00 2.40e+04 5.00e+00 1.00e-02]	832.2597337547443
[1.96e+00 1.96e+00 1.96e+00 1.96e+00 1.97e-06 9.80e-01 1.96e+00 1.96e-01
 3.20e-02 1.00e-03 5.00e-01 5.00e+00 2.40e+04 5.00e+00 1.00e-02]	829.1294931901754
[1.96e+00 1.96e+00 1.96e+00 1.96e+00 1.97e-06 9.80e-01 1.96e+00 1.96e-01
 3.60e-02 1.00e-03 5.00e-01 5.00e+00 2.40e+04 5.00e+00 1.00e-02]	828.1184586563937
[1.96e+00 1.96e+00 1.96e+00 1.96e+00 1.97e-06 9.80e-01 1.96e+00 1.96e-01
 4.00e-02 1.00e-03 5.00e-01 5.00e+00 2.40e+04 5.00e+00 1.00e-02]	828.1374743664577
[1.96e+00 1.96e+00 1.96e+00 1.96e+00 1.97e-06 9.80e-01 1.96e+00 1.96e-01
 4.40e-02 1.00e-03 5.00e-01 5.00e+00 2.40e+04 5.00e+00 1.00e-02]	830.5125000834519
[1.96e+00 1.96e+00 1.96e+00 1.96e+00 1.97e-06 9.80e-01 1.96e+00 1.96e-01
 4.80e-02 1.00e-03 5.00e-01 5.00e+00 2.40e+04 5.00e+00 1.00e-02]	820.9144052635837
[1.96e+00 1.96e+00 1.96e+00 1.96e+00 1.97e-06 9.80e-01 1.96e+00 1.96e-01
 5.20e-02 1.00e-03 5.00e-01 5.00e+00 2.40e+04 5.00e+00 1.00e-02]	827.0673696327619
[1.96e+00 1.96e+00 1.96e+00 1.96e+00 1.97e-06 9.80e-01 1.96e+00 1.96e-01
 5.60e-02 1.00e-03 5.00e-01 5.00e+00 2.40e+04 5.00e+00 1.00e-02]	805.1637374492918
[1.96e+00 1.96e+00 1.96e+00 1.96e+00 1.97e-06 9.80e-01 1.96e+00 1.96e-01
 6.00e-02 1.00e-03 5.00e-01 5.00e+00 2.40e+04 5.00e+00 1.00e-02]	827.1202703069612
[1.96e+00 1.96e+00 1.96e+00 1.96e+00 1.97e-06 9.80e-01 1.96e+00 1.96e-01
 6.40e-02 1.00e-03 5.00e-01 5.00e+00 2.40e+04 5.00e+00 1.00e-02]	833.195570391616
[1.96e+00 1.96e+00 1.96e+00 1.96e+00 1.97e-06 9.80e-01 1.96e+00 1.96e-01
 6.80e-02 1.00e-03 5.00e-01 5.00e+00 2.40e+04 5.00e+00 1.00e-02]	831.0783436085184
[1.96e+00 1.96e+00 1.96e+00 1.96e+00 1.97e-06 9.80e-01 1.96e+00 1.96e-01
 7.20e-02 1.00e-03 5.00e-01 5.00e+00 2.40e+04 5.00e+00 1.00e-02]	827.1202703069612
[1.96e+00 1.96e+00 1.96e+00 1.96e+00 1.97e-06 9.80e-01 1.96e+00 1.96e-01
 7.60e-02 1.00e-03 5.00e-01 5.00e+00 2.40e+04 5.00e+00 1.00e-02]	811.7885085661707
[1.96e+00 1.96e+00 1.96e+00 1.96e+00 1.97e-06 9.80e-01 1.96e+00 1.96e-01
 8.00e-02 1.00e-03 5.00e-01 5.00e+00 2.40e+04 5.00e+00 1.00e-02]	823.27257659453
[1.96e+00 1.96e+00 1.96e+00 1.96e+00 1.97e-06 9.80e-01 1.96e+00 1.96e-01
 8.40e-02 1.00e-03 5.00e-01 5.00e+00 2.40e+04 5.00e+00 1.00e-02]	832.4189926486348
[1.96e+00 1.96e+00 1.96e+00 1.96e+00 1.97e-06 9.80e-01 1.96e+00 1.96e-01
 8.80e-02 1.00e-03 5.00e-01 5.00e+00 2.40e+04 5.00e+00 1.00e-02]	831.1834597921168
[1.96e+00 1.96e+00 1.96e+00 1.96e+00 1.97e-06 9.80e-01 1.96e+00 1.96e-01
 9.20e-02 1.00e-03 5.00e-01 5.00e+00 2.40e+04 5.00e+00 1.00e-02]	831.8730401541939
[1.96e+00 1.96e+00 1.96e+00 1.96e+00 1.97e-06 9.80e-01 1.96e+00 1.96e-01
 9.60e-02 1.00e-03 5.00e-01 5.00e+00 2.40e+04 5.00e+00 1.00e-02]	827.1202703069612
[1.96e+00 1.96e+00 1.96e+00 1.96e+00 1.97e-06 9.80e-01 1.96e+00 1.96e-01
 1.00e-01 1.00e-03 5.00e-01 5.00e+00 2.40e+04 5.00e+00 1.00e-02]	826.8429887007572
[1.96e+00 1.96e+00 1.96e+00 1.96e+00 1.97e-06 9.80e-01 1.96e+00 1.96e-01
 1.04e-01 1.00e-03 5.00e-01 5.00e+00 2.40e+04 5.00e+00 1.00e-02]	831.3933532920727
[1.96e+00 1.96e+00 1.96e+00 1.96e+00 1.97e-06 9.80e-01 1.96e+00 1.96e-01
 1.08e-01 1.00e-03 5.00e-01 5.00e+00 2.40e+04 5.00e+00 1.00e-02]	826.8273073253366
[1.96e+00 1.96e+00 1.96e+00 1.96e+00 1.97e-06 9.80e-01 1.96e+00 1.96e-01
 1.12e-01 1.00e-03 5.00e-01 5.00e+00 2.40e+04 5.00e+00 1.00e-02]	828.1780893450724
[1.96e+00 1.96e+00 1.96e+00 1.96e+00 1.97e-06 9.80e-01 1.96e+00 1.96e-01
 1.16e-01 1.00e-03 5.00e-01 5.00e+00 2.40e+04 5.00e+00 1.00e-02]	820.6163457654186
[1.96e+00 1.96e+00 1.96e+00 1.96e+00 1.97e-06 9.80e-01 1.96e+00 1.96e-01
 1.20e-01 1.00e-03 5.00e-01 5.00e+00 2.40e+04 5.00e+00 1.00e-02]	827.4035491611094
[1.96e+00 1.96e+00 1.96e+00 1.96e+00 1.97e-06 9.80e-01 1.96e+00 1.96e-01
 1.24e-01 1.00e-03 5.00e-01 5.00e+00 2.40e+04 5.00e+00 1.00e-02]	830.4345301460545
[1.96e+00 1.96e+00 1.96e+00 1.96e+00 1.97e-06 9.80e-01 1.96e+00 1.96e-01
 1.28e-01 1.00e-03 5.00e-01 5.00e+00 2.40e+04 5.00e+00 1.00e-02]	830.4830389227302
[1.96e+00 1.96e+00 1.96e+00 1.96e+00 1.97e-06 9.80e-01 1.96e+00 1.96e-01
 1.32e-01 1.00e-03 5.00e-01 5.00e+00 2.40e+04 5.00e+00 1.00e-02]	828.1780893450724
[1.96e+00 1.96e+00 1.96e+00 1.96e+00 1.97e-06 9.80e-01 1.96e+00 1.96e-01
 1.36e-01 1.00e-03 5.00e-01 5.00e+00 2.40e+04 5.00e+00 1.00e-02]	834.3413366315731
[1.96e+00 1.96e+00 1.96e+00 1.96e+00 1.97e-06 9.80e-01 1.96e+00 1.96e-01
 1.40e-01 1.00e-03 5.00e-01 5.00e+00 2.40e+04 5.00e+00 1.00e-02]	832.4189926486348
[1.96e+00 1.96e+00 1.96e+00 1.96e+00 1.97e-06 9.80e-01 1.96e+00 1.96e-01
 1.44e-01 1.00e-03 5.00e-01 5.00e+00 2.40e+04 5.00e+00 1.00e-02]	805.1637374492918
[1.96e+00 1.96e+00 1.96e+00 1.96e+00 1.97e-06 9.80e-01 1.96e+00 1.96e-01
 1.48e-01 1.00e-03 5.00e-01 5.00e+00 2.40e+04 5.00e+00 1.00e-02]	826.8273073253366
[1.96e+00 1.96e+00 1.96e+00 1.96e+00 1.97e-06 9.80e-01 1.96e+00 1.96e-01
 1.52e-01 1.00e-03 5.00e-01 5.00e+00 2.40e+04 5.00e+00 1.00e-02]	826.642655548131
[1.96e+00 1.96e+00 1.96e+00 1.96e+00 1.97e-06 9.80e-01 1.96e+00 1.96e-01
 1.56e-01 1.00e-03 5.00e-01 5.00e+00 2.40e+04 5.00e+00 1.00e-02]	826.8273073253366
[1.96e+00 1.96e+00 1.96e+00 1.96e+00 1.97e-06 9.80e-01 1.96e+00 1.96e-01
 1.60e-01 1.00e-03 5.00e-01 5.00e+00 2.40e+04 5.00e+00 1.00e-02]	834.2704470767194
[1.96e+00 1.96e+00 1.96e+00 1.96e+00 1.97e-06 9.80e-01 1.96e+00 1.96e-01
 1.64e-01 1.00e-03 5.00e-01 5.00e+00 2.40e+04 5.00e+00 1.00e-02]	820.1514016859085
[1.96e+00 1.96e+00 1.96e+00 1.96e+00 1.97e-06 9.80e-01 1.96e+00 1.96e-01
 1.68e-01 1.00e-03 5.00e-01 5.00e+00 2.40e+04 5.00e+00 1.00e-02]	829.3034852556931
[1.96e+00 1.96e+00 1.96e+00 1.96e+00 1.97e-06 9.80e-01 1.96e+00 1.96e-01
 1.72e-01 1.00e-03 5.00e-01 5.00e+00 2.40e+04 5.00e+00 1.00e-02]	832.3763718183493
[1.96e+00 1.96e+00 1.96e+00 1.96e+00 1.97e-06 9.80e-01 1.96e+00 1.96e-01
 1.76e-01 1.00e-03 5.00e-01 5.00e+00 2.40e+04 5.00e+00 1.00e-02]	827.5458738676259
[1.96e+00 1.96e+00 1.96e+00 1.96e+00 1.97e-06 9.80e-01 1.96e+00 1.96e-01
 1.80e-01 1.00e-03 5.00e-01 5.00e+00 2.40e+04 5.00e+00 1.00e-02]	826.3752138450525
[1.96e+00 1.96e+00 1.96e+00 1.96e+00 1.97e-06 9.80e-01 1.96e+00 1.96e-01
 1.84e-01 1.00e-03 5.00e-01 5.00e+00 2.40e+04 5.00e+00 1.00e-02]	834.1427978884443
[1.96e+00 1.96e+00 1.96e+00 1.96e+00 1.97e-06 9.80e-01 1.96e+00 1.96e-01
 1.88e-01 1.00e-03 5.00e-01 5.00e+00 2.40e+04 5.00e+00 1.00e-02]	826.2626498095389
[1.96e+00 1.96e+00 1.96e+00 1.96e+00 1.97e-06 9.80e-01 1.96e+00 1.96e-01
 1.92e-01 1.00e-03 5.00e-01 5.00e+00 2.40e+04 5.00e+00 1.00e-02]	831.8456554538635
[1.96e+00 1.96e+00 1.96e+00 1.96e+00 1.97e-06 9.80e-01 1.96e+00 1.96e-01
 1.96e-01 1.00e-03 5.00e-01 5.00e+00 2.40e+04 5.00e+00 1.00e-02]	835.0996965603001
[1.96e+00 1.96e+00 1.96e+00 1.96e+00 1.97e-06 9.80e-01 1.96e+00 1.96e-01
 1.96e-01 0.00e+00 5.00e-01 5.00e+00 2.40e+04 5.00e+00 1.00e-02]	824.0902551110747
[1.96e+00 1.96e+00 1.96e+00 1.96e+00 1.97e-06 9.80e-01 1.96e+00 1.96e-01
 1.96e-01 4.00e-03 5.00e-01 5.00e+00 2.40e+04 5.00e+00 1.00e-02]	825.0771133817292
[1.96e+00 1.96e+00 1.96e+00 1.96e+00 1.97e-06 9.80e-01 1.96e+00 1.96e-01
 1.96e-01 8.00e-03 5.00e-01 5.00e+00 2.40e+04 5.00e+00 1.00e-02]	827.1202703069612
[1.96e+00 1.96e+00 1.96e+00 1.96e+00 1.97e-06 9.80e-01 1.96e+00 1.96e-01
 1.96e-01 1.20e-02 5.00e-01 5.00e+00 2.40e+04 5.00e+00 1.00e-02]	824.7404171315515
[1.96e+00 1.96e+00 1.96e+00 1.96e+00 1.97e-06 9.80e-01 1.96e+00 1.96e-01
 1.96e-01 1.60e-02 5.00e-01 5.00e+00 2.40e+04 5.00e+00 1.00e-02]	836.4885691760206
[1.96e+00 1.96e+00 1.96e+00 1.96e+00 1.97e-06 9.80e-01 1.96e+00 1.96e-01
 1.96e-01 2.00e-02 5.00e-01 5.00e+00 2.40e+04 5.00e+00 1.00e-02]	822.5315559699587
[1.96e+00 1.96e+00 1.96e+00 1.96e+00 1.97e-06 9.80e-01 1.96e+00 1.96e-01
 1.96e-01 2.40e-02 5.00e-01 5.00e+00 2.40e+04 5.00e+00 1.00e-02]	827.1202703069612
[1.96e+00 1.96e+00 1.96e+00 1.96e+00 1.97e-06 9.80e-01 1.96e+00 1.96e-01
 1.96e-01 2.80e-02 5.00e-01 5.00e+00 2.40e+04 5.00e+00 1.00e-02]	820.6953702070658
[1.96e+00 1.96e+00 1.96e+00 1.96e+00 1.97e-06 9.80e-01 1.96e+00 1.96e-01
 1.96e-01 3.20e-02 5.00e-01 5.00e+00 2.40e+04 5.00e+00 1.00e-02]	820.7772139961402
[1.96e+00 1.96e+00 1.96e+00 1.96e+00 1.97e-06 9.80e-01 1.96e+00 1.96e-01
 1.96e-01 3.60e-02 5.00e-01 5.00e+00 2.40e+04 5.00e+00 1.00e-02]	820.9641745810732
[1.96e+00 1.96e+00 1.96e+00 1.96e+00 1.97e-06 9.80e-01 1.96e+00 1.96e-01
 1.96e-01 4.00e-02 5.00e-01 5.00e+00 2.40e+04 5.00e+00 1.00e-02]	826.8273073253366
[1.96e+00 1.96e+00 1.96e+00 1.96e+00 1.97e-06 9.80e-01 1.96e+00 1.96e-01
 1.96e-01 4.40e-02 5.00e-01 5.00e+00 2.40e+04 5.00e+00 1.00e-02]	827.2744131791201
[1.96e+00 1.96e+00 1.96e+00 1.96e+00 1.97e-06 9.80e-01 1.96e+00 1.96e-01
 1.96e-01 4.80e-02 5.00e-01 5.00e+00 2.40e+04 5.00e+00 1.00e-02]	829.2707017626389
[1.96e+00 1.96e+00 1.96e+00 1.96e+00 1.97e-06 9.80e-01 1.96e+00 1.96e-01
 1.96e-01 5.20e-02 5.00e-01 5.00e+00 2.40e+04 5.00e+00 1.00e-02]	826.3488011098876
[1.96e+00 1.96e+00 1.96e+00 1.96e+00 1.97e-06 9.80e-01 1.96e+00 1.96e-01
 1.96e-01 5.60e-02 5.00e-01 5.00e+00 2.40e+04 5.00e+00 1.00e-02]	832.9784148224785
[1.96e+00 1.96e+00 1.96e+00 1.96e+00 1.97e-06 9.80e-01 1.96e+00 1.96e-01
 1.96e-01 6.00e-02 5.00e-01 5.00e+00 2.40e+04 5.00e+00 1.00e-02]	827.1202703069612
[1.96e+00 1.96e+00 1.96e+00 1.96e+00 1.97e-06 9.80e-01 1.96e+00 1.96e-01
 1.96e-01 6.40e-02 5.00e-01 5.00e+00 2.40e+04 5.00e+00 1.00e-02]	830.2735878122995
[1.96e+00 1.96e+00 1.96e+00 1.96e+00 1.97e-06 9.80e-01 1.96e+00 1.96e-01
 1.96e-01 6.80e-02 5.00e-01 5.00e+00 2.40e+04 5.00e+00 1.00e-02]	830.7240221535532
[1.96e+00 1.96e+00 1.96e+00 1.96e+00 1.97e-06 9.80e-01 1.96e+00 1.96e-01
 1.96e-01 7.20e-02 5.00e-01 5.00e+00 2.40e+04 5.00e+00 1.00e-02]	827.4956214783862
[1.96e+00 1.96e+00 1.96e+00 1.96e+00 1.97e-06 9.80e-01 1.96e+00 1.96e-01
 1.96e-01 7.60e-02 5.00e-01 5.00e+00 2.40e+04 5.00e+00 1.00e-02]	833.3620772296902
[1.96e+00 1.96e+00 1.96e+00 1.96e+00 1.97e-06 9.80e-01 1.96e+00 1.96e-01
 1.96e-01 8.00e-02 5.00e-01 5.00e+00 2.40e+04 5.00e+00 1.00e-02]	827.4025491126495
[1.96e+00 1.96e+00 1.96e+00 1.96e+00 1.97e-06 9.80e-01 1.96e+00 1.96e-01
 1.96e-01 8.40e-02 5.00e-01 5.00e+00 2.40e+04 5.00e+00 1.00e-02]	828.3328702560873
[1.96e+00 1.96e+00 1.96e+00 1.96e+00 1.97e-06 9.80e-01 1.96e+00 1.96e-01
 1.96e-01 8.80e-02 5.00e-01 5.00e+00 2.40e+04 5.00e+00 1.00e-02]	834.0139125946389
[1.96e+00 1.96e+00 1.96e+00 1.96e+00 1.97e-06 9.80e-01 1.96e+00 1.96e-01
 1.96e-01 9.20e-02 5.00e-01 5.00e+00 2.40e+04 5.00e+00 1.00e-02]	828.2339289821567
