-13443.25
-13243.35
-13012.21
-12877.88
-13024.84
-12712.33
-12481.74
-12333.22
-12676.80
-12706.57
-12677.86
-12747.19
-12692.33
-12700.84
-12367.34
-12601.97
-12566.88
-12473.22
-12806.60
-12862.43
-12505.30
-12647.97
-12717.22
-12558.78
-12813.47
-12653.06
-12729.62
-12597.14
-12632.14
-12607.66
-13104.63
-12770.28
-13011.36
-12536.78
-12529.21
-25069.64
-24610.92
-24670.23
-25229.28
-26506.20
-25220.09
-24822.24
-24729.73
-24771.54
-25648.79
-25636.30
-25060.95
-25090.02
-25373.67
-25786.19
-25495.72
-25394.91
-26578.84
-25285.47
-24851.98
-24973.22
-26383.52
-26407.40
-25335.29
-25314.98
-25121.39
-25186.84
-25510.60
-25016.00
-24542.49
-24643.73
-25303.01
-25283.37
-25697.81
-25558.60
-25334.24
-25372.76
-24783.10
-24931.58
