-16216.11
-16517.28
-16097.45
-16377.34
-16456.28
-15881.46
-16073.54
-16229.65
-15762.33
-15830.49
-15932.01
-15986.92
-15761.65
-15774.36
-15874.81
-16146.07
-15863.06
-15924.01
-15806.06
-15855.25
-16111.93
-16040.48
-16261.06
-15809.10
-15814.95
-15858.33
-15752.95
-15633.45
-15857.76
-16124.96
-15797.65
-16085.23
-16018.57
-15969.33
-15626.98
-25286.56
-25131.85
-25033.24
-24630.40
-25021.67
-25213.77
-25273.94
-25095.99
-24840.05
-25011.40
-24829.44
-25283.68
-26008.54
-24863.04
-25052.83
-25442.03
-25347.86
-25810.34
-25723.11
-24811.53
-24895.91
-25182.51
-24689.54
-25495.28
-25337.80
-24801.16
-24694.77
-25186.78
-25492.17
-24888.92
-24927.43
-24771.48
-24877.90
-25567.17
-25294.57
-25139.80
-25350.97
-25139.50
-25287.63
