-20639.04
-20188.03
-20151.90
-20643.60
-20698.00
-20025.81
-20230.51
-20108.46
-20187.62
-20339.40
-20210.69
-19776.14
-20089.62
-20139.40
-20169.18
-20214.93
-20283.68
-20330.72
-19654.77
-19846.61
-19969.10
-20002.01
-20209.92
-20246.61
-20256.87
-20312.57
-20081.36
-20026.20
-20054.04
-20398.00
-20067.06
-20082.90
-19791.17
-20067.58
-20055.48
-25507.62
-25280.92
-25314.04
-25487.89
-25052.47
-25358.84
-25022.27
-25164.48
-25815.54
-24752.77
-24876.84
-25057.16
-24851.00
-25451.81
-25222.09
-24805.49
-24822.22
-25447.92
-24767.29
-25360.84
-25432.72
-24872.20
-25250.52
-25682.82
-25001.03
-25190.03
-25641.26
-25362.50
-24676.38
-25311.61
-25385.89
-25119.84
-24773.29
-24940.41
-24759.90
-24751.49
-24612.33
-26083.46
-25231.61
