-25696.49
-26119.02
-26464.56
-25784.08
-24422.74
-25285.99
-25215.20
-25530.48
-25464.18
-25793.37
-25422.29
-25608.52
-25555.10
-24839.36
-25277.87
-25205.96
-25208.18
-24962.03
-24708.50
-24797.34
-25256.12
-25158.00
-25121.71
-25647.16
-25460.07
-25772.57
-25761.91
-25273.60
-25866.71
-26701.22
-25154.74
-25232.90
-25290.18
-25264.25
-25118.02
-24904.52
-24812.75
-25000.93
-24638.14
-25071.22
-25133.33
-24887.18
-25497.81
-25411.18
-24972.13
-25697.84
-25290.47
-25408.95
-24909.34
-24598.37
-24829.53
-25221.31
-24924.97
-25107.54
-24822.37
-24975.22
-25299.12
-24987.41
-25989.27
-25523.16
-24729.15
-24430.48
-25446.45
-25323.14
-26307.41
-25407.24
-25209.65
-25420.19
-24838.92
-24634.40
-25243.52
-24872.71
-24915.15
-24957.22
