1.00
428.67
428.67
428.67
425.76
425.76
425.76
425.76
425.76
425.76
425.76
425.76
425.76
425.76
425.76
425.76
425.76
425.76
425.76
425.76
425.76
425.76
425.76
426.46
426.46
426.46
426.46
426.46
426.46
426.46
426.46
426.46
426.46
426.46
426.46
425.60
425.60
425.60
425.60
425.60
425.60
425.60
425.60
425.60
425.60
425.60
425.38
425.38
425.38
425.38
425.38
425.38
425.38
425.38
425.38
425.38
425.38
425.38
425.38
425.38
425.38
425.38
425.38
425.38
425.38
425.38
425.38
425.38
425.38
425.38
425.38
425.38
425.38
425.38
425.38
425.38
425.38
425.38
425.38
425.38
425.38
425.38
425.38
425.38
425.38
425.38
425.38
425.38
425.38
425.38
425.38
425.38
425.38
425.38
425.38
425.38
425.38
425.38
425.38
425.38
425.38
425.38
425.38
425.38
425.38
425.38
425.38
424.26
424.26
424.26
424.26
424.26
424.26
424.26
424.26
424.26
424.26
424.26
419.39
419.39
419.39
419.39
419.39
419.39
419.39
419.39
419.39
419.39
419.39
419.39
419.39
419.39
419.39
419.39
419.39
419.39
419.39
419.39
419.39
419.39
419.39
419.39
419.39
419.39
419.39
419.39
419.39
419.39
419.39
419.39
419.39
419.39
419.39
419.39
419.39
419.39
419.39
419.39
419.39
419.39
419.39
419.39
419.39
419.39
419.39
419.39
419.39
419.39
419.39
419.39
419.39
419.39
419.39
419.39
419.39
419.39
419.39
419.39
419.39
419.39
419.39
419.39
419.39
419.39
419.39
419.39
419.39
419.39
419.39
419.39
419.39
419.39
419.39
419.39
