430.09
430.09
430.09
430.09
430.09
430.09
430.09
430.09
430.09
429.10
429.10
429.10
429.54
429.70
429.70
429.70
429.70
429.70
429.70
429.70
429.70
429.70
422.04
422.04
422.04
422.04
421.60
421.60
421.60
421.60
421.60
421.60
421.60
421.60
421.60
421.60
421.60
421.60
421.60
421.60
421.60
421.60
421.60
421.60
421.60
421.60
421.60
421.60
421.60
421.60
421.60
421.60
421.60
421.60
421.60
421.60
421.60
421.60
421.60
421.60
421.60
421.60
421.60
421.60
421.60
420.81
420.81
420.81
420.81
420.81
420.81
420.81
420.45
420.45
420.45
420.45
420.45
420.45
420.45
420.45
420.45
420.45
420.45
420.45
420.45
420.45
420.45
420.45
420.45
420.45
420.45
420.45
420.45
420.45
420.45
420.45
420.45
420.45
420.45
420.45
420.45
420.45
420.45
420.45
420.45
420.45
420.45
420.45
420.45
420.45
420.45
420.45
420.45
420.45
420.45
420.45
420.45
420.45
420.45
420.45
420.45
420.45
420.45
420.45
420.45
420.45
420.45
420.45
420.45
420.45
420.45
420.45
419.17
419.17
419.17
419.17
419.17
419.17
419.17
419.17
419.17
419.17
419.17
419.17
419.17
419.17
419.17
419.17
419.17
419.17
419.17
419.17
419.17
419.17
419.17
419.17
419.17
419.17
419.17
419.17
419.17
419.17
419.17
419.17
419.17
419.17
419.17
419.17
419.17
419.17
419.17
419.17
419.17
419.17
419.17
419.17
419.17
419.17
419.17
419.17
419.17
419.17
419.17
419.17
419.17
419.17
419.17
419.17
419.17
419.17
419.17
419.17
419.17
419.17
419.17
