425.74
425.74
425.74
425.74
425.74
425.74
425.74
425.74
425.74
425.74
425.74
425.74
425.74
425.74
425.74
425.74
425.74
425.74
424.61
424.03
424.03
424.03
424.03
424.03
423.77
423.77
423.77
422.69
422.69
422.69
422.69
422.69
422.69
422.69
422.69
422.69
422.69
422.69
422.69
422.69
422.69
422.69
422.69
422.69
422.69
422.69
422.69
422.69
422.69
422.69
422.69
422.69
422.69
422.69
422.69
422.69
422.69
422.69
422.69
422.69
422.69
422.69
422.69
422.69
422.69
422.69
422.69
422.69
422.69
422.69
422.69
422.69
422.69
422.69
422.69
422.69
422.69
422.69
422.69
422.69
422.69
422.69
422.69
422.69
422.69
422.69
422.69
422.69
422.69
422.69
422.69
422.69
422.69
422.69
422.69
422.69
422.69
422.69
422.69
422.69
422.69
422.69
422.69
422.69
422.45
422.45
422.45
422.45
422.45
422.45
422.45
422.26
422.26
422.26
422.26
422.26
422.26
422.26
422.26
422.26
422.26
422.26
422.26
422.26
422.26
422.26
422.26
422.26
422.26
422.26
422.26
422.26
422.26
422.26
422.26
422.26
422.26
422.26
422.26
422.26
422.26
422.26
422.26
422.26
422.26
422.26
422.26
422.26
422.26
422.26
422.26
422.26
422.26
422.26
422.26
422.26
422.26
422.26
422.26
422.26
422.26
422.26
422.26
422.26
422.26
422.26
422.26
422.26
422.26
422.26
422.26
422.26
422.26
422.26
422.26
422.26
422.26
422.26
422.26
422.26
422.26
422.26
422.26
422.26
422.26
422.26
422.26
422.26
422.26
422.26
422.26
422.26
422.26
422.26
