
samples_per_chain:,12
burnin:,0.25
num params:,415
initial_proposed_vec:,[ 1.21314953e+00  1.18686520e+00  8.61908089e-01  1.13817957e+00
  8.38085359e-07  5.23073770e-01  8.33017400e-01  5.34030780e-03
  9.00045371e-04  9.46884003e-04  4.72866105e-01  5.08294157e+00
  2.40013017e+04  5.59543833e+00  5.93893630e-03  1.02425055e+02
 -1.74722479e+02 -6.13519812e+01  2.33054898e+02  1.49019064e+02
 -2.52456833e+01  2.03002396e+02 -1.69670348e+02  1.10359913e+02
 -1.12854014e+02 -1.98683656e+02 -2.23009507e+01 -2.65658215e+02
  6.42965134e+00 -6.62602122e+00 -8.33794547e+01  3.60996773e+01
 -2.93438945e+02 -1.09229344e+02  2.35996852e+01 -7.90353390e+01
  1.49541353e+02  1.64561790e+02 -7.93219420e+01  2.05122526e+02
  2.51101716e+02  1.75983643e+02 -5.51212805e+01  7.86275792e+01
  2.42982208e+01 -1.97424913e+02  2.76393711e+02  1.17242102e+02
 -2.52126040e+02 -2.62387878e+02 -1.59578310e+02  1.74236203e+02
  7.92578982e+01 -1.47175939e+02  1.08442123e+02 -2.76129014e+02
  1.01444271e+02  2.20162600e+02 -1.57606102e+02  1.87576464e+02
 -2.09951259e+02  2.08557599e+02  2.58111487e+02 -9.62362343e+01
 -5.49221980e+01 -6.54421485e+00  1.53541067e+02 -1.20210504e+02
  6.55008575e+01 -1.58616422e+02 -1.50717761e+02 -1.86051283e+02
  1.14452120e+02 -2.81286774e+02  5.56699306e+01 -8.20005014e+01
 -3.41499718e+01 -2.40620224e+02  1.38306624e+02  5.53352160e+01
 -2.56366173e+02  1.71968869e+02 -1.96589986e+02 -1.26881653e+02
 -5.78297844e+01  3.68419864e+01 -2.06505409e+02 -1.60774270e+02
 -2.48373974e+02 -2.27483329e+02 -7.71596632e+01 -7.04792082e+01
  1.05058640e+02 -2.78562149e+02 -2.97051945e+02 -1.79255277e+02
  1.20385480e+02  2.56115829e+02  1.34681191e+02  1.11712229e+02
 -9.71436895e+01  1.26672108e+02 -1.80453740e+02 -2.25203121e+02
 -1.57642568e+02  1.33043068e+02 -1.71600629e+02 -7.14060974e+01
 -2.91921189e+02  2.28430416e+02  1.20672276e+02  7.38912715e+01
  1.72340218e+02  6.91004131e+01 -4.55350088e+01 -2.26220227e+02
 -3.95364593e+01  2.03985361e+02  1.84070894e+02 -1.59080538e+02
 -2.28131769e+02 -2.84930639e+02  2.59117850e+02  8.08011450e+00
 -2.77481335e+02 -2.16390826e+02 -1.28176560e+02 -3.62490490e+01
  2.61873560e+02  9.51850769e+01  4.30776690e+01 -1.25367407e+02
 -2.61061593e+01 -1.49603013e+02  8.42102085e+00 -2.99134358e+02
  2.32178943e+01 -2.39377004e+02  1.15835777e+02 -2.68195398e+02
 -2.14941704e+02  8.98758298e+00 -1.22256612e+02 -1.35487082e+02
  7.51820905e+01  2.66465673e+02 -5.40535279e+01 -4.96853809e+01
  3.89811520e+00  1.07978664e+02  4.14029371e+01  1.27892350e+02
 -1.17414158e+02  1.52813655e+02  6.10059753e+01 -3.22679083e+01
  1.56817183e+02 -2.05493681e+02  1.22516654e+02 -9.24169934e+01
 -4.68388363e+01 -2.94313678e+01  4.71690272e+01  2.50022107e+02
 -6.76308984e+01  2.56384106e+01  1.11276841e+02 -2.96458330e+02
 -1.42086061e+02  2.65311322e+02 -2.24058755e+02 -1.00478284e+02
  6.60008226e+01 -1.29483404e+02 -2.33086651e+02 -2.20063627e+01
 -1.28549298e+02 -3.74110425e+00 -1.13315499e+02 -2.06116947e+02
  3.56083633e+01  2.26642781e+02  2.14336526e+02 -2.97207380e+02
  1.12377587e+02  1.12017158e+02 -5.17566917e+01 -2.26190935e+02
 -2.21996586e+02 -1.08590102e+02  4.54977885e+01 -2.83205987e+02
  1.43500767e+02 -2.60964464e+02 -1.93859895e+02 -1.35563954e+02
  2.61407784e+00  1.20309052e+02  1.20707286e+02  3.60678210e+01
  3.58293970e+01 -2.06256507e+02 -1.66564766e+02 -7.08551829e+00
 -2.41450134e+02  1.96209928e+02  2.96436078e+02 -2.34276658e+02
 -2.92770878e+01  1.22927856e+01  9.58277420e+01 -2.83804872e+02
 -1.53244540e+02 -4.00966371e+01  5.65502866e+01 -1.78731997e+02
  3.86520028e+01  9.01941846e+01  1.78669466e+02  7.18056719e+01
  2.66590529e+01 -1.97349392e+02 -2.34901154e+02  2.52229036e+02
 -1.21644297e+02 -1.80622182e+02  1.19362938e+02  1.33125317e+02
  2.70591653e+02  1.92056096e+02 -1.29346516e+02 -6.87475739e+01
  2.10126386e+02  2.88525327e+02  4.50894288e+01  4.85832882e+00
  2.53745515e+02 -2.01213392e+02  2.92200675e+02  3.65785091e+01
 -1.45132132e+01  1.90025262e+02  1.22193739e+01  2.37684644e+02
  1.47657097e+02 -1.19552668e+02 -1.46934394e+01  5.68047389e+01
 -1.09694794e+02  2.50744480e+02 -3.36898427e+01  6.37840719e+01
  9.44164774e+01  2.38946153e+02 -2.97135400e+02  9.11135722e+01
 -2.58862434e+02  2.26689647e+02 -1.97493231e+02  1.35040882e+02
  2.50484376e+02 -2.50693717e+01 -7.20116524e+01  1.07047096e+02
  2.09490868e+02 -1.03778836e+01  4.47116698e+01 -2.87468877e+02
  1.33861881e+02  2.73847520e+02  2.19276446e+02  2.05581019e+02
 -2.51627669e+01 -1.80782351e+02  8.20167840e+01  1.32894218e+02
 -1.76927514e+02  1.86029848e+02  2.76922074e+02 -2.86726554e+02
  1.34950118e+02  2.79510560e+02  5.03237902e+01  1.04656277e+01
  1.87413925e+02  6.68789005e+01 -4.25068388e+01  9.19364508e+01
  1.10288618e+02  1.03001815e+02 -1.48588926e+02  2.99723205e+02
  1.83231699e+02 -9.11983938e+01  1.91598402e+02  7.99646657e+01
  1.70708304e+02  2.63234116e+02 -2.50274832e+02 -2.31068170e+02
 -1.90134191e+02 -1.12602032e+02 -1.91064755e+02 -1.83792925e+02
 -2.41731846e+02  2.25130537e+02  2.63707270e+02  6.22647743e+01
  1.54276866e+02 -2.69922510e+02  8.96612083e+01 -4.31198586e+01
 -2.72151302e+02 -1.67865501e+02  1.60382664e+02  4.58735989e+00
 -1.41039844e+02 -7.07692544e+01  1.36981154e+02 -5.08209101e+01
  2.09632703e+01  9.91454469e+01  5.97614586e+01  2.23438962e+02
  3.58349069e+00 -2.78525807e+02  3.67365826e+01  9.52070123e+01
 -1.13250976e+02  2.72795719e+02  1.98153998e+02  1.62030673e+02
 -2.91317941e+02 -1.52069457e+02 -7.13335081e+01 -1.77401910e+02
 -3.31805428e+01 -1.33679705e+02 -2.86879992e+02  1.62518934e+01
  1.43912738e+02  1.30527613e+02  2.94717955e+02  1.71360748e+02
 -1.66638272e+02  2.01197666e+02  3.45042482e+00  2.26924862e+02
 -1.10418426e+02  1.36338833e+02  2.41655550e+02 -1.19891407e+02
 -5.62679269e+01 -1.87706592e+02  4.93767961e+00  2.33234261e+02
 -1.22164269e+01  1.04239477e+02  1.58636924e+02 -4.03365685e+01
  7.92362999e+01  3.65751473e+00 -1.51964268e+02  2.72064721e+02
 -1.55808653e+02 -1.47396474e+02 -9.53447677e+01  1.90221005e+01
  4.66339537e+01 -1.93760523e+02 -1.77551650e+02 -2.60053380e+02
  2.14018534e+01  1.29941655e+02 -2.77616562e+02 -1.44377395e+02
  2.28277932e+02  7.95460659e+01 -1.45730795e+02 -2.38977688e+02
  2.21281138e+02  2.54380211e+02  2.32229816e+02  4.12629659e+01
  1.59967366e+02 -1.07958955e+02  1.91734656e+01 -1.52380655e+02
 -2.07073277e+02  1.53154732e+02  1.31556008e+02  8.78338897e+01
  2.70635743e+02  8.17713330e+01 -2.29686865e+02  2.76866213e+02
 -1.47833563e+02 -7.04544491e+01 -5.12435531e+01 -1.79455988e+02
  5.08693022e+01  1.90755247e+02 -1.55906670e+02 -2.28342876e+02
  2.08778774e+02  2.31764716e+02  2.35996827e+02  1.94946544e+01
 -2.84337861e+02  2.03689868e+01  4.99031436e+01 -6.18466244e+01
 -2.40490690e+02  4.71638300e+01  1.47144633e+02]
stepsize_vec:,[5.0e-02 5.0e-02 5.0e-02 5.0e-02 4.0e-08 5.0e-03 4.0e-02 3.0e-04 1.2e-04
 4.0e-05 2.0e-02 2.0e-01 1.0e-01 2.0e-01 1.5e-03 6.0e+01 6.0e+01 6.0e+01
 6.0e+01 6.0e+01 6.0e+01 6.0e+01 6.0e+01 6.0e+01 6.0e+01 6.0e+01 6.0e+01
 6.0e+01 6.0e+01 6.0e+01 6.0e+01 6.0e+01 6.0e+01 6.0e+01 6.0e+01 6.0e+01
 6.0e+01 6.0e+01 6.0e+01 6.0e+01 6.0e+01 6.0e+01 6.0e+01 6.0e+01 6.0e+01
 6.0e+01 6.0e+01 6.0e+01 6.0e+01 6.0e+01 6.0e+01 6.0e+01 6.0e+01 6.0e+01
 6.0e+01 6.0e+01 6.0e+01 6.0e+01 6.0e+01 6.0e+01 6.0e+01 6.0e+01 6.0e+01
 6.0e+01 6.0e+01 6.0e+01 6.0e+01 6.0e+01 6.0e+01 6.0e+01 6.0e+01 6.0e+01
 6.0e+01 6.0e+01 6.0e+01 6.0e+01 6.0e+01 6.0e+01 6.0e+01 6.0e+01 6.0e+01
 6.0e+01 6.0e+01 6.0e+01 6.0e+01 6.0e+01 6.0e+01 6.0e+01 6.0e+01 6.0e+01
 6.0e+01 6.0e+01 6.0e+01 6.0e+01 6.0e+01 6.0e+01 6.0e+01 6.0e+01 6.0e+01
 6.0e+01 6.0e+01 6.0e+01 6.0e+01 6.0e+01 6.0e+01 6.0e+01 6.0e+01 6.0e+01
 6.0e+01 6.0e+01 6.0e+01 6.0e+01 6.0e+01 6.0e+01 6.0e+01 6.0e+01 6.0e+01
 6.0e+01 6.0e+01 6.0e+01 6.0e+01 6.0e+01 6.0e+01 6.0e+01 6.0e+01 6.0e+01
 6.0e+01 6.0e+01 6.0e+01 6.0e+01 6.0e+01 6.0e+01 6.0e+01 6.0e+01 6.0e+01
 6.0e+01 6.0e+01 6.0e+01 6.0e+01 6.0e+01 6.0e+01 6.0e+01 6.0e+01 6.0e+01
 6.0e+01 6.0e+01 6.0e+01 6.0e+01 6.0e+01 6.0e+01 6.0e+01 6.0e+01 6.0e+01
 6.0e+01 6.0e+01 6.0e+01 6.0e+01 6.0e+01 6.0e+01 6.0e+01 6.0e+01 6.0e+01
 6.0e+01 6.0e+01 6.0e+01 6.0e+01 6.0e+01 6.0e+01 6.0e+01 6.0e+01 6.0e+01
 6.0e+01 6.0e+01 6.0e+01 6.0e+01 6.0e+01 6.0e+01 6.0e+01 6.0e+01 6.0e+01
 6.0e+01 6.0e+01 6.0e+01 6.0e+01 6.0e+01 6.0e+01 6.0e+01 6.0e+01 6.0e+01
 6.0e+01 6.0e+01 6.0e+01 6.0e+01 6.0e+01 6.0e+01 6.0e+01 6.0e+01 6.0e+01
 6.0e+01 6.0e+01 6.0e+01 6.0e+01 6.0e+01 6.0e+01 6.0e+01 6.0e+01 6.0e+01
 6.0e+01 6.0e+01 6.0e+01 6.0e+01 6.0e+01 6.0e+01 6.0e+01 6.0e+01 6.0e+01
 6.0e+01 6.0e+01 6.0e+01 6.0e+01 6.0e+01 6.0e+01 6.0e+01 6.0e+01 6.0e+01
 6.0e+01 6.0e+01 6.0e+01 6.0e+01 6.0e+01 6.0e+01 6.0e+01 6.0e+01 6.0e+01
 6.0e+01 6.0e+01 6.0e+01 6.0e+01 6.0e+01 6.0e+01 6.0e+01 6.0e+01 6.0e+01
 6.0e+01 6.0e+01 6.0e+01 6.0e+01 6.0e+01 6.0e+01 6.0e+01 6.0e+01 6.0e+01
 6.0e+01 6.0e+01 6.0e+01 6.0e+01 6.0e+01 6.0e+01 6.0e+01 6.0e+01 6.0e+01
 6.0e+01 6.0e+01 6.0e+01 6.0e+01 6.0e+01 6.0e+01 6.0e+01 6.0e+01 6.0e+01
 6.0e+01 6.0e+01 6.0e+01 6.0e+01 6.0e+01 6.0e+01 6.0e+01 6.0e+01 6.0e+01
 6.0e+01 6.0e+01 6.0e+01 6.0e+01 6.0e+01 6.0e+01 6.0e+01 6.0e+01 6.0e+01
 6.0e+01 6.0e+01 6.0e+01 6.0e+01 6.0e+01 6.0e+01 6.0e+01 6.0e+01 6.0e+01
 6.0e+01 6.0e+01 6.0e+01 6.0e+01 6.0e+01 6.0e+01 6.0e+01 6.0e+01 6.0e+01
 6.0e+01 6.0e+01 6.0e+01 6.0e+01 6.0e+01 6.0e+01 6.0e+01 6.0e+01 6.0e+01
 6.0e+01 6.0e+01 6.0e+01 6.0e+01 6.0e+01 6.0e+01 6.0e+01 6.0e+01 6.0e+01
 6.0e+01 6.0e+01 6.0e+01 6.0e+01 6.0e+01 6.0e+01 6.0e+01 6.0e+01 6.0e+01
 6.0e+01 6.0e+01 6.0e+01 6.0e+01 6.0e+01 6.0e+01 6.0e+01 6.0e+01 6.0e+01
 6.0e+01 6.0e+01 6.0e+01 6.0e+01 6.0e+01 6.0e+01 6.0e+01 6.0e+01 6.0e+01
 6.0e+01 6.0e+01 6.0e+01 6.0e+01 6.0e+01 6.0e+01 6.0e+01 6.0e+01 6.0e+01
 6.0e+01 6.0e+01 6.0e+01 6.0e+01 6.0e+01 6.0e+01 6.0e+01 6.0e+01 6.0e+01
 6.0e+01 6.0e+01 6.0e+01 6.0e+01 6.0e+01 6.0e+01 6.0e+01 6.0e+01 6.0e+01
 6.0e+01 6.0e+01 6.0e+01 6.0e+01 6.0e+01 6.0e+01 6.0e+01 6.0e+01 6.0e+01
 6.0e+01 6.0e+01 6.0e+01 6.0e+01 6.0e+01 6.0e+01 6.0e+01 6.0e+01 6.0e+01
 6.0e+01 6.0e+01 6.0e+01 6.0e+01 6.0e+01 6.0e+01 6.0e+01 6.0e+01 6.0e+01
 6.0e+01 6.0e+01 6.0e+01 6.0e+01 6.0e+01 6.0e+01 6.0e+01 6.0e+01 6.0e+01
 6.0e+01]
step_ratio_vec:,[0.1 0.1 0.1 0.1 0.1 0.1 0.1 0.1 0.1 0.1 0.1 0.1 0.1 0.1 0.1 0.1 0.1 0.1
 0.1 0.1 0.1 0.1 0.1 0.1 0.1 0.1 0.1 0.1 0.1 0.1 0.1 0.1 0.1 0.1 0.1 0.1
 0.1 0.1 0.1 0.1 0.1 0.1 0.1 0.1 0.1 0.1 0.1 0.1 0.1 0.1 0.1 0.1 0.1 0.1
 0.1 0.1 0.1 0.1 0.1 0.1 0.1 0.1 0.1 0.1 0.1 0.1 0.1 0.1 0.1 0.1 0.1 0.1
 0.1 0.1 0.1 0.1 0.1 0.1 0.1 0.1 0.1 0.1 0.1 0.1 0.1 0.1 0.1 0.1 0.1 0.1
 0.1 0.1 0.1 0.1 0.1 0.1 0.1 0.1 0.1 0.1 0.1 0.1 0.1 0.1 0.1 0.1 0.1 0.1
 0.1 0.1 0.1 0.1 0.1 0.1 0.1 0.1 0.1 0.1 0.1 0.1 0.1 0.1 0.1 0.1 0.1 0.1
 0.1 0.1 0.1 0.1 0.1 0.1 0.1 0.1 0.1 0.1 0.1 0.1 0.1 0.1 0.1 0.1 0.1 0.1
 0.1 0.1 0.1 0.1 0.1 0.1 0.1 0.1 0.1 0.1 0.1 0.1 0.1 0.1 0.1 0.1 0.1 0.1
 0.1 0.1 0.1 0.1 0.1 0.1 0.1 0.1 0.1 0.1 0.1 0.1 0.1 0.1 0.1 0.1 0.1 0.1
 0.1 0.1 0.1 0.1 0.1 0.1 0.1 0.1 0.1 0.1 0.1 0.1 0.1 0.1 0.1 0.1 0.1 0.1
 0.1 0.1 0.1 0.1 0.1 0.1 0.1 0.1 0.1 0.1 0.1 0.1 0.1 0.1 0.1 0.1 0.1 0.1
 0.1 0.1 0.1 0.1 0.1 0.1 0.1 0.1 0.1 0.1 0.1 0.1 0.1 0.1 0.1 0.1 0.1 0.1
 0.1 0.1 0.1 0.1 0.1 0.1 0.1 0.1 0.1 0.1 0.1 0.1 0.1 0.1 0.1 0.1 0.1 0.1
 0.1 0.1 0.1 0.1 0.1 0.1 0.1 0.1 0.1 0.1 0.1 0.1 0.1 0.1 0.1 0.1 0.1 0.1
 0.1 0.1 0.1 0.1 0.1 0.1 0.1 0.1 0.1 0.1 0.1 0.1 0.1 0.1 0.1 0.1 0.1 0.1
 0.1 0.1 0.1 0.1 0.1 0.1 0.1 0.1 0.1 0.1 0.1 0.1 0.1 0.1 0.1 0.1 0.1 0.1
 0.1 0.1 0.1 0.1 0.1 0.1 0.1 0.1 0.1 0.1 0.1 0.1 0.1 0.1 0.1 0.1 0.1 0.1
 0.1 0.1 0.1 0.1 0.1 0.1 0.1 0.1 0.1 0.1 0.1 0.1 0.1 0.1 0.1 0.1 0.1 0.1
 0.1 0.1 0.1 0.1 0.1 0.1 0.1 0.1 0.1 0.1 0.1 0.1 0.1 0.1 0.1 0.1 0.1 0.1
 0.1 0.1 0.1 0.1 0.1 0.1 0.1 0.1 0.1 0.1 0.1 0.1 0.1 0.1 0.1 0.1 0.1 0.1
 0.1 0.1 0.1 0.1 0.1 0.1 0.1 0.1 0.1 0.1 0.1 0.1 0.1 0.1 0.1 0.1 0.1 0.1
 0.1 0.1 0.1 0.1 0.1 0.1 0.1 0.1 0.1 0.1 0.1 0.1 0.1 0.1 0.1 0.1 0.1 0.1
 0.1]
swap interval:,100
sim interval:,[-1.1175e+08 -7.4500e+07 -3.7250e+07  0.0000e+00]
likelihood_sed (T/F):,True
erodep_coords:,[[ 0  3]
 [42 94]
 [42 95]
 ...
 [96 78]
 [96 79]
 [96 80]]
sed scaling factor:,50
samples_per_chain:,12
burnin:,0.25
num params:,415
initial_proposed_vec:,[ 1.21314953e+00  1.18686520e+00  8.61908089e-01  1.13817957e+00
  8.38085359e-07  5.23073770e-01  8.33017400e-01  5.34030780e-03
  9.00045371e-04  9.46884003e-04  4.72866105e-01  5.08294157e+00
  2.40013017e+04  5.59543833e+00  5.93893630e-03  1.02425055e+02
 -1.74722479e+02 -6.13519812e+01  2.33054898e+02  1.49019064e+02
 -2.52456833e+01  2.03002396e+02 -1.69670348e+02  1.10359913e+02
 -1.12854014e+02 -1.98683656e+02 -2.23009507e+01 -2.65658215e+02
  6.42965134e+00 -6.62602122e+00 -8.33794547e+01  3.60996773e+01
 -2.93438945e+02 -1.09229344e+02  2.35996852e+01 -7.90353390e+01
  1.49541353e+02  1.64561790e+02 -7.93219420e+01  2.05122526e+02
  2.51101716e+02  1.75983643e+02 -5.51212805e+01  7.86275792e+01
  2.42982208e+01 -1.97424913e+02  2.76393711e+02  1.17242102e+02
 -2.52126040e+02 -2.62387878e+02 -1.59578310e+02  1.74236203e+02
  7.92578982e+01 -1.47175939e+02  1.08442123e+02 -2.76129014e+02
  1.01444271e+02  2.20162600e+02 -1.57606102e+02  1.87576464e+02
 -2.09951259e+02  2.08557599e+02  2.58111487e+02 -9.62362343e+01
 -5.49221980e+01 -6.54421485e+00  1.53541067e+02 -1.20210504e+02
  6.55008575e+01 -1.58616422e+02 -1.50717761e+02 -1.86051283e+02
  1.14452120e+02 -2.81286774e+02  5.56699306e+01 -8.20005014e+01
 -3.41499718e+01 -2.40620224e+02  1.38306624e+02  5.53352160e+01
 -2.56366173e+02  1.71968869e+02 -1.96589986e+02 -1.26881653e+02
 -5.78297844e+01  3.68419864e+01 -2.06505409e+02 -1.60774270e+02
 -2.48373974e+02 -2.27483329e+02 -7.71596632e+01 -7.04792082e+01
  1.05058640e+02 -2.78562149e+02 -2.97051945e+02 -1.79255277e+02
  1.20385480e+02  2.56115829e+02  1.34681191e+02  1.11712229e+02
 -9.71436895e+01  1.26672108e+02 -1.80453740e+02 -2.25203121e+02
 -1.57642568e+02  1.33043068e+02 -1.71600629e+02 -7.14060974e+01
 -2.91921189e+02  2.28430416e+02  1.20672276e+02  7.38912715e+01
  1.72340218e+02  6.91004131e+01 -4.55350088e+01 -2.26220227e+02
 -3.95364593e+01  2.03985361e+02  1.84070894e+02 -1.59080538e+02
 -2.28131769e+02 -2.84930639e+02  2.59117850e+02  8.08011450e+00
 -2.77481335e+02 -2.16390826e+02 -1.28176560e+02 -3.62490490e+01
  2.61873560e+02  9.51850769e+01  4.30776690e+01 -1.25367407e+02
 -2.61061593e+01 -1.49603013e+02  8.42102085e+00 -2.99134358e+02
  2.32178943e+01 -2.39377004e+02  1.15835777e+02 -2.68195398e+02
 -2.14941704e+02  8.98758298e+00 -1.22256612e+02 -1.35487082e+02
  7.51820905e+01  2.66465673e+02 -5.40535279e+01 -4.96853809e+01
  3.89811520e+00  1.07978664e+02  4.14029371e+01  1.27892350e+02
 -1.17414158e+02  1.52813655e+02  6.10059753e+01 -3.22679083e+01
  1.56817183e+02 -2.05493681e+02  1.22516654e+02 -9.24169934e+01
 -4.68388363e+01 -2.94313678e+01  4.71690272e+01  2.50022107e+02
 -6.76308984e+01  2.56384106e+01  1.11276841e+02 -2.96458330e+02
 -1.42086061e+02  2.65311322e+02 -2.24058755e+02 -1.00478284e+02
  6.60008226e+01 -1.29483404e+02 -2.33086651e+02 -2.20063627e+01
 -1.28549298e+02 -3.74110425e+00 -1.13315499e+02 -2.06116947e+02
  3.56083633e+01  2.26642781e+02  2.14336526e+02 -2.97207380e+02
  1.12377587e+02  1.12017158e+02 -5.17566917e+01 -2.26190935e+02
 -2.21996586e+02 -1.08590102e+02  4.54977885e+01 -2.83205987e+02
  1.43500767e+02 -2.60964464e+02 -1.93859895e+02 -1.35563954e+02
  2.61407784e+00  1.20309052e+02  1.20707286e+02  3.60678210e+01
  3.58293970e+01 -2.06256507e+02 -1.66564766e+02 -7.08551829e+00
 -2.41450134e+02  1.96209928e+02  2.96436078e+02 -2.34276658e+02
 -2.92770878e+01  1.22927856e+01  9.58277420e+01 -2.83804872e+02
 -1.53244540e+02 -4.00966371e+01  5.65502866e+01 -1.78731997e+02
  3.86520028e+01  9.01941846e+01  1.78669466e+02  7.18056719e+01
  2.66590529e+01 -1.97349392e+02 -2.34901154e+02  2.52229036e+02
 -1.21644297e+02 -1.80622182e+02  1.19362938e+02  1.33125317e+02
  2.70591653e+02  1.92056096e+02 -1.29346516e+02 -6.87475739e+01
  2.10126386e+02  2.88525327e+02  4.50894288e+01  4.85832882e+00
  2.53745515e+02 -2.01213392e+02  2.92200675e+02  3.65785091e+01
 -1.45132132e+01  1.90025262e+02  1.22193739e+01  2.37684644e+02
  1.47657097e+02 -1.19552668e+02 -1.46934394e+01  5.68047389e+01
 -1.09694794e+02  2.50744480e+02 -3.36898427e+01  6.37840719e+01
  9.44164774e+01  2.38946153e+02 -2.97135400e+02  9.11135722e+01
 -2.58862434e+02  2.26689647e+02 -1.97493231e+02  1.35040882e+02
  2.50484376e+02 -2.50693717e+01 -7.20116524e+01  1.07047096e+02
  2.09490868e+02 -1.03778836e+01  4.47116698e+01 -2.87468877e+02
  1.33861881e+02  2.73847520e+02  2.19276446e+02  2.05581019e+02
 -2.51627669e+01 -1.80782351e+02  8.20167840e+01  1.32894218e+02
 -1.76927514e+02  1.86029848e+02  2.76922074e+02 -2.86726554e+02
  1.34950118e+02  2.79510560e+02  5.03237902e+01  1.04656277e+01
  1.87413925e+02  6.68789005e+01 -4.25068388e+01  9.19364508e+01
  1.10288618e+02  1.03001815e+02 -1.48588926e+02  2.99723205e+02
  1.83231699e+02 -9.11983938e+01  1.91598402e+02  7.99646657e+01
  1.70708304e+02  2.63234116e+02 -2.50274832e+02 -2.31068170e+02
 -1.90134191e+02 -1.12602032e+02 -1.91064755e+02 -1.83792925e+02
 -2.41731846e+02  2.25130537e+02  2.63707270e+02  6.22647743e+01
  1.54276866e+02 -2.69922510e+02  8.96612083e+01 -4.31198586e+01
 -2.72151302e+02 -1.67865501e+02  1.60382664e+02  4.58735989e+00
 -1.41039844e+02 -7.07692544e+01  1.36981154e+02 -5.08209101e+01
  2.09632703e+01  9.91454469e+01  5.97614586e+01  2.23438962e+02
  3.58349069e+00 -2.78525807e+02  3.67365826e+01  9.52070123e+01
 -1.13250976e+02  2.72795719e+02  1.98153998e+02  1.62030673e+02
 -2.91317941e+02 -1.52069457e+02 -7.13335081e+01 -1.77401910e+02
 -3.31805428e+01 -1.33679705e+02 -2.86879992e+02  1.62518934e+01
  1.43912738e+02  1.30527613e+02  2.94717955e+02  1.71360748e+02
 -1.66638272e+02  2.01197666e+02  3.45042482e+00  2.26924862e+02
 -1.10418426e+02  1.36338833e+02  2.41655550e+02 -1.19891407e+02
 -5.62679269e+01 -1.87706592e+02  4.93767961e+00  2.33234261e+02
 -1.22164269e+01  1.04239477e+02  1.58636924e+02 -4.03365685e+01
  7.92362999e+01  3.65751473e+00 -1.51964268e+02  2.72064721e+02
 -1.55808653e+02 -1.47396474e+02 -9.53447677e+01  1.90221005e+01
  4.66339537e+01 -1.93760523e+02 -1.77551650e+02 -2.60053380e+02
  2.14018534e+01  1.29941655e+02 -2.77616562e+02 -1.44377395e+02
  2.28277932e+02  7.95460659e+01 -1.45730795e+02 -2.38977688e+02
  2.21281138e+02  2.54380211e+02  2.32229816e+02  4.12629659e+01
  1.59967366e+02 -1.07958955e+02  1.91734656e+01 -1.52380655e+02
 -2.07073277e+02  1.53154732e+02  1.31556008e+02  8.78338897e+01
  2.70635743e+02  8.17713330e+01 -2.29686865e+02  2.76866213e+02
 -1.47833563e+02 -7.04544491e+01 -5.12435531e+01 -1.79455988e+02
  5.08693022e+01  1.90755247e+02 -1.55906670e+02 -2.28342876e+02
  2.08778774e+02  2.31764716e+02  2.35996827e+02  1.94946544e+01
 -2.84337861e+02  2.03689868e+01  4.99031436e+01 -6.18466244e+01
 -2.40490690e+02  4.71638300e+01  1.47144633e+02]
stepsize_vec:,[5.0e-02 5.0e-02 5.0e-02 5.0e-02 4.0e-08 5.0e-03 4.0e-02 3.0e-04 1.2e-04
 4.0e-05 2.0e-02 2.0e-01 1.0e-01 2.0e-01 1.5e-03 6.0e+01 6.0e+01 6.0e+01
 6.0e+01 6.0e+01 6.0e+01 6.0e+01 6.0e+01 6.0e+01 6.0e+01 6.0e+01 6.0e+01
 6.0e+01 6.0e+01 6.0e+01 6.0e+01 6.0e+01 6.0e+01 6.0e+01 6.0e+01 6.0e+01
 6.0e+01 6.0e+01 6.0e+01 6.0e+01 6.0e+01 6.0e+01 6.0e+01 6.0e+01 6.0e+01
 6.0e+01 6.0e+01 6.0e+01 6.0e+01 6.0e+01 6.0e+01 6.0e+01 6.0e+01 6.0e+01
 6.0e+01 6.0e+01 6.0e+01 6.0e+01 6.0e+01 6.0e+01 6.0e+01 6.0e+01 6.0e+01
 6.0e+01 6.0e+01 6.0e+01 6.0e+01 6.0e+01 6.0e+01 6.0e+01 6.0e+01 6.0e+01
 6.0e+01 6.0e+01 6.0e+01 6.0e+01 6.0e+01 6.0e+01 6.0e+01 6.0e+01 6.0e+01
 6.0e+01 6.0e+01 6.0e+01 6.0e+01 6.0e+01 6.0e+01 6.0e+01 6.0e+01 6.0e+01
 6.0e+01 6.0e+01 6.0e+01 6.0e+01 6.0e+01 6.0e+01 6.0e+01 6.0e+01 6.0e+01
 6.0e+01 6.0e+01 6.0e+01 6.0e+01 6.0e+01 6.0e+01 6.0e+01 6.0e+01 6.0e+01
 6.0e+01 6.0e+01 6.0e+01 6.0e+01 6.0e+01 6.0e+01 6.0e+01 6.0e+01 6.0e+01
 6.0e+01 6.0e+01 6.0e+01 6.0e+01 6.0e+01 6.0e+01 6.0e+01 6.0e+01 6.0e+01
 6.0e+01 6.0e+01 6.0e+01 6.0e+01 6.0e+01 6.0e+01 6.0e+01 6.0e+01 6.0e+01
 6.0e+01 6.0e+01 6.0e+01 6.0e+01 6.0e+01 6.0e+01 6.0e+01 6.0e+01 6.0e+01
 6.0e+01 6.0e+01 6.0e+01 6.0e+01 6.0e+01 6.0e+01 6.0e+01 6.0e+01 6.0e+01
 6.0e+01 6.0e+01 6.0e+01 6.0e+01 6.0e+01 6.0e+01 6.0e+01 6.0e+01 6.0e+01
 6.0e+01 6.0e+01 6.0e+01 6.0e+01 6.0e+01 6.0e+01 6.0e+01 6.0e+01 6.0e+01
 6.0e+01 6.0e+01 6.0e+01 6.0e+01 6.0e+01 6.0e+01 6.0e+01 6.0e+01 6.0e+01
 6.0e+01 6.0e+01 6.0e+01 6.0e+01 6.0e+01 6.0e+01 6.0e+01 6.0e+01 6.0e+01
 6.0e+01 6.0e+01 6.0e+01 6.0e+01 6.0e+01 6.0e+01 6.0e+01 6.0e+01 6.0e+01
 6.0e+01 6.0e+01 6.0e+01 6.0e+01 6.0e+01 6.0e+01 6.0e+01 6.0e+01 6.0e+01
 6.0e+01 6.0e+01 6.0e+01 6.0e+01 6.0e+01 6.0e+01 6.0e+01 6.0e+01 6.0e+01
 6.0e+01 6.0e+01 6.0e+01 6.0e+01 6.0e+01 6.0e+01 6.0e+01 6.0e+01 6.0e+01
 6.0e+01 6.0e+01 6.0e+01 6.0e+01 6.0e+01 6.0e+01 6.0e+01 6.0e+01 6.0e+01
 6.0e+01 6.0e+01 6.0e+01 6.0e+01 6.0e+01 6.0e+01 6.0e+01 6.0e+01 6.0e+01
 6.0e+01 6.0e+01 6.0e+01 6.0e+01 6.0e+01 6.0e+01 6.0e+01 6.0e+01 6.0e+01
 6.0e+01 6.0e+01 6.0e+01 6.0e+01 6.0e+01 6.0e+01 6.0e+01 6.0e+01 6.0e+01
 6.0e+01 6.0e+01 6.0e+01 6.0e+01 6.0e+01 6.0e+01 6.0e+01 6.0e+01 6.0e+01
 6.0e+01 6.0e+01 6.0e+01 6.0e+01 6.0e+01 6.0e+01 6.0e+01 6.0e+01 6.0e+01
 6.0e+01 6.0e+01 6.0e+01 6.0e+01 6.0e+01 6.0e+01 6.0e+01 6.0e+01 6.0e+01
 6.0e+01 6.0e+01 6.0e+01 6.0e+01 6.0e+01 6.0e+01 6.0e+01 6.0e+01 6.0e+01
 6.0e+01 6.0e+01 6.0e+01 6.0e+01 6.0e+01 6.0e+01 6.0e+01 6.0e+01 6.0e+01
 6.0e+01 6.0e+01 6.0e+01 6.0e+01 6.0e+01 6.0e+01 6.0e+01 6.0e+01 6.0e+01
 6.0e+01 6.0e+01 6.0e+01 6.0e+01 6.0e+01 6.0e+01 6.0e+01 6.0e+01 6.0e+01
 6.0e+01 6.0e+01 6.0e+01 6.0e+01 6.0e+01 6.0e+01 6.0e+01 6.0e+01 6.0e+01
 6.0e+01 6.0e+01 6.0e+01 6.0e+01 6.0e+01 6.0e+01 6.0e+01 6.0e+01 6.0e+01
 6.0e+01 6.0e+01 6.0e+01 6.0e+01 6.0e+01 6.0e+01 6.0e+01 6.0e+01 6.0e+01
 6.0e+01 6.0e+01 6.0e+01 6.0e+01 6.0e+01 6.0e+01 6.0e+01 6.0e+01 6.0e+01
 6.0e+01 6.0e+01 6.0e+01 6.0e+01 6.0e+01 6.0e+01 6.0e+01 6.0e+01 6.0e+01
 6.0e+01 6.0e+01 6.0e+01 6.0e+01 6.0e+01 6.0e+01 6.0e+01 6.0e+01 6.0e+01
 6.0e+01 6.0e+01 6.0e+01 6.0e+01 6.0e+01 6.0e+01 6.0e+01 6.0e+01 6.0e+01
 6.0e+01 6.0e+01 6.0e+01 6.0e+01 6.0e+01 6.0e+01 6.0e+01 6.0e+01 6.0e+01
 6.0e+01 6.0e+01 6.0e+01 6.0e+01 6.0e+01 6.0e+01 6.0e+01 6.0e+01 6.0e+01
 6.0e+01 6.0e+01 6.0e+01 6.0e+01 6.0e+01 6.0e+01 6.0e+01 6.0e+01 6.0e+01
 6.0e+01]
step_ratio_vec:,[0.1 0.1 0.1 0.1 0.1 0.1 0.1 0.1 0.1 0.1 0.1 0.1 0.1 0.1 0.1 0.1 0.1 0.1
 0.1 0.1 0.1 0.1 0.1 0.1 0.1 0.1 0.1 0.1 0.1 0.1 0.1 0.1 0.1 0.1 0.1 0.1
 0.1 0.1 0.1 0.1 0.1 0.1 0.1 0.1 0.1 0.1 0.1 0.1 0.1 0.1 0.1 0.1 0.1 0.1
 0.1 0.1 0.1 0.1 0.1 0.1 0.1 0.1 0.1 0.1 0.1 0.1 0.1 0.1 0.1 0.1 0.1 0.1
 0.1 0.1 0.1 0.1 0.1 0.1 0.1 0.1 0.1 0.1 0.1 0.1 0.1 0.1 0.1 0.1 0.1 0.1
 0.1 0.1 0.1 0.1 0.1 0.1 0.1 0.1 0.1 0.1 0.1 0.1 0.1 0.1 0.1 0.1 0.1 0.1
 0.1 0.1 0.1 0.1 0.1 0.1 0.1 0.1 0.1 0.1 0.1 0.1 0.1 0.1 0.1 0.1 0.1 0.1
 0.1 0.1 0.1 0.1 0.1 0.1 0.1 0.1 0.1 0.1 0.1 0.1 0.1 0.1 0.1 0.1 0.1 0.1
 0.1 0.1 0.1 0.1 0.1 0.1 0.1 0.1 0.1 0.1 0.1 0.1 0.1 0.1 0.1 0.1 0.1 0.1
 0.1 0.1 0.1 0.1 0.1 0.1 0.1 0.1 0.1 0.1 0.1 0.1 0.1 0.1 0.1 0.1 0.1 0.1
 0.1 0.1 0.1 0.1 0.1 0.1 0.1 0.1 0.1 0.1 0.1 0.1 0.1 0.1 0.1 0.1 0.1 0.1
 0.1 0.1 0.1 0.1 0.1 0.1 0.1 0.1 0.1 0.1 0.1 0.1 0.1 0.1 0.1 0.1 0.1 0.1
 0.1 0.1 0.1 0.1 0.1 0.1 0.1 0.1 0.1 0.1 0.1 0.1 0.1 0.1 0.1 0.1 0.1 0.1
 0.1 0.1 0.1 0.1 0.1 0.1 0.1 0.1 0.1 0.1 0.1 0.1 0.1 0.1 0.1 0.1 0.1 0.1
 0.1 0.1 0.1 0.1 0.1 0.1 0.1 0.1 0.1 0.1 0.1 0.1 0.1 0.1 0.1 0.1 0.1 0.1
 0.1 0.1 0.1 0.1 0.1 0.1 0.1 0.1 0.1 0.1 0.1 0.1 0.1 0.1 0.1 0.1 0.1 0.1
 0.1 0.1 0.1 0.1 0.1 0.1 0.1 0.1 0.1 0.1 0.1 0.1 0.1 0.1 0.1 0.1 0.1 0.1
 0.1 0.1 0.1 0.1 0.1 0.1 0.1 0.1 0.1 0.1 0.1 0.1 0.1 0.1 0.1 0.1 0.1 0.1
 0.1 0.1 0.1 0.1 0.1 0.1 0.1 0.1 0.1 0.1 0.1 0.1 0.1 0.1 0.1 0.1 0.1 0.1
 0.1 0.1 0.1 0.1 0.1 0.1 0.1 0.1 0.1 0.1 0.1 0.1 0.1 0.1 0.1 0.1 0.1 0.1
 0.1 0.1 0.1 0.1 0.1 0.1 0.1 0.1 0.1 0.1 0.1 0.1 0.1 0.1 0.1 0.1 0.1 0.1
 0.1 0.1 0.1 0.1 0.1 0.1 0.1 0.1 0.1 0.1 0.1 0.1 0.1 0.1 0.1 0.1 0.1 0.1
 0.1 0.1 0.1 0.1 0.1 0.1 0.1 0.1 0.1 0.1 0.1 0.1 0.1 0.1 0.1 0.1 0.1 0.1
 0.1]
swap interval:,100
sim interval:,[-1.1175e+08 -7.4500e+07 -3.7250e+07  0.0000e+00]
likelihood_sed (T/F):,True
erodep_coords:,[[ 0  3]
 [42 94]
 [42 95]
 ...
 [96 78]
 [96 79]
 [96 80]]
sed scaling factor:,50
samples_per_chain:,12
burnin:,0.25
num params:,415
initial_proposed_vec:,[ 1.21314953e+00  1.18686520e+00  8.61908089e-01  1.13817957e+00
  8.38085359e-07  5.23073770e-01  8.33017400e-01  5.34030780e-03
  9.00045371e-04  9.46884003e-04  4.72866105e-01  5.08294157e+00
  2.40013017e+04  5.59543833e+00  5.93893630e-03  1.02425055e+02
 -1.74722479e+02 -6.13519812e+01  2.33054898e+02  1.49019064e+02
 -2.52456833e+01  2.03002396e+02 -1.69670348e+02  1.10359913e+02
 -1.12854014e+02 -1.98683656e+02 -2.23009507e+01 -2.65658215e+02
  6.42965134e+00 -6.62602122e+00 -8.33794547e+01  3.60996773e+01
 -2.93438945e+02 -1.09229344e+02  2.35996852e+01 -7.90353390e+01
  1.49541353e+02  1.64561790e+02 -7.93219420e+01  2.05122526e+02
  2.51101716e+02  1.75983643e+02 -5.51212805e+01  7.86275792e+01
  2.42982208e+01 -1.97424913e+02  2.76393711e+02  1.17242102e+02
 -2.52126040e+02 -2.62387878e+02 -1.59578310e+02  1.74236203e+02
  7.92578982e+01 -1.47175939e+02  1.08442123e+02 -2.76129014e+02
  1.01444271e+02  2.20162600e+02 -1.57606102e+02  1.87576464e+02
 -2.09951259e+02  2.08557599e+02  2.58111487e+02 -9.62362343e+01
 -5.49221980e+01 -6.54421485e+00  1.53541067e+02 -1.20210504e+02
  6.55008575e+01 -1.58616422e+02 -1.50717761e+02 -1.86051283e+02
  1.14452120e+02 -2.81286774e+02  5.56699306e+01 -8.20005014e+01
 -3.41499718e+01 -2.40620224e+02  1.38306624e+02  5.53352160e+01
 -2.56366173e+02  1.71968869e+02 -1.96589986e+02 -1.26881653e+02
 -5.78297844e+01  3.68419864e+01 -2.06505409e+02 -1.60774270e+02
 -2.48373974e+02 -2.27483329e+02 -7.71596632e+01 -7.04792082e+01
  1.05058640e+02 -2.78562149e+02 -2.97051945e+02 -1.79255277e+02
  1.20385480e+02  2.56115829e+02  1.34681191e+02  1.11712229e+02
 -9.71436895e+01  1.26672108e+02 -1.80453740e+02 -2.25203121e+02
 -1.57642568e+02  1.33043068e+02 -1.71600629e+02 -7.14060974e+01
 -2.91921189e+02  2.28430416e+02  1.20672276e+02  7.38912715e+01
  1.72340218e+02  6.91004131e+01 -4.55350088e+01 -2.26220227e+02
 -3.95364593e+01  2.03985361e+02  1.84070894e+02 -1.59080538e+02
 -2.28131769e+02 -2.84930639e+02  2.59117850e+02  8.08011450e+00
 -2.77481335e+02 -2.16390826e+02 -1.28176560e+02 -3.62490490e+01
  2.61873560e+02  9.51850769e+01  4.30776690e+01 -1.25367407e+02
 -2.61061593e+01 -1.49603013e+02  8.42102085e+00 -2.99134358e+02
  2.32178943e+01 -2.39377004e+02  1.15835777e+02 -2.68195398e+02
 -2.14941704e+02  8.98758298e+00 -1.22256612e+02 -1.35487082e+02
  7.51820905e+01  2.66465673e+02 -5.40535279e+01 -4.96853809e+01
  3.89811520e+00  1.07978664e+02  4.14029371e+01  1.27892350e+02
 -1.17414158e+02  1.52813655e+02  6.10059753e+01 -3.22679083e+01
  1.56817183e+02 -2.05493681e+02  1.22516654e+02 -9.24169934e+01
 -4.68388363e+01 -2.94313678e+01  4.71690272e+01  2.50022107e+02
 -6.76308984e+01  2.56384106e+01  1.11276841e+02 -2.96458330e+02
 -1.42086061e+02  2.65311322e+02 -2.24058755e+02 -1.00478284e+02
  6.60008226e+01 -1.29483404e+02 -2.33086651e+02 -2.20063627e+01
 -1.28549298e+02 -3.74110425e+00 -1.13315499e+02 -2.06116947e+02
  3.56083633e+01  2.26642781e+02  2.14336526e+02 -2.97207380e+02
  1.12377587e+02  1.12017158e+02 -5.17566917e+01 -2.26190935e+02
 -2.21996586e+02 -1.08590102e+02  4.54977885e+01 -2.83205987e+02
  1.43500767e+02 -2.60964464e+02 -1.93859895e+02 -1.35563954e+02
  2.61407784e+00  1.20309052e+02  1.20707286e+02  3.60678210e+01
  3.58293970e+01 -2.06256507e+02 -1.66564766e+02 -7.08551829e+00
 -2.41450134e+02  1.96209928e+02  2.96436078e+02 -2.34276658e+02
 -2.92770878e+01  1.22927856e+01  9.58277420e+01 -2.83804872e+02
 -1.53244540e+02 -4.00966371e+01  5.65502866e+01 -1.78731997e+02
  3.86520028e+01  9.01941846e+01  1.78669466e+02  7.18056719e+01
  2.66590529e+01 -1.97349392e+02 -2.34901154e+02  2.52229036e+02
 -1.21644297e+02 -1.80622182e+02  1.19362938e+02  1.33125317e+02
  2.70591653e+02  1.92056096e+02 -1.29346516e+02 -6.87475739e+01
  2.10126386e+02  2.88525327e+02  4.50894288e+01  4.85832882e+00
  2.53745515e+02 -2.01213392e+02  2.92200675e+02  3.65785091e+01
 -1.45132132e+01  1.90025262e+02  1.22193739e+01  2.37684644e+02
  1.47657097e+02 -1.19552668e+02 -1.46934394e+01  5.68047389e+01
 -1.09694794e+02  2.50744480e+02 -3.36898427e+01  6.37840719e+01
  9.44164774e+01  2.38946153e+02 -2.97135400e+02  9.11135722e+01
 -2.58862434e+02  2.26689647e+02 -1.97493231e+02  1.35040882e+02
  2.50484376e+02 -2.50693717e+01 -7.20116524e+01  1.07047096e+02
  2.09490868e+02 -1.03778836e+01  4.47116698e+01 -2.87468877e+02
  1.33861881e+02  2.73847520e+02  2.19276446e+02  2.05581019e+02
 -2.51627669e+01 -1.80782351e+02  8.20167840e+01  1.32894218e+02
 -1.76927514e+02  1.86029848e+02  2.76922074e+02 -2.86726554e+02
  1.34950118e+02  2.79510560e+02  5.03237902e+01  1.04656277e+01
  1.87413925e+02  6.68789005e+01 -4.25068388e+01  9.19364508e+01
  1.10288618e+02  1.03001815e+02 -1.48588926e+02  2.99723205e+02
  1.83231699e+02 -9.11983938e+01  1.91598402e+02  7.99646657e+01
  1.70708304e+02  2.63234116e+02 -2.50274832e+02 -2.31068170e+02
 -1.90134191e+02 -1.12602032e+02 -1.91064755e+02 -1.83792925e+02
 -2.41731846e+02  2.25130537e+02  2.63707270e+02  6.22647743e+01
  1.54276866e+02 -2.69922510e+02  8.96612083e+01 -4.31198586e+01
 -2.72151302e+02 -1.67865501e+02  1.60382664e+02  4.58735989e+00
 -1.41039844e+02 -7.07692544e+01  1.36981154e+02 -5.08209101e+01
  2.09632703e+01  9.91454469e+01  5.97614586e+01  2.23438962e+02
  3.58349069e+00 -2.78525807e+02  3.67365826e+01  9.52070123e+01
 -1.13250976e+02  2.72795719e+02  1.98153998e+02  1.62030673e+02
 -2.91317941e+02 -1.52069457e+02 -7.13335081e+01 -1.77401910e+02
 -3.31805428e+01 -1.33679705e+02 -2.86879992e+02  1.62518934e+01
  1.43912738e+02  1.30527613e+02  2.94717955e+02  1.71360748e+02
 -1.66638272e+02  2.01197666e+02  3.45042482e+00  2.26924862e+02
 -1.10418426e+02  1.36338833e+02  2.41655550e+02 -1.19891407e+02
 -5.62679269e+01 -1.87706592e+02  4.93767961e+00  2.33234261e+02
 -1.22164269e+01  1.04239477e+02  1.58636924e+02 -4.03365685e+01
  7.92362999e+01  3.65751473e+00 -1.51964268e+02  2.72064721e+02
 -1.55808653e+02 -1.47396474e+02 -9.53447677e+01  1.90221005e+01
  4.66339537e+01 -1.93760523e+02 -1.77551650e+02 -2.60053380e+02
  2.14018534e+01  1.29941655e+02 -2.77616562e+02 -1.44377395e+02
  2.28277932e+02  7.95460659e+01 -1.45730795e+02 -2.38977688e+02
  2.21281138e+02  2.54380211e+02  2.32229816e+02  4.12629659e+01
  1.59967366e+02 -1.07958955e+02  1.91734656e+01 -1.52380655e+02
 -2.07073277e+02  1.53154732e+02  1.31556008e+02  8.78338897e+01
  2.70635743e+02  8.17713330e+01 -2.29686865e+02  2.76866213e+02
 -1.47833563e+02 -7.04544491e+01 -5.12435531e+01 -1.79455988e+02
  5.08693022e+01  1.90755247e+02 -1.55906670e+02 -2.28342876e+02
  2.08778774e+02  2.31764716e+02  2.35996827e+02  1.94946544e+01
 -2.84337861e+02  2.03689868e+01  4.99031436e+01 -6.18466244e+01
 -2.40490690e+02  4.71638300e+01  1.47144633e+02]
stepsize_vec:,[5.0e-02 5.0e-02 5.0e-02 5.0e-02 4.0e-08 5.0e-03 4.0e-02 3.0e-04 1.2e-04
 4.0e-05 2.0e-02 2.0e-01 1.0e-01 2.0e-01 1.5e-03 6.0e+01 6.0e+01 6.0e+01
 6.0e+01 6.0e+01 6.0e+01 6.0e+01 6.0e+01 6.0e+01 6.0e+01 6.0e+01 6.0e+01
 6.0e+01 6.0e+01 6.0e+01 6.0e+01 6.0e+01 6.0e+01 6.0e+01 6.0e+01 6.0e+01
 6.0e+01 6.0e+01 6.0e+01 6.0e+01 6.0e+01 6.0e+01 6.0e+01 6.0e+01 6.0e+01
 6.0e+01 6.0e+01 6.0e+01 6.0e+01 6.0e+01 6.0e+01 6.0e+01 6.0e+01 6.0e+01
 6.0e+01 6.0e+01 6.0e+01 6.0e+01 6.0e+01 6.0e+01 6.0e+01 6.0e+01 6.0e+01
 6.0e+01 6.0e+01 6.0e+01 6.0e+01 6.0e+01 6.0e+01 6.0e+01 6.0e+01 6.0e+01
 6.0e+01 6.0e+01 6.0e+01 6.0e+01 6.0e+01 6.0e+01 6.0e+01 6.0e+01 6.0e+01
 6.0e+01 6.0e+01 6.0e+01 6.0e+01 6.0e+01 6.0e+01 6.0e+01 6.0e+01 6.0e+01
 6.0e+01 6.0e+01 6.0e+01 6.0e+01 6.0e+01 6.0e+01 6.0e+01 6.0e+01 6.0e+01
 6.0e+01 6.0e+01 6.0e+01 6.0e+01 6.0e+01 6.0e+01 6.0e+01 6.0e+01 6.0e+01
 6.0e+01 6.0e+01 6.0e+01 6.0e+01 6.0e+01 6.0e+01 6.0e+01 6.0e+01 6.0e+01
 6.0e+01 6.0e+01 6.0e+01 6.0e+01 6.0e+01 6.0e+01 6.0e+01 6.0e+01 6.0e+01
 6.0e+01 6.0e+01 6.0e+01 6.0e+01 6.0e+01 6.0e+01 6.0e+01 6.0e+01 6.0e+01
 6.0e+01 6.0e+01 6.0e+01 6.0e+01 6.0e+01 6.0e+01 6.0e+01 6.0e+01 6.0e+01
 6.0e+01 6.0e+01 6.0e+01 6.0e+01 6.0e+01 6.0e+01 6.0e+01 6.0e+01 6.0e+01
 6.0e+01 6.0e+01 6.0e+01 6.0e+01 6.0e+01 6.0e+01 6.0e+01 6.0e+01 6.0e+01
 6.0e+01 6.0e+01 6.0e+01 6.0e+01 6.0e+01 6.0e+01 6.0e+01 6.0e+01 6.0e+01
 6.0e+01 6.0e+01 6.0e+01 6.0e+01 6.0e+01 6.0e+01 6.0e+01 6.0e+01 6.0e+01
 6.0e+01 6.0e+01 6.0e+01 6.0e+01 6.0e+01 6.0e+01 6.0e+01 6.0e+01 6.0e+01
 6.0e+01 6.0e+01 6.0e+01 6.0e+01 6.0e+01 6.0e+01 6.0e+01 6.0e+01 6.0e+01
 6.0e+01 6.0e+01 6.0e+01 6.0e+01 6.0e+01 6.0e+01 6.0e+01 6.0e+01 6.0e+01
 6.0e+01 6.0e+01 6.0e+01 6.0e+01 6.0e+01 6.0e+01 6.0e+01 6.0e+01 6.0e+01
 6.0e+01 6.0e+01 6.0e+01 6.0e+01 6.0e+01 6.0e+01 6.0e+01 6.0e+01 6.0e+01
 6.0e+01 6.0e+01 6.0e+01 6.0e+01 6.0e+01 6.0e+01 6.0e+01 6.0e+01 6.0e+01
 6.0e+01 6.0e+01 6.0e+01 6.0e+01 6.0e+01 6.0e+01 6.0e+01 6.0e+01 6.0e+01
 6.0e+01 6.0e+01 6.0e+01 6.0e+01 6.0e+01 6.0e+01 6.0e+01 6.0e+01 6.0e+01
 6.0e+01 6.0e+01 6.0e+01 6.0e+01 6.0e+01 6.0e+01 6.0e+01 6.0e+01 6.0e+01
 6.0e+01 6.0e+01 6.0e+01 6.0e+01 6.0e+01 6.0e+01 6.0e+01 6.0e+01 6.0e+01
 6.0e+01 6.0e+01 6.0e+01 6.0e+01 6.0e+01 6.0e+01 6.0e+01 6.0e+01 6.0e+01
 6.0e+01 6.0e+01 6.0e+01 6.0e+01 6.0e+01 6.0e+01 6.0e+01 6.0e+01 6.0e+01
 6.0e+01 6.0e+01 6.0e+01 6.0e+01 6.0e+01 6.0e+01 6.0e+01 6.0e+01 6.0e+01
 6.0e+01 6.0e+01 6.0e+01 6.0e+01 6.0e+01 6.0e+01 6.0e+01 6.0e+01 6.0e+01
 6.0e+01 6.0e+01 6.0e+01 6.0e+01 6.0e+01 6.0e+01 6.0e+01 6.0e+01 6.0e+01
 6.0e+01 6.0e+01 6.0e+01 6.0e+01 6.0e+01 6.0e+01 6.0e+01 6.0e+01 6.0e+01
 6.0e+01 6.0e+01 6.0e+01 6.0e+01 6.0e+01 6.0e+01 6.0e+01 6.0e+01 6.0e+01
 6.0e+01 6.0e+01 6.0e+01 6.0e+01 6.0e+01 6.0e+01 6.0e+01 6.0e+01 6.0e+01
 6.0e+01 6.0e+01 6.0e+01 6.0e+01 6.0e+01 6.0e+01 6.0e+01 6.0e+01 6.0e+01
 6.0e+01 6.0e+01 6.0e+01 6.0e+01 6.0e+01 6.0e+01 6.0e+01 6.0e+01 6.0e+01
 6.0e+01 6.0e+01 6.0e+01 6.0e+01 6.0e+01 6.0e+01 6.0e+01 6.0e+01 6.0e+01
 6.0e+01 6.0e+01 6.0e+01 6.0e+01 6.0e+01 6.0e+01 6.0e+01 6.0e+01 6.0e+01
 6.0e+01 6.0e+01 6.0e+01 6.0e+01 6.0e+01 6.0e+01 6.0e+01 6.0e+01 6.0e+01
 6.0e+01 6.0e+01 6.0e+01 6.0e+01 6.0e+01 6.0e+01 6.0e+01 6.0e+01 6.0e+01
 6.0e+01 6.0e+01 6.0e+01 6.0e+01 6.0e+01 6.0e+01 6.0e+01 6.0e+01 6.0e+01
 6.0e+01 6.0e+01 6.0e+01 6.0e+01 6.0e+01 6.0e+01 6.0e+01 6.0e+01 6.0e+01
 6.0e+01]
step_ratio_vec:,[0.1 0.1 0.1 0.1 0.1 0.1 0.1 0.1 0.1 0.1 0.1 0.1 0.1 0.1 0.1 0.1 0.1 0.1
 0.1 0.1 0.1 0.1 0.1 0.1 0.1 0.1 0.1 0.1 0.1 0.1 0.1 0.1 0.1 0.1 0.1 0.1
 0.1 0.1 0.1 0.1 0.1 0.1 0.1 0.1 0.1 0.1 0.1 0.1 0.1 0.1 0.1 0.1 0.1 0.1
 0.1 0.1 0.1 0.1 0.1 0.1 0.1 0.1 0.1 0.1 0.1 0.1 0.1 0.1 0.1 0.1 0.1 0.1
 0.1 0.1 0.1 0.1 0.1 0.1 0.1 0.1 0.1 0.1 0.1 0.1 0.1 0.1 0.1 0.1 0.1 0.1
 0.1 0.1 0.1 0.1 0.1 0.1 0.1 0.1 0.1 0.1 0.1 0.1 0.1 0.1 0.1 0.1 0.1 0.1
 0.1 0.1 0.1 0.1 0.1 0.1 0.1 0.1 0.1 0.1 0.1 0.1 0.1 0.1 0.1 0.1 0.1 0.1
 0.1 0.1 0.1 0.1 0.1 0.1 0.1 0.1 0.1 0.1 0.1 0.1 0.1 0.1 0.1 0.1 0.1 0.1
 0.1 0.1 0.1 0.1 0.1 0.1 0.1 0.1 0.1 0.1 0.1 0.1 0.1 0.1 0.1 0.1 0.1 0.1
 0.1 0.1 0.1 0.1 0.1 0.1 0.1 0.1 0.1 0.1 0.1 0.1 0.1 0.1 0.1 0.1 0.1 0.1
 0.1 0.1 0.1 0.1 0.1 0.1 0.1 0.1 0.1 0.1 0.1 0.1 0.1 0.1 0.1 0.1 0.1 0.1
 0.1 0.1 0.1 0.1 0.1 0.1 0.1 0.1 0.1 0.1 0.1 0.1 0.1 0.1 0.1 0.1 0.1 0.1
 0.1 0.1 0.1 0.1 0.1 0.1 0.1 0.1 0.1 0.1 0.1 0.1 0.1 0.1 0.1 0.1 0.1 0.1
 0.1 0.1 0.1 0.1 0.1 0.1 0.1 0.1 0.1 0.1 0.1 0.1 0.1 0.1 0.1 0.1 0.1 0.1
 0.1 0.1 0.1 0.1 0.1 0.1 0.1 0.1 0.1 0.1 0.1 0.1 0.1 0.1 0.1 0.1 0.1 0.1
 0.1 0.1 0.1 0.1 0.1 0.1 0.1 0.1 0.1 0.1 0.1 0.1 0.1 0.1 0.1 0.1 0.1 0.1
 0.1 0.1 0.1 0.1 0.1 0.1 0.1 0.1 0.1 0.1 0.1 0.1 0.1 0.1 0.1 0.1 0.1 0.1
 0.1 0.1 0.1 0.1 0.1 0.1 0.1 0.1 0.1 0.1 0.1 0.1 0.1 0.1 0.1 0.1 0.1 0.1
 0.1 0.1 0.1 0.1 0.1 0.1 0.1 0.1 0.1 0.1 0.1 0.1 0.1 0.1 0.1 0.1 0.1 0.1
 0.1 0.1 0.1 0.1 0.1 0.1 0.1 0.1 0.1 0.1 0.1 0.1 0.1 0.1 0.1 0.1 0.1 0.1
 0.1 0.1 0.1 0.1 0.1 0.1 0.1 0.1 0.1 0.1 0.1 0.1 0.1 0.1 0.1 0.1 0.1 0.1
 0.1 0.1 0.1 0.1 0.1 0.1 0.1 0.1 0.1 0.1 0.1 0.1 0.1 0.1 0.1 0.1 0.1 0.1
 0.1 0.1 0.1 0.1 0.1 0.1 0.1 0.1 0.1 0.1 0.1 0.1 0.1 0.1 0.1 0.1 0.1 0.1
 0.1]
swap interval:,100
sim interval:,[-1.1175e+08 -7.4500e+07 -3.7250e+07  0.0000e+00]
likelihood_sed (T/F):,True
erodep_coords:,[[ 0  3]
 [42 94]
 [42 95]
 ...
 [96 78]
 [96 79]
 [96 80]]
sed scaling factor:,50
samples_per_chain:,12
burnin:,0.25
num params:,415
initial_proposed_vec:,[ 1.21314953e+00  1.18686520e+00  8.61908089e-01  1.13817957e+00
  8.38085359e-07  5.23073770e-01  8.33017400e-01  5.34030780e-03
  9.00045371e-04  9.46884003e-04  4.72866105e-01  5.08294157e+00
  2.40013017e+04  5.59543833e+00  5.93893630e-03  1.02425055e+02
 -1.74722479e+02 -6.13519812e+01  2.33054898e+02  1.49019064e+02
 -2.52456833e+01  2.03002396e+02 -1.69670348e+02  1.10359913e+02
 -1.12854014e+02 -1.98683656e+02 -2.23009507e+01 -2.65658215e+02
  6.42965134e+00 -6.62602122e+00 -8.33794547e+01  3.60996773e+01
 -2.93438945e+02 -1.09229344e+02  2.35996852e+01 -7.90353390e+01
  1.49541353e+02  1.64561790e+02 -7.93219420e+01  2.05122526e+02
  2.51101716e+02  1.75983643e+02 -5.51212805e+01  7.86275792e+01
  2.42982208e+01 -1.97424913e+02  2.76393711e+02  1.17242102e+02
 -2.52126040e+02 -2.62387878e+02 -1.59578310e+02  1.74236203e+02
  7.92578982e+01 -1.47175939e+02  1.08442123e+02 -2.76129014e+02
  1.01444271e+02  2.20162600e+02 -1.57606102e+02  1.87576464e+02
 -2.09951259e+02  2.08557599e+02  2.58111487e+02 -9.62362343e+01
 -5.49221980e+01 -6.54421485e+00  1.53541067e+02 -1.20210504e+02
  6.55008575e+01 -1.58616422e+02 -1.50717761e+02 -1.86051283e+02
  1.14452120e+02 -2.81286774e+02  5.56699306e+01 -8.20005014e+01
 -3.41499718e+01 -2.40620224e+02  1.38306624e+02  5.53352160e+01
 -2.56366173e+02  1.71968869e+02 -1.96589986e+02 -1.26881653e+02
 -5.78297844e+01  3.68419864e+01 -2.06505409e+02 -1.60774270e+02
 -2.48373974e+02 -2.27483329e+02 -7.71596632e+01 -7.04792082e+01
  1.05058640e+02 -2.78562149e+02 -2.97051945e+02 -1.79255277e+02
  1.20385480e+02  2.56115829e+02  1.34681191e+02  1.11712229e+02
 -9.71436895e+01  1.26672108e+02 -1.80453740e+02 -2.25203121e+02
 -1.57642568e+02  1.33043068e+02 -1.71600629e+02 -7.14060974e+01
 -2.91921189e+02  2.28430416e+02  1.20672276e+02  7.38912715e+01
  1.72340218e+02  6.91004131e+01 -4.55350088e+01 -2.26220227e+02
 -3.95364593e+01  2.03985361e+02  1.84070894e+02 -1.59080538e+02
 -2.28131769e+02 -2.84930639e+02  2.59117850e+02  8.08011450e+00
 -2.77481335e+02 -2.16390826e+02 -1.28176560e+02 -3.62490490e+01
  2.61873560e+02  9.51850769e+01  4.30776690e+01 -1.25367407e+02
 -2.61061593e+01 -1.49603013e+02  8.42102085e+00 -2.99134358e+02
  2.32178943e+01 -2.39377004e+02  1.15835777e+02 -2.68195398e+02
 -2.14941704e+02  8.98758298e+00 -1.22256612e+02 -1.35487082e+02
  7.51820905e+01  2.66465673e+02 -5.40535279e+01 -4.96853809e+01
  3.89811520e+00  1.07978664e+02  4.14029371e+01  1.27892350e+02
 -1.17414158e+02  1.52813655e+02  6.10059753e+01 -3.22679083e+01
  1.56817183e+02 -2.05493681e+02  1.22516654e+02 -9.24169934e+01
 -4.68388363e+01 -2.94313678e+01  4.71690272e+01  2.50022107e+02
 -6.76308984e+01  2.56384106e+01  1.11276841e+02 -2.96458330e+02
 -1.42086061e+02  2.65311322e+02 -2.24058755e+02 -1.00478284e+02
  6.60008226e+01 -1.29483404e+02 -2.33086651e+02 -2.20063627e+01
 -1.28549298e+02 -3.74110425e+00 -1.13315499e+02 -2.06116947e+02
  3.56083633e+01  2.26642781e+02  2.14336526e+02 -2.97207380e+02
  1.12377587e+02  1.12017158e+02 -5.17566917e+01 -2.26190935e+02
 -2.21996586e+02 -1.08590102e+02  4.54977885e+01 -2.83205987e+02
  1.43500767e+02 -2.60964464e+02 -1.93859895e+02 -1.35563954e+02
  2.61407784e+00  1.20309052e+02  1.20707286e+02  3.60678210e+01
  3.58293970e+01 -2.06256507e+02 -1.66564766e+02 -7.08551829e+00
 -2.41450134e+02  1.96209928e+02  2.96436078e+02 -2.34276658e+02
 -2.92770878e+01  1.22927856e+01  9.58277420e+01 -2.83804872e+02
 -1.53244540e+02 -4.00966371e+01  5.65502866e+01 -1.78731997e+02
  3.86520028e+01  9.01941846e+01  1.78669466e+02  7.18056719e+01
  2.66590529e+01 -1.97349392e+02 -2.34901154e+02  2.52229036e+02
 -1.21644297e+02 -1.80622182e+02  1.19362938e+02  1.33125317e+02
  2.70591653e+02  1.92056096e+02 -1.29346516e+02 -6.87475739e+01
  2.10126386e+02  2.88525327e+02  4.50894288e+01  4.85832882e+00
  2.53745515e+02 -2.01213392e+02  2.92200675e+02  3.65785091e+01
 -1.45132132e+01  1.90025262e+02  1.22193739e+01  2.37684644e+02
  1.47657097e+02 -1.19552668e+02 -1.46934394e+01  5.68047389e+01
 -1.09694794e+02  2.50744480e+02 -3.36898427e+01  6.37840719e+01
  9.44164774e+01  2.38946153e+02 -2.97135400e+02  9.11135722e+01
 -2.58862434e+02  2.26689647e+02 -1.97493231e+02  1.35040882e+02
  2.50484376e+02 -2.50693717e+01 -7.20116524e+01  1.07047096e+02
  2.09490868e+02 -1.03778836e+01  4.47116698e+01 -2.87468877e+02
  1.33861881e+02  2.73847520e+02  2.19276446e+02  2.05581019e+02
 -2.51627669e+01 -1.80782351e+02  8.20167840e+01  1.32894218e+02
 -1.76927514e+02  1.86029848e+02  2.76922074e+02 -2.86726554e+02
  1.34950118e+02  2.79510560e+02  5.03237902e+01  1.04656277e+01
  1.87413925e+02  6.68789005e+01 -4.25068388e+01  9.19364508e+01
  1.10288618e+02  1.03001815e+02 -1.48588926e+02  2.99723205e+02
  1.83231699e+02 -9.11983938e+01  1.91598402e+02  7.99646657e+01
  1.70708304e+02  2.63234116e+02 -2.50274832e+02 -2.31068170e+02
 -1.90134191e+02 -1.12602032e+02 -1.91064755e+02 -1.83792925e+02
 -2.41731846e+02  2.25130537e+02  2.63707270e+02  6.22647743e+01
  1.54276866e+02 -2.69922510e+02  8.96612083e+01 -4.31198586e+01
 -2.72151302e+02 -1.67865501e+02  1.60382664e+02  4.58735989e+00
 -1.41039844e+02 -7.07692544e+01  1.36981154e+02 -5.08209101e+01
  2.09632703e+01  9.91454469e+01  5.97614586e+01  2.23438962e+02
  3.58349069e+00 -2.78525807e+02  3.67365826e+01  9.52070123e+01
 -1.13250976e+02  2.72795719e+02  1.98153998e+02  1.62030673e+02
 -2.91317941e+02 -1.52069457e+02 -7.13335081e+01 -1.77401910e+02
 -3.31805428e+01 -1.33679705e+02 -2.86879992e+02  1.62518934e+01
  1.43912738e+02  1.30527613e+02  2.94717955e+02  1.71360748e+02
 -1.66638272e+02  2.01197666e+02  3.45042482e+00  2.26924862e+02
 -1.10418426e+02  1.36338833e+02  2.41655550e+02 -1.19891407e+02
 -5.62679269e+01 -1.87706592e+02  4.93767961e+00  2.33234261e+02
 -1.22164269e+01  1.04239477e+02  1.58636924e+02 -4.03365685e+01
  7.92362999e+01  3.65751473e+00 -1.51964268e+02  2.72064721e+02
 -1.55808653e+02 -1.47396474e+02 -9.53447677e+01  1.90221005e+01
  4.66339537e+01 -1.93760523e+02 -1.77551650e+02 -2.60053380e+02
  2.14018534e+01  1.29941655e+02 -2.77616562e+02 -1.44377395e+02
  2.28277932e+02  7.95460659e+01 -1.45730795e+02 -2.38977688e+02
  2.21281138e+02  2.54380211e+02  2.32229816e+02  4.12629659e+01
  1.59967366e+02 -1.07958955e+02  1.91734656e+01 -1.52380655e+02
 -2.07073277e+02  1.53154732e+02  1.31556008e+02  8.78338897e+01
  2.70635743e+02  8.17713330e+01 -2.29686865e+02  2.76866213e+02
 -1.47833563e+02 -7.04544491e+01 -5.12435531e+01 -1.79455988e+02
  5.08693022e+01  1.90755247e+02 -1.55906670e+02 -2.28342876e+02
  2.08778774e+02  2.31764716e+02  2.35996827e+02  1.94946544e+01
 -2.84337861e+02  2.03689868e+01  4.99031436e+01 -6.18466244e+01
 -2.40490690e+02  4.71638300e+01  1.47144633e+02]
stepsize_vec:,[5.0e-02 5.0e-02 5.0e-02 5.0e-02 4.0e-08 5.0e-03 4.0e-02 3.0e-04 1.2e-04
 4.0e-05 2.0e-02 2.0e-01 1.0e-01 2.0e-01 1.5e-03 6.0e+01 6.0e+01 6.0e+01
 6.0e+01 6.0e+01 6.0e+01 6.0e+01 6.0e+01 6.0e+01 6.0e+01 6.0e+01 6.0e+01
 6.0e+01 6.0e+01 6.0e+01 6.0e+01 6.0e+01 6.0e+01 6.0e+01 6.0e+01 6.0e+01
 6.0e+01 6.0e+01 6.0e+01 6.0e+01 6.0e+01 6.0e+01 6.0e+01 6.0e+01 6.0e+01
 6.0e+01 6.0e+01 6.0e+01 6.0e+01 6.0e+01 6.0e+01 6.0e+01 6.0e+01 6.0e+01
 6.0e+01 6.0e+01 6.0e+01 6.0e+01 6.0e+01 6.0e+01 6.0e+01 6.0e+01 6.0e+01
 6.0e+01 6.0e+01 6.0e+01 6.0e+01 6.0e+01 6.0e+01 6.0e+01 6.0e+01 6.0e+01
 6.0e+01 6.0e+01 6.0e+01 6.0e+01 6.0e+01 6.0e+01 6.0e+01 6.0e+01 6.0e+01
 6.0e+01 6.0e+01 6.0e+01 6.0e+01 6.0e+01 6.0e+01 6.0e+01 6.0e+01 6.0e+01
 6.0e+01 6.0e+01 6.0e+01 6.0e+01 6.0e+01 6.0e+01 6.0e+01 6.0e+01 6.0e+01
 6.0e+01 6.0e+01 6.0e+01 6.0e+01 6.0e+01 6.0e+01 6.0e+01 6.0e+01 6.0e+01
 6.0e+01 6.0e+01 6.0e+01 6.0e+01 6.0e+01 6.0e+01 6.0e+01 6.0e+01 6.0e+01
 6.0e+01 6.0e+01 6.0e+01 6.0e+01 6.0e+01 6.0e+01 6.0e+01 6.0e+01 6.0e+01
 6.0e+01 6.0e+01 6.0e+01 6.0e+01 6.0e+01 6.0e+01 6.0e+01 6.0e+01 6.0e+01
 6.0e+01 6.0e+01 6.0e+01 6.0e+01 6.0e+01 6.0e+01 6.0e+01 6.0e+01 6.0e+01
 6.0e+01 6.0e+01 6.0e+01 6.0e+01 6.0e+01 6.0e+01 6.0e+01 6.0e+01 6.0e+01
 6.0e+01 6.0e+01 6.0e+01 6.0e+01 6.0e+01 6.0e+01 6.0e+01 6.0e+01 6.0e+01
 6.0e+01 6.0e+01 6.0e+01 6.0e+01 6.0e+01 6.0e+01 6.0e+01 6.0e+01 6.0e+01
 6.0e+01 6.0e+01 6.0e+01 6.0e+01 6.0e+01 6.0e+01 6.0e+01 6.0e+01 6.0e+01
 6.0e+01 6.0e+01 6.0e+01 6.0e+01 6.0e+01 6.0e+01 6.0e+01 6.0e+01 6.0e+01
 6.0e+01 6.0e+01 6.0e+01 6.0e+01 6.0e+01 6.0e+01 6.0e+01 6.0e+01 6.0e+01
 6.0e+01 6.0e+01 6.0e+01 6.0e+01 6.0e+01 6.0e+01 6.0e+01 6.0e+01 6.0e+01
 6.0e+01 6.0e+01 6.0e+01 6.0e+01 6.0e+01 6.0e+01 6.0e+01 6.0e+01 6.0e+01
 6.0e+01 6.0e+01 6.0e+01 6.0e+01 6.0e+01 6.0e+01 6.0e+01 6.0e+01 6.0e+01
 6.0e+01 6.0e+01 6.0e+01 6.0e+01 6.0e+01 6.0e+01 6.0e+01 6.0e+01 6.0e+01
 6.0e+01 6.0e+01 6.0e+01 6.0e+01 6.0e+01 6.0e+01 6.0e+01 6.0e+01 6.0e+01
 6.0e+01 6.0e+01 6.0e+01 6.0e+01 6.0e+01 6.0e+01 6.0e+01 6.0e+01 6.0e+01
 6.0e+01 6.0e+01 6.0e+01 6.0e+01 6.0e+01 6.0e+01 6.0e+01 6.0e+01 6.0e+01
 6.0e+01 6.0e+01 6.0e+01 6.0e+01 6.0e+01 6.0e+01 6.0e+01 6.0e+01 6.0e+01
 6.0e+01 6.0e+01 6.0e+01 6.0e+01 6.0e+01 6.0e+01 6.0e+01 6.0e+01 6.0e+01
 6.0e+01 6.0e+01 6.0e+01 6.0e+01 6.0e+01 6.0e+01 6.0e+01 6.0e+01 6.0e+01
 6.0e+01 6.0e+01 6.0e+01 6.0e+01 6.0e+01 6.0e+01 6.0e+01 6.0e+01 6.0e+01
 6.0e+01 6.0e+01 6.0e+01 6.0e+01 6.0e+01 6.0e+01 6.0e+01 6.0e+01 6.0e+01
 6.0e+01 6.0e+01 6.0e+01 6.0e+01 6.0e+01 6.0e+01 6.0e+01 6.0e+01 6.0e+01
 6.0e+01 6.0e+01 6.0e+01 6.0e+01 6.0e+01 6.0e+01 6.0e+01 6.0e+01 6.0e+01
 6.0e+01 6.0e+01 6.0e+01 6.0e+01 6.0e+01 6.0e+01 6.0e+01 6.0e+01 6.0e+01
 6.0e+01 6.0e+01 6.0e+01 6.0e+01 6.0e+01 6.0e+01 6.0e+01 6.0e+01 6.0e+01
 6.0e+01 6.0e+01 6.0e+01 6.0e+01 6.0e+01 6.0e+01 6.0e+01 6.0e+01 6.0e+01
 6.0e+01 6.0e+01 6.0e+01 6.0e+01 6.0e+01 6.0e+01 6.0e+01 6.0e+01 6.0e+01
 6.0e+01 6.0e+01 6.0e+01 6.0e+01 6.0e+01 6.0e+01 6.0e+01 6.0e+01 6.0e+01
 6.0e+01 6.0e+01 6.0e+01 6.0e+01 6.0e+01 6.0e+01 6.0e+01 6.0e+01 6.0e+01
 6.0e+01 6.0e+01 6.0e+01 6.0e+01 6.0e+01 6.0e+01 6.0e+01 6.0e+01 6.0e+01
 6.0e+01 6.0e+01 6.0e+01 6.0e+01 6.0e+01 6.0e+01 6.0e+01 6.0e+01 6.0e+01
 6.0e+01 6.0e+01 6.0e+01 6.0e+01 6.0e+01 6.0e+01 6.0e+01 6.0e+01 6.0e+01
 6.0e+01 6.0e+01 6.0e+01 6.0e+01 6.0e+01 6.0e+01 6.0e+01 6.0e+01 6.0e+01
 6.0e+01]
step_ratio_vec:,[0.1 0.1 0.1 0.1 0.1 0.1 0.1 0.1 0.1 0.1 0.1 0.1 0.1 0.1 0.1 0.1 0.1 0.1
 0.1 0.1 0.1 0.1 0.1 0.1 0.1 0.1 0.1 0.1 0.1 0.1 0.1 0.1 0.1 0.1 0.1 0.1
 0.1 0.1 0.1 0.1 0.1 0.1 0.1 0.1 0.1 0.1 0.1 0.1 0.1 0.1 0.1 0.1 0.1 0.1
 0.1 0.1 0.1 0.1 0.1 0.1 0.1 0.1 0.1 0.1 0.1 0.1 0.1 0.1 0.1 0.1 0.1 0.1
 0.1 0.1 0.1 0.1 0.1 0.1 0.1 0.1 0.1 0.1 0.1 0.1 0.1 0.1 0.1 0.1 0.1 0.1
 0.1 0.1 0.1 0.1 0.1 0.1 0.1 0.1 0.1 0.1 0.1 0.1 0.1 0.1 0.1 0.1 0.1 0.1
 0.1 0.1 0.1 0.1 0.1 0.1 0.1 0.1 0.1 0.1 0.1 0.1 0.1 0.1 0.1 0.1 0.1 0.1
 0.1 0.1 0.1 0.1 0.1 0.1 0.1 0.1 0.1 0.1 0.1 0.1 0.1 0.1 0.1 0.1 0.1 0.1
 0.1 0.1 0.1 0.1 0.1 0.1 0.1 0.1 0.1 0.1 0.1 0.1 0.1 0.1 0.1 0.1 0.1 0.1
 0.1 0.1 0.1 0.1 0.1 0.1 0.1 0.1 0.1 0.1 0.1 0.1 0.1 0.1 0.1 0.1 0.1 0.1
 0.1 0.1 0.1 0.1 0.1 0.1 0.1 0.1 0.1 0.1 0.1 0.1 0.1 0.1 0.1 0.1 0.1 0.1
 0.1 0.1 0.1 0.1 0.1 0.1 0.1 0.1 0.1 0.1 0.1 0.1 0.1 0.1 0.1 0.1 0.1 0.1
 0.1 0.1 0.1 0.1 0.1 0.1 0.1 0.1 0.1 0.1 0.1 0.1 0.1 0.1 0.1 0.1 0.1 0.1
 0.1 0.1 0.1 0.1 0.1 0.1 0.1 0.1 0.1 0.1 0.1 0.1 0.1 0.1 0.1 0.1 0.1 0.1
 0.1 0.1 0.1 0.1 0.1 0.1 0.1 0.1 0.1 0.1 0.1 0.1 0.1 0.1 0.1 0.1 0.1 0.1
 0.1 0.1 0.1 0.1 0.1 0.1 0.1 0.1 0.1 0.1 0.1 0.1 0.1 0.1 0.1 0.1 0.1 0.1
 0.1 0.1 0.1 0.1 0.1 0.1 0.1 0.1 0.1 0.1 0.1 0.1 0.1 0.1 0.1 0.1 0.1 0.1
 0.1 0.1 0.1 0.1 0.1 0.1 0.1 0.1 0.1 0.1 0.1 0.1 0.1 0.1 0.1 0.1 0.1 0.1
 0.1 0.1 0.1 0.1 0.1 0.1 0.1 0.1 0.1 0.1 0.1 0.1 0.1 0.1 0.1 0.1 0.1 0.1
 0.1 0.1 0.1 0.1 0.1 0.1 0.1 0.1 0.1 0.1 0.1 0.1 0.1 0.1 0.1 0.1 0.1 0.1
 0.1 0.1 0.1 0.1 0.1 0.1 0.1 0.1 0.1 0.1 0.1 0.1 0.1 0.1 0.1 0.1 0.1 0.1
 0.1 0.1 0.1 0.1 0.1 0.1 0.1 0.1 0.1 0.1 0.1 0.1 0.1 0.1 0.1 0.1 0.1 0.1
 0.1 0.1 0.1 0.1 0.1 0.1 0.1 0.1 0.1 0.1 0.1 0.1 0.1 0.1 0.1 0.1 0.1 0.1
 0.1]
swap interval:,100
sim interval:,[-1.1175e+08 -7.4500e+07 -3.7250e+07  0.0000e+00]
likelihood_sed (T/F):,True
erodep_coords:,[[ 0  3]
 [42 94]
 [42 95]
 ...
 [96 78]
 [96 79]
 [96 80]]
sed scaling factor:,50
samples_per_chain:,12
burnin:,0.25
num params:,415
initial_proposed_vec:,[ 1.21314953e+00  1.18686520e+00  8.61908089e-01  1.13817957e+00
  8.38085359e-07  5.23073770e-01  8.33017400e-01  5.34030780e-03
  9.00045371e-04  9.46884003e-04  4.72866105e-01  5.08294157e+00
  2.40013017e+04  5.59543833e+00  5.93893630e-03  1.02425055e+02
 -1.74722479e+02 -6.13519812e+01  2.33054898e+02  1.49019064e+02
 -2.52456833e+01  2.03002396e+02 -1.69670348e+02  1.10359913e+02
 -1.12854014e+02 -1.98683656e+02 -2.23009507e+01 -2.65658215e+02
  6.42965134e+00 -6.62602122e+00 -8.33794547e+01  3.60996773e+01
 -2.93438945e+02 -1.09229344e+02  2.35996852e+01 -7.90353390e+01
  1.49541353e+02  1.64561790e+02 -7.93219420e+01  2.05122526e+02
  2.51101716e+02  1.75983643e+02 -5.51212805e+01  7.86275792e+01
  2.42982208e+01 -1.97424913e+02  2.76393711e+02  1.17242102e+02
 -2.52126040e+02 -2.62387878e+02 -1.59578310e+02  1.74236203e+02
  7.92578982e+01 -1.47175939e+02  1.08442123e+02 -2.76129014e+02
  1.01444271e+02  2.20162600e+02 -1.57606102e+02  1.87576464e+02
 -2.09951259e+02  2.08557599e+02  2.58111487e+02 -9.62362343e+01
 -5.49221980e+01 -6.54421485e+00  1.53541067e+02 -1.20210504e+02
  6.55008575e+01 -1.58616422e+02 -1.50717761e+02 -1.86051283e+02
  1.14452120e+02 -2.81286774e+02  5.56699306e+01 -8.20005014e+01
 -3.41499718e+01 -2.40620224e+02  1.38306624e+02  5.53352160e+01
 -2.56366173e+02  1.71968869e+02 -1.96589986e+02 -1.26881653e+02
 -5.78297844e+01  3.68419864e+01 -2.06505409e+02 -1.60774270e+02
 -2.48373974e+02 -2.27483329e+02 -7.71596632e+01 -7.04792082e+01
  1.05058640e+02 -2.78562149e+02 -2.97051945e+02 -1.79255277e+02
  1.20385480e+02  2.56115829e+02  1.34681191e+02  1.11712229e+02
 -9.71436895e+01  1.26672108e+02 -1.80453740e+02 -2.25203121e+02
 -1.57642568e+02  1.33043068e+02 -1.71600629e+02 -7.14060974e+01
 -2.91921189e+02  2.28430416e+02  1.20672276e+02  7.38912715e+01
  1.72340218e+02  6.91004131e+01 -4.55350088e+01 -2.26220227e+02
 -3.95364593e+01  2.03985361e+02  1.84070894e+02 -1.59080538e+02
 -2.28131769e+02 -2.84930639e+02  2.59117850e+02  8.08011450e+00
 -2.77481335e+02 -2.16390826e+02 -1.28176560e+02 -3.62490490e+01
  2.61873560e+02  9.51850769e+01  4.30776690e+01 -1.25367407e+02
 -2.61061593e+01 -1.49603013e+02  8.42102085e+00 -2.99134358e+02
  2.32178943e+01 -2.39377004e+02  1.15835777e+02 -2.68195398e+02
 -2.14941704e+02  8.98758298e+00 -1.22256612e+02 -1.35487082e+02
  7.51820905e+01  2.66465673e+02 -5.40535279e+01 -4.96853809e+01
  3.89811520e+00  1.07978664e+02  4.14029371e+01  1.27892350e+02
 -1.17414158e+02  1.52813655e+02  6.10059753e+01 -3.22679083e+01
  1.56817183e+02 -2.05493681e+02  1.22516654e+02 -9.24169934e+01
 -4.68388363e+01 -2.94313678e+01  4.71690272e+01  2.50022107e+02
 -6.76308984e+01  2.56384106e+01  1.11276841e+02 -2.96458330e+02
 -1.42086061e+02  2.65311322e+02 -2.24058755e+02 -1.00478284e+02
  6.60008226e+01 -1.29483404e+02 -2.33086651e+02 -2.20063627e+01
 -1.28549298e+02 -3.74110425e+00 -1.13315499e+02 -2.06116947e+02
  3.56083633e+01  2.26642781e+02  2.14336526e+02 -2.97207380e+02
  1.12377587e+02  1.12017158e+02 -5.17566917e+01 -2.26190935e+02
 -2.21996586e+02 -1.08590102e+02  4.54977885e+01 -2.83205987e+02
  1.43500767e+02 -2.60964464e+02 -1.93859895e+02 -1.35563954e+02
  2.61407784e+00  1.20309052e+02  1.20707286e+02  3.60678210e+01
  3.58293970e+01 -2.06256507e+02 -1.66564766e+02 -7.08551829e+00
 -2.41450134e+02  1.96209928e+02  2.96436078e+02 -2.34276658e+02
 -2.92770878e+01  1.22927856e+01  9.58277420e+01 -2.83804872e+02
 -1.53244540e+02 -4.00966371e+01  5.65502866e+01 -1.78731997e+02
  3.86520028e+01  9.01941846e+01  1.78669466e+02  7.18056719e+01
  2.66590529e+01 -1.97349392e+02 -2.34901154e+02  2.52229036e+02
 -1.21644297e+02 -1.80622182e+02  1.19362938e+02  1.33125317e+02
  2.70591653e+02  1.92056096e+02 -1.29346516e+02 -6.87475739e+01
  2.10126386e+02  2.88525327e+02  4.50894288e+01  4.85832882e+00
  2.53745515e+02 -2.01213392e+02  2.92200675e+02  3.65785091e+01
 -1.45132132e+01  1.90025262e+02  1.22193739e+01  2.37684644e+02
  1.47657097e+02 -1.19552668e+02 -1.46934394e+01  5.68047389e+01
 -1.09694794e+02  2.50744480e+02 -3.36898427e+01  6.37840719e+01
  9.44164774e+01  2.38946153e+02 -2.97135400e+02  9.11135722e+01
 -2.58862434e+02  2.26689647e+02 -1.97493231e+02  1.35040882e+02
  2.50484376e+02 -2.50693717e+01 -7.20116524e+01  1.07047096e+02
  2.09490868e+02 -1.03778836e+01  4.47116698e+01 -2.87468877e+02
  1.33861881e+02  2.73847520e+02  2.19276446e+02  2.05581019e+02
 -2.51627669e+01 -1.80782351e+02  8.20167840e+01  1.32894218e+02
 -1.76927514e+02  1.86029848e+02  2.76922074e+02 -2.86726554e+02
  1.34950118e+02  2.79510560e+02  5.03237902e+01  1.04656277e+01
  1.87413925e+02  6.68789005e+01 -4.25068388e+01  9.19364508e+01
  1.10288618e+02  1.03001815e+02 -1.48588926e+02  2.99723205e+02
  1.83231699e+02 -9.11983938e+01  1.91598402e+02  7.99646657e+01
  1.70708304e+02  2.63234116e+02 -2.50274832e+02 -2.31068170e+02
 -1.90134191e+02 -1.12602032e+02 -1.91064755e+02 -1.83792925e+02
 -2.41731846e+02  2.25130537e+02  2.63707270e+02  6.22647743e+01
  1.54276866e+02 -2.69922510e+02  8.96612083e+01 -4.31198586e+01
 -2.72151302e+02 -1.67865501e+02  1.60382664e+02  4.58735989e+00
 -1.41039844e+02 -7.07692544e+01  1.36981154e+02 -5.08209101e+01
  2.09632703e+01  9.91454469e+01  5.97614586e+01  2.23438962e+02
  3.58349069e+00 -2.78525807e+02  3.67365826e+01  9.52070123e+01
 -1.13250976e+02  2.72795719e+02  1.98153998e+02  1.62030673e+02
 -2.91317941e+02 -1.52069457e+02 -7.13335081e+01 -1.77401910e+02
 -3.31805428e+01 -1.33679705e+02 -2.86879992e+02  1.62518934e+01
  1.43912738e+02  1.30527613e+02  2.94717955e+02  1.71360748e+02
 -1.66638272e+02  2.01197666e+02  3.45042482e+00  2.26924862e+02
 -1.10418426e+02  1.36338833e+02  2.41655550e+02 -1.19891407e+02
 -5.62679269e+01 -1.87706592e+02  4.93767961e+00  2.33234261e+02
 -1.22164269e+01  1.04239477e+02  1.58636924e+02 -4.03365685e+01
  7.92362999e+01  3.65751473e+00 -1.51964268e+02  2.72064721e+02
 -1.55808653e+02 -1.47396474e+02 -9.53447677e+01  1.90221005e+01
  4.66339537e+01 -1.93760523e+02 -1.77551650e+02 -2.60053380e+02
  2.14018534e+01  1.29941655e+02 -2.77616562e+02 -1.44377395e+02
  2.28277932e+02  7.95460659e+01 -1.45730795e+02 -2.38977688e+02
  2.21281138e+02  2.54380211e+02  2.32229816e+02  4.12629659e+01
  1.59967366e+02 -1.07958955e+02  1.91734656e+01 -1.52380655e+02
 -2.07073277e+02  1.53154732e+02  1.31556008e+02  8.78338897e+01
  2.70635743e+02  8.17713330e+01 -2.29686865e+02  2.76866213e+02
 -1.47833563e+02 -7.04544491e+01 -5.12435531e+01 -1.79455988e+02
  5.08693022e+01  1.90755247e+02 -1.55906670e+02 -2.28342876e+02
  2.08778774e+02  2.31764716e+02  2.35996827e+02  1.94946544e+01
 -2.84337861e+02  2.03689868e+01  4.99031436e+01 -6.18466244e+01
 -2.40490690e+02  4.71638300e+01  1.47144633e+02]
stepsize_vec:,[5.0e-02 5.0e-02 5.0e-02 5.0e-02 4.0e-08 5.0e-03 4.0e-02 3.0e-04 1.2e-04
 4.0e-05 2.0e-02 2.0e-01 1.0e-01 2.0e-01 1.5e-03 6.0e+01 6.0e+01 6.0e+01
 6.0e+01 6.0e+01 6.0e+01 6.0e+01 6.0e+01 6.0e+01 6.0e+01 6.0e+01 6.0e+01
 6.0e+01 6.0e+01 6.0e+01 6.0e+01 6.0e+01 6.0e+01 6.0e+01 6.0e+01 6.0e+01
 6.0e+01 6.0e+01 6.0e+01 6.0e+01 6.0e+01 6.0e+01 6.0e+01 6.0e+01 6.0e+01
 6.0e+01 6.0e+01 6.0e+01 6.0e+01 6.0e+01 6.0e+01 6.0e+01 6.0e+01 6.0e+01
 6.0e+01 6.0e+01 6.0e+01 6.0e+01 6.0e+01 6.0e+01 6.0e+01 6.0e+01 6.0e+01
 6.0e+01 6.0e+01 6.0e+01 6.0e+01 6.0e+01 6.0e+01 6.0e+01 6.0e+01 6.0e+01
 6.0e+01 6.0e+01 6.0e+01 6.0e+01 6.0e+01 6.0e+01 6.0e+01 6.0e+01 6.0e+01
 6.0e+01 6.0e+01 6.0e+01 6.0e+01 6.0e+01 6.0e+01 6.0e+01 6.0e+01 6.0e+01
 6.0e+01 6.0e+01 6.0e+01 6.0e+01 6.0e+01 6.0e+01 6.0e+01 6.0e+01 6.0e+01
 6.0e+01 6.0e+01 6.0e+01 6.0e+01 6.0e+01 6.0e+01 6.0e+01 6.0e+01 6.0e+01
 6.0e+01 6.0e+01 6.0e+01 6.0e+01 6.0e+01 6.0e+01 6.0e+01 6.0e+01 6.0e+01
 6.0e+01 6.0e+01 6.0e+01 6.0e+01 6.0e+01 6.0e+01 6.0e+01 6.0e+01 6.0e+01
 6.0e+01 6.0e+01 6.0e+01 6.0e+01 6.0e+01 6.0e+01 6.0e+01 6.0e+01 6.0e+01
 6.0e+01 6.0e+01 6.0e+01 6.0e+01 6.0e+01 6.0e+01 6.0e+01 6.0e+01 6.0e+01
 6.0e+01 6.0e+01 6.0e+01 6.0e+01 6.0e+01 6.0e+01 6.0e+01 6.0e+01 6.0e+01
 6.0e+01 6.0e+01 6.0e+01 6.0e+01 6.0e+01 6.0e+01 6.0e+01 6.0e+01 6.0e+01
 6.0e+01 6.0e+01 6.0e+01 6.0e+01 6.0e+01 6.0e+01 6.0e+01 6.0e+01 6.0e+01
 6.0e+01 6.0e+01 6.0e+01 6.0e+01 6.0e+01 6.0e+01 6.0e+01 6.0e+01 6.0e+01
 6.0e+01 6.0e+01 6.0e+01 6.0e+01 6.0e+01 6.0e+01 6.0e+01 6.0e+01 6.0e+01
 6.0e+01 6.0e+01 6.0e+01 6.0e+01 6.0e+01 6.0e+01 6.0e+01 6.0e+01 6.0e+01
 6.0e+01 6.0e+01 6.0e+01 6.0e+01 6.0e+01 6.0e+01 6.0e+01 6.0e+01 6.0e+01
 6.0e+01 6.0e+01 6.0e+01 6.0e+01 6.0e+01 6.0e+01 6.0e+01 6.0e+01 6.0e+01
 6.0e+01 6.0e+01 6.0e+01 6.0e+01 6.0e+01 6.0e+01 6.0e+01 6.0e+01 6.0e+01
 6.0e+01 6.0e+01 6.0e+01 6.0e+01 6.0e+01 6.0e+01 6.0e+01 6.0e+01 6.0e+01
 6.0e+01 6.0e+01 6.0e+01 6.0e+01 6.0e+01 6.0e+01 6.0e+01 6.0e+01 6.0e+01
 6.0e+01 6.0e+01 6.0e+01 6.0e+01 6.0e+01 6.0e+01 6.0e+01 6.0e+01 6.0e+01
 6.0e+01 6.0e+01 6.0e+01 6.0e+01 6.0e+01 6.0e+01 6.0e+01 6.0e+01 6.0e+01
 6.0e+01 6.0e+01 6.0e+01 6.0e+01 6.0e+01 6.0e+01 6.0e+01 6.0e+01 6.0e+01
 6.0e+01 6.0e+01 6.0e+01 6.0e+01 6.0e+01 6.0e+01 6.0e+01 6.0e+01 6.0e+01
 6.0e+01 6.0e+01 6.0e+01 6.0e+01 6.0e+01 6.0e+01 6.0e+01 6.0e+01 6.0e+01
 6.0e+01 6.0e+01 6.0e+01 6.0e+01 6.0e+01 6.0e+01 6.0e+01 6.0e+01 6.0e+01
 6.0e+01 6.0e+01 6.0e+01 6.0e+01 6.0e+01 6.0e+01 6.0e+01 6.0e+01 6.0e+01
 6.0e+01 6.0e+01 6.0e+01 6.0e+01 6.0e+01 6.0e+01 6.0e+01 6.0e+01 6.0e+01
 6.0e+01 6.0e+01 6.0e+01 6.0e+01 6.0e+01 6.0e+01 6.0e+01 6.0e+01 6.0e+01
 6.0e+01 6.0e+01 6.0e+01 6.0e+01 6.0e+01 6.0e+01 6.0e+01 6.0e+01 6.0e+01
 6.0e+01 6.0e+01 6.0e+01 6.0e+01 6.0e+01 6.0e+01 6.0e+01 6.0e+01 6.0e+01
 6.0e+01 6.0e+01 6.0e+01 6.0e+01 6.0e+01 6.0e+01 6.0e+01 6.0e+01 6.0e+01
 6.0e+01 6.0e+01 6.0e+01 6.0e+01 6.0e+01 6.0e+01 6.0e+01 6.0e+01 6.0e+01
 6.0e+01 6.0e+01 6.0e+01 6.0e+01 6.0e+01 6.0e+01 6.0e+01 6.0e+01 6.0e+01
 6.0e+01 6.0e+01 6.0e+01 6.0e+01 6.0e+01 6.0e+01 6.0e+01 6.0e+01 6.0e+01
 6.0e+01 6.0e+01 6.0e+01 6.0e+01 6.0e+01 6.0e+01 6.0e+01 6.0e+01 6.0e+01
 6.0e+01 6.0e+01 6.0e+01 6.0e+01 6.0e+01 6.0e+01 6.0e+01 6.0e+01 6.0e+01
 6.0e+01 6.0e+01 6.0e+01 6.0e+01 6.0e+01 6.0e+01 6.0e+01 6.0e+01 6.0e+01
 6.0e+01 6.0e+01 6.0e+01 6.0e+01 6.0e+01 6.0e+01 6.0e+01 6.0e+01 6.0e+01
 6.0e+01]
step_ratio_vec:,[0.1 0.1 0.1 0.1 0.1 0.1 0.1 0.1 0.1 0.1 0.1 0.1 0.1 0.1 0.1 0.1 0.1 0.1
 0.1 0.1 0.1 0.1 0.1 0.1 0.1 0.1 0.1 0.1 0.1 0.1 0.1 0.1 0.1 0.1 0.1 0.1
 0.1 0.1 0.1 0.1 0.1 0.1 0.1 0.1 0.1 0.1 0.1 0.1 0.1 0.1 0.1 0.1 0.1 0.1
 0.1 0.1 0.1 0.1 0.1 0.1 0.1 0.1 0.1 0.1 0.1 0.1 0.1 0.1 0.1 0.1 0.1 0.1
 0.1 0.1 0.1 0.1 0.1 0.1 0.1 0.1 0.1 0.1 0.1 0.1 0.1 0.1 0.1 0.1 0.1 0.1
 0.1 0.1 0.1 0.1 0.1 0.1 0.1 0.1 0.1 0.1 0.1 0.1 0.1 0.1 0.1 0.1 0.1 0.1
 0.1 0.1 0.1 0.1 0.1 0.1 0.1 0.1 0.1 0.1 0.1 0.1 0.1 0.1 0.1 0.1 0.1 0.1
 0.1 0.1 0.1 0.1 0.1 0.1 0.1 0.1 0.1 0.1 0.1 0.1 0.1 0.1 0.1 0.1 0.1 0.1
 0.1 0.1 0.1 0.1 0.1 0.1 0.1 0.1 0.1 0.1 0.1 0.1 0.1 0.1 0.1 0.1 0.1 0.1
 0.1 0.1 0.1 0.1 0.1 0.1 0.1 0.1 0.1 0.1 0.1 0.1 0.1 0.1 0.1 0.1 0.1 0.1
 0.1 0.1 0.1 0.1 0.1 0.1 0.1 0.1 0.1 0.1 0.1 0.1 0.1 0.1 0.1 0.1 0.1 0.1
 0.1 0.1 0.1 0.1 0.1 0.1 0.1 0.1 0.1 0.1 0.1 0.1 0.1 0.1 0.1 0.1 0.1 0.1
 0.1 0.1 0.1 0.1 0.1 0.1 0.1 0.1 0.1 0.1 0.1 0.1 0.1 0.1 0.1 0.1 0.1 0.1
 0.1 0.1 0.1 0.1 0.1 0.1 0.1 0.1 0.1 0.1 0.1 0.1 0.1 0.1 0.1 0.1 0.1 0.1
 0.1 0.1 0.1 0.1 0.1 0.1 0.1 0.1 0.1 0.1 0.1 0.1 0.1 0.1 0.1 0.1 0.1 0.1
 0.1 0.1 0.1 0.1 0.1 0.1 0.1 0.1 0.1 0.1 0.1 0.1 0.1 0.1 0.1 0.1 0.1 0.1
 0.1 0.1 0.1 0.1 0.1 0.1 0.1 0.1 0.1 0.1 0.1 0.1 0.1 0.1 0.1 0.1 0.1 0.1
 0.1 0.1 0.1 0.1 0.1 0.1 0.1 0.1 0.1 0.1 0.1 0.1 0.1 0.1 0.1 0.1 0.1 0.1
 0.1 0.1 0.1 0.1 0.1 0.1 0.1 0.1 0.1 0.1 0.1 0.1 0.1 0.1 0.1 0.1 0.1 0.1
 0.1 0.1 0.1 0.1 0.1 0.1 0.1 0.1 0.1 0.1 0.1 0.1 0.1 0.1 0.1 0.1 0.1 0.1
 0.1 0.1 0.1 0.1 0.1 0.1 0.1 0.1 0.1 0.1 0.1 0.1 0.1 0.1 0.1 0.1 0.1 0.1
 0.1 0.1 0.1 0.1 0.1 0.1 0.1 0.1 0.1 0.1 0.1 0.1 0.1 0.1 0.1 0.1 0.1 0.1
 0.1 0.1 0.1 0.1 0.1 0.1 0.1 0.1 0.1 0.1 0.1 0.1 0.1 0.1 0.1 0.1 0.1 0.1
 0.1]
swap interval:,100
sim interval:,[-1.1175e+08 -7.4500e+07 -3.7250e+07  0.0000e+00]
likelihood_sed (T/F):,True
erodep_coords:,[[ 0  3]
 [42 94]
 [42 95]
 ...
 [96 78]
 [96 79]
 [96 80]]
sed scaling factor:,50
samples_per_chain:,12
burnin:,0.25
num params:,415
initial_proposed_vec:,[ 1.21314953e+00  1.18686520e+00  8.61908089e-01  1.13817957e+00
  8.38085359e-07  5.23073770e-01  8.33017400e-01  5.34030780e-03
  9.00045371e-04  9.46884003e-04  4.72866105e-01  5.08294157e+00
  2.40013017e+04  5.59543833e+00  5.93893630e-03  1.02425055e+02
 -1.74722479e+02 -6.13519812e+01  2.33054898e+02  1.49019064e+02
 -2.52456833e+01  2.03002396e+02 -1.69670348e+02  1.10359913e+02
 -1.12854014e+02 -1.98683656e+02 -2.23009507e+01 -2.65658215e+02
  6.42965134e+00 -6.62602122e+00 -8.33794547e+01  3.60996773e+01
 -2.93438945e+02 -1.09229344e+02  2.35996852e+01 -7.90353390e+01
  1.49541353e+02  1.64561790e+02 -7.93219420e+01  2.05122526e+02
  2.51101716e+02  1.75983643e+02 -5.51212805e+01  7.86275792e+01
  2.42982208e+01 -1.97424913e+02  2.76393711e+02  1.17242102e+02
 -2.52126040e+02 -2.62387878e+02 -1.59578310e+02  1.74236203e+02
  7.92578982e+01 -1.47175939e+02  1.08442123e+02 -2.76129014e+02
  1.01444271e+02  2.20162600e+02 -1.57606102e+02  1.87576464e+02
 -2.09951259e+02  2.08557599e+02  2.58111487e+02 -9.62362343e+01
 -5.49221980e+01 -6.54421485e+00  1.53541067e+02 -1.20210504e+02
  6.55008575e+01 -1.58616422e+02 -1.50717761e+02 -1.86051283e+02
  1.14452120e+02 -2.81286774e+02  5.56699306e+01 -8.20005014e+01
 -3.41499718e+01 -2.40620224e+02  1.38306624e+02  5.53352160e+01
 -2.56366173e+02  1.71968869e+02 -1.96589986e+02 -1.26881653e+02
 -5.78297844e+01  3.68419864e+01 -2.06505409e+02 -1.60774270e+02
 -2.48373974e+02 -2.27483329e+02 -7.71596632e+01 -7.04792082e+01
  1.05058640e+02 -2.78562149e+02 -2.97051945e+02 -1.79255277e+02
  1.20385480e+02  2.56115829e+02  1.34681191e+02  1.11712229e+02
 -9.71436895e+01  1.26672108e+02 -1.80453740e+02 -2.25203121e+02
 -1.57642568e+02  1.33043068e+02 -1.71600629e+02 -7.14060974e+01
 -2.91921189e+02  2.28430416e+02  1.20672276e+02  7.38912715e+01
  1.72340218e+02  6.91004131e+01 -4.55350088e+01 -2.26220227e+02
 -3.95364593e+01  2.03985361e+02  1.84070894e+02 -1.59080538e+02
 -2.28131769e+02 -2.84930639e+02  2.59117850e+02  8.08011450e+00
 -2.77481335e+02 -2.16390826e+02 -1.28176560e+02 -3.62490490e+01
  2.61873560e+02  9.51850769e+01  4.30776690e+01 -1.25367407e+02
 -2.61061593e+01 -1.49603013e+02  8.42102085e+00 -2.99134358e+02
  2.32178943e+01 -2.39377004e+02  1.15835777e+02 -2.68195398e+02
 -2.14941704e+02  8.98758298e+00 -1.22256612e+02 -1.35487082e+02
  7.51820905e+01  2.66465673e+02 -5.40535279e+01 -4.96853809e+01
  3.89811520e+00  1.07978664e+02  4.14029371e+01  1.27892350e+02
 -1.17414158e+02  1.52813655e+02  6.10059753e+01 -3.22679083e+01
  1.56817183e+02 -2.05493681e+02  1.22516654e+02 -9.24169934e+01
 -4.68388363e+01 -2.94313678e+01  4.71690272e+01  2.50022107e+02
 -6.76308984e+01  2.56384106e+01  1.11276841e+02 -2.96458330e+02
 -1.42086061e+02  2.65311322e+02 -2.24058755e+02 -1.00478284e+02
  6.60008226e+01 -1.29483404e+02 -2.33086651e+02 -2.20063627e+01
 -1.28549298e+02 -3.74110425e+00 -1.13315499e+02 -2.06116947e+02
  3.56083633e+01  2.26642781e+02  2.14336526e+02 -2.97207380e+02
  1.12377587e+02  1.12017158e+02 -5.17566917e+01 -2.26190935e+02
 -2.21996586e+02 -1.08590102e+02  4.54977885e+01 -2.83205987e+02
  1.43500767e+02 -2.60964464e+02 -1.93859895e+02 -1.35563954e+02
  2.61407784e+00  1.20309052e+02  1.20707286e+02  3.60678210e+01
  3.58293970e+01 -2.06256507e+02 -1.66564766e+02 -7.08551829e+00
 -2.41450134e+02  1.96209928e+02  2.96436078e+02 -2.34276658e+02
 -2.92770878e+01  1.22927856e+01  9.58277420e+01 -2.83804872e+02
 -1.53244540e+02 -4.00966371e+01  5.65502866e+01 -1.78731997e+02
  3.86520028e+01  9.01941846e+01  1.78669466e+02  7.18056719e+01
  2.66590529e+01 -1.97349392e+02 -2.34901154e+02  2.52229036e+02
 -1.21644297e+02 -1.80622182e+02  1.19362938e+02  1.33125317e+02
  2.70591653e+02  1.92056096e+02 -1.29346516e+02 -6.87475739e+01
  2.10126386e+02  2.88525327e+02  4.50894288e+01  4.85832882e+00
  2.53745515e+02 -2.01213392e+02  2.92200675e+02  3.65785091e+01
 -1.45132132e+01  1.90025262e+02  1.22193739e+01  2.37684644e+02
  1.47657097e+02 -1.19552668e+02 -1.46934394e+01  5.68047389e+01
 -1.09694794e+02  2.50744480e+02 -3.36898427e+01  6.37840719e+01
  9.44164774e+01  2.38946153e+02 -2.97135400e+02  9.11135722e+01
 -2.58862434e+02  2.26689647e+02 -1.97493231e+02  1.35040882e+02
  2.50484376e+02 -2.50693717e+01 -7.20116524e+01  1.07047096e+02
  2.09490868e+02 -1.03778836e+01  4.47116698e+01 -2.87468877e+02
  1.33861881e+02  2.73847520e+02  2.19276446e+02  2.05581019e+02
 -2.51627669e+01 -1.80782351e+02  8.20167840e+01  1.32894218e+02
 -1.76927514e+02  1.86029848e+02  2.76922074e+02 -2.86726554e+02
  1.34950118e+02  2.79510560e+02  5.03237902e+01  1.04656277e+01
  1.87413925e+02  6.68789005e+01 -4.25068388e+01  9.19364508e+01
  1.10288618e+02  1.03001815e+02 -1.48588926e+02  2.99723205e+02
  1.83231699e+02 -9.11983938e+01  1.91598402e+02  7.99646657e+01
  1.70708304e+02  2.63234116e+02 -2.50274832e+02 -2.31068170e+02
 -1.90134191e+02 -1.12602032e+02 -1.91064755e+02 -1.83792925e+02
 -2.41731846e+02  2.25130537e+02  2.63707270e+02  6.22647743e+01
  1.54276866e+02 -2.69922510e+02  8.96612083e+01 -4.31198586e+01
 -2.72151302e+02 -1.67865501e+02  1.60382664e+02  4.58735989e+00
 -1.41039844e+02 -7.07692544e+01  1.36981154e+02 -5.08209101e+01
  2.09632703e+01  9.91454469e+01  5.97614586e+01  2.23438962e+02
  3.58349069e+00 -2.78525807e+02  3.67365826e+01  9.52070123e+01
 -1.13250976e+02  2.72795719e+02  1.98153998e+02  1.62030673e+02
 -2.91317941e+02 -1.52069457e+02 -7.13335081e+01 -1.77401910e+02
 -3.31805428e+01 -1.33679705e+02 -2.86879992e+02  1.62518934e+01
  1.43912738e+02  1.30527613e+02  2.94717955e+02  1.71360748e+02
 -1.66638272e+02  2.01197666e+02  3.45042482e+00  2.26924862e+02
 -1.10418426e+02  1.36338833e+02  2.41655550e+02 -1.19891407e+02
 -5.62679269e+01 -1.87706592e+02  4.93767961e+00  2.33234261e+02
 -1.22164269e+01  1.04239477e+02  1.58636924e+02 -4.03365685e+01
  7.92362999e+01  3.65751473e+00 -1.51964268e+02  2.72064721e+02
 -1.55808653e+02 -1.47396474e+02 -9.53447677e+01  1.90221005e+01
  4.66339537e+01 -1.93760523e+02 -1.77551650e+02 -2.60053380e+02
  2.14018534e+01  1.29941655e+02 -2.77616562e+02 -1.44377395e+02
  2.28277932e+02  7.95460659e+01 -1.45730795e+02 -2.38977688e+02
  2.21281138e+02  2.54380211e+02  2.32229816e+02  4.12629659e+01
  1.59967366e+02 -1.07958955e+02  1.91734656e+01 -1.52380655e+02
 -2.07073277e+02  1.53154732e+02  1.31556008e+02  8.78338897e+01
  2.70635743e+02  8.17713330e+01 -2.29686865e+02  2.76866213e+02
 -1.47833563e+02 -7.04544491e+01 -5.12435531e+01 -1.79455988e+02
  5.08693022e+01  1.90755247e+02 -1.55906670e+02 -2.28342876e+02
  2.08778774e+02  2.31764716e+02  2.35996827e+02  1.94946544e+01
 -2.84337861e+02  2.03689868e+01  4.99031436e+01 -6.18466244e+01
 -2.40490690e+02  4.71638300e+01  1.47144633e+02]
stepsize_vec:,[5.0e-02 5.0e-02 5.0e-02 5.0e-02 4.0e-08 5.0e-03 4.0e-02 3.0e-04 1.2e-04
 4.0e-05 2.0e-02 2.0e-01 1.0e-01 2.0e-01 1.5e-03 6.0e+01 6.0e+01 6.0e+01
 6.0e+01 6.0e+01 6.0e+01 6.0e+01 6.0e+01 6.0e+01 6.0e+01 6.0e+01 6.0e+01
 6.0e+01 6.0e+01 6.0e+01 6.0e+01 6.0e+01 6.0e+01 6.0e+01 6.0e+01 6.0e+01
 6.0e+01 6.0e+01 6.0e+01 6.0e+01 6.0e+01 6.0e+01 6.0e+01 6.0e+01 6.0e+01
 6.0e+01 6.0e+01 6.0e+01 6.0e+01 6.0e+01 6.0e+01 6.0e+01 6.0e+01 6.0e+01
 6.0e+01 6.0e+01 6.0e+01 6.0e+01 6.0e+01 6.0e+01 6.0e+01 6.0e+01 6.0e+01
 6.0e+01 6.0e+01 6.0e+01 6.0e+01 6.0e+01 6.0e+01 6.0e+01 6.0e+01 6.0e+01
 6.0e+01 6.0e+01 6.0e+01 6.0e+01 6.0e+01 6.0e+01 6.0e+01 6.0e+01 6.0e+01
 6.0e+01 6.0e+01 6.0e+01 6.0e+01 6.0e+01 6.0e+01 6.0e+01 6.0e+01 6.0e+01
 6.0e+01 6.0e+01 6.0e+01 6.0e+01 6.0e+01 6.0e+01 6.0e+01 6.0e+01 6.0e+01
 6.0e+01 6.0e+01 6.0e+01 6.0e+01 6.0e+01 6.0e+01 6.0e+01 6.0e+01 6.0e+01
 6.0e+01 6.0e+01 6.0e+01 6.0e+01 6.0e+01 6.0e+01 6.0e+01 6.0e+01 6.0e+01
 6.0e+01 6.0e+01 6.0e+01 6.0e+01 6.0e+01 6.0e+01 6.0e+01 6.0e+01 6.0e+01
 6.0e+01 6.0e+01 6.0e+01 6.0e+01 6.0e+01 6.0e+01 6.0e+01 6.0e+01 6.0e+01
 6.0e+01 6.0e+01 6.0e+01 6.0e+01 6.0e+01 6.0e+01 6.0e+01 6.0e+01 6.0e+01
 6.0e+01 6.0e+01 6.0e+01 6.0e+01 6.0e+01 6.0e+01 6.0e+01 6.0e+01 6.0e+01
 6.0e+01 6.0e+01 6.0e+01 6.0e+01 6.0e+01 6.0e+01 6.0e+01 6.0e+01 6.0e+01
 6.0e+01 6.0e+01 6.0e+01 6.0e+01 6.0e+01 6.0e+01 6.0e+01 6.0e+01 6.0e+01
 6.0e+01 6.0e+01 6.0e+01 6.0e+01 6.0e+01 6.0e+01 6.0e+01 6.0e+01 6.0e+01
 6.0e+01 6.0e+01 6.0e+01 6.0e+01 6.0e+01 6.0e+01 6.0e+01 6.0e+01 6.0e+01
 6.0e+01 6.0e+01 6.0e+01 6.0e+01 6.0e+01 6.0e+01 6.0e+01 6.0e+01 6.0e+01
 6.0e+01 6.0e+01 6.0e+01 6.0e+01 6.0e+01 6.0e+01 6.0e+01 6.0e+01 6.0e+01
 6.0e+01 6.0e+01 6.0e+01 6.0e+01 6.0e+01 6.0e+01 6.0e+01 6.0e+01 6.0e+01
 6.0e+01 6.0e+01 6.0e+01 6.0e+01 6.0e+01 6.0e+01 6.0e+01 6.0e+01 6.0e+01
 6.0e+01 6.0e+01 6.0e+01 6.0e+01 6.0e+01 6.0e+01 6.0e+01 6.0e+01 6.0e+01
 6.0e+01 6.0e+01 6.0e+01 6.0e+01 6.0e+01 6.0e+01 6.0e+01 6.0e+01 6.0e+01
 6.0e+01 6.0e+01 6.0e+01 6.0e+01 6.0e+01 6.0e+01 6.0e+01 6.0e+01 6.0e+01
 6.0e+01 6.0e+01 6.0e+01 6.0e+01 6.0e+01 6.0e+01 6.0e+01 6.0e+01 6.0e+01
 6.0e+01 6.0e+01 6.0e+01 6.0e+01 6.0e+01 6.0e+01 6.0e+01 6.0e+01 6.0e+01
 6.0e+01 6.0e+01 6.0e+01 6.0e+01 6.0e+01 6.0e+01 6.0e+01 6.0e+01 6.0e+01
 6.0e+01 6.0e+01 6.0e+01 6.0e+01 6.0e+01 6.0e+01 6.0e+01 6.0e+01 6.0e+01
 6.0e+01 6.0e+01 6.0e+01 6.0e+01 6.0e+01 6.0e+01 6.0e+01 6.0e+01 6.0e+01
 6.0e+01 6.0e+01 6.0e+01 6.0e+01 6.0e+01 6.0e+01 6.0e+01 6.0e+01 6.0e+01
 6.0e+01 6.0e+01 6.0e+01 6.0e+01 6.0e+01 6.0e+01 6.0e+01 6.0e+01 6.0e+01
 6.0e+01 6.0e+01 6.0e+01 6.0e+01 6.0e+01 6.0e+01 6.0e+01 6.0e+01 6.0e+01
 6.0e+01 6.0e+01 6.0e+01 6.0e+01 6.0e+01 6.0e+01 6.0e+01 6.0e+01 6.0e+01
 6.0e+01 6.0e+01 6.0e+01 6.0e+01 6.0e+01 6.0e+01 6.0e+01 6.0e+01 6.0e+01
 6.0e+01 6.0e+01 6.0e+01 6.0e+01 6.0e+01 6.0e+01 6.0e+01 6.0e+01 6.0e+01
 6.0e+01 6.0e+01 6.0e+01 6.0e+01 6.0e+01 6.0e+01 6.0e+01 6.0e+01 6.0e+01
 6.0e+01 6.0e+01 6.0e+01 6.0e+01 6.0e+01 6.0e+01 6.0e+01 6.0e+01 6.0e+01
 6.0e+01 6.0e+01 6.0e+01 6.0e+01 6.0e+01 6.0e+01 6.0e+01 6.0e+01 6.0e+01
 6.0e+01 6.0e+01 6.0e+01 6.0e+01 6.0e+01 6.0e+01 6.0e+01 6.0e+01 6.0e+01
 6.0e+01 6.0e+01 6.0e+01 6.0e+01 6.0e+01 6.0e+01 6.0e+01 6.0e+01 6.0e+01
 6.0e+01 6.0e+01 6.0e+01 6.0e+01 6.0e+01 6.0e+01 6.0e+01 6.0e+01 6.0e+01
 6.0e+01 6.0e+01 6.0e+01 6.0e+01 6.0e+01 6.0e+01 6.0e+01 6.0e+01 6.0e+01
 6.0e+01]
step_ratio_vec:,[0.1 0.1 0.1 0.1 0.1 0.1 0.1 0.1 0.1 0.1 0.1 0.1 0.1 0.1 0.1 0.1 0.1 0.1
 0.1 0.1 0.1 0.1 0.1 0.1 0.1 0.1 0.1 0.1 0.1 0.1 0.1 0.1 0.1 0.1 0.1 0.1
 0.1 0.1 0.1 0.1 0.1 0.1 0.1 0.1 0.1 0.1 0.1 0.1 0.1 0.1 0.1 0.1 0.1 0.1
 0.1 0.1 0.1 0.1 0.1 0.1 0.1 0.1 0.1 0.1 0.1 0.1 0.1 0.1 0.1 0.1 0.1 0.1
 0.1 0.1 0.1 0.1 0.1 0.1 0.1 0.1 0.1 0.1 0.1 0.1 0.1 0.1 0.1 0.1 0.1 0.1
 0.1 0.1 0.1 0.1 0.1 0.1 0.1 0.1 0.1 0.1 0.1 0.1 0.1 0.1 0.1 0.1 0.1 0.1
 0.1 0.1 0.1 0.1 0.1 0.1 0.1 0.1 0.1 0.1 0.1 0.1 0.1 0.1 0.1 0.1 0.1 0.1
 0.1 0.1 0.1 0.1 0.1 0.1 0.1 0.1 0.1 0.1 0.1 0.1 0.1 0.1 0.1 0.1 0.1 0.1
 0.1 0.1 0.1 0.1 0.1 0.1 0.1 0.1 0.1 0.1 0.1 0.1 0.1 0.1 0.1 0.1 0.1 0.1
 0.1 0.1 0.1 0.1 0.1 0.1 0.1 0.1 0.1 0.1 0.1 0.1 0.1 0.1 0.1 0.1 0.1 0.1
 0.1 0.1 0.1 0.1 0.1 0.1 0.1 0.1 0.1 0.1 0.1 0.1 0.1 0.1 0.1 0.1 0.1 0.1
 0.1 0.1 0.1 0.1 0.1 0.1 0.1 0.1 0.1 0.1 0.1 0.1 0.1 0.1 0.1 0.1 0.1 0.1
 0.1 0.1 0.1 0.1 0.1 0.1 0.1 0.1 0.1 0.1 0.1 0.1 0.1 0.1 0.1 0.1 0.1 0.1
 0.1 0.1 0.1 0.1 0.1 0.1 0.1 0.1 0.1 0.1 0.1 0.1 0.1 0.1 0.1 0.1 0.1 0.1
 0.1 0.1 0.1 0.1 0.1 0.1 0.1 0.1 0.1 0.1 0.1 0.1 0.1 0.1 0.1 0.1 0.1 0.1
 0.1 0.1 0.1 0.1 0.1 0.1 0.1 0.1 0.1 0.1 0.1 0.1 0.1 0.1 0.1 0.1 0.1 0.1
 0.1 0.1 0.1 0.1 0.1 0.1 0.1 0.1 0.1 0.1 0.1 0.1 0.1 0.1 0.1 0.1 0.1 0.1
 0.1 0.1 0.1 0.1 0.1 0.1 0.1 0.1 0.1 0.1 0.1 0.1 0.1 0.1 0.1 0.1 0.1 0.1
 0.1 0.1 0.1 0.1 0.1 0.1 0.1 0.1 0.1 0.1 0.1 0.1 0.1 0.1 0.1 0.1 0.1 0.1
 0.1 0.1 0.1 0.1 0.1 0.1 0.1 0.1 0.1 0.1 0.1 0.1 0.1 0.1 0.1 0.1 0.1 0.1
 0.1 0.1 0.1 0.1 0.1 0.1 0.1 0.1 0.1 0.1 0.1 0.1 0.1 0.1 0.1 0.1 0.1 0.1
 0.1 0.1 0.1 0.1 0.1 0.1 0.1 0.1 0.1 0.1 0.1 0.1 0.1 0.1 0.1 0.1 0.1 0.1
 0.1 0.1 0.1 0.1 0.1 0.1 0.1 0.1 0.1 0.1 0.1 0.1 0.1 0.1 0.1 0.1 0.1 0.1
 0.1]
swap interval:,100
sim interval:,[-1.1175e+08 -7.4500e+07 -3.7250e+07  0.0000e+00]
likelihood_sed (T/F):,True
erodep_coords:,[[ 0  3]
 [42 94]
 [42 95]
 ...
 [96 78]
 [96 79]
 [96 80]]
sed scaling factor:,50
samples_per_chain:,12
burnin:,0.25
num params:,415
initial_proposed_vec:,[ 1.21314953e+00  1.18686520e+00  8.61908089e-01  1.13817957e+00
  8.38085359e-07  5.23073770e-01  8.33017400e-01  5.34030780e-03
  9.00045371e-04  9.46884003e-04  4.72866105e-01  5.08294157e+00
  2.40013017e+04  5.59543833e+00  5.93893630e-03  1.02425055e+02
 -1.74722479e+02 -6.13519812e+01  2.33054898e+02  1.49019064e+02
 -2.52456833e+01  2.03002396e+02 -1.69670348e+02  1.10359913e+02
 -1.12854014e+02 -1.98683656e+02 -2.23009507e+01 -2.65658215e+02
  6.42965134e+00 -6.62602122e+00 -8.33794547e+01  3.60996773e+01
 -2.93438945e+02 -1.09229344e+02  2.35996852e+01 -7.90353390e+01
  1.49541353e+02  1.64561790e+02 -7.93219420e+01  2.05122526e+02
  2.51101716e+02  1.75983643e+02 -5.51212805e+01  7.86275792e+01
  2.42982208e+01 -1.97424913e+02  2.76393711e+02  1.17242102e+02
 -2.52126040e+02 -2.62387878e+02 -1.59578310e+02  1.74236203e+02
  7.92578982e+01 -1.47175939e+02  1.08442123e+02 -2.76129014e+02
  1.01444271e+02  2.20162600e+02 -1.57606102e+02  1.87576464e+02
 -2.09951259e+02  2.08557599e+02  2.58111487e+02 -9.62362343e+01
 -5.49221980e+01 -6.54421485e+00  1.53541067e+02 -1.20210504e+02
  6.55008575e+01 -1.58616422e+02 -1.50717761e+02 -1.86051283e+02
  1.14452120e+02 -2.81286774e+02  5.56699306e+01 -8.20005014e+01
 -3.41499718e+01 -2.40620224e+02  1.38306624e+02  5.53352160e+01
 -2.56366173e+02  1.71968869e+02 -1.96589986e+02 -1.26881653e+02
 -5.78297844e+01  3.68419864e+01 -2.06505409e+02 -1.60774270e+02
 -2.48373974e+02 -2.27483329e+02 -7.71596632e+01 -7.04792082e+01
  1.05058640e+02 -2.78562149e+02 -2.97051945e+02 -1.79255277e+02
  1.20385480e+02  2.56115829e+02  1.34681191e+02  1.11712229e+02
 -9.71436895e+01  1.26672108e+02 -1.80453740e+02 -2.25203121e+02
 -1.57642568e+02  1.33043068e+02 -1.71600629e+02 -7.14060974e+01
 -2.91921189e+02  2.28430416e+02  1.20672276e+02  7.38912715e+01
  1.72340218e+02  6.91004131e+01 -4.55350088e+01 -2.26220227e+02
 -3.95364593e+01  2.03985361e+02  1.84070894e+02 -1.59080538e+02
 -2.28131769e+02 -2.84930639e+02  2.59117850e+02  8.08011450e+00
 -2.77481335e+02 -2.16390826e+02 -1.28176560e+02 -3.62490490e+01
  2.61873560e+02  9.51850769e+01  4.30776690e+01 -1.25367407e+02
 -2.61061593e+01 -1.49603013e+02  8.42102085e+00 -2.99134358e+02
  2.32178943e+01 -2.39377004e+02  1.15835777e+02 -2.68195398e+02
 -2.14941704e+02  8.98758298e+00 -1.22256612e+02 -1.35487082e+02
  7.51820905e+01  2.66465673e+02 -5.40535279e+01 -4.96853809e+01
  3.89811520e+00  1.07978664e+02  4.14029371e+01  1.27892350e+02
 -1.17414158e+02  1.52813655e+02  6.10059753e+01 -3.22679083e+01
  1.56817183e+02 -2.05493681e+02  1.22516654e+02 -9.24169934e+01
 -4.68388363e+01 -2.94313678e+01  4.71690272e+01  2.50022107e+02
 -6.76308984e+01  2.56384106e+01  1.11276841e+02 -2.96458330e+02
 -1.42086061e+02  2.65311322e+02 -2.24058755e+02 -1.00478284e+02
  6.60008226e+01 -1.29483404e+02 -2.33086651e+02 -2.20063627e+01
 -1.28549298e+02 -3.74110425e+00 -1.13315499e+02 -2.06116947e+02
  3.56083633e+01  2.26642781e+02  2.14336526e+02 -2.97207380e+02
  1.12377587e+02  1.12017158e+02 -5.17566917e+01 -2.26190935e+02
 -2.21996586e+02 -1.08590102e+02  4.54977885e+01 -2.83205987e+02
  1.43500767e+02 -2.60964464e+02 -1.93859895e+02 -1.35563954e+02
  2.61407784e+00  1.20309052e+02  1.20707286e+02  3.60678210e+01
  3.58293970e+01 -2.06256507e+02 -1.66564766e+02 -7.08551829e+00
 -2.41450134e+02  1.96209928e+02  2.96436078e+02 -2.34276658e+02
 -2.92770878e+01  1.22927856e+01  9.58277420e+01 -2.83804872e+02
 -1.53244540e+02 -4.00966371e+01  5.65502866e+01 -1.78731997e+02
  3.86520028e+01  9.01941846e+01  1.78669466e+02  7.18056719e+01
  2.66590529e+01 -1.97349392e+02 -2.34901154e+02  2.52229036e+02
 -1.21644297e+02 -1.80622182e+02  1.19362938e+02  1.33125317e+02
  2.70591653e+02  1.92056096e+02 -1.29346516e+02 -6.87475739e+01
  2.10126386e+02  2.88525327e+02  4.50894288e+01  4.85832882e+00
  2.53745515e+02 -2.01213392e+02  2.92200675e+02  3.65785091e+01
 -1.45132132e+01  1.90025262e+02  1.22193739e+01  2.37684644e+02
  1.47657097e+02 -1.19552668e+02 -1.46934394e+01  5.68047389e+01
 -1.09694794e+02  2.50744480e+02 -3.36898427e+01  6.37840719e+01
  9.44164774e+01  2.38946153e+02 -2.97135400e+02  9.11135722e+01
 -2.58862434e+02  2.26689647e+02 -1.97493231e+02  1.35040882e+02
  2.50484376e+02 -2.50693717e+01 -7.20116524e+01  1.07047096e+02
  2.09490868e+02 -1.03778836e+01  4.47116698e+01 -2.87468877e+02
  1.33861881e+02  2.73847520e+02  2.19276446e+02  2.05581019e+02
 -2.51627669e+01 -1.80782351e+02  8.20167840e+01  1.32894218e+02
 -1.76927514e+02  1.86029848e+02  2.76922074e+02 -2.86726554e+02
  1.34950118e+02  2.79510560e+02  5.03237902e+01  1.04656277e+01
  1.87413925e+02  6.68789005e+01 -4.25068388e+01  9.19364508e+01
  1.10288618e+02  1.03001815e+02 -1.48588926e+02  2.99723205e+02
  1.83231699e+02 -9.11983938e+01  1.91598402e+02  7.99646657e+01
  1.70708304e+02  2.63234116e+02 -2.50274832e+02 -2.31068170e+02
 -1.90134191e+02 -1.12602032e+02 -1.91064755e+02 -1.83792925e+02
 -2.41731846e+02  2.25130537e+02  2.63707270e+02  6.22647743e+01
  1.54276866e+02 -2.69922510e+02  8.96612083e+01 -4.31198586e+01
 -2.72151302e+02 -1.67865501e+02  1.60382664e+02  4.58735989e+00
 -1.41039844e+02 -7.07692544e+01  1.36981154e+02 -5.08209101e+01
  2.09632703e+01  9.91454469e+01  5.97614586e+01  2.23438962e+02
  3.58349069e+00 -2.78525807e+02  3.67365826e+01  9.52070123e+01
 -1.13250976e+02  2.72795719e+02  1.98153998e+02  1.62030673e+02
 -2.91317941e+02 -1.52069457e+02 -7.13335081e+01 -1.77401910e+02
 -3.31805428e+01 -1.33679705e+02 -2.86879992e+02  1.62518934e+01
  1.43912738e+02  1.30527613e+02  2.94717955e+02  1.71360748e+02
 -1.66638272e+02  2.01197666e+02  3.45042482e+00  2.26924862e+02
 -1.10418426e+02  1.36338833e+02  2.41655550e+02 -1.19891407e+02
 -5.62679269e+01 -1.87706592e+02  4.93767961e+00  2.33234261e+02
 -1.22164269e+01  1.04239477e+02  1.58636924e+02 -4.03365685e+01
  7.92362999e+01  3.65751473e+00 -1.51964268e+02  2.72064721e+02
 -1.55808653e+02 -1.47396474e+02 -9.53447677e+01  1.90221005e+01
  4.66339537e+01 -1.93760523e+02 -1.77551650e+02 -2.60053380e+02
  2.14018534e+01  1.29941655e+02 -2.77616562e+02 -1.44377395e+02
  2.28277932e+02  7.95460659e+01 -1.45730795e+02 -2.38977688e+02
  2.21281138e+02  2.54380211e+02  2.32229816e+02  4.12629659e+01
  1.59967366e+02 -1.07958955e+02  1.91734656e+01 -1.52380655e+02
 -2.07073277e+02  1.53154732e+02  1.31556008e+02  8.78338897e+01
  2.70635743e+02  8.17713330e+01 -2.29686865e+02  2.76866213e+02
 -1.47833563e+02 -7.04544491e+01 -5.12435531e+01 -1.79455988e+02
  5.08693022e+01  1.90755247e+02 -1.55906670e+02 -2.28342876e+02
  2.08778774e+02  2.31764716e+02  2.35996827e+02  1.94946544e+01
 -2.84337861e+02  2.03689868e+01  4.99031436e+01 -6.18466244e+01
 -2.40490690e+02  4.71638300e+01  1.47144633e+02]
stepsize_vec:,[5.0e-02 5.0e-02 5.0e-02 5.0e-02 4.0e-08 5.0e-03 4.0e-02 3.0e-04 1.2e-04
 4.0e-05 2.0e-02 2.0e-01 1.0e-01 2.0e-01 1.5e-03 6.0e+01 6.0e+01 6.0e+01
 6.0e+01 6.0e+01 6.0e+01 6.0e+01 6.0e+01 6.0e+01 6.0e+01 6.0e+01 6.0e+01
 6.0e+01 6.0e+01 6.0e+01 6.0e+01 6.0e+01 6.0e+01 6.0e+01 6.0e+01 6.0e+01
 6.0e+01 6.0e+01 6.0e+01 6.0e+01 6.0e+01 6.0e+01 6.0e+01 6.0e+01 6.0e+01
 6.0e+01 6.0e+01 6.0e+01 6.0e+01 6.0e+01 6.0e+01 6.0e+01 6.0e+01 6.0e+01
 6.0e+01 6.0e+01 6.0e+01 6.0e+01 6.0e+01 6.0e+01 6.0e+01 6.0e+01 6.0e+01
 6.0e+01 6.0e+01 6.0e+01 6.0e+01 6.0e+01 6.0e+01 6.0e+01 6.0e+01 6.0e+01
 6.0e+01 6.0e+01 6.0e+01 6.0e+01 6.0e+01 6.0e+01 6.0e+01 6.0e+01 6.0e+01
 6.0e+01 6.0e+01 6.0e+01 6.0e+01 6.0e+01 6.0e+01 6.0e+01 6.0e+01 6.0e+01
 6.0e+01 6.0e+01 6.0e+01 6.0e+01 6.0e+01 6.0e+01 6.0e+01 6.0e+01 6.0e+01
 6.0e+01 6.0e+01 6.0e+01 6.0e+01 6.0e+01 6.0e+01 6.0e+01 6.0e+01 6.0e+01
 6.0e+01 6.0e+01 6.0e+01 6.0e+01 6.0e+01 6.0e+01 6.0e+01 6.0e+01 6.0e+01
 6.0e+01 6.0e+01 6.0e+01 6.0e+01 6.0e+01 6.0e+01 6.0e+01 6.0e+01 6.0e+01
 6.0e+01 6.0e+01 6.0e+01 6.0e+01 6.0e+01 6.0e+01 6.0e+01 6.0e+01 6.0e+01
 6.0e+01 6.0e+01 6.0e+01 6.0e+01 6.0e+01 6.0e+01 6.0e+01 6.0e+01 6.0e+01
 6.0e+01 6.0e+01 6.0e+01 6.0e+01 6.0e+01 6.0e+01 6.0e+01 6.0e+01 6.0e+01
 6.0e+01 6.0e+01 6.0e+01 6.0e+01 6.0e+01 6.0e+01 6.0e+01 6.0e+01 6.0e+01
 6.0e+01 6.0e+01 6.0e+01 6.0e+01 6.0e+01 6.0e+01 6.0e+01 6.0e+01 6.0e+01
 6.0e+01 6.0e+01 6.0e+01 6.0e+01 6.0e+01 6.0e+01 6.0e+01 6.0e+01 6.0e+01
 6.0e+01 6.0e+01 6.0e+01 6.0e+01 6.0e+01 6.0e+01 6.0e+01 6.0e+01 6.0e+01
 6.0e+01 6.0e+01 6.0e+01 6.0e+01 6.0e+01 6.0e+01 6.0e+01 6.0e+01 6.0e+01
 6.0e+01 6.0e+01 6.0e+01 6.0e+01 6.0e+01 6.0e+01 6.0e+01 6.0e+01 6.0e+01
 6.0e+01 6.0e+01 6.0e+01 6.0e+01 6.0e+01 6.0e+01 6.0e+01 6.0e+01 6.0e+01
 6.0e+01 6.0e+01 6.0e+01 6.0e+01 6.0e+01 6.0e+01 6.0e+01 6.0e+01 6.0e+01
 6.0e+01 6.0e+01 6.0e+01 6.0e+01 6.0e+01 6.0e+01 6.0e+01 6.0e+01 6.0e+01
 6.0e+01 6.0e+01 6.0e+01 6.0e+01 6.0e+01 6.0e+01 6.0e+01 6.0e+01 6.0e+01
 6.0e+01 6.0e+01 6.0e+01 6.0e+01 6.0e+01 6.0e+01 6.0e+01 6.0e+01 6.0e+01
 6.0e+01 6.0e+01 6.0e+01 6.0e+01 6.0e+01 6.0e+01 6.0e+01 6.0e+01 6.0e+01
 6.0e+01 6.0e+01 6.0e+01 6.0e+01 6.0e+01 6.0e+01 6.0e+01 6.0e+01 6.0e+01
 6.0e+01 6.0e+01 6.0e+01 6.0e+01 6.0e+01 6.0e+01 6.0e+01 6.0e+01 6.0e+01
 6.0e+01 6.0e+01 6.0e+01 6.0e+01 6.0e+01 6.0e+01 6.0e+01 6.0e+01 6.0e+01
 6.0e+01 6.0e+01 6.0e+01 6.0e+01 6.0e+01 6.0e+01 6.0e+01 6.0e+01 6.0e+01
 6.0e+01 6.0e+01 6.0e+01 6.0e+01 6.0e+01 6.0e+01 6.0e+01 6.0e+01 6.0e+01
 6.0e+01 6.0e+01 6.0e+01 6.0e+01 6.0e+01 6.0e+01 6.0e+01 6.0e+01 6.0e+01
 6.0e+01 6.0e+01 6.0e+01 6.0e+01 6.0e+01 6.0e+01 6.0e+01 6.0e+01 6.0e+01
 6.0e+01 6.0e+01 6.0e+01 6.0e+01 6.0e+01 6.0e+01 6.0e+01 6.0e+01 6.0e+01
 6.0e+01 6.0e+01 6.0e+01 6.0e+01 6.0e+01 6.0e+01 6.0e+01 6.0e+01 6.0e+01
 6.0e+01 6.0e+01 6.0e+01 6.0e+01 6.0e+01 6.0e+01 6.0e+01 6.0e+01 6.0e+01
 6.0e+01 6.0e+01 6.0e+01 6.0e+01 6.0e+01 6.0e+01 6.0e+01 6.0e+01 6.0e+01
 6.0e+01 6.0e+01 6.0e+01 6.0e+01 6.0e+01 6.0e+01 6.0e+01 6.0e+01 6.0e+01
 6.0e+01 6.0e+01 6.0e+01 6.0e+01 6.0e+01 6.0e+01 6.0e+01 6.0e+01 6.0e+01
 6.0e+01 6.0e+01 6.0e+01 6.0e+01 6.0e+01 6.0e+01 6.0e+01 6.0e+01 6.0e+01
 6.0e+01 6.0e+01 6.0e+01 6.0e+01 6.0e+01 6.0e+01 6.0e+01 6.0e+01 6.0e+01
 6.0e+01 6.0e+01 6.0e+01 6.0e+01 6.0e+01 6.0e+01 6.0e+01 6.0e+01 6.0e+01
 6.0e+01 6.0e+01 6.0e+01 6.0e+01 6.0e+01 6.0e+01 6.0e+01 6.0e+01 6.0e+01
 6.0e+01]
step_ratio_vec:,[0.1 0.1 0.1 0.1 0.1 0.1 0.1 0.1 0.1 0.1 0.1 0.1 0.1 0.1 0.1 0.1 0.1 0.1
 0.1 0.1 0.1 0.1 0.1 0.1 0.1 0.1 0.1 0.1 0.1 0.1 0.1 0.1 0.1 0.1 0.1 0.1
 0.1 0.1 0.1 0.1 0.1 0.1 0.1 0.1 0.1 0.1 0.1 0.1 0.1 0.1 0.1 0.1 0.1 0.1
 0.1 0.1 0.1 0.1 0.1 0.1 0.1 0.1 0.1 0.1 0.1 0.1 0.1 0.1 0.1 0.1 0.1 0.1
 0.1 0.1 0.1 0.1 0.1 0.1 0.1 0.1 0.1 0.1 0.1 0.1 0.1 0.1 0.1 0.1 0.1 0.1
 0.1 0.1 0.1 0.1 0.1 0.1 0.1 0.1 0.1 0.1 0.1 0.1 0.1 0.1 0.1 0.1 0.1 0.1
 0.1 0.1 0.1 0.1 0.1 0.1 0.1 0.1 0.1 0.1 0.1 0.1 0.1 0.1 0.1 0.1 0.1 0.1
 0.1 0.1 0.1 0.1 0.1 0.1 0.1 0.1 0.1 0.1 0.1 0.1 0.1 0.1 0.1 0.1 0.1 0.1
 0.1 0.1 0.1 0.1 0.1 0.1 0.1 0.1 0.1 0.1 0.1 0.1 0.1 0.1 0.1 0.1 0.1 0.1
 0.1 0.1 0.1 0.1 0.1 0.1 0.1 0.1 0.1 0.1 0.1 0.1 0.1 0.1 0.1 0.1 0.1 0.1
 0.1 0.1 0.1 0.1 0.1 0.1 0.1 0.1 0.1 0.1 0.1 0.1 0.1 0.1 0.1 0.1 0.1 0.1
 0.1 0.1 0.1 0.1 0.1 0.1 0.1 0.1 0.1 0.1 0.1 0.1 0.1 0.1 0.1 0.1 0.1 0.1
 0.1 0.1 0.1 0.1 0.1 0.1 0.1 0.1 0.1 0.1 0.1 0.1 0.1 0.1 0.1 0.1 0.1 0.1
 0.1 0.1 0.1 0.1 0.1 0.1 0.1 0.1 0.1 0.1 0.1 0.1 0.1 0.1 0.1 0.1 0.1 0.1
 0.1 0.1 0.1 0.1 0.1 0.1 0.1 0.1 0.1 0.1 0.1 0.1 0.1 0.1 0.1 0.1 0.1 0.1
 0.1 0.1 0.1 0.1 0.1 0.1 0.1 0.1 0.1 0.1 0.1 0.1 0.1 0.1 0.1 0.1 0.1 0.1
 0.1 0.1 0.1 0.1 0.1 0.1 0.1 0.1 0.1 0.1 0.1 0.1 0.1 0.1 0.1 0.1 0.1 0.1
 0.1 0.1 0.1 0.1 0.1 0.1 0.1 0.1 0.1 0.1 0.1 0.1 0.1 0.1 0.1 0.1 0.1 0.1
 0.1 0.1 0.1 0.1 0.1 0.1 0.1 0.1 0.1 0.1 0.1 0.1 0.1 0.1 0.1 0.1 0.1 0.1
 0.1 0.1 0.1 0.1 0.1 0.1 0.1 0.1 0.1 0.1 0.1 0.1 0.1 0.1 0.1 0.1 0.1 0.1
 0.1 0.1 0.1 0.1 0.1 0.1 0.1 0.1 0.1 0.1 0.1 0.1 0.1 0.1 0.1 0.1 0.1 0.1
 0.1 0.1 0.1 0.1 0.1 0.1 0.1 0.1 0.1 0.1 0.1 0.1 0.1 0.1 0.1 0.1 0.1 0.1
 0.1 0.1 0.1 0.1 0.1 0.1 0.1 0.1 0.1 0.1 0.1 0.1 0.1 0.1 0.1 0.1 0.1 0.1
 0.1]
swap interval:,100
sim interval:,[-1.1175e+08 -7.4500e+07 -3.7250e+07  0.0000e+00]
likelihood_sed (T/F):,True
erodep_coords:,[[ 0  3]
 [42 94]
 [42 95]
 ...
 [96 78]
 [96 79]
 [96 80]]
sed scaling factor:,50
samples_per_chain:,12
burnin:,0.25
num params:,415
initial_proposed_vec:,[ 1.21314953e+00  1.18686520e+00  8.61908089e-01  1.13817957e+00
  8.38085359e-07  5.23073770e-01  8.33017400e-01  5.34030780e-03
  9.00045371e-04  9.46884003e-04  4.72866105e-01  5.08294157e+00
  2.40013017e+04  5.59543833e+00  5.93893630e-03  1.02425055e+02
 -1.74722479e+02 -6.13519812e+01  2.33054898e+02  1.49019064e+02
 -2.52456833e+01  2.03002396e+02 -1.69670348e+02  1.10359913e+02
 -1.12854014e+02 -1.98683656e+02 -2.23009507e+01 -2.65658215e+02
  6.42965134e+00 -6.62602122e+00 -8.33794547e+01  3.60996773e+01
 -2.93438945e+02 -1.09229344e+02  2.35996852e+01 -7.90353390e+01
  1.49541353e+02  1.64561790e+02 -7.93219420e+01  2.05122526e+02
  2.51101716e+02  1.75983643e+02 -5.51212805e+01  7.86275792e+01
  2.42982208e+01 -1.97424913e+02  2.76393711e+02  1.17242102e+02
 -2.52126040e+02 -2.62387878e+02 -1.59578310e+02  1.74236203e+02
  7.92578982e+01 -1.47175939e+02  1.08442123e+02 -2.76129014e+02
  1.01444271e+02  2.20162600e+02 -1.57606102e+02  1.87576464e+02
 -2.09951259e+02  2.08557599e+02  2.58111487e+02 -9.62362343e+01
 -5.49221980e+01 -6.54421485e+00  1.53541067e+02 -1.20210504e+02
  6.55008575e+01 -1.58616422e+02 -1.50717761e+02 -1.86051283e+02
  1.14452120e+02 -2.81286774e+02  5.56699306e+01 -8.20005014e+01
 -3.41499718e+01 -2.40620224e+02  1.38306624e+02  5.53352160e+01
 -2.56366173e+02  1.71968869e+02 -1.96589986e+02 -1.26881653e+02
 -5.78297844e+01  3.68419864e+01 -2.06505409e+02 -1.60774270e+02
 -2.48373974e+02 -2.27483329e+02 -7.71596632e+01 -7.04792082e+01
  1.05058640e+02 -2.78562149e+02 -2.97051945e+02 -1.79255277e+02
  1.20385480e+02  2.56115829e+02  1.34681191e+02  1.11712229e+02
 -9.71436895e+01  1.26672108e+02 -1.80453740e+02 -2.25203121e+02
 -1.57642568e+02  1.33043068e+02 -1.71600629e+02 -7.14060974e+01
 -2.91921189e+02  2.28430416e+02  1.20672276e+02  7.38912715e+01
  1.72340218e+02  6.91004131e+01 -4.55350088e+01 -2.26220227e+02
 -3.95364593e+01  2.03985361e+02  1.84070894e+02 -1.59080538e+02
 -2.28131769e+02 -2.84930639e+02  2.59117850e+02  8.08011450e+00
 -2.77481335e+02 -2.16390826e+02 -1.28176560e+02 -3.62490490e+01
  2.61873560e+02  9.51850769e+01  4.30776690e+01 -1.25367407e+02
 -2.61061593e+01 -1.49603013e+02  8.42102085e+00 -2.99134358e+02
  2.32178943e+01 -2.39377004e+02  1.15835777e+02 -2.68195398e+02
 -2.14941704e+02  8.98758298e+00 -1.22256612e+02 -1.35487082e+02
  7.51820905e+01  2.66465673e+02 -5.40535279e+01 -4.96853809e+01
  3.89811520e+00  1.07978664e+02  4.14029371e+01  1.27892350e+02
 -1.17414158e+02  1.52813655e+02  6.10059753e+01 -3.22679083e+01
  1.56817183e+02 -2.05493681e+02  1.22516654e+02 -9.24169934e+01
 -4.68388363e+01 -2.94313678e+01  4.71690272e+01  2.50022107e+02
 -6.76308984e+01  2.56384106e+01  1.11276841e+02 -2.96458330e+02
 -1.42086061e+02  2.65311322e+02 -2.24058755e+02 -1.00478284e+02
  6.60008226e+01 -1.29483404e+02 -2.33086651e+02 -2.20063627e+01
 -1.28549298e+02 -3.74110425e+00 -1.13315499e+02 -2.06116947e+02
  3.56083633e+01  2.26642781e+02  2.14336526e+02 -2.97207380e+02
  1.12377587e+02  1.12017158e+02 -5.17566917e+01 -2.26190935e+02
 -2.21996586e+02 -1.08590102e+02  4.54977885e+01 -2.83205987e+02
  1.43500767e+02 -2.60964464e+02 -1.93859895e+02 -1.35563954e+02
  2.61407784e+00  1.20309052e+02  1.20707286e+02  3.60678210e+01
  3.58293970e+01 -2.06256507e+02 -1.66564766e+02 -7.08551829e+00
 -2.41450134e+02  1.96209928e+02  2.96436078e+02 -2.34276658e+02
 -2.92770878e+01  1.22927856e+01  9.58277420e+01 -2.83804872e+02
 -1.53244540e+02 -4.00966371e+01  5.65502866e+01 -1.78731997e+02
  3.86520028e+01  9.01941846e+01  1.78669466e+02  7.18056719e+01
  2.66590529e+01 -1.97349392e+02 -2.34901154e+02  2.52229036e+02
 -1.21644297e+02 -1.80622182e+02  1.19362938e+02  1.33125317e+02
  2.70591653e+02  1.92056096e+02 -1.29346516e+02 -6.87475739e+01
  2.10126386e+02  2.88525327e+02  4.50894288e+01  4.85832882e+00
  2.53745515e+02 -2.01213392e+02  2.92200675e+02  3.65785091e+01
 -1.45132132e+01  1.90025262e+02  1.22193739e+01  2.37684644e+02
  1.47657097e+02 -1.19552668e+02 -1.46934394e+01  5.68047389e+01
 -1.09694794e+02  2.50744480e+02 -3.36898427e+01  6.37840719e+01
  9.44164774e+01  2.38946153e+02 -2.97135400e+02  9.11135722e+01
 -2.58862434e+02  2.26689647e+02 -1.97493231e+02  1.35040882e+02
  2.50484376e+02 -2.50693717e+01 -7.20116524e+01  1.07047096e+02
  2.09490868e+02 -1.03778836e+01  4.47116698e+01 -2.87468877e+02
  1.33861881e+02  2.73847520e+02  2.19276446e+02  2.05581019e+02
 -2.51627669e+01 -1.80782351e+02  8.20167840e+01  1.32894218e+02
 -1.76927514e+02  1.86029848e+02  2.76922074e+02 -2.86726554e+02
  1.34950118e+02  2.79510560e+02  5.03237902e+01  1.04656277e+01
  1.87413925e+02  6.68789005e+01 -4.25068388e+01  9.19364508e+01
  1.10288618e+02  1.03001815e+02 -1.48588926e+02  2.99723205e+02
  1.83231699e+02 -9.11983938e+01  1.91598402e+02  7.99646657e+01
  1.70708304e+02  2.63234116e+02 -2.50274832e+02 -2.31068170e+02
 -1.90134191e+02 -1.12602032e+02 -1.91064755e+02 -1.83792925e+02
 -2.41731846e+02  2.25130537e+02  2.63707270e+02  6.22647743e+01
  1.54276866e+02 -2.69922510e+02  8.96612083e+01 -4.31198586e+01
 -2.72151302e+02 -1.67865501e+02  1.60382664e+02  4.58735989e+00
 -1.41039844e+02 -7.07692544e+01  1.36981154e+02 -5.08209101e+01
  2.09632703e+01  9.91454469e+01  5.97614586e+01  2.23438962e+02
  3.58349069e+00 -2.78525807e+02  3.67365826e+01  9.52070123e+01
 -1.13250976e+02  2.72795719e+02  1.98153998e+02  1.62030673e+02
 -2.91317941e+02 -1.52069457e+02 -7.13335081e+01 -1.77401910e+02
 -3.31805428e+01 -1.33679705e+02 -2.86879992e+02  1.62518934e+01
  1.43912738e+02  1.30527613e+02  2.94717955e+02  1.71360748e+02
 -1.66638272e+02  2.01197666e+02  3.45042482e+00  2.26924862e+02
 -1.10418426e+02  1.36338833e+02  2.41655550e+02 -1.19891407e+02
 -5.62679269e+01 -1.87706592e+02  4.93767961e+00  2.33234261e+02
 -1.22164269e+01  1.04239477e+02  1.58636924e+02 -4.03365685e+01
  7.92362999e+01  3.65751473e+00 -1.51964268e+02  2.72064721e+02
 -1.55808653e+02 -1.47396474e+02 -9.53447677e+01  1.90221005e+01
  4.66339537e+01 -1.93760523e+02 -1.77551650e+02 -2.60053380e+02
  2.14018534e+01  1.29941655e+02 -2.77616562e+02 -1.44377395e+02
  2.28277932e+02  7.95460659e+01 -1.45730795e+02 -2.38977688e+02
  2.21281138e+02  2.54380211e+02  2.32229816e+02  4.12629659e+01
  1.59967366e+02 -1.07958955e+02  1.91734656e+01 -1.52380655e+02
 -2.07073277e+02  1.53154732e+02  1.31556008e+02  8.78338897e+01
  2.70635743e+02  8.17713330e+01 -2.29686865e+02  2.76866213e+02
 -1.47833563e+02 -7.04544491e+01 -5.12435531e+01 -1.79455988e+02
  5.08693022e+01  1.90755247e+02 -1.55906670e+02 -2.28342876e+02
  2.08778774e+02  2.31764716e+02  2.35996827e+02  1.94946544e+01
 -2.84337861e+02  2.03689868e+01  4.99031436e+01 -6.18466244e+01
 -2.40490690e+02  4.71638300e+01  1.47144633e+02]
stepsize_vec:,[5.0e-02 5.0e-02 5.0e-02 5.0e-02 4.0e-08 5.0e-03 4.0e-02 3.0e-04 1.2e-04
 4.0e-05 2.0e-02 2.0e-01 1.0e-01 2.0e-01 1.5e-03 6.0e+01 6.0e+01 6.0e+01
 6.0e+01 6.0e+01 6.0e+01 6.0e+01 6.0e+01 6.0e+01 6.0e+01 6.0e+01 6.0e+01
 6.0e+01 6.0e+01 6.0e+01 6.0e+01 6.0e+01 6.0e+01 6.0e+01 6.0e+01 6.0e+01
 6.0e+01 6.0e+01 6.0e+01 6.0e+01 6.0e+01 6.0e+01 6.0e+01 6.0e+01 6.0e+01
 6.0e+01 6.0e+01 6.0e+01 6.0e+01 6.0e+01 6.0e+01 6.0e+01 6.0e+01 6.0e+01
 6.0e+01 6.0e+01 6.0e+01 6.0e+01 6.0e+01 6.0e+01 6.0e+01 6.0e+01 6.0e+01
 6.0e+01 6.0e+01 6.0e+01 6.0e+01 6.0e+01 6.0e+01 6.0e+01 6.0e+01 6.0e+01
 6.0e+01 6.0e+01 6.0e+01 6.0e+01 6.0e+01 6.0e+01 6.0e+01 6.0e+01 6.0e+01
 6.0e+01 6.0e+01 6.0e+01 6.0e+01 6.0e+01 6.0e+01 6.0e+01 6.0e+01 6.0e+01
 6.0e+01 6.0e+01 6.0e+01 6.0e+01 6.0e+01 6.0e+01 6.0e+01 6.0e+01 6.0e+01
 6.0e+01 6.0e+01 6.0e+01 6.0e+01 6.0e+01 6.0e+01 6.0e+01 6.0e+01 6.0e+01
 6.0e+01 6.0e+01 6.0e+01 6.0e+01 6.0e+01 6.0e+01 6.0e+01 6.0e+01 6.0e+01
 6.0e+01 6.0e+01 6.0e+01 6.0e+01 6.0e+01 6.0e+01 6.0e+01 6.0e+01 6.0e+01
 6.0e+01 6.0e+01 6.0e+01 6.0e+01 6.0e+01 6.0e+01 6.0e+01 6.0e+01 6.0e+01
 6.0e+01 6.0e+01 6.0e+01 6.0e+01 6.0e+01 6.0e+01 6.0e+01 6.0e+01 6.0e+01
 6.0e+01 6.0e+01 6.0e+01 6.0e+01 6.0e+01 6.0e+01 6.0e+01 6.0e+01 6.0e+01
 6.0e+01 6.0e+01 6.0e+01 6.0e+01 6.0e+01 6.0e+01 6.0e+01 6.0e+01 6.0e+01
 6.0e+01 6.0e+01 6.0e+01 6.0e+01 6.0e+01 6.0e+01 6.0e+01 6.0e+01 6.0e+01
 6.0e+01 6.0e+01 6.0e+01 6.0e+01 6.0e+01 6.0e+01 6.0e+01 6.0e+01 6.0e+01
 6.0e+01 6.0e+01 6.0e+01 6.0e+01 6.0e+01 6.0e+01 6.0e+01 6.0e+01 6.0e+01
 6.0e+01 6.0e+01 6.0e+01 6.0e+01 6.0e+01 6.0e+01 6.0e+01 6.0e+01 6.0e+01
 6.0e+01 6.0e+01 6.0e+01 6.0e+01 6.0e+01 6.0e+01 6.0e+01 6.0e+01 6.0e+01
 6.0e+01 6.0e+01 6.0e+01 6.0e+01 6.0e+01 6.0e+01 6.0e+01 6.0e+01 6.0e+01
 6.0e+01 6.0e+01 6.0e+01 6.0e+01 6.0e+01 6.0e+01 6.0e+01 6.0e+01 6.0e+01
 6.0e+01 6.0e+01 6.0e+01 6.0e+01 6.0e+01 6.0e+01 6.0e+01 6.0e+01 6.0e+01
 6.0e+01 6.0e+01 6.0e+01 6.0e+01 6.0e+01 6.0e+01 6.0e+01 6.0e+01 6.0e+01
 6.0e+01 6.0e+01 6.0e+01 6.0e+01 6.0e+01 6.0e+01 6.0e+01 6.0e+01 6.0e+01
 6.0e+01 6.0e+01 6.0e+01 6.0e+01 6.0e+01 6.0e+01 6.0e+01 6.0e+01 6.0e+01
 6.0e+01 6.0e+01 6.0e+01 6.0e+01 6.0e+01 6.0e+01 6.0e+01 6.0e+01 6.0e+01
 6.0e+01 6.0e+01 6.0e+01 6.0e+01 6.0e+01 6.0e+01 6.0e+01 6.0e+01 6.0e+01
 6.0e+01 6.0e+01 6.0e+01 6.0e+01 6.0e+01 6.0e+01 6.0e+01 6.0e+01 6.0e+01
 6.0e+01 6.0e+01 6.0e+01 6.0e+01 6.0e+01 6.0e+01 6.0e+01 6.0e+01 6.0e+01
 6.0e+01 6.0e+01 6.0e+01 6.0e+01 6.0e+01 6.0e+01 6.0e+01 6.0e+01 6.0e+01
 6.0e+01 6.0e+01 6.0e+01 6.0e+01 6.0e+01 6.0e+01 6.0e+01 6.0e+01 6.0e+01
 6.0e+01 6.0e+01 6.0e+01 6.0e+01 6.0e+01 6.0e+01 6.0e+01 6.0e+01 6.0e+01
 6.0e+01 6.0e+01 6.0e+01 6.0e+01 6.0e+01 6.0e+01 6.0e+01 6.0e+01 6.0e+01
 6.0e+01 6.0e+01 6.0e+01 6.0e+01 6.0e+01 6.0e+01 6.0e+01 6.0e+01 6.0e+01
 6.0e+01 6.0e+01 6.0e+01 6.0e+01 6.0e+01 6.0e+01 6.0e+01 6.0e+01 6.0e+01
 6.0e+01 6.0e+01 6.0e+01 6.0e+01 6.0e+01 6.0e+01 6.0e+01 6.0e+01 6.0e+01
 6.0e+01 6.0e+01 6.0e+01 6.0e+01 6.0e+01 6.0e+01 6.0e+01 6.0e+01 6.0e+01
 6.0e+01 6.0e+01 6.0e+01 6.0e+01 6.0e+01 6.0e+01 6.0e+01 6.0e+01 6.0e+01
 6.0e+01 6.0e+01 6.0e+01 6.0e+01 6.0e+01 6.0e+01 6.0e+01 6.0e+01 6.0e+01
 6.0e+01 6.0e+01 6.0e+01 6.0e+01 6.0e+01 6.0e+01 6.0e+01 6.0e+01 6.0e+01
 6.0e+01 6.0e+01 6.0e+01 6.0e+01 6.0e+01 6.0e+01 6.0e+01 6.0e+01 6.0e+01
 6.0e+01 6.0e+01 6.0e+01 6.0e+01 6.0e+01 6.0e+01 6.0e+01 6.0e+01 6.0e+01
 6.0e+01]
step_ratio_vec:,[0.1 0.1 0.1 0.1 0.1 0.1 0.1 0.1 0.1 0.1 0.1 0.1 0.1 0.1 0.1 0.1 0.1 0.1
 0.1 0.1 0.1 0.1 0.1 0.1 0.1 0.1 0.1 0.1 0.1 0.1 0.1 0.1 0.1 0.1 0.1 0.1
 0.1 0.1 0.1 0.1 0.1 0.1 0.1 0.1 0.1 0.1 0.1 0.1 0.1 0.1 0.1 0.1 0.1 0.1
 0.1 0.1 0.1 0.1 0.1 0.1 0.1 0.1 0.1 0.1 0.1 0.1 0.1 0.1 0.1 0.1 0.1 0.1
 0.1 0.1 0.1 0.1 0.1 0.1 0.1 0.1 0.1 0.1 0.1 0.1 0.1 0.1 0.1 0.1 0.1 0.1
 0.1 0.1 0.1 0.1 0.1 0.1 0.1 0.1 0.1 0.1 0.1 0.1 0.1 0.1 0.1 0.1 0.1 0.1
 0.1 0.1 0.1 0.1 0.1 0.1 0.1 0.1 0.1 0.1 0.1 0.1 0.1 0.1 0.1 0.1 0.1 0.1
 0.1 0.1 0.1 0.1 0.1 0.1 0.1 0.1 0.1 0.1 0.1 0.1 0.1 0.1 0.1 0.1 0.1 0.1
 0.1 0.1 0.1 0.1 0.1 0.1 0.1 0.1 0.1 0.1 0.1 0.1 0.1 0.1 0.1 0.1 0.1 0.1
 0.1 0.1 0.1 0.1 0.1 0.1 0.1 0.1 0.1 0.1 0.1 0.1 0.1 0.1 0.1 0.1 0.1 0.1
 0.1 0.1 0.1 0.1 0.1 0.1 0.1 0.1 0.1 0.1 0.1 0.1 0.1 0.1 0.1 0.1 0.1 0.1
 0.1 0.1 0.1 0.1 0.1 0.1 0.1 0.1 0.1 0.1 0.1 0.1 0.1 0.1 0.1 0.1 0.1 0.1
 0.1 0.1 0.1 0.1 0.1 0.1 0.1 0.1 0.1 0.1 0.1 0.1 0.1 0.1 0.1 0.1 0.1 0.1
 0.1 0.1 0.1 0.1 0.1 0.1 0.1 0.1 0.1 0.1 0.1 0.1 0.1 0.1 0.1 0.1 0.1 0.1
 0.1 0.1 0.1 0.1 0.1 0.1 0.1 0.1 0.1 0.1 0.1 0.1 0.1 0.1 0.1 0.1 0.1 0.1
 0.1 0.1 0.1 0.1 0.1 0.1 0.1 0.1 0.1 0.1 0.1 0.1 0.1 0.1 0.1 0.1 0.1 0.1
 0.1 0.1 0.1 0.1 0.1 0.1 0.1 0.1 0.1 0.1 0.1 0.1 0.1 0.1 0.1 0.1 0.1 0.1
 0.1 0.1 0.1 0.1 0.1 0.1 0.1 0.1 0.1 0.1 0.1 0.1 0.1 0.1 0.1 0.1 0.1 0.1
 0.1 0.1 0.1 0.1 0.1 0.1 0.1 0.1 0.1 0.1 0.1 0.1 0.1 0.1 0.1 0.1 0.1 0.1
 0.1 0.1 0.1 0.1 0.1 0.1 0.1 0.1 0.1 0.1 0.1 0.1 0.1 0.1 0.1 0.1 0.1 0.1
 0.1 0.1 0.1 0.1 0.1 0.1 0.1 0.1 0.1 0.1 0.1 0.1 0.1 0.1 0.1 0.1 0.1 0.1
 0.1 0.1 0.1 0.1 0.1 0.1 0.1 0.1 0.1 0.1 0.1 0.1 0.1 0.1 0.1 0.1 0.1 0.1
 0.1 0.1 0.1 0.1 0.1 0.1 0.1 0.1 0.1 0.1 0.1 0.1 0.1 0.1 0.1 0.1 0.1 0.1
 0.1]
swap interval:,100
sim interval:,[-1.1175e+08 -7.4500e+07 -3.7250e+07  0.0000e+00]
likelihood_sed (T/F):,True
erodep_coords:,[[ 0  3]
 [42 94]
 [42 95]
 ...
 [96 78]
 [96 79]
 [96 80]]
sed scaling factor:,50