-347889.18000 -424409.65000 -212401.57000 -233948.12000 -315583.18000 -285682.87000 -258399.50000 -384095.28000
-347298.65000 -424408.13000 -211943.64000 -234079.31000 -314990.73000 -285000.16000 -258396.97000 -383648.59000
-347212.94000 -423337.71000 -211997.21000 -234347.19000 -315086.62000 -284593.21000 -258382.20000 -383290.36000
-347137.66000 -424417.28000 -212183.85000 -233906.36000 -314737.48000 -285197.46000 -258572.03000 -383089.39000
-347661.89000 -422862.50000 -212208.67000 -233702.16000 -314697.13000 -285365.48000 -258335.46000 -383181.95000
-346673.79000 -423851.67000 -212151.05000 -234021.74000 -314905.41000 -284724.83000 -258421.33000 -382882.51000
-346728.77000 -423686.41000 -212034.33000 -233817.48000 -314849.75000 -285111.58000 -258059.90000 -383006.82000
-346940.22000 -423204.04000 -212150.94000 -233796.44000 -314739.21000 -285283.78000 -258423.45000 -383525.18000
-346620.84000 -424031.74000 -212074.63000 -233832.55000 -314613.60000 -285026.05000 -258320.36000 -382986.59000
-347291.46000 -422747.62000 -212195.43000 -233765.54000 -314493.19000 -285474.10000 -258134.53000 -383087.42000
-347208.04000 -422834.98000 -212144.49000 -233532.77000 -314603.47000 -285546.43000 -258207.32000 -382425.39000
