1.132710190340910028e+00
1.113783041931817541e+00
8.356506967045461698e-01
1.047758397159092247e+00
8.148863636363633614e-07
4.958239888636368775e-01
7.922118531818186371e-01
5.045472386363636895e-03
1.020790113636363926e-03
8.821321590909094899e-04
4.537142276136360564e-01
4.837092798181815922e+00
2.263754834136896170e+04
5.192747296590911610e+00
6.248339431818176158e-03
9.135195532795454199e+01
-1.069148975242045623e+02
-7.567338173784085598e+01
2.112659283628408957e+02
1.654962769450001190e+02
-1.316883323102272385e+01
1.706341623177272879e+02
-1.853574159731819009e+02
4.104169793806818944e+01
-1.153941477106818212e+02
-1.828149787007955354e+02
-2.184127743477271366e+01
-2.050029255607953758e+02
-7.026433584431828194e+00
9.218852065000010754e+00
-8.851655377068186681e+01
6.854031766818185645e+01
-2.334698110003410818e+02
-1.031718518832953180e+02
-7.099472140227263139e+00
-6.909146236352268033e+01
1.392775319343182900e+02
1.234913952898862135e+02
-8.941882503068178778e+01
1.510287793272727583e+02
1.831186003003409724e+02
1.106853678337500213e+02
-7.613500444636352427e+01
6.586163582113637460e+01
2.344471685693180518e+01
-1.947056549944316544e+02
2.262480834639773946e+02
5.209607199647721387e+01
-1.933200515865909495e+02
-2.003326675157954639e+02
-1.137766160573863630e+02
9.509525580625005148e+01
7.713819859431825421e+01
-1.298402139159089472e+02
8.551454503113627936e+01
-2.393456412398861346e+02
6.583101573977283749e+01
1.911542390355681960e+02
-1.448878253467045170e+02
1.901426134046591585e+02
-1.574525665705681661e+02
2.027690355823863513e+02
2.119382109839771147e+02
-1.309657181594318729e+02
-6.341297711227274903e+01
-1.636526799318181702e+01
1.151476998544318491e+02
-1.088261090847727388e+02
6.140886816238630530e+01
-6.252185819068179029e+01
-1.503428006886364301e+02
-1.632393783421591422e+02
1.496035546857956149e+02
-2.073974550961362979e+02
9.149809094659097752e+00
-9.509986270454542989e+01
-1.083809888272726774e+01
-1.889312997522726505e+02
5.985464866397721551e+01
2.183426145556818909e+01
-1.867009298844318721e+02
1.367783443194316817e+02
-1.650887664657954872e+02
-1.321096825604545018e+02
-7.352188002636377462e+01
6.142782369556822886e+01
-1.981331697078410627e+02
-1.112091380937500276e+02
-1.960300548324998999e+02
-2.330479438877272571e+02
-1.173155587749998716e+02
-6.172215208704540856e+01
1.051393889447727759e+02
-2.102006122872726621e+02
-2.212688527278409936e+02
-1.572566402890907966e+02
8.410017851090908891e+01
1.919438870792045293e+02
8.662658678522733169e+01
1.095720723220455568e+02
-3.615902913477273728e+01
1.178760350914771919e+02
-1.577062171137500002e+02
-1.534154595810227590e+02
-1.720296959460225992e+02
9.722057979272720729e+01
-1.792608955548863889e+02
-6.843371550795451697e+01
-2.341194187695458027e+02
2.051867029674998832e+02
6.684035432931811727e+01
8.061672508488648248e+01
1.125865145115908916e+02
9.256845309352280537e+01
-4.013898314681815549e+01
-1.764176552638634803e+02
-7.193956271431819971e+01
1.366709213246590195e+02
1.501150936800000579e+02
-1.824062673521590909e+02
-1.704345033852272877e+02
-1.987582789368182716e+02
2.142905356590907786e+02
3.153360948727271307e+01
-2.046260550904544004e+02
-1.974103634223862969e+02
-1.503212112468183079e+02
3.197420608113635510e+01
2.244992088801135424e+02
9.939277628295458555e+01
9.562652189090920629e+00
-1.149673351630682134e+02
-2.192645874579545762e+01
-8.207072362000000965e+01
2.725611783806816391e+01
-2.330183062857953473e+02
-1.209032227795456826e+01
-1.838976765811364373e+02
9.190189331454548949e+01
-2.021396914243182437e+02
-1.837697350519318320e+02
-2.843618328818179464e+01
-6.096098587999997420e+01
-1.188632092248863472e+02
7.956321980795459581e+01
1.834613940151136546e+02
-2.299158058965907969e+01
-8.248892509534097428e+01
-2.473676269670455952e+01
1.020303916065910528e+02
4.320604116193184296e+01
8.001186293397732641e+01
-1.039434614187499051e+02
1.518156180678408589e+02
2.095170583295455558e+01
-7.387699378011365070e+01
1.116805812020454027e+02
-1.480397779218183416e+02
8.734586232534094563e+01
-9.916155710454542316e+01
-5.151694053954545893e+01
-5.797079559238639490e+01
6.480755745784091459e+01
2.376888877617046205e+02
-6.451420740909084905e+00
5.879845941022714406e+00
8.638371964034095640e+01
-2.250078036536362731e+02
-8.072504327977269156e+01
2.199687839312502433e+02
-2.035382466831815975e+02
-1.927754573318182452e+01
1.059022381115908189e+02
-1.538700534076135398e+02
-1.937893245359091736e+02
-2.644068090147726480e+01
-1.049943602869318511e+02
-7.657612310340880413e+00
-8.757547047125007111e+01
-1.613535533603408112e+02
4.369696866397728030e+01
2.052981999923861451e+02
1.705146650578409435e+02
-2.447216371971589979e+02
8.047848881818185873e+01
4.380519246829545210e+01
-9.828870804090906077e+00
-1.079998548114772774e+02
-1.878596665196592141e+02
-9.481766789431816278e+01
4.109143694545458203e+01
-2.365915521875001275e+02
1.246924526209091795e+02
-1.983188692200000389e+02
-1.700188058699998805e+02
-1.163276948867045633e+02
9.507719321022717551e+00
7.974359098170451432e+01
1.263028340689771909e+02
-2.196867119011364267e+01
3.402873056818184949e+01
-2.083102076546591093e+02
-8.616928207249996774e+01
3.565685290897729232e+01
-2.119129454207954666e+02
1.985204482675000008e+02
2.379354128621587847e+02
-1.468054939915908221e+02
1.150500081477273184e+01
-6.842651709204556454e+00
1.233864050150001788e+02
-1.976837781712501112e+02
-1.354252101872728247e+02
-4.065166743090904333e+01
5.788790893238642354e+01
-1.893068035257953170e+02
1.686215022159092314e+01
7.876440933454540527e+01
1.407569689828407888e+02
5.844888595011367016e+01
-1.716855808749997792e+01
-1.927890219656819681e+02
-1.968003333136364006e+02
2.017910763843179041e+02
-8.055306423704541885e+01
-1.318725062060227913e+02
1.053331276719317486e+02
1.159759992484091669e+02
2.200861323532955112e+02
1.694142242923863364e+02
-1.523705223675000582e+02
-5.371209285056819027e+01
1.688701930659089783e+02
2.109114757646590306e+02
-1.053228301670454847e+01
4.285924434306819819e+01
2.245621414095453474e+02
-1.711756561004545176e+02
2.140598050606816116e+02
3.776606938545456416e+01
9.996405108068184830e+00
1.363888874436364631e+02
-2.097098493068177749e+00
1.712539091959090456e+02
1.706229692302272554e+02
-8.137366577136361911e+01
1.460722886284091437e+01
4.456181054852274315e+01
-7.167835513693177063e+01
2.128076334611364189e+02
-1.152610775261362086e+01
1.423450209556817825e+01
6.812602713295456169e+01
1.915906225386362962e+02
-2.208736288779545305e+02
8.319681637590905154e+01
-1.889572224579544297e+02
1.493015232826135730e+02
-1.823623841353409887e+02
1.127146412330681358e+02
2.036059171007952386e+02
2.166694008670454252e+01
-5.516862586613637376e+01
3.182967521954545731e+01
1.487975432461364278e+02
2.008231187954545582e+00
2.523128065965907751e+01
-2.146892296477272168e+02
1.601958923824999488e+02
1.986353907273862944e+02
1.867369202605681551e+02
1.569100408432954339e+02
-4.183724110454563494e+00
-1.330491051018183271e+02
7.068815660715908678e+01
1.388517434736363612e+02
-1.347416296790908632e+02
1.931327488885228547e+02
2.246905150611362956e+02
-2.106818789743183515e+02
1.327617897842044954e+02
2.370762325925000198e+02
6.421417866102272853e+01
4.701538037272726456e+00
1.855402598859090801e+02
5.810624461704544785e+01
-5.371128317500002858e+00
1.096921490112498816e+02
7.611716909306819900e+01
7.226599972034098585e+01
-1.658290397772727545e+02
2.159636353517045677e+02
1.694572077239772341e+02
-1.056218419698863755e+02
1.848508385823862170e+02
5.594365853693177115e+01
1.337954553188637590e+02
1.717473172092046241e+02
-2.077663137679544718e+02
-2.036082359119318141e+02
-1.580997372164772798e+02
-8.780260543522727801e+01
-1.339498183706819532e+02
-1.940066864909091180e+02
-2.041825786471588060e+02
2.116567230856819037e+02
2.016235776961365218e+02
2.575036778147728000e+01
1.152232999905682789e+02
-2.038184983853409165e+02
1.181962270376134825e+02
-3.774356723738633690e+01
-2.124995845769315679e+02
-6.394285869727269045e+01
1.231684080036363724e+02
-2.632613514306818914e+01
-7.987127155022729141e+01
-2.898885482181820805e+01
1.479463418612499765e+02
-9.309640355136366452e+01
1.664481222875000199e+01
9.178562699374991496e+01
-1.573696875909084802e+00
2.069839827359092794e+02
1.566928625909091721e+01
-1.918432068946592040e+02
-3.706927684318189975e+00
9.291452474511363846e+01
-1.190249362807953872e+02
2.253421586620455628e+02
1.533988084084092804e+02
1.373354448686362161e+02
-2.095525631406819969e+02
-1.359049038455680716e+02
-1.006198355256818644e+02
-1.508541448823863220e+02
-5.679718094863635969e+01
-1.125873037249998561e+02
-2.166673783105682389e+02
1.581306194113636110e+01
1.918602814469316513e+02
1.510036387203409163e+02
2.223209704424998563e+02
1.557861112205682446e+02
-1.206398672922727258e+02
1.961627428472726251e+02
-5.168640344363637240e+01
1.780568103440910193e+02
-4.422450735193186233e+01
1.242835586592044734e+02
1.988625912642045535e+02
-8.956043465113640423e+01
-2.556749663034090858e+01
-2.062302335384088963e+02
-2.522115409340912251e+01
1.901128865350001149e+02
-5.053172717363636934e+01
6.487192578306812152e+01
1.549677357900001198e+02
-8.761801898636369046e+00
7.295184915170456463e+01
2.148127217045444348e-01
-9.582346543147731666e+01
1.939859959810228247e+02
-1.405811433452273889e+02
-1.229114457115907442e+02
-9.762579563022718787e+01
-8.342412361022731204e+00
1.573634634363636486e+01
-1.564103599085227643e+02
-1.356444633172727379e+02
-2.001402941727272378e+02
-1.304213126920454435e+01
1.505717267014773029e+02
-1.679074078011365145e+02
-1.461940262764773024e+02
2.194096996477274786e+02
1.169526810601135765e+02
-1.561229842407954038e+02
-1.881415411188636426e+02
1.845086148364770509e+02
2.289744360031819497e+02
2.011443711653408286e+02
7.423014650522726754e+01
1.077831899947728402e+02
-9.144426885125002968e+01
5.127294920261365974e+01
-1.236737588764772369e+02
-1.827485450628408898e+02
1.559685737470452125e+02
1.685176687280680881e+02
7.994189758863639383e+01
2.030029041369319032e+02
6.974109529590901957e+01
-1.522428010564774752e+02
2.323845050203411233e+02
-1.601259680492045163e+02
-5.217540629193182866e+01
-8.048138362227267351e+01
-2.090026382626135444e+02
7.664721768999999085e+01
1.804564947837499744e+02
-1.517658319839771082e+02
-1.374259568445454249e+02
1.888051326339775073e+02
2.022185716829543765e+02
1.832337296156817672e+02
-2.565349001136380647e+00
-2.088922358754545598e+02
7.874900776022710325e+00
5.661214879261364530e+01
-5.111288526511363983e+01
-1.978077195443179335e+02
6.707913404909088229e+01
1.401203320636363685e+02
