2.803218580101726198e-01
2.800603218936534300e-01
2.103508937196121031e-01
2.634529564380684308e-01
2.092410219545751462e-07
1.218345476740687883e-01
1.962268517907936882e-01
1.261823471761650385e-03
3.516706559232472482e-04
2.249253242262704033e-04
1.144060046083606452e-01
1.228965097554449715e+00
5.556167717412494312e+03
1.311792473358635025e+00
2.268135768167708378e-03
6.836221967240544473e+01
8.570020837259052371e+01
1.030745113155180661e+02
7.562033016583218625e+01
6.018837452874433325e+01
6.542313391939070755e+01
1.058583231390001629e+02
8.890571387006262682e+01
1.014577847326075783e+02
7.788432648977176598e+01
7.319387056659078894e+01
1.007880753341474218e+02
8.430677849109966360e+01
1.222940872833379728e+02
1.034197954543019478e+02
8.036733877529042047e+01
7.082911309597339766e+01
8.018552037016240774e+01
1.089513526733334317e+02
8.655390458145932087e+01
7.015731752783418074e+01
8.718214736161391443e+01
7.070174320336755613e+01
6.953443424744102686e+01
9.053808965412390819e+01
8.062538066078005272e+01
1.185982775718920834e+02
8.310361470209151946e+01
8.339220613298061835e+01
1.070074806800619314e+02
8.376314412570050649e+01
7.312414680645760257e+01
8.523101230044494514e+01
6.915023396814193291e+01
7.866652522366472056e+01
7.891485860657805063e+01
8.679461663292164531e+01
9.036459765472575612e+01
8.954134747316858522e+01
8.314478930390041000e+01
7.134109056194915865e+01
1.416308416979034348e+02
6.768141773057178057e+01
9.179584614315744773e+01
7.951608115889807493e+01
7.022302364017504317e+01
8.374976634057235003e+01
7.976463017560075741e+01
1.105933974850899801e+02
7.615327910989762472e+01
7.685927792106234335e+01
6.808195400848552481e+01
8.445005284762682152e+01
9.177064973607717491e+01
1.120319234349561839e+02
7.969960910522219422e+01
9.954651782719356845e+01
6.284745716854639852e+01
8.243747970273825842e+01
7.272912784344738668e+01
5.438315052082821666e+01
7.376495273766481375e+01
8.887029499941679944e+01
7.149227980412787531e+01
9.016250642338529531e+01
8.911244837482111336e+01
9.268616037374003724e+01
8.175414716097465373e+01
8.492656120382683582e+01
1.225281793123415071e+02
9.999040637305198231e+01
8.026116168636791315e+01
1.345041094020300818e+02
6.731268191797695977e+01
6.908042892070594121e+01
5.563123982745934626e+01
9.787546944406931004e+01
6.198525523347903032e+01
1.114289673388891657e+02
7.222320171309742420e+01
7.026467769247479112e+01
8.142808319853270405e+01
7.307919268316149441e+01
7.942509833558396792e+01
7.485440509854795721e+01
1.096678697830301275e+02
1.065434137761395874e+02
7.626319738151846650e+01
8.645695095458562207e+01
7.243907235594684835e+01
1.194887331364326144e+02
8.397656687877417880e+01
6.665809462559870724e+01
8.404767938919684411e+01
8.157810053995164878e+01
1.137874541943448747e+02
8.318520124485635847e+01
1.050571922593301508e+02
9.255287447042483961e+01
9.274988398575342785e+01
7.876670092879543006e+01
8.780022616673134905e+01
1.080834048206229880e+02
9.284005758601395542e+01
6.663010552302048950e+01
7.296121617777041024e+01
9.639164151761079324e+01
8.095660311635283790e+01
8.885931581249930389e+01
9.223740565089602228e+01
8.228260480299357482e+01
8.376129687885797637e+01
1.015915530381267189e+02
7.968394074448256958e+01
9.214918062989920600e+01
1.204511009986958641e+02
1.080864188348823518e+02
8.418877543111841533e+01
1.030177111013738767e+02
8.156067565036926226e+01
8.077019119164336303e+01
9.428468773151658411e+01
9.665371946115708113e+01
6.588851821287262567e+01
8.551021684325033334e+01
8.295895628553341794e+01
9.329841073763914494e+01
1.129085329776739997e+02
7.687169119414480178e+01
8.737020329713604383e+01
8.251615814574563501e+01
1.372860933449531728e+02
8.646532591503206788e+01
9.674824644678997743e+01
7.698615846175734134e+01
8.534868233993161368e+01
9.501895952046085370e+01
8.927477615969178260e+01
8.782055420310547333e+01
1.062447791327127078e+02
1.341950384968621108e+02
5.462574390353942277e+01
1.016586519075318620e+02
7.651983011744067653e+01
7.117815421851456392e+01
7.294324585979437359e+01
9.061981245404899710e+01
7.566302663274214524e+01
6.809407112456233335e+01
7.761351669372866979e+01
9.299999741703089740e+01
8.325999284579897619e+01
8.834553308251410897e+01
7.840360602940812385e+01
7.269993359970078473e+01
7.532940920486097980e+01
1.236906482195568913e+02
8.135692805690405294e+01
5.849327495489432494e+01
1.034763018938551369e+02
8.410912386953913256e+01
9.375491294775342510e+01
1.267470638158659710e+02
6.047260327099054678e+01
7.734156915390032339e+01
9.641417919114772417e+01
9.207307423053238438e+01
1.056338973404348422e+02
8.242622370200408000e+01
8.847620789892091864e+01
6.696476031192648293e+01
9.305203709374718812e+01
1.087660409410945164e+02
6.942819789714302203e+01
9.709057861243273635e+01
7.577846479128942292e+01
6.992492827394505639e+01
8.127338532072386101e+01
8.309182042808268420e+01
7.111633622290118240e+01
9.484603343394731212e+01
9.189068563615180096e+01
9.371305532761105894e+01
1.101672609565839593e+02
4.913004541419237370e+01
8.055523378945345314e+01
6.911345312998332702e+01
1.081733238676551707e+02
8.667125117708081916e+01
8.284615562791903187e+01
7.864864611093790359e+01
7.700104450202394446e+01
5.933714694049775318e+01
8.838019646266877771e+01
1.192557340155275512e+02
1.137219177213778778e+02
7.207503478064766966e+01
6.955874610336185526e+01
4.582486524553780072e+01
9.226312607680475253e+01
6.706869329025744264e+01
1.062444359850092468e+02
8.887350072694701453e+01
8.417916631286561824e+01
5.409834107830229755e+01
1.039622531699249350e+02
6.974729726623075976e+01
7.397480737015516183e+01
9.563107004684040646e+01
7.522952879308535046e+01
7.749324427165113605e+01
9.263836723779965610e+01
8.859111822440686979e+01
7.974358639741585364e+01
7.743051498968060287e+01
9.190435742436999078e+01
9.119417512637754442e+01
6.749390801320409139e+01
7.657476409421704489e+01
8.010988300353163538e+01
8.641755137224930650e+01
6.852572725678874122e+01
9.216662108572907641e+01
7.793929682487858202e+01
6.280778053477371969e+01
7.235889225039413475e+01
8.982282981009325340e+01
8.517371902420826757e+01
1.066854916371376305e+02
7.750435584109123965e+01
9.429180143660651936e+01
8.512029730033236774e+01
7.563404252047502041e+01
1.110647705814484567e+02
8.293390891578131630e+01
9.390580488348210508e+01
1.023649751940686059e+02
9.425713565681699890e+01
8.086393185714103993e+01
8.353935110418223076e+01
1.205395852160312984e+02
9.565851914321463312e+01
8.571323100476230650e+01
1.039133428050394627e+02
7.777516606590003789e+01
7.034438115515435186e+01
8.675848423243964191e+01
8.123016733685420832e+01
1.291358956875697004e+02
9.872399493086388134e+01
7.519285433858054546e+01
1.139951702942071137e+02
7.825061746908745874e+01
9.324057899130286842e+01
6.831045606395584002e+01
1.081026280321028281e+02
8.028221040279873932e+01
1.072445899804185387e+02
7.168185017559697769e+01
5.770672206574496954e+01
8.556793056674177933e+01
8.337801246198942806e+01
8.668077379815476036e+01
7.583182952293095980e+01
6.971500085558476201e+01
6.280447590812588743e+01
8.036839915403636780e+01
1.138350579706721248e+02
9.712295548885801111e+01
6.410267190601940968e+01
1.048526820905592700e+02
9.613183555395593771e+01
7.105366920729788660e+01
7.946480557207215156e+01
1.065647276280512585e+02
9.581748243636218376e+01
8.646868946967664726e+01
8.562253605959648439e+01
7.209366759098300292e+01
6.901702606528468209e+01
7.966465622904553356e+01
8.231308925534824539e+01
1.139433537070929248e+02
8.508915287379997494e+01
7.040930297361815349e+01
9.718942659295346687e+01
7.694934596562359275e+01
7.671158019572084186e+01
7.034608522682698606e+01
7.629221357940011217e+01
7.297240701516335548e+01
7.875250591430487646e+01
1.262841297376263014e+02
7.600839160903878167e+01
7.737928232452247812e+01
9.360612450795638040e+01
1.466262382725928148e+02
9.057822102309937407e+01
1.051712584998359716e+02
8.115377763890016638e+01
7.743777120004021697e+01
1.051433550851073591e+02
8.564177592083709101e+01
7.186659997908115827e+01
8.124627559720369163e+01
1.290421472352880130e+02
1.036859646259436261e+02
8.986355924724645661e+01
9.185618966813126463e+01
1.020077272727982631e+02
9.770366969796624801e+01
9.465792951641911657e+01
8.275310187571278675e+01
9.188151500070154043e+01
7.373907091874303887e+01
7.771119074023867768e+01
5.850171965494809001e+01
9.862937850115879712e+01
9.778229948152154805e+01
1.211174460317853772e+02
1.192640823196095710e+02
9.215883717809050779e+01
7.240389523577395892e+01
8.193740253797457740e+01
7.795863590036636026e+01
7.465430144127316225e+01
7.939352101499669345e+01
7.701150789544099950e+01
7.707247029201481325e+01
8.812542521989439592e+01
7.123031260431272926e+01
9.208326129273025629e+01
9.203956841157956603e+01
7.512382800735596788e+01
8.178606216338384627e+01
7.267687307196408142e+01
8.056317712050349655e+01
6.988929095822112458e+01
8.126138811956379016e+01
1.370765263285523190e+02
8.014722700158424118e+01
1.098287322110636808e+02
6.716760035072525170e+01
9.044528852978322675e+01
7.314139382430873582e+01
6.106028716788679134e+01
4.866791672984796691e+01
5.661974414069825201e+01
7.592460046755341807e+01
8.780046964366260909e+01
8.739866567342552628e+01
1.205688541292404636e+02
7.197862337215217110e+01
1.105709088517228906e+02
9.920082272290605374e+01
9.672916603882693209e+01
7.995048277976638929e+01
9.289308111083994390e+01
9.434046241515204656e+01
8.549730149653133537e+01
8.810550766323501648e+01
7.086394809556901464e+01
9.864271384409222776e+01
7.207958328047304519e+01
8.384290442072692429e+01
6.713874419355508394e+01
6.721433156790854468e+01
7.528532854273787223e+01
7.660675604408491779e+01
1.202493781197729845e+02
7.987817503740198788e+01
8.399212400854099769e+01
8.466474138696352725e+01
7.429974303052536300e+01
1.285755822348235426e+02
8.789065848998446029e+01
1.095374889432834493e+02
8.392222577499026670e+01
9.452828855002654507e+01
7.578567783716478345e+01
6.612226614844566086e+01
7.369422995310560509e+01
7.295464120480421855e+01
7.252733897335197355e+01
7.056219826050664778e+01
1.083090627853721770e+02
7.622157430999473604e+01
1.099526389342882169e+02
5.971235459909897259e+01
8.626955369902253778e+01
6.646302525664019356e+01
7.518594716719961468e+01
9.101303100928070933e+01
7.739752370767723733e+01
1.221388573189109650e+02
1.127563995231821536e+02
1.393680581821436704e+02
7.436691469133062071e+01
1.007271666829237375e+02
9.463604592901727131e+01
