-303705.21
-303722.13
-303696.80
-303614.32
-303523.99
-303677.81
-303562.52
-303793.41
-303609.24
-303731.20
-303582.72
-303504.91
-303404.31
-303588.97
-303631.91
-303373.69
-303390.13
-303474.43
-303457.85
-303355.25
-303429.61
-303608.16
-303372.09
-303442.33
-303435.50
-303434.08
-303467.41
-303554.35
-303550.32
-303488.44
-303419.92
-303487.91
-303415.91
-303415.52
-303602.35
-303504.38
-303623.91
-303506.66
-303526.89
-303479.80
-303270.25
-303375.41
-303526.01
-303361.30
-303448.68
-303192.86
-303304.90
-303445.42
-303260.34
-303300.53
-303372.57
-303439.29
-303371.50
-303362.13
-303404.82
-303449.40
-303097.69
-303034.39
-303228.59
-303077.32
-303126.99
-303169.97
-303305.94
-303006.82
-303079.47
-303041.93
-303036.18
-303015.84
-302996.61
-302989.58
-303087.98
-302982.78
-303036.32
-303159.47
-303180.76
-303084.75
-303075.86
-303050.47
-303000.44
-302807.62
-302867.63
-302916.65
-302905.26
-302710.99
-302832.99
-302733.17
-302787.91
-302667.85
-302830.20
-302826.19
-302661.11
-302944.70
-302850.90
-302936.71
-302957.68
-302729.98
-302808.64
-302754.71
-302761.14
-302546.31
-302579.83
-302705.21
-302651.23
-302874.18
-302504.73
-302750.21
-302782.12
-302861.58
-302650.17
-302591.73
-302766.74
-302667.83
-302681.52
-302789.27
-302721.49
-302605.35
-302632.60
-302626.67
-302762.77
-302659.42
-302631.32
-302706.56
-302762.02
-302637.33
