0.00 0.00 -15946.75 -15975.19 1.00 1.00
1.00 0.00 -15946.75 -15960.16 1.00 1.00
2.00 0.00 -15946.75 -15953.19 1.00 1.00
3.00 0.00 -15946.75 -15962.89 1.00 1.00
4.00 1.00 -15929.07 -15929.07 425.99 2912.80
5.00 1.00 -15929.07 -15935.01 425.99 2912.80
6.00 1.00 -15929.07 -15932.04 425.99 2912.80
7.00 2.00 -15906.55 -15906.55 421.52 2888.73
8.00 2.00 -15906.55 -15908.05 421.52 2888.73
9.00 2.00 -15906.55 -15911.02 421.52 2888.73
10.00 3.00 -15874.81 -15874.81 415.29 2903.35
11.00 3.00 -15874.81 -15914.22 415.29 2903.35
12.00 3.00 -15874.81 -15909.71 415.29 2903.35
13.00 4.00 -15873.62 -15873.62 415.06 2876.06
14.00 4.00 -15873.62 -15893.44 415.06 2876.06
15.00 5.00 -15867.56 -15867.56 413.88 2905.14
16.00 5.00 -15867.56 -15882.45 413.88 2905.14
17.00 6.00 -15864.13 -15864.13 413.21 2908.91
18.00 7.00 -15850.58 -15850.58 410.59 2914.47
19.00 7.00 -15850.58 -15859.69 410.59 2914.47
20.00 8.00 -15849.68 -15849.68 410.42 2910.84
21.00 8.00 -25998.57 -26035.17 410.42 2910.84
22.00 8.00 -25998.57 -26049.96 410.42 2910.84
23.00 8.00 -25998.57 -26063.43 410.42 2910.84
24.00 9.00 -25997.17 -25997.17 409.61 2935.60
25.00 9.00 -25997.17 -26010.25 409.61 2935.60
26.00 9.00 -25997.17 -26021.17 409.61 2935.60
27.00 9.00 -25997.17 -26029.20 409.61 2935.60
28.00 9.00 -25997.17 -26034.37 409.61 2935.60
29.00 9.00 -25997.17 -26036.92 409.61 2935.60
30.00 9.00 -25997.17 -26005.00 409.61 2935.60
31.00 9.00 -25997.17 -26040.27 409.61 2935.60
32.00 9.00 -25997.17 -26052.73 409.61 2935.60
33.00 10.00 -25995.67 -25995.67 409.43 2907.37
34.00 10.00 -25995.67 -26030.33 409.43 2907.37
35.00 10.00 -25995.67 -26090.31 409.43 2907.37
36.00 10.00 -25995.67 -26006.71 409.43 2907.37
37.00 10.00 -25995.67 -26062.39 409.43 2907.37
38.00 10.00 -25995.67 -26041.85 409.43 2907.37
39.00 10.00 -25995.67 -26056.83 409.43 2907.37
40.00 10.00 -25995.67 -26020.89 409.43 2907.37
41.00 10.00 -25995.67 -26015.93 409.43 2907.37
42.00 10.00 -25995.67 -26063.29 409.43 2907.37
43.00 10.00 -25995.67 -26002.40 409.43 2907.37
44.00 10.00 -25995.67 -26066.28 409.43 2907.37
45.00 10.00 -25995.67 -26023.95 409.43 2907.37
46.00 10.00 -25995.67 -26027.04 409.43 2907.37
47.00 10.00 -25995.67 -26069.42 409.43 2907.37
48.00 10.00 -25995.67 -26028.03 409.43 2907.37
49.00 10.00 -25995.67 -25999.10 409.43 2907.37
50.00 10.00 -25995.67 -26037.90 409.43 2907.37
51.00 10.00 -25995.67 -26023.53 409.43 2907.37
52.00 11.00 -25996.32 -25996.32 409.51 2922.28
53.00 11.00 -25996.32 -26059.50 409.51 2922.28
54.00 11.00 -25996.32 -25998.35 409.51 2922.28
55.00 11.00 -25996.32 -26007.81 409.51 2922.28
56.00 12.00 -25993.05 -25993.05 409.12 2917.00
57.00 12.00 -25993.05 -26007.14 409.12 2917.00
58.00 12.00 -25993.05 -26028.28 409.12 2917.00
59.00 12.00 -25993.05 -26029.74 409.12 2917.00
60.00 12.00 -25993.05 -26003.50 409.12 2917.00
