0.00 1.00 -26138.96 -26138.96 426.56 2902.84
1.00 2.00 -26104.62 -26104.62 422.39 2905.45
2.00 2.00 -26104.62 -26158.71 422.39 2905.45
3.00 2.00 -26104.62 -26151.14 422.39 2905.45
4.00 2.00 -26104.62 -26130.80 422.39 2905.45
5.00 2.00 -26104.62 -26138.02 422.39 2905.45
6.00 2.00 -26104.62 -26162.59 422.39 2905.45
7.00 2.00 -26104.62 -26148.68 422.39 2905.45
8.00 2.00 -26104.62 -26152.52 422.39 2905.45
9.00 2.00 -26104.62 -26129.55 422.39 2905.45
10.00 3.00 -26092.70 -26092.70 420.95 2914.68
11.00 3.00 -26092.70 -26120.73 420.95 2914.68
12.00 4.00 -26072.22 -26072.22 418.49 2911.15
13.00 4.00 -26072.22 -26108.30 418.49 2911.15
14.00 4.00 -26072.22 -26118.65 418.49 2911.15
15.00 5.00 -26058.84 -26058.84 416.89 2916.29
16.00 6.00 -26054.32 -26054.32 416.36 2908.45
17.00 6.00 -26054.32 -26111.33 416.36 2908.45
18.00 6.00 -26054.32 -26065.72 416.36 2908.45
19.00 7.00 -26040.97 -26040.97 414.77 2920.71
20.00 7.00 -26040.97 -26058.60 414.77 2920.71
21.00 8.00 -26013.93 -26013.93 411.57 2891.65
22.00 8.00 -26013.93 -26032.46 411.57 2891.65
23.00 8.00 -26013.93 -26069.60 411.57 2891.65
24.00 8.00 -26013.93 -26072.51 411.57 2891.65
25.00 8.00 -26013.93 -26087.80 411.57 2891.65
26.00 8.00 -26013.93 -26071.70 411.57 2891.65
27.00 8.00 -26013.93 -26064.71 411.57 2891.65
28.00 8.00 -26013.93 -26116.78 411.57 2891.65
29.00 8.00 -26013.93 -26092.02 411.57 2891.65
30.00 8.00 -26013.93 -26019.23 411.57 2891.65
31.00 8.00 -26013.93 -26069.33 411.57 2891.65
32.00 8.00 -26013.93 -26058.32 411.57 2891.65
33.00 8.00 -26013.93 -26057.37 411.57 2891.65
34.00 8.00 -26013.93 -26049.38 411.57 2891.65
35.00 8.00 -26013.93 -26085.20 411.57 2891.65
36.00 8.00 -26013.93 -26091.97 411.57 2891.65
37.00 8.00 -26013.93 -26071.34 411.57 2891.65
38.00 8.00 -26013.93 -26107.75 411.57 2891.65
39.00 8.00 -26013.93 -26063.46 411.57 2891.65
40.00 8.00 -26013.93 -26077.95 411.57 2891.65
41.00 8.00 -26013.93 -26049.59 411.57 2891.65
42.00 8.00 -26013.93 -26047.24 411.57 2891.65
43.00 8.00 -26013.93 -26065.01 411.57 2891.65
44.00 8.00 -26013.93 -26070.42 411.57 2891.65
45.00 8.00 -26013.93 -26083.28 411.57 2891.65
46.00 8.00 -26013.93 -26075.66 411.57 2891.65
47.00 8.00 -26013.93 -26098.45 411.57 2891.65
48.00 8.00 -26013.93 -26030.17 411.57 2891.65
49.00 8.00 -26013.93 -26049.55 411.57 2891.65
50.00 8.00 -26013.93 -26041.13 411.57 2891.65
51.00 8.00 -26013.93 -26033.14 411.57 2891.65
52.00 8.00 -26013.93 -26045.55 411.57 2891.65
53.00 8.00 -26013.93 -26092.14 411.57 2891.65
54.00 8.00 -26013.93 -26063.74 411.57 2891.65
55.00 8.00 -26013.93 -26094.49 411.57 2891.65
56.00 8.00 -26013.93 -26053.14 411.57 2891.65
57.00 8.00 -26013.93 -26081.68 411.57 2891.65
58.00 8.00 -26013.93 -26078.59 411.57 2891.65
59.00 8.00 -26013.93 -26087.10 411.57 2891.65
60.00 8.00 -26013.93 -26109.19 411.57 2891.65
