0.00 1.00 -19414.05 -19414.05 425.39 2928.26
1.00 1.00 -19414.05 -19418.67 425.39 2928.26
2.00 2.00 -19401.86 -19401.86 423.40 2911.32
3.00 3.00 -19390.20 -19390.20 421.50 2929.03
4.00 3.00 -19390.20 -19415.36 421.50 2929.03
5.00 3.00 -19390.20 -19427.84 421.50 2929.03
6.00 3.00 -19390.20 -19411.50 421.50 2929.03
7.00 3.00 -19390.20 -19431.10 421.50 2929.03
8.00 3.00 -19390.20 -19429.72 421.50 2929.03
9.00 3.00 -19390.20 -19394.24 421.50 2929.03
10.00 3.00 -19390.20 -19398.84 421.50 2929.03
11.00 4.00 -19383.78 -19383.78 420.46 2921.79
12.00 4.00 -19383.78 -19414.61 420.46 2921.79
13.00 4.00 -19383.78 -19408.65 420.46 2921.79
14.00 5.00 -19373.96 -19373.96 418.88 2916.02
15.00 5.00 -19373.96 -19398.53 418.88 2916.02
16.00 6.00 -19335.56 -19335.56 412.73 2909.18
17.00 6.00 -19335.56 -19344.01 412.73 2909.18
18.00 6.00 -19335.56 -19340.02 412.73 2909.18
19.00 6.00 -19335.56 -19339.95 412.73 2909.18
20.00 7.00 -19332.53 -19332.53 412.25 2907.58
21.00 7.00 -26018.91 -26066.83 412.25 2907.58
22.00 7.00 -26018.91 -26080.08 412.25 2907.58
23.00 7.00 -26018.91 -26055.13 412.25 2907.58
24.00 7.00 -26018.91 -26062.95 412.25 2907.58
25.00 7.00 -26018.91 -26065.29 412.25 2907.58
26.00 7.00 -26018.91 -26061.17 412.25 2907.58
27.00 7.00 -26018.91 -26055.06 412.25 2907.58
28.00 7.00 -26018.91 -26024.34 412.25 2907.58
29.00 7.00 -26018.91 -26047.40 412.25 2907.58
30.00 7.00 -26018.91 -26053.91 412.25 2907.58
31.00 7.00 -26018.91 -26025.53 412.25 2907.58
32.00 7.00 -26018.91 -26044.35 412.25 2907.58
33.00 7.00 -26018.91 -26051.24 412.25 2907.58
34.00 8.00 -26011.08 -26011.08 411.24 2909.13
35.00 8.00 -26011.08 -26012.38 411.24 2909.13
36.00 8.00 -26011.08 -26042.08 411.24 2909.13
37.00 8.00 -26011.08 -26061.85 411.24 2909.13
38.00 8.00 -26011.08 -26020.00 411.24 2909.13
39.00 8.00 -26011.08 -26057.32 411.24 2909.13
40.00 9.00 -26011.49 -26011.49 411.29 2919.47
41.00 9.00 -26011.49 -26042.32 411.29 2919.47
42.00 9.00 -26011.49 -26048.99 411.29 2919.47
43.00 10.00 -25997.77 -25997.77 409.68 2909.22
44.00 10.00 -25997.77 -26083.49 409.68 2909.22
45.00 11.00 -25992.40 -25992.40 409.05 2895.80
46.00 11.00 -25992.40 -26045.23 409.05 2895.80
47.00 11.00 -25992.40 -26024.18 409.05 2895.80
48.00 11.00 -25992.40 -26006.15 409.05 2895.80
49.00 11.00 -25992.40 -26007.11 409.05 2895.80
50.00 12.00 -25976.69 -25976.69 407.21 2913.68
51.00 12.00 -25976.69 -26024.89 407.21 2913.68
52.00 12.00 -25976.69 -26089.13 407.21 2913.68
53.00 12.00 -25976.69 -26026.53 407.21 2913.68
54.00 12.00 -25976.69 -26047.56 407.21 2913.68
55.00 12.00 -25976.69 -26007.11 407.21 2913.68
56.00 12.00 -25976.69 -26061.63 407.21 2913.68
57.00 12.00 -25976.69 -26055.34 407.21 2913.68
58.00 12.00 -25976.69 -25986.45 407.21 2913.68
59.00 12.00 -25976.69 -26031.62 407.21 2913.68
60.00 12.00 -25976.69 -26028.21 407.21 2913.68
