0.00 1.00 -21422.02 -21422.02 423.49 2887.72
1.00 2.00 -21407.41 -21407.41 421.34 2918.60
2.00 2.00 -21407.41 -21438.71 421.34 2918.60
3.00 3.00 -21388.66 -21388.66 418.59 2907.93
4.00 3.00 -21388.66 -21405.79 418.59 2907.93
5.00 3.00 -21388.66 -21439.78 418.59 2907.93
6.00 3.00 -21388.66 -21397.40 418.59 2907.93
7.00 3.00 -21388.66 -21393.80 418.59 2907.93
8.00 3.00 -21388.66 -21434.60 418.59 2907.93
9.00 3.00 -21388.66 -21423.88 418.59 2907.93
10.00 4.00 -21386.37 -21386.37 418.26 2902.49
11.00 5.00 -21378.63 -21378.63 417.13 2868.65
12.00 6.00 -21379.98 -21379.98 417.33 2894.44
13.00 6.00 -21379.98 -21471.75 417.33 2894.44
14.00 7.00 -21364.26 -21364.26 415.05 2883.69
15.00 8.00 -21360.68 -21360.68 414.53 2895.15
16.00 9.00 -21348.69 -21348.69 412.80 2889.88
17.00 9.00 -21348.69 -21359.41 412.80 2889.88
18.00 10.00 -21336.62 -21336.62 411.07 2891.81
19.00 10.00 -21336.62 -21352.76 411.07 2891.81
20.00 10.00 -21336.62 -21348.27 411.07 2891.81
21.00 10.00 -26020.09 -26043.03 411.07 2891.81
22.00 11.00 -26015.86 -26015.86 411.80 2892.51
23.00 11.00 -26015.86 -26036.90 411.80 2892.51
24.00 11.00 -26015.86 -26056.38 411.80 2892.51
25.00 11.00 -26015.86 -26020.00 411.80 2892.51
26.00 11.00 -26015.86 -26051.88 411.80 2892.51
27.00 11.00 -26015.86 -26052.90 411.80 2892.51
28.00 11.00 -26015.86 -26052.86 411.80 2892.51
29.00 12.00 -25986.25 -25986.25 408.33 2881.37
30.00 12.00 -25986.25 -26037.00 408.33 2881.37
31.00 12.00 -25986.25 -25989.10 408.33 2881.37
32.00 12.00 -25986.25 -26002.75 408.33 2881.37
33.00 12.00 -25986.25 -26003.90 408.33 2881.37
34.00 12.00 -25986.25 -26007.76 408.33 2881.37
35.00 12.00 -25986.25 -26053.43 408.33 2881.37
36.00 12.00 -25986.25 -26080.87 408.33 2881.37
37.00 12.00 -25986.25 -26011.91 408.33 2881.37
38.00 12.00 -25986.25 -25992.81 408.33 2881.37
39.00 12.00 -25986.25 -26046.76 408.33 2881.37
40.00 12.00 -25986.25 -26013.27 408.33 2881.37
41.00 12.00 -25986.25 -26057.33 408.33 2881.37
42.00 12.00 -25986.25 -26038.19 408.33 2881.37
43.00 12.00 -25986.25 -26022.76 408.33 2881.37
44.00 12.00 -25986.25 -25989.99 408.33 2881.37
45.00 12.00 -25986.25 -26010.44 408.33 2881.37
46.00 12.00 -25986.25 -26039.42 408.33 2881.37
47.00 12.00 -25986.25 -26027.04 408.33 2881.37
48.00 12.00 -25986.25 -26012.97 408.33 2881.37
49.00 12.00 -25986.25 -26034.16 408.33 2881.37
50.00 12.00 -25986.25 -26018.71 408.33 2881.37
51.00 13.00 -25984.50 -25984.50 408.12 2873.05
52.00 13.00 -25984.50 -26024.16 408.12 2873.05
53.00 13.00 -25984.50 -26016.95 408.12 2873.05
54.00 13.00 -25984.50 -26016.13 408.12 2873.05
55.00 13.00 -25984.50 -26056.93 408.12 2873.05
56.00 14.00 -25983.88 -25983.88 408.05 2879.09
57.00 15.00 -25982.85 -25982.85 407.93 2876.09
58.00 16.00 -25981.07 -25981.07 407.72 2887.55
59.00 16.00 -25981.07 -26072.29 407.72 2887.55
60.00 16.00 -25981.07 -26026.25 407.72 2887.55
