0.00 1.00 -13075.97 -13075.97 428.14 2928.63
1.00 2.00 -13052.55 -13052.55 422.45 2910.04
2.00 2.00 -13052.55 -13087.46 422.45 2910.04
3.00 3.00 -13039.32 -13039.32 419.26 2888.73
4.00 3.00 -13039.32 -13081.04 419.26 2888.73
5.00 3.00 -13039.32 -13043.13 419.26 2888.73
6.00 3.00 -13039.32 -13082.68 419.26 2888.73
7.00 4.00 -13032.08 -13032.08 417.53 2903.73
8.00 4.00 -13032.08 -13040.84 417.53 2903.73
9.00 5.00 -13008.39 -13008.39 411.91 2898.82
10.00 5.00 -13008.39 -13037.71 411.91 2898.82
11.00 5.00 -13008.39 -13015.97 411.91 2898.82
12.00 5.00 -13008.39 -13022.31 411.91 2898.82
13.00 5.00 -13008.39 -13045.29 411.91 2898.82
14.00 5.00 -13008.39 -13019.38 411.91 2898.82
15.00 5.00 -13008.39 -13041.33 411.91 2898.82
16.00 5.00 -13008.39 -13045.72 411.91 2898.82
17.00 6.00 -13007.69 -13007.69 411.74 2893.61
18.00 6.00 -13007.69 -13028.99 411.74 2893.61
19.00 6.00 -13007.69 -13027.64 411.74 2893.61
20.00 6.00 -13007.69 -13011.60 411.74 2893.61
21.00 6.00 -26022.27 -26059.76 411.74 2893.61
22.00 7.00 -26006.79 -26006.79 410.74 2878.68
23.00 7.00 -26006.79 -26014.50 410.74 2878.68
24.00 7.00 -26006.79 -26016.32 410.74 2878.68
25.00 7.00 -26006.79 -26062.40 410.74 2878.68
26.00 7.00 -26006.79 -26059.15 410.74 2878.68
27.00 7.00 -26006.79 -26027.19 410.74 2878.68
28.00 7.00 -26006.79 -26041.89 410.74 2878.68
29.00 7.00 -26006.79 -26043.76 410.74 2878.68
30.00 7.00 -26006.79 -26038.24 410.74 2878.68
31.00 7.00 -26006.79 -26063.58 410.74 2878.68
32.00 8.00 -26003.47 -26003.47 410.35 2887.27
33.00 9.00 -26000.54 -26000.54 410.00 2884.83
34.00 10.00 -25996.26 -25996.26 409.50 2905.93
35.00 10.00 -25996.26 -26029.26 409.50 2905.93
36.00 10.00 -25996.26 -26006.63 409.50 2905.93
37.00 10.00 -25996.26 -26033.24 409.50 2905.93
38.00 10.00 -25996.26 -26090.35 409.50 2905.93
39.00 10.00 -25996.26 -26011.13 409.50 2905.93
40.00 10.00 -25996.26 -26016.10 409.50 2905.93
41.00 10.00 -25996.26 -26054.23 409.50 2905.93
42.00 10.00 -25996.26 -26034.29 409.50 2905.93
43.00 11.00 -25993.17 -25993.17 409.14 2908.76
44.00 11.00 -25993.17 -26060.81 409.14 2908.76
45.00 11.00 -25993.17 -26004.71 409.14 2908.76
46.00 11.00 -25993.17 -26055.25 409.14 2908.76
47.00 12.00 -25981.22 -25981.22 407.74 2879.03
48.00 12.00 -25981.22 -26040.12 407.74 2879.03
49.00 12.00 -25981.22 -26054.51 407.74 2879.03
50.00 12.00 -25981.22 -26015.99 407.74 2879.03
51.00 12.00 -25981.22 -26022.55 407.74 2879.03
52.00 13.00 -25969.05 -25969.05 406.33 2890.64
53.00 13.00 -25969.05 -26031.40 406.33 2890.64
54.00 14.00 -25945.65 -25945.65 403.62 2895.11
55.00 14.00 -25945.65 -26032.83 403.62 2895.11
56.00 14.00 -25945.65 -26046.47 403.62 2895.11
57.00 14.00 -25945.65 -26058.19 403.62 2895.11
58.00 14.00 -25945.65 -25988.47 403.62 2895.11
59.00 14.00 -25945.65 -25973.46 403.62 2895.11
60.00 14.00 -25945.65 -26025.05 403.62 2895.11
