0.00 0.00 -23705.22 -23705.94 1.00 1.00
1.00 0.00 -23705.22 -23724.96 1.00 1.00
2.00 1.00 -23681.72 -23681.72 427.50 2898.33
3.00 1.00 -23681.72 -23727.84 427.50 2898.33
4.00 2.00 -23680.28 -23680.28 427.31 2892.40
5.00 2.00 -23680.28 -23703.36 427.31 2892.40
6.00 2.00 -23680.28 -23766.84 427.31 2892.40
7.00 2.00 -23680.28 -23698.20 427.31 2892.40
8.00 2.00 -23680.28 -23702.51 427.31 2892.40
9.00 2.00 -23680.28 -23703.52 427.31 2892.40
10.00 2.00 -23680.28 -23696.40 427.31 2892.40
11.00 3.00 -23677.64 -23677.64 426.96 2882.36
12.00 3.00 -23677.64 -23713.17 426.96 2882.36
13.00 3.00 -23677.64 -23704.21 426.96 2882.36
14.00 3.00 -23677.64 -23693.84 426.96 2882.36
15.00 3.00 -23677.64 -23702.26 426.96 2882.36
16.00 3.00 -23677.64 -23733.59 426.96 2882.36
17.00 3.00 -23677.64 -23707.64 426.96 2882.36
18.00 3.00 -23677.64 -23725.64 426.96 2882.36
19.00 4.00 -23673.52 -23673.52 426.40 2891.37
20.00 5.00 -23637.07 -23637.07 421.52 2907.67
21.00 5.00 -26090.84 -26122.28 421.52 2907.67
22.00 6.00 -26060.90 -26060.90 417.14 2895.81
23.00 6.00 -26060.90 -26077.16 417.14 2895.81
24.00 6.00 -26060.90 -26135.55 417.14 2895.81
25.00 6.00 -26060.90 -26102.05 417.14 2895.81
26.00 6.00 -26060.90 -26122.70 417.14 2895.81
27.00 6.00 -26060.90 -26083.29 417.14 2895.81
28.00 6.00 -26060.90 -26066.35 417.14 2895.81
29.00 6.00 -26060.90 -26124.75 417.14 2895.81
30.00 6.00 -26060.90 -26118.95 417.14 2895.81
31.00 6.00 -26060.90 -26101.39 417.14 2895.81
32.00 6.00 -26060.90 -26174.30 417.14 2895.81
33.00 6.00 -26060.90 -26069.85 417.14 2895.81
34.00 6.00 -26060.90 -26129.74 417.14 2895.81
35.00 6.00 -26060.90 -26152.85 417.14 2895.81
36.00 6.00 -26060.90 -26130.58 417.14 2895.81
37.00 7.00 -26054.72 -26054.72 416.40 2902.10
38.00 8.00 -26051.54 -26051.54 416.02 2879.87
39.00 8.00 -26051.54 -26096.99 416.02 2879.87
40.00 8.00 -26051.54 -26115.36 416.02 2879.87
41.00 8.00 -26051.54 -26053.08 416.02 2879.87
42.00 8.00 -26051.54 -26102.39 416.02 2879.87
43.00 8.00 -26051.54 -26057.23 416.02 2879.87
44.00 9.00 -26045.09 -26045.09 415.26 2899.33
45.00 9.00 -26045.09 -26108.12 415.26 2899.33
46.00 9.00 -26045.09 -26049.55 415.26 2899.33
47.00 9.00 -26045.09 -26047.45 415.26 2899.33
48.00 9.00 -26045.09 -26075.04 415.26 2899.33
49.00 9.00 -26045.09 -26095.34 415.26 2899.33
50.00 10.00 -26043.60 -26043.60 415.08 2888.53
51.00 10.00 -26043.60 -26063.81 415.08 2888.53
52.00 11.00 -26019.02 -26019.02 412.17 2916.28
53.00 11.00 -26019.02 -26061.07 412.17 2916.28
54.00 11.00 -26019.02 -26034.87 412.17 2916.28
55.00 11.00 -26019.02 -26030.42 412.17 2916.28
56.00 11.00 -26019.02 -26085.18 412.17 2916.28
57.00 11.00 -26019.02 -26072.91 412.17 2916.28
58.00 11.00 -26019.02 -26037.92 412.17 2916.28
59.00 11.00 -26019.02 -26046.77 412.17 2916.28
60.00 11.00 -26019.02 -26027.03 412.17 2916.28
