0.00 1.00 -17605.11 -17605.11 429.26 2901.59
1.00 2.00 -17581.75 -17581.75 425.02 2900.34
2.00 2.00 -17581.75 -17610.59 425.02 2900.34
3.00 2.00 -17581.75 -17587.41 425.02 2900.34
4.00 3.00 -17570.31 -17570.31 422.96 2903.67
5.00 3.00 -17570.31 -17591.49 422.96 2903.67
6.00 3.00 -17570.31 -17582.53 422.96 2903.67
7.00 4.00 -17569.16 -17569.16 422.76 2890.24
8.00 4.00 -17569.16 -17583.86 422.76 2890.24
9.00 5.00 -17567.10 -17567.10 422.39 2914.99
10.00 5.00 -17567.10 -17584.34 422.39 2914.99
11.00 5.00 -17567.10 -17585.45 422.39 2914.99
12.00 5.00 -17567.10 -17584.13 422.39 2914.99
13.00 6.00 -17564.48 -17564.48 421.92 2908.04
14.00 6.00 -17564.48 -17567.62 421.92 2908.04
15.00 6.00 -17564.48 -17584.48 421.92 2908.04
16.00 7.00 -17548.53 -17548.53 419.07 2881.79
17.00 7.00 -17548.53 -17573.27 419.07 2881.79
18.00 7.00 -17548.53 -17559.27 419.07 2881.79
19.00 8.00 -17530.71 -17530.71 415.90 2894.43
20.00 8.00 -17530.71 -17551.83 415.90 2894.43
21.00 8.00 -26080.54 -26115.48 415.90 2894.43
22.00 8.00 -26080.54 -26113.43 415.90 2894.43
23.00 8.00 -26080.54 -26089.81 415.90 2894.43
24.00 8.00 -26080.54 -26090.81 415.90 2894.43
25.00 8.00 -26080.54 -26128.55 415.90 2894.43
26.00 8.00 -26080.54 -26104.21 415.90 2894.43
27.00 8.00 -26080.54 -26114.74 415.90 2894.43
28.00 8.00 -26080.54 -26144.75 415.90 2894.43
29.00 8.00 -26080.54 -26124.33 415.90 2894.43
30.00 9.00 -26077.51 -26077.51 419.13 2914.46
31.00 9.00 -26077.51 -26084.95 419.13 2914.46
32.00 9.00 -26077.51 -26127.21 419.13 2914.46
33.00 9.00 -26077.51 -26084.57 419.13 2914.46
34.00 9.00 -26077.51 -26090.77 419.13 2914.46
35.00 9.00 -26077.51 -26128.68 419.13 2914.46
36.00 9.00 -26077.51 -26105.98 419.13 2914.46
37.00 9.00 -26077.51 -26096.60 419.13 2914.46
38.00 10.00 -26066.27 -26066.27 417.78 2902.36
39.00 10.00 -26066.27 -26097.83 417.78 2902.36
40.00 10.00 -26066.27 -26094.39 417.78 2902.36
41.00 11.00 -26061.86 -26061.86 417.25 2899.29
42.00 11.00 -26061.86 -26066.23 417.25 2899.29
43.00 11.00 -26061.86 -26086.62 417.25 2899.29
44.00 11.00 -26061.86 -26071.08 417.25 2899.29
45.00 11.00 -26061.86 -26101.18 417.25 2899.29
46.00 12.00 -26054.73 -26054.73 416.40 2914.14
47.00 12.00 -26054.73 -26076.11 416.40 2914.14
48.00 12.00 -26054.73 -26066.74 416.40 2914.14
49.00 12.00 -26054.73 -26055.25 416.40 2914.14
50.00 13.00 -26027.86 -26027.86 413.22 2891.71
51.00 13.00 -26027.86 -26067.05 413.22 2891.71
52.00 14.00 -26011.64 -26011.64 411.31 2912.35
53.00 14.00 -26011.64 -26027.46 411.31 2912.35
54.00 15.00 -25996.43 -25996.43 409.52 2910.58
55.00 15.00 -25996.43 -26077.87 409.52 2910.58
56.00 15.00 -25996.43 -26035.48 409.52 2910.58
57.00 15.00 -25996.43 -26049.88 409.52 2910.58
58.00 15.00 -25996.43 -26032.26 409.52 2910.58
59.00 15.00 -25996.43 -26057.55 409.52 2910.58
60.00 15.00 -25996.43 -26040.25 409.52 2910.58
