0.00 0.00 -14443.35 -14455.85 1.00 1.00
1.00 1.00 -14438.55 -14438.55 428.48 2913.08
2.00 2.00 -14437.85 -14437.85 428.32 2918.63
3.00 2.00 -14437.85 -14446.10 428.32 2918.63
4.00 3.00 -14431.92 -14431.92 427.01 2913.52
5.00 4.00 -14429.86 -14429.86 426.55 2926.04
6.00 4.00 -14429.86 -14437.25 426.55 2926.04
7.00 5.00 -14423.77 -14423.77 425.21 2913.70
8.00 5.00 -14423.77 -14453.97 425.21 2913.70
9.00 5.00 -14423.77 -14464.58 425.21 2913.70
10.00 5.00 -14423.77 -14434.78 425.21 2913.70
11.00 5.00 -14423.77 -14455.97 425.21 2913.70
12.00 5.00 -14423.77 -14449.71 425.21 2913.70
13.00 6.00 -14423.92 -14423.92 425.24 2919.65
14.00 6.00 -14423.92 -14443.64 425.24 2919.65
15.00 7.00 -14416.23 -14416.23 423.55 2922.06
16.00 7.00 -14416.23 -14445.00 423.55 2922.06
17.00 7.00 -14416.23 -14464.70 423.55 2922.06
18.00 8.00 -14417.55 -14417.55 423.84 2938.35
19.00 9.00 -14410.93 -14410.93 422.39 2900.38
20.00 10.00 -14396.03 -14396.03 419.14 2921.45
21.00 11.00 -26091.85 -26091.85 420.85 2891.46
22.00 11.00 -26091.85 -26095.94 420.85 2891.46
23.00 11.00 -26091.85 -26100.13 420.85 2891.46
24.00 12.00 -26070.87 -26070.87 418.33 2882.49
25.00 13.00 -26052.77 -26052.77 416.17 2911.14
26.00 13.00 -26052.77 -26103.43 416.17 2911.14
27.00 13.00 -26052.77 -26086.39 416.17 2911.14
28.00 13.00 -26052.77 -26068.56 416.17 2911.14
29.00 13.00 -26052.77 -26113.49 416.17 2911.14
30.00 13.00 -26052.77 -26080.14 416.17 2911.14
31.00 13.00 -26052.77 -26069.86 416.17 2911.14
32.00 13.00 -26052.77 -26054.59 416.17 2911.14
33.00 13.00 -26052.77 -26069.91 416.17 2911.14
34.00 13.00 -26052.77 -26064.52 416.17 2911.14
35.00 13.00 -26052.77 -26077.09 416.17 2911.14
36.00 13.00 -26052.77 -26076.99 416.17 2911.14
37.00 13.00 -26052.77 -26068.99 416.17 2911.14
38.00 13.00 -26052.77 -26084.44 416.17 2911.14
39.00 14.00 -26042.41 -26042.41 414.94 2909.06
40.00 14.00 -26042.41 -26079.71 414.94 2909.06
41.00 14.00 -26042.41 -26088.86 414.94 2909.06
42.00 15.00 -26033.92 -26033.92 413.93 2876.43
43.00 16.00 -26025.81 -26025.81 412.97 2876.30
44.00 16.00 -26025.81 -26073.50 412.97 2876.30
45.00 16.00 -26025.81 -26047.12 412.97 2876.30
46.00 17.00 -26005.35 -26005.35 410.57 2868.85
47.00 17.00 -26005.35 -26017.85 410.57 2868.85
48.00 17.00 -26005.35 -26043.05 410.57 2868.85
49.00 17.00 -26005.35 -26062.54 410.57 2868.85
50.00 17.00 -26005.35 -26076.08 410.57 2868.85
51.00 18.00 -25987.89 -25987.89 408.52 2883.08
52.00 18.00 -25987.89 -26068.41 408.52 2883.08
53.00 18.00 -25987.89 -26021.53 408.52 2883.08
54.00 18.00 -25987.89 -26053.87 408.52 2883.08
55.00 18.00 -25987.89 -26023.10 408.52 2883.08
56.00 18.00 -25987.89 -26053.35 408.52 2883.08
57.00 18.00 -25987.89 -26045.78 408.52 2883.08
58.00 18.00 -25987.89 -26083.12 408.52 2883.08
59.00 18.00 -25987.89 -26054.57 408.52 2883.08
60.00 18.00 -25987.89 -26063.37 408.52 2883.08
