832.7556960800542
839.5883068247089
831.9975284638647
838.5695571212457
827.1943627031742
817.202163999289
834.480334777071
820.8801590312929
820.9621476938529
827.4468508273849
828.5914770069569
822.2187574823331
830.513185549235
835.5745875810445
829.687363603973
822.9772051057695
831.7395719324564
840.7724893073099
832.292810233894
834.153673363635
844.3633814387379
835.4641617438242
833.7332528868635
820.5554151658536
822.8850656587524
834.1241421864229
824.2003900550346
830.0360280004932
845.1437174063443
830.7064038853287
831.1885202899354
830.5568352893177
832.3423823089623
833.2014331149028
848.9823301386288
830.6457177396869
830.9823896243026
841.1781208435414
838.2089684103806
830.6855417128284
829.99815683901
833.2947016316839
820.5130470074212
834.3566574261465
842.635725681274
826.4544678416088
830.265327500559
831.9591263076842
828.269297072376
823.686481086959
823.9929536731902
820.0287034702501
824.7352548872326
828.4141678559766
832.9969260392824
840.7724893073099
826.5846083595017
845.8179029355791
822.6140862117279
834.4585437808589
833.5963223792829
825.163448682029
829.252366557473
820.0671390743137
836.5719315739991
829.1876762971531
831.3233715022757
818.4900491596775
833.3869715916087
829.4827452607333
846.4001783771818
833.1401756821436
835.6753672242427
846.1041485706022
842.6421476027796
835.1246055123028
833.908901145833
826.1468794081665
825.1325716517792
830.6718435707086
826.2859929217014
832.0469551728128
837.1337360002649
829.174486933871
833.9556623926309
824.2954141264954
826.5558181327716
829.9406629825978
823.8720953559623
845.7646981126395
829.7339896956861
826.5558181327716
838.3989814947266
834.9443378559318
832.0381177357511
835.9474752326229
835.5751213121536
838.4904242240511
830.6987279928239
831.9975284638647
