836.957213580891
812.1453496869157
828.8294353808687
830.2031211528019
831.1867625853312
830.1272247016221
827.8229146369492
829.7731438729736
827.6319600324188
824.7226882496702
827.3351053498199
827.9116173820063
839.4215120264836
828.0847807431795
828.2848757843192
834.125933091061
840.1370339305831
824.9423453653617
827.174446913915
834.7835914277763
833.2148557412938
834.5102060012791
826.3731596439125
837.9810779622107
835.5751213121536
831.9975284638647
816.1369241280562
824.8921289114567
844.2071587033797
831.5602707440655
831.5882940526988
834.2118221411107
835.7916721321195
834.6251114748987
817.1304643839028
843.6752785916182
829.8982023875598
833.2906982672283
836.5706301089839
830.5290374962591
819.1517694442498
831.633380842253
820.4249791407382
837.5409595605528
834.5102060012791
830.7998331311284
837.122884411574
830.3970554686867
828.1887180771627
837.4167401435589
831.6124031997581
846.7681844968945
823.0091307822264
834.5102060012791
826.5504934051867
826.9697662881584
829.7965076081666
836.6267890743259
829.2516208260955
830.9728634037017
825.9126729923016
827.5618517199374
833.0653575237858
813.0239688235433
826.7447590996375
830.7944634999984
830.3180434521496
834.9180836917427
827.9610530013259
827.9610530013259
829.235561383783
830.605688589276
841.3617244388096
831.3961513122828
828.5083091220271
831.3145122802417
829.1834429223114
832.4000506740628
831.9768162668655
831.5509673623125
830.8647431814783
837.5885469277105
829.5242740164738
824.6322619315904
831.5435708980498
831.0097182919851
824.6207744026243
826.1315005811147
832.2623231646438
832.6102435351121
822.1306544325031
847.4932581380818
832.741389904627
833.0663186183792
822.3405079866473
832.7032223556582
840.0284444042758
835.4641617438242
822.8300608481204
817.4160152723138
