830.171864916264
814.0428487077215
833.3388278240247
824.6328112302601
828.8121306451533
836.3560620638472
815.56950527838
820.2178997183072
829.6126474595958
836.2501471593313
837.6027530796501
832.1796320506887
825.0722811269691
835.7866836111913
833.3869715916087
835.9307450511501
827.39782281194
831.9975284638647
832.631269915715
833.3388278240247
834.153673363635
836.2312564184036
829.8603723325107
834.0125330108182
835.7398180884475
838.5511574928786
837.0960644505324
826.8669459930455
825.0386495895204
840.191082744255
827.2302240484931
831.9975284638647
813.1579992747434
830.3970554686867
833.2942439763418
843.5699988899751
825.210226873374
837.9493449172311
841.5926616313849
831.9975284638647
831.5820562956011
827.3382488789364
833.2942439763418
832.0284511146723
830.2748154986558
825.6740350651017
831.5145535904618
829.2040413214822
830.775285129097
826.3933314694647
836.6874868811816
831.795454424415
828.5770974325088
830.4809819474116
835.5751213121536
837.9758294459103
840.1486293845682
837.1757728660656
834.1241989849769
831.5435708980498
835.6910780339581
829.3981534265106
831.874983077024
829.959155733965
825.3024287422444
828.486139821802
828.2960115465963
831.5606979675567
830.9027483030937
832.8537879453545
828.7603698425987
833.5673235196917
833.543838881594
830.5973494080173
824.6141501721156
829.9406629825978
828.1151741010434
830.118799689616
835.8413877497075
812.669651302181
825.0942790921382
835.5751213121536
829.6009408376531
834.0888156513239
830.8425405858296
836.7077605290345
831.5602707440655
829.0890118580768
829.705261520759
826.2993793518233
824.0635716227218
820.239666246749
846.7002749834182
835.2979556617095
819.071760839018
830.689943707795
826.7310366052001
827.2381187892306
814.0428487077215
831.5509673623125
