827.6319600324188
826.8034077868829
819.6382493502468
833.8796582446313
830.1281901225559
831.7483790850234
838.4093619245614
833.7619354831895
827.2412313237919
826.7142717135958
836.2501471593313
831.4468885632916
833.0216769945692
835.8587192376617
826.5612305600126
825.6426013094051
822.6080240425772
829.6516550591239
826.8206577218307
833.812336949005
840.6201792424827
837.8248261623773
841.3119814821239
826.762474105565
830.3970554686867
846.3729758822878
826.1138554889529
842.3544399014129
847.1559320428389
822.2187574823331
833.576535378067
829.2800087630151
837.6551785805434
836.1957307876667
834.5156632135004
826.3731596439125
830.0953408181707
829.8840401076981
816.3528835970799
835.7775064530065
839.8332530617511
820.9541954605403
835.5751213121536
825.1255200965619
831.5463716768134
831.9975284638647
834.2118221411107
831.237829203138
832.7505499945077
827.0827050622128
832.7314184532502
834.3646727246578
833.8781048950966
821.7408694361824
838.6857276511425
841.9315911241675
827.7703175101171
824.5843545358842
831.9777900874192
830.6909016572515
832.6037986275564
832.4696476789338
827.4054217608272
848.8722361995957
827.2212609798945
830.1016458664095
830.5516469531793
843.0181645543099
835.5048733793343
836.2312564184036
832.0422267909853
832.6914879023337
829.6009408376531
825.6827074549097
829.8659567052417
831.9056501425832
829.3401998282268
823.9672828495676
836.2312564184036
845.5936683410272
835.208467369194
843.0112904158972
829.419457812563
828.2608067244016
833.5673235196917
822.9772051057695
833.48104028108
837.4618905183318
828.940125130628
834.3646727246578
834.609249726529
837.2915953786016
842.3544399014129
832.1496950601045
835.4688577467111
835.8587192376617
842.6421475960681
828.2848757843192
838.476428539732
829.7371342005732
