830.775285129097
831.7684584967844
827.2206785130614
830.7453971620313
847.096701023651
836.2951698153397
828.8198089572716
835.7775064530065
831.4468885632916
830.5900145348569
834.3043290619039
830.240316995809
830.8913344760531
830.1613252371252
832.9442067447775
824.9284321242752
834.2118221411107
831.8750492564623
830.775285129097
832.3441847546952
840.1858808881224
832.5312626775443
827.2775843753509
828.3286168585826
828.4170953804233
834.8429029309856
833.3869715916087
829.235561383783
828.5161533461658
822.1316851645396
837.6197659240233
829.4417187719638
836.0216832017355
833.0194332522758
829.478366038246
843.5062677643153
826.3164973640672
835.8737639895775
840.7761503443455
833.3388278240247
837.4005603779758
827.4809058527816
832.6914879023337
830.0662562857522
828.8779117611153
827.9610530013259
829.9406629825978
826.8891839414914
834.9336614028318
827.539235400117
830.0038158001896
827.1176752337597
838.3480012853316
836.9486421218338
833.7342147597558
831.2524120726205
843.3003556848372
827.7680769739089
837.0619540866363
830.6992324920649
831.5509673623125
825.4573534461184
831.4591922697011
833.941324066993
833.316676369501
835.0914242362146
836.212845223319
830.9981719246124
831.9975284638647
838.3069588090576
833.3388278240247
830.7593908732603
833.0412868103226
831.6515279917421
830.8625180464904
826.4464775187143
829.9406629825978
833.3997283389278
833.2942439763418
830.4809819474116
829.7965076081666
832.9866016725784
827.1190685483964
831.1306791629258
830.775285129097
829.3018228894912
829.8700062736765
824.8760168314227
830.3672685706787
838.476428539732
832.202650773084
838.6337834532853
829.8960104957135
823.1359087963104
832.89442735585
827.7724992220456
828.4079035070101
834.6030388273671
832.714679227014
830.5039697122526
