838.5778853062787
824.7455487063065
830.513185549235
832.1232935485706
830.8270868001247
829.9445007835656
829.8203549102932
829.426089082793
827.5651251869625
829.7874769565699
832.4180362219165
833.7332528868635
831.3698637671217
832.6209076458625
831.7701732550196
829.559629171431
831.9975284638647
830.3194920189177
848.6468120524976
833.7173636576296
833.3388278240247
833.1575885296127
837.2251160108406
833.5635701417076
826.2993793518233
834.3150100346959
845.1163175114848
837.6955772088344
832.0287342036054
828.0148214755939
819.2540320580993
831.9777900874192
829.7934057106066
828.8813397440776
837.04964506807
832.5326394821702
830.6503714168348
826.5612305600126
826.0697354414124
832.6037986275564
835.1875981661996
834.3324606542654
834.7835914277763
827.8203168790046
843.3348594214351
826.6577712884593
830.5262445390209
836.0698638901156
831.5602707440655
822.9772051057695
829.9667145830695
834.5878973735588
823.8556551454839
825.8657689135594
833.1523956919831
843.3858589506331
836.6878785184051
830.7662814118676
836.6206539863304
831.163331117669
827.1786333890169
831.633380842253
842.6421475960677
830.0583716101413
830.0770341901153
832.292810233894
837.6027530796501
838.124916981595
836.2166559882971
830.6478715770246
829.8659567052417
828.8017636926932
835.636970482035
823.8083399995126
838.8815922893405
840.0380666994965
837.3719471077706
829.4107768438275
830.619952217736
828.449994835952
832.832026549551
830.3194920189177
825.163448682029
835.7775064530065
836.7672745441266
830.513185549235
833.1448074531532
840.4540351986057
833.4279727146426
831.8292178285328
829.6873633693972
834.8216102162971
837.2169916916287
820.7787347212459
838.9741351027446
829.687363603973
833.38697159219
826.9007342738305
829.3125500122068
828.6995659321677
