2938.1150753557577
2939.0633310914827
2939.754050520651
2938.1150753557577
2962.622202356181
2950.2358692206117
2926.497751640733
2954.1522298211453
2964.3836623416955
2942.849829100432
2929.2206604733096
2929.559719032024
2951.3241028812713
2927.126605993069
2938.1150753557577
2917.8718497927175
2938.2499635675667
2939.242876068979
2943.3470339369956
2940.5269264062217
2944.650576892203
2944.700048538537
2950.7641604147657
2953.137210224064
2935.948234935922
2949.094386897348
2961.3734911002584
2956.814228269715
2949.5556045806284
2940.6031961178796
2918.227481328511
2958.598681941335
2929.66493188482
2925.451833736963
2962.0682108218894
2917.694420599578
2937.380024334263
2947.5032301966603
2950.698840843778
2941.472171377204
2922.91699717157
2930.6273842670266
2919.698878624827
2956.053371542504
2938.570117926206
2928.849415730598
2934.9335507605037
2943.560800578231
2931.281135773699
2942.590692671448
2928.609104976058
2938.2499635675667
2920.9427252311734
2933.096773022848
2928.469303273216
2952.886032403108
2949.8455479645063
2942.620993183926
2939.0178993520053
2921.3378210565356
2947.7386866894217
2942.0503067017266
2921.3749170984456
2944.3081542060117
2917.7836075431933
2930.8263508436808
2951.783085661202
2916.2135863219037
2943.8676316947153
2941.6838377621075
2952.3918189177743
2945.1365430524324
2936.4967439439465
2948.0672736384604
2939.3047502704367
2923.513323556777
2931.75294883061
2941.158177991828
2940.191002042369
2947.4338920999176
2925.4846653178347
2940.8284649694247
2935.8718841429322
2940.6031961178796
2942.5310805692675
2930.2303548869713
2949.326630938297
2943.925214297471
2954.9167078557193
2938.1150753557577
2955.534111269457
2950.637590801717
2940.8205053930724
2934.67496721705
2939.4229136853737
2933.506224752718
2944.9085402487385
2938.1150753557577
2925.4503619820757
2930.994146392796
