2951.9029817677856
2919.072576524562
2947.505100453601
2931.644805056647
2941.7406474398354
2930.29939597269
2952.9658400817366
2941.097849351449
2944.614769688417
2934.0627633219733
2937.129717221448
2921.9996224752495
2939.9492861898707
2936.1987597060674
2930.9126651547995
2951.666271432165
2933.9421830580436
2925.090137629369
2946.918985473863
2932.5477218131414
2927.087023475849
2931.8192419449215
2947.682672724163
2935.893331882906
2939.6615986799393
2945.1632850710434
2933.656632530608
2944.8475673285566
2944.3617906459453
2950.1473207801796
2943.325066747447
2942.1912715574836
2925.093533062257
2942.3937657299075
2949.705730387777
2957.4705221780873
2932.0847811218578
2931.9806829503436
2948.379461535901
2926.8402209755145
2948.8679042748827
2940.311490395251
2918.8811701858604
2951.666271432165
2925.4858339355937
2935.3921130697936
2925.451833736963
2931.689117423211
2952.8648174656378
2943.560800578231
2952.8802560186377
2938.2420984553905
2953.18698915452
2941.875199460455
2944.6581343540297
2954.723452402444
2935.30881880242
2947.6766620185886
2950.2358692206117
2941.7694071007036
2935.7872937423476
2941.329267800525
2935.30881880242
2937.6603696978036
2928.7640493018234
2953.2872033277476
2950.6375908017185
2926.497751640733
2954.1276929927294
2948.754515014638
2930.547529274567
2946.4511695428682
2952.8802560186377
2923.475912771159
2921.120370099711
2938.496907665844
2951.234050645141
2936.879976267528
2931.2138649557187
2927.5780206253175
2932.668284170125
2950.6375908017185
2938.9600189724465
2929.2083411349527
2947.474583352123
2931.815145953354
2947.518523619547
2940.858840838242
2934.349165791681
2941.2703772241075
2958.598681941335
2940.855406503322
2954.615980515219
2950.5919188966363
2941.36614524344
2923.9554558062287
2932.460247628109
2941.413200003369
2920.1728330118503
2946.244993171295
