2935.30881880242
2947.278516623306
2947.9046512404257
2946.4403625213936
2939.936033568455
2941.329267800525
2926.0971839918247
2941.329267800525
2935.2757807903886
2927.4693171187846
2945.6150836922925
2935.646982150062
2951.1306423584447
2943.087394398594
2946.9603633938814
2951.527741098386
2957.4288621329406
2955.534111269457
2951.515639819188
2925.4858339355937
2967.3075901641996
2949.4261390096212
2946.3204701241007
2944.213304664226
2923.741183495617
2943.254158198182
2937.7918629341093
2937.7918629341093
2939.982411579347
2968.7772330313687
2940.6128664795765
2940.3548753939026
2941.4185898930023
2938.8428945501214
2931.091168549312
2951.5544608863393
2925.9949291466364
2951.5753446825943
2933.981261443077
2958.4274916560275
2949.985419738801
2947.2926134071995
2955.534111269457
2955.82865216838
2955.27079801723
2953.185467706231
2930.4820723224834
2931.281135773699
2944.9941833924977
2938.5650238267476
2921.126617759683
2941.278058284965
2962.0682108218894
2941.0903379712786
2925.9557309652314
2943.2541529359523
2937.1050201099906
2919.9653169930652
2927.841171102302
2946.4511695428682
2938.7092753280504
2929.5726454043693
2937.790212054521
2928.388178045331
2930.6263549673304
2932.979086631956
2935.30881880242
2935.401142136222
2959.118658983713
2963.484621730445
2940.0323814940075
2939.167563437559
2936.835423980428
2931.8116124808903
2943.9723779759356
2939.782519375847
2926.241664447136
2934.191300927269
2934.619657476395
2938.014340361148
2939.783940410526
2943.3451938100907
2947.057424053195
2918.6147274937753
2942.590692671448
2942.4039819011923
2918.100447888029
2938.997249858966
2923.9554558062287
2945.4926777851742
2940.8284649391317
2953.185467706231
2928.6515549714713
2944.1378797967964
2949.3196142895004
2941.8379725190543
2936.747463644739
2923.0898341162974
2942.935560581987
2941.9838881009273
