2948.637402647119
2959.9306990575246
2945.5489541138395
2935.5858249946873
2952.8802560186377
2937.906899133411
2935.9865633026507
2959.925097413564
2942.345791497756
2947.9046512404257
2947.9046512404257
2919.4473992021726
2954.4950387541235
2929.3361135235746
2959.6648574540986
2941.9162092570027
2942.432494927237
2925.4003838466297
2932.373078262846
2931.5754587647816
2929.211118692773
2930.092443583587
2919.848855791184
2958.3250204412975
2944.091985977803
2941.472171377204
2948.070273732293
2942.196331901213
2947.665549368367
2947.089994017424
2920.1728330118503
2934.67496721705
2914.7165739087154
2953.08598523728
2948.1454398521814
2941.308502478554
2940.9879051188486
2943.8600552662715
2908.8252102766255
2941.329267800525
2909.135834824323
2940.406753375645
2925.090137629369
2914.228688526706
2937.3815620772457
2936.016463097807
2914.624742888527
2934.9883479194796
2941.7406474398354
2943.0690908839933
2936.5249592439736
2931.4950190047043
2938.0342978623253
2944.651559937306
2926.402588161552
2948.0452677276653
2937.7918629341093
2950.637590801717
2955.534111269457
2944.812991982258
2939.279744177319
2941.8379725190543
2929.4588205121127
2959.8475655796933
2947.9046512404257
2955.5771076727146
2943.49425514317
2954.7420761290414
2919.9822884348177
2943.682618533708
2954.3711064661425
2945.866825843137
2930.9126651547995
2938.915510349657
2921.3378210565356
2951.73337214538
2934.67496721705
2925.325231555049
2950.0319561846245
2956.531670451811
2953.984815747579
2948.2648466543515
2946.6060575317406
2952.3213851000105
2939.08942429592
2929.9448794961627
2921.392554466992
2948.623952188187
2940.5269264062217
2919.7483523779456
2951.666271432165
2947.9046512404257
2957.8572892430047
2930.8013420219154
2954.264350833201
2941.415176001654
2932.4559491359705
2951.559428146345
2929.211118692773
2932.486021334852
