2940.0134256907586
2935.406882945513
2933.8811961567935
2942.889097495918
2930.5395624784323
2929.211118692773
2939.7330544228334
2926.023912404401
2939.0767180488233
2955.534111269457
2941.329267800525
2952.3314646156136
2940.4314309972297
2945.1044489276187
2943.325066747447
2925.451833736963
2943.5756238381005
2946.932827811641
2928.840043788186
2916.7966221849006
2943.619128804617
2949.339047958768
2925.2711984675375
2967.3075901641996
2933.0308170931676
2947.4338920999176
2919.49745085824
2932.1832272446827
2925.45438743538
2917.427657281508
2951.0082014231175
2928.894475658392
2920.1728330118503
2930.2971139967535
2948.7694483727855
2933.8376008689906
2946.0760431072395
2933.5627336384277
2936.7239610824013
2950.698840843778
2969.7627748376894
2933.506224752718
2942.1497139886883
2931.764952592637
2939.927438068056
2939.943748693063
2948.5985301732985
2932.3356814446515
2941.8317583931007
2941.061900586634
2953.3398001980795
2917.572614046065
2940.5269264062217
2926.065402838911
2924.476569244045
2943.183444684786
2940.6030566223862
2940.4314309972297
2931.8963854359326
2922.4609229258776
2943.968596827823
2949.686736316737
2948.645755825098
2934.67496721705
2932.298615978511
2941.3512435587286
2918.1305488314288
2956.814228269715
2937.973278755806
2941.5548082341084
2920.791915825911
2954.4950387541235
2927.126605993069
2942.448538440395
2955.9248872436588
2938.2101878301796
2955.4439733388326
2958.6005841925376
2928.8324899435424
2950.963316412069
2945.8780161328646
2931.08006584495
2928.115573625844
2947.966924486844
2937.1530361265563
2928.4162541779033
2938.1150753557577
2931.293472476195
2933.653375322452
2959.613283485057
2934.141799661444
2931.0431354599755
2929.1886144237897
2938.4278040004856
2930.250397376551
2929.942854398817
2946.728093453627
2943.560800578231
2925.325231555049
2937.7918629341093
