2942.448538440395
2953.4889544163157
2921.209985307091
2941.7994188145526
2932.720093659643
2948.070273732293
2939.4804343721785
2937.7918629341093
2959.9306990575246
2924.559353965278
2930.010286393992
2924.031553690067
2937.4011482643778
2934.6615612566325
2946.7688791534943
2930.1290023522597
2924.8017533867214
2941.097849351449
2942.448538440395
2931.7348953719566
2934.619657476395
2914.7165739087154
2939.178884592246
2926.0133791033572
2930.9126651547995
2944.8394565192257
2917.2954947150465
2925.4858339355937
2963.4745732011193
2948.41525467515
2932.2508925157904
2942.242259118668
2919.848855791184
2960.7607847234294
2932.1657030569563
2952.9658400817366
2925.089382264706
2928.8323623029532
2913.570359781398
2938.1150753557577
2935.8400342554164
2936.483555700335
2954.6110702468827
2929.2424695814116
2947.235162912969
2941.948275065086
2947.9046512404257
2937.439804652523
2933.2141918332163
2939.7956595221367
2943.696548129584
2924.1984928438665
2944.309029876288
2939.965823302485
2959.794147247908
2952.295835794311
2947.374942141485
2952.838943614453
2938.3272631842974
2933.290544494889
2950.245921840273
2934.538339352264
2930.8442663533633
2930.4988231602442
2943.7567747971234
2945.8690857936654
2917.935185761096
2931.8347689055176
2935.30881880242
2919.3554867460834
2938.1150753557577
2948.2154163755904
2931.5754587647816
2935.9418001078184
2958.1923903190227
2925.412580721698
2947.9046512404257
2949.3128218467755
2945.2613321392164
2941.329267800525
2941.0903379712786
2947.9818065276545
2925.6882986149767
2952.265470072979
2942.448538440395
2940.2243306385044
2956.417892654823
2934.8776795375998
2948.6609523042493
2936.146045340742
2924.366969221608
2948.4812360381075
2929.842779034148
2935.6894353629414
2952.1244904096775
2948.6239521881866
2948.1811614975754
2945.109887040829
2938.244017785518
2942.590692671448
