2944.3037029291186
2952.6234208480632
2938.1150753557577
2949.3029522791
2950.637590801717
2949.039345918187
2951.7519256891505
2932.769420379953
2941.2009653687714
2924.820024064218
2931.198017767708
2931.9323966301154
2930.447748673186
2939.9067430704004
2917.2954947150465
2958.6726387216086
2949.8974539281276
2935.30881880242
2940.724688365579
2938.1150753557577
2937.259944858322
2942.282823032982
2931.1335264948716
2924.717047847985
2940.3353026586024
2917.718250004747
2934.666304627873
2948.7659075651923
2932.7817583450624
2968.0927656626777
2928.3782497923908
2935.30881880242
2941.0341257493833
2937.129717221448
2945.2613321392164
2929.2324655436073
2951.736550418762
2943.7433277459972
2925.675804990728
2935.30881880242
2931.1608847119232
2929.4306648265865
2945.2613321392164
2950.3305585291037
2945.9005171511517
2931.764952592637
2917.674351416045
2921.1450465748435
2942.448538440395
2942.1085338993225
2930.300367649343
2944.4734183785854
2934.4999281685728
2941.329267800525
2954.4950387541235
2941.4605575109827
2938.997249858966
2913.8119001951222
2930.2563359897135
2944.9941833924977
2946.319658879875
2956.7779115763005
2929.6785689136827
2958.437188755638
2909.135834824323
2920.5070546536685
2941.7329074639442
2940.456506120342
2941.875199460426
2941.2182251712866
2937.44655833243
2934.67496721705
2945.198444990528
2937.175749569162
2932.2211888581533
2947.9046512404257
2945.433030435481
2919.290665567205
2953.3398001980795
2952.8802560186377
2946.2030806308726
2954.4950387541235
2925.451833736963
2941.457811819155
2919.7483523779456
2935.9484797476903
2958.455855198299
2956.701684772799
2946.8993071226155
2940.4740904028786
2943.362196932329
2954.615980515219
2939.940771968034
2941.9162092570027
2930.8744965343826
2932.5926408056876
2948.457335356574
2935.283381202998
2952.6234208480632
2950.245921840273
