2941.2541891444225
2958.598681941335
2968.9668419844324
2945.8780161328646
2925.6045080221975
2934.67496721705
2934.6532151452375
2956.814228269715
2941.329267800525
2947.9046512404257
2939.4732196675072
2944.152272447983
2940.6031961178796
2938.7021120486297
2940.3158411105146
2928.6515549714713
2919.7483523779456
2950.049634766388
2929.2324655436073
2936.446956054766
2926.018327400566
2927.158618343766
2936.1127745744457
2945.6627481778687
2959.7971482945813
2938.39152460516
2932.89369814587
2946.0664524016393
2929.7026671169356
2921.120370099711
2927.47026577336
2944.1378797967964
2923.567941626784
2934.1906005449982
2932.141058774424
2942.019799079845
2941.857877541363
2928.6112188970064
2935.8400342554164
2941.942978946786
2937.463840247012
2932.456366526027
2935.4422274611743
2928.849415730598
2938.8466275494648
2952.7917796952215
2955.534111269457
2938.5367090236823
2946.408047662275
2937.615141616744
2931.1714735057685
2934.3992798524328
2949.654435602071
2931.160884711923
2926.729329733363
2943.560800578231
2942.899062443006
2943.21701271523
2934.67496721705
2942.5268303584944
2952.3213851000105
2927.146557900921
2957.456157583902
2957.7054326812936
2933.7058921208572
2953.193034491629
2939.1374565575416
2929.78537963313
2959.5315363844365
2938.5380748876887
2920.1728330118503
2940.0981877794015
2939.279744177319
2919.9822884348177
2929.055493282621
2959.6804896827784
2936.9843293232266
2936.608796530833
2942.4047470223295
2955.534111269457
2921.251595862782
2922.765818316539
2935.6819550749183
2965.720518428347
2940.413234176688
2968.91763103591
2934.9046090531538
2927.841171102302
2951.234050645141
2941.2412663202017
2945.933392005941
2930.5395624784323
2956.077790613204
2920.6545245361763
2934.67496721705
2937.243825994064
2934.3013680354998
2956.1000766470756
2920.8640033968472
2933.0781004901078
