4.0
4.02
4.04
4.06
4.08
4.1
4.12
4.14
4.16
4.18
4.2
4.22
4.24
4.26
4.28
4.3
4.32
4.34
4.36
4.38
4.4
4.42
4.44
4.46
4.48
4.5
4.52
4.54
4.5600000000000005
4.58
4.6
4.62
4.64
4.66
4.68
4.7
4.72
4.74
4.76
4.78
4.8
4.82
4.84
4.86
4.88
4.9
4.92
4.94
4.96
4.98
5.0
5.02
5.04
5.0600000000000005
5.08
5.1
5.12
5.140000000000001
5.16
5.18
5.2
5.22
5.24
5.26
5.28
5.3
5.32
5.34
5.36
5.38
5.4
5.42
5.4399999999999995
5.46
5.48
5.5
5.52
5.54
5.5600000000000005
5.58
5.6
5.62
5.640000000000001
5.66
5.68
5.7
5.72
5.74
5.76
5.78
5.8
5.82
5.84
5.86
5.88
5.9
5.92
5.9399999999999995
5.96
5.98
