5e-07
5.149999999999999e-07
5.3e-07
5.45e-07
5.599999999999999e-07
5.75e-07
5.9e-07
6.05e-07
6.2e-07
6.350000000000001e-07
6.5e-07
6.65e-07
6.800000000000001e-07
6.95e-07
7.1e-07
7.25e-07
7.4e-07
7.55e-07
7.7e-07
7.85e-07
8e-07
8.15e-07
8.3e-07
8.45e-07
8.6e-07
8.750000000000001e-07
8.900000000000001e-07
9.05e-07
9.200000000000001e-07
9.35e-07
9.5e-07
9.65e-07
9.8e-07
9.95e-07
1.01e-06
1.025e-06
1.0400000000000002e-06
1.055e-06
1.07e-06
1.0850000000000002e-06
1.1e-06
1.115e-06
1.1300000000000002e-06
1.145e-06
1.16e-06
1.1750000000000002e-06
1.19e-06
1.2050000000000001e-06
1.2200000000000002e-06
1.235e-06
1.25e-06
1.2650000000000002e-06
1.28e-06
1.295e-06
1.3100000000000002e-06
1.325e-06
1.34e-06
1.3550000000000002e-06
1.37e-06
1.385e-06
1.4000000000000001e-06
1.415e-06
1.43e-06
1.4450000000000001e-06
1.46e-06
1.4750000000000003e-06
1.4900000000000001e-06
1.505e-06
1.5200000000000003e-06
1.5350000000000001e-06
1.55e-06
1.5650000000000003e-06
1.5800000000000001e-06
1.595e-06
1.6100000000000003e-06
1.6250000000000001e-06
1.64e-06
1.6550000000000002e-06
1.67e-06
1.685e-06
1.7000000000000002e-06
1.715e-06
1.73e-06
1.7450000000000002e-06
1.76e-06
1.775e-06
1.7900000000000002e-06
1.805e-06
1.82e-06
1.8350000000000002e-06
1.85e-06
1.8650000000000004e-06
1.8800000000000002e-06
1.895e-06
1.9100000000000003e-06
1.925e-06
1.94e-06
1.9550000000000003e-06
1.97e-06
1.985e-06
