23001.0
23021.01
23041.02
23061.03
23081.04
23101.05
23121.06
23141.07
23161.08
23181.09
23201.1
23221.11
23241.12
23261.13
23281.14
23301.15
23321.16
23341.17
23361.18
23381.19
23401.2
23421.21
23441.22
23461.23
23481.24
23501.25
23521.26
23541.27
23561.28
23581.29
23601.3
23621.31
23641.32
23661.33
23681.34
23701.35
23721.36
23741.37
23761.38
23781.39
23801.4
23821.41
23841.42
23861.43
23881.44
23901.45
23921.46
23941.47
23961.48
23981.49
24001.5
24021.51
24041.52
24061.53
24081.54
24101.55
24121.56
24141.57
24161.58
24181.59
24201.6
24221.61
24241.62
24261.63
24281.64
24301.65
24321.66
24341.67
24361.68
24381.69
24401.7
24421.71
24441.72
24461.73
24481.74
24501.75
24521.760000000002
24541.77
24561.78
24581.79
24601.8
24621.81
24641.82
24661.83
24681.84
24701.85
24721.86
24741.87
24761.88
24781.89
24801.9
24821.91
24841.92
24861.93
24881.94
24901.95
24921.96
24941.97
24961.98
24981.99
