2905.83
2905.83
2905.83
2905.83
2905.83
2905.83
2905.83
2905.83
2937.72
2937.72
2937.72
2937.72
2937.72
2937.72
2937.72
2937.72
2937.72
2937.72
2926.44
2926.44
2926.44
2926.44
2926.44
2926.44
2926.44
2926.44
2926.44
2926.44
2926.44
2926.44
2937.22
2937.22
2937.22
2937.22
2937.22
2937.22
2937.22
2937.22
2937.22
2937.22
2937.22
2937.22
2937.22
2937.22
2937.22
2937.22
2937.22
2937.22
2937.22
2937.22
2937.22
2937.22
2937.22
2937.22
2937.22
2937.22
2937.22
2937.22
2937.22
2937.22
2937.22
2937.22
2937.22
2937.22
2937.22
2937.22
2937.22
2937.22
2937.22
2937.22
2937.22
2937.22
2937.22
2937.22
2937.22
2937.22
2937.22
2937.22
2937.22
2937.22
2937.22
2937.22
2937.22
2937.22
2937.22
2937.22
2937.22
2937.22
2937.22
2937.22
2937.22
2937.22
2937.22
2937.22
2937.22
2937.22
2937.22
2929.34
2929.34
2929.34
2929.34
2929.34
2929.34
2929.34
2929.34
2929.34
2929.34
2929.34
2929.34
2929.34
2929.34
2929.34
2929.34
2929.34
2929.34
2929.34
2929.34
2929.34
2929.34
2929.34
2929.34
2929.34
2929.34
2929.34
2929.34
2929.34
2929.34
2929.34
2929.34
2929.34
2929.34
2929.34
2929.34
2929.34
2929.34
2929.34
2929.34
2929.34
2929.34
2929.34
2929.34
2929.34
2929.34
2929.34
2929.34
2929.34
2929.34
2929.34
2929.34
2929.34
2929.34
2929.34
2929.34
2929.34
2929.34
2929.34
2929.34
2929.34
2929.34
2929.34
2929.34
2929.34
2929.34
2929.34
2929.34
2929.34
2929.34
2929.34
2929.34
2929.34
2929.34
2929.34
2929.34
2929.34
2916.60
2916.60
2916.60
2916.60
2916.60
2916.60
2916.60
2916.60
2916.60
2916.60
2916.60
2916.60
2916.60
2916.60
2916.60
2916.60
2916.60
2916.60
2916.60
2916.60
2916.60
2916.60
2916.60
2916.60
2916.60
2916.60
2916.60
2916.60
2916.60
2916.60
2916.60
2916.60
2916.60
2916.60
2916.60
2916.60
2916.60
2916.60
2916.60
2916.60
2916.60
2916.60
2916.60
2916.60
2926.98
2926.98
2915.73
2929.69
2929.69
2929.69
2929.69
2929.69
2929.69
2929.69
2929.69
2929.69
2929.69
2929.69
2929.69
2891.81
2891.81
2891.81
2891.81
2891.81
2891.81
2891.81
2891.81
2891.81
2891.81
2891.81
2891.81
2891.81
2891.81
2891.81
2891.81
2891.81
2891.81
2891.81
2891.81
2891.81
2891.81
2891.81
2891.81
2891.81
2891.81
2891.81
2891.81
2891.81
2891.81
2891.81
2891.81
2891.81
2891.81
2891.81
2891.81
2891.81
2891.81
2891.81
2891.81
2891.81
2891.81
2891.81
2891.81
2891.81
2891.81
2891.81
2891.81
2891.81
2891.81
2891.81
2891.81
2891.81
2891.81
2891.81
2891.81
2891.81
2891.81
2891.81
2891.81
2891.81
2891.81
2891.81
2891.81
2891.81
2891.81
2891.81
2891.81
2891.81
2891.81
2891.81
2891.81
2891.81
2891.81
2891.81
2891.81
2891.81
2891.81
2891.81
2891.81
2891.81
2891.81
2891.81
2891.81
2891.81
2891.81
2891.81
2891.81
2891.81
2891.81
2891.81
2891.81
2891.81
2891.81
2891.81
2891.81
2891.81
2891.81
2891.81
2891.81
2891.81
2891.81
2891.81
2891.81
2891.81
2891.81
2891.81
2891.81
2891.81
2891.81
