2939.72
2939.72
2939.72
2939.72
2939.72
2939.72
2939.72
2939.72
2939.72
2939.72
2939.72
2939.72
2923.34
2923.34
2923.34
2923.34
2923.34
2913.78
2913.78
2913.78
2913.78
2913.78
2913.78
2913.78
2913.78
2913.78
2913.78
2913.78
2913.78
2913.78
2913.78
2913.78
2913.78
2913.78
2913.78
2913.78
2913.78
2913.78
2913.78
2913.78
2913.78
2913.78
2913.78
2913.78
2913.78
2913.78
2914.24
2914.24
2914.24
2914.24
2914.24
2914.24
2914.24
2914.24
2914.24
2914.24
2914.24
2914.24
2914.24
2897.94
2897.94
2927.00
2927.00
2927.00
2927.00
2927.00
2927.00
2927.00
2927.00
2927.00
2927.00
2927.00
2927.00
2927.00
2927.00
2927.00
2927.00
2927.00
2927.00
2927.00
2927.00
2927.00
2927.00
2927.00
2927.00
2927.00
2927.00
2927.00
2927.00
2927.00
2927.00
2927.00
2927.00
2927.00
2927.00
2927.00
2927.00
2927.00
2927.00
2927.00
2927.00
2927.00
2927.00
2927.00
2927.00
2927.00
2927.00
2927.00
2927.00
2927.00
2927.00
2927.00
2927.00
2927.00
2927.00
2927.00
2927.00
2927.00
2927.00
2927.00
2927.00
2927.00
2927.00
2927.00
2927.00
2927.00
2927.00
2927.00
2927.00
2927.00
2927.00
2927.00
2927.00
2927.00
2927.00
2927.00
2927.00
2927.00
2927.00
2927.00
2927.00
2927.00
2927.00
2927.00
2927.00
2927.00
2927.00
2927.00
2927.00
2927.00
2927.00
2927.00
2927.00
2927.00
2927.00
2927.00
2927.00
2927.00
2927.00
2927.00
2927.00
2927.00
2927.00
2927.00
2927.00
2927.00
2927.00
2927.00
2927.00
2927.00
2927.00
2927.00
2927.00
2927.00
2927.00
2927.00
2927.00
2927.00
2927.00
2927.00
2927.00
2927.00
2927.00
2927.00
2927.00
2927.00
2927.00
2927.00
2927.00
2927.00
2927.00
2927.00
2927.00
2927.00
2927.00
2927.00
2927.00
2927.00
2927.00
2927.00
2927.00
2927.00
2927.00
2927.00
2927.00
2927.00
2927.00
2927.00
2927.00
2927.00
2927.00
2927.00
2927.00
2927.00
2927.00
2927.00
2927.00
2927.00
2927.00
2927.00
2927.00
2890.23
2890.23
2890.23
2890.23
2890.23
2890.23
2890.23
2890.23
2890.23
2890.23
2890.23
2882.26
2894.09
2894.09
2894.09
2894.09
2911.45
2911.45
2911.45
2911.45
2911.45
2916.37
2916.37
2916.37
2916.37
2916.37
2916.37
2916.37
2916.37
2916.37
2916.37
2916.37
2916.37
2916.37
2916.37
2916.37
2916.37
2916.37
2916.37
2888.50
2888.50
2888.50
2888.50
2888.50
2888.50
2888.50
2888.50
2888.50
2888.50
2888.50
2888.50
2888.50
2888.50
2888.50
2888.50
2888.50
2888.50
2888.50
2888.50
2888.50
2888.50
2888.50
2888.50
2888.50
2888.50
2888.50
2888.50
2888.50
2888.50
2888.50
2888.50
2888.50
2888.50
2888.50
2888.50
2888.50
2888.50
2888.50
2888.50
2888.50
2888.50
2888.50
2888.50
2888.50
2888.50
2888.50
2888.50
2888.50
2888.50
2888.50
2888.50
2888.50
2888.50
2888.50
2888.50
2888.50
2888.50
2888.50
2888.50
2888.50
2888.50
2888.50
2888.50
2888.50
2888.50
2888.50
2888.50
2888.50
2888.50
2888.50
2888.50
2888.50
2888.50
2888.50
2888.50
2888.50
2888.50
2888.50
2888.50
2900.11
2900.11
2900.11
