1.00
2898.15
2894.27
2894.27
2894.27
2894.27
2894.27
2894.27
2894.27
2894.27
2894.27
2894.27
2894.27
2894.27
2894.27
2894.27
2894.27
2894.27
2894.27
2894.27
2894.27
2894.27
2894.27
2894.27
2894.27
2894.27
2894.27
2894.27
2894.27
2894.27
2894.27
2894.27
2894.60
2894.60
2894.60
2894.60
2894.60
2894.60
2894.60
2894.60
2894.60
2894.60
2894.60
2894.60
2894.60
2894.60
2894.60
2894.60
2894.60
2894.60
2894.60
2894.60
2894.60
2894.60
2894.60
2894.60
2894.60
2894.60
2894.60
2894.60
2894.60
2894.60
2894.60
2894.60
2894.60
2894.60
2894.60
2894.60
2894.60
2894.60
2894.60
2894.60
2894.60
2894.60
2894.60
2894.60
2894.60
2894.60
2894.60
2894.60
2894.60
2894.60
2894.60
2894.60
2894.60
2894.60
2894.60
2894.60
2894.60
2894.60
2894.60
2894.60
2894.60
2894.60
2894.60
2894.60
2894.60
2894.60
2894.60
2894.60
2894.60
2894.60
2894.60
2894.60
2894.60
2894.60
2894.60
2894.60
2894.60
2894.60
2894.60
2894.60
2894.60
2894.60
2894.60
2894.60
2894.60
2894.60
2894.60
2894.60
2894.60
2894.60
2928.67
2928.67
2928.67
2928.67
2928.67
2928.67
2928.67
2928.67
2928.67
2928.67
2928.67
2928.67
2928.67
2928.67
2928.67
2928.67
2928.67
2928.67
2928.67
2928.67
2928.67
2928.67
2928.67
2928.67
2928.67
2928.67
2928.67
2928.67
2928.67
2928.67
2928.67
2928.67
2928.67
2928.67
2928.67
2928.67
2928.67
2928.67
2928.67
2928.67
2928.67
2928.67
2928.67
2928.67
2928.67
2928.67
2928.67
2928.67
2928.67
2928.67
2928.67
2923.99
2923.99
2923.99
2923.99
2923.99
2923.99
2923.99
2923.99
2923.99
2923.99
2923.99
2923.99
2923.99
2923.99
2923.99
2923.99
2923.99
2923.99
2923.99
2923.99
2923.99
2923.99
2923.99
2923.99
2923.99
2923.99
2923.99
2923.99
2923.99
2923.99
2923.99
2923.99
2923.99
2923.99
2923.99
2923.99
2923.99
2923.99
2923.99
2923.99
2923.99
2923.99
2923.99
2923.99
2923.99
2905.17
2905.17
2905.17
2905.17
2905.17
2905.17
2905.17
2905.17
2905.17
2905.17
2923.09
2923.09
2923.09
2923.09
2923.09
2923.09
2923.09
2923.09
2923.09
2923.09
2923.09
2923.09
2923.09
2923.09
2923.09
2923.09
2923.09
2923.09
2923.09
2923.09
2923.09
2923.09
2923.09
2923.09
2923.09
2923.09
2923.09
2923.09
2923.09
2923.09
2923.09
2923.09
2898.98
2898.98
2898.98
2898.98
2898.98
2898.98
2898.98
2898.98
2898.98
2898.98
2898.98
2898.98
2898.98
2898.98
2924.55
2924.55
2924.55
2924.55
2924.55
2924.55
2924.55
2924.55
2924.55
2924.55
2924.55
2924.55
2924.55
2924.55
2924.55
2924.55
2924.55
2924.55
2924.55
2924.55
2924.55
2924.55
2924.55
2924.55
2924.55
2924.55
2924.55
2924.55
2924.55
2942.58
2942.58
2942.58
2942.58
2942.58
2942.58
2942.58
2942.58
2942.58
2942.58
2942.58
2942.58
2942.58
2942.58
2942.58
2942.58
2942.58
2942.58
2942.58
2942.58
2942.58
2942.58
2942.58
2942.58
2942.58
2942.58
2942.58
2942.58
2942.58
2942.58
2942.58
2942.58
2942.58
2942.58
2942.58
2942.58
2942.58
2942.58
2942.58
2942.58
