1.00
2932.65
2932.65
2932.65
2932.65
2932.65
2932.65
2908.59
2908.59
2892.46
2892.46
2892.46
2892.46
2892.46
2892.46
2892.46
2892.46
2892.46
2892.46
2892.46
2892.46
2892.46
2892.46
2892.46
2897.83
2897.83
2897.83
2897.83
2897.83
2897.83
2897.83
2897.83
2897.83
2897.83
2897.83
2897.83
2897.83
2897.83
2897.83
2897.83
2897.83
2897.83
2897.83
2897.83
2897.83
2897.83
2897.83
2897.83
2897.83
2897.83
2897.83
2897.83
2897.83
2897.83
2897.83
2897.83
2897.83
2897.83
2897.83
2897.83
2897.83
2897.83
2897.83
2897.83
2897.83
2897.83
2897.83
2897.83
2897.83
2897.83
2897.83
2897.83
2897.83
2897.83
2897.83
2897.83
2897.83
2897.83
2897.83
2897.83
2897.83
2897.83
2897.83
2897.83
2897.83
2897.83
2897.83
2897.83
2897.83
2897.83
2897.83
2897.83
2897.83
2897.83
2897.83
2897.83
2897.83
2897.83
2897.83
2897.83
2897.83
2897.83
2897.83
2897.83
2897.83
2897.83
2897.83
2897.83
2897.83
2897.83
2897.83
2897.83
2897.83
2897.83
2897.83
2897.83
2897.83
2897.83
2897.83
2897.83
2897.83
2897.83
2897.83
2897.83
2897.83
2897.83
2897.83
2897.83
2897.83
2897.83
2897.83
2897.83
2897.83
2897.83
2897.83
2897.83
2897.83
2897.83
2897.83
2897.83
2897.83
2897.83
2897.83
2897.83
2897.83
2897.83
2897.83
2897.83
2897.83
2897.83
2897.83
2897.83
2897.83
2897.83
2897.83
2897.83
2897.83
2897.83
2897.83
2897.83
2897.83
2897.83
2897.83
2897.83
2897.83
2897.83
2897.83
2897.83
2897.83
2897.83
2897.83
2897.83
2897.83
2897.83
2897.83
2897.83
2897.83
2889.89
2889.89
2889.89
2889.89
2889.89
2889.89
2889.89
2889.89
2889.89
2889.89
2889.89
2889.89
2889.89
2889.89
2889.89
2889.89
2889.89
2889.89
2889.89
2889.89
2889.89
2889.89
2889.89
2889.89
2889.89
2889.89
2889.89
2889.89
2889.89
2889.89
2889.89
2889.89
2889.89
2889.89
2889.89
2889.89
2889.89
2889.89
2889.89
2889.89
2889.89
2889.89
2904.12
2904.12
2904.12
2904.12
2904.12
2904.12
2895.96
2895.96
2895.96
2895.96
2895.96
2895.96
2895.96
2895.96
2895.96
2895.96
2895.96
2895.96
2895.96
2895.96
2895.96
2895.96
2895.96
2895.96
2895.96
2895.96
2895.96
2895.96
2918.92
2918.92
2918.92
2918.92
2918.92
2918.92
2918.92
2918.92
2918.92
2918.92
2918.92
2918.92
2918.92
2918.92
2918.92
2918.92
2918.92
2918.92
2918.92
2918.92
2918.92
2918.92
2918.92
2918.92
2918.92
2918.92
2918.92
2918.92
2918.92
2918.92
2918.92
2918.92
2932.11
2932.11
2932.11
2932.11
2932.11
2932.11
2932.11
2932.11
2932.11
2932.11
2932.11
2932.11
2932.11
2932.11
2932.11
2932.11
2932.11
2932.11
2932.11
2932.11
2932.11
2932.11
2932.11
2907.33
2907.33
2907.33
2907.33
2907.33
2907.33
2907.33
2907.33
2907.33
2907.33
2907.33
2907.33
2907.33
2907.33
2907.33
2907.33
2907.33
2907.33
2907.33
2907.33
2907.33
2907.33
2907.33
2907.33
2898.00
2898.00
2898.00
2898.00
2898.00
2898.00
2898.00
2898.00
2898.00
2898.00
2898.00
2898.00
2898.00
2898.00
2898.00
2898.00
2898.00
2898.00
