1.00
1.00
1.00
1.00
1.00
2937.83
2937.83
2937.83
2937.83
2921.59
2921.59
2921.59
2921.59
2921.59
2921.59
2921.59
2890.33
2890.33
2890.33
2890.33
2890.33
2890.33
2890.33
2890.33
2890.33
2890.33
2917.75
2917.75
2917.75
2917.75
2917.75
2917.75
2917.75
2917.75
2917.75
2917.75
2917.75
2917.75
2917.75
2917.75
2917.75
2917.75
2917.75
2917.75
2917.75
2917.75
2917.75
2917.75
2917.75
2917.75
2917.75
2917.75
2917.75
2917.75
2917.75
2917.75
2917.75
2917.75
2917.75
2917.75
2917.75
2917.75
2917.75
2917.75
2917.75
2917.75
2917.75
2917.75
2917.75
2917.75
2917.75
2917.75
2917.75
2917.75
2917.75
2917.75
2917.75
2917.75
2917.75
2917.75
2917.75
2917.75
2917.75
2917.75
2917.75
2917.75
2917.75
2917.75
2917.75
2917.75
2917.75
2917.75
2917.75
2917.75
2917.75
2917.75
2917.75
2917.75
2917.75
2917.75
2917.75
2917.75
2917.75
2917.75
2917.75
2917.75
2917.75
2917.75
2917.75
2917.75
2917.75
2917.75
2917.75
2917.75
2917.75
2917.75
2917.75
2917.75
2917.75
2917.75
2917.75
2917.75
2917.75
2917.75
2917.75
2917.75
2917.75
2917.75
2917.75
2917.75
2917.75
2917.75
2917.75
2917.75
2917.75
2917.75
2917.75
2917.75
2917.75
2917.75
2917.75
2917.75
2917.75
2917.75
2917.75
2917.75
2917.75
2917.75
2917.75
2917.75
2917.75
2917.75
2917.75
2917.75
2917.75
2917.75
2917.75
2917.75
2917.75
2917.75
2917.75
2917.75
2917.75
2917.75
2917.75
2917.75
2917.75
2917.75
2917.75
2917.75
2917.75
2917.75
2917.75
2917.75
2917.75
2917.75
2917.75
2917.75
2917.75
2917.75
2917.75
2917.75
2917.75
2917.75
2917.75
2917.75
2917.75
2917.75
2917.75
2917.75
2917.75
2917.75
2917.75
2917.75
2917.75
2917.75
2917.75
2917.75
2917.75
2917.75
2917.75
2917.75
2917.75
2917.75
2917.75
2917.75
2917.75
2917.75
2917.75
2917.75
2917.75
2917.75
2917.75
2917.75
2917.75
2917.75
2917.75
2917.75
2917.75
2917.75
2917.75
2917.75
2917.75
2917.75
2917.75
2917.75
2917.75
2917.75
2917.75
2917.75
2917.75
2917.75
2917.75
2917.75
2917.75
2917.75
2917.75
2917.75
2903.15
2919.30
2919.30
2919.30
2919.30
2919.30
2909.85
2909.85
2909.85
2909.85
2909.85
2909.85
2909.85
2909.85
2909.85
2913.47
2913.47
2913.47
2913.47
2913.47
2913.47
2913.47
2913.47
2913.47
2913.47
2913.47
2913.47
2913.47
2913.47
2913.47
2913.47
2913.47
2913.47
2913.47
2913.47
2913.47
2913.47
2913.47
2913.47
2913.47
2913.47
2913.47
2913.47
2913.47
2913.47
2913.47
2913.47
2913.47
2913.47
2913.47
2913.47
2913.47
2913.47
2913.47
2913.47
2913.47
2913.47
2913.47
2913.47
2913.47
2913.47
2913.47
2913.47
2913.47
2913.47
2913.47
2913.47
2913.47
2913.47
2913.47
2913.47
2913.47
2913.47
2913.47
2913.47
2913.47
2913.47
2913.47
2913.47
2913.47
2913.47
2913.47
2913.47
2913.47
2913.47
2913.47
2913.47
2913.47
2913.47
2913.47
2913.47
2913.47
2913.47
2913.47
2913.47
2913.47
2913.47
2895.36
2895.36
2895.36
2895.36
2895.36
2895.36
2895.36
2895.36
2895.36
