
samples_per_chain:,100
burnin:,0.1
num params:,425
initial_proposed_vec:,[ 4.05479288e-01  6.34255853e-01  5.53794107e-01  1.37067459e+00
  3.63335507e-06  4.61778730e-01  1.16922196e-01  1.34686944e-02
  2.27442324e-02  2.96724409e-02  3.66552613e-01  1.24461750e+01
  5.43225173e+03  1.46924154e+01  6.03238480e-02 -1.82494574e-01
 -1.92288235e-01  3.52494337e-01  2.98129296e-01  2.84975792e-01
 -3.73305984e-01  2.94623063e-01 -5.34817069e-01 -4.73497082e-01
 -1.38324311e-01  1.78638233e+02  2.52860075e+01  3.42555974e+01
  1.87840171e+02  1.13142963e+02  1.78952006e+02  1.16976126e+02
  3.64019445e+01  9.88857228e+01  5.74159605e+01  7.77772237e+00
  1.49749257e+02  1.38828178e+02  1.95806719e+02  3.54994310e+01
  1.84872170e+02  6.40319949e+01  1.04389364e+02  5.19829683e+01
  1.80582005e+02  1.74838304e+02  1.81652054e+01  5.44393838e+01
  5.97351707e+01  1.34339564e+02  1.26733055e+02  7.13556426e+01
  1.24003287e+01  1.98027938e+02  1.62917077e+01  1.95165744e+02
  4.49961291e+01  5.04904548e+01  5.87957310e+01  8.51156024e+01
  5.62393334e+00  3.73967151e+01  9.13183258e+01  1.05558793e+02
  7.44739986e+01  1.98424095e+02  1.89384668e+02  1.69023430e+02
  1.27704118e+01  1.37004347e+02  8.34451047e+01  4.09601670e+01
  5.43464143e+01  1.88799314e+02  1.69576879e+02  4.99063065e+01
  2.44751275e+01  5.13520077e+01  5.15175706e+01  5.90638191e+01
  1.95951943e+02  8.58751832e+00  4.50255120e+01  1.54672753e+02
  1.23859563e+02  1.98076977e+01  1.99668658e+02  2.54364628e+01
  1.58980124e+02  1.12102074e+01  3.15966737e-01  6.62534653e+00
  5.68865366e+01  1.98016984e+02  3.21374285e+01  7.23861265e+01
  1.27590112e+01  1.00242930e+02  3.21056984e+01  1.45602576e+02
  4.41161698e+01  4.78652015e+00  1.01670453e+02  1.11010467e+02
  1.79927524e+02  3.05084328e+01  1.50241849e+02  6.91136760e+01
  1.91438582e+02  1.59399214e+02  1.23070628e+02  1.06033516e+02
  1.81666845e+02  8.65120232e+01  1.50786777e+02  6.00949156e+01
  4.97247786e+01  1.62149125e+02  1.06638152e+02  6.97638821e+01
  7.32816399e+01  5.85758378e+01  1.97320802e+02  1.77462050e+01
  1.01112765e+02  1.55528007e+02  8.70431311e+01  7.75104137e+01
  1.03660726e+02  1.93975737e+02  6.94088555e+00  3.65110445e+01
  1.77767922e+02  1.72765637e+02  2.08144892e+01  1.13422878e+02
  4.03774281e+01  5.84035951e+01  1.89504123e+02  5.51422112e+01
  1.32822792e+02  1.59845871e+02  1.98478426e+02  7.79268433e+01
  1.94920754e+01  1.99565030e+02  1.82524867e+02  1.48219502e+02
  1.19284588e+02  1.28124795e+02  1.23652909e+01  6.51375879e+01
  2.30379088e+01  1.30925910e+02  7.72494504e+01  1.41700948e+02
  3.35615527e+01  7.93231671e+01  1.01125064e+02  1.57870796e+02
  8.59649756e+01  8.42795638e+01  6.98120613e+01  1.30898245e+02
  1.23306059e+02  2.54543216e+01  1.51551729e+02  7.78312760e+01
  1.04979406e+02  6.95374347e+01  6.00111537e+01  6.67003244e+00
  9.18088254e+01  8.01056755e+01  1.37604484e+02  1.07174671e+02
  1.15152748e+01  9.12540863e+01  2.54230188e+01  7.03621270e+01
  1.52412434e+02  1.07194418e+02  9.00673774e+01  9.74016847e+01
  1.40028162e+02  1.63142277e+02  3.84865542e+01  1.62184981e+02
  4.70759371e+01  1.59062440e+02  3.01246122e+01  1.81196630e+02
  1.80957623e+02  3.09985105e+01  1.42276645e+02  1.35438697e+02
  1.29997181e+02  1.32244941e+02  1.99164156e+02  1.34932766e+02
  3.83765041e+01  1.41926972e+02  1.37000618e+02  1.24934955e+02
  8.14638912e+01  1.63164036e+02  1.22923031e+02  5.68809271e+01
  1.37844250e+02  1.10110708e+02  5.92440301e+01  6.28521711e+01
  5.34759336e+00  1.56557284e+02  6.21154055e+01  1.55557420e+02
  1.14167522e+02  6.16713807e+01  1.76821197e+00  1.09428519e+02
  2.62544142e+01  1.92334611e+02  1.51208857e+02  6.64637151e+01
  5.43860544e+00  1.84684894e+02  7.97678242e+01  5.47312203e+01
  1.68241275e+01  7.68875557e+01  8.33297935e+01  1.29062027e+02
  1.62681330e+02  9.94623242e+01  6.69718714e+01  1.54361836e+02
  1.14767762e+02  6.16681578e+01  4.66692736e+01  9.99368027e+01
  1.82413324e+02  1.11025362e+02  2.50694477e+01  1.47611331e+02
  1.60927220e+02  7.51549250e+01  1.27813229e+02  1.22729446e+02
  1.50502674e+02  2.23114860e+01  6.04927516e+01  6.75846689e+01
  9.20517416e+01  1.95059183e+02  1.62057500e+01  1.65153607e+02
  2.17212104e+01  8.22660019e+01  3.23261974e+01  1.83348063e+02
  9.77583860e+01  1.38518451e+01  1.88754738e+02  6.18594654e+01
  1.34707867e+02  7.65477853e+01  4.37509893e+01  1.09356727e+02
  6.44662646e+01  6.64639336e+01  1.32244123e+02  6.12776109e+01
  1.29991791e+02  1.32432746e+02  1.33691795e+02  6.92795353e+01
  8.95234973e+01  1.22869234e+02  1.31378129e+02  3.80596146e+01
  1.81873140e+02  8.25611540e+01  2.07598515e+01  8.55336773e+01
  1.81705543e+02  1.78957870e+02  6.24025129e+01  9.52961321e+01
  1.74393081e+02  1.76749842e+02  7.72087971e+01  1.59907133e+02
  9.82313826e+01  1.68990459e+02  5.69003026e+01  2.71052957e+00
  1.40059564e+02  2.26868145e+01  7.58577892e+01  1.32397215e+02
  3.59301019e+01  1.45021011e+02  1.45058957e+02  1.58541356e+02
  1.84885936e+02  7.67606954e+01  1.49477985e+02  6.51060808e+01
  2.19940693e+01  1.26175953e+01  1.37673753e+02  1.47188701e+02
  3.78575301e+01  1.18724610e+02  1.92238803e+02  1.55098002e+02
  1.14341716e+02  9.75683211e+01  4.55255711e+01  8.39387845e+01
  3.63322326e+01  7.33177255e+01  1.78274427e+02  1.59487586e+02
  1.59910813e+02  1.43553210e+02  1.74340635e+02  1.72090518e+02
  1.55412573e+02  1.40943114e+02  1.73835821e+02  2.77503470e+01
  1.79999771e+02  1.55692014e+02  1.05139350e+02  2.01897476e+01
  1.39126033e+02  1.97985659e+02  2.64395201e+01  1.67539333e+02
  4.82829201e+01  5.74306113e+01  1.75524147e+02  1.95548381e+02
  1.42803886e+01  1.25817701e+02  7.75529514e+01  9.70920825e+01
  1.68438176e+02  1.99689097e+02  9.80177924e+01  1.62370437e+02
  5.02952910e+01  7.93218400e+01  3.06362074e+01  8.84993073e+01
  5.37140178e+00  1.54244497e+02  1.20247651e+02  1.18551303e+02
  3.02441936e+01  1.72367119e+02  1.04944457e+02  1.11855402e+02
  1.00595513e+01  1.76294021e+02  7.22399379e+01  1.42416166e+02
  1.96913759e+02  1.58147486e+02  6.13177667e+01  1.24016007e+02
  1.09092762e+02  1.12044259e+02  1.91891227e+02  1.67920218e+02
  4.30040081e+01  1.97362520e+02  5.57011455e+01  1.17405699e+02
  6.23346195e+01  1.75838044e+01  2.70463825e+01  1.37383680e+02
  5.05618540e+00  8.23502327e+01  1.88320076e+02  1.54763324e+02
  1.19517990e+02  9.60202068e+01  1.50645002e+01  1.73779870e+01
  1.14764270e+01  5.28198016e+01  1.81939148e+02  1.84603527e+02
  1.37202472e+02  1.79915733e+02  1.45311042e+02  1.62958348e+02
  1.99192018e+02  8.17863269e+01  1.56160901e+02  5.21459289e+01
  5.57932088e+00  1.46499178e+02  1.59985944e+02  6.04694015e+01
  6.04791646e+01  6.74615010e+01  7.77990432e+01  1.55924565e+02
  9.45560492e+00  1.81747370e+02  4.04241290e+01  1.35226198e+02
  1.28921417e+02  4.32529735e+01  1.84934448e+02  4.99189863e+01
  3.11259998e+01  1.11540772e+02  1.33960724e+02  1.79605648e+02
  1.72797927e+01]
stepsize_vec:,[1.5000e-01 1.5000e-01 1.5000e-01 1.5000e-01 4.5000e-07 1.0000e-01
 2.0000e-01 5.0000e-02 5.0000e-03 5.0000e-03 1.0000e-01 2.0000e+00
 2.0001e+03 1.6000e+00 2.0000e-02 4.0000e-02 4.0000e-02 8.0000e-02
 8.0000e-02 1.0000e-01 1.0000e-01 1.0000e-01 1.2000e-01 1.2000e-01
 1.2000e-01 2.0000e+01 2.0000e+01 2.0000e+01 2.0000e+01 2.0000e+01
 2.0000e+01 2.0000e+01 2.0000e+01 2.0000e+01 2.0000e+01 2.0000e+01
 2.0000e+01 2.0000e+01 2.0000e+01 2.0000e+01 2.0000e+01 2.0000e+01
 2.0000e+01 2.0000e+01 2.0000e+01 2.0000e+01 2.0000e+01 2.0000e+01
 2.0000e+01 2.0000e+01 2.0000e+01 2.0000e+01 2.0000e+01 2.0000e+01
 2.0000e+01 2.0000e+01 2.0000e+01 2.0000e+01 2.0000e+01 2.0000e+01
 2.0000e+01 2.0000e+01 2.0000e+01 2.0000e+01 2.0000e+01 2.0000e+01
 2.0000e+01 2.0000e+01 2.0000e+01 2.0000e+01 2.0000e+01 2.0000e+01
 2.0000e+01 2.0000e+01 2.0000e+01 2.0000e+01 2.0000e+01 2.0000e+01
 2.0000e+01 2.0000e+01 2.0000e+01 2.0000e+01 2.0000e+01 2.0000e+01
 2.0000e+01 2.0000e+01 2.0000e+01 2.0000e+01 2.0000e+01 2.0000e+01
 2.0000e+01 2.0000e+01 2.0000e+01 2.0000e+01 2.0000e+01 2.0000e+01
 2.0000e+01 2.0000e+01 2.0000e+01 2.0000e+01 2.0000e+01 2.0000e+01
 2.0000e+01 2.0000e+01 2.0000e+01 2.0000e+01 2.0000e+01 2.0000e+01
 2.0000e+01 2.0000e+01 2.0000e+01 2.0000e+01 2.0000e+01 2.0000e+01
 2.0000e+01 2.0000e+01 2.0000e+01 2.0000e+01 2.0000e+01 2.0000e+01
 2.0000e+01 2.0000e+01 2.0000e+01 2.0000e+01 2.0000e+01 2.0000e+01
 2.0000e+01 2.0000e+01 2.0000e+01 2.0000e+01 2.0000e+01 2.0000e+01
 2.0000e+01 2.0000e+01 2.0000e+01 2.0000e+01 2.0000e+01 2.0000e+01
 2.0000e+01 2.0000e+01 2.0000e+01 2.0000e+01 2.0000e+01 2.0000e+01
 2.0000e+01 2.0000e+01 2.0000e+01 2.0000e+01 2.0000e+01 2.0000e+01
 2.0000e+01 2.0000e+01 2.0000e+01 2.0000e+01 2.0000e+01 2.0000e+01
 2.0000e+01 2.0000e+01 2.0000e+01 2.0000e+01 2.0000e+01 2.0000e+01
 2.0000e+01 2.0000e+01 2.0000e+01 2.0000e+01 2.0000e+01 2.0000e+01
 2.0000e+01 2.0000e+01 2.0000e+01 2.0000e+01 2.0000e+01 2.0000e+01
 2.0000e+01 2.0000e+01 2.0000e+01 2.0000e+01 2.0000e+01 2.0000e+01
 2.0000e+01 2.0000e+01 2.0000e+01 2.0000e+01 2.0000e+01 2.0000e+01
 2.0000e+01 2.0000e+01 2.0000e+01 2.0000e+01 2.0000e+01 2.0000e+01
 2.0000e+01 2.0000e+01 2.0000e+01 2.0000e+01 2.0000e+01 2.0000e+01
 2.0000e+01 2.0000e+01 2.0000e+01 2.0000e+01 2.0000e+01 2.0000e+01
 2.0000e+01 2.0000e+01 2.0000e+01 2.0000e+01 2.0000e+01 2.0000e+01
 2.0000e+01 2.0000e+01 2.0000e+01 2.0000e+01 2.0000e+01 2.0000e+01
 2.0000e+01 2.0000e+01 2.0000e+01 2.0000e+01 2.0000e+01 2.0000e+01
 2.0000e+01 2.0000e+01 2.0000e+01 2.0000e+01 2.0000e+01 2.0000e+01
 2.0000e+01 2.0000e+01 2.0000e+01 2.0000e+01 2.0000e+01 2.0000e+01
 2.0000e+01 2.0000e+01 2.0000e+01 2.0000e+01 2.0000e+01 2.0000e+01
 2.0000e+01 2.0000e+01 2.0000e+01 2.0000e+01 2.0000e+01 2.0000e+01
 2.0000e+01 2.0000e+01 2.0000e+01 2.0000e+01 2.0000e+01 2.0000e+01
 2.0000e+01 2.0000e+01 2.0000e+01 2.0000e+01 2.0000e+01 2.0000e+01
 2.0000e+01 2.0000e+01 2.0000e+01 2.0000e+01 2.0000e+01 2.0000e+01
 2.0000e+01 2.0000e+01 2.0000e+01 2.0000e+01 2.0000e+01 2.0000e+01
 2.0000e+01 2.0000e+01 2.0000e+01 2.0000e+01 2.0000e+01 2.0000e+01
 2.0000e+01 2.0000e+01 2.0000e+01 2.0000e+01 2.0000e+01 2.0000e+01
 2.0000e+01 2.0000e+01 2.0000e+01 2.0000e+01 2.0000e+01 2.0000e+01
 2.0000e+01 2.0000e+01 2.0000e+01 2.0000e+01 2.0000e+01 2.0000e+01
 2.0000e+01 2.0000e+01 2.0000e+01 2.0000e+01 2.0000e+01 2.0000e+01
 2.0000e+01 2.0000e+01 2.0000e+01 2.0000e+01 2.0000e+01 2.0000e+01
 2.0000e+01 2.0000e+01 2.0000e+01 2.0000e+01 2.0000e+01 2.0000e+01
 2.0000e+01 2.0000e+01 2.0000e+01 2.0000e+01 2.0000e+01 2.0000e+01
 2.0000e+01 2.0000e+01 2.0000e+01 2.0000e+01 2.0000e+01 2.0000e+01
 2.0000e+01 2.0000e+01 2.0000e+01 2.0000e+01 2.0000e+01 2.0000e+01
 2.0000e+01 2.0000e+01 2.0000e+01 2.0000e+01 2.0000e+01 2.0000e+01
 2.0000e+01 2.0000e+01 2.0000e+01 2.0000e+01 2.0000e+01 2.0000e+01
 2.0000e+01 2.0000e+01 2.0000e+01 2.0000e+01 2.0000e+01 2.0000e+01
 2.0000e+01 2.0000e+01 2.0000e+01 2.0000e+01 2.0000e+01 2.0000e+01
 2.0000e+01 2.0000e+01 2.0000e+01 2.0000e+01 2.0000e+01 2.0000e+01
 2.0000e+01 2.0000e+01 2.0000e+01 2.0000e+01 2.0000e+01 2.0000e+01
 2.0000e+01 2.0000e+01 2.0000e+01 2.0000e+01 2.0000e+01 2.0000e+01
 2.0000e+01 2.0000e+01 2.0000e+01 2.0000e+01 2.0000e+01 2.0000e+01
 2.0000e+01 2.0000e+01 2.0000e+01 2.0000e+01 2.0000e+01 2.0000e+01
 2.0000e+01 2.0000e+01 2.0000e+01 2.0000e+01 2.0000e+01 2.0000e+01
 2.0000e+01 2.0000e+01 2.0000e+01 2.0000e+01 2.0000e+01 2.0000e+01
 2.0000e+01 2.0000e+01 2.0000e+01 2.0000e+01 2.0000e+01 2.0000e+01
 2.0000e+01 2.0000e+01 2.0000e+01 2.0000e+01 2.0000e+01 2.0000e+01
 2.0000e+01 2.0000e+01 2.0000e+01 2.0000e+01 2.0000e+01 2.0000e+01
 2.0000e+01 2.0000e+01 2.0000e+01 2.0000e+01 2.0000e+01 2.0000e+01
 2.0000e+01 2.0000e+01 2.0000e+01 2.0000e+01 2.0000e+01]
step_ratio_vec:,[0.1 0.1 0.1 0.1 0.1 0.1 0.1 0.1 0.1 0.1 0.1 0.1 0.1 0.1 0.1 0.1 0.1 0.1
 0.1 0.1 0.1 0.1 0.1 0.1 0.1 0.1 0.1 0.1 0.1 0.1 0.1 0.1 0.1 0.1 0.1 0.1
 0.1 0.1 0.1 0.1 0.1 0.1 0.1 0.1 0.1 0.1 0.1 0.1 0.1 0.1 0.1 0.1 0.1 0.1
 0.1 0.1 0.1 0.1 0.1 0.1 0.1 0.1 0.1 0.1 0.1 0.1 0.1 0.1 0.1 0.1 0.1 0.1
 0.1 0.1 0.1 0.1 0.1 0.1 0.1 0.1 0.1 0.1 0.1 0.1 0.1 0.1 0.1 0.1 0.1 0.1
 0.1 0.1 0.1 0.1 0.1 0.1 0.1 0.1 0.1 0.1 0.1 0.1 0.1 0.1 0.1 0.1 0.1 0.1
 0.1 0.1 0.1 0.1 0.1 0.1 0.1 0.1 0.1 0.1 0.1 0.1 0.1 0.1 0.1 0.1 0.1 0.1
 0.1 0.1 0.1 0.1 0.1 0.1 0.1 0.1 0.1 0.1 0.1 0.1 0.1 0.1 0.1 0.1 0.1 0.1
 0.1 0.1 0.1 0.1 0.1 0.1 0.1 0.1 0.1 0.1 0.1 0.1 0.1 0.1 0.1 0.1 0.1 0.1
 0.1 0.1 0.1 0.1 0.1 0.1 0.1 0.1 0.1 0.1 0.1 0.1 0.1 0.1 0.1 0.1 0.1 0.1
 0.1 0.1 0.1 0.1 0.1 0.1 0.1 0.1 0.1 0.1 0.1 0.1 0.1 0.1 0.1 0.1 0.1 0.1
 0.1 0.1 0.1 0.1 0.1 0.1 0.1 0.1 0.1 0.1 0.1 0.1 0.1 0.1 0.1 0.1 0.1 0.1
 0.1 0.1 0.1 0.1 0.1 0.1 0.1 0.1 0.1 0.1 0.1 0.1 0.1 0.1 0.1 0.1 0.1 0.1
 0.1 0.1 0.1 0.1 0.1 0.1 0.1 0.1 0.1 0.1 0.1 0.1 0.1 0.1 0.1 0.1 0.1 0.1
 0.1 0.1 0.1 0.1 0.1 0.1 0.1 0.1 0.1 0.1 0.1 0.1 0.1 0.1 0.1 0.1 0.1 0.1
 0.1 0.1 0.1 0.1 0.1 0.1 0.1 0.1 0.1 0.1 0.1 0.1 0.1 0.1 0.1 0.1 0.1 0.1
 0.1 0.1 0.1 0.1 0.1 0.1 0.1 0.1 0.1 0.1 0.1 0.1 0.1 0.1 0.1 0.1 0.1 0.1
 0.1 0.1 0.1 0.1 0.1 0.1 0.1 0.1 0.1 0.1 0.1 0.1 0.1 0.1 0.1 0.1 0.1 0.1
 0.1 0.1 0.1 0.1 0.1 0.1 0.1 0.1 0.1 0.1 0.1 0.1 0.1 0.1 0.1 0.1 0.1 0.1
 0.1 0.1 0.1 0.1 0.1 0.1 0.1 0.1 0.1 0.1 0.1 0.1 0.1 0.1 0.1 0.1 0.1 0.1
 0.1 0.1 0.1 0.1 0.1 0.1 0.1 0.1 0.1 0.1 0.1 0.1 0.1 0.1 0.1 0.1 0.1 0.1
 0.1 0.1 0.1 0.1 0.1 0.1 0.1 0.1 0.1 0.1 0.1 0.1 0.1 0.1 0.1 0.1 0.1 0.1
 0.1 0.1 0.1 0.1 0.1 0.1 0.1 0.1 0.1 0.1 0.1 0.1 0.1 0.1 0.1 0.1 0.1 0.1
 0.1 0.1 0.1 0.1 0.1 0.1 0.1 0.1 0.1 0.1 0.1]
swap interval:,2
sim interval:,[-1.49e+08 -1.40e+08 -1.25e+08 -1.15e+08 -1.00e+08 -7.50e+07 -5.00e+07
 -4.00e+07 -3.00e+07 -2.50e+07 -5.00e+06  0.00e+00]
likelihood_sed (T/F):,True
erodep_coords,elev_coords:,[[42 94]
 [42 95]
 [42 96]
 ...
 [96 78]
 [96 79]
 [96 80]]
sed scaling factor:,1
samples_per_chain:,100
burnin:,0.1
num params:,425
initial_proposed_vec:,[ 8.47467904e-01  9.88491169e-01  1.18713122e+00  7.96208476e-01
  3.35681953e-06  4.68738881e-01  1.30819275e+00  1.47295791e-01
  7.52811323e-03  3.33334128e-02  6.85243339e-02  1.62790569e+01
  2.23590278e+04  8.67783711e+00  5.29262866e-02 -6.58714507e-02
 -1.17290240e-01  3.65666303e-01  1.24290576e-01 -3.25582623e-01
 -3.93182478e-01 -4.89865303e-01 -5.63580864e-01  2.43426170e-02
  1.47391913e-02  7.68075371e+00  1.86827443e+02  9.68344230e+01
  6.68178361e+01  1.83638791e+02  1.66828932e+02  4.01579239e+01
  1.54979755e+02  5.93164564e+00  1.58829708e+02  6.28362375e+01
  1.06955309e+02  1.50820979e+01  1.33136331e+02  6.23567705e+01
  6.30503561e-01  5.18879408e-01  1.22483942e+02  7.15886804e+01
  9.88161590e+01  1.27281027e+02  1.97148733e+02  5.79384586e+01
  5.33735880e+01  1.37208128e+02  2.19067482e+01  1.39572689e+01
  1.99409430e+02  1.07050116e+02  1.28822119e+02  1.61166553e+02
  7.08794475e+01  5.40880194e+01  6.99152394e+00  1.55693084e+01
  1.71908887e+02  6.57013931e+01  8.51082012e+01  1.94858737e+02
  3.70111477e+01  1.85943849e+02  6.16616380e+01  8.36766663e+00
  8.12799103e+01  3.62855729e+01  1.86439572e+02  1.82202282e+02
  7.83525617e+01  1.97736357e+02  1.62269855e+02  4.89845512e+01
  1.54055466e+02  6.83517312e+00  9.27389884e+01  1.34041924e+02
  7.28963396e+01  2.75253946e+00  4.14379686e+01  9.62961016e+01
  1.97102798e+02  1.00512705e+02  1.59484014e+02  3.03186256e+01
  6.80009082e+01  1.37751993e+02  1.47197392e+02  1.86181879e+02
  2.37568457e+01  5.29962961e+01  1.71233221e+02  2.75322720e+01
  1.33837376e+02  7.01468781e+01  4.43116195e+01  7.50491502e+01
  1.00576833e+02  1.39776266e+02  5.35512213e+01  6.07912194e+01
  1.04839574e+02  1.80421342e+02  1.98291624e+02  1.61239282e+02
  1.81782455e+02  7.29417317e+01  1.52967433e+02  1.74331136e+02
  8.43195337e+01  3.96716784e+01  1.45319265e+02  1.96756277e+02
  1.98980594e+02  8.33837746e+01  8.63558286e+01  1.26647819e+02
  1.59671813e+02  6.19269265e+01  3.88703333e+01  2.52832654e+01
  2.38997301e+01  7.34343354e+01  9.48816589e+01  9.74827992e+01
  1.25012042e+02  1.82632687e+02  1.71631317e+02  3.73829726e+01
  1.95647814e+02  1.40960853e+02  6.17403205e+01  1.10774932e+02
  1.81518036e+02  1.84717000e+02  4.57495789e+01  1.86890903e+01
  9.26654713e+01  1.69575596e+02  9.42540326e+01  9.94426656e+00
  9.92034913e+01  1.85529062e+02  1.43148744e+02  3.51394530e+01
  1.12762589e+02  1.19664644e+02  8.49247994e+01  6.91576149e+01
  1.73041050e+02  1.93291037e+02  1.71073934e+02  7.94304553e+00
  7.10609203e+01  1.54888306e+02  1.76575655e+02  2.81958168e+01
  9.51783975e+01  1.22490181e+02  2.62867105e+01  1.14916297e+02
  1.63498014e+02  1.79062157e+02  1.95381343e+02  1.77370630e+02
  5.90474318e+01  4.34983779e+01  1.00875572e+02  7.72986445e+01
  1.47621619e+02  1.38704257e+02  6.06040641e+01  1.68265331e+02
  2.02323324e+01  1.83719724e+02  1.47753628e+02  1.81597411e+02
  1.15239108e+02  8.40127321e+01  1.06969705e+02  1.28876563e+02
  1.38748877e+02  1.77246161e+02  1.84008478e+02  1.36015744e+02
  1.11422319e+02  1.70358832e+02  1.84548390e+02  1.63003948e+02
  6.06754556e+01  5.08986807e+01  5.90698829e+01  5.90413990e+01
  6.96653942e+01  3.30640507e+01  4.86167393e+01  1.45261883e+02
  2.17182289e+01  7.05582371e+01  1.77816316e+02  1.71541175e+02
  4.82168033e+01  1.47764684e+02  1.51170672e+02  6.42551846e+01
  1.66885890e+02  8.28267805e+01  9.06206460e+01  6.84862298e+01
  1.19765175e+02  7.77944748e+01  1.59564262e+02  8.58284440e+01
  2.83067280e+01  1.48499006e+02  1.89918176e+02  1.57547976e+02
  5.27399772e+01  6.48013533e+01  1.84039582e+02  9.70291253e+01
  7.69335026e+01  3.29223327e+01  4.54597247e+01  1.16393985e+02
  9.33540989e+01  1.93493506e+02  1.87574980e+02  1.53882001e+02
  4.24341362e+01  1.80737807e+02  1.05589598e+02  7.51515624e+01
  1.48201570e+02  2.54669889e+01  6.94234675e+01  1.98943056e+02
  4.61724187e+00  3.60369655e+01  8.08062249e+01  7.15405094e+01
  2.74820292e+01  1.63869492e+02  1.37131392e+02  4.24674826e+01
  5.02031054e+01  1.56918110e+02  8.44783008e+01  1.19043000e+02
  1.92812144e+02  6.79712588e+01  1.08639142e+02  9.53649835e+01
  8.13611848e+01  6.33539016e+01  4.10179753e+00  3.93934383e+01
  8.46250980e+01  3.62520877e+01  6.93308995e+01  6.31274397e+01
  1.60748359e+01  1.91783705e+02  1.10440429e+02  1.67185231e+02
  1.51952771e+02  2.44035233e+01  1.13956736e+02  1.18754954e+02
  9.79491205e+01  1.47064546e+01  3.27600743e+01  8.30138577e+01
  1.87225585e+02  1.33347612e+02  3.28094473e+01  6.16017455e+01
  1.99951324e+02  1.60406964e+02  3.30372258e+01  2.03045570e+01
  1.78526053e+02  1.28201519e+02  1.97935552e+02  1.45474501e+01
  4.37963616e+01  1.12624363e+02  1.74736443e+01  2.75080180e+01
  1.20273253e+02  1.02609131e+02  2.43051311e+01  1.87214150e+02
  1.17965358e+02  1.17392872e+02  1.36736135e+02  6.98967431e+01
  8.91931235e+01  1.88189678e+02  8.66421804e+01  1.26859808e+02
  1.53478230e+01  1.29259048e+02  1.57164731e+02  9.94530716e+01
  1.97655387e+02  1.94326425e+01  5.23483200e+01  4.23334055e+01
  1.31072157e+02  1.34320123e+02  1.97405396e+02  5.78056493e+01
  1.91378095e+02  4.18518515e+01  1.97428670e+02  8.41356199e+00
  1.82420317e+02  1.57648961e+02  8.80668204e+01  4.24795175e+01
  4.53024892e+01  4.05957325e+01  4.04233200e+01  1.86936714e+00
  1.25367516e+01  1.58631832e+02  1.47483897e+02  1.38736656e+02
  1.78510015e+02  8.55734797e+00  1.63228825e+02  6.84483078e+01
  6.17293008e+01  6.63482809e+01  1.89109173e+02  5.17070649e+00
  5.36722964e+01  1.60107907e+02  1.24607219e+02  5.64491970e+01
  1.43620892e+02  1.44793000e+02  1.39597936e+01  1.38086566e+01
  1.77227526e+02  8.98767952e+01  1.28285827e+02  1.05149066e+02
  4.05013112e+01  3.22737065e+01  1.08762694e+02  4.14899789e+01
  7.32676384e+01  9.77350430e+01  1.98543835e+02  1.99021205e+02
  1.79152023e+01  1.18083488e+02  3.92126433e+01  1.60656433e+02
  1.72713770e+02  3.63342451e+00  2.34143601e+01  6.80534844e+01
  9.93239400e+01  3.54805401e+01  2.62214553e+01  1.99942481e+02
  4.37181278e+01  1.08312373e+02  1.62307529e+01  1.02276134e+02
  1.99393052e+02  1.28930827e+02  1.86644959e+02  1.19683661e+00
  1.99423497e+02  1.10562787e+02  8.65099125e+00  1.16136228e+02
  9.38732813e+01  1.12178532e+02  1.04600521e+02  1.93492224e+02
  1.95472905e+02  9.80723807e+01  2.05863607e+01  1.72969736e+02
  8.66140686e+01  1.62404476e+02  1.45244148e+02  1.22334369e+01
  1.89622123e+02  1.36521397e+02  9.28870971e+01  3.88603123e+01
  1.98540570e+02  9.82384215e+01  9.58200470e+01  1.67950391e+02
  6.88757566e+01  1.96945066e+01  6.11217593e+00  1.73411908e+02
  1.20455043e+02  5.66884727e+01  1.83041746e+02  1.82273396e+02
  6.14093136e+01  1.01461644e+02  5.36136395e+01  2.38204023e+01
  1.45710628e+02  3.09822575e+01  1.52879732e+01  9.83100323e+01
  1.20674231e+02  8.96515659e+00  2.75481904e+01  1.78743820e+01
  9.03172085e+01]
stepsize_vec:,[1.5000e-01 1.5000e-01 1.5000e-01 1.5000e-01 4.5000e-07 1.0000e-01
 2.0000e-01 5.0000e-02 5.0000e-03 5.0000e-03 1.0000e-01 2.0000e+00
 2.0001e+03 1.6000e+00 2.0000e-02 4.0000e-02 4.0000e-02 8.0000e-02
 8.0000e-02 1.0000e-01 1.0000e-01 1.0000e-01 1.2000e-01 1.2000e-01
 1.2000e-01 2.0000e+01 2.0000e+01 2.0000e+01 2.0000e+01 2.0000e+01
 2.0000e+01 2.0000e+01 2.0000e+01 2.0000e+01 2.0000e+01 2.0000e+01
 2.0000e+01 2.0000e+01 2.0000e+01 2.0000e+01 2.0000e+01 2.0000e+01
 2.0000e+01 2.0000e+01 2.0000e+01 2.0000e+01 2.0000e+01 2.0000e+01
 2.0000e+01 2.0000e+01 2.0000e+01 2.0000e+01 2.0000e+01 2.0000e+01
 2.0000e+01 2.0000e+01 2.0000e+01 2.0000e+01 2.0000e+01 2.0000e+01
 2.0000e+01 2.0000e+01 2.0000e+01 2.0000e+01 2.0000e+01 2.0000e+01
 2.0000e+01 2.0000e+01 2.0000e+01 2.0000e+01 2.0000e+01 2.0000e+01
 2.0000e+01 2.0000e+01 2.0000e+01 2.0000e+01 2.0000e+01 2.0000e+01
 2.0000e+01 2.0000e+01 2.0000e+01 2.0000e+01 2.0000e+01 2.0000e+01
 2.0000e+01 2.0000e+01 2.0000e+01 2.0000e+01 2.0000e+01 2.0000e+01
 2.0000e+01 2.0000e+01 2.0000e+01 2.0000e+01 2.0000e+01 2.0000e+01
 2.0000e+01 2.0000e+01 2.0000e+01 2.0000e+01 2.0000e+01 2.0000e+01
 2.0000e+01 2.0000e+01 2.0000e+01 2.0000e+01 2.0000e+01 2.0000e+01
 2.0000e+01 2.0000e+01 2.0000e+01 2.0000e+01 2.0000e+01 2.0000e+01
 2.0000e+01 2.0000e+01 2.0000e+01 2.0000e+01 2.0000e+01 2.0000e+01
 2.0000e+01 2.0000e+01 2.0000e+01 2.0000e+01 2.0000e+01 2.0000e+01
 2.0000e+01 2.0000e+01 2.0000e+01 2.0000e+01 2.0000e+01 2.0000e+01
 2.0000e+01 2.0000e+01 2.0000e+01 2.0000e+01 2.0000e+01 2.0000e+01
 2.0000e+01 2.0000e+01 2.0000e+01 2.0000e+01 2.0000e+01 2.0000e+01
 2.0000e+01 2.0000e+01 2.0000e+01 2.0000e+01 2.0000e+01 2.0000e+01
 2.0000e+01 2.0000e+01 2.0000e+01 2.0000e+01 2.0000e+01 2.0000e+01
 2.0000e+01 2.0000e+01 2.0000e+01 2.0000e+01 2.0000e+01 2.0000e+01
 2.0000e+01 2.0000e+01 2.0000e+01 2.0000e+01 2.0000e+01 2.0000e+01
 2.0000e+01 2.0000e+01 2.0000e+01 2.0000e+01 2.0000e+01 2.0000e+01
 2.0000e+01 2.0000e+01 2.0000e+01 2.0000e+01 2.0000e+01 2.0000e+01
 2.0000e+01 2.0000e+01 2.0000e+01 2.0000e+01 2.0000e+01 2.0000e+01
 2.0000e+01 2.0000e+01 2.0000e+01 2.0000e+01 2.0000e+01 2.0000e+01
 2.0000e+01 2.0000e+01 2.0000e+01 2.0000e+01 2.0000e+01 2.0000e+01
 2.0000e+01 2.0000e+01 2.0000e+01 2.0000e+01 2.0000e+01 2.0000e+01
 2.0000e+01 2.0000e+01 2.0000e+01 2.0000e+01 2.0000e+01 2.0000e+01
 2.0000e+01 2.0000e+01 2.0000e+01 2.0000e+01 2.0000e+01 2.0000e+01
 2.0000e+01 2.0000e+01 2.0000e+01 2.0000e+01 2.0000e+01 2.0000e+01
 2.0000e+01 2.0000e+01 2.0000e+01 2.0000e+01 2.0000e+01 2.0000e+01
 2.0000e+01 2.0000e+01 2.0000e+01 2.0000e+01 2.0000e+01 2.0000e+01
 2.0000e+01 2.0000e+01 2.0000e+01 2.0000e+01 2.0000e+01 2.0000e+01
 2.0000e+01 2.0000e+01 2.0000e+01 2.0000e+01 2.0000e+01 2.0000e+01
 2.0000e+01 2.0000e+01 2.0000e+01 2.0000e+01 2.0000e+01 2.0000e+01
 2.0000e+01 2.0000e+01 2.0000e+01 2.0000e+01 2.0000e+01 2.0000e+01
 2.0000e+01 2.0000e+01 2.0000e+01 2.0000e+01 2.0000e+01 2.0000e+01
 2.0000e+01 2.0000e+01 2.0000e+01 2.0000e+01 2.0000e+01 2.0000e+01
 2.0000e+01 2.0000e+01 2.0000e+01 2.0000e+01 2.0000e+01 2.0000e+01
 2.0000e+01 2.0000e+01 2.0000e+01 2.0000e+01 2.0000e+01 2.0000e+01
 2.0000e+01 2.0000e+01 2.0000e+01 2.0000e+01 2.0000e+01 2.0000e+01
 2.0000e+01 2.0000e+01 2.0000e+01 2.0000e+01 2.0000e+01 2.0000e+01
 2.0000e+01 2.0000e+01 2.0000e+01 2.0000e+01 2.0000e+01 2.0000e+01
 2.0000e+01 2.0000e+01 2.0000e+01 2.0000e+01 2.0000e+01 2.0000e+01
 2.0000e+01 2.0000e+01 2.0000e+01 2.0000e+01 2.0000e+01 2.0000e+01
 2.0000e+01 2.0000e+01 2.0000e+01 2.0000e+01 2.0000e+01 2.0000e+01
 2.0000e+01 2.0000e+01 2.0000e+01 2.0000e+01 2.0000e+01 2.0000e+01
 2.0000e+01 2.0000e+01 2.0000e+01 2.0000e+01 2.0000e+01 2.0000e+01
 2.0000e+01 2.0000e+01 2.0000e+01 2.0000e+01 2.0000e+01 2.0000e+01
 2.0000e+01 2.0000e+01 2.0000e+01 2.0000e+01 2.0000e+01 2.0000e+01
 2.0000e+01 2.0000e+01 2.0000e+01 2.0000e+01 2.0000e+01 2.0000e+01
 2.0000e+01 2.0000e+01 2.0000e+01 2.0000e+01 2.0000e+01 2.0000e+01
 2.0000e+01 2.0000e+01 2.0000e+01 2.0000e+01 2.0000e+01 2.0000e+01
 2.0000e+01 2.0000e+01 2.0000e+01 2.0000e+01 2.0000e+01 2.0000e+01
 2.0000e+01 2.0000e+01 2.0000e+01 2.0000e+01 2.0000e+01 2.0000e+01
 2.0000e+01 2.0000e+01 2.0000e+01 2.0000e+01 2.0000e+01 2.0000e+01
 2.0000e+01 2.0000e+01 2.0000e+01 2.0000e+01 2.0000e+01 2.0000e+01
 2.0000e+01 2.0000e+01 2.0000e+01 2.0000e+01 2.0000e+01 2.0000e+01
 2.0000e+01 2.0000e+01 2.0000e+01 2.0000e+01 2.0000e+01 2.0000e+01
 2.0000e+01 2.0000e+01 2.0000e+01 2.0000e+01 2.0000e+01 2.0000e+01
 2.0000e+01 2.0000e+01 2.0000e+01 2.0000e+01 2.0000e+01 2.0000e+01
 2.0000e+01 2.0000e+01 2.0000e+01 2.0000e+01 2.0000e+01 2.0000e+01
 2.0000e+01 2.0000e+01 2.0000e+01 2.0000e+01 2.0000e+01 2.0000e+01
 2.0000e+01 2.0000e+01 2.0000e+01 2.0000e+01 2.0000e+01]
step_ratio_vec:,[0.1 0.1 0.1 0.1 0.1 0.1 0.1 0.1 0.1 0.1 0.1 0.1 0.1 0.1 0.1 0.1 0.1 0.1
 0.1 0.1 0.1 0.1 0.1 0.1 0.1 0.1 0.1 0.1 0.1 0.1 0.1 0.1 0.1 0.1 0.1 0.1
 0.1 0.1 0.1 0.1 0.1 0.1 0.1 0.1 0.1 0.1 0.1 0.1 0.1 0.1 0.1 0.1 0.1 0.1
 0.1 0.1 0.1 0.1 0.1 0.1 0.1 0.1 0.1 0.1 0.1 0.1 0.1 0.1 0.1 0.1 0.1 0.1
 0.1 0.1 0.1 0.1 0.1 0.1 0.1 0.1 0.1 0.1 0.1 0.1 0.1 0.1 0.1 0.1 0.1 0.1
 0.1 0.1 0.1 0.1 0.1 0.1 0.1 0.1 0.1 0.1 0.1 0.1 0.1 0.1 0.1 0.1 0.1 0.1
 0.1 0.1 0.1 0.1 0.1 0.1 0.1 0.1 0.1 0.1 0.1 0.1 0.1 0.1 0.1 0.1 0.1 0.1
 0.1 0.1 0.1 0.1 0.1 0.1 0.1 0.1 0.1 0.1 0.1 0.1 0.1 0.1 0.1 0.1 0.1 0.1
 0.1 0.1 0.1 0.1 0.1 0.1 0.1 0.1 0.1 0.1 0.1 0.1 0.1 0.1 0.1 0.1 0.1 0.1
 0.1 0.1 0.1 0.1 0.1 0.1 0.1 0.1 0.1 0.1 0.1 0.1 0.1 0.1 0.1 0.1 0.1 0.1
 0.1 0.1 0.1 0.1 0.1 0.1 0.1 0.1 0.1 0.1 0.1 0.1 0.1 0.1 0.1 0.1 0.1 0.1
 0.1 0.1 0.1 0.1 0.1 0.1 0.1 0.1 0.1 0.1 0.1 0.1 0.1 0.1 0.1 0.1 0.1 0.1
 0.1 0.1 0.1 0.1 0.1 0.1 0.1 0.1 0.1 0.1 0.1 0.1 0.1 0.1 0.1 0.1 0.1 0.1
 0.1 0.1 0.1 0.1 0.1 0.1 0.1 0.1 0.1 0.1 0.1 0.1 0.1 0.1 0.1 0.1 0.1 0.1
 0.1 0.1 0.1 0.1 0.1 0.1 0.1 0.1 0.1 0.1 0.1 0.1 0.1 0.1 0.1 0.1 0.1 0.1
 0.1 0.1 0.1 0.1 0.1 0.1 0.1 0.1 0.1 0.1 0.1 0.1 0.1 0.1 0.1 0.1 0.1 0.1
 0.1 0.1 0.1 0.1 0.1 0.1 0.1 0.1 0.1 0.1 0.1 0.1 0.1 0.1 0.1 0.1 0.1 0.1
 0.1 0.1 0.1 0.1 0.1 0.1 0.1 0.1 0.1 0.1 0.1 0.1 0.1 0.1 0.1 0.1 0.1 0.1
 0.1 0.1 0.1 0.1 0.1 0.1 0.1 0.1 0.1 0.1 0.1 0.1 0.1 0.1 0.1 0.1 0.1 0.1
 0.1 0.1 0.1 0.1 0.1 0.1 0.1 0.1 0.1 0.1 0.1 0.1 0.1 0.1 0.1 0.1 0.1 0.1
 0.1 0.1 0.1 0.1 0.1 0.1 0.1 0.1 0.1 0.1 0.1 0.1 0.1 0.1 0.1 0.1 0.1 0.1
 0.1 0.1 0.1 0.1 0.1 0.1 0.1 0.1 0.1 0.1 0.1 0.1 0.1 0.1 0.1 0.1 0.1 0.1
 0.1 0.1 0.1 0.1 0.1 0.1 0.1 0.1 0.1 0.1 0.1 0.1 0.1 0.1 0.1 0.1 0.1 0.1
 0.1 0.1 0.1 0.1 0.1 0.1 0.1 0.1 0.1 0.1 0.1]
swap interval:,2
sim interval:,[-1.49e+08 -1.40e+08 -1.25e+08 -1.15e+08 -1.00e+08 -7.50e+07 -5.00e+07
 -4.00e+07 -3.00e+07 -2.50e+07 -5.00e+06  0.00e+00]
likelihood_sed (T/F):,True
erodep_coords,elev_coords:,[[42 94]
 [42 95]
 [42 96]
 ...
 [96 78]
 [96 79]
 [96 80]]
sed scaling factor:,1
samples_per_chain:,100
burnin:,0.1
num params:,425
initial_proposed_vec:,[ 8.00610700e-01  8.20696106e-01  9.60191607e-01  3.76017092e-01
  3.38826582e-06  5.04356481e-01  1.37021330e+00  2.64874519e-02
  4.76552684e-02  1.66162482e-02  9.44058662e-02  1.11063051e+00
  2.32809644e+04  6.76245195e+00  1.98474480e-01  1.99593845e-01
 -7.62281844e-02  8.94606156e-02  2.98132932e-01  2.27491937e-02
 -1.99336527e-01 -3.10243573e-02  1.70377124e-01 -4.92266541e-01
 -3.54503768e-01  1.56877385e+02  1.33210559e+02  1.18536018e+02
  1.58822540e+00  1.72682618e+02  9.20887601e+01  1.52656945e+02
  1.98006756e+01  9.58141960e+01  1.18699844e+02  2.90344795e+01
  4.49343312e+01  6.05981256e+01  7.00627310e+01  7.76808638e+01
  2.75496103e+01  1.26239778e+02  6.86404400e+01  1.11810875e+02
  7.66916757e+01  1.53810219e+01  1.05464451e+02  2.63255334e+00
  2.61008032e+01  1.05549024e+02  9.10644901e+01  1.95442287e+00
  1.95577289e+02  1.44391184e+02  1.81149690e+02  5.30570826e+01
  8.27764525e+01  2.23569698e+01  6.75148466e+00  7.63785788e+01
  1.88504859e+01  1.98358128e+02  9.70486678e+01  1.35768381e+02
  1.94288151e+02  1.53185508e+02  1.09484844e+02  2.33267267e+01
  1.81841821e+02  1.28871196e+02  8.26516415e+01  3.84950920e-01
  1.98088624e+02  8.90087484e+01  8.43439585e+01  9.78084056e+01
  9.23092138e+01  1.37338330e+02  9.27433141e+01  1.63924102e+02
  1.37519314e+02  4.17910432e+01  1.26473155e+02  1.65119259e+02
  1.45562852e+02  1.22670921e+02  1.15167629e+02  5.33013080e+01
  4.35205107e+01  1.96706514e+02  6.77270317e+00  1.31407607e+02
  5.04812349e+01  2.70336889e+01  2.43511475e+01  1.49695409e+02
  1.15697750e+02  1.63206236e+01  7.99546504e+00  1.06418736e+02
  1.88755157e+02  2.52399873e+01  8.77263574e+00  1.21643448e+02
  1.61557449e+02  1.91921115e+02  3.62358912e+00  8.01814064e+01
  1.09925330e+02  8.96733800e+01  9.74934510e+01  4.27817241e+01
  1.10746599e+02  1.73643140e+02  8.06883244e+01  2.69655193e+01
  1.34914939e+02  5.22957237e+01  1.81699484e+02  9.04559650e+01
  1.41005891e+02  5.20056822e+00  1.97949975e+02  1.34778741e+02
  2.45868397e+01  5.63490300e+01  4.36627868e+01  9.07542568e+01
  9.79849910e+01  1.80399322e+02  1.17154496e+02  2.29914369e+01
  1.33712695e+02  1.09941379e+02  1.11376863e+02  1.63139043e+02
  7.61453747e+01  5.96092069e+01  1.01906216e+02  9.24039128e+00
  7.29220558e+01  1.06086255e+02  1.36706930e+02  8.50488965e+01
  1.98304438e+02  1.50316128e+02  1.40442086e+02  1.11483889e+02
  9.12311592e+01  1.05668179e+02  1.38461742e+02  1.71646537e+02
  3.93858738e+01  1.57307457e+02  1.97009573e+02  1.40136209e+02
  5.73713121e+01  1.02537301e+02  9.44952263e+01  2.76473562e+01
  4.75529747e+01  1.34912871e+02  1.15823837e+02  1.00553716e+02
  1.88654069e+02  1.36740746e+02  6.90426497e+01  2.78097304e+01
  1.36409801e+02  2.64309915e+01  1.99578535e+02  1.55812188e+02
  1.93525413e+02  2.42931146e+01  2.58784444e+01  1.50605338e+02
  4.46654422e+01  1.00010803e+02  1.32670022e+02  6.39511209e+01
  1.59529381e+02  2.37310374e+01  1.10833137e+02  1.60172831e+02
  1.49361125e+02  8.01688072e+00  4.60464034e+01  1.66257967e+02
  1.13846026e+01  1.24377086e+02  1.84780426e+02  3.13006437e+01
  5.38087445e+01  4.94710157e+01  1.39735380e+02  5.77325389e+00
  1.83400255e+01  1.24954264e+02  4.29069424e+01  6.46652118e+01
  4.35795538e+01  4.60223578e+01  7.25749472e+01  9.09807602e+01
  9.47508914e+01  4.66050531e+01  8.27421010e+00  1.92733285e+02
  1.90229423e+02  1.03152125e+02  9.15877518e+01  1.27307230e+02
  2.15115473e+01  7.25484312e+01  1.29522332e+02  1.82258022e+02
  2.79456198e+01  2.54644557e+01  6.19840625e+01  1.99494289e+02
  1.71164854e+02  1.86867126e+02  1.39912029e+02  4.17494689e+00
  6.78775419e+01  1.62452514e+02  5.58323340e+01  1.67001798e+02
  5.81794609e+01  2.55197074e+01  1.08565074e+02  7.47978504e+01
  1.09382229e+02  6.90388897e+01  1.72655663e+02  5.48054913e+01
  1.56099214e+01  1.96031666e+02  4.94159555e+01  1.33484350e+02
  1.33945739e+02  1.56719296e+02  1.53121930e+01  1.32413533e+02
  1.88796797e+02  7.00204945e+01  8.44162891e+01  1.15213635e+02
  7.80183370e+01  1.27943675e+02  6.85005122e+01  6.30243164e+01
  8.99815169e+01  1.08278447e+02  1.76624588e+02  7.99172689e+01
  9.91478905e+01  7.53870835e+00  1.72880808e+02  1.14721100e+02
  1.02881602e+01  1.70950286e+02  1.77526625e+02  1.50725903e+01
  8.36044432e+01  2.55013281e+01  9.01911197e+01  6.78048509e+01
  3.42873574e+01  1.83745732e+02  3.11680505e+01  4.30793680e+01
  1.12881235e+02  1.01602765e+02  1.54733777e+02  1.86927506e+01
  9.62151899e+01  1.44053662e+02  2.20318286e+01  3.71439817e+01
  3.02538990e+01  4.55453895e+01  1.57915255e+02  1.49087763e+02
  1.87252370e+02  1.29216177e+02  3.80546979e+01  1.67141859e+02
  1.70899100e+02  9.24393544e+01  1.18048652e+02  1.26387014e+02
  1.61434331e+01  7.41373487e-01  9.91620674e+01  1.14962957e+02
  1.61681414e+02  1.31181935e+02  4.82953507e+01  1.81147858e+02
  1.36388012e+02  7.16358114e+01  2.75109789e+01  7.42310047e+01
  1.96047600e+02  1.09477565e+02  8.59873377e+01  1.23015067e+02
  1.93544712e+02  3.98005563e+01  6.08293059e+01  1.36191871e+02
  1.60370587e+02  1.37694269e+02  1.89915147e+02  7.76132557e+01
  9.43972897e+01  1.92827829e+02  1.81954122e+02  5.04013168e+01
  5.71269274e+00  1.79449235e+02  1.11324216e+02  3.10196290e+01
  7.34993060e+01  1.64127152e+02  1.06888439e+02  5.27269072e+01
  1.62473671e+02  1.58103868e+01  1.89227793e+02  2.23656058e+01
  1.73109781e+02  8.56264192e+01  4.54026642e+01  1.32917347e+02
  7.96289602e+01  1.76574212e+02  1.75195175e+02  1.01895762e+02
  1.32854007e+02  7.14988394e+01  3.76828539e+01  3.79116827e+01
  6.74447231e+01  6.03403763e+01  1.75685871e+01  8.78072773e-01
  2.99000341e+01  1.29905624e+02  1.39175651e+02  8.60099005e+01
  3.07825546e+01  1.42546993e+02  1.60733393e+02  4.31100016e+01
  1.13233654e+02  1.64283824e+02  1.08703140e+02  1.60106605e+02
  2.14241415e+01  4.51741045e+01  3.61822910e+01  1.81446385e+02
  1.57698304e+02  1.96023106e+01  1.31524981e+02  1.05089013e+02
  6.27912886e+01  1.74555277e+01  9.55609026e+01  1.71079839e+00
  1.29781618e+02  8.48198273e+01  4.64444816e+00  1.29192055e+02
  2.33640224e+01  1.45118605e+02  1.32268513e+02  2.08541128e+01
  1.58703947e+02  5.46378678e+01  3.48253555e+01  4.63369344e+01
  5.65930261e+01  1.55661840e+01  8.90572742e+01  1.38054365e+02
  1.95605325e+00  7.70765045e+01  7.01546248e+01  8.92545874e+01
  1.69510459e+02  1.42271918e+02  1.14051531e+02  1.09435903e+02
  5.66534010e+01  3.44562986e+00  1.52972567e+02  8.66802200e+00
  1.15615465e+01  8.78852755e+01  3.27859018e+01  1.76287284e+01
  6.28553115e+01  1.47322881e+01  5.39001830e+01  1.61096972e+02
  1.81882644e+02  1.30598395e+00  2.62895123e+01  1.08386959e+02
  5.63799998e+01  1.70908111e+02  1.97238918e+02  1.17092870e+02
  7.12667595e+01  1.20418468e+02  1.88817845e+02  1.93523641e+02
  3.91127502e+01  1.22364066e+02  1.82017381e+02  1.16208490e+02
  1.88835571e+02]
stepsize_vec:,[1.5000e-01 1.5000e-01 1.5000e-01 1.5000e-01 4.5000e-07 1.0000e-01
 2.0000e-01 5.0000e-02 5.0000e-03 5.0000e-03 1.0000e-01 2.0000e+00
 2.0001e+03 1.6000e+00 2.0000e-02 4.0000e-02 4.0000e-02 8.0000e-02
 8.0000e-02 1.0000e-01 1.0000e-01 1.0000e-01 1.2000e-01 1.2000e-01
 1.2000e-01 2.0000e+01 2.0000e+01 2.0000e+01 2.0000e+01 2.0000e+01
 2.0000e+01 2.0000e+01 2.0000e+01 2.0000e+01 2.0000e+01 2.0000e+01
 2.0000e+01 2.0000e+01 2.0000e+01 2.0000e+01 2.0000e+01 2.0000e+01
 2.0000e+01 2.0000e+01 2.0000e+01 2.0000e+01 2.0000e+01 2.0000e+01
 2.0000e+01 2.0000e+01 2.0000e+01 2.0000e+01 2.0000e+01 2.0000e+01
 2.0000e+01 2.0000e+01 2.0000e+01 2.0000e+01 2.0000e+01 2.0000e+01
 2.0000e+01 2.0000e+01 2.0000e+01 2.0000e+01 2.0000e+01 2.0000e+01
 2.0000e+01 2.0000e+01 2.0000e+01 2.0000e+01 2.0000e+01 2.0000e+01
 2.0000e+01 2.0000e+01 2.0000e+01 2.0000e+01 2.0000e+01 2.0000e+01
 2.0000e+01 2.0000e+01 2.0000e+01 2.0000e+01 2.0000e+01 2.0000e+01
 2.0000e+01 2.0000e+01 2.0000e+01 2.0000e+01 2.0000e+01 2.0000e+01
 2.0000e+01 2.0000e+01 2.0000e+01 2.0000e+01 2.0000e+01 2.0000e+01
 2.0000e+01 2.0000e+01 2.0000e+01 2.0000e+01 2.0000e+01 2.0000e+01
 2.0000e+01 2.0000e+01 2.0000e+01 2.0000e+01 2.0000e+01 2.0000e+01
 2.0000e+01 2.0000e+01 2.0000e+01 2.0000e+01 2.0000e+01 2.0000e+01
 2.0000e+01 2.0000e+01 2.0000e+01 2.0000e+01 2.0000e+01 2.0000e+01
 2.0000e+01 2.0000e+01 2.0000e+01 2.0000e+01 2.0000e+01 2.0000e+01
 2.0000e+01 2.0000e+01 2.0000e+01 2.0000e+01 2.0000e+01 2.0000e+01
 2.0000e+01 2.0000e+01 2.0000e+01 2.0000e+01 2.0000e+01 2.0000e+01
 2.0000e+01 2.0000e+01 2.0000e+01 2.0000e+01 2.0000e+01 2.0000e+01
 2.0000e+01 2.0000e+01 2.0000e+01 2.0000e+01 2.0000e+01 2.0000e+01
 2.0000e+01 2.0000e+01 2.0000e+01 2.0000e+01 2.0000e+01 2.0000e+01
 2.0000e+01 2.0000e+01 2.0000e+01 2.0000e+01 2.0000e+01 2.0000e+01
 2.0000e+01 2.0000e+01 2.0000e+01 2.0000e+01 2.0000e+01 2.0000e+01
 2.0000e+01 2.0000e+01 2.0000e+01 2.0000e+01 2.0000e+01 2.0000e+01
 2.0000e+01 2.0000e+01 2.0000e+01 2.0000e+01 2.0000e+01 2.0000e+01
 2.0000e+01 2.0000e+01 2.0000e+01 2.0000e+01 2.0000e+01 2.0000e+01
 2.0000e+01 2.0000e+01 2.0000e+01 2.0000e+01 2.0000e+01 2.0000e+01
 2.0000e+01 2.0000e+01 2.0000e+01 2.0000e+01 2.0000e+01 2.0000e+01
 2.0000e+01 2.0000e+01 2.0000e+01 2.0000e+01 2.0000e+01 2.0000e+01
 2.0000e+01 2.0000e+01 2.0000e+01 2.0000e+01 2.0000e+01 2.0000e+01
 2.0000e+01 2.0000e+01 2.0000e+01 2.0000e+01 2.0000e+01 2.0000e+01
 2.0000e+01 2.0000e+01 2.0000e+01 2.0000e+01 2.0000e+01 2.0000e+01
 2.0000e+01 2.0000e+01 2.0000e+01 2.0000e+01 2.0000e+01 2.0000e+01
 2.0000e+01 2.0000e+01 2.0000e+01 2.0000e+01 2.0000e+01 2.0000e+01
 2.0000e+01 2.0000e+01 2.0000e+01 2.0000e+01 2.0000e+01 2.0000e+01
 2.0000e+01 2.0000e+01 2.0000e+01 2.0000e+01 2.0000e+01 2.0000e+01
 2.0000e+01 2.0000e+01 2.0000e+01 2.0000e+01 2.0000e+01 2.0000e+01
 2.0000e+01 2.0000e+01 2.0000e+01 2.0000e+01 2.0000e+01 2.0000e+01
 2.0000e+01 2.0000e+01 2.0000e+01 2.0000e+01 2.0000e+01 2.0000e+01
 2.0000e+01 2.0000e+01 2.0000e+01 2.0000e+01 2.0000e+01 2.0000e+01
 2.0000e+01 2.0000e+01 2.0000e+01 2.0000e+01 2.0000e+01 2.0000e+01
 2.0000e+01 2.0000e+01 2.0000e+01 2.0000e+01 2.0000e+01 2.0000e+01
 2.0000e+01 2.0000e+01 2.0000e+01 2.0000e+01 2.0000e+01 2.0000e+01
 2.0000e+01 2.0000e+01 2.0000e+01 2.0000e+01 2.0000e+01 2.0000e+01
 2.0000e+01 2.0000e+01 2.0000e+01 2.0000e+01 2.0000e+01 2.0000e+01
 2.0000e+01 2.0000e+01 2.0000e+01 2.0000e+01 2.0000e+01 2.0000e+01
 2.0000e+01 2.0000e+01 2.0000e+01 2.0000e+01 2.0000e+01 2.0000e+01
 2.0000e+01 2.0000e+01 2.0000e+01 2.0000e+01 2.0000e+01 2.0000e+01
 2.0000e+01 2.0000e+01 2.0000e+01 2.0000e+01 2.0000e+01 2.0000e+01
 2.0000e+01 2.0000e+01 2.0000e+01 2.0000e+01 2.0000e+01 2.0000e+01
 2.0000e+01 2.0000e+01 2.0000e+01 2.0000e+01 2.0000e+01 2.0000e+01
 2.0000e+01 2.0000e+01 2.0000e+01 2.0000e+01 2.0000e+01 2.0000e+01
 2.0000e+01 2.0000e+01 2.0000e+01 2.0000e+01 2.0000e+01 2.0000e+01
 2.0000e+01 2.0000e+01 2.0000e+01 2.0000e+01 2.0000e+01 2.0000e+01
 2.0000e+01 2.0000e+01 2.0000e+01 2.0000e+01 2.0000e+01 2.0000e+01
 2.0000e+01 2.0000e+01 2.0000e+01 2.0000e+01 2.0000e+01 2.0000e+01
 2.0000e+01 2.0000e+01 2.0000e+01 2.0000e+01 2.0000e+01 2.0000e+01
 2.0000e+01 2.0000e+01 2.0000e+01 2.0000e+01 2.0000e+01 2.0000e+01
 2.0000e+01 2.0000e+01 2.0000e+01 2.0000e+01 2.0000e+01 2.0000e+01
 2.0000e+01 2.0000e+01 2.0000e+01 2.0000e+01 2.0000e+01 2.0000e+01
 2.0000e+01 2.0000e+01 2.0000e+01 2.0000e+01 2.0000e+01 2.0000e+01
 2.0000e+01 2.0000e+01 2.0000e+01 2.0000e+01 2.0000e+01 2.0000e+01
 2.0000e+01 2.0000e+01 2.0000e+01 2.0000e+01 2.0000e+01 2.0000e+01
 2.0000e+01 2.0000e+01 2.0000e+01 2.0000e+01 2.0000e+01 2.0000e+01
 2.0000e+01 2.0000e+01 2.0000e+01 2.0000e+01 2.0000e+01 2.0000e+01
 2.0000e+01 2.0000e+01 2.0000e+01 2.0000e+01 2.0000e+01]
step_ratio_vec:,[0.1 0.1 0.1 0.1 0.1 0.1 0.1 0.1 0.1 0.1 0.1 0.1 0.1 0.1 0.1 0.1 0.1 0.1
 0.1 0.1 0.1 0.1 0.1 0.1 0.1 0.1 0.1 0.1 0.1 0.1 0.1 0.1 0.1 0.1 0.1 0.1
 0.1 0.1 0.1 0.1 0.1 0.1 0.1 0.1 0.1 0.1 0.1 0.1 0.1 0.1 0.1 0.1 0.1 0.1
 0.1 0.1 0.1 0.1 0.1 0.1 0.1 0.1 0.1 0.1 0.1 0.1 0.1 0.1 0.1 0.1 0.1 0.1
 0.1 0.1 0.1 0.1 0.1 0.1 0.1 0.1 0.1 0.1 0.1 0.1 0.1 0.1 0.1 0.1 0.1 0.1
 0.1 0.1 0.1 0.1 0.1 0.1 0.1 0.1 0.1 0.1 0.1 0.1 0.1 0.1 0.1 0.1 0.1 0.1
 0.1 0.1 0.1 0.1 0.1 0.1 0.1 0.1 0.1 0.1 0.1 0.1 0.1 0.1 0.1 0.1 0.1 0.1
 0.1 0.1 0.1 0.1 0.1 0.1 0.1 0.1 0.1 0.1 0.1 0.1 0.1 0.1 0.1 0.1 0.1 0.1
 0.1 0.1 0.1 0.1 0.1 0.1 0.1 0.1 0.1 0.1 0.1 0.1 0.1 0.1 0.1 0.1 0.1 0.1
 0.1 0.1 0.1 0.1 0.1 0.1 0.1 0.1 0.1 0.1 0.1 0.1 0.1 0.1 0.1 0.1 0.1 0.1
 0.1 0.1 0.1 0.1 0.1 0.1 0.1 0.1 0.1 0.1 0.1 0.1 0.1 0.1 0.1 0.1 0.1 0.1
 0.1 0.1 0.1 0.1 0.1 0.1 0.1 0.1 0.1 0.1 0.1 0.1 0.1 0.1 0.1 0.1 0.1 0.1
 0.1 0.1 0.1 0.1 0.1 0.1 0.1 0.1 0.1 0.1 0.1 0.1 0.1 0.1 0.1 0.1 0.1 0.1
 0.1 0.1 0.1 0.1 0.1 0.1 0.1 0.1 0.1 0.1 0.1 0.1 0.1 0.1 0.1 0.1 0.1 0.1
 0.1 0.1 0.1 0.1 0.1 0.1 0.1 0.1 0.1 0.1 0.1 0.1 0.1 0.1 0.1 0.1 0.1 0.1
 0.1 0.1 0.1 0.1 0.1 0.1 0.1 0.1 0.1 0.1 0.1 0.1 0.1 0.1 0.1 0.1 0.1 0.1
 0.1 0.1 0.1 0.1 0.1 0.1 0.1 0.1 0.1 0.1 0.1 0.1 0.1 0.1 0.1 0.1 0.1 0.1
 0.1 0.1 0.1 0.1 0.1 0.1 0.1 0.1 0.1 0.1 0.1 0.1 0.1 0.1 0.1 0.1 0.1 0.1
 0.1 0.1 0.1 0.1 0.1 0.1 0.1 0.1 0.1 0.1 0.1 0.1 0.1 0.1 0.1 0.1 0.1 0.1
 0.1 0.1 0.1 0.1 0.1 0.1 0.1 0.1 0.1 0.1 0.1 0.1 0.1 0.1 0.1 0.1 0.1 0.1
 0.1 0.1 0.1 0.1 0.1 0.1 0.1 0.1 0.1 0.1 0.1 0.1 0.1 0.1 0.1 0.1 0.1 0.1
 0.1 0.1 0.1 0.1 0.1 0.1 0.1 0.1 0.1 0.1 0.1 0.1 0.1 0.1 0.1 0.1 0.1 0.1
 0.1 0.1 0.1 0.1 0.1 0.1 0.1 0.1 0.1 0.1 0.1 0.1 0.1 0.1 0.1 0.1 0.1 0.1
 0.1 0.1 0.1 0.1 0.1 0.1 0.1 0.1 0.1 0.1 0.1]
swap interval:,2
sim interval:,[-1.49e+08 -1.40e+08 -1.25e+08 -1.15e+08 -1.00e+08 -7.50e+07 -5.00e+07
 -4.00e+07 -3.00e+07 -2.50e+07 -5.00e+06  0.00e+00]
likelihood_sed (T/F):,True
erodep_coords,elev_coords:,[[42 94]
 [42 95]
 [42 96]
 ...
 [96 78]
 [96 79]
 [96 80]]
sed scaling factor:,1
samples_per_chain:,100
burnin:,0.1
num params:,425
initial_proposed_vec:,[ 1.58742847e+00  3.29692802e-01  6.80716529e-01  9.94751221e-01
  2.98040845e-06  2.29947214e-02  8.48756792e-01  3.93011665e-01
  2.32348712e-02  5.88337144e-03  9.62181917e-01  8.93397196e+00
  1.34653643e+04  1.83681887e+01  8.30254628e-02 -2.61286001e-03
  1.66185911e-01  1.11625200e-01 -1.63986923e-02  2.03089577e-01
 -1.24644499e-01  3.70979231e-01  1.21348131e-01  2.28430699e-01
 -9.27896695e-02  1.55693834e+02  1.02356656e+02  7.68620248e+01
  6.91984805e+01  3.89474700e+01  6.71594344e+01  1.58549672e+02
  7.11133191e+01  1.98212250e+01  1.69974668e+02  1.29475484e+02
  1.91509206e+02  1.28478107e+02  1.07436018e+02  2.45323684e+01
  1.96414369e+02  6.54843710e+01  1.09879637e+01  1.83002850e+02
  3.25225562e+01  6.88831127e+01  1.45390413e+02  1.10570827e+02
  2.27142801e+01  9.13702836e+01  1.55259254e+02  1.87454751e+02
  1.33825961e+02  8.55469474e+01  1.97802934e+02  1.79117087e+02
  5.44063719e+01  1.13622497e+02  5.43922598e+01  1.74520200e+02
  1.85081838e+02  1.36733610e+02  1.18006743e+02  1.63940249e+02
  2.58497064e+01  1.25667583e+02  1.84400543e+02  7.67819791e+01
  1.76192839e+02  1.19219293e+02  5.80777796e+01  1.44579908e+02
  1.57613177e+02  1.00420275e+02  1.52943203e+02  8.90284417e+01
  9.00929596e+01  1.73795969e+02  5.54345618e+01  1.19759569e+02
  7.85561830e+00  1.90764244e+02  1.84993458e+02  1.28249086e+01
  3.89792788e+01  1.23556861e+02  4.68733680e+01  4.27023379e+01
  1.79591502e+02  2.07774531e+01  2.15893218e+01  1.31408078e+02
  5.94808179e+01  7.38508934e+00  3.48556027e+01  2.03430047e+01
  7.85528913e+01  1.76176733e+02  1.33497157e+02  1.41657800e+02
  4.41284380e+01  5.84624670e+01  1.08746942e+02  5.44983496e+01
  1.76709708e+02  1.90151670e+02  7.51878552e+01  1.90010400e+01
  1.87867032e+02  7.08928125e+01  1.19184387e+02  8.63587652e+01
  8.25646652e+01  1.10785318e+02  1.09828740e+02  2.98383160e+01
  1.15289647e+02  5.75442403e+01  1.45373019e+02  7.00925473e+01
  4.03422281e+01  3.03826059e+01  4.61955028e+01  1.59472574e+01
  1.08707979e+02  5.88430266e+01  5.90626827e+01  8.99800979e+01
  7.25092825e+01  1.58949768e+02  6.22705092e+00  9.41453489e+01
  8.49508081e+01  7.94768093e+00  6.36376560e+01  6.86490215e+01
  1.71133971e+02  8.30273135e+01  6.36444079e+01  4.21733320e+01
  3.94547324e+01  1.44272487e+02  1.12813554e+02  1.97088626e+02
  1.46940831e+02  1.69005978e+02  5.47215187e+01  5.53913139e+01
  9.87928969e+01  1.58219625e+02  1.62147968e+02  1.49592182e+02
  4.04456816e+01  1.05352613e+02  4.96908951e+01  8.49069410e+01
  2.00125410e+00  3.08952144e+01  1.78180383e+02  1.86114132e+02
  1.04982696e+02  5.27722818e+00  1.46000765e+02  8.78110763e+01
  8.04345299e+01  1.12538170e+02  1.36608969e+02  1.26715469e+02
  1.54583907e+02  1.45293153e+01  9.64549462e+01  4.41442249e+01
  1.22154812e+02  4.77301355e+01  4.42057633e+01  1.18034701e+01
  1.29590410e+02  1.75197208e+02  9.33207878e+01  7.12560818e+01
  9.15291073e+01  4.37403946e+00  4.77057975e+01  9.15935609e+01
  3.35871087e+01  5.29908103e+01  4.98124484e+01  1.06007175e+02
  4.74747420e+01  1.84011416e+02  6.29967029e+01  2.26828032e+01
  2.46705937e+01  1.55575327e+02  1.47544561e+02  4.68038843e+01
  1.94474452e+01  1.12489400e+02  1.64481524e+02  5.87381376e+01
  2.52843375e+01  2.69776905e+01  1.91610005e+02  1.16481745e+02
  2.29917759e+01  1.22182417e+02  9.20594657e+01  4.68393306e+01
  2.83230430e+00  6.50003171e+01  1.73661221e+02  1.06657150e+02
  1.89346440e+02  8.02442989e+01  1.17391538e+02  9.33196591e+01
  1.23350331e+02  1.62134485e+02  5.00079174e+01  7.19799797e+00
  6.64784838e+01  9.87482643e+01  1.46784622e+02  1.18350084e+02
  7.31577843e+01  1.74144674e+02  3.65414987e+01  1.53156116e+02
  9.66454316e+01  1.18323652e+02  1.01679111e+02  3.81284847e+01
  9.70658035e+00  8.90927410e+01  9.99275921e+01  2.51285614e+01
  1.41339398e+02  7.55725998e+01  3.03075403e+01  1.76777908e+02
  8.61600247e+01  4.22558100e+01  6.26826924e+01  1.54414537e+02
  1.87155429e+02  1.40893687e+02  1.32103935e+02  1.09083773e+02
  8.90984466e+01  1.98311002e+02  1.60837233e+02  1.16772978e+02
  8.83943290e+01  1.92485060e+02  1.23575646e+02  3.04593393e+01
  4.93013313e+01  1.58101180e+01  2.69108088e+01  2.23461629e+01
  1.14764703e+02  1.87401539e+02  5.72753651e+00  4.35181648e+01
  3.11153517e+01  6.34286897e+01  7.70553818e+01  1.08384577e+02
  1.94348787e+02  1.36493651e+02  2.22643419e+00  4.98116523e+01
  1.89420566e+02  1.17573346e+02  1.26625240e+02  1.45142612e+02
  1.28656476e+02  1.51535241e+02  1.15200332e+01  1.20265953e+02
  1.20345361e+02  1.95697501e+02  1.79273502e+02  4.20034556e+01
  1.69148293e+02  1.08024737e+02  1.78731609e+02  5.53062722e+01
  1.48127260e+02  1.25281241e+02  4.49788967e+01  8.31476086e+01
  1.06958621e+02  3.69013752e+01  7.06724625e+01  6.52784255e+01
  1.13153013e+02  1.35542046e+01  7.89789572e+00  1.95026074e+02
  1.08905222e+02  5.60001740e+01  3.39696805e+01  1.07859573e+02
  1.44673406e+02  6.71025028e+01  3.59006830e+01  1.19614765e+02
  1.87239885e+02  1.19689432e+02  5.28601991e+01  6.26675686e+01
  6.94293522e+01  1.42266451e+02  6.11965119e+01  9.10635539e+01
  4.61905399e+01  1.75031444e+02  7.79318073e+01  8.53153052e+01
  1.01694361e+02  3.31602865e+01  1.67395590e+02  1.74514767e+02
  5.16181824e+01  1.72373094e+02  5.46312749e+01  1.34222779e+01
  1.94317685e+02  1.55796654e+02  1.64027052e+02  7.99656292e+01
  9.39974133e+01  1.08999662e+02  1.39499641e+02  1.73281779e+02
  8.58908816e+01  1.14312406e+02  5.63250219e+01  4.75035015e+01
  1.00636903e+02  1.75954675e+02  8.52339671e+00  1.72717678e+02
  2.05191884e+01  1.61926874e+02  1.20792972e+02  5.34575794e+01
  5.06682755e+01  1.14429852e+02  1.56890895e+02  6.17959478e+01
  1.19367080e+02  2.76797715e+01  1.15561487e+02  8.81238337e+00
  1.62188858e+02  1.45642363e+02  1.43775309e+02  8.97016049e+01
  1.63018672e+02  8.15094099e+01  5.81706777e+00  5.59231736e+01
  1.60382928e+02  1.99203579e+02  8.85289754e+01  5.92913618e+01
  2.17978352e+01  1.00689859e+00  6.87581120e+01  1.89064021e+02
  1.54783716e+02  1.21021400e+02  1.60433135e+02  1.98824366e+01
  7.46518922e+01  1.20125387e+02  1.58704748e+02  6.59392911e+01
  8.49437844e+01  5.02785466e+01  1.40272150e+02  1.56736372e+02
  5.39645834e+01  1.24730523e+01  5.41512590e+01  1.73551968e+02
  9.88046257e+00  1.34863602e+02  2.35890972e+01  1.14999233e+02
  1.57461002e+02  4.03376217e+01  3.91724376e+01  1.91155213e+02
  1.84652513e+02  7.51082688e+01  1.59926466e+02  2.18445815e+01
  4.11901365e+01  4.76676889e+01  4.75417863e+01  8.34034579e+01
  1.45714434e+02  1.92350974e+02  1.88209027e+02  1.02419510e+02
  1.24703161e+02  1.41517748e+02  1.31093411e+02  3.55744745e+01
  6.85180483e+01  1.53249510e+02  1.22565324e+02  6.51651354e+01
  1.83204686e+02  7.27184817e+01  7.26475902e+01  1.27521586e+02
  9.88058868e+01  9.63912850e+01  1.89291128e+02  1.37650868e+02
  1.44836243e+02]
stepsize_vec:,[1.5000e-01 1.5000e-01 1.5000e-01 1.5000e-01 4.5000e-07 1.0000e-01
 2.0000e-01 5.0000e-02 5.0000e-03 5.0000e-03 1.0000e-01 2.0000e+00
 2.0001e+03 1.6000e+00 2.0000e-02 4.0000e-02 4.0000e-02 8.0000e-02
 8.0000e-02 1.0000e-01 1.0000e-01 1.0000e-01 1.2000e-01 1.2000e-01
 1.2000e-01 2.0000e+01 2.0000e+01 2.0000e+01 2.0000e+01 2.0000e+01
 2.0000e+01 2.0000e+01 2.0000e+01 2.0000e+01 2.0000e+01 2.0000e+01
 2.0000e+01 2.0000e+01 2.0000e+01 2.0000e+01 2.0000e+01 2.0000e+01
 2.0000e+01 2.0000e+01 2.0000e+01 2.0000e+01 2.0000e+01 2.0000e+01
 2.0000e+01 2.0000e+01 2.0000e+01 2.0000e+01 2.0000e+01 2.0000e+01
 2.0000e+01 2.0000e+01 2.0000e+01 2.0000e+01 2.0000e+01 2.0000e+01
 2.0000e+01 2.0000e+01 2.0000e+01 2.0000e+01 2.0000e+01 2.0000e+01
 2.0000e+01 2.0000e+01 2.0000e+01 2.0000e+01 2.0000e+01 2.0000e+01
 2.0000e+01 2.0000e+01 2.0000e+01 2.0000e+01 2.0000e+01 2.0000e+01
 2.0000e+01 2.0000e+01 2.0000e+01 2.0000e+01 2.0000e+01 2.0000e+01
 2.0000e+01 2.0000e+01 2.0000e+01 2.0000e+01 2.0000e+01 2.0000e+01
 2.0000e+01 2.0000e+01 2.0000e+01 2.0000e+01 2.0000e+01 2.0000e+01
 2.0000e+01 2.0000e+01 2.0000e+01 2.0000e+01 2.0000e+01 2.0000e+01
 2.0000e+01 2.0000e+01 2.0000e+01 2.0000e+01 2.0000e+01 2.0000e+01
 2.0000e+01 2.0000e+01 2.0000e+01 2.0000e+01 2.0000e+01 2.0000e+01
 2.0000e+01 2.0000e+01 2.0000e+01 2.0000e+01 2.0000e+01 2.0000e+01
 2.0000e+01 2.0000e+01 2.0000e+01 2.0000e+01 2.0000e+01 2.0000e+01
 2.0000e+01 2.0000e+01 2.0000e+01 2.0000e+01 2.0000e+01 2.0000e+01
 2.0000e+01 2.0000e+01 2.0000e+01 2.0000e+01 2.0000e+01 2.0000e+01
 2.0000e+01 2.0000e+01 2.0000e+01 2.0000e+01 2.0000e+01 2.0000e+01
 2.0000e+01 2.0000e+01 2.0000e+01 2.0000e+01 2.0000e+01 2.0000e+01
 2.0000e+01 2.0000e+01 2.0000e+01 2.0000e+01 2.0000e+01 2.0000e+01
 2.0000e+01 2.0000e+01 2.0000e+01 2.0000e+01 2.0000e+01 2.0000e+01
 2.0000e+01 2.0000e+01 2.0000e+01 2.0000e+01 2.0000e+01 2.0000e+01
 2.0000e+01 2.0000e+01 2.0000e+01 2.0000e+01 2.0000e+01 2.0000e+01
 2.0000e+01 2.0000e+01 2.0000e+01 2.0000e+01 2.0000e+01 2.0000e+01
 2.0000e+01 2.0000e+01 2.0000e+01 2.0000e+01 2.0000e+01 2.0000e+01
 2.0000e+01 2.0000e+01 2.0000e+01 2.0000e+01 2.0000e+01 2.0000e+01
 2.0000e+01 2.0000e+01 2.0000e+01 2.0000e+01 2.0000e+01 2.0000e+01
 2.0000e+01 2.0000e+01 2.0000e+01 2.0000e+01 2.0000e+01 2.0000e+01
 2.0000e+01 2.0000e+01 2.0000e+01 2.0000e+01 2.0000e+01 2.0000e+01
 2.0000e+01 2.0000e+01 2.0000e+01 2.0000e+01 2.0000e+01 2.0000e+01
 2.0000e+01 2.0000e+01 2.0000e+01 2.0000e+01 2.0000e+01 2.0000e+01
 2.0000e+01 2.0000e+01 2.0000e+01 2.0000e+01 2.0000e+01 2.0000e+01
 2.0000e+01 2.0000e+01 2.0000e+01 2.0000e+01 2.0000e+01 2.0000e+01
 2.0000e+01 2.0000e+01 2.0000e+01 2.0000e+01 2.0000e+01 2.0000e+01
 2.0000e+01 2.0000e+01 2.0000e+01 2.0000e+01 2.0000e+01 2.0000e+01
 2.0000e+01 2.0000e+01 2.0000e+01 2.0000e+01 2.0000e+01 2.0000e+01
 2.0000e+01 2.0000e+01 2.0000e+01 2.0000e+01 2.0000e+01 2.0000e+01
 2.0000e+01 2.0000e+01 2.0000e+01 2.0000e+01 2.0000e+01 2.0000e+01
 2.0000e+01 2.0000e+01 2.0000e+01 2.0000e+01 2.0000e+01 2.0000e+01
 2.0000e+01 2.0000e+01 2.0000e+01 2.0000e+01 2.0000e+01 2.0000e+01
 2.0000e+01 2.0000e+01 2.0000e+01 2.0000e+01 2.0000e+01 2.0000e+01
 2.0000e+01 2.0000e+01 2.0000e+01 2.0000e+01 2.0000e+01 2.0000e+01
 2.0000e+01 2.0000e+01 2.0000e+01 2.0000e+01 2.0000e+01 2.0000e+01
 2.0000e+01 2.0000e+01 2.0000e+01 2.0000e+01 2.0000e+01 2.0000e+01
 2.0000e+01 2.0000e+01 2.0000e+01 2.0000e+01 2.0000e+01 2.0000e+01
 2.0000e+01 2.0000e+01 2.0000e+01 2.0000e+01 2.0000e+01 2.0000e+01
 2.0000e+01 2.0000e+01 2.0000e+01 2.0000e+01 2.0000e+01 2.0000e+01
 2.0000e+01 2.0000e+01 2.0000e+01 2.0000e+01 2.0000e+01 2.0000e+01
 2.0000e+01 2.0000e+01 2.0000e+01 2.0000e+01 2.0000e+01 2.0000e+01
 2.0000e+01 2.0000e+01 2.0000e+01 2.0000e+01 2.0000e+01 2.0000e+01
 2.0000e+01 2.0000e+01 2.0000e+01 2.0000e+01 2.0000e+01 2.0000e+01
 2.0000e+01 2.0000e+01 2.0000e+01 2.0000e+01 2.0000e+01 2.0000e+01
 2.0000e+01 2.0000e+01 2.0000e+01 2.0000e+01 2.0000e+01 2.0000e+01
 2.0000e+01 2.0000e+01 2.0000e+01 2.0000e+01 2.0000e+01 2.0000e+01
 2.0000e+01 2.0000e+01 2.0000e+01 2.0000e+01 2.0000e+01 2.0000e+01
 2.0000e+01 2.0000e+01 2.0000e+01 2.0000e+01 2.0000e+01 2.0000e+01
 2.0000e+01 2.0000e+01 2.0000e+01 2.0000e+01 2.0000e+01 2.0000e+01
 2.0000e+01 2.0000e+01 2.0000e+01 2.0000e+01 2.0000e+01 2.0000e+01
 2.0000e+01 2.0000e+01 2.0000e+01 2.0000e+01 2.0000e+01 2.0000e+01
 2.0000e+01 2.0000e+01 2.0000e+01 2.0000e+01 2.0000e+01 2.0000e+01
 2.0000e+01 2.0000e+01 2.0000e+01 2.0000e+01 2.0000e+01 2.0000e+01
 2.0000e+01 2.0000e+01 2.0000e+01 2.0000e+01 2.0000e+01 2.0000e+01
 2.0000e+01 2.0000e+01 2.0000e+01 2.0000e+01 2.0000e+01 2.0000e+01
 2.0000e+01 2.0000e+01 2.0000e+01 2.0000e+01 2.0000e+01 2.0000e+01
 2.0000e+01 2.0000e+01 2.0000e+01 2.0000e+01 2.0000e+01]
step_ratio_vec:,[0.1 0.1 0.1 0.1 0.1 0.1 0.1 0.1 0.1 0.1 0.1 0.1 0.1 0.1 0.1 0.1 0.1 0.1
 0.1 0.1 0.1 0.1 0.1 0.1 0.1 0.1 0.1 0.1 0.1 0.1 0.1 0.1 0.1 0.1 0.1 0.1
 0.1 0.1 0.1 0.1 0.1 0.1 0.1 0.1 0.1 0.1 0.1 0.1 0.1 0.1 0.1 0.1 0.1 0.1
 0.1 0.1 0.1 0.1 0.1 0.1 0.1 0.1 0.1 0.1 0.1 0.1 0.1 0.1 0.1 0.1 0.1 0.1
 0.1 0.1 0.1 0.1 0.1 0.1 0.1 0.1 0.1 0.1 0.1 0.1 0.1 0.1 0.1 0.1 0.1 0.1
 0.1 0.1 0.1 0.1 0.1 0.1 0.1 0.1 0.1 0.1 0.1 0.1 0.1 0.1 0.1 0.1 0.1 0.1
 0.1 0.1 0.1 0.1 0.1 0.1 0.1 0.1 0.1 0.1 0.1 0.1 0.1 0.1 0.1 0.1 0.1 0.1
 0.1 0.1 0.1 0.1 0.1 0.1 0.1 0.1 0.1 0.1 0.1 0.1 0.1 0.1 0.1 0.1 0.1 0.1
 0.1 0.1 0.1 0.1 0.1 0.1 0.1 0.1 0.1 0.1 0.1 0.1 0.1 0.1 0.1 0.1 0.1 0.1
 0.1 0.1 0.1 0.1 0.1 0.1 0.1 0.1 0.1 0.1 0.1 0.1 0.1 0.1 0.1 0.1 0.1 0.1
 0.1 0.1 0.1 0.1 0.1 0.1 0.1 0.1 0.1 0.1 0.1 0.1 0.1 0.1 0.1 0.1 0.1 0.1
 0.1 0.1 0.1 0.1 0.1 0.1 0.1 0.1 0.1 0.1 0.1 0.1 0.1 0.1 0.1 0.1 0.1 0.1
 0.1 0.1 0.1 0.1 0.1 0.1 0.1 0.1 0.1 0.1 0.1 0.1 0.1 0.1 0.1 0.1 0.1 0.1
 0.1 0.1 0.1 0.1 0.1 0.1 0.1 0.1 0.1 0.1 0.1 0.1 0.1 0.1 0.1 0.1 0.1 0.1
 0.1 0.1 0.1 0.1 0.1 0.1 0.1 0.1 0.1 0.1 0.1 0.1 0.1 0.1 0.1 0.1 0.1 0.1
 0.1 0.1 0.1 0.1 0.1 0.1 0.1 0.1 0.1 0.1 0.1 0.1 0.1 0.1 0.1 0.1 0.1 0.1
 0.1 0.1 0.1 0.1 0.1 0.1 0.1 0.1 0.1 0.1 0.1 0.1 0.1 0.1 0.1 0.1 0.1 0.1
 0.1 0.1 0.1 0.1 0.1 0.1 0.1 0.1 0.1 0.1 0.1 0.1 0.1 0.1 0.1 0.1 0.1 0.1
 0.1 0.1 0.1 0.1 0.1 0.1 0.1 0.1 0.1 0.1 0.1 0.1 0.1 0.1 0.1 0.1 0.1 0.1
 0.1 0.1 0.1 0.1 0.1 0.1 0.1 0.1 0.1 0.1 0.1 0.1 0.1 0.1 0.1 0.1 0.1 0.1
 0.1 0.1 0.1 0.1 0.1 0.1 0.1 0.1 0.1 0.1 0.1 0.1 0.1 0.1 0.1 0.1 0.1 0.1
 0.1 0.1 0.1 0.1 0.1 0.1 0.1 0.1 0.1 0.1 0.1 0.1 0.1 0.1 0.1 0.1 0.1 0.1
 0.1 0.1 0.1 0.1 0.1 0.1 0.1 0.1 0.1 0.1 0.1 0.1 0.1 0.1 0.1 0.1 0.1 0.1
 0.1 0.1 0.1 0.1 0.1 0.1 0.1 0.1 0.1 0.1 0.1]
swap interval:,2
sim interval:,[-1.49e+08 -1.40e+08 -1.25e+08 -1.15e+08 -1.00e+08 -7.50e+07 -5.00e+07
 -4.00e+07 -3.00e+07 -2.50e+07 -5.00e+06  0.00e+00]
likelihood_sed (T/F):,True
erodep_coords,elev_coords:,[[42 94]
 [42 95]
 [42 96]
 ...
 [96 78]
 [96 79]
 [96 80]]
sed scaling factor:,1