-25696.49000 -13443.25000 -20639.04000 -16216.11000
-26119.02000 -13243.35000 -20188.03000 -16517.28000
-26464.56000 -13012.21000 -20151.90000 -16097.45000
-25784.08000 -12877.88000 -20643.60000 -16377.34000
-24422.74000 -13024.84000 -20698.00000 -16456.28000
-25285.99000 -12712.33000 -20025.81000 -15881.46000
-25215.20000 -12481.74000 -20230.51000 -16073.54000
-25530.48000 -12333.22000 -20108.46000 -16229.65000
-25464.18000 -12676.80000 -20187.62000 -15762.33000
-25793.37000 -12706.57000 -20339.40000 -15830.49000
-25422.29000 -12677.86000 -20210.69000 -15932.01000
-25608.52000 -12747.19000 -19776.14000 -15986.92000
-25555.10000 -12692.33000 -20089.62000 -15761.65000
-24839.36000 -12700.84000 -20139.40000 -15774.36000
-25277.87000 -12367.34000 -20169.18000 -15874.81000
-25205.96000 -12601.97000 -20214.93000 -16146.07000
-25208.18000 -12566.88000 -20283.68000 -15863.06000
-24962.03000 -12473.22000 -20330.72000 -15924.01000
-24708.50000 -12806.60000 -19654.77000 -15806.06000
-24797.34000 -12862.43000 -19846.61000 -15855.25000
-25256.12000 -12505.30000 -19969.10000 -16111.93000
-25158.00000 -12647.97000 -20002.01000 -16040.48000
-25121.71000 -12717.22000 -20209.92000 -16261.06000
-25647.16000 -12558.78000 -20246.61000 -15809.10000
-25460.07000 -12813.47000 -20256.87000 -15814.95000
-25772.57000 -12653.06000 -20312.57000 -15858.33000
-25761.91000 -12729.62000 -20081.36000 -15752.95000
-25273.60000 -12597.14000 -20026.20000 -15633.45000
-25866.71000 -12632.14000 -20054.04000 -15857.76000
-26701.22000 -12607.66000 -20398.00000 -16124.96000
-25154.74000 -13104.63000 -20067.06000 -15797.65000
-25232.90000 -12770.28000 -20082.90000 -16085.23000
-25290.18000 -13011.36000 -19791.17000 -16018.57000
-25264.25000 -12536.78000 -20067.58000 -15969.33000
-25118.02000 -12529.21000 -20055.48000 -15626.98000
-24904.52000 -25069.64000 -25507.62000 -25286.56000
-24812.75000 -24610.92000 -25280.92000 -25131.85000
-25000.93000 -24670.23000 -25314.04000 -25033.24000
-24638.14000 -25229.28000 -25487.89000 -24630.40000
-25071.22000 -26506.20000 -25052.47000 -25021.67000
-25133.33000 -25220.09000 -25358.84000 -25213.77000
-24887.18000 -24822.24000 -25022.27000 -25273.94000
-25497.81000 -24729.73000 -25164.48000 -25095.99000
-25411.18000 -24771.54000 -25815.54000 -24840.05000
-24972.13000 -25648.79000 -24752.77000 -25011.40000
-25697.84000 -25636.30000 -24876.84000 -24829.44000
-25290.47000 -25060.95000 -25057.16000 -25283.68000
-25408.95000 -25090.02000 -24851.00000 -26008.54000
-24909.34000 -25373.67000 -25451.81000 -24863.04000
-24598.37000 -25786.19000 -25222.09000 -25052.83000
-24829.53000 -25495.72000 -24805.49000 -25442.03000
-25221.31000 -25394.91000 -24822.22000 -25347.86000
-24924.97000 -26578.84000 -25447.92000 -25810.34000
-25107.54000 -25285.47000 -24767.29000 -25723.11000
-24822.37000 -24851.98000 -25360.84000 -24811.53000
-24975.22000 -24973.22000 -25432.72000 -24895.91000
-25299.12000 -26383.52000 -24872.20000 -25182.51000
-24987.41000 -26407.40000 -25250.52000 -24689.54000
-25989.27000 -25335.29000 -25682.82000 -25495.28000
-25523.16000 -25314.98000 -25001.03000 -25337.80000
-24729.15000 -25121.39000 -25190.03000 -24801.16000
-24430.48000 -25186.84000 -25641.26000 -24694.77000
-25446.45000 -25510.60000 -25362.50000 -25186.78000
-25323.14000 -25016.00000 -24676.38000 -25492.17000
-26307.41000 -24542.49000 -25311.61000 -24888.92000
-25407.24000 -24643.73000 -25385.89000 -24927.43000
-25209.65000 -25303.01000 -25119.84000 -24771.48000
-25420.19000 -25283.37000 -24773.29000 -24877.90000
-24838.92000 -25697.81000 -24940.41000 -25567.17000
-24634.40000 -25558.60000 -24759.90000 -25294.57000
-25243.52000 -25334.24000 -24751.49000 -25139.80000
-24872.71000 -25372.76000 -24612.33000 -25350.97000
-24915.15000 -24783.10000 -26083.46000 -25139.50000
-24957.22000 -24931.58000 -25231.61000 -25287.63000
