7.674292537500001510e-01
4.986781917567560951e-01
1.070357629256752929e+00
1.209264179560813668e+00
4.173243243243242846e-06
5.654679646959466233e-01
9.272984263513521785e-01
2.315288859121622522e-01
4.139890881756763674e-02
1.439106010135133250e-02
3.905833373648655571e-01
1.653272979729734615e+01
1.493438142427175626e+04
1.195823302108110120e+01
9.848205709459460777e-02
-4.613226162162174099e-02
-5.079501888513517083e-02
1.439834904729729581e-01
-1.643479293243243211e-01
2.054052435810802685e-02
6.690497108108101054e-02
3.032254009121637672e-01
1.503601402364868611e-01
9.448013108108140046e-02
-5.270568253378368068e-02
1.077754450323648143e+02
1.523762595322968423e+02
6.230936866986461808e+01
8.317474593942561967e+01
1.207104511168240037e+02
8.225229740695935732e+01
1.159938108716552136e+02
1.322380703406079476e+02
8.521070551456084274e+01
1.402103656197295720e+02
1.184190581298983886e+02
5.623262627378394285e+01
7.459025966719605094e+01
7.426294293158760240e+01
3.396738048054059789e+01
5.155443309560811116e+01
9.302368686800645037e+01
1.019364170155069473e+02
7.741016996989884547e+01
7.493078773905422452e+01
8.639970232297302744e+01
1.227065545652026657e+02
1.308337087783105801e+02
8.421065751962863999e+01
7.110506716256774951e+01
1.016793398079054356e+02
9.970942461016880998e+01
5.832817067077709083e+01
1.363129076522975254e+02
1.174060778406421264e+02
4.077150952212839741e+01
8.011909541756774900e+01
1.118668473141214719e+02
1.454455469411147703e+02
5.231089275496601942e+01
7.820086384405435354e+01
8.301654984412151350e+01
1.228942130848311933e+02
5.549317229804048424e+01
1.249736179390204143e+02
8.506166526513563042e+01
6.221341585891906334e+01
1.131482964414862806e+02
1.148502298647969866e+02
1.177411175981082181e+02
1.057589525947297346e+02
6.660151352527056190e+01
1.627666895808104641e+02
9.425381626476318786e+01
5.408317742641865067e+01
1.106539499413516268e+02
1.594686934328039172e+02
6.330678854614868811e+01
1.372406290928713304e+02
9.584867199081074318e+01
1.193995977437162281e+02
1.241224351519935283e+02
8.144454227077682162e+01
1.433328832593916786e+02
8.642456639307447119e+01
4.584855551233103199e+01
9.890417939489834964e+01
5.640584751885143078e+01
8.352504651003357594e+01
7.509592165108097106e+01
3.242436638067555776e+01
1.418385767624664879e+02
6.342583896118234321e+01
1.125390085101351900e+02
7.157096582520264860e+01
7.580726900594611095e+01
1.269916494976350805e+02
2.798100514679057937e+01
7.834578849131769118e+01
7.012141343087837697e+01
1.627269919624323506e+02
1.348214238084117937e+02
9.208539098189170602e+01
6.969245014527056981e+01
1.227503236222631813e+02
5.391202662429039805e+01
9.492800303368296966e+01
6.240058969347984430e+01
4.735213752976368085e+01
1.137203965709797728e+02
4.988702939733094865e+01
1.332829471335475944e+02
4.356726507307420349e+01
8.179266282848006142e+01
8.987993655489850653e+01
1.191002936361490185e+02
7.950523629581070395e+01
9.137996949662161228e+01
1.366940297432766442e+02
1.213660285225338100e+02
4.001386661081073726e+01
1.426974579796282683e+02
5.943485180922302646e+01
1.129437917436823682e+02
1.236234402503716581e+02
7.150714616989887418e+01
9.912059303709473568e+01
8.384134955304050152e+01
1.219886467142567312e+02
3.389204197047299516e+01
1.094580587472974713e+02
8.919099383145245952e+01
1.367780624012835062e+02
4.183338044641884323e+01
1.289128359996955737e+02
8.386354283385169595e+01
7.393176660405406153e+01
1.126240898493584837e+02
4.951812471341226285e+01
4.143893476550689314e+01
7.010482276776993160e+01
1.062070953573311982e+02
5.547401367435811181e+01
8.843077795347943493e+01
9.977932883395256169e+01
1.072390334048316305e+02
8.360954813523662210e+01
1.107901324260809304e+02
1.517562876055405354e+02
7.662059298682420660e+01
7.465017200043917001e+01
5.520974617540564111e+01
1.287842251229727140e+02
1.094716857657429756e+02
1.347825750192913858e+02
1.048667353992565126e+02
7.388187158689183320e+01
1.310845958619262319e+02
1.400513258295608807e+02
1.386137879252704010e+02
9.959719107554062134e+01
1.176443267679729132e+02
1.181574919238516514e+02
9.738673066364866315e+01
6.767753282685799832e+01
9.107359579820943907e+01
5.527691288793942448e+01
9.316216038986500791e+01
7.667949084402030735e+01
1.393198038436825357e+02
5.163249960371633307e+01
1.404036570291215185e+02
1.030203914076688534e+02
9.755691609472970072e+01
1.125342720530407945e+02
1.571366317262169900e+02
1.172666525726350812e+02
1.256672426138508882e+02
6.092413915915547307e+01
1.154359993493242058e+02
8.014826154550671333e+01
9.423365945435810431e+01
7.638302973375007809e+01
1.041886436037164572e+02
1.058690214559460827e+02
7.784812524716198823e+01
1.264093200230405927e+02
1.076084662170269866e+02
1.514125372021956935e+02
7.206168981790533223e+01
1.156301366405742357e+02
1.241613572657092988e+02
9.137551311097965367e+01
7.962661086222989582e+01
1.038017151794595492e+02
1.355634325061151344e+02
7.770772623337857965e+01
1.672440745566554483e+02
6.026055911280401745e+01
8.652397761540561305e+01
1.005992189616553816e+02
9.892018461358132697e+01
9.383445404148633884e+01
7.766641297858116388e+01
5.358119421429046270e+01
9.619087398087809504e+01
1.270568857323646199e+02
8.483220979831089892e+01
7.683277063695936704e+01
3.762505007658781153e+01
8.459264073624986224e+01
1.033860063426689777e+02
8.741548488763505986e+01
8.872061692003380529e+01
6.752993999489862631e+01
9.268674546624995969e+01
1.234126017495270702e+02
7.632483187064165975e+01
5.006609737679061567e+01
1.164342292426349985e+02
9.774880143533813737e+01
5.362749006929055184e+01
9.860362339293925515e+01
1.008839684687499272e+02
9.311331412381770178e+01
1.251678880444593176e+02
1.080288575257768997e+02
9.139789372375003040e+01
5.332028106347982543e+01
7.059523927584466207e+01
6.296001843537163012e+01
4.409652043489861484e+01
1.554028438249330009e+02
1.278694589970268112e+02
1.059989102456756740e+02
6.010052913709480293e+01
8.695017289155404683e+01
1.579126818538173609e+02
1.904407220361482800e+01
1.224411577801349438e+02
6.768459719405414887e+01
1.102667028746623714e+02
6.445735537006746085e+01
1.244530025978382213e+02
1.361532968875673930e+02
1.135480354769256479e+02
1.388780689107099420e+02
1.251383622046618029e+02
8.587067729030437135e+01
4.195016565614849924e+01
1.220788494428040707e+02
7.084860903280413424e+01
7.927434118361495052e+01
5.616713836202691112e+01
9.746296209597976201e+01
1.190118827790201976e+02
1.022608984478040668e+02
4.226674098162155246e+01
9.480523233239857461e+01
1.173917244551012828e+02
6.983892418999984386e+01
1.264068043526690843e+02
7.560089631624997253e+01
8.032976688277020116e+01
7.902707200148616096e+01
1.397631003088173145e+02
7.431587003057445884e+01
7.176659124763504849e+01
3.972504915540528714e+01
4.803143825064186245e+01
9.394701004003375999e+01
7.873119398469589214e+01
1.357989954353041639e+02
5.606176950527021319e+01
9.812131933479727763e+01
1.301103717698993592e+02
4.873419227790525809e+01
7.440797378324309364e+01
4.151696886530382358e+01
9.350800691729757830e+01
2.660083892081076229e+01
7.256869020320922914e+01
1.135555873597972578e+02
1.316699928129054911e+02
7.425023619371641814e+01
9.102053654523604109e+01
7.401186091118232468e+01
4.920467397185822733e+01
8.723270235777036419e+01
1.368675222080073581e+02
8.816244703003373218e+01
7.004398944658791493e+01
1.489874671608106098e+02
1.387178411165203613e+02
1.636758282910478783e+02
8.876983827804038185e+01
1.685517812939859823e+02
1.610633879388174137e+02
1.616052581369258405e+02
9.903604350581080951e+01
2.527004656351357070e+01
9.017976099729713724e+01
1.116595664493580529e+02
8.036842233138492020e+01
1.092683521104056723e+02
9.711721065304058698e+01
6.397121871297309070e+01
1.621168765418244959e+02
2.830884651854728773e+01
8.548258965337845439e+01
1.187114654648986374e+02
8.862156663604731932e+01
8.959107044223000571e+01
1.514997217655406416e+02
1.096988080232767686e+02
8.900256755368246786e+01
1.357610157186824154e+02
9.960011216587813010e+01
1.221073372009123261e+02
5.808185299239843147e+01
9.463262399483085119e+01
1.136524797641214803e+02
6.770192638141907082e+01
8.888282502966215759e+01
8.971782092510125040e+01
6.137757237847974068e+01
9.058176267344602195e+01
6.054563813831099139e+01
9.624023558233098186e+01
8.409931254067554107e+01
7.607387674736465044e+01
5.557781807652033734e+01
7.326900269168906732e+01
1.390456283151355024e+02
5.675242993415561443e+01
5.534413548081071355e+01
6.038980822236494106e+01
8.257460419449313349e+01
5.671115110479742327e+01
7.255252762118222165e+01
5.321134331574310039e+01
6.778749658962820490e+01
1.251077153646622264e+02
5.950928681817575239e+01
1.123832804906080725e+02
9.022528356226348478e+01
7.281829237516905096e+01
1.556544376195616053e+02
6.858918067307442357e+01
1.060939523426688567e+02
9.503192051614875879e+01
1.119764853093247012e+02
4.170426033077705341e+01
1.421364240743579614e+02
9.892476666814164332e+01
6.038079272719579649e+01
6.344539165922297741e+01
9.107091372246607364e+01
7.607058758466232007e+01
1.219387539899663864e+02
3.062252609810812487e+01
1.330937649851009610e+02
1.331802144737502545e+02
1.417145706392228419e+02
1.423961654935813215e+02
1.219718401970266797e+02
7.942675291956074091e+01
1.190501559223646950e+02
1.097999951938175798e+02
1.476413359391212907e+02
8.525145825905391916e+01
4.754259509219580337e+01
6.019298681064174161e+01
1.007485794606757281e+02
4.280954653719588521e+01
1.188183233051014724e+02
6.985055032466220837e+01
1.060152527073984317e+02
6.939723558689190952e+01
5.132248548050686310e+01
1.479005877897634491e+02
7.118996049179037300e+01
5.763883880432459250e+01
1.293144390143244493e+02
1.641766773392573100e+02
7.690007106763491151e+01
1.369140832120610298e+02
1.607279534197971600e+02
5.810427577587842052e+01
5.761925614604723478e+01
1.227459675981418599e+02
5.280134184483105031e+01
1.050773212515536272e+02
6.827617502091219137e+01
1.407373556603384088e+02
9.517008600540529528e+01
1.519430975146960066e+02
6.775822872824338106e+01
3.996349381817578461e+01
1.011354500892227719e+02
1.442725116076350957e+02
1.395457444415197301e+02
1.167972813175673963e+02
1.272792758207433081e+02
9.065992825239875685e+01
9.801245063378405575e+01
1.267756611938516329e+02
1.367865247903719137e+02
1.370693268843240560e+02
7.702791821716206755e+01
7.089389526020292465e+01
1.105623073220608177e+02
9.180957683152004734e+01
1.412017543967228903e+02
7.229880364206080401e+01
1.514917377754051984e+02
7.422673349743240578e+01
6.488123677118245780e+01
1.228867385719593983e+02
7.390413798510127208e+01
7.127966125793932406e+01
9.716331492101367928e+01
3.964697169283795120e+01
3.347071541557432539e+01
1.353418910086145388e+02
