4.988399999999999750e+02
4.988399999999999750e+02
4.988399999999999750e+02
4.890699999999999932e+02
4.890699999999999932e+02
4.890699999999999932e+02
4.890699999999999932e+02
4.890699999999999932e+02
4.890699999999999932e+02
4.890699999999999932e+02
4.890699999999999932e+02
4.890699999999999932e+02
4.890699999999999932e+02
4.890699999999999932e+02
4.890699999999999932e+02
4.890699999999999932e+02
4.890699999999999932e+02
4.890699999999999932e+02
4.890699999999999932e+02
4.890699999999999932e+02
4.890699999999999932e+02
4.890699999999999932e+02
4.890699999999999932e+02
4.890699999999999932e+02
4.890699999999999932e+02
4.890699999999999932e+02
4.890699999999999932e+02
4.890699999999999932e+02
4.890699999999999932e+02
4.890699999999999932e+02
4.890699999999999932e+02
4.890699999999999932e+02
4.890699999999999932e+02
4.890699999999999932e+02
4.630500000000000114e+02
4.767900000000000205e+02
4.767900000000000205e+02
4.821600000000000250e+02
4.821600000000000250e+02
4.821600000000000250e+02
4.821600000000000250e+02
4.821600000000000250e+02
4.821600000000000250e+02
4.821600000000000250e+02
4.821600000000000250e+02
4.821600000000000250e+02
4.821600000000000250e+02
4.821600000000000250e+02
4.999300000000000068e+02
4.999300000000000068e+02
4.999300000000000068e+02
4.999300000000000068e+02
4.999300000000000068e+02
4.999300000000000068e+02
4.999300000000000068e+02
4.999300000000000068e+02
4.999300000000000068e+02
4.999300000000000068e+02
4.999300000000000068e+02
4.999300000000000068e+02
4.892200000000000273e+02
4.892200000000000273e+02
4.892200000000000273e+02
4.892200000000000273e+02
4.892200000000000273e+02
4.892200000000000273e+02
4.892200000000000273e+02
4.892200000000000273e+02
4.892200000000000273e+02
4.892200000000000273e+02
4.892200000000000273e+02
4.892200000000000273e+02
4.892200000000000273e+02
1.000000000000000000e+00
1.000000000000000000e+00
1.000000000000000000e+00
1.000000000000000000e+00
1.000000000000000000e+00
4.680600000000000023e+02
4.677599999999999909e+02
4.677599999999999909e+02
4.677599999999999909e+02
4.677599999999999909e+02
4.677599999999999909e+02
4.677599999999999909e+02
4.677599999999999909e+02
4.677599999999999909e+02
4.677599999999999909e+02
4.677599999999999909e+02
4.677599999999999909e+02
4.677599999999999909e+02
4.677599999999999909e+02
4.677599999999999909e+02
4.677599999999999909e+02
4.677599999999999909e+02
4.677599999999999909e+02
4.677599999999999909e+02
4.677599999999999909e+02
4.677599999999999909e+02
4.677599999999999909e+02
4.677599999999999909e+02
4.677599999999999909e+02
4.677599999999999909e+02
4.677599999999999909e+02
4.677599999999999909e+02
4.677599999999999909e+02
4.677599999999999909e+02
4.677599999999999909e+02
4.838600000000000136e+02
4.838600000000000136e+02
4.838600000000000136e+02
4.838600000000000136e+02
4.838600000000000136e+02
4.838600000000000136e+02
4.838600000000000136e+02
4.838600000000000136e+02
4.838600000000000136e+02
4.838600000000000136e+02
4.838600000000000136e+02
4.838600000000000136e+02
4.838600000000000136e+02
4.838600000000000136e+02
4.838600000000000136e+02
4.838600000000000136e+02
4.838600000000000136e+02
4.838600000000000136e+02
4.838600000000000136e+02
4.838600000000000136e+02
4.838600000000000136e+02
4.838600000000000136e+02
4.838600000000000136e+02
4.838600000000000136e+02
4.838600000000000136e+02
4.838600000000000136e+02
4.838600000000000136e+02
4.838600000000000136e+02
4.917099999999999795e+02
4.917099999999999795e+02
4.917099999999999795e+02
4.917099999999999795e+02
4.917099999999999795e+02
4.917099999999999795e+02
4.917099999999999795e+02
4.917099999999999795e+02
4.917099999999999795e+02
4.917099999999999795e+02
4.748199999999999932e+02
4.749499999999999886e+02
4.749499999999999886e+02
4.749499999999999886e+02
4.680899999999999750e+02
4.680899999999999750e+02
4.680899999999999750e+02
4.680899999999999750e+02
4.680899999999999750e+02
4.680899999999999750e+02
4.917699999999999818e+02
4.917699999999999818e+02
4.917699999999999818e+02
4.917699999999999818e+02
4.917699999999999818e+02
4.917699999999999818e+02
4.917699999999999818e+02
4.764900000000000091e+02
4.764900000000000091e+02
4.764900000000000091e+02
4.764900000000000091e+02
4.764900000000000091e+02
4.764900000000000091e+02
4.764900000000000091e+02
4.764900000000000091e+02
4.764900000000000091e+02
4.764900000000000091e+02
4.764900000000000091e+02
4.764900000000000091e+02
4.764900000000000091e+02
4.764900000000000091e+02
4.764900000000000091e+02
4.764900000000000091e+02
4.764900000000000091e+02
4.764900000000000091e+02
4.793500000000000227e+02
4.793500000000000227e+02
4.793500000000000227e+02
4.730500000000000114e+02
4.730500000000000114e+02
4.812500000000000000e+02
4.812500000000000000e+02
4.812500000000000000e+02
4.811700000000000159e+02
4.811700000000000159e+02
4.811700000000000159e+02
4.811700000000000159e+02
4.811700000000000159e+02
4.811700000000000159e+02
4.811700000000000159e+02
4.811700000000000159e+02
4.811700000000000159e+02
4.811700000000000159e+02
4.811700000000000159e+02
4.811700000000000159e+02
4.811700000000000159e+02
4.811700000000000159e+02
4.811700000000000159e+02
4.811700000000000159e+02
4.811700000000000159e+02
4.811700000000000159e+02
4.811700000000000159e+02
4.972200000000000273e+02
4.972200000000000273e+02
4.972200000000000273e+02
4.972200000000000273e+02
4.972200000000000273e+02
4.972200000000000273e+02
4.972200000000000273e+02
4.972200000000000273e+02
4.893100000000000023e+02
4.893100000000000023e+02
4.893100000000000023e+02
4.792400000000000091e+02
4.655600000000000023e+02
4.655600000000000023e+02
4.655600000000000023e+02
4.823899999999999864e+02
4.823899999999999864e+02
4.823899999999999864e+02
4.785799999999999841e+02
4.785799999999999841e+02
4.785799999999999841e+02
4.785799999999999841e+02
4.824399999999999977e+02
4.824399999999999977e+02
4.824399999999999977e+02
4.824399999999999977e+02
4.824399999999999977e+02
4.824399999999999977e+02
4.824399999999999977e+02
4.824399999999999977e+02
4.824399999999999977e+02
4.824399999999999977e+02
4.824399999999999977e+02
4.824399999999999977e+02
4.824399999999999977e+02
4.824399999999999977e+02
4.764200000000000159e+02
4.639399999999999977e+02
4.639399999999999977e+02
4.639399999999999977e+02
4.639399999999999977e+02
4.639399999999999977e+02
4.639399999999999977e+02
4.639399999999999977e+02
4.693199999999999932e+02
4.693199999999999932e+02
4.693199999999999932e+02
4.693199999999999932e+02
4.740699999999999932e+02
4.740699999999999932e+02
4.740699999999999932e+02
4.740699999999999932e+02
4.740699999999999932e+02
4.740699999999999932e+02
4.740699999999999932e+02
4.740699999999999932e+02
4.740699999999999932e+02
4.740699999999999932e+02
4.740699999999999932e+02
4.740699999999999932e+02
4.740699999999999932e+02
4.740699999999999932e+02
4.740699999999999932e+02
4.740699999999999932e+02
4.740699999999999932e+02
4.740699999999999932e+02
4.740699999999999932e+02
4.740699999999999932e+02
4.740699999999999932e+02
4.740699999999999932e+02
4.740699999999999932e+02
4.740699999999999932e+02
4.740699999999999932e+02
4.740699999999999932e+02
4.740699999999999932e+02
4.740699999999999932e+02
4.740699999999999932e+02
4.740699999999999932e+02
4.740699999999999932e+02
4.740699999999999932e+02
4.740699999999999932e+02
4.740699999999999932e+02
4.740699999999999932e+02
4.740699999999999932e+02
