1.502379696584494329e-01
2.232196559615530207e-01
3.551039104096020416e-01
5.852194818672897814e-01
8.703810257708467292e-07
2.593319398532476505e-01
5.716713537807934786e-01
1.162307111946869198e-01
1.019495809730424501e-02
1.370838257979571824e-02
3.490855046979927101e-01
4.328093884630220600e+00
5.080716981427526662e+03
2.676062818753464523e+00
4.120441687551754106e-02
8.640765909692917079e-02
1.426756312253915360e-01
1.091279116098757274e-01
1.503101574061067591e-01
3.246702694894851859e-01
1.994717050935606029e-01
1.402179635610455166e-01
3.009304612939470713e-01
2.936671101520034188e-01
2.388003027567579262e-01
5.477122952238437392e+01
3.566278283620004430e+01
4.728756190687870031e+01
6.150278626379324010e+01
7.160816885653923691e+01
7.232062258833271073e+01
7.448984329469408294e+01
3.696609386026675992e+01
4.550172985406142345e+01
3.241885865083123974e+01
4.454143741577534854e+01
3.101084372791696708e+01
6.818689578768029946e+01
3.546418759518925867e+01
2.420343322638555250e+01
4.585251756333092743e+01
5.516681112406076437e+01
5.065661755295439406e+01
4.113851236387714749e+01
7.256393325879285783e+01
3.767847408547616084e+01
5.549174435451040921e+01
4.920020864783739256e+01
4.690925736163834614e+01
3.606171394152823950e+01
5.189414502138509988e+01
4.577033790424901127e+01
2.623507983825489021e+01
6.573314546866588159e+01
7.360828447223775584e+01
4.832799813977025138e+01
4.129193474119392704e+01
6.480851367168408217e+01
4.447121781688634456e+01
2.871835165847699756e+01
5.293474048886323402e+01
4.038067706639941434e+01
6.231620371780032031e+01
2.029281110367889340e+01
6.819144533922666085e+01
4.524486772796143441e+01
4.745452039400211675e+01
5.023814614028969316e+01
5.810593119647105453e+01
3.429341951435017677e+01
5.836118009579659116e+01
5.754735004902747875e+01
4.866663430028599890e+01
3.960867699078576010e+01
5.464245727111078565e+01
7.263604755271498448e+01
3.713079956967527551e+01
5.836326251483536254e+01
3.926221195188429647e+01
5.451450064694920172e+01
4.129751484245711879e+01
5.821315970220456393e+01
6.436314064450809269e+01
3.928263505069967465e+01
4.045638769661059797e+01
4.099232665336955250e+01
5.659570020105348220e+01
3.036102603359733365e+01
5.979683013067831610e+01
5.929442534726442204e+01
2.700582213990655944e+01
3.422183916778143242e+01
3.840314422657591820e+01
3.960948939036889982e+01
7.520811515342414566e+01
3.167786321572621233e+01
5.812464204460633255e+01
3.121981000802085049e+01
5.140098864892279806e+01
8.047073173150269554e+01
4.036117705360734220e+01
4.488057238167505147e+01
5.766144522466441202e+01
7.650811911153698475e+01
4.032906576138672250e+01
2.192116146633741636e+01
6.276621954524061664e+01
3.407440994978403381e+01
3.359545339743591086e+01
2.477635217370500698e+01
4.869188509047906877e+01
2.713563883844840063e+01
2.501923603658707407e+01
5.913469628503148812e+01
4.421547586778183359e+01
3.696821293566422639e+01
5.481198387960051122e+01
3.113872108235301894e+01
4.917028514880766465e+01
3.509573006097620151e+01
3.797196852710981574e+01
5.112499104541877415e+01
6.408501196855918636e+01
7.065684573828944792e+01
6.497036678380435148e+01
2.806606347605954710e+01
7.039210264521572924e+01
7.666505706895516425e+01
4.683344415646288894e+01
2.343479359175025323e+01
3.712194846063397335e+01
4.253042750821632723e+01
6.451184988435812784e+01
5.141612649797746570e+01
3.417575559945677099e+01
2.937447798009138111e+01
5.837390379682787511e+01
5.907359185854549111e+01
4.957118823553115305e+01
5.327522210495930466e+01
4.825447814599604612e+01
4.212745985836508567e+01
6.116302318741311694e+01
5.141609327624352233e+01
4.309934665413322108e+01
2.984014417437715139e+01
5.211468739606399225e+01
4.251352455338496839e+01
3.116674864466597583e+01
3.882058990518415698e+01
6.243478709494522150e+01
4.725903051937306287e+01
5.032979906543182125e+01
3.767182683982694158e+01
3.830356464041143028e+01
3.919648569564451890e+01
6.480994614243354590e+01
6.429043948657316321e+01
7.513100402221620300e+01
5.657730789373497515e+01
7.343268412359367403e+01
6.143443775447111221e+01
7.114357560850774576e+01
6.238073711965025581e+01
3.980684753691253519e+01
5.077068245487776466e+01
3.811002659333995979e+01
5.306765883242812265e+01
4.295191300203924811e+01
4.941990538467281624e+01
2.771237729350598045e+01
6.063356236500989382e+01
3.118597403307146365e+01
5.353625149278334305e+01
3.883233069474821519e+01
4.204535407274980230e+01
4.838788403730161747e+01
7.617245160793748937e+01
4.975833806784235236e+01
4.127539220190703873e+01
4.009624214903385564e+01
4.195883344152920813e+01
4.339212087280238705e+01
2.666310666745814828e+01
5.884362256620365628e+01
5.680684766114005413e+01
4.585985321010186055e+01
3.715110003123462690e+01
4.878980959082830537e+01
2.889809938266968814e+01
3.941388851027340223e+01
5.665605421037270872e+01
3.977295076288376663e+01
3.827455616489879020e+01
2.871404282278999887e+01
5.723774873750104319e+01
5.195610061009136871e+01
3.774474640979705953e+01
3.712246361420002927e+01
4.074698161213221681e+01
4.853898005195435417e+01
4.250410515385827637e+01
5.511641010643370464e+01
3.785968945387310214e+01
3.494619446758589021e+01
5.563919319261717789e+01
6.779857800539133450e+01
6.220840817696876002e+01
3.668486961916823930e+01
4.369146084844238942e+01
3.438139666022881613e+01
4.170077583900597062e+01
3.420075085657833824e+01
4.011036768048115420e+01
4.629858024341204015e+01
2.972086045714322111e+01
5.385856195812734626e+01
3.652983261107031865e+01
3.293339451992370215e+01
5.141898866066993179e+01
3.621229051568013801e+01
3.179826423932510693e+01
3.905868850758919564e+01
3.571925569768472286e+01
5.504143886592370905e+01
5.917637823945147346e+01
4.229497298372729119e+01
6.376987890301822404e+01
3.573620016529129373e+01
6.679764147494822168e+01
4.597044547868751607e+01
3.985607515000040735e+01
4.014565916011309810e+01
3.764135869287202496e+01
4.102217129344260371e+01
5.177829505026461021e+01
8.596528986058592636e+01
3.416407663984913512e+01
1.262225542050363458e+01
3.108063866634540773e+01
3.490053485791726473e+01
6.204005175571273156e+01
5.013893362353101679e+01
6.189191632712655178e+01
3.301654514285652198e+01
4.164619110252785106e+01
4.595061576815331961e+01
4.448168326625219038e+01
4.472895079580569444e+01
3.357331596250502770e+01
6.645703057199457930e+01
4.616847115963657444e+01
3.611468033010980605e+01
4.799206612267099104e+01
6.029344451510760905e+01
6.831811367380912259e+01
4.008543129016688056e+01
2.551609917709235731e+01
6.932054888871037690e+01
4.396124786274553742e+01
3.681369418442027808e+01
4.648825394482258133e+01
2.778546049796272754e+01
3.781270206359710784e+01
3.344943965337510150e+01
4.665171501963938994e+01
4.376056556563592892e+01
3.870087115315104853e+01
3.896669330936939701e+01
3.383896083448239267e+01
2.810150176856963711e+01
4.780556618422473036e+01
3.907797739150586125e+01
3.607620114740307571e+01
4.425093774260783164e+01
4.444656419184403973e+01
4.222084450202557804e+01
7.331860957879212037e+01
2.867199107972189864e+01
4.896685552858102142e+01
2.591024125710880099e+01
4.957651196056543341e+01
3.589419578484607598e+01
3.503519363563138711e+01
4.951063353858014437e+01
4.075269725809960875e+01
3.602874748279867134e+01
3.444716119609581995e+01
7.228795830834206981e+01
5.596399786667535636e+01
3.463253944434653420e+01
3.424836744934086141e+01
3.466221999175201773e+01
4.918778589245803090e+01
3.165306594494153458e+01
2.587626736940783445e+01
3.166436860726355818e+01
4.143322251419838409e+01
3.502527275380624161e+01
4.786194213150426435e+01
1.871697045348090427e+01
4.259450481983346748e+01
4.854483123076670381e+01
3.327522883966305756e+01
8.369083728604147154e+01
4.250198045036534467e+01
4.707986829707963494e+01
5.661226306199210256e+01
3.406775628562802893e+01
4.448249864790778929e+01
5.877947196147727027e+01
5.388536648970760012e+01
2.521210535011039866e+01
3.948936197357990352e+01
6.051218588978879609e+01
4.108168690914741461e+01
5.262454142122957990e+01
6.882992063097316304e+01
5.853372317263116997e+01
3.851927029183192985e+01
5.361713488567026786e+01
5.444514914348207668e+01
3.639083583601978944e+01
3.774612751226239737e+01
4.914458659852913769e+01
5.821911572624266284e+01
4.330811751725919834e+01
6.165036011453236142e+01
7.361046203980704661e+01
6.339589987499610402e+01
5.397423963465023888e+01
2.076567405383510234e+01
3.538936949913499319e+01
3.602149555824500737e+01
5.115287055548441941e+01
5.823750159603342524e+01
3.819042946352633550e+01
5.628096295341665467e+01
4.166520359858856182e+01
5.466039256484328490e+01
2.727197631338389883e+01
6.529365223455765488e+01
6.287097603420647118e+01
3.844452246275446328e+01
6.883802337408006622e+01
5.517880560421873781e+01
3.910888038369775188e+01
5.143172962654556812e+01
4.437872037663168356e+01
5.094452922305755749e+01
3.120287765803281843e+01
5.808706803535059748e+01
2.539337185647359618e+01
5.507460255909457914e+01
3.910873167440776399e+01
5.136028636529939462e+01
4.503774621159784886e+01
4.510727463122745462e+01
2.958651218778629399e+01
3.968549576569244408e+01
3.566021533201504923e+01
5.664191769820447320e+01
5.996683403434429493e+01
5.719723551156138797e+01
5.055238121867063938e+01
6.653449384570140523e+01
4.196103639476107361e+01
5.153496876487596268e+01
4.991422324769592933e+01
4.052070367742302182e+01
3.811936266826418773e+01
2.584540353936482049e+01
2.728327588616700439e+01
5.354832396918904180e+01
2.593938540016496219e+01
6.902690885389245068e+01
7.089025646806331338e+01
3.539911587587080533e+01
4.543047078700267605e+01
3.350884934008246319e+01
4.598932125581188046e+01
6.317643227455278065e+01
4.324101638422073535e+01
6.768122053840559715e+01
3.869944783170183200e+01
5.484887372719637710e+01
6.325741950267780567e+01
4.419536354221798291e+01
4.832338392966235574e+01
2.431777578252295413e+01
6.534476815090047808e+01
2.827783311013475043e+01
5.176011458096446205e+01
4.106439403088059237e+01
3.068444258060987551e+01
5.094002641356949823e+01
3.456036545387085113e+01
3.490294030402579750e+01
2.299742077776466687e+01
6.080151045950123745e+01
4.707478544645530150e+01
6.425429897557300762e+01
5.292634684522490573e+01
3.972303019716341055e+01
4.765135642346000822e+01
6.084408815999421449e+01
4.058749601425879661e+01
3.632537159099191371e+01
3.721266036305288338e+01
4.349090682251350160e+01
2.966928513634382014e+01
3.988343263229083391e+01
6.811373754457032703e+01
6.246354464892013425e+01
4.169851252274614239e+01
4.922540807724117684e+01
4.398545560136263077e+01
3.954567131938606650e+01
5.613737666219184774e+01
4.132124371925765161e+01
3.239535585997001021e+01
4.927205295610963987e+01
4.205444556360006203e+01
3.073935862996286872e+01
3.761966830853589272e+01
