-23810.89
-23864.73
-23853.41
-23931.75
-23840.69
-23887.78
-23900.39
-23939.97
-23882.08
-23846.27
-23828.48
-23833.55
-23843.79
-23907.83
-23883.20
-23911.06
-23904.58
-23880.66
-23928.38
-23923.37
-23863.38
-23934.36
-23903.52
-23827.15
-23879.05
-23890.61
-23915.54
-23947.67
-23835.61
-23943.51
-23812.30
-23776.37
-23806.50
-23804.25
-23842.18
-23832.16
-23781.84
-23857.06
-23878.78
-23846.29
-23902.05
-23895.60
-23815.38
-23902.42
-23801.68
-23855.74
-23915.84
-23846.22
-23839.20
-23823.22
-23913.53
-23808.11
-23921.84
-23846.50
-23829.46
-23839.47
-23825.51
-23815.54
-23832.43
-23841.90
-23856.55
-23829.71
-23846.36
-23835.12
-23855.77
-23936.16
-23887.37
-23863.04
-23781.98
-23862.79
-23858.84
-23797.37
-23862.86
-23837.23
-23862.18
-23907.74
-23811.04
-23913.84
-23783.15
-23775.95
-23824.91
-23954.25
-23772.70
-23718.97
-23820.50
-23821.74
-23722.48
-23782.65
-23798.19
-23765.52
-23807.41
-23704.85
-23782.79
-23767.98
-23724.06
-23806.97
-23760.19
-23833.21
-23779.58
-23814.07
-23862.08
-23767.21
-23795.44
-23762.91
-23813.60
-23735.68
-23807.81
-23823.17
-23744.52
-23797.70
-23736.31
-23742.32
-23734.98
-23802.15
-23787.98
-23820.06
-23750.44
-23825.08
-23785.27
-23743.62
-23747.67
-23714.68
-23771.00
-23778.11
-23790.85
-23758.27
-23755.96
-23798.99
-23785.84
-23849.27
-23751.70
-23813.09
-23770.62
-23786.40
-23785.13
-23817.99
-23779.86
-23799.83
-23831.73
-23738.62
-23724.73
-23771.32
-23727.01
-23759.96
-23761.40
-23829.19
-23745.14
-23736.62
-23766.45
-23773.11
-23755.93
-23734.01
-23766.92
-23751.17
-23788.79
-23790.03
-23751.57
-23749.94
-23780.45
-23752.83
-23786.61
-23729.07
-23838.48
-23790.32
-23720.24
-23718.05
-23757.31
-23737.93
-23715.42
-23789.77
-23757.38
-23758.18
-23808.26
-23783.99
-23812.12
-23743.90
-23843.90
-23761.36
-23765.71
-23748.42
-23756.83
-23747.26
-23805.09
-23829.67
-23801.40
-23792.27
-23830.57
-23744.36
-23784.41
-23759.15
-23821.44
-23747.96
-23809.85
-23773.41
-23769.59
-23813.21
-23718.12
-23792.52
-23770.47
-23770.00
-23869.95
-23754.39
-23743.14
-23770.52
-23731.33
-23758.21
-23771.63
-23782.46
-23814.77
-23808.93
-23784.53
-23721.61
-23763.33
-23744.85
-23770.55
-23775.53
-23814.81
-23778.15
-26238.33
-26336.24
-26321.35
-26265.40
-26264.25
-26228.57
-26279.78
-26242.13
-26273.51
-26274.09
-26247.58
-26368.23
-26247.06
-26218.05
-26295.95
-26282.35
-26228.52
-26206.19
-26249.41
-26311.03
-26214.92
-26313.38
-26275.36
-26294.43
-26207.91
-26273.51
-26267.35
-26244.30
-26250.91
-26253.37
-26239.88
-26297.34
-26222.53
-26259.94
-26299.19
-26310.74
-26333.31
-26331.93
-26310.33
-26240.93
-26316.67
-26314.59
-26300.88
-26277.92
-26276.86
-26286.65
-26325.94
-26299.54
-26259.55
-26262.57
-26257.06
-26229.07
-26208.79
-26307.25
-26274.15
-26272.83
-26277.70
-26280.26
-26226.06
-26299.13
-26315.54
-26273.71
-26271.01
-26267.35
-26267.56
-26203.09
-26199.49
-26333.43
-26307.59
-26233.94
-26245.58
-26234.75
-26323.93
-26215.16
-26302.19
-26255.66
-26208.93
-26330.30
-26273.87
-26212.39
-26254.67
-26294.54
-26252.74
-26285.86
-26261.54
-26287.98
-26250.30
-26187.86
-26280.17
-26287.17
-26220.58
