-17850.54
-17706.57
-17808.45
-17792.01
-17729.99
-17715.86
-17751.10
-17704.57
-17732.90
-17734.02
-17659.25
-17728.04
-17692.02
-17710.38
-17708.48
-17696.58
-17656.18
-17718.57
-17728.27
-17733.73
-17727.47
-17646.96
-17725.18
-17618.47
-17679.47
-17707.14
-17676.45
-17654.92
-17675.21
-17677.44
-17693.23
-17697.73
-17693.58
-17633.86
-17638.84
-17628.88
-17670.37
-17628.00
-17661.99
-17657.01
-17663.32
-17642.70
-17608.36
-17675.19
-17652.93
-17668.43
-17654.25
-17636.81
-17653.82
-17663.26
-17651.99
-17676.48
-17636.28
-17700.98
-17651.59
-17634.66
-17692.27
-17610.48
-17635.23
-17637.46
-17683.50
-17624.77
-17688.69
-17676.33
-17644.40
-17639.81
-17672.31
-17687.39
-17632.45
-17725.21
-17684.12
-17694.34
-17686.30
-17663.18
-17689.94
-17626.85
-17648.03
-17662.18
-17674.58
-17661.56
-17658.97
-17668.07
-17657.02
-17694.62
-17641.31
-17665.80
-17635.18
-17635.11
-17690.80
-17643.02
-17629.47
-17687.76
-17640.31
-17688.40
-17602.55
-17621.09
-17658.21
-17664.52
-17731.30
-17680.03
-17675.70
-17644.70
-17610.71
-17677.77
-17652.93
-17673.17
-17647.93
-17662.94
-17693.81
-17691.81
-17650.28
-17695.97
-17663.60
-17690.90
-17629.38
-17679.16
-17662.77
-17658.46
-17706.87
-17671.22
-17653.48
-17637.66
-17668.56
-17678.96
-17674.22
-17733.27
-17688.57
-17647.75
-17644.40
-17654.04
-17649.77
-17608.23
-17617.76
-17661.69
-17649.85
-17674.43
-17697.07
-17711.97
-17697.81
-17671.88
-17641.73
-17699.60
-17662.91
-17669.28
-17731.58
-17660.61
-17696.89
-17722.83
-17708.10
-17618.87
-17709.59
-17637.91
-17683.99
-17683.15
-17682.99
-17669.80
-17723.36
-17630.12
-17673.39
-17683.49
-17611.84
-17692.51
-17649.27
-17686.82
-17685.91
-17712.78
-17635.06
-17679.76
-17663.19
-17663.63
-17647.86
-17685.54
-17640.64
-17674.31
-17749.48
-17671.11
-17645.31
-17699.54
-17672.65
-17689.24
-17602.43
-17638.67
-17612.95
-17697.66
-17679.90
-17608.66
-17618.39
-17638.57
-17656.51
-17640.26
-17654.35
-17669.77
-17646.47
-17632.82
-17701.88
-17656.01
-17688.38
-17640.15
-17683.54
-17692.10
-17678.75
-17683.60
-17649.05
-17673.86
-17633.04
-17708.26
-17624.32
-17649.22
-17636.93
-17576.31
-17639.70
-17681.10
-17643.16
-17630.26
-17677.64
-17627.28
-17648.83
-17630.32
-26254.79
-26197.94
-26264.90
-26235.03
-26259.71
-26187.40
-26180.39
-26219.82
-26326.41
-26189.52
-26241.98
-26200.79
-26260.61
-26177.03
-26244.60
-26235.02
-26231.47
-26260.40
-26248.21
-26278.71
-26182.64
-26304.67
-26192.23
-26233.83
-26207.65
-26202.32
-26198.64
-26221.95
-26310.32
-26267.96
-26289.48
-26245.44
-26262.22
-26167.67
-26185.23
-26293.64
-26230.29
-26222.95
-26266.95
-26185.87
-26208.49
-26264.83
-26168.96
-26276.71
-26246.47
-26316.42
-26251.11
-26206.21
-26281.40
-26235.69
-26223.12
-26252.94
-26267.86
-26258.41
-26239.85
-26218.74
-26164.60
-26132.26
-26220.21
-26150.50
-26168.96
-26178.74
-26201.01
-26192.82
-26185.15
-26199.07
-26188.13
-26292.11
-26161.77
-26183.94
-26160.12
-26199.23
-26203.89
-26207.94
-26200.87
-26155.36
-26191.79
-26187.96
-26132.69
-26225.04
-26222.17
-26146.99
-26159.82
-26221.15
-26313.83
-26163.32
-26262.43
-26183.02
-26252.41
-26247.45
-26154.41
-26172.44
-26160.97
-26251.78
-26148.71
-26197.32
-26179.69
-26222.92
-26173.04
-26150.13
