-19604.39
-19613.10
-19784.22
-19677.47
-19651.50
-19663.37
-19599.24
-19577.78
-19654.03
-19593.76
-19583.20
-19536.44
-19609.47
-19561.41
-19553.73
-19538.45
-19595.51
-19580.49
-19571.41
-19540.75
-19507.83
-19558.69
-19492.93
-19540.60
-19552.64
-19518.24
-19507.62
-19566.10
-19544.58
-19518.64
-19541.34
-19512.63
-19548.08
-19495.72
-19541.04
-19523.69
-19556.31
-19517.52
-19541.67
-19531.66
-19494.55
-19555.85
-19512.49
-19451.72
-19462.89
-19547.24
-19527.41
-19493.67
-19528.20
-19538.67
-19473.64
-19526.72
-19515.02
-19555.98
-19501.92
-19527.39
-19488.68
-19525.09
-19537.53
-19473.55
-19481.90
-19526.82
-19556.39
-19479.03
-19522.83
-19436.07
-19537.33
-19492.86
-19456.12
-19511.25
-19480.99
-19482.62
-19439.24
-19409.94
-19484.06
-19443.72
-19492.45
-19391.77
-19517.17
-19493.27
-19468.31
-19479.81
-19482.83
-19474.66
-19516.58
-19473.56
-19499.35
-19465.54
-19481.11
-19425.59
-19466.32
-19472.51
-19475.79
-19514.68
-19477.68
-19501.55
-19500.27
-19521.92
-19472.48
-19510.62
-19454.09
-19491.78
-19487.81
-19480.88
-19503.33
-19466.82
-19508.28
-19472.18
-19497.35
-19438.93
-19502.39
-19433.38
-19390.87
-19506.81
-19437.94
-19475.93
-19439.00
-19383.74
-19415.09
-19342.63
-19435.29
-19408.08
-19484.49
-19414.74
-19434.65
-19485.16
-19436.25
-19339.17
-19518.80
-19401.82
-19459.41
-19484.33
-19460.11
-19495.90
-19460.00
-19454.44
-19427.85
-19335.65
-19452.39
-19439.70
-19491.10
-19473.62
-19444.65
-19406.33
-19435.72
-19405.09
-19442.02
-19441.21
-19369.13
-19398.01
-19422.50
-19404.12
-19424.56
-19380.27
-19473.30
-19488.40
-19388.85
-19425.44
-19455.22
-19465.65
-19436.47
-19401.58
-19437.46
-19441.37
-19506.73
-19421.08
-19425.85
-19468.02
-19431.96
-19472.49
-19491.39
-19396.64
-19449.55
-19429.74
-19428.52
-19444.24
-19473.14
-19398.00
-19411.99
-19473.88
-19361.03
-19427.80
-19436.25
-19445.84
-19496.10
-19422.68
-19352.41
-19416.58
-19406.15
-19452.80
-19454.82
-19438.17
-19445.79
-19435.85
-19437.81
-19461.79
-19409.73
-19447.93
-19440.40
-19382.21
-19357.26
-19434.06
-19411.71
-19429.49
-19391.86
-19411.87
-19459.07
-19428.00
-19451.26
-19364.89
-19431.41
-19386.32
-19376.13
-19350.83
-19417.07
-19477.11
-19366.36
-19351.73
-26095.52
-26163.43
-26161.69
-26147.20
-26188.20
-26183.93
-26161.10
-26052.91
-26107.28
-26207.06
-26049.93
-26249.44
-26236.97
-26043.84
-26123.41
-26126.14
-26194.07
-26175.20
-26101.62
-26100.41
-26115.86
-26088.78
-26221.78
-26180.75
-26008.97
-26205.25
-26216.44
-26291.45
-26152.81
-26053.06
-26169.02
-26180.26
-26144.74
-26047.67
-26185.08
-26064.20
-26135.01
-26080.40
-26176.49
-26173.82
-26176.61
-26228.99
-26188.33
-26251.15
-26208.84
-26092.63
-26144.99
-26071.39
-26123.45
-26154.01
-26078.53
-26167.35
-26088.31
-26118.99
-26027.34
-26228.20
-26193.23
-26016.04
-26247.94
-26107.93
-26167.07
-26222.36
-26178.46
-26075.77
-26090.81
-26246.61
-26219.15
-26310.51
-26153.43
-26171.70
-26264.87
-26156.51
-26178.14
-26192.71
-26174.01
-26121.41
-26088.35
-26191.58
-26182.58
-26271.02
-26217.13
-26174.73
-26125.92
-26203.16
-26185.69
-26247.05
-26102.55
-26055.14
-26166.32
-26159.38
-26215.44
-26036.74
-26186.14
-26233.91
-26204.24
-26168.47
-26253.30
-26078.75
-26151.60
