0.00 1.00 -1703.64 -1703.64 839.20 2927.35
1.00 2.00 -1702.92 -1702.92 836.31 2917.23
2.00 2.00 -1702.92 -1705.99 836.31 2917.23
3.00 3.00 -1699.43 -1699.43 822.48 2925.83
4.00 4.00 -1698.50 -1698.50 818.83 2953.33
5.00 5.00 -1700.41 -1700.41 826.32 2949.69
6.00 6.00 -1695.81 -1695.81 808.36 2923.55
7.00 6.00 -1695.81 -1697.32 808.36 2923.55
8.00 6.00 -1695.81 -1698.25 808.36 2923.55
9.00 6.00 -1695.81 -1703.00 808.36 2923.55
10.00 7.00 -1695.18 -1695.18 805.89 2933.84
11.00 7.00 -1695.18 -1699.24 805.89 2933.84
12.00 7.00 -1695.18 -1696.42 805.89 2933.84
13.00 7.00 -1695.18 -1699.75 805.89 2933.84
14.00 7.00 -1695.18 -1700.16 805.89 2933.84
15.00 7.00 -1695.18 -1697.01 805.89 2933.84
16.00 7.00 -1695.18 -1699.34 805.89 2933.84
17.00 8.00 -3392.17 -3392.17 809.40 2926.13
18.00 9.00 -3384.47 -3384.47 794.63 2930.53
19.00 9.00 -3384.47 -3397.79 794.63 2930.53
20.00 9.00 -3384.47 -3400.84 794.63 2930.53
21.00 9.00 -3384.47 -3397.46 794.63 2930.53
22.00 9.00 -3384.47 -3391.77 794.63 2930.53
23.00 9.00 -3384.47 -3391.76 794.63 2930.53
24.00 9.00 -3384.47 -3396.90 794.63 2930.53
25.00 9.00 -3384.47 -3393.45 794.63 2930.53
26.00 9.00 -3384.47 -3389.88 794.63 2930.53
27.00 9.00 -3384.47 -3395.78 794.63 2930.53
28.00 9.00 -3384.47 -3396.34 794.63 2930.53
29.00 9.00 -3384.47 -3397.81 794.63 2930.53
30.00 9.00 -3384.47 -3391.83 794.63 2930.53
31.00 9.00 -3384.47 -3398.07 794.63 2930.53
32.00 9.00 -3384.47 -3398.64 794.63 2930.53
33.00 9.00 -3384.47 -3398.98 794.63 2930.53
34.00 9.00 -3384.47 -3401.71 794.63 2930.53
35.00 9.00 -3384.47 -3399.48 794.63 2930.53
36.00 9.00 -3384.47 -3407.24 794.63 2930.53
37.00 9.00 -3384.47 -3395.09 794.63 2930.53
38.00 9.00 -3384.47 -3400.56 794.63 2930.53
39.00 9.00 -3384.47 -3396.08 794.63 2930.53
40.00 10.00 -3385.28 -3385.28 796.18 2938.71
41.00 10.00 -3385.28 -3390.02 796.18 2938.71
42.00 10.00 -3385.28 -3386.52 796.18 2938.71
43.00 10.00 -3385.28 -3392.67 796.18 2938.71
44.00 11.00 -3379.68 -3379.68 785.58 2935.05
45.00 11.00 -3379.68 -3381.92 785.58 2935.05
46.00 11.00 -3379.68 -3385.27 785.58 2935.05
47.00 11.00 -3379.68 -3393.41 785.58 2935.05
48.00 11.00 -3379.68 -3388.41 785.58 2935.05
