0.00 0.00 -3088.84 -3092.27 1.00 1.00
1.00 0.00 -3088.84 -3095.22 1.00 1.00
2.00 0.00 -3088.84 -3095.59 1.00 1.00
3.00 0.00 -3088.84 -3090.18 1.00 1.00
4.00 0.00 -3088.84 -3096.45 1.00 1.00
5.00 1.00 -3084.94 -3084.94 836.72 2904.87
6.00 2.00 -3079.50 -3079.50 824.80 2929.93
7.00 2.00 -3079.50 -3086.96 824.80 2929.93
8.00 3.00 -3077.14 -3077.14 819.67 2939.64
9.00 4.00 -3076.48 -3076.48 818.24 2925.51
10.00 4.00 -3076.48 -3078.18 818.24 2925.51
11.00 4.00 -3076.48 -3078.01 818.24 2925.51
12.00 5.00 -3070.72 -3070.72 805.89 2941.36
13.00 5.00 -3070.72 -3079.60 805.89 2941.36
14.00 5.00 -3070.72 -3075.66 805.89 2941.36
15.00 5.00 -3070.72 -3074.15 805.89 2941.36
16.00 6.00 -3067.45 -3067.45 798.96 2927.49
17.00 6.00 -3387.70 -3400.74 798.96 2927.49
18.00 6.00 -3387.70 -3402.08 798.96 2927.49
19.00 7.00 -3385.70 -3385.70 796.98 2948.67
20.00 7.00 -3385.70 -3402.44 796.98 2948.67
21.00 8.00 -3384.29 -3384.29 794.29 2936.62
22.00 8.00 -3384.29 -3404.56 794.29 2936.62
23.00 8.00 -3384.29 -3402.00 794.29 2936.62
24.00 8.00 -3384.29 -3387.02 794.29 2936.62
25.00 8.00 -3384.29 -3397.06 794.29 2936.62
26.00 8.00 -3384.29 -3389.66 794.29 2936.62
27.00 8.00 -3384.29 -3390.35 794.29 2936.62
28.00 8.00 -3384.29 -3387.57 794.29 2936.62
29.00 8.00 -3384.29 -3396.99 794.29 2936.62
30.00 8.00 -3384.29 -3392.71 794.29 2936.62
31.00 8.00 -3384.29 -3393.24 794.29 2936.62
32.00 8.00 -3384.29 -3395.08 794.29 2936.62
33.00 8.00 -3384.29 -3393.37 794.29 2936.62
34.00 8.00 -3384.29 -3398.28 794.29 2936.62
35.00 8.00 -3384.29 -3390.59 794.29 2936.62
36.00 8.00 -3384.29 -3389.26 794.29 2936.62
37.00 8.00 -3384.29 -3391.65 794.29 2936.62
38.00 8.00 -3384.29 -3401.83 794.29 2936.62
39.00 8.00 -3384.29 -3400.98 794.29 2936.62
40.00 9.00 -3383.59 -3383.59 792.97 2939.13
41.00 9.00 -3383.59 -3391.59 792.97 2939.13
42.00 9.00 -3383.59 -3390.11 792.97 2939.13
43.00 10.00 -3383.07 -3383.07 791.97 2927.41
44.00 10.00 -3383.07 -3392.92 791.97 2927.41
45.00 11.00 -3382.99 -3382.99 791.83 2924.60
46.00 11.00 -3382.99 -3400.91 791.83 2924.60
47.00 12.00 -3383.00 -3383.00 791.84 2937.04
48.00 12.00 -3383.00 -3395.34 791.84 2937.04
