0.00 1.00 -2530.59 -2530.59 836.48 2924.53
1.00 2.00 -2529.11 -2529.11 832.49 2916.49
2.00 2.00 -2529.11 -2533.90 832.49 2916.49
3.00 3.00 -2530.20 -2530.20 835.43 2932.07
4.00 4.00 -2523.19 -2523.19 816.79 2938.83
5.00 4.00 -2523.19 -2525.38 816.79 2938.83
6.00 4.00 -2523.19 -2526.21 816.79 2938.83
7.00 4.00 -2523.19 -2523.66 816.79 2938.83
8.00 5.00 -2522.54 -2522.54 815.06 2943.11
9.00 6.00 -2521.20 -2521.20 811.55 2937.11
10.00 6.00 -2521.20 -2525.32 811.55 2937.11
11.00 6.00 -2521.20 -2526.51 811.55 2937.11
12.00 7.00 -2513.93 -2513.93 792.79 2934.49
13.00 7.00 -2513.93 -2526.39 792.79 2934.49
14.00 7.00 -2513.93 -2517.27 792.79 2934.49
15.00 7.00 -2513.93 -2516.03 792.79 2934.49
16.00 7.00 -2513.93 -2517.05 792.79 2934.49
17.00 8.00 -3384.19 -3384.19 794.09 2944.31
18.00 8.00 -3384.19 -3392.44 794.09 2944.31
19.00 8.00 -3384.19 -3397.33 794.09 2944.31
20.00 8.00 -3384.19 -3398.62 794.09 2944.31
21.00 8.00 -3384.19 -3404.17 794.09 2944.31
22.00 8.00 -3384.19 -3391.05 794.09 2944.31
23.00 9.00 -3386.85 -3386.85 799.17 2947.30
24.00 9.00 -3386.85 -3399.64 799.17 2947.30
25.00 10.00 -3381.73 -3381.73 789.44 2929.97
26.00 10.00 -3381.73 -3397.46 789.44 2929.97
27.00 10.00 -3381.73 -3398.04 789.44 2929.97
28.00 10.00 -3381.73 -3389.33 789.44 2929.97
29.00 10.00 -3381.73 -3387.66 789.44 2929.97
30.00 10.00 -3381.73 -3391.49 789.44 2929.97
31.00 10.00 -3381.73 -3390.32 789.44 2929.97
32.00 10.00 -3381.73 -3384.61 789.44 2929.97
33.00 10.00 -3381.73 -3385.54 789.44 2929.97
34.00 10.00 -3381.73 -3394.65 789.44 2929.97
35.00 10.00 -3381.73 -3396.44 789.44 2929.97
36.00 10.00 -3381.73 -3390.61 789.44 2929.97
37.00 10.00 -3381.73 -3385.23 789.44 2929.97
38.00 10.00 -3381.73 -3394.79 789.44 2929.97
39.00 10.00 -3381.73 -3394.12 789.44 2929.97
40.00 10.00 -3381.73 -3393.91 789.44 2929.97
41.00 10.00 -3381.73 -3393.98 789.44 2929.97
42.00 11.00 -3373.62 -3373.62 774.28 2940.01
43.00 11.00 -3373.62 -3388.84 774.28 2940.01
44.00 11.00 -3373.62 -3398.68 774.28 2940.01
45.00 11.00 -3373.62 -3384.29 774.28 2940.01
46.00 11.00 -3373.62 -3382.70 774.28 2940.01
47.00 11.00 -3373.62 -3390.58 774.28 2940.01
48.00 11.00 -3373.62 -3386.21 774.28 2940.01
