0.00 0.00 -3414.15 -3419.32 1.00 1.00
1.00 1.00 -3411.30 -3411.30 847.31 2917.51
2.00 2.00 -3412.99 -3412.99 850.74 2908.46
3.00 2.00 -3412.99 -3418.13 850.74 2908.46
4.00 2.00 -3412.99 -3413.27 850.74 2908.46
5.00 2.00 -3412.99 -3418.44 850.74 2908.46
6.00 2.00 -3412.99 -3415.25 850.74 2908.46
7.00 2.00 -3412.99 -3421.06 850.74 2908.46
8.00 2.00 -3412.99 -3417.16 850.74 2908.46
9.00 2.00 -3412.99 -3417.72 850.74 2908.46
10.00 2.00 -3412.99 -3421.30 850.74 2908.46
11.00 2.00 -3412.99 -3418.51 850.74 2908.46
12.00 3.00 -3410.97 -3410.97 846.64 2913.30
13.00 3.00 -3410.97 -3419.77 846.64 2913.30
14.00 3.00 -3410.97 -3419.36 846.64 2913.30
15.00 3.00 -3410.97 -3414.71 846.64 2913.30
16.00 3.00 -3410.97 -3415.32 846.64 2913.30
17.00 4.00 -3416.27 -3416.27 857.45 2914.66
18.00 4.00 -3416.27 -3419.36 857.45 2914.66
19.00 5.00 -3404.18 -3404.18 833.00 2934.69
20.00 6.00 -3405.40 -3405.40 835.43 2938.76
21.00 6.00 -3405.40 -3408.66 835.43 2938.76
22.00 7.00 -3398.93 -3398.93 822.60 2927.92
23.00 8.00 -3395.13 -3395.13 815.17 2940.76
24.00 9.00 -3394.82 -3394.82 814.55 2933.89
25.00 9.00 -3394.82 -3398.56 814.55 2933.89
26.00 9.00 -3394.82 -3407.28 814.55 2933.89
27.00 9.00 -3394.82 -3400.96 814.55 2933.89
28.00 9.00 -3394.82 -3401.71 814.55 2933.89
29.00 9.00 -3394.82 -3400.74 814.55 2933.89
30.00 9.00 -3394.82 -3401.14 814.55 2933.89
31.00 9.00 -3394.82 -3400.98 814.55 2933.89
32.00 9.00 -3394.82 -3401.83 814.55 2933.89
33.00 9.00 -3394.82 -3399.56 814.55 2933.89
34.00 9.00 -3394.82 -3401.30 814.55 2933.89
35.00 9.00 -3394.82 -3404.39 814.55 2933.89
36.00 10.00 -3394.66 -3394.66 814.24 2933.59
37.00 10.00 -3394.66 -3398.16 814.24 2933.59
38.00 10.00 -3394.66 -3399.23 814.24 2933.59
39.00 10.00 -3394.66 -3401.26 814.24 2933.59
40.00 10.00 -3394.66 -3398.79 814.24 2933.59
41.00 10.00 -3394.66 -3403.36 814.24 2933.59
42.00 11.00 -3388.94 -3388.94 803.18 2943.00
43.00 11.00 -3388.94 -3392.83 803.18 2943.00
44.00 11.00 -3388.94 -3391.69 803.18 2943.00
45.00 11.00 -3388.94 -3398.22 803.18 2943.00
46.00 11.00 -3388.94 -3400.16 803.18 2943.00
47.00 12.00 -3379.62 -3379.62 785.47 2934.47
48.00 12.00 -3379.62 -3388.30 785.47 2934.47
