0.00 1.00 -2793.50 -2793.50 835.26 2936.62
1.00 1.00 -2793.50 -2801.47 835.26 2936.62
2.00 1.00 -2793.50 -2801.53 835.26 2936.62
3.00 1.00 -2793.50 -2802.62 835.26 2936.62
4.00 1.00 -2793.50 -2805.04 835.26 2936.62
5.00 1.00 -2793.50 -2802.73 835.26 2936.62
6.00 1.00 -2793.50 -2804.69 835.26 2936.62
7.00 1.00 -2793.50 -2805.36 835.26 2936.62
8.00 1.00 -2793.50 -2800.42 835.26 2936.62
9.00 1.00 -2793.50 -2796.95 835.26 2936.62
10.00 1.00 -2793.50 -2797.88 835.26 2936.62
11.00 1.00 -2793.50 -2795.20 835.26 2936.62
12.00 2.00 -2795.75 -2795.75 840.75 2934.32
13.00 3.00 -2795.47 -2795.47 840.08 2929.11
14.00 4.00 -2791.08 -2791.08 829.39 2928.68
15.00 5.00 -2786.12 -2786.12 817.47 2946.84
16.00 6.00 -2778.12 -2778.12 798.62 2924.94
17.00 6.00 -3385.93 -3396.68 798.62 2924.94
18.00 6.00 -3385.93 -3396.24 798.62 2924.94
19.00 6.00 -3385.93 -3391.36 798.62 2924.94
20.00 6.00 -3385.93 -3393.27 798.62 2924.94
21.00 7.00 -3379.86 -3379.86 785.91 2956.03
22.00 7.00 -3379.86 -3396.99 785.91 2956.03
23.00 7.00 -3379.86 -3399.63 785.91 2956.03
24.00 7.00 -3379.86 -3398.18 785.91 2956.03
25.00 7.00 -3379.86 -3398.20 785.91 2956.03
26.00 7.00 -3379.86 -3381.56 785.91 2956.03
27.00 7.00 -3379.86 -3384.99 785.91 2956.03
28.00 7.00 -3379.86 -3382.92 785.91 2956.03
29.00 7.00 -3379.86 -3397.96 785.91 2956.03
30.00 7.00 -3379.86 -3384.43 785.91 2956.03
31.00 7.00 -3379.86 -3384.40 785.91 2956.03
32.00 7.00 -3379.86 -3390.74 785.91 2956.03
33.00 7.00 -3379.86 -3392.34 785.91 2956.03
34.00 7.00 -3379.86 -3391.32 785.91 2956.03
35.00 7.00 -3379.86 -3399.84 785.91 2956.03
36.00 7.00 -3379.86 -3392.31 785.91 2956.03
37.00 7.00 -3379.86 -3400.48 785.91 2956.03
38.00 7.00 -3379.86 -3394.01 785.91 2956.03
39.00 7.00 -3379.86 -3386.33 785.91 2956.03
40.00 7.00 -3379.86 -3391.34 785.91 2956.03
41.00 7.00 -3379.86 -3387.60 785.91 2956.03
42.00 7.00 -3379.86 -3388.07 785.91 2956.03
43.00 7.00 -3379.86 -3386.88 785.91 2956.03
44.00 7.00 -3379.86 -3392.16 785.91 2956.03
45.00 7.00 -3379.86 -3394.49 785.91 2956.03
46.00 7.00 -3379.86 -3389.27 785.91 2956.03
47.00 7.00 -3379.86 -3388.68 785.91 2956.03
48.00 7.00 -3379.86 -3390.05 785.91 2956.03
