0.00 1.00 -1882.06 -1882.06 843.16 2925.55
1.00 2.00 -1880.45 -1880.45 837.29 2936.89
2.00 2.00 -1880.45 -1883.82 837.29 2936.89
3.00 3.00 -1880.29 -1880.29 836.73 2918.57
4.00 4.00 -1878.21 -1878.21 829.21 2910.86
5.00 5.00 -1877.16 -1877.16 825.45 2921.90
6.00 5.00 -1877.16 -1879.68 825.45 2921.90
7.00 6.00 -1873.64 -1873.64 812.94 2918.81
8.00 6.00 -1873.64 -1879.02 812.94 2918.81
9.00 6.00 -1873.64 -1878.88 812.94 2918.81
10.00 6.00 -1873.64 -1876.88 812.94 2918.81
11.00 6.00 -1873.64 -1876.49 812.94 2918.81
12.00 6.00 -1873.64 -1881.42 812.94 2918.81
13.00 6.00 -1873.64 -1879.83 812.94 2918.81
14.00 6.00 -1873.64 -1875.47 812.94 2918.81
15.00 6.00 -1873.64 -1883.79 812.94 2918.81
16.00 6.00 -1873.64 -1882.88 812.94 2918.81
17.00 7.00 -3394.61 -3394.61 814.14 2908.62
18.00 7.00 -3394.61 -3409.03 814.14 2908.62
19.00 7.00 -3394.61 -3398.88 814.14 2908.62
20.00 7.00 -3394.61 -3394.90 814.14 2908.62
21.00 7.00 -3394.61 -3412.71 814.14 2908.62
22.00 7.00 -3394.61 -3404.62 814.14 2908.62
23.00 7.00 -3394.61 -3407.56 814.14 2908.62
24.00 7.00 -3394.61 -3408.05 814.14 2908.62
25.00 7.00 -3394.61 -3408.02 814.14 2908.62
26.00 7.00 -3394.61 -3409.57 814.14 2908.62
27.00 7.00 -3394.61 -3397.80 814.14 2908.62
28.00 7.00 -3394.61 -3411.49 814.14 2908.62
29.00 8.00 -3388.78 -3388.78 802.87 2921.85
30.00 8.00 -3388.78 -3402.66 802.87 2921.85
31.00 8.00 -3388.78 -3400.52 802.87 2921.85
32.00 8.00 -3388.78 -3403.30 802.87 2921.85
33.00 9.00 -3384.42 -3384.42 794.53 2918.81
34.00 9.00 -3384.42 -3396.60 794.53 2918.81
35.00 9.00 -3384.42 -3404.61 794.53 2918.81
36.00 9.00 -3384.42 -3394.52 794.53 2918.81
37.00 9.00 -3384.42 -3387.78 794.53 2918.81
38.00 9.00 -3384.42 -3392.60 794.53 2918.81
39.00 9.00 -3384.42 -3401.32 794.53 2918.81
40.00 10.00 -3381.23 -3381.23 788.50 2929.90
41.00 11.00 -3368.22 -3368.22 764.34 2923.92
42.00 11.00 -3368.22 -3380.61 764.34 2923.92
43.00 11.00 -3368.22 -3383.51 764.34 2923.92
44.00 11.00 -3368.22 -3386.64 764.34 2923.92
45.00 11.00 -3368.22 -3393.19 764.34 2923.92
46.00 11.00 -3368.22 -3380.89 764.34 2923.92
47.00 11.00 -3368.22 -3397.09 764.34 2923.92
48.00 11.00 -3368.22 -3377.12 764.34 2923.92
