0.00 1.00 -2081.74 -2081.74 855.78 2926.20
1.00 1.00 -2081.74 -2084.59 855.78 2926.20
2.00 2.00 -2081.83 -2081.83 856.06 2907.93
3.00 3.00 -2080.03 -2080.03 850.05 2913.50
4.00 4.00 -2071.55 -2071.55 822.22 2951.51
5.00 4.00 -2071.55 -2074.61 822.22 2951.51
6.00 4.00 -2071.55 -2083.33 822.22 2951.51
7.00 5.00 -2071.28 -2071.28 821.34 2911.14
8.00 6.00 -2072.40 -2072.40 824.95 2934.82
9.00 7.00 -2072.17 -2072.17 824.22 2945.62
10.00 8.00 -2064.53 -2064.53 799.85 2929.25
11.00 8.00 -2064.53 -2069.41 799.85 2929.25
12.00 8.00 -2064.53 -2071.24 799.85 2929.25
13.00 8.00 -2064.53 -2071.66 799.85 2929.25
14.00 8.00 -2064.53 -2072.78 799.85 2929.25
15.00 8.00 -2064.53 -2068.53 799.85 2929.25
16.00 8.00 -2064.53 -2071.15 799.85 2929.25
17.00 9.00 -3388.99 -3388.99 803.27 2940.26
18.00 9.00 -3388.99 -3392.69 803.27 2940.26
19.00 9.00 -3388.99 -3395.64 803.27 2940.26
20.00 9.00 -3388.99 -3396.77 803.27 2940.26
21.00 10.00 -3387.47 -3387.47 800.36 2937.63
22.00 11.00 -3385.22 -3385.22 796.07 2929.52
23.00 12.00 -3384.71 -3384.71 795.09 2945.36
24.00 12.00 -3384.71 -3401.68 795.09 2945.36
25.00 13.00 -3384.37 -3384.37 794.44 2949.56
26.00 13.00 -3384.37 -3396.52 794.44 2949.56
27.00 13.00 -3384.37 -3395.90 794.44 2949.56
28.00 13.00 -3384.37 -3389.12 794.44 2949.56
29.00 13.00 -3384.37 -3398.17 794.44 2949.56
30.00 14.00 -3382.98 -3382.98 791.80 2941.00
31.00 14.00 -3382.98 -3398.25 791.80 2941.00
32.00 14.00 -3382.98 -3395.41 791.80 2941.00
33.00 14.00 -3382.98 -3392.08 791.80 2941.00
34.00 14.00 -3382.98 -3394.14 791.80 2941.00
35.00 14.00 -3382.98 -3391.16 791.80 2941.00
36.00 14.00 -3382.98 -3400.22 791.80 2941.00
37.00 15.00 -3377.10 -3377.10 780.74 2940.74
38.00 15.00 -3377.10 -3399.35 780.74 2940.74
39.00 15.00 -3377.10 -3396.84 780.74 2940.74
40.00 15.00 -3377.10 -3385.53 780.74 2940.74
41.00 15.00 -3377.10 -3395.96 780.74 2940.74
42.00 15.00 -3377.10 -3397.61 780.74 2940.74
43.00 15.00 -3377.10 -3398.10 780.74 2940.74
44.00 15.00 -3377.10 -3400.05 780.74 2940.74
45.00 15.00 -3377.10 -3393.21 780.74 2940.74
46.00 15.00 -3377.10 -3379.35 780.74 2940.74
47.00 15.00 -3377.10 -3391.23 780.74 2940.74
48.00 15.00 -3377.10 -3386.36 780.74 2940.74
