0.00 1.00 -2293.42 -2293.42 840.65 2938.98
1.00 2.00 -2292.32 -2292.32 837.37 2928.90
2.00 3.00 -2294.88 -2294.88 845.05 2935.46
3.00 3.00 -2294.88 -2301.43 845.05 2935.46
4.00 3.00 -2294.88 -2297.44 845.05 2935.46
5.00 4.00 -2293.73 -2293.73 841.59 2946.87
6.00 4.00 -2293.73 -2298.70 841.59 2946.87
7.00 4.00 -2293.73 -2299.48 841.59 2946.87
8.00 4.00 -2293.73 -2295.74 841.59 2946.87
9.00 5.00 -2290.55 -2290.55 832.12 2922.12
10.00 5.00 -2290.55 -2292.88 832.12 2922.12
11.00 5.00 -2290.55 -2296.29 832.12 2922.12
12.00 5.00 -2290.55 -2296.32 832.12 2922.12
13.00 5.00 -2290.55 -2295.78 832.12 2922.12
14.00 6.00 -2289.97 -2289.97 830.41 2934.71
15.00 6.00 -2289.97 -2292.55 830.41 2934.71
16.00 6.00 -2289.97 -2292.74 830.41 2934.71
17.00 6.00 -3404.64 -3408.75 830.41 2934.71
18.00 7.00 -3401.50 -3401.50 827.67 2903.56
19.00 7.00 -3401.50 -3402.78 827.67 2903.56
20.00 8.00 -3399.92 -3399.92 824.54 2940.94
21.00 9.00 -3398.66 -3398.66 822.07 2914.36
22.00 10.00 -3400.26 -3400.26 825.23 2937.87
23.00 11.00 -3387.47 -3387.47 800.35 2924.37
24.00 11.00 -3387.47 -3397.90 800.35 2924.37
25.00 11.00 -3387.47 -3399.27 800.35 2924.37
26.00 11.00 -3387.47 -3389.22 800.35 2924.37
27.00 11.00 -3387.47 -3395.56 800.35 2924.37
28.00 11.00 -3387.47 -3405.61 800.35 2924.37
29.00 11.00 -3387.47 -3400.01 800.35 2924.37
30.00 11.00 -3387.47 -3401.58 800.35 2924.37
31.00 11.00 -3387.47 -3395.35 800.35 2924.37
32.00 11.00 -3387.47 -3396.46 800.35 2924.37
33.00 11.00 -3387.47 -3406.44 800.35 2924.37
34.00 11.00 -3387.47 -3393.00 800.35 2924.37
35.00 11.00 -3387.47 -3394.60 800.35 2924.37
36.00 11.00 -3387.47 -3401.57 800.35 2924.37
37.00 11.00 -3387.47 -3391.75 800.35 2924.37
38.00 11.00 -3387.47 -3398.69 800.35 2924.37
39.00 11.00 -3387.47 -3392.11 800.35 2924.37
40.00 11.00 -3387.47 -3395.00 800.35 2924.37
41.00 11.00 -3387.47 -3398.64 800.35 2924.37
42.00 11.00 -3387.47 -3405.26 800.35 2924.37
43.00 11.00 -3387.47 -3397.72 800.35 2924.37
44.00 11.00 -3387.47 -3392.66 800.35 2924.37
45.00 11.00 -3387.47 -3404.77 800.35 2924.37
46.00 11.00 -3387.47 -3401.12 800.35 2924.37
47.00 11.00 -3387.47 -3390.65 800.35 2924.37
48.00 11.00 -3387.47 -3395.28 800.35 2924.37
