118.40
118.40
118.40
118.40
118.40
118.40
118.40
118.40
118.40
118.40
118.40
118.40
118.40
118.40
118.40
118.40
118.40
118.40
118.40
118.40
118.40
118.40
118.40
118.40
118.40
118.40
118.40
118.40
118.40
118.40
118.40
118.40
118.40
118.40
118.40
118.40
118.40
118.40
118.40
118.40
118.40
118.40
118.40
118.40
118.40
116.71
116.71
116.71
116.71
116.71
116.71
116.71
116.71
116.71
116.71
116.71
116.71
116.71
116.71
116.71
116.71
116.71
116.71
116.71
116.71
116.71
116.71
116.71
116.71
116.71
116.71
116.71
116.71
116.71
116.71
116.71
116.71
116.71
116.71
116.71
116.71
116.71
116.71
116.71
116.71
116.71
116.71
116.71
116.71
116.71
116.71
116.71
116.71
116.71
116.71
116.71
116.71
116.71
116.71
116.71
116.71
116.71
116.71
116.71
116.71
116.71
116.71
116.71
116.71
116.71
116.71
116.71
116.71
116.71
116.71
116.71
116.71
116.71
116.71
116.71
116.71
116.71
116.71
116.71
