119.52
119.52
119.52
119.52
119.52
119.52
119.52
119.52
119.52
119.52
119.52
119.52
119.32
119.32
119.32
119.32
119.32
119.32
119.32
119.32
119.32
119.32
119.32
119.32
118.03
118.03
118.03
118.03
118.03
118.03
118.03
118.03
118.03
118.03
118.03
118.03
118.03
118.03
118.03
118.03
118.03
118.03
118.03
118.03
118.03
118.03
118.03
118.03
118.03
118.03
118.03
118.03
118.03
118.03
118.03
118.03
118.03
118.03
118.03
118.03
118.03
118.03
118.03
118.03
118.03
118.03
118.03
118.03
118.03
118.03
118.03
118.03
118.03
118.03
118.03
118.03
118.03
118.03
118.03
118.03
118.03
118.03
118.03
118.03
118.03
118.03
118.03
118.03
118.03
118.03
118.03
118.03
118.03
118.03
118.03
118.03
118.03
118.03
118.03
118.03
118.03
118.03
118.03
118.03
118.03
118.03
118.03
118.03
118.03
118.03
118.05
118.05
118.05
118.05
118.05
118.05
118.05
118.05
118.05
118.05
118.05
118.05
118.05
118.05
