120.66
119.02
119.02
119.02
119.02
119.02
119.02
118.60
118.60
118.60
118.60
118.60
118.60
118.60
118.60
118.60
118.60
118.60
118.95
118.95
118.95
118.95
118.95
118.95
118.95
118.95
118.95
118.95
118.95
118.95
118.95
118.95
118.95
118.95
118.95
118.95
118.95
118.95
118.95
118.95
118.74
118.74
118.74
118.74
118.74
118.74
118.74
118.74
118.74
118.74
118.74
118.74
118.74
118.74
118.74
118.74
118.74
118.74
118.74
118.74
118.74
118.74
118.74
118.74
118.74
118.74
117.99
117.99
117.99
117.99
117.99
117.99
117.99
117.99
117.99
117.99
117.99
117.99
117.99
117.99
117.99
117.99
117.99
117.99
117.99
117.99
117.99
117.99
117.99
117.99
117.99
117.99
117.99
117.99
117.99
117.99
117.99
117.99
117.99
117.99
117.99
117.99
117.99
117.99
117.99
117.99
117.99
117.99
117.99
117.99
117.99
117.99
117.99
117.99
117.99
117.99
117.99
117.99
117.99
117.99
117.99
117.99
117.99
117.99
