0.00
120.56
118.99
118.99
118.99
118.77
118.77
118.77
118.77
118.77
118.77
118.77
118.77
118.77
118.77
118.77
118.77
118.77
118.77
118.77
118.77
118.77
118.77
118.77
118.77
118.77
118.77
118.82
118.82
118.82
118.82
118.82
118.82
118.82
118.82
118.37
118.37
118.37
118.37
118.37
118.37
118.37
118.37
118.37
118.37
118.37
118.37
118.37
118.37
118.37
118.37
118.37
118.37
118.37
118.37
118.37
118.37
118.37
118.37
118.37
118.37
118.37
118.37
118.37
118.37
118.37
118.37
118.37
118.37
118.37
118.37
117.04
117.04
117.04
117.04
117.04
117.04
117.04
117.04
117.04
117.04
117.04
117.04
117.04
117.04
117.04
117.04
117.04
117.04
117.04
117.04
117.04
117.04
117.04
117.04
117.04
117.04
117.04
117.04
117.04
117.04
117.04
117.04
117.04
117.04
117.04
117.04
117.04
117.04
117.04
117.04
117.04
117.04
117.04
117.04
117.04
117.04
117.04
117.04
117.04
117.04
117.04
117.04
117.04
