0.00
0.00
0.00
0.00
0.00
0.00
118.09
118.09
118.09
118.09
118.09
118.09
118.09
118.09
118.09
118.09
118.09
118.09
118.09
118.09
118.09
118.09
118.09
118.09
118.09
118.09
118.09
118.09
118.09
118.09
118.09
118.09
118.09
118.09
118.09
118.09
118.09
118.09
118.09
118.09
118.09
118.09
118.09
118.09
118.09
117.64
117.64
117.64
117.64
117.64
117.64
117.64
117.64
117.64
117.64
117.64
117.64
117.64
117.64
117.64
117.64
117.64
117.64
117.64
117.64
117.64
117.64
117.64
117.64
117.64
117.64
117.64
117.64
117.64
117.64
117.64
117.64
117.64
117.64
117.64
117.64
117.64
117.64
117.64
117.64
117.64
117.64
117.64
117.64
117.64
117.64
117.64
117.64
117.64
117.64
117.64
117.64
117.64
117.64
117.64
117.64
117.64
117.64
117.64
117.85
117.85
117.85
117.85
117.85
117.85
117.85
117.85
117.85
117.85
117.85
117.85
117.85
117.85
117.85
117.85
117.85
117.85
117.85
117.85
