0.00
118.62
118.62
118.62
118.62
118.37
118.37
118.37
118.37
118.37
118.37
118.37
118.37
118.37
118.37
118.37
118.37
118.37
118.37
118.37
118.37
118.37
118.37
118.37
118.37
118.37
118.37
118.37
118.37
118.37
118.37
118.37
118.37
118.37
118.37
118.37
118.37
118.37
118.37
118.37
118.37
118.37
118.37
118.37
118.37
118.37
118.37
118.37
118.37
118.37
118.37
118.37
118.37
118.37
118.37
118.37
118.37
118.37
118.37
118.37
118.37
118.37
118.37
116.43
116.43
116.43
116.43
116.43
116.43
116.43
116.43
116.43
116.43
116.43
116.43
116.43
116.43
116.43
116.43
116.43
116.43
116.43
116.43
116.43
116.43
116.43
116.43
116.43
116.43
116.43
116.43
116.43
116.43
116.43
116.43
116.43
116.43
116.43
116.43
116.43
116.43
116.43
116.43
116.43
116.43
116.43
116.43
116.43
116.43
116.43
116.43
116.43
116.43
116.43
116.43
116.43
116.43
116.43
116.43
116.43
116.43
116.43
116.43
116.43
