0.00
120.05
120.05
119.47
119.47
119.47
118.88
118.88
118.88
118.88
118.88
118.88
118.88
118.88
118.88
118.88
118.88
118.88
118.88
118.88
118.88
118.88
118.88
118.88
118.88
118.88
118.88
118.88
118.88
118.88
118.88
118.88
116.87
116.87
116.87
116.87
116.87
116.87
116.87
116.87
116.87
116.87
116.87
116.87
116.87
116.87
116.87
116.87
116.87
116.87
116.87
116.87
116.87
116.87
116.87
116.87
116.87
116.87
116.87
116.87
116.87
116.87
116.87
116.87
116.87
116.87
116.87
116.87
116.87
116.87
116.87
116.87
116.87
116.87
116.87
116.87
116.87
116.87
116.87
116.87
116.87
116.87
116.87
116.87
116.87
116.87
116.87
116.87
116.87
116.87
116.87
116.87
116.87
116.87
116.87
116.87
116.87
116.87
116.87
116.87
116.87
116.87
116.87
116.87
116.87
116.87
116.87
116.87
116.87
116.87
116.87
116.87
116.87
116.87
116.87
116.87
116.87
116.87
116.87
116.87
116.87
116.87
116.87
116.87
