119.53
119.58
119.58
119.58
119.58
118.71
118.71
118.71
118.71
118.71
118.71
118.71
118.71
118.71
118.71
118.71
118.71
118.71
118.71
118.71
118.71
118.71
118.71
118.71
118.71
118.71
118.71
118.71
118.71
117.14
117.14
117.14
117.14
117.14
117.14
117.14
117.14
117.14
117.14
117.14
117.14
117.14
117.14
117.14
117.14
117.14
117.14
117.14
117.14
117.14
117.14
117.14
117.14
117.14
117.14
117.14
117.14
117.14
117.14
117.14
117.14
117.14
117.14
117.14
117.14
117.14
117.14
117.14
117.14
117.14
117.14
117.14
117.14
117.14
117.14
117.14
117.14
117.14
117.14
117.14
117.14
117.14
117.14
117.14
117.14
117.14
117.14
117.14
117.14
117.14
117.14
117.14
117.14
117.14
117.14
117.14
117.14
117.14
117.14
117.14
117.14
117.14
117.14
117.14
117.14
117.14
117.14
117.14
117.14
117.14
117.14
117.14
117.14
117.14
117.14
117.14
117.14
117.14
117.14
117.14
117.14
117.14
117.14
117.14
