0.00 1.00 -11280.09 -11280.09 0.00 0.00
1.00 2.00 -11276.87 -11276.87 0.00 0.00
2.00 3.00 -11261.41 -11261.41 0.00 0.00
3.00 3.00 -11261.41 -11279.06 0.00 0.00
4.00 4.00 -11259.67 -11259.67 0.00 0.00
5.00 4.00 -11259.67 -11280.30 0.00 0.00
6.00 4.00 -11259.67 -11270.29 0.00 0.00
7.00 4.00 -11259.67 -11263.37 0.00 0.00
8.00 4.00 -11259.67 -11266.76 0.00 0.00
9.00 4.00 -11259.67 -11266.83 0.00 0.00
10.00 5.00 -11256.90 -11256.90 0.00 0.00
11.00 5.00 -11256.90 -11258.50 0.00 0.00
12.00 5.00 -11256.90 -11270.59 0.00 0.00
13.00 6.00 -11255.88 -11255.88 0.00 0.00
14.00 7.00 -11248.49 -11248.49 0.00 0.00
15.00 8.00 -11248.34 -11248.34 0.00 0.00
16.00 8.00 -11248.34 -11260.32 0.00 0.00
17.00 9.00 -15142.34 -15142.34 0.00 0.00
18.00 9.00 -15142.34 -15151.07 0.00 0.00
19.00 10.00 -15143.40 -15143.40 0.00 0.00
20.00 11.00 -15135.25 -15135.25 0.00 0.00
21.00 11.00 -15135.25 -15144.63 0.00 0.00
22.00 11.00 -15135.25 -15137.79 0.00 0.00
23.00 11.00 -15135.25 -15143.73 0.00 0.00
24.00 11.00 -15135.25 -15143.09 0.00 0.00
25.00 11.00 -15135.25 -15146.27 0.00 0.00
26.00 12.00 -15131.96 -15131.96 0.00 0.00
27.00 12.00 -15131.96 -15152.34 0.00 0.00
28.00 13.00 -15130.55 -15130.55 0.00 0.00
29.00 13.00 -15130.55 -15137.43 0.00 0.00
30.00 13.00 -15130.55 -15140.04 0.00 0.00
31.00 14.00 -15117.87 -15117.87 0.00 0.00
32.00 14.00 -15117.87 -15124.87 0.00 0.00
33.00 14.00 -15117.87 -15129.52 0.00 0.00
34.00 15.00 -15114.53 -15114.53 0.00 0.00
35.00 15.00 -15114.53 -15128.14 0.00 0.00
36.00 15.00 -15114.53 -15123.01 0.00 0.00
37.00 15.00 -15114.53 -15130.63 0.00 0.00
38.00 16.00 -15105.75 -15105.75 0.00 0.00
39.00 16.00 -15105.75 -15110.88 0.00 0.00
40.00 16.00 -15105.75 -15115.34 0.00 0.00
41.00 16.00 -15105.75 -15113.46 0.00 0.00
42.00 17.00 -15105.54 -15105.54 0.00 0.00
43.00 17.00 -15105.54 -15111.79 0.00 0.00
44.00 18.00 -15108.02 -15108.02 0.00 0.00
45.00 18.00 -15108.02 -15122.87 0.00 0.00
46.00 18.00 -15108.02 -15130.06 0.00 0.00
47.00 18.00 -15108.02 -15123.32 0.00 0.00
48.00 18.00 -15108.02 -15122.82 0.00 0.00
