0.00 0.00 -9248.89 -9258.61 0.00 0.00
1.00 0.00 -9248.89 -9256.51 0.00 0.00
2.00 0.00 -9248.89 -9252.93 0.00 0.00
3.00 0.00 -9248.89 -9255.72 0.00 0.00
4.00 0.00 -9248.89 -9259.05 0.00 0.00
5.00 0.00 -9248.89 -9250.34 0.00 0.00
6.00 0.00 -9248.89 -9255.52 0.00 0.00
7.00 0.00 -9248.89 -9251.41 0.00 0.00
8.00 0.00 -9248.89 -9256.81 0.00 0.00
9.00 0.00 -9248.89 -9251.72 0.00 0.00
10.00 0.00 -9248.89 -9250.68 0.00 0.00
11.00 1.00 -9249.29 -9249.29 0.00 0.00
12.00 2.00 -9245.66 -9245.66 0.00 0.00
13.00 2.00 -9245.66 -9249.68 0.00 0.00
14.00 2.00 -9245.66 -9248.22 0.00 0.00
15.00 2.00 -9245.66 -9252.52 0.00 0.00
16.00 3.00 -9246.40 -9246.40 0.00 0.00
17.00 4.00 -15168.79 -15168.79 0.00 0.00
18.00 4.00 -15168.79 -15171.55 0.00 0.00
19.00 5.00 -15166.47 -15166.47 0.00 0.00
20.00 6.00 -15161.19 -15161.19 0.00 0.00
21.00 6.00 -15161.19 -15186.78 0.00 0.00
22.00 7.00 -15161.45 -15161.45 0.00 0.00
23.00 7.00 -15161.45 -15166.40 0.00 0.00
24.00 7.00 -15161.45 -15176.80 0.00 0.00
25.00 7.00 -15161.45 -15176.64 0.00 0.00
26.00 8.00 -15164.01 -15164.01 0.00 0.00
27.00 9.00 -15163.72 -15163.72 0.00 0.00
28.00 9.00 -15163.72 -15180.16 0.00 0.00
29.00 9.00 -15163.72 -15166.91 0.00 0.00
30.00 10.00 -15160.15 -15160.15 0.00 0.00
31.00 10.00 -15160.15 -15171.14 0.00 0.00
32.00 10.00 -15160.15 -15165.81 0.00 0.00
33.00 10.00 -15160.15 -15163.60 0.00 0.00
34.00 11.00 -15152.93 -15152.93 0.00 0.00
35.00 11.00 -15152.93 -15155.74 0.00 0.00
36.00 11.00 -15152.93 -15154.10 0.00 0.00
37.00 11.00 -15152.93 -15156.85 0.00 0.00
38.00 12.00 -15145.50 -15145.50 0.00 0.00
39.00 12.00 -15145.50 -15161.91 0.00 0.00
40.00 12.00 -15145.50 -15163.79 0.00 0.00
41.00 12.00 -15145.50 -15157.65 0.00 0.00
42.00 12.00 -15145.50 -15151.84 0.00 0.00
43.00 12.00 -15145.50 -15159.60 0.00 0.00
44.00 12.00 -15145.50 -15148.20 0.00 0.00
45.00 13.00 -15141.24 -15141.24 0.00 0.00
46.00 14.00 -15140.81 -15140.81 0.00 0.00
47.00 14.00 -15140.81 -15146.96 0.00 0.00
48.00 15.00 -15141.28 -15141.28 0.00 0.00
