0.00 0.00 -15183.29 -15186.51 0.00 0.00
1.00 1.00 -15181.52 -15181.52 0.00 0.00
2.00 1.00 -15181.52 -15198.52 0.00 0.00
3.00 1.00 -15181.52 -15205.63 0.00 0.00
4.00 2.00 -15176.76 -15176.76 0.00 0.00
5.00 3.00 -15154.13 -15154.13 0.00 0.00
6.00 3.00 -15154.13 -15171.21 0.00 0.00
7.00 3.00 -15154.13 -15160.91 0.00 0.00
8.00 3.00 -15154.13 -15207.09 0.00 0.00
9.00 3.00 -15154.13 -15179.85 0.00 0.00
10.00 3.00 -15154.13 -15184.39 0.00 0.00
11.00 3.00 -15154.13 -15168.75 0.00 0.00
12.00 3.00 -15154.13 -15172.78 0.00 0.00
13.00 3.00 -15154.13 -15178.78 0.00 0.00
14.00 3.00 -15154.13 -15166.66 0.00 0.00
15.00 3.00 -15154.13 -15192.65 0.00 0.00
16.00 3.00 -15154.13 -15175.44 0.00 0.00
17.00 4.00 -15174.84 -15174.84 0.00 0.00
18.00 5.00 -15164.73 -15164.73 0.00 0.00
19.00 5.00 -15164.73 -15188.46 0.00 0.00
20.00 5.00 -15164.73 -15185.68 0.00 0.00
21.00 6.00 -15158.75 -15158.75 0.00 0.00
22.00 7.00 -15157.64 -15157.64 0.00 0.00
23.00 7.00 -15157.64 -15164.27 0.00 0.00
24.00 7.00 -15157.64 -15164.48 0.00 0.00
25.00 7.00 -15157.64 -15168.02 0.00 0.00
26.00 7.00 -15157.64 -15166.82 0.00 0.00
27.00 7.00 -15157.64 -15167.32 0.00 0.00
28.00 7.00 -15157.64 -15157.93 0.00 0.00
29.00 7.00 -15157.64 -15180.99 0.00 0.00
30.00 7.00 -15157.64 -15170.85 0.00 0.00
31.00 7.00 -15157.64 -15158.82 0.00 0.00
32.00 8.00 -15152.87 -15152.87 0.00 0.00
33.00 8.00 -15152.87 -15163.99 0.00 0.00
34.00 8.00 -15152.87 -15164.26 0.00 0.00
35.00 9.00 -15148.66 -15148.66 0.00 0.00
36.00 10.00 -15148.53 -15148.53 0.00 0.00
37.00 10.00 -15148.53 -15167.67 0.00 0.00
38.00 11.00 -15147.88 -15147.88 0.00 0.00
39.00 11.00 -15147.88 -15163.03 0.00 0.00
40.00 11.00 -15147.88 -15154.63 0.00 0.00
41.00 11.00 -15147.88 -15153.79 0.00 0.00
42.00 11.00 -15147.88 -15149.24 0.00 0.00
43.00 12.00 -15149.39 -15149.39 0.00 0.00
44.00 12.00 -15149.39 -15154.58 0.00 0.00
45.00 12.00 -15149.39 -15156.54 0.00 0.00
46.00 13.00 -15144.23 -15144.23 0.00 0.00
47.00 13.00 -15144.23 -15149.58 0.00 0.00
48.00 13.00 -15144.23 -15147.69 0.00 0.00
