0.00 1.00 -13752.95 -13752.95 0.00 0.00
1.00 1.00 -13752.95 -13759.25 0.00 0.00
2.00 2.00 -13744.93 -13744.93 0.00 0.00
3.00 3.00 -13739.23 -13739.23 0.00 0.00
4.00 3.00 -13739.23 -13745.81 0.00 0.00
5.00 3.00 -13739.23 -13766.94 0.00 0.00
6.00 3.00 -13739.23 -13749.87 0.00 0.00
7.00 3.00 -13739.23 -13752.75 0.00 0.00
8.00 3.00 -13739.23 -13742.76 0.00 0.00
9.00 3.00 -13739.23 -13751.86 0.00 0.00
10.00 3.00 -13739.23 -13751.83 0.00 0.00
11.00 3.00 -13739.23 -13750.36 0.00 0.00
12.00 3.00 -13739.23 -13760.76 0.00 0.00
13.00 4.00 -13739.92 -13739.92 0.00 0.00
14.00 4.00 -13739.92 -13754.42 0.00 0.00
15.00 4.00 -13739.92 -13763.42 0.00 0.00
16.00 5.00 -13739.61 -13739.61 0.00 0.00
17.00 5.00 -15169.76 -15173.11 0.00 0.00
18.00 6.00 -15168.25 -15168.25 0.00 0.00
19.00 6.00 -15168.25 -15170.19 0.00 0.00
20.00 6.00 -15168.25 -15182.21 0.00 0.00
21.00 7.00 -15162.51 -15162.51 0.00 0.00
22.00 8.00 -15152.47 -15152.47 0.00 0.00
23.00 9.00 -15151.17 -15151.17 0.00 0.00
24.00 9.00 -15151.17 -15156.48 0.00 0.00
25.00 9.00 -15151.17 -15164.02 0.00 0.00
26.00 9.00 -15151.17 -15165.83 0.00 0.00
27.00 9.00 -15151.17 -15156.45 0.00 0.00
28.00 10.00 -15150.47 -15150.47 0.00 0.00
29.00 11.00 -15143.82 -15143.82 0.00 0.00
30.00 11.00 -15143.82 -15148.49 0.00 0.00
31.00 11.00 -15143.82 -15151.76 0.00 0.00
32.00 11.00 -15143.82 -15165.69 0.00 0.00
33.00 11.00 -15143.82 -15152.36 0.00 0.00
34.00 11.00 -15143.82 -15145.11 0.00 0.00
35.00 12.00 -15141.74 -15141.74 0.00 0.00
36.00 12.00 -15141.74 -15176.95 0.00 0.00
37.00 12.00 -15141.74 -15166.19 0.00 0.00
38.00 12.00 -15141.74 -15155.78 0.00 0.00
39.00 12.00 -15141.74 -15168.41 0.00 0.00
40.00 12.00 -15141.74 -15167.81 0.00 0.00
41.00 12.00 -15141.74 -15154.96 0.00 0.00
42.00 12.00 -15141.74 -15160.38 0.00 0.00
43.00 12.00 -15141.74 -15162.55 0.00 0.00
44.00 12.00 -15141.74 -15153.74 0.00 0.00
45.00 12.00 -15141.74 -15168.22 0.00 0.00
46.00 12.00 -15141.74 -15155.52 0.00 0.00
47.00 12.00 -15141.74 -15155.62 0.00 0.00
48.00 12.00 -15141.74 -15160.45 0.00 0.00
