0.00 0.00 -8380.18 -8382.99 0.00 0.00
1.00 1.00 -8371.82 -8371.82 0.00 0.00
2.00 1.00 -8371.82 -8373.63 0.00 0.00
3.00 1.00 -8371.82 -8377.63 0.00 0.00
4.00 2.00 -8369.34 -8369.34 0.00 0.00
5.00 2.00 -8369.34 -8373.84 0.00 0.00
6.00 2.00 -8369.34 -8377.07 0.00 0.00
7.00 2.00 -8369.34 -8374.75 0.00 0.00
8.00 3.00 -8373.15 -8373.15 0.00 0.00
9.00 3.00 -8373.15 -8397.94 0.00 0.00
10.00 3.00 -8373.15 -8374.79 0.00 0.00
11.00 4.00 -8369.03 -8369.03 0.00 0.00
12.00 5.00 -8359.01 -8359.01 0.00 0.00
13.00 5.00 -8359.01 -8364.60 0.00 0.00
14.00 6.00 -8355.56 -8355.56 0.00 0.00
15.00 6.00 -8355.56 -8357.31 0.00 0.00
16.00 6.00 -8355.56 -8362.30 0.00 0.00
17.00 7.00 -15150.02 -15150.02 0.00 0.00
18.00 7.00 -15150.02 -15151.39 0.00 0.00
19.00 7.00 -15150.02 -15156.20 0.00 0.00
20.00 8.00 -15143.96 -15143.96 0.00 0.00
21.00 8.00 -15143.96 -15148.05 0.00 0.00
22.00 8.00 -15143.96 -15148.64 0.00 0.00
23.00 9.00 -15134.50 -15134.50 0.00 0.00
24.00 9.00 -15134.50 -15166.27 0.00 0.00
25.00 9.00 -15134.50 -15142.59 0.00 0.00
26.00 9.00 -15134.50 -15151.50 0.00 0.00
27.00 9.00 -15134.50 -15156.11 0.00 0.00
28.00 9.00 -15134.50 -15148.52 0.00 0.00
29.00 9.00 -15134.50 -15154.27 0.00 0.00
30.00 9.00 -15134.50 -15144.24 0.00 0.00
31.00 9.00 -15134.50 -15154.63 0.00 0.00
32.00 9.00 -15134.50 -15147.64 0.00 0.00
33.00 9.00 -15134.50 -15139.96 0.00 0.00
34.00 9.00 -15134.50 -15136.16 0.00 0.00
35.00 9.00 -15134.50 -15178.99 0.00 0.00
36.00 9.00 -15134.50 -15164.47 0.00 0.00
37.00 9.00 -15134.50 -15167.18 0.00 0.00
38.00 9.00 -15134.50 -15174.88 0.00 0.00
39.00 9.00 -15134.50 -15162.26 0.00 0.00
40.00 9.00 -15134.50 -15142.52 0.00 0.00
41.00 9.00 -15134.50 -15150.30 0.00 0.00
42.00 9.00 -15134.50 -15155.27 0.00 0.00
43.00 9.00 -15134.50 -15156.15 0.00 0.00
44.00 9.00 -15134.50 -15153.03 0.00 0.00
45.00 9.00 -15134.50 -15161.80 0.00 0.00
46.00 9.00 -15134.50 -15150.66 0.00 0.00
47.00 9.00 -15134.50 -15172.16 0.00 0.00
48.00 9.00 -15134.50 -15212.32 0.00 0.00
