0.00 0.00 -12453.59 -12464.98 0.00 0.00
1.00 1.00 -12456.33 -12456.33 0.00 0.00
2.00 2.00 -12455.13 -12455.13 0.00 0.00
3.00 3.00 -12448.46 -12448.46 0.00 0.00
4.00 4.00 -12435.75 -12435.75 0.00 0.00
5.00 4.00 -12435.75 -12501.35 0.00 0.00
6.00 4.00 -12435.75 -12447.14 0.00 0.00
7.00 5.00 -12424.30 -12424.30 0.00 0.00
8.00 5.00 -12424.30 -12454.88 0.00 0.00
9.00 5.00 -12424.30 -12434.47 0.00 0.00
10.00 6.00 -12418.88 -12418.88 0.00 0.00
11.00 6.00 -12418.88 -12428.10 0.00 0.00
12.00 7.00 -12416.29 -12416.29 0.00 0.00
13.00 8.00 -12419.62 -12419.62 0.00 0.00
14.00 8.00 -12419.62 -12419.69 0.00 0.00
15.00 9.00 -12405.63 -12405.63 0.00 0.00
16.00 10.00 -12405.68 -12405.68 0.00 0.00
17.00 10.00 -15120.47 -15125.73 0.00 0.00
18.00 10.00 -15120.47 -15127.31 0.00 0.00
19.00 10.00 -15120.47 -15125.70 0.00 0.00
20.00 10.00 -15120.47 -15136.68 0.00 0.00
21.00 10.00 -15120.47 -15124.60 0.00 0.00
22.00 10.00 -15120.47 -15129.50 0.00 0.00
23.00 10.00 -15120.47 -15127.55 0.00 0.00
24.00 10.00 -15120.47 -15123.05 0.00 0.00
25.00 10.00 -15120.47 -15134.67 0.00 0.00
26.00 10.00 -15120.47 -15131.33 0.00 0.00
27.00 10.00 -15120.47 -15122.59 0.00 0.00
28.00 11.00 -15119.92 -15119.92 0.00 0.00
29.00 12.00 -15107.13 -15107.13 0.00 0.00
30.00 13.00 -15109.15 -15109.15 0.00 0.00
31.00 13.00 -15109.15 -15123.78 0.00 0.00
32.00 13.00 -15109.15 -15112.23 0.00 0.00
33.00 14.00 -15101.98 -15101.98 0.00 0.00
34.00 14.00 -15101.98 -15114.01 0.00 0.00
35.00 14.00 -15101.98 -15109.07 0.00 0.00
36.00 14.00 -15101.98 -15109.34 0.00 0.00
37.00 14.00 -15101.98 -15108.15 0.00 0.00
38.00 14.00 -15101.98 -15118.63 0.00 0.00
39.00 14.00 -15101.98 -15108.17 0.00 0.00
40.00 14.00 -15101.98 -15108.86 0.00 0.00
41.00 14.00 -15101.98 -15102.96 0.00 0.00
42.00 14.00 -15101.98 -15112.88 0.00 0.00
43.00 14.00 -15101.98 -15117.46 0.00 0.00
44.00 14.00 -15101.98 -15111.97 0.00 0.00
45.00 14.00 -15101.98 -15117.92 0.00 0.00
46.00 14.00 -15101.98 -15104.38 0.00 0.00
47.00 14.00 -15101.98 -15141.11 0.00 0.00
48.00 14.00 -15101.98 -15109.87 0.00 0.00
