0.00 1.00 -7590.51 -7590.51 0.00 0.00
1.00 1.00 -7590.51 -7592.02 0.00 0.00
2.00 2.00 -7589.47 -7589.47 0.00 0.00
3.00 3.00 -7578.41 -7578.41 0.00 0.00
4.00 3.00 -7578.41 -7589.61 0.00 0.00
5.00 3.00 -7578.41 -7584.03 0.00 0.00
6.00 3.00 -7578.41 -7582.17 0.00 0.00
7.00 3.00 -7578.41 -7591.59 0.00 0.00
8.00 4.00 -7577.56 -7577.56 0.00 0.00
9.00 4.00 -7577.56 -7580.37 0.00 0.00
10.00 4.00 -7577.56 -7581.74 0.00 0.00
11.00 4.00 -7577.56 -7585.41 0.00 0.00
12.00 4.00 -7577.56 -7581.68 0.00 0.00
13.00 4.00 -7577.56 -7584.90 0.00 0.00
14.00 4.00 -7577.56 -7582.29 0.00 0.00
15.00 4.00 -7577.56 -7581.37 0.00 0.00
16.00 4.00 -7577.56 -7588.93 0.00 0.00
17.00 5.00 -15157.82 -15157.82 0.00 0.00
18.00 5.00 -15157.82 -15167.20 0.00 0.00
19.00 5.00 -15157.82 -15167.88 0.00 0.00
20.00 5.00 -15157.82 -15172.30 0.00 0.00
21.00 5.00 -15157.82 -15171.15 0.00 0.00
22.00 5.00 -15157.82 -15166.47 0.00 0.00
23.00 5.00 -15157.82 -15169.66 0.00 0.00
24.00 6.00 -15154.70 -15154.70 0.00 0.00
25.00 7.00 -15151.84 -15151.84 0.00 0.00
26.00 8.00 -15140.85 -15140.85 0.00 0.00
27.00 8.00 -15140.85 -15156.48 0.00 0.00
28.00 9.00 -15136.23 -15136.23 0.00 0.00
29.00 10.00 -15126.07 -15126.07 0.00 0.00
30.00 10.00 -15126.07 -15141.38 0.00 0.00
31.00 10.00 -15126.07 -15140.22 0.00 0.00
32.00 10.00 -15126.07 -15150.62 0.00 0.00
33.00 10.00 -15126.07 -15128.12 0.00 0.00
34.00 10.00 -15126.07 -15135.69 0.00 0.00
35.00 10.00 -15126.07 -15161.91 0.00 0.00
36.00 10.00 -15126.07 -15134.47 0.00 0.00
37.00 10.00 -15126.07 -15143.74 0.00 0.00
38.00 10.00 -15126.07 -15137.68 0.00 0.00
39.00 10.00 -15126.07 -15133.88 0.00 0.00
40.00 10.00 -15126.07 -15149.19 0.00 0.00
41.00 10.00 -15126.07 -15132.12 0.00 0.00
42.00 10.00 -15126.07 -15147.94 0.00 0.00
43.00 10.00 -15126.07 -15140.65 0.00 0.00
44.00 10.00 -15126.07 -15154.08 0.00 0.00
45.00 10.00 -15126.07 -15136.70 0.00 0.00
46.00 10.00 -15126.07 -15143.74 0.00 0.00
47.00 11.00 -15122.50 -15122.50 0.00 0.00
48.00 11.00 -15122.50 -15129.25 0.00 0.00
