0.00 1.00 -10215.23 -10215.23 0.00 0.00
1.00 2.00 -10201.93 -10201.93 0.00 0.00
2.00 2.00 -10201.93 -10203.92 0.00 0.00
3.00 2.00 -10201.93 -10214.25 0.00 0.00
4.00 2.00 -10201.93 -10222.13 0.00 0.00
5.00 2.00 -10201.93 -10211.80 0.00 0.00
6.00 2.00 -10201.93 -10208.94 0.00 0.00
7.00 2.00 -10201.93 -10210.29 0.00 0.00
8.00 2.00 -10201.93 -10213.45 0.00 0.00
9.00 2.00 -10201.93 -10214.11 0.00 0.00
10.00 2.00 -10201.93 -10208.98 0.00 0.00
11.00 3.00 -10199.49 -10199.49 0.00 0.00
12.00 3.00 -10199.49 -10208.87 0.00 0.00
13.00 3.00 -10199.49 -10206.59 0.00 0.00
14.00 4.00 -10197.05 -10197.05 0.00 0.00
15.00 5.00 -10196.22 -10196.22 0.00 0.00
16.00 6.00 -10196.88 -10196.88 0.00 0.00
17.00 6.00 -15152.51 -15152.79 0.00 0.00
18.00 6.00 -15152.51 -15155.74 0.00 0.00
19.00 7.00 -15151.43 -15151.43 0.00 0.00
20.00 7.00 -15151.43 -15155.29 0.00 0.00
21.00 8.00 -15148.46 -15148.46 0.00 0.00
22.00 9.00 -15143.36 -15143.36 0.00 0.00
23.00 9.00 -15143.36 -15161.98 0.00 0.00
24.00 10.00 -15139.78 -15139.78 0.00 0.00
25.00 11.00 -15135.66 -15135.66 0.00 0.00
26.00 11.00 -15135.66 -15143.28 0.00 0.00
27.00 12.00 -15136.90 -15136.90 0.00 0.00
28.00 13.00 -15129.94 -15129.94 0.00 0.00
29.00 13.00 -15129.94 -15135.34 0.00 0.00
30.00 13.00 -15129.94 -15135.80 0.00 0.00
31.00 14.00 -15127.83 -15127.83 0.00 0.00
32.00 14.00 -15127.83 -15133.85 0.00 0.00
33.00 14.00 -15127.83 -15142.63 0.00 0.00
34.00 14.00 -15127.83 -15133.96 0.00 0.00
35.00 14.00 -15127.83 -15137.14 0.00 0.00
36.00 14.00 -15127.83 -15129.57 0.00 0.00
37.00 14.00 -15127.83 -15139.46 0.00 0.00
38.00 14.00 -15127.83 -15147.78 0.00 0.00
39.00 15.00 -15122.89 -15122.89 0.00 0.00
40.00 15.00 -15122.89 -15125.29 0.00 0.00
41.00 15.00 -15122.89 -15128.36 0.00 0.00
42.00 15.00 -15122.89 -15131.94 0.00 0.00
43.00 16.00 -15120.09 -15120.09 0.00 0.00
44.00 16.00 -15120.09 -15135.68 0.00 0.00
45.00 16.00 -15120.09 -15124.45 0.00 0.00
46.00 16.00 -15120.09 -15126.03 0.00 0.00
47.00 16.00 -15120.09 -15128.14 0.00 0.00
48.00 16.00 -15120.09 -15127.91 0.00 0.00
