-13059.10000 -14377.28000 -17568.66000 -26076.06000 -23660.42000 -21399.82000 -19380.76000 -15894.30000
-13057.11000 -14387.24000 -17564.97000 -26103.30000 -23671.28000 -21415.74000 -19375.45000 -15893.03000
-13030.47000 -14390.75000 -17595.70000 -26085.56000 -23659.64000 -21409.81000 -19364.28000 -15875.07000
-13024.05000 -14408.95000 -17562.51000 -26095.66000 -23663.21000 -21417.43000 -19351.95000 -15889.56000
-13021.29000 -14395.54000 -17552.42000 -26060.15000 -23658.66000 -21426.55000 -19428.93000 -15876.30000
-13045.13000 -14376.19000 -17579.62000 -26050.64000 -23640.17000 -21418.73000 -19377.53000 -15881.55000
-13044.22000 -14375.80000 -17586.17000 -26061.44000 -23660.48000 -21398.66000 -19358.68000 -15873.42000
-13046.21000 -14368.05000 -17602.77000 -26064.05000 -23651.76000 -21426.74000 -19409.25000 -15884.89000
-13031.30000 -14378.95000 -17559.61000 -26057.99000 -23641.38000 -21389.22000 -19394.30000 -15869.61000
-13014.16000 -14389.31000 -17568.96000 -26056.23000 -23624.25000 -21416.02000 -19385.82000 -15854.57000
-13027.09000 -14382.07000 -17562.20000 -26043.34000 -23627.71000 -21389.91000 -19337.73000 -15866.02000
-13060.24000 -14376.16000 -17586.83000 -26113.05000 -23626.90000 -21393.29000 -19329.44000 -15877.65000
-13033.67000 -14388.06000 -17571.80000 -26096.79000 -23636.83000 -21408.23000 -19326.85000 -15868.24000
-13037.25000 -14376.77000 -17566.34000 -26040.78000 -23654.94000 -21407.61000 -19335.31000 -15868.76000
-13026.77000 -14360.83000 -17560.65000 -26021.97000 -23638.18000 -21371.91000 -19333.06000 -15871.22000
-13033.58000 -14364.95000 -17577.15000 -25999.62000 -23616.74000 -21395.11000 -19340.81000 -15845.16000
-13028.64000 -14352.92000 -17581.95000 -25996.12000 -23644.74000 -21390.29000 -19333.96000 -15833.71000
-26056.73000 -26007.61000 -26090.72000 -26013.54000 -26115.70000 -26097.69000 -26019.29000 -26014.05000
-26077.10000 -26049.55000 -26066.07000 -26026.42000 -26113.23000 -26038.17000 -26037.08000 -26023.78000
-26040.14000 -26005.52000 -26085.80000 -26005.19000 -26086.93000 -26033.18000 -26038.72000 -26024.28000
-26082.64000 -25969.18000 -26126.82000 -25987.82000 -26076.72000 -26055.63000 -26080.42000 -25990.41000
-26049.98000 -25990.07000 -26051.01000 -25992.98000 -26078.95000 -26069.27000 -26026.73000 -26005.94000
-26048.47000 -25980.55000 -26083.64000 -25990.09000 -26112.54000 -26049.95000 -26014.11000 -25971.70000
-26049.63000 -25976.56000 -26063.14000 -25999.25000 -26092.36000 -26038.84000 -26025.09000 -26010.54000
-26049.46000 -25993.17000 -26101.10000 -26005.16000 -26104.31000 -26046.92000 -26031.57000 -26005.51000
-26053.69000 -25961.41000 -26063.69000 -25966.72000 -26123.03000 -26026.78000 -26030.02000 -26001.67000
-26061.60000 -26013.75000 -26059.66000 -25949.58000 -26068.40000 -26035.69000 -26000.66000 -26016.09000
-26080.89000 -25965.40000 -26095.30000 -25974.51000 -26048.94000 -26059.34000 -26029.88000 -25999.93000
-26052.75000 -25970.89000 -26062.26000 -25965.98000 -26125.74000 -26061.13000 -26023.50000 -25999.22000
-26050.50000 -25986.89000 -26072.44000 -25954.18000 -26063.58000 -26040.22000 -26016.11000 -26013.54000
-26057.96000 -26016.92000 -26054.32000 -25983.19000 -26076.90000 -26000.51000 -26022.78000 -25985.60000
-26065.70000 -25991.01000 -26081.94000 -25964.97000 -26097.11000 -26025.87000 -26008.73000 -25998.62000
-26081.30000 -26023.60000 -26037.71000 -25957.11000 -26077.93000 -25994.92000 -26003.89000 -26021.56000
-26096.07000 -26058.00000 -26094.51000 -25975.75000 -26026.11000 -25990.42000 -25990.03000 -26008.10000
-26042.50000 -25991.86000 -26067.84000 -25966.19000 -26072.43000 -25998.60000 -25982.09000 -26017.28000
-26083.44000 -25967.87000 -26088.76000 -25986.23000 -26069.65000 -25993.32000 -25997.45000 -25982.24000
-26031.38000 -26000.62000 -26059.70000 -25963.23000 -26069.19000 -25999.64000 -25991.93000 -25982.01000
-26071.11000 -25979.97000 -26111.15000 -25980.90000 -26055.21000 -25991.83000 -25993.29000 -26005.92000
-26002.11000 -25978.53000 -26036.49000 -25989.00000 -26052.67000 -25993.41000 -26012.08000 -26001.18000
-26023.61000 -25988.09000 -26047.79000 -25966.17000 -26093.23000 -25985.76000 -26001.40000 -26014.50000
-26052.10000 -25980.32000 -26027.01000 -25955.63000 -26037.38000 -25987.04000 -26032.10000 -25974.70000
-26010.60000 -25981.76000 -26066.91000 -25986.84000 -26060.00000 -25996.38000 -26012.17000 -26012.94000
-26026.53000 -26004.52000 -26051.09000 -25930.40000 -26086.46000 -26019.02000 -26026.63000 -26014.60000
-26025.08000 -26024.59000 -26079.51000 -25964.09000 -26045.51000 -26015.70000 -26002.13000 -25982.87000
-26005.83000 -25973.21000 -26059.92000 -25979.09000 -26037.04000 -26016.36000 -26042.51000 -26014.44000
-26041.75000 -25967.20000 -26059.21000 -25982.11000 -26074.52000 -25987.15000 -25994.79000 -25997.33000
-26023.64000 -26027.53000 -26074.41000 -25955.47000 -26084.53000 -25990.15000 -26030.32000 -26013.48000
-26011.42000 -25991.82000 -26043.79000 -25949.58000 -26078.25000 -26000.81000 -26001.05000 -25974.99000
-26015.60000 -25953.60000 -26053.48000 -25935.04000 -26038.37000 -25990.20000 -26008.56000 -26009.76000
