9.564727170918359000e-01
2.003083566250001724e+00
1.310515876479593889e+00
2.107744600918369127e+00
1.547806122448974686e-06
1.913176002040811452e-01
1.066797271581634510e+00
7.449811566326536294e-02
2.827838622448979999e-03
6.132226250000002640e-03
5.207238822193883676e-01
5.677582257806132127e+00
2.446706195356134413e+04
4.841901837448973289e+00
1.015428209183672111e-02
-5.792180393053567400e+01
-3.223312085436224805e+01
1.276270791921173924e+02
-1.263083859473979089e+02
-6.160749135573968971e+01
4.460765057119894550e+01
-1.392169990426528159e+02
1.008473791978315717e+02
3.380007118206624739e+01
-1.244588996186224108e+02
5.528618572359695804e+01
-7.513952979387738651e+01
-1.279715573369384600e+02
-1.036733029661223355e+02
8.321924814627561773e+01
5.437878346451517331e+01
8.321969471895420156e+01
-2.493871413086734279e+01
6.917158999989807455e+01
1.376057107574742702e+02
-4.594821328686241912e+01
-8.505589859772970840e+01
-7.675621541964289918e+01
1.125015848635968325e+02
1.157096876418108877e+02
1.380992224592857553e+02
-1.099946127763773660e+02
7.038136157676015614e+01
2.074160737270414145e+01
5.054054278602043127e+01
-9.182666321599492676e+01
5.704948394739809459e+01
1.288112554853570657e+02
8.596584024336706875e+00
-3.337239707489785445e+01
-1.231807185655611825e+01
1.172547186755868722e+02
-5.369089844461750971e+01
1.471126518244643080e+02
3.446485227040839927e+00
2.383787875418367008e+01
-4.519916566058678598e+01
5.109502418579080540e+01
1.033603944176784211e+02
5.413268460864791365e+01
6.492229078711730494e+01
-1.093924515709689445e+02
5.915605207426010992e+01
4.421448164372449696e+01
1.028402455416582058e+02
1.168037939927044135e+02
1.124069621373979970e+02
5.040955506744899850e+01
-9.407642266446426049e+01
3.940084977887755002e+01
1.286021372014799908e+02
6.815871969479590575e+01
9.374535004977038000e+01
-1.204519498883675510e+02
3.219886750716833035e+01
1.103894250459952104e+02
-1.249600634742602239e+02
-7.851259827454052243e+01
7.356170261051039461e+01
1.229695354405609287e+01
1.041939987012498818e+02
-7.076467851676027010e+01
1.273008782433673787e+02
4.121540710928564977e+01
3.326464303545901835e+00
-7.695253978497450476e+01
1.213088351908926796e+02
-7.057572187497453342e+01
-1.260623323558162241e+02
7.522962298089268529e+01
-5.544772283244889621e+01
1.255034532782912038e+02
-1.360546339316586852e+02
-5.150544744538267850e+01
-6.695423011732144403e+01
-7.687582545352019281e+01
-3.274249861704090847e+01
-1.289735153880611449e+02
-1.063149946663267826e+02
-9.939697724762740449e+01
-8.462568397831665479e+00
6.235894407482135193e+01
1.398782287701535765e+01
9.847045172688753212e+01
-1.194486551587242502e+02
-7.838342278905605554e+01
-9.581167985056083580e+01
5.027854991645394023e+01
5.635367549290830880e+01
-3.509550929183672618e+00
6.353074664872504940e+00
-6.477776192637755059e+01
-7.662189092609706620e+01
9.379393536400513653e+01
1.325646168628312864e+02
1.177677309136985002e+02
-3.856612709308681275e+01
-1.075092693252805276e+02
7.800017668785717717e+01
3.071032216742349519e+01
3.611248909798464979e+01
-4.567690305084163782e+01
1.241860703312755447e+02
-9.478470094056145001e+01
-2.825647191252555857e+01
-5.827974029071420148e+01
2.025561957364795518e+01
-6.549293586239788567e+01
1.318009713653828783e+02
9.773701670920893037e+01
-1.511825370229589183e+01
-1.203033176479845281e+02
3.195961350757652397e+01
-8.837066813117345987e+01
4.281729483186226304e+01
8.463673896033152744e+01
-6.627764303852040939e+01
-9.211631490844405334e+01
9.073098730005123969e+01
-5.463103838979586158e+01
1.263786926646681792e+02
-6.630242572653052946e+01
-5.368724830770415224e+01
7.757926054303565877e+01
-7.156060521836744215e+01
-1.010578978069389677e+02
5.035861116665827808e+01
5.607798178716824822e+01
1.047695899019895762e+02
-9.501409954160712346e+01
1.348558539559951441e+02
-6.521476709948922590e+00
-6.657448403556117000e+01
6.188458215510208760e+01
2.487654836339287101e+01
-3.804360589693860817e+00
-1.169760247238521060e+02
1.533359185791325672e+02
1.023579439766835435e+02
6.823467281640289173e+01
7.527130175321431693e+01
-1.811334728994901155e+01
-7.875168702762766770e+01
-1.093262330132654547e+01
4.575076689954094178e+01
-5.363187228061490064e-01
2.229765103392860048e+00
1.063999389256125028e+02
-1.288549349321679642e+02
7.241061653808642973e+01
-6.048448424423474279e+01
9.809625269311244722e+01
1.138946729289029918e+02
-6.255921314290818458e+01
-1.229439300381885261e+02
1.194525391589284453e+02
3.452858881096932464e+01
4.793075886464273339e+01
1.103794496965817586e+02
7.512593538607140431e+01
-8.151852008301007402e+01
-1.158398225899743181e+02
-9.734284519221972687e+01
2.757132398387760119e+01
-2.350752428551015427e+01
-1.008060161319644266e+02
1.030237689768627689e+02
1.057600182098724702e+02
2.470091941250032175e+00
-8.939923039803568372e+01
-4.564575869948984632e+01
1.148385927716836505e+02
-1.026821824491580628e+02
1.034983099642601587e+02
-4.802137874214300695e+01
1.173935787828315540e+02
1.273668167340816098e+02
5.882427556173387195e+00
7.935978712609710328e+01
6.637653846676036551e+01
-6.376235400604584669e+01
-3.815811116091832389e+01
-5.602158837357146837e+01
-2.286258724487244010e+01
4.525216196061222007e+01
7.071558430071428347e+01
-1.038835374530360696e+02
-1.204699523515563868e+02
-9.578526268852020564e+01
-8.673815618658161952e+01
4.523674790234699827e+01
2.452376622627559399e+01
-8.566903167015291842e+01
-6.497280022959267543e-01
6.478298803994907473e+01
1.994102554176028619e+01
-7.377187671073987474e+01
1.133476056487241834e+02
-3.382593359836732105e+01
9.906792095030615997e+01
4.866807568540838247e+01
9.804157220762741076e+01
-9.404544782591811725e+01
-6.286922330336761178e+01
-6.485070573239794101e+01
1.467305568906122346e+02
7.711066577285730261e+01
-7.323300736813766321e+01
-2.347534586772960097e+01
-1.493868215209694483e+02
-6.730432402737244502e+01
-9.202321494727038953e+01
-5.116496328262751803e+01
1.999652393660720406e+01
1.324310873992095026e+02
-8.342620367170913198e+01
-1.279459098481636943e+02
-7.716386962142865968e+01
-9.521766654497429272e+01
-1.054719044117346556e+02
8.034899946813791871e+01
9.637011919438762675e+01
1.315968236639282907e+02
-4.723218091352018178e+01
-7.352426213392836019e+01
8.744510406709171235e+00
5.231218005326529408e+01
1.551828092122450187e+01
8.025502043094367366e+01
2.808854010765314158e+01
4.286438745535748218e+00
7.683177094808665686e+01
-5.878445193956629566e+01
-7.180759352466846224e+01
-3.159971537938781694e+01
-1.410305409253827236e+02
9.415359038979579509e+01
7.378330016196443353e+01
4.621212526997454262e+01
7.716097781645399323e+01
7.211685874706640220e+01
7.711180997053584463e+01
1.403698511174487464e+02
-9.890776083104594818e+01
1.014641075089279951e+02
8.226031944170928512e+01
-2.019583501420916605e+01
-1.045566336739283884e+02
-4.865712969492354745e+01
-1.266936874636736121e+02
-1.263373388767091541e+02
-1.354328784692344811e+02
2.909949955857156922e+01
-6.614385800897969148e+01
2.575675987295867220e+00
-2.913099940456636006e+01
-2.832076243045905173e+01
-2.821614070114805628e+01
-1.235804800201788822e+02
6.528364553477055665e+01
-1.230904704965558807e+02
9.814908021275503813e+01
-6.245012628724460946e+00
-6.171018755119890642e+01
-3.499715175535715872e+01
-1.157859844546681387e+02
-1.224227270166834103e+02
-2.682028311311224655e+01
-1.008043219192858970e+02
7.315322729466855378e+01
9.401157052859700514e+01
5.742133505137763905e+01
-7.820208597170901044e+01
2.489517699433672249e+01
-5.296720954301026296e+01
6.390504670892842576e+00
-6.883296674709198726e+01
-1.342106124698979102e+02
7.622739799874999278e+01
5.615211733477032396e+01
-6.556336987551017792e+00
1.196300067451276448e+02
2.721125165584183847e+01
-1.292481873564540535e+02
1.899811281607145474e+01
-8.593320041415820754e+01
8.385864818943890953e+01
-1.146333440599998852e+02
8.267907886104599413e+01
-5.690629108607117814e+01
-1.294437217389798320e+02
-9.595712051655608832e+01
5.853737765836723383e+01
9.407512994742315016e+01
-9.702366135336716013e+01
-9.292199463798435488e+01
-8.744506928357138520e+01
-2.078010906275510905e+01
-2.861907907158168030e+01
7.479010028749999606e+01
8.355402365630132522e+01
-1.018313555190051005e+02
-9.151821684897952025e+01
9.066357936630124925e+01
4.568129864109699412e+01
7.847269443089288643e+01
-6.146221503673472419e+00
1.522142686738264103e+02
1.646791609313776306e+01
-1.211107202407393544e+02
-1.090457387121427075e+02
-2.114932396943876114e+01
3.170822480331703552e+00
2.248006480081635061e+01
1.407902804175508322e+02
-8.894012492678553983e+00
3.436923470994905472e+01
-1.035544745953061891e+02
-3.345484553227042568e+01
-9.942165576431139584e+01
7.548303469834173995e+01
-1.110468056602806683e+02
3.529564611721931300e+01
-8.042926303191325133e+01
5.908701224242346228e+01
-6.583230849063767209e+01
1.320073155391070259e+02
1.548956106082648034e+02
1.227284628372196806e+02
1.102653866473468156e+02
6.136795180918358739e+00
6.992926366959197537e+01
-1.096852393144130247e+02
2.386886033045919575e+01
-7.793476805520401740e+01
-1.249552114964284328e+02
1.090931705763010484e+02
1.153154404888521469e+02
5.798062029959176300e+01
1.053842878684696842e+02
-7.190802049464289780e+01
-6.212195827367352052e+01
1.318488537710967989e+02
-1.058658712043371111e+02
6.495924465181107621e+01
-1.066619348736477662e+02
5.323506091377540628e+01
-7.333712179454084890e+01
4.245700181772968307e+01
-9.533043299387779612e+00
5.626909731637761070e+01
7.329415602418364983e+01
1.016970850767858003e+01
-5.283103376599483880e+01
8.458627236602028177e+01
4.201830052908153590e+01
-1.332442309454595488e+02
1.040555250689799749e+02
5.699332254880119564e+01
8.437883111548467241e+01
-4.033867893163264995e+01
-2.038403146573987001e+01
8.101821425385227826e+01
-8.141765572594411537e+01
6.271833613660718498e+01
-2.699633506079096179e+01
-1.270449462679590766e+02
-3.361938637275512320e+01
-2.382695714107146401e+01
1.294013717248978423e+02
9.997764528224507785e+01
1.423428725885203150e+01
1.252471703743877356e+02
-5.396972186283165485e+01
-1.013537040172961667e+02
-7.956296528369902887e+01
-6.638424218984681602e+01
-2.355464707910733679e+01
1.114788302223977752e+02
2.825716290994893143e+01
4.084569321854586121e+01
-3.137798879010209063e+01
-4.964621397484678766e+01
-9.015642823969369601e+01
9.331873191625025754e+01
-2.002357432492346234e+01
1.571632441760211218e+00
-4.343982521234707406e+01
8.244733873846941208e+01
5.798980640956627042e+01
-7.617489679655597001e+01
-1.142177368000508864e+02
-9.635775171104585013e+01
1.371798967501529489e+02
7.666674701775504275e+01
