4.202200000000000273e+02
4.202200000000000273e+02
4.202200000000000273e+02
4.202200000000000273e+02
4.202200000000000273e+02
4.202200000000000273e+02
4.200600000000000023e+02
4.200600000000000023e+02
4.186800000000000068e+02
4.186800000000000068e+02
4.187799999999999727e+02
4.187799999999999727e+02
4.187799999999999727e+02
4.187799999999999727e+02
4.161600000000000250e+02
4.161600000000000250e+02
4.161600000000000250e+02
4.161600000000000250e+02
4.144399999999999977e+02
4.138500000000000227e+02
4.138500000000000227e+02
4.138500000000000227e+02
4.138500000000000227e+02
4.138500000000000227e+02
4.138500000000000227e+02
4.130899999999999750e+02
4.130899999999999750e+02
4.130899999999999750e+02
4.130899999999999750e+02
4.130899999999999750e+02
4.100000000000000000e+02
4.100000000000000000e+02
4.093399999999999750e+02
4.088199999999999932e+02
4.088199999999999932e+02
4.088199999999999932e+02
4.088199999999999932e+02
4.088199999999999932e+02
4.088199999999999932e+02
4.082699999999999818e+02
4.082699999999999818e+02
4.082699999999999818e+02
4.082699999999999818e+02
4.082699999999999818e+02
4.082699999999999818e+02
4.082699999999999818e+02
4.082699999999999818e+02
4.082699999999999818e+02
4.082699999999999818e+02
4.189499999999999886e+02
4.189499999999999886e+02
4.189499999999999886e+02
4.189499999999999886e+02
4.170500000000000114e+02
4.159200000000000159e+02
4.159200000000000159e+02
4.159200000000000159e+02
4.159200000000000159e+02
4.159200000000000159e+02
4.150500000000000114e+02
4.150500000000000114e+02
4.150500000000000114e+02
4.147500000000000000e+02
4.125199999999999818e+02
4.098899999999999864e+02
4.094800000000000182e+02
4.094800000000000182e+02
4.094800000000000182e+02
4.105500000000000114e+02
4.085099999999999909e+02
4.085099999999999909e+02
4.085099999999999909e+02
4.085099999999999909e+02
4.085099999999999909e+02
4.060500000000000114e+02
4.040699999999999932e+02
4.040699999999999932e+02
4.040699999999999932e+02
4.040699999999999932e+02
4.040699999999999932e+02
4.040699999999999932e+02
4.040699999999999932e+02
4.040699999999999932e+02
4.040699999999999932e+02
4.040699999999999932e+02
4.040699999999999932e+02
4.040699999999999932e+02
4.040699999999999932e+02
4.040699999999999932e+02
4.040699999999999932e+02
4.040699999999999932e+02
4.018600000000000136e+02
4.018600000000000136e+02
4.018600000000000136e+02
4.018600000000000136e+02
4.018600000000000136e+02
4.018600000000000136e+02
4.018600000000000136e+02
4.240299999999999727e+02
4.235500000000000114e+02
4.171499999999999773e+02
4.156200000000000045e+02
4.149599999999999795e+02
4.149599999999999795e+02
4.149599999999999795e+02
4.149599999999999795e+02
4.149599999999999795e+02
4.132699999999999818e+02
4.132699999999999818e+02
4.132699999999999818e+02
4.132699999999999818e+02
4.132699999999999818e+02
4.132699999999999818e+02
4.132699999999999818e+02
4.132699999999999818e+02
4.132699999999999818e+02
4.132699999999999818e+02
4.146700000000000159e+02
4.146700000000000159e+02
4.146700000000000159e+02
4.146700000000000159e+02
4.146700000000000159e+02
4.146700000000000159e+02
4.146700000000000159e+02
4.146700000000000159e+02
4.146700000000000159e+02
4.146700000000000159e+02
4.146700000000000159e+02
4.146700000000000159e+02
4.146700000000000159e+02
4.146700000000000159e+02
4.146700000000000159e+02
4.146700000000000159e+02
4.146700000000000159e+02
4.136299999999999955e+02
4.136299999999999955e+02
4.101899999999999977e+02
4.101899999999999977e+02
4.101899999999999977e+02
4.101899999999999977e+02
4.101899999999999977e+02
4.101899999999999977e+02
4.101899999999999977e+02
4.101899999999999977e+02
4.101899999999999977e+02
4.101899999999999977e+02
4.101899999999999977e+02
4.150899999999999750e+02
4.150899999999999750e+02
4.150899999999999750e+02
4.150899999999999750e+02
4.150899999999999750e+02
4.148600000000000136e+02
4.147699999999999818e+02
4.131100000000000136e+02
4.131100000000000136e+02
4.131100000000000136e+02
4.131100000000000136e+02
4.131100000000000136e+02
4.131100000000000136e+02
4.131100000000000136e+02
4.115699999999999932e+02
4.115699999999999932e+02
4.098899999999999864e+02
4.108299999999999841e+02
4.108299999999999841e+02
4.105899999999999750e+02
4.063399999999999750e+02
4.063399999999999750e+02
4.063399999999999750e+02
4.063399999999999750e+02
4.063399999999999750e+02
4.054399999999999977e+02
4.054399999999999977e+02
4.054399999999999977e+02
4.054399999999999977e+02
4.054399999999999977e+02
4.054399999999999977e+02
4.054399999999999977e+02
4.054399999999999977e+02
4.054399999999999977e+02
4.054399999999999977e+02
4.054399999999999977e+02
4.054399999999999977e+02
4.054399999999999977e+02
4.054399999999999977e+02
4.054399999999999977e+02
4.054399999999999977e+02
4.054399999999999977e+02
4.054399999999999977e+02
4.054399999999999977e+02
4.054399999999999977e+02
4.054399999999999977e+02
4.054399999999999977e+02
4.054399999999999977e+02
4.045299999999999727e+02
4.199700000000000273e+02
4.191100000000000136e+02
4.173199999999999932e+02
4.153399999999999750e+02
4.153399999999999750e+02
4.153399999999999750e+02
4.153399999999999750e+02
4.153399999999999750e+02
4.153399999999999750e+02
4.153399999999999750e+02
4.130699999999999932e+02
4.117599999999999909e+02
4.113500000000000227e+02
4.113500000000000227e+02
4.113500000000000227e+02
4.113500000000000227e+02
4.113500000000000227e+02
4.122099999999999795e+02
4.122099999999999795e+02
4.122099999999999795e+02
4.122099999999999795e+02
4.122099999999999795e+02
4.116000000000000227e+02
4.116000000000000227e+02
4.116000000000000227e+02
4.116000000000000227e+02
4.100099999999999909e+02
4.100099999999999909e+02
4.100099999999999909e+02
4.100099999999999909e+02
4.100099999999999909e+02
4.100099999999999909e+02
4.100099999999999909e+02
4.087699999999999818e+02
4.078399999999999750e+02
4.078399999999999750e+02
4.078399999999999750e+02
4.078399999999999750e+02
4.078399999999999750e+02
4.078399999999999750e+02
4.078399999999999750e+02
4.078399999999999750e+02
4.078399999999999750e+02
4.078399999999999750e+02
4.078399999999999750e+02
4.078399999999999750e+02
4.078399999999999750e+02
4.078399999999999750e+02
4.078399999999999750e+02
4.226700000000000159e+02
4.220000000000000000e+02
4.220000000000000000e+02
4.215600000000000023e+02
4.197599999999999909e+02
4.197599999999999909e+02
4.197599999999999909e+02
4.197599999999999909e+02
4.197599999999999909e+02
4.197599999999999909e+02
4.197599999999999909e+02
4.197599999999999909e+02
4.197599999999999909e+02
4.197599999999999909e+02
4.197599999999999909e+02
4.197599999999999909e+02
4.197599999999999909e+02
4.207099999999999795e+02
4.177599999999999909e+02
4.177599999999999909e+02
4.177599999999999909e+02
4.159599999999999795e+02
4.159599999999999795e+02
4.159599999999999795e+02
4.159599999999999795e+02
4.159599999999999795e+02
4.159599999999999795e+02
4.159599999999999795e+02
4.159599999999999795e+02
4.159599999999999795e+02
4.159599999999999795e+02
4.159599999999999795e+02
4.143799999999999955e+02
4.143799999999999955e+02
4.143799999999999955e+02
4.143799999999999955e+02
4.143799999999999955e+02
4.143799999999999955e+02
4.142400000000000091e+02
4.142400000000000091e+02
4.131200000000000045e+02
4.131200000000000045e+02
4.131200000000000045e+02
4.131200000000000045e+02
4.131200000000000045e+02
4.131200000000000045e+02
4.131200000000000045e+02
4.131200000000000045e+02
4.131200000000000045e+02
4.191000000000000227e+02
4.188500000000000227e+02
4.153399999999999750e+02
4.153399999999999750e+02
4.153399999999999750e+02
4.153399999999999750e+02
4.150199999999999818e+02
4.150199999999999818e+02
4.142699999999999818e+02
4.113600000000000136e+02
4.113600000000000136e+02
4.113600000000000136e+02
4.113600000000000136e+02
4.113600000000000136e+02
4.113600000000000136e+02
4.095500000000000114e+02
4.073600000000000136e+02
4.073600000000000136e+02
4.073600000000000136e+02
4.073600000000000136e+02
4.088199999999999932e+02
4.088199999999999932e+02
4.066299999999999955e+02
4.066299999999999955e+02
4.066299999999999955e+02
4.066299999999999955e+02
4.066299999999999955e+02
4.066299999999999955e+02
4.066299999999999955e+02
4.066299999999999955e+02
4.066299999999999955e+02
4.066299999999999955e+02
4.066299999999999955e+02
4.066299999999999955e+02
4.066299999999999955e+02
4.066299999999999955e+02
4.066299999999999955e+02
4.066299999999999955e+02
4.066299999999999955e+02
4.066299999999999955e+02
4.066299999999999955e+02
4.066299999999999955e+02
4.066299999999999955e+02
4.066299999999999955e+02
4.066299999999999955e+02
4.066299999999999955e+02
4.066299999999999955e+02
4.066299999999999955e+02
4.066299999999999955e+02
4.246399999999999864e+02
4.246399999999999864e+02
4.245400000000000205e+02
4.245400000000000205e+02
4.243999999999999773e+02
4.219300000000000068e+02
4.219300000000000068e+02
4.219300000000000068e+02
4.219300000000000068e+02
4.198199999999999932e+02
4.198199999999999932e+02
4.198199999999999932e+02
4.198199999999999932e+02
4.198199999999999932e+02
4.198199999999999932e+02
4.188199999999999932e+02
4.188199999999999932e+02
4.188199999999999932e+02
4.188199999999999932e+02
4.202599999999999909e+02
4.190299999999999727e+02
4.193000000000000114e+02
4.193000000000000114e+02
4.193000000000000114e+02
4.193000000000000114e+02
4.193000000000000114e+02
4.180400000000000205e+02
4.157200000000000273e+02
4.157200000000000273e+02
4.157200000000000273e+02
4.157200000000000273e+02
4.157200000000000273e+02
4.157200000000000273e+02
4.130099999999999909e+02
4.130099999999999909e+02
4.130099999999999909e+02
4.130099999999999909e+02
4.130099999999999909e+02
4.130099999999999909e+02
4.130099999999999909e+02
4.130099999999999909e+02
4.130099999999999909e+02
4.130099999999999909e+02
4.130099999999999909e+02
4.130099999999999909e+02
4.130099999999999909e+02
4.130099999999999909e+02
4.130099999999999909e+02
4.130099999999999909e+02
