4.820200429828545574e-01
6.962823923396521675e-01
7.074662976189327601e-01
7.707147206970688114e-01
2.507728526694722735e-07
1.675541933810030248e-01
4.319962543115669074e-01
4.345296836235078980e-02
1.571488183096156734e-03
2.695987664973971236e-03
2.503105499188993388e-01
2.221633449125151483e+00
4.339699268213376513e+02
5.656311880977555884e-01
7.413112559284787233e-03
7.728317172194959994e+01
7.925423498650022225e+01
7.006137739075951743e+01
6.130381812105358108e+01
1.009702089486858938e+02
9.826060479522507762e+01
4.085027547384190427e+01
6.358063352430547610e+01
7.925924986070040745e+01
6.483442240434548864e+01
8.767639497031558449e+01
7.754213041547988894e+01
5.448416910295232896e+01
6.689336666375658069e+01
7.305879675100683812e+01
9.693220831353552569e+01
6.443993792750582372e+01
9.741221914808104998e+01
9.974228116975150726e+01
5.753277698200950141e+01
1.228690756407306424e+02
5.170489808725752567e+01
7.682292248095720311e+01
6.698595338277213784e+01
6.664495708984117073e+01
4.424232506593276071e+01
5.796026060717250061e+01
7.749457844339431745e+01
1.038389581989738275e+02
8.839262211274176195e+01
7.892219825145625123e+01
9.680920127958569310e+01
5.611675486645603428e+01
9.202379072321444653e+01
6.007718433899736965e+01
8.758647227772704014e+01
6.788596381840933702e+01
8.972025812904512065e+01
3.241344634331647256e+01
1.131971178496603301e+02
1.109795391999924874e+02
9.697740262120063903e+01
7.255473943681370486e+01
8.580046208473420677e+01
6.351831334494390546e+01
6.008808578437676573e+01
6.839672200627460086e+01
1.104146592284419484e+02
8.336414410643462247e+01
4.658046510855935907e+01
7.170916053016755143e+01
6.470635491370875059e+01
6.161517583253663588e+01
6.566527547419589439e+01
9.767499688579961514e+01
5.894904615086351640e+01
7.549111295934875443e+01
7.216968801272524558e+01
6.387791106251118833e+01
8.393300795969264527e+01
5.807911580308838495e+01
6.633071175513224205e+01
7.749903414754075470e+01
8.024364958429264050e+01
9.194137733070114393e+01
7.527096759378618174e+01
7.746631876943861528e+01
5.844805363589303226e+01
7.484280941678298404e+01
1.200841875723639873e+02
8.236797034748771296e+01
5.842732104201022736e+01
8.738786676214094484e+01
7.145520203522424652e+01
8.670107425373602439e+01
7.044386910200014995e+01
4.561010468468742829e+01
5.434501460876882106e+01
8.813917100669078764e+01
1.133995550835771269e+02
8.677091249436007558e+01
8.862831218370413922e+01
6.368412174101406009e+01
5.637738688625918115e+01
7.408222733514013214e+01
6.985012725144724755e+01
9.552273598482581463e+01
1.084675481456766022e+02
5.430080872526563951e+01
8.478253920681753186e+01
7.113282120929137875e+01
7.272986662984180839e+01
5.773694064523486702e+01
9.933789019745623250e+01
1.045706331598731964e+02
8.209478333583689391e+01
9.734339057935531514e+01
6.855416204088842846e+01
5.982608359658499353e+01
4.630525753939433997e+01
7.048525029086800942e+01
1.062740809104810324e+02
6.161416134408892020e+01
6.946824227329696555e+01
1.162524383305845674e+02
8.531282122106435395e+01
1.003600748162498633e+02
5.498128915816651840e+01
7.197245866528065505e+01
6.067905119324606034e+01
9.738753214124855617e+01
8.653368491233055693e+01
9.595533628097690837e+01
5.112007771519787269e+01
8.102940861825678098e+01
9.056377720242595331e+01
5.426004413535677884e+01
8.418102093950152209e+01
5.427992588628141846e+01
8.491292291312961993e+01
6.231472017005842901e+01
6.156659590174707830e+01
5.937991675032289152e+01
6.052724989192402205e+01
8.147696936754336150e+01
6.678716128708754241e+01
8.430719560698197768e+01
8.893847396816339312e+01
6.666647440437895966e+01
7.862161840464064255e+01
6.904879097816977662e+01
1.031107073285427873e+02
7.747950064657446489e+01
5.802012501568631819e+01
8.304785864934767403e+01
5.253501593730764796e+01
1.050488032208743192e+02
8.051886870233327897e+01
8.235448170210294450e+01
7.988787620623398311e+01
8.936895609944471630e+01
7.334888272205766668e+01
3.976906360270899654e+01
6.689226344045347616e+01
1.042000511712876971e+02
1.007310887534570298e+02
1.304411476328245953e+02
1.070633176130326234e+02
1.120635024878328494e+02
1.053595084482883522e+02
7.387037225716186128e+01
8.029057619906342325e+01
8.059050618471407290e+01
4.923013402933578675e+01
1.023166403551342256e+02
7.405214972750327718e+01
9.588172912292326089e+01
5.639759913881726305e+01
8.979387530207343104e+01
6.392598674999425157e+01
6.593485016734597082e+01
8.351227339137916772e+01
9.419452870855647575e+01
6.257490937717899726e+01
9.673806818606061597e+01
6.813135758452237667e+01
7.771829837916342854e+01
7.123593406464743794e+01
9.700332509699642003e+01
8.605958537428361410e+01
6.067457198074655622e+01
6.940847572119787401e+01
6.660925974785995152e+01
1.144181314850513616e+02
7.767878636566474881e+01
9.395988138554278635e+01
5.152722896399018282e+01
7.025752116724919460e+01
7.262789351595664300e+01
8.798281196419317496e+01
6.696687723979550810e+01
5.088248696837561624e+01
1.006862979187501708e+02
8.684388419814058580e+01
9.007437053242924208e+01
1.007635853777900081e+02
7.708569945484076413e+01
1.210444695991855042e+02
9.818954647840249095e+01
6.707175994412955333e+01
7.850148244752709559e+01
6.412858179207866272e+01
6.156926461503315551e+01
6.891648517347260849e+01
7.199625495536456299e+01
1.114417280165047117e+02
6.538483237519110958e+01
9.136295984309485618e+01
9.026426603870891086e+01
6.157151911932540145e+01
8.707616708778341774e+01
9.157037184160768106e+01
7.472211720460816764e+01
9.109360341769207992e+01
8.401496925454968334e+01
1.079576490550951320e+02
7.877140600017138183e+01
8.600726965652307854e+01
1.044016417320917043e+02
9.858593767361107041e+01
4.410538762276364366e+01
7.853251597713560272e+01
6.129634567892252051e+01
9.090788920117933003e+01
5.383500636314769849e+01
6.399026350777630512e+01
6.171613593713952639e+01
8.398271913883070283e+01
8.321390105820410099e+01
2.863543829487587900e+01
9.575232753142040565e+01
5.084513925611650365e+01
9.162651089121898451e+01
6.649174056054455662e+01
6.142254440000748872e+01
7.217588597438859210e+01
6.094529952679721418e+01
5.597611233445983459e+01
9.250910945720626444e+01
6.646275750058731546e+01
8.688515290413590719e+01
8.000970605652182144e+01
9.558114277754049226e+01
7.495346970679479170e+01
1.199408095411399273e+02
9.494049331410457171e+01
6.494024529346471297e+01
1.049835977684274440e+02
7.902345200739091524e+01
8.425041516078482573e+01
4.360799869082985225e+01
5.313295693191663105e+01
6.008221365664601876e+01
8.880183854480755201e+01
7.825630585552093521e+01
7.016818728900926772e+01
8.368093434153449550e+01
5.706454729360809353e+01
1.015159634713154588e+02
7.034896182698921052e+01
6.724992626212093683e+01
1.028387536990965430e+02
6.567912720036026997e+01
7.952100759852625345e+01
6.873363030727254852e+01
6.281096510895933704e+01
7.244424229843787089e+01
7.547010259159777945e+01
9.164066876178989673e+01
9.851138310739361259e+01
7.352721750677588375e+01
8.540828936242610325e+01
8.104275600105009403e+01
5.976177772145533140e+01
7.023099168347268062e+01
4.799432705722185943e+01
7.853619913833628630e+01
8.432957809174139641e+01
9.089119343099602588e+01
1.116321290774995845e+02
7.373255594352343678e+01
8.049931471521480830e+01
9.172288863358767230e+01
8.504768207470711161e+01
1.009718155973468043e+02
6.918828610254391265e+01
1.083774050356893355e+02
5.963449688785545533e+01
1.084311704029737200e+02
9.137082990945501138e+01
1.143911001530895533e+02
8.113479416130078903e+01
5.849476007263475452e+01
5.804068439808885671e+01
1.020259699220126635e+02
8.871683566842271773e+01
6.110352906603466749e+01
8.357868438357846230e+01
5.388709088528467817e+01
8.863693488492310735e+01
6.740166140111139725e+01
7.318839124653979411e+01
5.470099764616023919e+01
8.266543687974531451e+01
7.971737924716629209e+01
5.595631834787956649e+01
5.941792692969110590e+01
8.215716619880431892e+01
7.523235812541980749e+01
1.030856572386833392e+02
7.975974415375796411e+01
7.487120492481335532e+01
9.241876733647998776e+01
1.014736403932977282e+02
8.728488935480356758e+01
8.836104403285014541e+01
7.881982691224717996e+01
7.525415446555429355e+01
8.399012346046750110e+01
9.707267856522219063e+01
7.794758438329401429e+01
9.746030397998299577e+01
3.304365210473412873e+01
8.488503393891652138e+01
6.294721450717322142e+01
7.937152160088686514e+01
8.865107667033879579e+01
8.583908711615259790e+01
1.124358304468596401e+02
6.021856546958789380e+01
8.991452930554524414e+01
8.179380017093930633e+01
5.859909168261620493e+01
1.030595748309632143e+02
6.741782689252946170e+01
6.090399175215792837e+01
6.635503637797289400e+01
8.971271247222334466e+01
8.310018306559494761e+01
6.521179103029061253e+01
9.004124092080247976e+01
5.662379667753802437e+01
3.527130900220185339e+01
7.338540644195508378e+01
7.659965657621498281e+01
8.886204243246309886e+01
7.479252136653153116e+01
4.667447763642088177e+01
6.270206567649950813e+01
6.543861183046639951e+01
6.545711951169656118e+01
6.930076924718250098e+01
7.267096835840450808e+01
1.058682998957235810e+02
6.252159613159872720e+01
1.131514428435721840e+02
7.076700213398660821e+01
5.698089986192869105e+01
7.371191212232699286e+01
9.577281232405807998e+01
5.812864663135659526e+01
7.436115498567924931e+01
8.940530753883601278e+01
8.902136453387815607e+01
8.732314853047506631e+01
9.566687611613041042e+01
6.524409537955247629e+01
8.483692960675465145e+01
8.482396787519894588e+01
9.789611538004655245e+01
8.836780118919651272e+01
4.991625665124099243e+01
6.223425813593997447e+01
6.241747744510213636e+01
6.912000650847042493e+01
1.066120996848163003e+02
1.248662380841200132e+02
6.491228632806979704e+01
6.282211711075329674e+01
8.807953503824184338e+01
8.329620973757384661e+01
4.381194482444479377e+01
8.104188967401960042e+01
8.845898638560419158e+01
4.077275705838371778e+01
8.615746220535049815e+01
5.890626945859413865e+01
5.987443994698369920e+01
8.390377367076830240e+01
5.925581937573677749e+01
9.034076170371444903e+01
9.804785732963244982e+01
1.112166273791648337e+02
9.979937957324976594e+01
9.280441110225429213e+01
6.936602235700135566e+01
7.317000046455525819e+01
1.113885533795852751e+02
5.163187934446590788e+01
6.863291118497464538e+01
7.794867631813741582e+01
7.265435119497176686e+01
1.006388067885570052e+02
6.333933748519777396e+01
9.943607304646377543e+01
8.578290090671605128e+01
6.242588754527454853e+01
5.294624857314418165e+01
5.023441722657573649e+01
7.697472906802391890e+01
