0.00 1.00 -303705.21 -303705.21 392.76 3925.89
1.00 1.00 -303705.21 -303722.13 392.76 3925.89
2.00 2.00 -303696.80 -303696.80 425.03 3923.82
3.00 3.00 -303614.32 -303614.32 419.11 3872.96
4.00 4.00 -303523.99 -303523.99 398.57 3880.61
5.00 4.00 -303523.99 -303677.81 398.57 3880.61
6.00 4.00 -303523.99 -303562.52 398.57 3880.61
7.00 4.00 -303523.99 -303793.41 398.57 3880.61
8.00 4.00 -303523.99 -303609.24 398.57 3880.61
9.00 4.00 -303523.99 -303731.20 398.57 3880.61
10.00 4.00 -303523.99 -303582.72 398.57 3880.61
11.00 5.00 -303504.91 -303504.91 408.16 3872.21
12.00 6.00 -303404.31 -303404.31 405.78 3832.66
13.00 6.00 -303404.31 -303588.97 405.78 3832.66
14.00 6.00 -303404.31 -303631.91 405.78 3832.66
15.00 7.00 -303373.69 -303373.69 417.67 3836.87
16.00 7.00 -303373.69 -303390.13 417.67 3836.87
17.00 7.00 -303373.69 -303474.43 417.67 3836.87
18.00 7.00 -303373.69 -303457.85 417.67 3836.87
19.00 8.00 -303355.25 -303355.25 395.58 3863.57
20.00 8.00 -303355.25 -303429.61 395.58 3863.57
21.00 8.00 -303355.25 -303608.16 395.58 3863.57
22.00 8.00 -303355.25 -303372.09 395.58 3863.57
23.00 8.00 -303355.25 -303442.33 395.58 3863.57
24.00 8.00 -303355.25 -303435.50 395.58 3863.57
25.00 8.00 -303355.25 -303434.08 395.58 3863.57
26.00 8.00 -303355.25 -303467.41 395.58 3863.57
27.00 8.00 -303355.25 -303554.35 395.58 3863.57
28.00 8.00 -303355.25 -303550.32 395.58 3863.57
29.00 8.00 -303355.25 -303488.44 395.58 3863.57
30.00 8.00 -303355.25 -303419.92 395.58 3863.57
31.00 8.00 -303355.25 -303487.91 395.58 3863.57
32.00 8.00 -303355.25 -303415.91 395.58 3863.57
33.00 8.00 -303355.25 -303415.52 395.58 3863.57
34.00 8.00 -303355.25 -303602.35 395.58 3863.57
35.00 8.00 -303355.25 -303504.38 395.58 3863.57
36.00 8.00 -303355.25 -303623.91 395.58 3863.57
37.00 8.00 -303355.25 -303506.66 395.58 3863.57
38.00 8.00 -303355.25 -303526.89 395.58 3863.57
39.00 8.00 -303355.25 -303479.80 395.58 3863.57
40.00 9.00 -303270.25 -303270.25 402.55 3822.75
41.00 9.00 -303270.25 -303375.41 402.55 3822.75
42.00 9.00 -303270.25 -303526.01 402.55 3822.75
43.00 9.00 -303270.25 -303361.30 402.55 3822.75
44.00 9.00 -303270.25 -303448.68 402.55 3822.75
45.00 10.00 -303192.86 -303192.86 406.79 3772.71
46.00 10.00 -303192.86 -303304.90 406.79 3772.71
47.00 10.00 -303192.86 -303445.42 406.79 3772.71
48.00 10.00 -303192.86 -303260.34 406.79 3772.71
49.00 10.00 -303192.86 -303300.53 406.79 3772.71
50.00 10.00 -303192.86 -303372.57 406.79 3772.71
51.00 10.00 -303192.86 -303439.29 406.79 3772.71
52.00 10.00 -303192.86 -303371.50 406.79 3772.71
53.00 10.00 -303192.86 -303362.13 406.79 3772.71
54.00 10.00 -303192.86 -303404.82 406.79 3772.71
55.00 10.00 -303192.86 -303449.40 406.79 3772.71
56.00 11.00 -303097.69 -303097.69 413.30 3771.38
57.00 12.00 -303034.39 -303034.39 413.89 3770.34
58.00 12.00 -303034.39 -303228.59 413.89 3770.34
59.00 12.00 -303034.39 -303077.32 413.89 3770.34
60.00 12.00 -303034.39 -303126.99 413.89 3770.34
61.00 12.00 -303034.39 -303169.97 413.89 3770.34
62.00 12.00 -303034.39 -303305.94 413.89 3770.34
63.00 13.00 -303006.82 -303006.82 424.66 3770.39
64.00 13.00 -303006.82 -303079.47 424.66 3770.39
65.00 13.00 -303006.82 -303041.93 424.66 3770.39
66.00 13.00 -303006.82 -303036.18 424.66 3770.39
67.00 13.00 -303006.82 -303015.84 424.66 3770.39
68.00 14.00 -302996.61 -302996.61 408.98 3772.19
69.00 15.00 -302989.58 -302989.58 415.55 3769.67
70.00 15.00 -302989.58 -303087.98 415.55 3769.67
71.00 16.00 -302982.78 -302982.78 417.09 3782.94
72.00 16.00 -302982.78 -303036.32 417.09 3782.94
73.00 16.00 -302982.78 -303159.47 417.09 3782.94
74.00 16.00 -302982.78 -303180.76 417.09 3782.94
75.00 16.00 -302982.78 -303084.75 417.09 3782.94
76.00 16.00 -302982.78 -303075.86 417.09 3782.94
77.00 16.00 -302982.78 -303050.47 417.09 3782.94
78.00 16.00 -302982.78 -303000.44 417.09 3782.94
79.00 17.00 -302807.62 -302807.62 414.50 3755.05
80.00 17.00 -302807.62 -302867.63 414.50 3755.05
81.00 17.00 -302807.62 -302916.65 414.50 3755.05
82.00 17.00 -302807.62 -302905.26 414.50 3755.05
83.00 18.00 -302710.99 -302710.99 395.15 3732.63
84.00 18.00 -302710.99 -302832.99 395.15 3732.63
85.00 18.00 -302710.99 -302733.17 395.15 3732.63
86.00 18.00 -302710.99 -302787.91 395.15 3732.63
87.00 19.00 -302667.85 -302667.85 382.41 3722.01
88.00 19.00 -302667.85 -302830.20 382.41 3722.01
89.00 19.00 -302667.85 -302826.19 382.41 3722.01
90.00 20.00 -302661.11 -302661.11 362.79 3717.34
91.00 20.00 -302661.11 -302944.70 362.79 3717.34
92.00 20.00 -302661.11 -302850.90 362.79 3717.34
93.00 20.00 -302661.11 -302936.71 362.79 3717.34
94.00 20.00 -302661.11 -302957.68 362.79 3717.34
95.00 20.00 -302661.11 -302729.98 362.79 3717.34
96.00 20.00 -302661.11 -302808.64 362.79 3717.34
97.00 20.00 -302661.11 -302754.71 362.79 3717.34
98.00 20.00 -302661.11 -302761.14 362.79 3717.34
99.00 21.00 -302546.31 -302546.31 364.66 3685.84
100.00 21.00 -302546.31 -302579.83 364.66 3685.84
101.00 21.00 -302546.31 -302705.21 364.66 3685.84
102.00 21.00 -302546.31 -302651.23 364.66 3685.84
103.00 21.00 -302546.31 -302874.18 364.66 3685.84
104.00 22.00 -302504.73 -302504.73 371.83 3683.49
105.00 22.00 -302504.73 -302750.21 371.83 3683.49
106.00 22.00 -302504.73 -302782.12 371.83 3683.49
107.00 22.00 -302504.73 -302861.58 371.83 3683.49
108.00 22.00 -302504.73 -302650.17 371.83 3683.49
109.00 22.00 -302504.73 -302591.73 371.83 3683.49
110.00 22.00 -302504.73 -302766.74 371.83 3683.49
111.00 22.00 -302504.73 -302667.83 371.83 3683.49
112.00 22.00 -302504.73 -302681.52 371.83 3683.49
113.00 22.00 -302504.73 -302789.27 371.83 3683.49
114.00 22.00 -302504.73 -302721.49 371.83 3683.49
115.00 22.00 -302504.73 -302605.35 371.83 3683.49
116.00 22.00 -302504.73 -302632.60 371.83 3683.49
117.00 22.00 -302504.73 -302626.67 371.83 3683.49
118.00 22.00 -302504.73 -302762.77 371.83 3683.49
119.00 22.00 -302504.73 -302659.42 371.83 3683.49
120.00 22.00 -302504.73 -302631.32 371.83 3683.49
121.00 22.00 -302504.73 -302706.56 371.83 3683.49
122.00 22.00 -302504.73 -302762.02 371.83 3683.49
123.00 22.00 -302504.73 -302637.33 371.83 3683.49
