0.00
615.30
615.30
615.30
615.30
613.00
613.00
613.00
613.00
613.00
613.00
613.00
613.00
613.00
613.00
613.00
613.00
613.00
613.00
613.00
613.00
613.00
613.00
613.00
613.00
613.00
613.00
613.00
613.00
613.00
613.00
613.00
613.00
613.00
613.00
613.00
613.00
613.00
613.00
613.00
613.00
613.00
613.00
613.00
613.00
613.00
613.00
613.00
613.00
613.00
613.00
613.00
613.00
613.00
613.00
613.00
613.00
613.00
613.00
613.00
613.00
613.00
613.00
607.68
607.68
607.68
607.68
607.68
607.68
607.68
607.68
607.68
607.68
607.68
607.68
607.68
607.68
607.68
607.68
607.68
607.68
607.68
607.68
607.68
607.68
607.68
607.68
607.68
607.68
607.68
607.68
607.68
607.68
607.68
607.68
607.68
607.68
607.68
607.68
607.68
607.68
607.68
607.68
607.68
607.68
607.68
607.68
607.68
607.68
607.68
607.68
607.68
607.68
607.68
607.68
607.68
607.68
607.68
607.68
607.68
607.68
607.68
607.68
607.68
