0.00
0.00
0.00
0.00
0.00
0.00
613.65
613.65
613.65
613.65
613.65
613.65
613.65
613.65
613.65
613.65
613.65
613.65
613.65
613.65
613.65
613.65
613.65
613.65
613.65
613.65
613.65
613.65
613.65
613.65
613.65
613.65
613.65
613.65
613.65
613.65
613.65
613.65
613.65
613.65
613.65
613.65
613.65
613.65
613.65
612.58
612.58
612.58
612.58
612.58
612.58
612.58
612.58
612.58
612.58
612.58
612.58
612.58
612.58
612.58
612.58
612.58
612.58
612.58
612.58
612.58
612.58
612.58
612.58
612.58
612.58
612.58
612.58
612.58
612.58
612.58
612.58
612.58
612.58
612.58
612.58
612.58
612.58
612.58
612.58
612.58
612.58
612.58
612.58
612.58
612.58
612.58
612.58
612.58
612.58
612.58
612.58
612.58
612.58
612.58
612.58
612.58
612.58
612.58
611.95
611.95
611.95
611.95
611.95
611.95
611.95
611.95
611.95
611.95
611.95
611.95
611.95
611.95
611.95
611.95
611.95
611.95
611.95
611.95
