623.20
618.46
618.46
618.46
618.46
618.46
618.46
617.27
617.27
617.27
617.27
617.27
617.27
617.27
617.27
617.27
617.27
617.27
616.45
616.45
616.45
616.45
616.45
616.45
616.45
616.45
616.45
616.45
616.45
616.45
616.45
616.45
616.45
616.45
616.45
616.45
616.45
616.45
616.45
616.45
615.16
615.16
615.16
615.16
615.16
615.16
615.16
615.16
615.16
615.16
615.16
615.16
615.16
615.16
615.16
615.16
615.16
615.16
615.16
615.16
615.16
615.16
615.16
615.16
615.16
615.16
613.28
613.28
613.28
613.28
613.28
613.28
613.28
613.28
613.28
613.28
613.28
613.28
613.28
613.28
613.28
613.28
613.28
613.28
613.28
613.28
613.28
613.28
613.28
613.28
613.28
613.28
613.28
613.28
613.28
613.28
613.28
613.28
613.28
613.28
613.28
613.28
613.28
613.28
613.28
613.28
613.28
613.28
613.28
613.28
613.28
613.28
613.28
613.28
613.28
613.28
613.28
613.28
613.28
613.28
613.28
613.28
613.28
613.28
