0.00
621.04
621.04
617.28
617.28
617.28
613.04
613.04
613.04
613.04
613.04
613.04
613.04
613.04
613.04
613.04
613.04
613.04
613.04
613.04
613.04
613.04
613.04
613.04
613.04
613.04
613.04
613.04
613.04
613.04
613.04
613.04
606.49
606.49
606.49
606.49
606.49
606.49
606.49
606.49
606.49
606.49
606.49
606.49
606.49
606.49
606.49
606.49
606.49
606.49
606.49
606.49
606.49
606.49
606.49
606.49
606.49
606.49
606.49
606.49
606.49
606.49
606.49
606.49
606.49
606.49
606.49
606.49
606.49
606.49
606.49
606.49
606.49
606.49
606.49
606.49
606.49
606.49
606.49
606.49
606.49
606.49
606.49
606.49
606.49
606.49
606.49
606.49
606.49
606.49
606.49
606.49
606.49
606.49
606.49
606.49
606.49
606.49
606.49
606.49
606.49
606.49
606.49
606.49
606.49
606.49
606.49
606.49
606.49
606.49
606.49
606.49
606.49
606.49
606.49
606.49
606.49
606.49
606.49
606.49
606.49
606.49
606.49
606.49
