619.02
618.37
618.37
618.37
618.37
614.42
614.42
614.42
614.42
614.42
614.42
614.42
614.42
614.42
614.42
614.42
614.42
614.42
614.42
614.42
614.42
614.42
614.42
614.42
614.42
614.42
614.42
614.42
614.42
611.00
611.00
611.00
611.00
611.00
611.00
611.00
611.00
611.00
611.00
611.00
611.00
611.00
611.00
611.00
611.00
611.00
611.00
611.00
611.00
611.00
611.00
611.00
611.00
611.00
611.00
611.00
611.00
611.00
611.00
611.00
611.00
611.00
611.00
611.00
611.00
611.00
611.00
611.00
611.00
611.00
611.00
611.00
611.00
611.00
611.00
611.00
611.00
611.00
611.00
611.00
611.00
611.00
611.00
611.00
611.00
611.00
611.00
611.00
611.00
611.00
611.00
611.00
611.00
611.00
611.00
611.00
611.00
611.00
611.00
611.00
611.00
611.00
611.00
611.00
611.00
611.00
611.00
611.00
611.00
611.00
611.00
611.00
611.00
611.00
611.00
611.00
611.00
611.00
611.00
611.00
611.00
611.00
611.00
611.00
