617.44
617.44
617.44
617.44
617.44
617.44
617.44
617.44
617.44
617.44
617.44
617.44
616.95
614.30
614.30
614.30
614.30
614.30
614.30
614.30
614.30
614.30
614.30
614.30
611.81
611.81
611.81
611.81
611.81
611.81
611.81
611.81
611.81
611.81
611.81
611.81
611.81
611.81
611.81
611.81
611.81
611.81
611.81
611.81
611.81
611.81
611.81
611.81
611.81
611.81
611.81
611.81
611.81
611.81
611.81
611.81
611.81
611.81
611.81
611.81
611.81
611.81
611.81
611.81
611.81
611.81
611.81
611.81
611.81
611.81
611.81
611.81
611.81
611.81
611.81
611.81
611.81
611.81
611.81
611.81
611.81
611.81
611.81
611.81
611.81
611.81
611.81
611.81
611.81
611.81
611.81
611.81
611.81
611.81
611.81
611.81
611.81
611.81
611.81
611.81
611.81
611.81
611.81
611.81
611.81
611.81
611.81
611.81
611.81
611.81
611.26
611.26
611.26
611.26
611.26
611.26
611.26
611.26
611.26
611.26
611.26
611.26
611.26
611.26
