0.00
623.26
619.12
619.12
619.12
618.83
618.83
618.83
618.83
618.83
618.83
618.83
618.83
618.83
618.83
618.83
618.83
618.83
618.83
618.83
618.83
618.83
618.83
618.83
618.83
618.83
618.83
618.34
618.34
618.34
618.34
618.34
618.34
618.34
618.34
616.95
616.95
616.95
616.95
616.95
616.95
616.95
616.95
616.95
616.95
616.95
616.95
616.95
616.95
616.95
616.95
616.95
616.95
616.95
616.95
616.95
616.95
616.95
616.95
616.95
616.95
616.95
616.95
616.95
616.95
616.95
616.95
616.95
616.95
616.95
616.95
612.18
612.18
612.18
612.18
612.18
612.18
612.18
612.18
612.18
612.18
612.18
612.18
612.18
612.18
612.18
612.18
612.18
612.18
612.18
612.18
612.18
612.18
612.18
612.18
612.18
612.18
612.18
612.18
612.18
612.18
612.18
612.18
612.18
612.18
612.18
612.18
612.18
612.18
612.18
612.18
612.18
612.18
612.18
612.18
612.18
612.18
612.18
612.18
612.18
612.18
612.18
612.18
612.18
