616.12
616.12
616.12
616.12
616.12
616.12
616.12
616.12
616.12
616.12
616.12
616.12
616.12
616.12
616.12
616.12
616.12
616.12
616.12
616.12
616.12
616.12
616.12
616.12
616.12
616.12
616.12
616.12
616.12
616.12
616.12
616.12
616.12
616.12
616.12
616.12
616.12
616.12
616.12
616.12
616.12
616.12
616.12
616.12
616.12
612.62
612.62
612.62
612.62
612.62
612.62
612.62
612.62
612.62
612.62
612.62
612.62
612.62
612.62
612.62
612.62
612.62
612.62
612.62
612.62
612.62
612.62
612.62
612.62
612.62
612.62
612.62
612.62
612.62
612.62
612.62
612.62
612.62
612.62
612.62
612.62
612.62
612.62
612.62
612.62
612.62
612.62
612.62
612.62
612.62
612.62
612.62
612.62
612.62
612.62
612.62
612.62
612.62
612.62
612.62
612.62
612.62
612.62
612.62
612.62
612.62
612.62
612.62
612.62
612.62
612.62
612.62
612.62
612.62
612.62
612.62
612.62
612.62
612.62
612.62
612.62
612.62
612.62
612.62
