-15004.83
-15026.76
-15035.94
-15005.98
-15021.63
-15015.36
-14992.78
-14990.56
-14990.11
-15006.08
-14996.20
-14981.21
-14986.15
-14986.33
-14998.13
-14987.32
-14985.49
-14995.08
-14985.68
-14999.70
-14997.71
-14994.03
-14975.04
-14995.45
-14981.85
-14991.36
-15002.61
-15002.75
-14995.05
-14980.20
-15010.51
-15000.59
-14975.89
-14991.06
-15012.22
-14996.80
-14994.31
-15008.05
-14997.33
-14989.43
-14999.77
-14993.85
-14979.38
-15000.55
-15011.54
-14994.00
-14997.43
-14998.23
-14984.71
-14998.19
-14978.23
-14998.83
-15004.71
-14996.68
-14998.70
-14982.83
-15002.87
-14981.64
-15016.93
-14986.36
-14973.42
-14982.79
-15003.37
-14992.65
-14980.31
-15000.18
-14980.96
-14988.13
-15014.96
-15016.13
-14979.87
-14979.93
-14977.02
-14993.01
-15010.49
-15003.20
-15008.14
-14994.38
-14992.61
-14984.09
-15007.14
-14995.49
-14999.63
-14994.81
-14979.68
-15002.10
-14979.12
-14993.50
-14986.39
-14983.96
-14994.42
-14990.88
-14980.04
-15009.09
-14977.07
-14996.74
-14990.64
-14979.39
-15007.43
-14995.07
-14991.75
-14986.70
-15004.90
-14988.47
-14994.30
-14989.78
-14993.90
-14981.72
-14987.10
-14994.18
-14989.32
-15002.57
-14998.26
-15001.82
-14991.67
-14977.90
-14983.09
-14999.16
-14983.02
-14992.29
-14994.37
-14992.73
-15001.74
-14986.38
-14984.86
-15004.17
-14979.00
-14993.41
-14973.07
-14993.66
-15012.00
-14978.96
-14990.63
-15004.37
-14987.14
-14979.05
-15025.47
-14987.66
-14989.58
-14981.65
-14991.85
-14976.35
-14984.01
-15000.76
-14996.13
-14989.50
-15004.95
-15002.08
-14990.41
-15007.69
-14993.31
-15002.21
-15028.08
-14998.13
-14999.27
-15001.58
-14997.27
-14998.32
-15036.03
-14992.62
-15041.74
-15007.53
-15001.08
-14985.32
-14996.46
-15024.77
-15008.34
-14985.14
-15002.39
-15031.09
-14995.61
-15007.95
-14987.52
-15035.22
-15024.22
-15002.61
-15004.39
-15004.29
-15012.06
-15020.30
-15012.30
-15001.49
-15018.60
-14999.58
-14981.17
-14988.68
-15007.47
-15024.32
-15011.80
-14988.03
-14988.51
-14974.29
-15028.90
-15007.14
-15003.43
-15010.73
-15006.03
-14994.20
-15008.44
-14993.32
-14994.73
-14994.78
-14993.71
-15002.26
-14993.66
-15001.83
-15027.83
-14995.98
-14984.94
-14989.39
-15004.58
-14985.84
-14973.57
-14998.25
-14994.38
-14993.07
-14993.96
-14989.32
-15006.05
-14997.23
-14995.51
-15007.23
-14997.06
-14989.59
-14994.33
-14990.31
-15018.25
-14986.75
-15000.04
-15025.98
-15004.78
-14996.62
-15016.28
-15015.97
-14985.91
-15007.88
-14999.61
