-12320.59
-12326.93
-12310.00
-12360.78
-12305.43
-12302.41
-12317.12
-12329.01
-12327.52
-12315.44
-12326.80
-12327.28
-12321.21
-12331.02
-12298.28
-12319.96
-12295.00
-12314.63
-12310.02
-12313.17
-12326.88
-12300.08
-12292.38
-12303.46
-12304.85
-12292.52
-12314.55
-12322.81
-12321.53
-12318.63
-12315.01
-12301.75
-12301.58
-12314.48
-12321.37
-12309.75
-12299.91
-12305.48
-12307.01
-12325.08
-12305.48
-12307.29
-12298.39
-12340.78
-12304.24
-12289.28
-12288.87
-12286.82
-12293.99
-12293.65
-12303.67
-12310.02
-12293.65
-12295.45
-12301.71
-12288.67
-12290.74
-12282.43
-12285.57
-12300.17
-12299.04
-12300.81
-12299.16
-12295.85
-12292.18
-12290.59
-12301.20
-12302.05
-12291.08
-12297.19
-12296.36
-12309.05
-12297.13
-12292.56
-12281.39
-12282.57
-12289.10
-12286.35
-12282.61
-12288.20
-12297.76
-12290.97
-12302.36
-12288.30
-12307.34
-12303.90
-12296.62
-12288.36
-12293.98
-12286.46
-12308.93
-12288.69
-12288.56
-12303.66
-12313.09
-12297.43
-12304.17
-12298.31
-12307.27
-12287.72
-12304.03
-12308.82
-12304.80
-12297.16
-12294.82
-12289.53
-12289.36
-12285.37
-12320.80
-12298.13
-12303.25
-12296.74
-12292.12
-12291.59
-12327.51
-12290.69
-12290.74
-12300.85
-12302.79
-12299.32
-12301.64
-12290.88
-12318.25
-12305.25
-12303.24
-12303.89
-12317.07
-12302.52
-12300.00
-12293.74
-12299.00
-15006.09
-14998.13
-14989.07
-14984.54
-14992.90
-14983.21
-14977.26
-14969.86
-14993.51
-14975.82
-14981.77
-14995.20
-14980.29
-14999.86
-14982.81
-14985.84
-14992.28
-14999.81
-14986.35
-14975.00
-15008.93
-15012.70
-14999.70
-14975.48
-14984.11
-14997.76
-14994.50
-15002.23
-14990.65
-14983.85
-14977.68
-14988.91
-14996.46
-14983.03
-14975.34
-14993.38
-14981.31
-14977.04
-14975.18
-14989.58
-14991.74
-14986.08
-14977.99
-15001.94
-14983.59
-14973.54
-14991.19
-14987.30
-14989.60
-14991.52
-14977.55
-14976.39
-14978.74
-14988.93
-14974.68
-14979.44
-14991.39
-14988.99
-14972.68
-14991.57
-14986.94
-14985.86
-14981.88
-15006.46
-15002.51
-14959.28
-14977.56
-15000.88
-14979.60
-14990.17
-14976.24
-14984.27
-14982.91
-14995.34
-14992.70
-14976.95
-14985.67
-14983.89
-14985.94
-14981.91
-14986.22
-15006.20
-14972.07
-14999.77
-14990.64
-14993.63
-14984.65
-14998.35
-14991.35
-14986.39
-14973.77
-14991.51
-14988.02
-14964.17
-14975.95
-14981.21
-15005.47
-14979.79
-14986.24
-14986.27
-14988.06
-14964.03
-14983.83
-14987.72
-14983.59
-14983.81
-14980.13
-14973.43
