-13629.29
-13657.25
-13589.28
-13624.88
-13604.42
-13594.88
-13602.51
-13573.59
-13610.94
-13589.89
-13576.56
-13589.68
-13595.60
-13593.73
-13597.55
-13591.65
-13587.24
-13599.58
-13598.95
-13603.95
-13591.93
-13588.13
-13602.99
-13598.90
-13598.45
-13585.06
-13613.58
-13594.39
-13593.42
-13588.77
-13593.75
-13604.34
-13591.75
-13590.04
-13589.98
-13607.45
-13617.40
-13600.82
-13624.48
-13607.40
-13608.93
-13594.14
-13596.06
-13579.62
-13592.58
-13598.29
-13586.15
-13590.42
-13597.39
-13603.24
-13581.27
-13588.47
-13596.96
-13598.46
-13605.25
-13587.23
-13633.56
-13609.19
-13584.76
-13599.59
-13589.70
-13586.18
-13623.25
-13623.71
-13606.50
-13615.94
-13609.73
-13596.22
-13597.20
-13600.47
-13595.16
-13589.67
-13591.65
-13583.87
-13588.50
-13591.55
-13591.60
-13600.22
-13599.54
-13580.52
-13606.18
-13599.19
-13602.92
-13599.76
-13587.34
-13590.27
-13591.20
-13593.85
-13584.53
-13609.32
-13594.97
-13591.99
-13589.68
-13587.20
-13597.17
-13615.85
-13596.81
-13598.30
-13599.38
-13596.94
-13619.78
-13589.79
-13590.83
-13585.98
-13588.44
-13599.75
-13598.52
-13601.18
-13585.14
-13583.39
-13603.51
-13594.46
-13589.39
-13588.83
-13587.76
-13597.58
-13600.02
-13603.05
-13595.58
-13610.25
-13605.16
-13599.54
-13589.81
-13595.39
-13591.54
-13593.29
-13592.28
-13598.26
-13585.25
-13600.65
-13598.46
-15008.24
-15037.37
-15008.44
-15005.87
-15004.64
-15016.75
-15012.20
-15003.58
-15004.79
-15012.83
-15004.80
-14997.80
-14987.87
-14998.10
-14976.15
-15002.16
-15005.39
-15010.22
-14987.92
-14995.51
-14978.63
-14990.44
-14993.64
-14994.24
-14982.90
-14994.81
-14982.76
-14981.62
-14983.39
-14985.98
-15006.83
-14984.91
-14998.93
-14993.14
-14984.19
-14989.40
-14990.01
-15010.34
-14979.42
-14984.33
-14995.05
-14997.35
-14990.95
-14987.22
-14991.00
-14987.94
-14980.53
-14997.21
-14985.69
-14989.96
-15000.53
-14993.30
-14991.79
-14986.73
-15003.37
-15007.58
-14982.83
-15009.71
-14975.30
-14986.03
-14985.74
-14997.97
-15004.33
-14992.73
-15008.37
-15001.49
-14991.19
-14975.66
-14989.11
-14990.81
-14995.61
-14983.81
-14990.16
-14992.97
-14994.49
-14988.82
-15000.56
-14979.42
-14986.29
-14983.78
-14984.16
-14994.40
-14979.15
-14976.06
-14980.98
-15001.05
-14985.38
-14982.49
-14990.76
-15000.06
-14988.34
-14985.38
-14980.39
-14991.18
-14977.06
-14991.17
-14985.54
-14971.51
-14985.03
-14987.86
-14968.20
-14995.45
-14982.93
-14977.59
-14971.51
-14971.13
-14982.50
-14990.01
-14989.12
-14982.71
