0.00 1.00 -12298.34 -12298.34 436.68 2926.68
1.00 1.00 -12298.34 -12302.69 436.68 2926.68
2.00 1.00 -12298.34 -12329.29 436.68 2926.68
3.00 1.00 -12298.34 -12306.34 436.68 2926.68
4.00 1.00 -12298.34 -12345.67 436.68 2926.68
5.00 1.00 -12298.34 -12314.38 436.68 2926.68
6.00 1.00 -12298.34 -12324.49 436.68 2926.68
7.00 1.00 -12298.34 -12322.07 436.68 2926.68
8.00 2.00 -12283.85 -12283.85 426.74 2922.21
9.00 2.00 -12283.85 -12291.55 426.74 2922.21
10.00 2.00 -12283.85 -12314.37 426.74 2922.21
11.00 2.00 -12283.85 -12319.01 426.74 2922.21
12.00 2.00 -12283.85 -12328.49 426.74 2922.21
13.00 2.00 -12283.85 -12288.27 426.74 2922.21
14.00 2.00 -12283.85 -12302.85 426.74 2922.21
15.00 2.00 -12283.85 -12304.49 426.74 2922.21
16.00 2.00 -12283.85 -12296.41 426.74 2922.21
17.00 2.00 -12283.85 -12289.16 426.74 2922.21
18.00 2.00 -12283.85 -12319.75 426.74 2922.21
19.00 2.00 -12283.85 -12318.88 426.74 2922.21
20.00 2.00 -12283.85 -12322.92 426.74 2922.21
21.00 2.00 -12283.85 -12300.71 426.74 2922.21
22.00 2.00 -12283.85 -12294.95 426.74 2922.21
23.00 2.00 -12283.85 -12304.75 426.74 2922.21
24.00 2.00 -12283.85 -12301.98 426.74 2922.21
25.00 2.00 -12283.85 -12324.81 426.74 2922.21
26.00 2.00 -12283.85 -12307.91 426.74 2922.21
27.00 2.00 -12283.85 -12316.49 426.74 2922.21
28.00 2.00 -12283.85 -12308.19 426.74 2922.21
29.00 2.00 -12283.85 -12313.64 426.74 2922.21
30.00 2.00 -12283.85 -12310.06 426.74 2922.21
31.00 2.00 -12283.85 -12311.34 426.74 2922.21
32.00 2.00 -12283.85 -12325.94 426.74 2922.21
33.00 2.00 -12283.85 -12306.33 426.74 2922.21
34.00 2.00 -12283.85 -12291.06 426.74 2922.21
35.00 2.00 -12283.85 -12310.45 426.74 2922.21
36.00 2.00 -12283.85 -12290.57 426.74 2922.21
37.00 2.00 -12283.85 -12304.26 426.74 2922.21
38.00 2.00 -12283.85 -12308.22 426.74 2922.21
39.00 2.00 -12283.85 -12303.72 426.74 2922.21
40.00 2.00 -12283.85 -12301.53 426.74 2922.21
41.00 2.00 -12283.85 -12293.74 426.74 2922.21
42.00 2.00 -12283.85 -12328.94 426.74 2922.21
43.00 2.00 -12283.85 -12298.25 426.74 2922.21
44.00 2.00 -12283.85 -12296.29 426.74 2922.21
45.00 2.00 -12283.85 -12292.18 426.74 2922.21
46.00 2.00 -12283.85 -12321.55 426.74 2922.21
47.00 2.00 -12283.85 -12300.02 426.74 2922.21
48.00 2.00 -12283.85 -12302.92 426.74 2922.21
49.00 2.00 -12283.85 -12301.97 426.74 2922.21
50.00 2.00 -12283.85 -12323.16 426.74 2922.21
51.00 2.00 -12283.85 -12325.92 426.74 2922.21
52.00 2.00 -12283.85 -12325.42 426.74 2922.21
53.00 2.00 -12283.85 -12322.17 426.74 2922.21
54.00 2.00 -12283.85 -12301.54 426.74 2922.21
55.00 2.00 -12283.85 -12316.30 426.74 2922.21
56.00 2.00 -12283.85 -12315.62 426.74 2922.21
57.00 2.00 -12283.85 -12332.83 426.74 2922.21
58.00 3.00 -12279.24 -12279.24 425.52 2911.16
59.00 3.00 -12279.24 -12305.00 425.52 2911.16
60.00 4.00 -12274.30 -12274.30 421.65 2922.01
61.00 4.00 -12274.30 -12291.26 421.65 2922.01
62.00 4.00 -12274.30 -12301.91 421.65 2922.01
63.00 4.00 -12274.30 -12280.14 421.65 2922.01
64.00 4.00 -12274.30 -12289.90 421.65 2922.01
65.00 4.00 -12274.30 -12297.45 421.65 2922.01
66.00 4.00 -12274.30 -12282.75 421.65 2922.01
67.00 4.00 -12274.30 -12296.06 421.65 2922.01
68.00 4.00 -12274.30 -12303.90 421.65 2922.01
69.00 4.00 -12274.30 -12335.60 421.65 2922.01
70.00 4.00 -12274.30 -12324.93 421.65 2922.01
71.00 4.00 -12274.30 -12321.35 421.65 2922.01
72.00 4.00 -12274.30 -12302.65 421.65 2922.01
73.00 4.00 -12274.30 -12295.43 421.65 2922.01
74.00 4.00 -12274.30 -12314.44 421.65 2922.01
75.00 4.00 -12274.30 -12317.42 421.65 2922.01
76.00 4.00 -12274.30 -12318.39 421.65 2922.01
77.00 4.00 -12274.30 -12306.53 421.65 2922.01
78.00 4.00 -12274.30 -12321.31 421.65 2922.01
79.00 4.00 -12274.30 -12322.86 421.65 2922.01
80.00 4.00 -12274.30 -12297.90 421.65 2922.01
81.00 4.00 -12274.30 -12289.24 421.65 2922.01
82.00 4.00 -12274.30 -12315.51 421.65 2922.01
83.00 4.00 -12274.30 -12297.08 421.65 2922.01
84.00 4.00 -12274.30 -12293.27 421.65 2922.01
85.00 4.00 -12274.30 -12296.77 421.65 2922.01
86.00 4.00 -12274.30 -12293.64 421.65 2922.01
87.00 4.00 -12274.30 -12296.64 421.65 2922.01
88.00 4.00 -12274.30 -12312.41 421.65 2922.01
89.00 4.00 -12274.30 -12299.40 421.65 2922.01
90.00 4.00 -12274.30 -12302.48 421.65 2922.01
91.00 4.00 -12274.30 -12297.65 421.65 2922.01
92.00 4.00 -12274.30 -12305.70 421.65 2922.01
93.00 4.00 -12274.30 -12278.22 421.65 2922.01
94.00 4.00 -12274.30 -12286.99 421.65 2922.01
95.00 4.00 -12274.30 -12279.11 421.65 2922.01
96.00 4.00 -12274.30 -12292.78 421.65 2922.01
97.00 4.00 -12274.30 -12294.76 421.65 2922.01
98.00 4.00 -12274.30 -12304.07 421.65 2922.01
99.00 4.00 -12274.30 -12305.20 421.65 2922.01
100.00 4.00 -12274.30 -12295.31 421.65 2922.01
101.00 4.00 -12274.30 -12285.80 421.65 2922.01
102.00 4.00 -12274.30 -12318.40 421.65 2922.01
103.00 4.00 -12274.30 -12301.40 421.65 2922.01
104.00 4.00 -12274.30 -12303.00 421.65 2922.01
105.00 4.00 -12274.30 -12303.41 421.65 2922.01
106.00 4.00 -12274.30 -12304.05 421.65 2922.01
107.00 4.00 -12274.30 -12320.13 421.65 2922.01
108.00 4.00 -12274.30 -12306.96 421.65 2922.01
109.00 4.00 -12274.30 -12311.35 421.65 2922.01
110.00 4.00 -12274.30 -12300.32 421.65 2922.01
111.00 4.00 -12274.30 -12301.19 421.65 2922.01
112.00 4.00 -12274.30 -12314.99 421.65 2922.01
113.00 4.00 -12274.30 -12300.47 421.65 2922.01
114.00 4.00 -12274.30 -12297.58 421.65 2922.01
115.00 4.00 -12274.30 -12320.09 421.65 2922.01
116.00 4.00 -12274.30 -12313.23 421.65 2922.01
117.00 4.00 -12274.30 -12275.03 421.65 2922.01
118.00 4.00 -12274.30 -12328.84 421.65 2922.01
119.00 4.00 -12274.30 -12325.24 421.65 2922.01
120.00 4.00 -12274.30 -12295.74 421.65 2922.01
121.00 4.00 -12274.30 -12285.38 421.65 2922.01
122.00 4.00 -12274.30 -12307.99 421.65 2922.01
123.00 4.00 -12274.30 -12310.88 421.65 2922.01
124.00 4.00 -12274.30 -12331.13 421.65 2922.01
125.00 4.00 -12274.30 -12314.25 421.65 2922.01
126.00 4.00 -12274.30 -12319.20 421.65 2922.01
127.00 4.00 -12274.30 -12306.16 421.65 2922.01
128.00 4.00 -12274.30 -12328.11 421.65 2922.01
129.00 4.00 -12274.30 -12330.28 421.65 2922.01
130.00 4.00 -12274.30 -12320.00 421.65 2922.01
131.00 5.00 -14989.95 -14989.95 435.16 2926.20
132.00 6.00 -14980.71 -14980.71 429.77 2926.94
133.00 7.00 -14966.18 -14966.18 422.84 2929.52
134.00 7.00 -14966.18 -14992.68 422.84 2929.52
135.00 7.00 -14966.18 -15012.11 422.84 2929.52
136.00 7.00 -14966.18 -15036.37 422.84 2929.52
137.00 7.00 -14966.18 -15003.28 422.84 2929.52
138.00 7.00 -14966.18 -15004.89 422.84 2929.52
139.00 7.00 -14966.18 -15026.70 422.84 2929.52
140.00 7.00 -14966.18 -15000.62 422.84 2929.52
141.00 7.00 -14966.18 -14999.15 422.84 2929.52
142.00 7.00 -14966.18 -15023.90 422.84 2929.52
143.00 7.00 -14966.18 -15005.89 422.84 2929.52
144.00 7.00 -14966.18 -14998.78 422.84 2929.52
145.00 7.00 -14966.18 -14983.36 422.84 2929.52
146.00 7.00 -14966.18 -15017.40 422.84 2929.52
147.00 7.00 -14966.18 -15002.25 422.84 2929.52
148.00 7.00 -14966.18 -14985.53 422.84 2929.52
149.00 7.00 -14966.18 -14993.59 422.84 2929.52
150.00 7.00 -14966.18 -14985.11 422.84 2929.52
151.00 7.00 -14966.18 -14977.88 422.84 2929.52
152.00 7.00 -14966.18 -14984.76 422.84 2929.52
153.00 7.00 -14966.18 -14989.59 422.84 2929.52
154.00 7.00 -14966.18 -15017.95 422.84 2929.52
155.00 7.00 -14966.18 -15038.70 422.84 2929.52
156.00 7.00 -14966.18 -14983.67 422.84 2929.52
157.00 7.00 -14966.18 -14998.74 422.84 2929.52
158.00 7.00 -14966.18 -14986.72 422.84 2929.52
159.00 7.00 -14966.18 -15012.66 422.84 2929.52
160.00 7.00 -14966.18 -15028.82 422.84 2929.52
161.00 7.00 -14966.18 -15042.74 422.84 2929.52
162.00 7.00 -14966.18 -14996.15 422.84 2929.52
163.00 7.00 -14966.18 -14976.93 422.84 2929.52
164.00 7.00 -14966.18 -15002.48 422.84 2929.52
165.00 7.00 -14966.18 -14985.30 422.84 2929.52
166.00 7.00 -14966.18 -14994.69 422.84 2929.52
167.00 7.00 -14966.18 -15004.01 422.84 2929.52
168.00 7.00 -14966.18 -15031.12 422.84 2929.52
169.00 7.00 -14966.18 -15053.63 422.84 2929.52
170.00 7.00 -14966.18 -15015.75 422.84 2929.52
171.00 7.00 -14966.18 -15055.36 422.84 2929.52
172.00 7.00 -14966.18 -14993.40 422.84 2929.52
173.00 7.00 -14966.18 -15015.83 422.84 2929.52
174.00 7.00 -14966.18 -15015.94 422.84 2929.52
175.00 7.00 -14966.18 -14997.05 422.84 2929.52
176.00 7.00 -14966.18 -14977.40 422.84 2929.52
177.00 7.00 -14966.18 -14986.07 422.84 2929.52
178.00 7.00 -14966.18 -14994.01 422.84 2929.52
179.00 7.00 -14966.18 -14975.08 422.84 2929.52
180.00 7.00 -14966.18 -15000.83 422.84 2929.52
181.00 7.00 -14966.18 -14981.91 422.84 2929.52
182.00 7.00 -14966.18 -14986.60 422.84 2929.52
183.00 7.00 -14966.18 -14994.45 422.84 2929.52
184.00 7.00 -14966.18 -14991.34 422.84 2929.52
185.00 7.00 -14966.18 -14996.45 422.84 2929.52
186.00 7.00 -14966.18 -15014.88 422.84 2929.52
187.00 7.00 -14966.18 -14986.82 422.84 2929.52
188.00 7.00 -14966.18 -14985.32 422.84 2929.52
189.00 7.00 -14966.18 -15003.85 422.84 2929.52
190.00 7.00 -14966.18 -15027.10 422.84 2929.52
191.00 7.00 -14966.18 -15039.86 422.84 2929.52
192.00 7.00 -14966.18 -14984.86 422.84 2929.52
193.00 7.00 -14966.18 -15024.01 422.84 2929.52
194.00 7.00 -14966.18 -15008.99 422.84 2929.52
195.00 7.00 -14966.18 -15003.92 422.84 2929.52
196.00 7.00 -14966.18 -15007.00 422.84 2929.52
197.00 7.00 -14966.18 -15003.23 422.84 2929.52
198.00 7.00 -14966.18 -15042.57 422.84 2929.52
199.00 7.00 -14966.18 -15025.47 422.84 2929.52
200.00 7.00 -14966.18 -14996.96 422.84 2929.52
201.00 7.00 -14966.18 -14989.15 422.84 2929.52
202.00 7.00 -14966.18 -15002.33 422.84 2929.52
203.00 7.00 -14966.18 -14985.48 422.84 2929.52
204.00 7.00 -14966.18 -15035.96 422.84 2929.52
205.00 7.00 -14966.18 -15006.34 422.84 2929.52
206.00 7.00 -14966.18 -15023.62 422.84 2929.52
207.00 7.00 -14966.18 -15057.72 422.84 2929.52
208.00 7.00 -14966.18 -14987.39 422.84 2929.52
209.00 7.00 -14966.18 -14988.05 422.84 2929.52
210.00 7.00 -14966.18 -15000.05 422.84 2929.52
211.00 7.00 -14966.18 -15003.67 422.84 2929.52
212.00 7.00 -14966.18 -14988.95 422.84 2929.52
213.00 7.00 -14966.18 -14981.25 422.84 2929.52
214.00 7.00 -14966.18 -15020.59 422.84 2929.52
215.00 7.00 -14966.18 -15059.06 422.84 2929.52
216.00 7.00 -14966.18 -14985.60 422.84 2929.52
217.00 7.00 -14966.18 -14980.10 422.84 2929.52
218.00 7.00 -14966.18 -15027.79 422.84 2929.52
219.00 7.00 -14966.18 -15013.54 422.84 2929.52
220.00 7.00 -14966.18 -14998.90 422.84 2929.52
221.00 7.00 -14966.18 -14984.27 422.84 2929.52
222.00 7.00 -14966.18 -15037.36 422.84 2929.52
223.00 7.00 -14966.18 -15035.74 422.84 2929.52
224.00 7.00 -14966.18 -15057.56 422.84 2929.52
225.00 7.00 -14966.18 -15006.19 422.84 2929.52
226.00 7.00 -14966.18 -15007.51 422.84 2929.52
227.00 7.00 -14966.18 -15012.97 422.84 2929.52
228.00 7.00 -14966.18 -14987.65 422.84 2929.52
229.00 7.00 -14966.18 -14995.01 422.84 2929.52
230.00 7.00 -14966.18 -15013.73 422.84 2929.52
231.00 7.00 -14966.18 -14994.72 422.84 2929.52
232.00 7.00 -14966.18 -14989.33 422.84 2929.52
233.00 7.00 -14966.18 -15001.92 422.84 2929.52
234.00 7.00 -14966.18 -14993.08 422.84 2929.52
235.00 7.00 -14966.18 -14988.92 422.84 2929.52
236.00 7.00 -14966.18 -14993.33 422.84 2929.52
237.00 7.00 -14966.18 -15011.05 422.84 2929.52
238.00 7.00 -14966.18 -14982.79 422.84 2929.52
239.00 7.00 -14966.18 -15015.61 422.84 2929.52
240.00 7.00 -14966.18 -14985.97 422.84 2929.52
241.00 7.00 -14966.18 -14978.93 422.84 2929.52
242.00 7.00 -14966.18 -15028.23 422.84 2929.52
243.00 7.00 -14966.18 -15011.71 422.84 2929.52
244.00 7.00 -14966.18 -14995.55 422.84 2929.52
245.00 7.00 -14966.18 -15001.16 422.84 2929.52
246.00 7.00 -14966.18 -15048.85 422.84 2929.52
247.00 7.00 -14966.18 -15026.93 422.84 2929.52
248.00 7.00 -14966.18 -14987.24 422.84 2929.52
249.00 7.00 -14966.18 -14993.60 422.84 2929.52
250.00 7.00 -14966.18 -15001.13 422.84 2929.52
251.00 7.00 -14966.18 -14994.54 422.84 2929.52
252.00 7.00 -14966.18 -14972.45 422.84 2929.52
253.00 7.00 -14966.18 -14989.21 422.84 2929.52
254.00 7.00 -14966.18 -14979.63 422.84 2929.52
255.00 7.00 -14966.18 -14992.27 422.84 2929.52
256.00 7.00 -14966.18 -15021.12 422.84 2929.52
257.00 7.00 -14966.18 -15004.77 422.84 2929.52
258.00 7.00 -14966.18 -14996.21 422.84 2929.52
259.00 7.00 -14966.18 -14992.27 422.84 2929.52
260.00 7.00 -14966.18 -14985.29 422.84 2929.52
261.00 7.00 -14966.18 -14991.85 422.84 2929.52
262.00 7.00 -14966.18 -15015.91 422.84 2929.52
263.00 7.00 -14966.18 -15011.81 422.84 2929.52
264.00 7.00 -14966.18 -14977.49 422.84 2929.52
265.00 7.00 -14966.18 -14990.50 422.84 2929.52
266.00 7.00 -14966.18 -15002.20 422.84 2929.52
267.00 7.00 -14966.18 -15002.80 422.84 2929.52
268.00 7.00 -14966.18 -14994.93 422.84 2929.52
269.00 7.00 -14966.18 -15005.26 422.84 2929.52
270.00 7.00 -14966.18 -14976.00 422.84 2929.52
271.00 7.00 -14966.18 -14981.32 422.84 2929.52
272.00 7.00 -14966.18 -15012.79 422.84 2929.52
273.00 7.00 -14966.18 -14998.76 422.84 2929.52
274.00 7.00 -14966.18 -15014.10 422.84 2929.52
275.00 7.00 -14966.18 -15007.66 422.84 2929.52
276.00 7.00 -14966.18 -15025.20 422.84 2929.52
277.00 7.00 -14966.18 -15022.92 422.84 2929.52
278.00 7.00 -14966.18 -15012.48 422.84 2929.52
279.00 7.00 -14966.18 -15027.67 422.84 2929.52
280.00 7.00 -14966.18 -14993.38 422.84 2929.52
281.00 7.00 -14966.18 -14991.01 422.84 2929.52
282.00 7.00 -14966.18 -14989.69 422.84 2929.52
283.00 7.00 -14966.18 -15009.14 422.84 2929.52
284.00 7.00 -14966.18 -15009.23 422.84 2929.52
285.00 7.00 -14966.18 -15002.60 422.84 2929.52
286.00 7.00 -14966.18 -15019.59 422.84 2929.52
287.00 7.00 -14966.18 -15009.66 422.84 2929.52
288.00 7.00 -14966.18 -15023.60 422.84 2929.52
289.00 7.00 -14966.18 -15025.44 422.84 2929.52
290.00 7.00 -14966.18 -15041.38 422.84 2929.52
291.00 7.00 -14966.18 -15033.72 422.84 2929.52
292.00 7.00 -14966.18 -15034.80 422.84 2929.52
293.00 7.00 -14966.18 -15033.51 422.84 2929.52
294.00 7.00 -14966.18 -14974.93 422.84 2929.52
295.00 7.00 -14966.18 -14981.67 422.84 2929.52
296.00 7.00 -14966.18 -14983.24 422.84 2929.52
297.00 7.00 -14966.18 -15005.15 422.84 2929.52
298.00 7.00 -14966.18 -15025.37 422.84 2929.52
299.00 7.00 -14966.18 -15015.69 422.84 2929.52
300.00 7.00 -14966.18 -14998.48 422.84 2929.52
301.00 7.00 -14966.18 -14998.33 422.84 2929.52
302.00 7.00 -14966.18 -15001.88 422.84 2929.52
303.00 7.00 -14966.18 -14984.03 422.84 2929.52
304.00 7.00 -14966.18 -15015.70 422.84 2929.52
305.00 7.00 -14966.18 -14983.74 422.84 2929.52
306.00 7.00 -14966.18 -15021.67 422.84 2929.52
307.00 7.00 -14966.18 -15007.79 422.84 2929.52
308.00 7.00 -14966.18 -14980.65 422.84 2929.52
309.00 7.00 -14966.18 -14994.67 422.84 2929.52
310.00 7.00 -14966.18 -14993.80 422.84 2929.52
311.00 7.00 -14966.18 -14989.33 422.84 2929.52
312.00 7.00 -14966.18 -14991.01 422.84 2929.52
313.00 7.00 -14966.18 -14986.17 422.84 2929.52
314.00 7.00 -14966.18 -14975.40 422.84 2929.52
315.00 7.00 -14966.18 -14977.56 422.84 2929.52
316.00 7.00 -14966.18 -14998.42 422.84 2929.52
317.00 7.00 -14966.18 -15005.20 422.84 2929.52
318.00 7.00 -14966.18 -14991.94 422.84 2929.52
319.00 7.00 -14966.18 -14983.02 422.84 2929.52
320.00 7.00 -14966.18 -14987.02 422.84 2929.52
321.00 7.00 -14966.18 -14984.80 422.84 2929.52
322.00 7.00 -14966.18 -15022.76 422.84 2929.52
323.00 7.00 -14966.18 -15014.81 422.84 2929.52
324.00 7.00 -14966.18 -15024.56 422.84 2929.52
325.00 7.00 -14966.18 -15010.91 422.84 2929.52
326.00 7.00 -14966.18 -14992.78 422.84 2929.52
327.00 7.00 -14966.18 -14978.82 422.84 2929.52
328.00 7.00 -14966.18 -14983.67 422.84 2929.52
329.00 7.00 -14966.18 -14988.49 422.84 2929.52
330.00 7.00 -14966.18 -14985.94 422.84 2929.52
331.00 7.00 -14966.18 -14979.96 422.84 2929.52
332.00 7.00 -14966.18 -14993.31 422.84 2929.52
333.00 7.00 -14966.18 -14976.49 422.84 2929.52
334.00 7.00 -14966.18 -14990.91 422.84 2929.52
335.00 7.00 -14966.18 -15007.65 422.84 2929.52
336.00 7.00 -14966.18 -15005.09 422.84 2929.52
337.00 7.00 -14966.18 -14984.42 422.84 2929.52
338.00 7.00 -14966.18 -15010.10 422.84 2929.52
339.00 7.00 -14966.18 -15022.54 422.84 2929.52
340.00 7.00 -14966.18 -14995.90 422.84 2929.52
341.00 7.00 -14966.18 -14998.01 422.84 2929.52
342.00 7.00 -14966.18 -14987.56 422.84 2929.52
343.00 7.00 -14966.18 -14986.93 422.84 2929.52
344.00 7.00 -14966.18 -15022.09 422.84 2929.52
345.00 7.00 -14966.18 -15022.46 422.84 2929.52
346.00 7.00 -14966.18 -15027.59 422.84 2929.52
347.00 7.00 -14966.18 -15027.53 422.84 2929.52
348.00 7.00 -14966.18 -14994.45 422.84 2929.52
349.00 7.00 -14966.18 -14987.64 422.84 2929.52
350.00 7.00 -14966.18 -14983.07 422.84 2929.52
351.00 7.00 -14966.18 -14990.90 422.84 2929.52
352.00 7.00 -14966.18 -14992.89 422.84 2929.52
353.00 7.00 -14966.18 -14976.61 422.84 2929.52
354.00 7.00 -14966.18 -14994.92 422.84 2929.52
355.00 7.00 -14966.18 -14971.73 422.84 2929.52
356.00 7.00 -14966.18 -14982.92 422.84 2929.52
357.00 7.00 -14966.18 -14974.24 422.84 2929.52
358.00 7.00 -14966.18 -15006.16 422.84 2929.52
359.00 7.00 -14966.18 -14993.26 422.84 2929.52
360.00 7.00 -14966.18 -15042.35 422.84 2929.52
361.00 7.00 -14966.18 -15039.46 422.84 2929.52
362.00 7.00 -14966.18 -14979.39 422.84 2929.52
363.00 7.00 -14966.18 -15000.07 422.84 2929.52
364.00 7.00 -14966.18 -14987.11 422.84 2929.52
365.00 7.00 -14966.18 -14990.35 422.84 2929.52
366.00 7.00 -14966.18 -15012.61 422.84 2929.52
367.00 7.00 -14966.18 -15010.23 422.84 2929.52
368.00 7.00 -14966.18 -15032.78 422.84 2929.52
369.00 7.00 -14966.18 -15006.15 422.84 2929.52
370.00 7.00 -14966.18 -14979.28 422.84 2929.52
371.00 7.00 -14966.18 -15005.30 422.84 2929.52
372.00 7.00 -14966.18 -14979.36 422.84 2929.52
373.00 7.00 -14966.18 -14973.92 422.84 2929.52
