0.00 1.00 -15026.38 -15026.38 453.80 2925.06
1.00 1.00 -15026.38 -15055.74 453.80 2925.06
2.00 2.00 -15001.97 -15001.97 440.34 2921.30
3.00 2.00 -15001.97 -15053.20 440.34 2921.30
4.00 2.00 -15001.97 -15041.79 440.34 2921.30
5.00 2.00 -15001.97 -15005.42 440.34 2921.30
6.00 3.00 -14992.98 -14992.98 436.49 2927.70
7.00 3.00 -14992.98 -15001.29 436.49 2927.70
8.00 3.00 -14992.98 -15003.95 436.49 2927.70
9.00 3.00 -14992.98 -15014.75 436.49 2927.70
10.00 3.00 -14992.98 -15010.97 436.49 2927.70
11.00 3.00 -14992.98 -15019.13 436.49 2927.70
12.00 3.00 -14992.98 -15011.75 436.49 2927.70
13.00 4.00 -14991.93 -14991.93 436.61 2912.94
14.00 4.00 -14991.93 -14993.29 436.61 2912.94
15.00 5.00 -14967.80 -14967.80 423.36 2920.89
16.00 5.00 -14967.80 -14988.81 423.36 2920.89
17.00 5.00 -14967.80 -14976.86 423.36 2920.89
18.00 5.00 -14967.80 -14975.59 423.36 2920.89
19.00 5.00 -14967.80 -14986.77 423.36 2920.89
20.00 5.00 -14967.80 -14980.98 423.36 2920.89
21.00 5.00 -14967.80 -14988.20 423.36 2920.89
22.00 5.00 -14967.80 -15017.78 423.36 2920.89
23.00 5.00 -14967.80 -15005.41 423.36 2920.89
24.00 5.00 -14967.80 -15007.76 423.36 2920.89
25.00 5.00 -14967.80 -14996.83 423.36 2920.89
26.00 5.00 -14967.80 -15024.19 423.36 2920.89
27.00 5.00 -14967.80 -15014.52 423.36 2920.89
28.00 5.00 -14967.80 -15013.77 423.36 2920.89
29.00 5.00 -14967.80 -15032.86 423.36 2920.89
30.00 5.00 -14967.80 -15018.70 423.36 2920.89
31.00 5.00 -14967.80 -15036.52 423.36 2920.89
32.00 5.00 -14967.80 -15004.18 423.36 2920.89
33.00 5.00 -14967.80 -15010.60 423.36 2920.89
34.00 5.00 -14967.80 -15015.92 423.36 2920.89
35.00 5.00 -14967.80 -15000.69 423.36 2920.89
36.00 5.00 -14967.80 -15029.87 423.36 2920.89
37.00 5.00 -14967.80 -14990.41 423.36 2920.89
38.00 5.00 -14967.80 -15013.51 423.36 2920.89
39.00 5.00 -14967.80 -14995.78 423.36 2920.89
40.00 5.00 -14967.80 -14978.57 423.36 2920.89
41.00 5.00 -14967.80 -14987.65 423.36 2920.89
42.00 5.00 -14967.80 -14992.64 423.36 2920.89
43.00 5.00 -14967.80 -14998.96 423.36 2920.89
44.00 5.00 -14967.80 -14987.63 423.36 2920.89
45.00 5.00 -14967.80 -14989.41 423.36 2920.89
46.00 5.00 -14967.80 -14996.11 423.36 2920.89
47.00 5.00 -14967.80 -15014.63 423.36 2920.89
48.00 5.00 -14967.80 -14984.76 423.36 2920.89
49.00 5.00 -14967.80 -14982.08 423.36 2920.89
50.00 5.00 -14967.80 -15004.56 423.36 2920.89
51.00 5.00 -14967.80 -15014.97 423.36 2920.89
52.00 5.00 -14967.80 -14988.70 423.36 2920.89
53.00 5.00 -14967.80 -14976.87 423.36 2920.89
54.00 5.00 -14967.80 -15003.95 423.36 2920.89
55.00 5.00 -14967.80 -14994.12 423.36 2920.89
56.00 5.00 -14967.80 -15000.69 423.36 2920.89
57.00 5.00 -14967.80 -14986.22 423.36 2920.89
58.00 5.00 -14967.80 -15007.96 423.36 2920.89
59.00 5.00 -14967.80 -15024.50 423.36 2920.89
60.00 5.00 -14967.80 -14996.99 423.36 2920.89
61.00 5.00 -14967.80 -14980.96 423.36 2920.89
62.00 5.00 -14967.80 -14993.02 423.36 2920.89
63.00 5.00 -14967.80 -14983.40 423.36 2920.89
64.00 5.00 -14967.80 -14976.08 423.36 2920.89
65.00 5.00 -14967.80 -14983.35 423.36 2920.89
66.00 5.00 -14967.80 -15026.90 423.36 2920.89
67.00 5.00 -14967.80 -14978.04 423.36 2920.89
68.00 5.00 -14967.80 -15001.78 423.36 2920.89
69.00 5.00 -14967.80 -15009.84 423.36 2920.89
70.00 5.00 -14967.80 -14995.98 423.36 2920.89
71.00 5.00 -14967.80 -15016.24 423.36 2920.89
72.00 5.00 -14967.80 -15006.10 423.36 2920.89
73.00 5.00 -14967.80 -15010.57 423.36 2920.89
74.00 5.00 -14967.80 -15022.19 423.36 2920.89
75.00 5.00 -14967.80 -15008.81 423.36 2920.89
76.00 5.00 -14967.80 -15001.62 423.36 2920.89
77.00 5.00 -14967.80 -14989.90 423.36 2920.89
78.00 5.00 -14967.80 -14997.71 423.36 2920.89
79.00 5.00 -14967.80 -15007.22 423.36 2920.89
80.00 5.00 -14967.80 -15028.26 423.36 2920.89
81.00 5.00 -14967.80 -15017.87 423.36 2920.89
82.00 5.00 -14967.80 -15004.89 423.36 2920.89
83.00 5.00 -14967.80 -14999.16 423.36 2920.89
84.00 5.00 -14967.80 -15007.64 423.36 2920.89
85.00 5.00 -14967.80 -15031.85 423.36 2920.89
86.00 5.00 -14967.80 -14995.82 423.36 2920.89
87.00 5.00 -14967.80 -15034.93 423.36 2920.89
88.00 5.00 -14967.80 -15024.30 423.36 2920.89
89.00 5.00 -14967.80 -14996.42 423.36 2920.89
90.00 5.00 -14967.80 -15035.46 423.36 2920.89
91.00 5.00 -14967.80 -15027.19 423.36 2920.89
92.00 5.00 -14967.80 -15011.64 423.36 2920.89
93.00 5.00 -14967.80 -15024.39 423.36 2920.89
94.00 5.00 -14967.80 -15015.37 423.36 2920.89
95.00 5.00 -14967.80 -15001.68 423.36 2920.89
96.00 5.00 -14967.80 -15022.95 423.36 2920.89
97.00 5.00 -14967.80 -15042.01 423.36 2920.89
98.00 5.00 -14967.80 -15023.18 423.36 2920.89
99.00 5.00 -14967.80 -14998.29 423.36 2920.89
100.00 5.00 -14967.80 -15006.66 423.36 2920.89
101.00 5.00 -14967.80 -15043.39 423.36 2920.89
102.00 5.00 -14967.80 -15008.03 423.36 2920.89
103.00 5.00 -14967.80 -15032.07 423.36 2920.89
104.00 5.00 -14967.80 -14988.78 423.36 2920.89
105.00 5.00 -14967.80 -15005.04 423.36 2920.89
106.00 5.00 -14967.80 -15003.84 423.36 2920.89
107.00 5.00 -14967.80 -14979.94 423.36 2920.89
108.00 5.00 -14967.80 -14998.55 423.36 2920.89
109.00 5.00 -14967.80 -14976.52 423.36 2920.89
110.00 5.00 -14967.80 -14983.47 423.36 2920.89
111.00 5.00 -14967.80 -14989.44 423.36 2920.89
112.00 5.00 -14967.80 -14983.92 423.36 2920.89
113.00 5.00 -14967.80 -14981.43 423.36 2920.89
114.00 5.00 -14967.80 -15003.62 423.36 2920.89
115.00 5.00 -14967.80 -15004.49 423.36 2920.89
116.00 5.00 -14967.80 -15005.38 423.36 2920.89
117.00 5.00 -14967.80 -14995.36 423.36 2920.89
118.00 5.00 -14967.80 -14993.21 423.36 2920.89
119.00 5.00 -14967.80 -14984.38 423.36 2920.89
120.00 5.00 -14967.80 -14986.63 423.36 2920.89
121.00 5.00 -14967.80 -14979.53 423.36 2920.89
122.00 5.00 -14967.80 -14988.04 423.36 2920.89
123.00 5.00 -14967.80 -14986.10 423.36 2920.89
124.00 5.00 -14967.80 -15011.19 423.36 2920.89
125.00 5.00 -14967.80 -15009.43 423.36 2920.89
126.00 5.00 -14967.80 -15028.94 423.36 2920.89
127.00 5.00 -14967.80 -14991.09 423.36 2920.89
128.00 5.00 -14967.80 -14988.95 423.36 2920.89
129.00 5.00 -14967.80 -15036.48 423.36 2920.89
130.00 5.00 -14967.80 -15000.60 423.36 2920.89
131.00 5.00 -14985.73 -14997.82 423.36 2920.89
132.00 5.00 -14985.73 -15007.09 423.36 2920.89
133.00 5.00 -14985.73 -15003.20 423.36 2920.89
134.00 5.00 -14985.73 -15014.00 423.36 2920.89
135.00 5.00 -14985.73 -15028.49 423.36 2920.89
136.00 5.00 -14985.73 -14998.23 423.36 2920.89
137.00 6.00 -14981.31 -14981.31 431.94 2912.04
138.00 6.00 -14981.31 -15012.57 431.94 2912.04
139.00 6.00 -14981.31 -14996.12 431.94 2912.04
140.00 7.00 -14976.27 -14976.27 427.62 2922.95
141.00 7.00 -14976.27 -14998.91 427.62 2922.95
142.00 7.00 -14976.27 -15001.21 427.62 2922.95
143.00 7.00 -14976.27 -15034.16 427.62 2922.95
144.00 7.00 -14976.27 -15012.02 427.62 2922.95
145.00 7.00 -14976.27 -15004.55 427.62 2922.95
146.00 7.00 -14976.27 -15009.23 427.62 2922.95
147.00 7.00 -14976.27 -14983.05 427.62 2922.95
148.00 7.00 -14976.27 -15004.24 427.62 2922.95
149.00 7.00 -14976.27 -14999.08 427.62 2922.95
150.00 7.00 -14976.27 -14995.40 427.62 2922.95
151.00 7.00 -14976.27 -15010.49 427.62 2922.95
152.00 7.00 -14976.27 -14992.08 427.62 2922.95
153.00 7.00 -14976.27 -14995.81 427.62 2922.95
154.00 7.00 -14976.27 -14992.52 427.62 2922.95
155.00 7.00 -14976.27 -15004.92 427.62 2922.95
156.00 7.00 -14976.27 -15006.26 427.62 2922.95
157.00 7.00 -14976.27 -14977.52 427.62 2922.95
158.00 7.00 -14976.27 -14978.03 427.62 2922.95
159.00 7.00 -14976.27 -15000.60 427.62 2922.95
160.00 7.00 -14976.27 -15015.94 427.62 2922.95
161.00 7.00 -14976.27 -15002.16 427.62 2922.95
162.00 7.00 -14976.27 -15009.32 427.62 2922.95
163.00 7.00 -14976.27 -14989.87 427.62 2922.95
164.00 7.00 -14976.27 -15035.04 427.62 2922.95
165.00 7.00 -14976.27 -15032.79 427.62 2922.95
166.00 7.00 -14976.27 -15016.70 427.62 2922.95
167.00 7.00 -14976.27 -15002.17 427.62 2922.95
168.00 7.00 -14976.27 -15014.60 427.62 2922.95
169.00 7.00 -14976.27 -15013.12 427.62 2922.95
170.00 7.00 -14976.27 -15010.66 427.62 2922.95
171.00 7.00 -14976.27 -15009.48 427.62 2922.95
172.00 8.00 -14977.10 -14977.10 427.75 2929.42
173.00 8.00 -14977.10 -14999.82 427.75 2929.42
174.00 8.00 -14977.10 -15009.96 427.75 2929.42
175.00 8.00 -14977.10 -14999.61 427.75 2929.42
176.00 8.00 -14977.10 -14998.12 427.75 2929.42
177.00 9.00 -14976.09 -14976.09 428.83 2919.88
178.00 9.00 -14976.09 -14988.21 428.83 2919.88
179.00 9.00 -14976.09 -14994.98 428.83 2919.88
180.00 9.00 -14976.09 -14981.90 428.83 2919.88
181.00 9.00 -14976.09 -14996.19 428.83 2919.88
182.00 9.00 -14976.09 -15038.19 428.83 2919.88
183.00 9.00 -14976.09 -14999.65 428.83 2919.88
184.00 9.00 -14976.09 -14994.03 428.83 2919.88
185.00 9.00 -14976.09 -15007.53 428.83 2919.88
186.00 9.00 -14976.09 -14979.29 428.83 2919.88
187.00 9.00 -14976.09 -14978.61 428.83 2919.88
188.00 10.00 -14974.17 -14974.17 425.81 2928.88
189.00 10.00 -14974.17 -14980.11 425.81 2928.88
190.00 10.00 -14974.17 -15011.18 425.81 2928.88
191.00 10.00 -14974.17 -15012.17 425.81 2928.88
192.00 10.00 -14974.17 -14997.29 425.81 2928.88
193.00 10.00 -14974.17 -15012.93 425.81 2928.88
194.00 10.00 -14974.17 -15005.45 425.81 2928.88
195.00 10.00 -14974.17 -15027.36 425.81 2928.88
196.00 10.00 -14974.17 -15023.04 425.81 2928.88
197.00 10.00 -14974.17 -15030.03 425.81 2928.88
198.00 10.00 -14974.17 -15010.54 425.81 2928.88
199.00 10.00 -14974.17 -15043.48 425.81 2928.88
200.00 10.00 -14974.17 -15016.45 425.81 2928.88
201.00 10.00 -14974.17 -14998.31 425.81 2928.88
202.00 10.00 -14974.17 -15019.94 425.81 2928.88
203.00 10.00 -14974.17 -15013.83 425.81 2928.88
204.00 10.00 -14974.17 -14991.78 425.81 2928.88
205.00 10.00 -14974.17 -14990.61 425.81 2928.88
206.00 10.00 -14974.17 -14997.61 425.81 2928.88
207.00 10.00 -14974.17 -14978.08 425.81 2928.88
208.00 10.00 -14974.17 -14992.53 425.81 2928.88
209.00 10.00 -14974.17 -14996.88 425.81 2928.88
210.00 10.00 -14974.17 -15027.31 425.81 2928.88
211.00 10.00 -14974.17 -14993.63 425.81 2928.88
212.00 10.00 -14974.17 -15021.50 425.81 2928.88
213.00 10.00 -14974.17 -15038.77 425.81 2928.88
214.00 10.00 -14974.17 -14985.80 425.81 2928.88
215.00 11.00 -14968.85 -14968.85 425.74 2919.18
216.00 11.00 -14968.85 -15034.28 425.74 2919.18
217.00 11.00 -14968.85 -15018.02 425.74 2919.18
218.00 11.00 -14968.85 -14995.35 425.74 2919.18
219.00 11.00 -14968.85 -14980.41 425.74 2919.18
220.00 11.00 -14968.85 -15004.00 425.74 2919.18
221.00 11.00 -14968.85 -15009.85 425.74 2919.18
222.00 12.00 -14969.37 -14969.37 427.52 2896.16
223.00 12.00 -14969.37 -14982.50 427.52 2896.16
224.00 12.00 -14969.37 -14976.00 427.52 2896.16
225.00 12.00 -14969.37 -15008.69 427.52 2896.16
226.00 12.00 -14969.37 -14995.33 427.52 2896.16
227.00 12.00 -14969.37 -14987.86 427.52 2896.16
228.00 12.00 -14969.37 -14989.39 427.52 2896.16
229.00 12.00 -14969.37 -14976.67 427.52 2896.16
230.00 12.00 -14969.37 -15005.21 427.52 2896.16
231.00 12.00 -14969.37 -14980.18 427.52 2896.16
232.00 12.00 -14969.37 -14974.55 427.52 2896.16
233.00 12.00 -14969.37 -14981.34 427.52 2896.16
234.00 12.00 -14969.37 -14990.66 427.52 2896.16
235.00 12.00 -14969.37 -14988.31 427.52 2896.16
236.00 12.00 -14969.37 -14999.39 427.52 2896.16
237.00 12.00 -14969.37 -14985.91 427.52 2896.16
238.00 12.00 -14969.37 -15003.94 427.52 2896.16
239.00 12.00 -14969.37 -14993.98 427.52 2896.16
240.00 12.00 -14969.37 -15002.96 427.52 2896.16
241.00 12.00 -14969.37 -14976.27 427.52 2896.16
242.00 12.00 -14969.37 -14997.44 427.52 2896.16
243.00 12.00 -14969.37 -14992.07 427.52 2896.16
244.00 12.00 -14969.37 -15003.64 427.52 2896.16
245.00 12.00 -14969.37 -14997.10 427.52 2896.16
246.00 12.00 -14969.37 -15009.89 427.52 2896.16
247.00 12.00 -14969.37 -15010.58 427.52 2896.16
248.00 12.00 -14969.37 -15019.21 427.52 2896.16
249.00 12.00 -14969.37 -14980.88 427.52 2896.16
250.00 12.00 -14969.37 -15002.01 427.52 2896.16
251.00 12.00 -14969.37 -15005.98 427.52 2896.16
252.00 12.00 -14969.37 -15032.54 427.52 2896.16
253.00 12.00 -14969.37 -15023.18 427.52 2896.16
254.00 12.00 -14969.37 -14975.80 427.52 2896.16
255.00 12.00 -14969.37 -15044.90 427.52 2896.16
256.00 12.00 -14969.37 -15018.15 427.52 2896.16
257.00 12.00 -14969.37 -15032.05 427.52 2896.16
258.00 12.00 -14969.37 -14999.75 427.52 2896.16
259.00 12.00 -14969.37 -14976.36 427.52 2896.16
260.00 12.00 -14969.37 -14994.56 427.52 2896.16
261.00 12.00 -14969.37 -15010.24 427.52 2896.16
262.00 12.00 -14969.37 -14999.60 427.52 2896.16
263.00 12.00 -14969.37 -14977.34 427.52 2896.16
264.00 12.00 -14969.37 -14973.12 427.52 2896.16
265.00 12.00 -14969.37 -14980.23 427.52 2896.16
266.00 12.00 -14969.37 -15005.78 427.52 2896.16
267.00 12.00 -14969.37 -14984.07 427.52 2896.16
268.00 12.00 -14969.37 -15001.04 427.52 2896.16
269.00 13.00 -14969.27 -14969.27 426.25 2914.31
270.00 13.00 -14969.27 -14991.61 426.25 2914.31
271.00 13.00 -14969.27 -15000.89 426.25 2914.31
272.00 13.00 -14969.27 -14987.16 426.25 2914.31
273.00 13.00 -14969.27 -14981.75 426.25 2914.31
274.00 14.00 -14968.75 -14968.75 424.29 2925.62
275.00 14.00 -14968.75 -14980.24 424.29 2925.62
276.00 14.00 -14968.75 -15004.90 424.29 2925.62
277.00 14.00 -14968.75 -15000.00 424.29 2925.62
278.00 14.00 -14968.75 -15024.73 424.29 2925.62
279.00 14.00 -14968.75 -15027.00 424.29 2925.62
280.00 14.00 -14968.75 -15028.73 424.29 2925.62
281.00 14.00 -14968.75 -15008.46 424.29 2925.62
282.00 14.00 -14968.75 -15010.59 424.29 2925.62
283.00 14.00 -14968.75 -15017.04 424.29 2925.62
284.00 14.00 -14968.75 -15041.65 424.29 2925.62
285.00 14.00 -14968.75 -15035.92 424.29 2925.62
286.00 14.00 -14968.75 -15022.67 424.29 2925.62
287.00 14.00 -14968.75 -15019.20 424.29 2925.62
288.00 14.00 -14968.75 -15038.70 424.29 2925.62
289.00 14.00 -14968.75 -15043.37 424.29 2925.62
290.00 14.00 -14968.75 -15008.57 424.29 2925.62
291.00 14.00 -14968.75 -14998.92 424.29 2925.62
292.00 14.00 -14968.75 -14985.41 424.29 2925.62
293.00 14.00 -14968.75 -15018.82 424.29 2925.62
294.00 14.00 -14968.75 -15021.00 424.29 2925.62
295.00 14.00 -14968.75 -15026.05 424.29 2925.62
296.00 14.00 -14968.75 -15016.55 424.29 2925.62
297.00 14.00 -14968.75 -15014.14 424.29 2925.62
298.00 14.00 -14968.75 -15000.65 424.29 2925.62
299.00 14.00 -14968.75 -15038.52 424.29 2925.62
300.00 14.00 -14968.75 -14981.88 424.29 2925.62
301.00 14.00 -14968.75 -14985.83 424.29 2925.62
302.00 14.00 -14968.75 -14973.40 424.29 2925.62
303.00 14.00 -14968.75 -15017.30 424.29 2925.62
304.00 14.00 -14968.75 -14997.83 424.29 2925.62
305.00 14.00 -14968.75 -14991.41 424.29 2925.62
306.00 14.00 -14968.75 -14992.16 424.29 2925.62
307.00 14.00 -14968.75 -15015.69 424.29 2925.62
308.00 14.00 -14968.75 -15015.51 424.29 2925.62
309.00 14.00 -14968.75 -14996.38 424.29 2925.62
310.00 14.00 -14968.75 -14981.62 424.29 2925.62
311.00 14.00 -14968.75 -15004.28 424.29 2925.62
312.00 14.00 -14968.75 -15031.72 424.29 2925.62
313.00 14.00 -14968.75 -15025.86 424.29 2925.62
314.00 14.00 -14968.75 -15022.90 424.29 2925.62
315.00 14.00 -14968.75 -15008.94 424.29 2925.62
316.00 14.00 -14968.75 -15021.15 424.29 2925.62
317.00 14.00 -14968.75 -15044.25 424.29 2925.62
318.00 14.00 -14968.75 -15027.70 424.29 2925.62
319.00 14.00 -14968.75 -15038.67 424.29 2925.62
320.00 14.00 -14968.75 -14991.55 424.29 2925.62
321.00 14.00 -14968.75 -14997.64 424.29 2925.62
322.00 14.00 -14968.75 -14978.86 424.29 2925.62
323.00 14.00 -14968.75 -14980.83 424.29 2925.62
324.00 14.00 -14968.75 -15017.01 424.29 2925.62
325.00 14.00 -14968.75 -14975.04 424.29 2925.62
326.00 14.00 -14968.75 -15001.59 424.29 2925.62
327.00 14.00 -14968.75 -14998.26 424.29 2925.62
328.00 14.00 -14968.75 -15038.52 424.29 2925.62
329.00 14.00 -14968.75 -15015.87 424.29 2925.62
330.00 14.00 -14968.75 -15024.52 424.29 2925.62
331.00 14.00 -14968.75 -15008.01 424.29 2925.62
332.00 14.00 -14968.75 -15008.65 424.29 2925.62
333.00 14.00 -14968.75 -14991.76 424.29 2925.62
334.00 14.00 -14968.75 -14990.53 424.29 2925.62
335.00 14.00 -14968.75 -15004.84 424.29 2925.62
336.00 14.00 -14968.75 -14988.91 424.29 2925.62
337.00 14.00 -14968.75 -14998.91 424.29 2925.62
338.00 14.00 -14968.75 -14983.46 424.29 2925.62
339.00 14.00 -14968.75 -14984.71 424.29 2925.62
340.00 14.00 -14968.75 -14973.84 424.29 2925.62
341.00 14.00 -14968.75 -14989.65 424.29 2925.62
342.00 14.00 -14968.75 -15014.89 424.29 2925.62
343.00 14.00 -14968.75 -15016.49 424.29 2925.62
344.00 14.00 -14968.75 -15003.55 424.29 2925.62
345.00 14.00 -14968.75 -15039.75 424.29 2925.62
346.00 14.00 -14968.75 -15026.17 424.29 2925.62
347.00 14.00 -14968.75 -15029.99 424.29 2925.62
348.00 14.00 -14968.75 -15012.56 424.29 2925.62
349.00 14.00 -14968.75 -14997.49 424.29 2925.62
350.00 14.00 -14968.75 -15037.52 424.29 2925.62
351.00 14.00 -14968.75 -15024.48 424.29 2925.62
352.00 14.00 -14968.75 -15004.09 424.29 2925.62
353.00 14.00 -14968.75 -15007.55 424.29 2925.62
354.00 14.00 -14968.75 -14995.95 424.29 2925.62
355.00 14.00 -14968.75 -14982.11 424.29 2925.62
356.00 14.00 -14968.75 -15010.32 424.29 2925.62
357.00 14.00 -14968.75 -15017.39 424.29 2925.62
358.00 14.00 -14968.75 -14993.40 424.29 2925.62
359.00 14.00 -14968.75 -14993.45 424.29 2925.62
360.00 14.00 -14968.75 -14998.95 424.29 2925.62
361.00 14.00 -14968.75 -14987.87 424.29 2925.62
362.00 14.00 -14968.75 -14984.59 424.29 2925.62
363.00 14.00 -14968.75 -14992.21 424.29 2925.62
364.00 14.00 -14968.75 -14981.82 424.29 2925.62
365.00 14.00 -14968.75 -15003.32 424.29 2925.62
366.00 14.00 -14968.75 -14993.29 424.29 2925.62
367.00 14.00 -14968.75 -14994.90 424.29 2925.62
368.00 14.00 -14968.75 -14996.85 424.29 2925.62
369.00 14.00 -14968.75 -14992.57 424.29 2925.62
370.00 14.00 -14968.75 -15033.10 424.29 2925.62
371.00 14.00 -14968.75 -15031.04 424.29 2925.62
372.00 14.00 -14968.75 -15000.95 424.29 2925.62
373.00 14.00 -14968.75 -14995.21 424.29 2925.62
