0.00 1.00 -13626.46 -13626.46 457.71 2983.77
1.00 2.00 -13588.48 -13588.48 437.50 2963.13
2.00 2.00 -13588.48 -13616.97 437.50 2963.13
3.00 2.00 -13588.48 -13638.31 437.50 2963.13
4.00 2.00 -13588.48 -13652.75 437.50 2963.13
5.00 2.00 -13588.48 -13615.28 437.50 2963.13
6.00 2.00 -13588.48 -13596.42 437.50 2963.13
7.00 2.00 -13588.48 -13654.68 437.50 2963.13
8.00 3.00 -13588.10 -13588.10 440.57 2929.20
9.00 4.00 -13577.42 -13577.42 433.56 2940.21
10.00 4.00 -13577.42 -13579.13 433.56 2940.21
11.00 5.00 -13570.55 -13570.55 432.12 2916.39
12.00 5.00 -13570.55 -13603.91 432.12 2916.39
13.00 5.00 -13570.55 -13593.73 432.12 2916.39
14.00 5.00 -13570.55 -13609.96 432.12 2916.39
15.00 5.00 -13570.55 -13600.41 432.12 2916.39
16.00 5.00 -13570.55 -13586.45 432.12 2916.39
17.00 5.00 -13570.55 -13606.08 432.12 2916.39
18.00 5.00 -13570.55 -13598.85 432.12 2916.39
19.00 5.00 -13570.55 -13597.96 432.12 2916.39
20.00 5.00 -13570.55 -13603.52 432.12 2916.39
21.00 5.00 -13570.55 -13583.07 432.12 2916.39
22.00 5.00 -13570.55 -13603.68 432.12 2916.39
23.00 5.00 -13570.55 -13602.18 432.12 2916.39
24.00 5.00 -13570.55 -13606.13 432.12 2916.39
25.00 5.00 -13570.55 -13606.09 432.12 2916.39
26.00 5.00 -13570.55 -13581.93 432.12 2916.39
27.00 5.00 -13570.55 -13573.14 432.12 2916.39
28.00 5.00 -13570.55 -13611.85 432.12 2916.39
29.00 5.00 -13570.55 -13584.60 432.12 2916.39
30.00 5.00 -13570.55 -13601.72 432.12 2916.39
31.00 5.00 -13570.55 -13595.68 432.12 2916.39
32.00 5.00 -13570.55 -13611.37 432.12 2916.39
33.00 6.00 -13570.60 -13570.60 431.91 2918.63
34.00 6.00 -13570.60 -13613.26 431.91 2918.63
35.00 6.00 -13570.60 -13583.38 431.91 2918.63
36.00 7.00 -13570.23 -13570.23 431.86 2918.82
37.00 7.00 -13570.23 -13600.34 431.86 2918.82
38.00 7.00 -13570.23 -13580.71 431.86 2918.82
39.00 7.00 -13570.23 -13597.66 431.86 2918.82
40.00 7.00 -13570.23 -13577.27 431.86 2918.82
41.00 7.00 -13570.23 -13575.60 431.86 2918.82
42.00 7.00 -13570.23 -13574.99 431.86 2918.82
43.00 7.00 -13570.23 -13588.23 431.86 2918.82
44.00 7.00 -13570.23 -13620.29 431.86 2918.82
45.00 7.00 -13570.23 -13579.05 431.86 2918.82
46.00 8.00 -13565.13 -13565.13 427.79 2923.91
47.00 8.00 -13565.13 -13588.06 427.79 2923.91
48.00 8.00 -13565.13 -13591.82 427.79 2923.91
49.00 8.00 -13565.13 -13607.59 427.79 2923.91
50.00 8.00 -13565.13 -13583.07 427.79 2923.91
51.00 8.00 -13565.13 -13579.09 427.79 2923.91
52.00 8.00 -13565.13 -13593.48 427.79 2923.91
53.00 8.00 -13565.13 -13603.37 427.79 2923.91
54.00 8.00 -13565.13 -13579.28 427.79 2923.91
55.00 8.00 -13565.13 -13580.02 427.79 2923.91
56.00 8.00 -13565.13 -13618.24 427.79 2923.91
57.00 8.00 -13565.13 -13600.98 427.79 2923.91
58.00 8.00 -13565.13 -13601.71 427.79 2923.91
59.00 8.00 -13565.13 -13567.67 427.79 2923.91
60.00 8.00 -13565.13 -13599.60 427.79 2923.91
61.00 8.00 -13565.13 -13583.00 427.79 2923.91
62.00 9.00 -13565.22 -13565.22 428.77 2924.48
63.00 9.00 -13565.22 -13568.82 428.77 2924.48
64.00 10.00 -13566.33 -13566.33 430.10 2908.62
65.00 10.00 -13566.33 -13583.63 430.10 2908.62
66.00 10.00 -13566.33 -13572.68 430.10 2908.62
67.00 10.00 -13566.33 -13592.51 430.10 2908.62
68.00 10.00 -13566.33 -13572.91 430.10 2908.62
69.00 11.00 -13568.63 -13568.63 430.76 2918.72
70.00 11.00 -13568.63 -13586.90 430.76 2918.72
71.00 11.00 -13568.63 -13574.51 430.76 2918.72
72.00 11.00 -13568.63 -13596.64 430.76 2918.72
73.00 11.00 -13568.63 -13598.22 430.76 2918.72
74.00 12.00 -13568.59 -13568.59 430.43 2923.20
75.00 13.00 -13569.42 -13569.42 432.13 2915.29
76.00 13.00 -13569.42 -13620.89 432.13 2915.29
77.00 13.00 -13569.42 -13606.05 432.13 2915.29
78.00 13.00 -13569.42 -13579.29 432.13 2915.29
79.00 13.00 -13569.42 -13623.52 432.13 2915.29
80.00 13.00 -13569.42 -13595.34 432.13 2915.29
81.00 13.00 -13569.42 -13617.29 432.13 2915.29
82.00 13.00 -13569.42 -13608.80 432.13 2915.29
83.00 13.00 -13569.42 -13597.93 432.13 2915.29
84.00 13.00 -13569.42 -13610.81 432.13 2915.29
85.00 13.00 -13569.42 -13590.81 432.13 2915.29
86.00 13.00 -13569.42 -13599.37 432.13 2915.29
87.00 13.00 -13569.42 -13611.28 432.13 2915.29
88.00 13.00 -13569.42 -13622.23 432.13 2915.29
89.00 13.00 -13569.42 -13600.44 432.13 2915.29
90.00 13.00 -13569.42 -13594.83 432.13 2915.29
91.00 13.00 -13569.42 -13614.47 432.13 2915.29
92.00 13.00 -13569.42 -13603.15 432.13 2915.29
93.00 13.00 -13569.42 -13614.04 432.13 2915.29
94.00 13.00 -13569.42 -13584.42 432.13 2915.29
95.00 13.00 -13569.42 -13603.39 432.13 2915.29
96.00 13.00 -13569.42 -13615.21 432.13 2915.29
97.00 13.00 -13569.42 -13577.40 432.13 2915.29
98.00 13.00 -13569.42 -13593.12 432.13 2915.29
99.00 13.00 -13569.42 -13595.50 432.13 2915.29
100.00 13.00 -13569.42 -13584.35 432.13 2915.29
101.00 13.00 -13569.42 -13602.73 432.13 2915.29
102.00 13.00 -13569.42 -13575.68 432.13 2915.29
103.00 13.00 -13569.42 -13584.10 432.13 2915.29
104.00 13.00 -13569.42 -13602.38 432.13 2915.29
105.00 13.00 -13569.42 -13582.74 432.13 2915.29
106.00 13.00 -13569.42 -13577.79 432.13 2915.29
107.00 13.00 -13569.42 -13580.07 432.13 2915.29
108.00 13.00 -13569.42 -13572.37 432.13 2915.29
109.00 14.00 -13561.87 -13561.87 427.32 2918.99
110.00 14.00 -13561.87 -13563.40 427.32 2918.99
111.00 14.00 -13561.87 -13567.00 427.32 2918.99
112.00 14.00 -13561.87 -13578.83 427.32 2918.99
113.00 14.00 -13561.87 -13592.38 427.32 2918.99
114.00 14.00 -13561.87 -13579.25 427.32 2918.99
115.00 14.00 -13561.87 -13569.70 427.32 2918.99
116.00 14.00 -13561.87 -13577.58 427.32 2918.99
117.00 14.00 -13561.87 -13575.98 427.32 2918.99
118.00 14.00 -13561.87 -13590.72 427.32 2918.99
119.00 14.00 -13561.87 -13591.68 427.32 2918.99
120.00 14.00 -13561.87 -13581.63 427.32 2918.99
121.00 14.00 -13561.87 -13591.32 427.32 2918.99
122.00 14.00 -13561.87 -13602.18 427.32 2918.99
123.00 14.00 -13561.87 -13603.88 427.32 2918.99
124.00 14.00 -13561.87 -13583.33 427.32 2918.99
125.00 14.00 -13561.87 -13591.84 427.32 2918.99
126.00 14.00 -13561.87 -13575.44 427.32 2918.99
127.00 14.00 -13561.87 -13594.89 427.32 2918.99
128.00 14.00 -13561.87 -13588.56 427.32 2918.99
129.00 14.00 -13561.87 -13581.88 427.32 2918.99
130.00 14.00 -13561.87 -13581.27 427.32 2918.99
131.00 15.00 -14996.21 -14996.21 436.64 2934.33
132.00 15.00 -14996.21 -15020.64 436.64 2934.33
133.00 16.00 -14992.23 -14992.23 436.46 2925.78
134.00 17.00 -14975.21 -14975.21 427.18 2922.70
135.00 18.00 -14972.55 -14972.55 425.19 2929.35
136.00 18.00 -14972.55 -14989.53 425.19 2929.35
137.00 19.00 -14965.73 -14965.73 421.03 2939.27
138.00 19.00 -14965.73 -14987.14 421.03 2939.27
139.00 19.00 -14965.73 -14983.78 421.03 2939.27
140.00 19.00 -14965.73 -15003.11 421.03 2939.27
141.00 19.00 -14965.73 -15012.65 421.03 2939.27
142.00 19.00 -14965.73 -14992.46 421.03 2939.27
143.00 19.00 -14965.73 -14991.52 421.03 2939.27
144.00 19.00 -14965.73 -15014.84 421.03 2939.27
145.00 19.00 -14965.73 -15016.42 421.03 2939.27
146.00 19.00 -14965.73 -14993.57 421.03 2939.27
147.00 19.00 -14965.73 -15002.05 421.03 2939.27
148.00 19.00 -14965.73 -15007.78 421.03 2939.27
149.00 19.00 -14965.73 -15002.49 421.03 2939.27
150.00 19.00 -14965.73 -14985.00 421.03 2939.27
151.00 19.00 -14965.73 -15003.42 421.03 2939.27
152.00 19.00 -14965.73 -14989.67 421.03 2939.27
153.00 19.00 -14965.73 -14985.09 421.03 2939.27
154.00 19.00 -14965.73 -14999.49 421.03 2939.27
155.00 19.00 -14965.73 -15005.86 421.03 2939.27
156.00 19.00 -14965.73 -14994.63 421.03 2939.27
157.00 19.00 -14965.73 -14995.69 421.03 2939.27
158.00 19.00 -14965.73 -15005.62 421.03 2939.27
159.00 19.00 -14965.73 -14988.87 421.03 2939.27
160.00 19.00 -14965.73 -14986.21 421.03 2939.27
161.00 19.00 -14965.73 -14976.54 421.03 2939.27
162.00 19.00 -14965.73 -15011.16 421.03 2939.27
163.00 19.00 -14965.73 -15008.57 421.03 2939.27
164.00 19.00 -14965.73 -15026.07 421.03 2939.27
165.00 19.00 -14965.73 -15004.51 421.03 2939.27
166.00 19.00 -14965.73 -15040.24 421.03 2939.27
167.00 19.00 -14965.73 -15011.88 421.03 2939.27
168.00 19.00 -14965.73 -15011.83 421.03 2939.27
169.00 19.00 -14965.73 -15003.74 421.03 2939.27
170.00 19.00 -14965.73 -15020.27 421.03 2939.27
171.00 19.00 -14965.73 -15026.12 421.03 2939.27
172.00 19.00 -14965.73 -15006.43 421.03 2939.27
173.00 19.00 -14965.73 -15020.89 421.03 2939.27
174.00 19.00 -14965.73 -14997.15 421.03 2939.27
175.00 19.00 -14965.73 -15004.76 421.03 2939.27
176.00 19.00 -14965.73 -14999.20 421.03 2939.27
177.00 19.00 -14965.73 -14985.25 421.03 2939.27
178.00 19.00 -14965.73 -15003.81 421.03 2939.27
179.00 19.00 -14965.73 -15017.37 421.03 2939.27
180.00 19.00 -14965.73 -15000.74 421.03 2939.27
181.00 19.00 -14965.73 -15022.18 421.03 2939.27
182.00 19.00 -14965.73 -15008.12 421.03 2939.27
183.00 19.00 -14965.73 -14998.44 421.03 2939.27
184.00 19.00 -14965.73 -14981.08 421.03 2939.27
185.00 19.00 -14965.73 -15001.25 421.03 2939.27
186.00 19.00 -14965.73 -14996.48 421.03 2939.27
187.00 19.00 -14965.73 -14987.65 421.03 2939.27
188.00 19.00 -14965.73 -15006.10 421.03 2939.27
189.00 19.00 -14965.73 -14993.56 421.03 2939.27
190.00 19.00 -14965.73 -14998.39 421.03 2939.27
191.00 19.00 -14965.73 -14979.49 421.03 2939.27
192.00 19.00 -14965.73 -15022.27 421.03 2939.27
193.00 19.00 -14965.73 -15018.70 421.03 2939.27
194.00 19.00 -14965.73 -14992.23 421.03 2939.27
195.00 19.00 -14965.73 -15006.18 421.03 2939.27
196.00 19.00 -14965.73 -14979.88 421.03 2939.27
197.00 19.00 -14965.73 -14975.72 421.03 2939.27
198.00 19.00 -14965.73 -15009.59 421.03 2939.27
199.00 19.00 -14965.73 -15005.34 421.03 2939.27
200.00 19.00 -14965.73 -15027.53 421.03 2939.27
201.00 19.00 -14965.73 -15041.06 421.03 2939.27
202.00 19.00 -14965.73 -14981.70 421.03 2939.27
203.00 19.00 -14965.73 -15007.15 421.03 2939.27
204.00 19.00 -14965.73 -14991.68 421.03 2939.27
205.00 19.00 -14965.73 -14986.08 421.03 2939.27
206.00 19.00 -14965.73 -14997.65 421.03 2939.27
207.00 19.00 -14965.73 -14995.69 421.03 2939.27
208.00 19.00 -14965.73 -15031.76 421.03 2939.27
209.00 19.00 -14965.73 -15011.83 421.03 2939.27
210.00 19.00 -14965.73 -14990.62 421.03 2939.27
211.00 19.00 -14965.73 -15003.51 421.03 2939.27
212.00 19.00 -14965.73 -14997.46 421.03 2939.27
213.00 19.00 -14965.73 -14980.65 421.03 2939.27
214.00 19.00 -14965.73 -14995.69 421.03 2939.27
215.00 19.00 -14965.73 -15048.57 421.03 2939.27
216.00 19.00 -14965.73 -14976.98 421.03 2939.27
217.00 19.00 -14965.73 -15008.07 421.03 2939.27
218.00 19.00 -14965.73 -14989.25 421.03 2939.27
219.00 19.00 -14965.73 -14990.17 421.03 2939.27
220.00 19.00 -14965.73 -14979.19 421.03 2939.27
221.00 19.00 -14965.73 -14972.73 421.03 2939.27
222.00 19.00 -14965.73 -14989.61 421.03 2939.27
223.00 19.00 -14965.73 -15000.64 421.03 2939.27
224.00 19.00 -14965.73 -14985.72 421.03 2939.27
225.00 19.00 -14965.73 -14974.98 421.03 2939.27
226.00 19.00 -14965.73 -14995.08 421.03 2939.27
227.00 19.00 -14965.73 -14981.74 421.03 2939.27
228.00 19.00 -14965.73 -15021.87 421.03 2939.27
229.00 19.00 -14965.73 -15017.07 421.03 2939.27
230.00 19.00 -14965.73 -14984.04 421.03 2939.27
231.00 19.00 -14965.73 -14995.90 421.03 2939.27
232.00 19.00 -14965.73 -14969.93 421.03 2939.27
233.00 19.00 -14965.73 -14987.49 421.03 2939.27
234.00 19.00 -14965.73 -14978.41 421.03 2939.27
235.00 19.00 -14965.73 -14990.23 421.03 2939.27
236.00 20.00 -14967.35 -14967.35 423.18 2923.43
237.00 20.00 -14967.35 -14980.69 423.18 2923.43
238.00 20.00 -14967.35 -14995.69 423.18 2923.43
239.00 20.00 -14967.35 -15011.37 423.18 2923.43
240.00 20.00 -14967.35 -15017.52 423.18 2923.43
241.00 20.00 -14967.35 -15012.82 423.18 2923.43
242.00 20.00 -14967.35 -15005.98 423.18 2923.43
243.00 20.00 -14967.35 -14977.40 423.18 2923.43
244.00 20.00 -14967.35 -15014.60 423.18 2923.43
245.00 20.00 -14967.35 -15027.49 423.18 2923.43
246.00 20.00 -14967.35 -15025.94 423.18 2923.43
247.00 20.00 -14967.35 -15016.42 423.18 2923.43
248.00 20.00 -14967.35 -15000.85 423.18 2923.43
249.00 20.00 -14967.35 -15030.73 423.18 2923.43
250.00 20.00 -14967.35 -15041.25 423.18 2923.43
251.00 20.00 -14967.35 -15001.37 423.18 2923.43
252.00 20.00 -14967.35 -14989.31 423.18 2923.43
253.00 20.00 -14967.35 -14984.86 423.18 2923.43
254.00 20.00 -14967.35 -15002.63 423.18 2923.43
255.00 20.00 -14967.35 -14986.94 423.18 2923.43
256.00 20.00 -14967.35 -14980.56 423.18 2923.43
257.00 20.00 -14967.35 -14995.65 423.18 2923.43
258.00 20.00 -14967.35 -14986.76 423.18 2923.43
259.00 20.00 -14967.35 -14985.90 423.18 2923.43
260.00 21.00 -14965.85 -14965.85 425.44 2908.85
261.00 21.00 -14965.85 -14977.44 425.44 2908.85
262.00 21.00 -14965.85 -14993.94 425.44 2908.85
263.00 21.00 -14965.85 -14975.94 425.44 2908.85
264.00 21.00 -14965.85 -14986.99 425.44 2908.85
265.00 21.00 -14965.85 -14981.45 425.44 2908.85
266.00 21.00 -14965.85 -14975.97 425.44 2908.85
267.00 21.00 -14965.85 -14968.11 425.44 2908.85
268.00 21.00 -14965.85 -15007.73 425.44 2908.85
269.00 21.00 -14965.85 -15000.66 425.44 2908.85
270.00 21.00 -14965.85 -14991.52 425.44 2908.85
271.00 21.00 -14965.85 -15006.25 425.44 2908.85
272.00 21.00 -14965.85 -14985.97 425.44 2908.85
273.00 21.00 -14965.85 -14983.59 425.44 2908.85
274.00 21.00 -14965.85 -15001.34 425.44 2908.85
275.00 21.00 -14965.85 -14994.57 425.44 2908.85
276.00 21.00 -14965.85 -15004.29 425.44 2908.85
277.00 21.00 -14965.85 -15016.21 425.44 2908.85
278.00 21.00 -14965.85 -14986.37 425.44 2908.85
279.00 21.00 -14965.85 -14998.28 425.44 2908.85
280.00 21.00 -14965.85 -15007.52 425.44 2908.85
281.00 21.00 -14965.85 -15015.27 425.44 2908.85
282.00 21.00 -14965.85 -15028.57 425.44 2908.85
283.00 21.00 -14965.85 -15031.43 425.44 2908.85
284.00 21.00 -14965.85 -14989.58 425.44 2908.85
285.00 21.00 -14965.85 -14998.27 425.44 2908.85
286.00 21.00 -14965.85 -14997.10 425.44 2908.85
287.00 21.00 -14965.85 -15010.29 425.44 2908.85
288.00 21.00 -14965.85 -14980.03 425.44 2908.85
289.00 21.00 -14965.85 -14992.56 425.44 2908.85
290.00 21.00 -14965.85 -15013.77 425.44 2908.85
291.00 21.00 -14965.85 -15022.60 425.44 2908.85
292.00 21.00 -14965.85 -14995.37 425.44 2908.85
293.00 21.00 -14965.85 -15017.30 425.44 2908.85
294.00 21.00 -14965.85 -15030.97 425.44 2908.85
295.00 21.00 -14965.85 -15029.25 425.44 2908.85
296.00 21.00 -14965.85 -14980.35 425.44 2908.85
297.00 21.00 -14965.85 -15014.30 425.44 2908.85
298.00 21.00 -14965.85 -15001.74 425.44 2908.85
299.00 21.00 -14965.85 -14976.53 425.44 2908.85
300.00 21.00 -14965.85 -15037.26 425.44 2908.85
301.00 21.00 -14965.85 -15005.50 425.44 2908.85
302.00 21.00 -14965.85 -15019.41 425.44 2908.85
303.00 21.00 -14965.85 -15034.55 425.44 2908.85
304.00 21.00 -14965.85 -15024.04 425.44 2908.85
305.00 21.00 -14965.85 -14980.47 425.44 2908.85
306.00 21.00 -14965.85 -14986.71 425.44 2908.85
307.00 21.00 -14965.85 -14988.39 425.44 2908.85
308.00 21.00 -14965.85 -15020.01 425.44 2908.85
309.00 21.00 -14965.85 -15007.86 425.44 2908.85
310.00 21.00 -14965.85 -15010.04 425.44 2908.85
311.00 21.00 -14965.85 -15011.24 425.44 2908.85
312.00 21.00 -14965.85 -14994.65 425.44 2908.85
313.00 21.00 -14965.85 -14982.49 425.44 2908.85
314.00 21.00 -14965.85 -15005.79 425.44 2908.85
315.00 21.00 -14965.85 -15006.48 425.44 2908.85
316.00 21.00 -14965.85 -15033.74 425.44 2908.85
317.00 21.00 -14965.85 -14977.70 425.44 2908.85
318.00 21.00 -14965.85 -15000.85 425.44 2908.85
319.00 21.00 -14965.85 -15018.93 425.44 2908.85
320.00 21.00 -14965.85 -15027.17 425.44 2908.85
321.00 21.00 -14965.85 -15013.03 425.44 2908.85
322.00 21.00 -14965.85 -14983.67 425.44 2908.85
323.00 21.00 -14965.85 -14989.85 425.44 2908.85
324.00 21.00 -14965.85 -15023.44 425.44 2908.85
325.00 21.00 -14965.85 -15020.68 425.44 2908.85
326.00 21.00 -14965.85 -15026.78 425.44 2908.85
327.00 21.00 -14965.85 -15028.68 425.44 2908.85
328.00 21.00 -14965.85 -15013.67 425.44 2908.85
329.00 21.00 -14965.85 -14991.03 425.44 2908.85
330.00 21.00 -14965.85 -15012.35 425.44 2908.85
331.00 21.00 -14965.85 -15011.32 425.44 2908.85
332.00 21.00 -14965.85 -14986.10 425.44 2908.85
333.00 21.00 -14965.85 -14970.42 425.44 2908.85
334.00 21.00 -14965.85 -14976.41 425.44 2908.85
335.00 22.00 -14960.16 -14960.16 422.37 2904.11
336.00 22.00 -14960.16 -14976.95 422.37 2904.11
337.00 22.00 -14960.16 -14995.51 422.37 2904.11
338.00 22.00 -14960.16 -14983.29 422.37 2904.11
339.00 22.00 -14960.16 -14976.87 422.37 2904.11
340.00 22.00 -14960.16 -15003.75 422.37 2904.11
341.00 22.00 -14960.16 -15035.80 422.37 2904.11
342.00 22.00 -14960.16 -15064.90 422.37 2904.11
343.00 22.00 -14960.16 -14997.20 422.37 2904.11
344.00 22.00 -14960.16 -15024.94 422.37 2904.11
345.00 22.00 -14960.16 -15006.32 422.37 2904.11
346.00 22.00 -14960.16 -14982.10 422.37 2904.11
347.00 22.00 -14960.16 -14994.04 422.37 2904.11
348.00 22.00 -14960.16 -15003.93 422.37 2904.11
349.00 22.00 -14960.16 -15054.74 422.37 2904.11
350.00 22.00 -14960.16 -15001.11 422.37 2904.11
351.00 22.00 -14960.16 -14989.36 422.37 2904.11
352.00 22.00 -14960.16 -14998.08 422.37 2904.11
353.00 22.00 -14960.16 -15028.13 422.37 2904.11
354.00 22.00 -14960.16 -14985.21 422.37 2904.11
355.00 22.00 -14960.16 -14975.36 422.37 2904.11
356.00 22.00 -14960.16 -14983.91 422.37 2904.11
357.00 22.00 -14960.16 -14972.65 422.37 2904.11
358.00 22.00 -14960.16 -14998.45 422.37 2904.11
359.00 22.00 -14960.16 -15002.25 422.37 2904.11
360.00 22.00 -14960.16 -14990.68 422.37 2904.11
361.00 22.00 -14960.16 -14989.84 422.37 2904.11
362.00 22.00 -14960.16 -15028.31 422.37 2904.11
363.00 22.00 -14960.16 -14998.54 422.37 2904.11
364.00 22.00 -14960.16 -15024.98 422.37 2904.11
365.00 22.00 -14960.16 -14994.35 422.37 2904.11
366.00 22.00 -14960.16 -14979.71 422.37 2904.11
367.00 22.00 -14960.16 -14979.46 422.37 2904.11
368.00 22.00 -14960.16 -15022.43 422.37 2904.11
369.00 22.00 -14960.16 -15026.25 422.37 2904.11
370.00 22.00 -14960.16 -14994.52 422.37 2904.11
371.00 22.00 -14960.16 -15000.13 422.37 2904.11
372.00 22.00 -14960.16 -14987.94 422.37 2904.11
373.00 22.00 -14960.16 -14996.00 422.37 2904.11
