0.00 1.00 -9137.61 -9137.61 435.61 2934.27
1.00 1.00 -9137.61 -9200.61 435.61 2934.27
2.00 1.00 -9137.61 -9175.64 435.61 2934.27
3.00 1.00 -9137.61 -9187.78 435.61 2934.27
4.00 1.00 -9137.61 -9185.48 435.61 2934.27
5.00 1.00 -9137.61 -9142.81 435.61 2934.27
6.00 1.00 -9137.61 -9146.29 435.61 2934.27
7.00 2.00 -9135.84 -9135.84 433.32 2924.64
8.00 2.00 -9135.84 -9162.00 433.32 2924.64
9.00 3.00 -9134.25 -9134.25 429.85 2948.23
10.00 4.00 -9135.90 -9135.90 434.96 2922.61
11.00 4.00 -9135.90 -9141.15 434.96 2922.61
12.00 4.00 -9135.90 -9139.75 434.96 2922.61
13.00 4.00 -9135.90 -9150.18 434.96 2922.61
14.00 5.00 -9133.17 -9133.17 431.13 2927.62
15.00 6.00 -9130.17 -9130.17 428.30 2931.29
16.00 6.00 -9130.17 -9137.39 428.30 2931.29
17.00 6.00 -9130.17 -9139.78 428.30 2931.29
18.00 6.00 -9130.17 -9146.63 428.30 2931.29
19.00 6.00 -9130.17 -9145.21 428.30 2931.29
20.00 6.00 -9130.17 -9164.60 428.30 2931.29
21.00 6.00 -9130.17 -9151.88 428.30 2931.29
22.00 6.00 -9130.17 -9136.75 428.30 2931.29
23.00 7.00 -9130.43 -9130.43 430.86 2914.30
24.00 7.00 -9130.43 -9153.78 430.86 2914.30
25.00 7.00 -9130.43 -9153.26 430.86 2914.30
26.00 8.00 -9124.52 -9124.52 425.95 2910.01
27.00 8.00 -9124.52 -9138.98 425.95 2910.01
28.00 8.00 -9124.52 -9129.34 425.95 2910.01
29.00 8.00 -9124.52 -9136.94 425.95 2910.01
30.00 8.00 -9124.52 -9157.52 425.95 2910.01
31.00 8.00 -9124.52 -9151.43 425.95 2910.01
32.00 8.00 -9124.52 -9155.02 425.95 2910.01
33.00 8.00 -9124.52 -9154.60 425.95 2910.01
34.00 8.00 -9124.52 -9147.03 425.95 2910.01
35.00 8.00 -9124.52 -9129.07 425.95 2910.01
36.00 8.00 -9124.52 -9161.00 425.95 2910.01
37.00 8.00 -9124.52 -9152.52 425.95 2910.01
38.00 8.00 -9124.52 -9144.01 425.95 2910.01
39.00 8.00 -9124.52 -9145.65 425.95 2910.01
40.00 8.00 -9124.52 -9173.03 425.95 2910.01
41.00 8.00 -9124.52 -9148.80 425.95 2910.01
42.00 8.00 -9124.52 -9147.23 425.95 2910.01
43.00 8.00 -9124.52 -9144.79 425.95 2910.01
44.00 8.00 -9124.52 -9153.05 425.95 2910.01
45.00 8.00 -9124.52 -9157.92 425.95 2910.01
46.00 8.00 -9124.52 -9170.83 425.95 2910.01
47.00 8.00 -9124.52 -9143.57 425.95 2910.01
48.00 8.00 -9124.52 -9136.52 425.95 2910.01
49.00 8.00 -9124.52 -9163.80 425.95 2910.01
50.00 8.00 -9124.52 -9147.96 425.95 2910.01
51.00 8.00 -9124.52 -9150.42 425.95 2910.01
52.00 8.00 -9124.52 -9133.63 425.95 2910.01
53.00 8.00 -9124.52 -9133.30 425.95 2910.01
54.00 8.00 -9124.52 -9134.70 425.95 2910.01
55.00 8.00 -9124.52 -9160.08 425.95 2910.01
56.00 8.00 -9124.52 -9160.27 425.95 2910.01
57.00 8.00 -9124.52 -9152.15 425.95 2910.01
58.00 8.00 -9124.52 -9142.76 425.95 2910.01
59.00 8.00 -9124.52 -9142.78 425.95 2910.01
60.00 8.00 -9124.52 -9153.94 425.95 2910.01
61.00 8.00 -9124.52 -9144.77 425.95 2910.01
62.00 8.00 -9124.52 -9138.60 425.95 2910.01
63.00 8.00 -9124.52 -9159.33 425.95 2910.01
64.00 8.00 -9124.52 -9165.35 425.95 2910.01
65.00 8.00 -9124.52 -9147.22 425.95 2910.01
66.00 8.00 -9124.52 -9158.36 425.95 2910.01
67.00 8.00 -9124.52 -9141.33 425.95 2910.01
68.00 8.00 -9124.52 -9160.60 425.95 2910.01
69.00 8.00 -9124.52 -9167.33 425.95 2910.01
70.00 8.00 -9124.52 -9149.24 425.95 2910.01
71.00 8.00 -9124.52 -9154.66 425.95 2910.01
72.00 8.00 -9124.52 -9151.38 425.95 2910.01
73.00 8.00 -9124.52 -9149.47 425.95 2910.01
74.00 8.00 -9124.52 -9141.48 425.95 2910.01
75.00 8.00 -9124.52 -9142.58 425.95 2910.01
76.00 8.00 -9124.52 -9131.14 425.95 2910.01
77.00 8.00 -9124.52 -9131.53 425.95 2910.01
78.00 8.00 -9124.52 -9138.78 425.95 2910.01
79.00 8.00 -9124.52 -9139.81 425.95 2910.01
80.00 8.00 -9124.52 -9167.92 425.95 2910.01
81.00 8.00 -9124.52 -9154.86 425.95 2910.01
82.00 8.00 -9124.52 -9142.06 425.95 2910.01
83.00 8.00 -9124.52 -9164.14 425.95 2910.01
84.00 8.00 -9124.52 -9131.23 425.95 2910.01
85.00 8.00 -9124.52 -9147.81 425.95 2910.01
86.00 8.00 -9124.52 -9134.95 425.95 2910.01
87.00 8.00 -9124.52 -9133.76 425.95 2910.01
88.00 8.00 -9124.52 -9150.70 425.95 2910.01
89.00 8.00 -9124.52 -9143.18 425.95 2910.01
90.00 8.00 -9124.52 -9156.57 425.95 2910.01
91.00 8.00 -9124.52 -9165.32 425.95 2910.01
92.00 8.00 -9124.52 -9141.15 425.95 2910.01
93.00 8.00 -9124.52 -9137.58 425.95 2910.01
94.00 8.00 -9124.52 -9133.22 425.95 2910.01
95.00 8.00 -9124.52 -9137.09 425.95 2910.01
96.00 8.00 -9124.52 -9168.11 425.95 2910.01
97.00 8.00 -9124.52 -9146.73 425.95 2910.01
98.00 8.00 -9124.52 -9134.93 425.95 2910.01
99.00 8.00 -9124.52 -9137.63 425.95 2910.01
100.00 8.00 -9124.52 -9151.94 425.95 2910.01
101.00 8.00 -9124.52 -9150.88 425.95 2910.01
102.00 8.00 -9124.52 -9158.33 425.95 2910.01
103.00 8.00 -9124.52 -9157.10 425.95 2910.01
104.00 8.00 -9124.52 -9140.35 425.95 2910.01
105.00 8.00 -9124.52 -9133.25 425.95 2910.01
106.00 8.00 -9124.52 -9146.26 425.95 2910.01
107.00 8.00 -9124.52 -9140.83 425.95 2910.01
108.00 8.00 -9124.52 -9137.89 425.95 2910.01
109.00 8.00 -9124.52 -9137.80 425.95 2910.01
110.00 8.00 -9124.52 -9150.51 425.95 2910.01
111.00 8.00 -9124.52 -9158.48 425.95 2910.01
112.00 8.00 -9124.52 -9155.09 425.95 2910.01
113.00 8.00 -9124.52 -9142.83 425.95 2910.01
114.00 8.00 -9124.52 -9154.91 425.95 2910.01
115.00 8.00 -9124.52 -9158.03 425.95 2910.01
116.00 8.00 -9124.52 -9143.35 425.95 2910.01
117.00 8.00 -9124.52 -9128.56 425.95 2910.01
118.00 8.00 -9124.52 -9140.65 425.95 2910.01
119.00 8.00 -9124.52 -9136.54 425.95 2910.01
120.00 8.00 -9124.52 -9149.78 425.95 2910.01
121.00 8.00 -9124.52 -9149.49 425.95 2910.01
122.00 8.00 -9124.52 -9155.63 425.95 2910.01
123.00 8.00 -9124.52 -9154.52 425.95 2910.01
124.00 8.00 -9124.52 -9147.29 425.95 2910.01
125.00 8.00 -9124.52 -9130.15 425.95 2910.01
126.00 8.00 -9124.52 -9130.65 425.95 2910.01
127.00 8.00 -9124.52 -9135.10 425.95 2910.01
128.00 8.00 -9124.52 -9136.43 425.95 2910.01
129.00 8.00 -9124.52 -9132.19 425.95 2910.01
130.00 8.00 -9124.52 -9149.63 425.95 2910.01
131.00 9.00 -15024.39 -15024.39 449.55 2948.25
132.00 10.00 -14991.29 -14991.29 435.20 2922.96
133.00 10.00 -14991.29 -15001.22 435.20 2922.96
134.00 11.00 -14978.28 -14978.28 430.86 2909.84
135.00 11.00 -14978.28 -14992.09 430.86 2909.84
136.00 11.00 -14978.28 -15041.48 430.86 2909.84
137.00 11.00 -14978.28 -15042.28 430.86 2909.84
138.00 11.00 -14978.28 -14983.66 430.86 2909.84
139.00 11.00 -14978.28 -15032.08 430.86 2909.84
140.00 12.00 -14971.47 -14971.47 427.74 2915.79
141.00 12.00 -14971.47 -14988.41 427.74 2915.79
142.00 12.00 -14971.47 -14979.05 427.74 2915.79
143.00 12.00 -14971.47 -14989.37 427.74 2915.79
144.00 12.00 -14971.47 -15025.68 427.74 2915.79
145.00 12.00 -14971.47 -14974.15 427.74 2915.79
146.00 12.00 -14971.47 -14995.09 427.74 2915.79
147.00 12.00 -14971.47 -14994.11 427.74 2915.79
148.00 12.00 -14971.47 -15038.74 427.74 2915.79
149.00 12.00 -14971.47 -15032.35 427.74 2915.79
150.00 12.00 -14971.47 -15013.18 427.74 2915.79
151.00 12.00 -14971.47 -15001.48 427.74 2915.79
152.00 12.00 -14971.47 -14995.98 427.74 2915.79
153.00 12.00 -14971.47 -15002.82 427.74 2915.79
154.00 12.00 -14971.47 -15031.94 427.74 2915.79
155.00 12.00 -14971.47 -15033.80 427.74 2915.79
156.00 12.00 -14971.47 -15008.27 427.74 2915.79
157.00 12.00 -14971.47 -14985.69 427.74 2915.79
158.00 12.00 -14971.47 -14994.66 427.74 2915.79
159.00 12.00 -14971.47 -14999.75 427.74 2915.79
160.00 12.00 -14971.47 -14980.48 427.74 2915.79
161.00 12.00 -14971.47 -15027.72 427.74 2915.79
162.00 12.00 -14971.47 -15017.33 427.74 2915.79
163.00 12.00 -14971.47 -15000.48 427.74 2915.79
164.00 12.00 -14971.47 -15013.54 427.74 2915.79
165.00 12.00 -14971.47 -15003.01 427.74 2915.79
166.00 12.00 -14971.47 -15005.85 427.74 2915.79
167.00 12.00 -14971.47 -14991.01 427.74 2915.79
168.00 12.00 -14971.47 -14992.09 427.74 2915.79
169.00 12.00 -14971.47 -14991.23 427.74 2915.79
170.00 12.00 -14971.47 -14993.79 427.74 2915.79
171.00 12.00 -14971.47 -14998.72 427.74 2915.79
172.00 12.00 -14971.47 -14990.00 427.74 2915.79
173.00 12.00 -14971.47 -15001.29 427.74 2915.79
174.00 12.00 -14971.47 -14987.62 427.74 2915.79
175.00 12.00 -14971.47 -14972.30 427.74 2915.79
176.00 13.00 -14972.50 -14972.50 424.65 2934.51
177.00 13.00 -14972.50 -14988.68 424.65 2934.51
178.00 13.00 -14972.50 -15048.45 424.65 2934.51
179.00 13.00 -14972.50 -15047.02 424.65 2934.51
180.00 13.00 -14972.50 -15001.53 424.65 2934.51
181.00 13.00 -14972.50 -14994.45 424.65 2934.51
182.00 13.00 -14972.50 -15020.88 424.65 2934.51
183.00 13.00 -14972.50 -15053.86 424.65 2934.51
184.00 13.00 -14972.50 -15021.35 424.65 2934.51
185.00 13.00 -14972.50 -15018.31 424.65 2934.51
186.00 13.00 -14972.50 -14985.28 424.65 2934.51
187.00 13.00 -14972.50 -14998.34 424.65 2934.51
188.00 13.00 -14972.50 -15021.08 424.65 2934.51
189.00 13.00 -14972.50 -15026.91 424.65 2934.51
190.00 14.00 -14977.35 -14977.35 428.82 2920.06
191.00 14.00 -14977.35 -14989.14 428.82 2920.06
192.00 14.00 -14977.35 -15000.93 428.82 2920.06
193.00 14.00 -14977.35 -15005.86 428.82 2920.06
194.00 14.00 -14977.35 -14989.61 428.82 2920.06
195.00 14.00 -14977.35 -15000.76 428.82 2920.06
196.00 14.00 -14977.35 -14979.29 428.82 2920.06
197.00 14.00 -14977.35 -14990.94 428.82 2920.06
198.00 14.00 -14977.35 -15007.92 428.82 2920.06
199.00 14.00 -14977.35 -15007.79 428.82 2920.06
200.00 15.00 -14975.08 -14975.08 426.33 2926.39
201.00 15.00 -14975.08 -15002.60 426.33 2926.39
202.00 15.00 -14975.08 -14988.02 426.33 2926.39
203.00 15.00 -14975.08 -15005.26 426.33 2926.39
204.00 15.00 -14975.08 -15008.69 426.33 2926.39
205.00 15.00 -14975.08 -15042.50 426.33 2926.39
206.00 15.00 -14975.08 -15005.48 426.33 2926.39
207.00 15.00 -14975.08 -14984.37 426.33 2926.39
208.00 15.00 -14975.08 -14989.06 426.33 2926.39
209.00 15.00 -14975.08 -14984.69 426.33 2926.39
210.00 15.00 -14975.08 -14993.68 426.33 2926.39
211.00 15.00 -14975.08 -15007.60 426.33 2926.39
212.00 15.00 -14975.08 -14992.97 426.33 2926.39
213.00 15.00 -14975.08 -14990.10 426.33 2926.39
214.00 15.00 -14975.08 -15021.18 426.33 2926.39
215.00 16.00 -14965.52 -14965.52 423.62 2914.92
216.00 16.00 -14965.52 -15023.90 423.62 2914.92
217.00 16.00 -14965.52 -15005.54 423.62 2914.92
218.00 16.00 -14965.52 -14977.26 423.62 2914.92
219.00 16.00 -14965.52 -14975.85 423.62 2914.92
220.00 16.00 -14965.52 -14969.93 423.62 2914.92
221.00 16.00 -14965.52 -14993.11 423.62 2914.92
222.00 16.00 -14965.52 -15016.97 423.62 2914.92
223.00 16.00 -14965.52 -15015.14 423.62 2914.92
224.00 16.00 -14965.52 -15009.71 423.62 2914.92
225.00 16.00 -14965.52 -15020.52 423.62 2914.92
226.00 16.00 -14965.52 -14979.13 423.62 2914.92
227.00 16.00 -14965.52 -15021.25 423.62 2914.92
228.00 16.00 -14965.52 -14986.21 423.62 2914.92
229.00 16.00 -14965.52 -14992.19 423.62 2914.92
230.00 16.00 -14965.52 -14988.49 423.62 2914.92
231.00 16.00 -14965.52 -14994.55 423.62 2914.92
232.00 16.00 -14965.52 -14981.21 423.62 2914.92
233.00 16.00 -14965.52 -14974.98 423.62 2914.92
234.00 16.00 -14965.52 -15038.92 423.62 2914.92
235.00 16.00 -14965.52 -15042.75 423.62 2914.92
236.00 16.00 -14965.52 -15010.87 423.62 2914.92
237.00 16.00 -14965.52 -15008.98 423.62 2914.92
238.00 16.00 -14965.52 -14991.44 423.62 2914.92
239.00 16.00 -14965.52 -14999.61 423.62 2914.92
240.00 16.00 -14965.52 -15037.22 423.62 2914.92
241.00 16.00 -14965.52 -15037.82 423.62 2914.92
242.00 16.00 -14965.52 -14988.77 423.62 2914.92
243.00 16.00 -14965.52 -14972.94 423.62 2914.92
244.00 16.00 -14965.52 -14976.55 423.62 2914.92
245.00 16.00 -14965.52 -14984.07 423.62 2914.92
246.00 16.00 -14965.52 -14985.55 423.62 2914.92
247.00 17.00 -14966.64 -14966.64 423.24 2922.65
248.00 17.00 -14966.64 -14982.34 423.24 2922.65
249.00 17.00 -14966.64 -14990.43 423.24 2922.65
250.00 17.00 -14966.64 -14982.06 423.24 2922.65
251.00 17.00 -14966.64 -14986.13 423.24 2922.65
252.00 17.00 -14966.64 -14994.52 423.24 2922.65
253.00 17.00 -14966.64 -14985.07 423.24 2922.65
254.00 17.00 -14966.64 -14989.46 423.24 2922.65
255.00 17.00 -14966.64 -14991.69 423.24 2922.65
256.00 17.00 -14966.64 -15008.32 423.24 2922.65
257.00 17.00 -14966.64 -15009.30 423.24 2922.65
258.00 17.00 -14966.64 -14986.99 423.24 2922.65
259.00 17.00 -14966.64 -15008.49 423.24 2922.65
260.00 17.00 -14966.64 -14992.77 423.24 2922.65
261.00 17.00 -14966.64 -15011.43 423.24 2922.65
262.00 17.00 -14966.64 -15025.09 423.24 2922.65
263.00 17.00 -14966.64 -15001.32 423.24 2922.65
264.00 17.00 -14966.64 -15006.55 423.24 2922.65
265.00 17.00 -14966.64 -15017.01 423.24 2922.65
266.00 17.00 -14966.64 -14998.35 423.24 2922.65
267.00 17.00 -14966.64 -15018.76 423.24 2922.65
268.00 17.00 -14966.64 -15023.95 423.24 2922.65
269.00 17.00 -14966.64 -15026.90 423.24 2922.65
270.00 17.00 -14966.64 -15019.83 423.24 2922.65
271.00 17.00 -14966.64 -15025.55 423.24 2922.65
272.00 17.00 -14966.64 -14975.51 423.24 2922.65
273.00 17.00 -14966.64 -14973.84 423.24 2922.65
274.00 17.00 -14966.64 -15014.63 423.24 2922.65
275.00 17.00 -14966.64 -14987.61 423.24 2922.65
276.00 17.00 -14966.64 -14989.66 423.24 2922.65
277.00 17.00 -14966.64 -14987.01 423.24 2922.65
278.00 17.00 -14966.64 -14988.24 423.24 2922.65
279.00 17.00 -14966.64 -14982.99 423.24 2922.65
280.00 17.00 -14966.64 -14996.49 423.24 2922.65
281.00 17.00 -14966.64 -14988.22 423.24 2922.65
282.00 17.00 -14966.64 -14983.42 423.24 2922.65
283.00 17.00 -14966.64 -14985.66 423.24 2922.65
284.00 17.00 -14966.64 -14975.80 423.24 2922.65
285.00 17.00 -14966.64 -15001.69 423.24 2922.65
286.00 17.00 -14966.64 -14983.72 423.24 2922.65
287.00 17.00 -14966.64 -14977.68 423.24 2922.65
288.00 17.00 -14966.64 -14981.37 423.24 2922.65
289.00 17.00 -14966.64 -14984.09 423.24 2922.65
290.00 17.00 -14966.64 -14994.88 423.24 2922.65
291.00 17.00 -14966.64 -14999.12 423.24 2922.65
292.00 17.00 -14966.64 -14974.63 423.24 2922.65
293.00 17.00 -14966.64 -14986.22 423.24 2922.65
294.00 17.00 -14966.64 -15003.56 423.24 2922.65
295.00 17.00 -14966.64 -15015.68 423.24 2922.65
296.00 18.00 -14964.76 -14964.76 424.41 2908.94
297.00 18.00 -14964.76 -14979.44 424.41 2908.94
298.00 18.00 -14964.76 -14985.38 424.41 2908.94
299.00 18.00 -14964.76 -14986.53 424.41 2908.94
300.00 18.00 -14964.76 -14984.02 424.41 2908.94
301.00 18.00 -14964.76 -14987.71 424.41 2908.94
302.00 18.00 -14964.76 -15001.38 424.41 2908.94
303.00 18.00 -14964.76 -14988.02 424.41 2908.94
304.00 18.00 -14964.76 -14997.97 424.41 2908.94
305.00 18.00 -14964.76 -14995.81 424.41 2908.94
306.00 18.00 -14964.76 -14988.39 424.41 2908.94
307.00 18.00 -14964.76 -14997.11 424.41 2908.94
308.00 18.00 -14964.76 -15029.58 424.41 2908.94
309.00 18.00 -14964.76 -15030.81 424.41 2908.94
310.00 18.00 -14964.76 -14997.52 424.41 2908.94
311.00 18.00 -14964.76 -15000.00 424.41 2908.94
312.00 18.00 -14964.76 -14995.46 424.41 2908.94
313.00 18.00 -14964.76 -14985.88 424.41 2908.94
314.00 18.00 -14964.76 -15001.39 424.41 2908.94
315.00 18.00 -14964.76 -15019.14 424.41 2908.94
316.00 18.00 -14964.76 -14988.36 424.41 2908.94
317.00 18.00 -14964.76 -14978.17 424.41 2908.94
318.00 18.00 -14964.76 -15035.74 424.41 2908.94
319.00 18.00 -14964.76 -15023.17 424.41 2908.94
320.00 18.00 -14964.76 -14986.98 424.41 2908.94
321.00 18.00 -14964.76 -14984.64 424.41 2908.94
322.00 18.00 -14964.76 -14992.08 424.41 2908.94
323.00 18.00 -14964.76 -14997.31 424.41 2908.94
324.00 18.00 -14964.76 -14965.67 424.41 2908.94
325.00 18.00 -14964.76 -14979.36 424.41 2908.94
326.00 18.00 -14964.76 -15001.85 424.41 2908.94
327.00 18.00 -14964.76 -15006.77 424.41 2908.94
328.00 19.00 -14969.79 -14969.79 426.69 2918.33
329.00 19.00 -14969.79 -14980.51 426.69 2918.33
330.00 19.00 -14969.79 -14986.04 426.69 2918.33
331.00 19.00 -14969.79 -14995.84 426.69 2918.33
332.00 19.00 -14969.79 -15007.44 426.69 2918.33
333.00 19.00 -14969.79 -15026.26 426.69 2918.33
334.00 19.00 -14969.79 -14981.12 426.69 2918.33
335.00 19.00 -14969.79 -15004.34 426.69 2918.33
336.00 19.00 -14969.79 -14994.71 426.69 2918.33
337.00 19.00 -14969.79 -14999.60 426.69 2918.33
338.00 19.00 -14969.79 -15026.08 426.69 2918.33
339.00 19.00 -14969.79 -15016.89 426.69 2918.33
340.00 19.00 -14969.79 -14983.27 426.69 2918.33
341.00 19.00 -14969.79 -14989.25 426.69 2918.33
342.00 19.00 -14969.79 -15028.11 426.69 2918.33
343.00 19.00 -14969.79 -14991.80 426.69 2918.33
344.00 19.00 -14969.79 -14973.77 426.69 2918.33
345.00 19.00 -14969.79 -14994.52 426.69 2918.33
346.00 19.00 -14969.79 -14981.05 426.69 2918.33
347.00 19.00 -14969.79 -14981.57 426.69 2918.33
348.00 19.00 -14969.79 -14997.11 426.69 2918.33
349.00 19.00 -14969.79 -14979.13 426.69 2918.33
350.00 19.00 -14969.79 -14993.56 426.69 2918.33
351.00 19.00 -14969.79 -15001.46 426.69 2918.33
352.00 19.00 -14969.79 -15033.61 426.69 2918.33
353.00 19.00 -14969.79 -15031.21 426.69 2918.33
354.00 19.00 -14969.79 -14997.17 426.69 2918.33
355.00 19.00 -14969.79 -15025.95 426.69 2918.33
356.00 19.00 -14969.79 -14986.80 426.69 2918.33
357.00 19.00 -14969.79 -14994.46 426.69 2918.33
358.00 19.00 -14969.79 -15022.99 426.69 2918.33
359.00 19.00 -14969.79 -15010.66 426.69 2918.33
360.00 19.00 -14969.79 -14979.28 426.69 2918.33
361.00 19.00 -14969.79 -14992.98 426.69 2918.33
362.00 19.00 -14969.79 -14984.18 426.69 2918.33
363.00 19.00 -14969.79 -14995.23 426.69 2918.33
364.00 19.00 -14969.79 -14978.91 426.69 2918.33
365.00 19.00 -14969.79 -14983.17 426.69 2918.33
366.00 19.00 -14969.79 -14982.16 426.69 2918.33
367.00 19.00 -14969.79 -14971.66 426.69 2918.33
368.00 19.00 -14969.79 -14984.87 426.69 2918.33
369.00 19.00 -14969.79 -15011.36 426.69 2918.33
370.00 19.00 -14969.79 -14994.47 426.69 2918.33
371.00 19.00 -14969.79 -15039.51 426.69 2918.33
372.00 19.00 -14969.79 -14985.14 426.69 2918.33
373.00 19.00 -14969.79 -15026.18 426.69 2918.33
