0.00 1.00 -7514.75 -7514.75 454.84 2936.02
1.00 2.00 -7499.05 -7499.05 438.55 2919.63
2.00 2.00 -7499.05 -7510.79 438.55 2919.63
3.00 2.00 -7499.05 -7518.82 438.55 2919.63
4.00 2.00 -7499.05 -7526.67 438.55 2919.63
5.00 2.00 -7499.05 -7508.80 438.55 2919.63
6.00 2.00 -7499.05 -7505.84 438.55 2919.63
7.00 2.00 -7499.05 -7502.30 438.55 2919.63
8.00 3.00 -7497.69 -7497.69 436.51 2937.78
9.00 4.00 -7494.44 -7494.44 435.23 2926.03
10.00 4.00 -7494.44 -7509.61 435.23 2926.03
11.00 4.00 -7494.44 -7509.39 435.23 2926.03
12.00 4.00 -7494.44 -7507.62 435.23 2926.03
13.00 4.00 -7494.44 -7508.91 435.23 2926.03
14.00 4.00 -7494.44 -7502.66 435.23 2926.03
15.00 4.00 -7494.44 -7514.62 435.23 2926.03
16.00 4.00 -7494.44 -7506.80 435.23 2926.03
17.00 4.00 -7494.44 -7515.54 435.23 2926.03
18.00 4.00 -7494.44 -7496.52 435.23 2926.03
19.00 5.00 -7492.81 -7492.81 432.40 2935.00
20.00 5.00 -7492.81 -7513.36 432.40 2935.00
21.00 5.00 -7492.81 -7503.56 432.40 2935.00
22.00 6.00 -7494.45 -7494.45 434.41 2917.65
23.00 7.00 -7493.81 -7493.81 434.97 2906.85
24.00 8.00 -7493.63 -7493.63 433.55 2915.35
25.00 9.00 -7493.86 -7493.86 432.91 2923.64
26.00 9.00 -7493.86 -7501.23 432.91 2923.64
27.00 9.00 -7493.86 -7504.68 432.91 2923.64
28.00 9.00 -7493.86 -7501.82 432.91 2923.64
29.00 9.00 -7493.86 -7498.73 432.91 2923.64
30.00 10.00 -7491.12 -7491.12 429.84 2930.82
31.00 10.00 -7491.12 -7505.58 429.84 2930.82
32.00 10.00 -7491.12 -7501.45 429.84 2930.82
33.00 10.00 -7491.12 -7494.49 429.84 2930.82
34.00 10.00 -7491.12 -7503.70 429.84 2930.82
35.00 10.00 -7491.12 -7507.66 429.84 2930.82
36.00 10.00 -7491.12 -7501.18 429.84 2930.82
37.00 10.00 -7491.12 -7499.33 429.84 2930.82
38.00 10.00 -7491.12 -7505.36 429.84 2930.82
39.00 10.00 -7491.12 -7517.35 429.84 2930.82
40.00 10.00 -7491.12 -7513.21 429.84 2930.82
41.00 10.00 -7491.12 -7512.11 429.84 2930.82
42.00 10.00 -7491.12 -7512.15 429.84 2930.82
43.00 10.00 -7491.12 -7507.48 429.84 2930.82
44.00 10.00 -7491.12 -7496.46 429.84 2930.82
45.00 10.00 -7491.12 -7496.57 429.84 2930.82
46.00 10.00 -7491.12 -7520.86 429.84 2930.82
47.00 10.00 -7491.12 -7522.23 429.84 2930.82
48.00 11.00 -7490.28 -7490.28 430.12 2926.41
49.00 12.00 -7487.43 -7487.43 427.04 2926.33
50.00 12.00 -7487.43 -7507.15 427.04 2926.33
51.00 13.00 -7485.44 -7485.44 426.76 2912.64
52.00 13.00 -7485.44 -7502.71 426.76 2912.64
53.00 13.00 -7485.44 -7505.36 426.76 2912.64
54.00 13.00 -7485.44 -7501.33 426.76 2912.64
55.00 13.00 -7485.44 -7498.68 426.76 2912.64
56.00 13.00 -7485.44 -7499.80 426.76 2912.64
57.00 13.00 -7485.44 -7502.82 426.76 2912.64
58.00 13.00 -7485.44 -7513.41 426.76 2912.64
59.00 13.00 -7485.44 -7524.79 426.76 2912.64
60.00 13.00 -7485.44 -7508.75 426.76 2912.64
61.00 13.00 -7485.44 -7507.75 426.76 2912.64
62.00 13.00 -7485.44 -7498.33 426.76 2912.64
63.00 13.00 -7485.44 -7498.95 426.76 2912.64
64.00 13.00 -7485.44 -7498.05 426.76 2912.64
65.00 13.00 -7485.44 -7492.68 426.76 2912.64
66.00 13.00 -7485.44 -7490.16 426.76 2912.64
67.00 13.00 -7485.44 -7497.45 426.76 2912.64
68.00 13.00 -7485.44 -7493.81 426.76 2912.64
69.00 13.00 -7485.44 -7489.47 426.76 2912.64
70.00 14.00 -7480.10 -7480.10 418.60 2937.81
71.00 14.00 -7480.10 -7498.29 418.60 2937.81
72.00 14.00 -7480.10 -7484.44 418.60 2937.81
73.00 15.00 -7477.09 -7477.09 417.36 2923.74
74.00 15.00 -7477.09 -7499.66 417.36 2923.74
75.00 15.00 -7477.09 -7517.09 417.36 2923.74
76.00 15.00 -7477.09 -7516.79 417.36 2923.74
77.00 15.00 -7477.09 -7508.58 417.36 2923.74
78.00 15.00 -7477.09 -7502.67 417.36 2923.74
79.00 15.00 -7477.09 -7488.11 417.36 2923.74
80.00 15.00 -7477.09 -7490.44 417.36 2923.74
81.00 15.00 -7477.09 -7487.55 417.36 2923.74
82.00 15.00 -7477.09 -7490.02 417.36 2923.74
83.00 15.00 -7477.09 -7494.44 417.36 2923.74
84.00 15.00 -7477.09 -7511.90 417.36 2923.74
85.00 15.00 -7477.09 -7510.32 417.36 2923.74
86.00 15.00 -7477.09 -7497.25 417.36 2923.74
87.00 15.00 -7477.09 -7487.12 417.36 2923.74
88.00 15.00 -7477.09 -7489.71 417.36 2923.74
89.00 15.00 -7477.09 -7494.17 417.36 2923.74
90.00 15.00 -7477.09 -7496.78 417.36 2923.74
91.00 15.00 -7477.09 -7483.88 417.36 2923.74
92.00 15.00 -7477.09 -7521.28 417.36 2923.74
93.00 15.00 -7477.09 -7506.54 417.36 2923.74
94.00 15.00 -7477.09 -7494.68 417.36 2923.74
95.00 15.00 -7477.09 -7496.38 417.36 2923.74
96.00 15.00 -7477.09 -7515.98 417.36 2923.74
97.00 15.00 -7477.09 -7509.64 417.36 2923.74
98.00 15.00 -7477.09 -7484.49 417.36 2923.74
99.00 15.00 -7477.09 -7487.17 417.36 2923.74
100.00 15.00 -7477.09 -7514.78 417.36 2923.74
101.00 15.00 -7477.09 -7500.44 417.36 2923.74
102.00 15.00 -7477.09 -7481.88 417.36 2923.74
103.00 15.00 -7477.09 -7487.30 417.36 2923.74
104.00 15.00 -7477.09 -7521.01 417.36 2923.74
105.00 15.00 -7477.09 -7517.13 417.36 2923.74
106.00 15.00 -7477.09 -7499.09 417.36 2923.74
107.00 15.00 -7477.09 -7503.60 417.36 2923.74
108.00 15.00 -7477.09 -7514.22 417.36 2923.74
109.00 15.00 -7477.09 -7500.00 417.36 2923.74
110.00 15.00 -7477.09 -7511.03 417.36 2923.74
111.00 15.00 -7477.09 -7499.48 417.36 2923.74
112.00 15.00 -7477.09 -7501.14 417.36 2923.74
113.00 15.00 -7477.09 -7509.64 417.36 2923.74
114.00 15.00 -7477.09 -7523.98 417.36 2923.74
115.00 15.00 -7477.09 -7497.51 417.36 2923.74
116.00 15.00 -7477.09 -7503.82 417.36 2923.74
117.00 15.00 -7477.09 -7496.97 417.36 2923.74
118.00 15.00 -7477.09 -7507.38 417.36 2923.74
119.00 15.00 -7477.09 -7500.72 417.36 2923.74
120.00 15.00 -7477.09 -7497.46 417.36 2923.74
121.00 15.00 -7477.09 -7489.77 417.36 2923.74
122.00 15.00 -7477.09 -7488.84 417.36 2923.74
123.00 15.00 -7477.09 -7498.01 417.36 2923.74
124.00 15.00 -7477.09 -7502.29 417.36 2923.74
125.00 15.00 -7477.09 -7494.87 417.36 2923.74
126.00 15.00 -7477.09 -7502.34 417.36 2923.74
127.00 15.00 -7477.09 -7500.15 417.36 2923.74
128.00 15.00 -7477.09 -7492.20 417.36 2923.74
129.00 15.00 -7477.09 -7494.48 417.36 2923.74
130.00 15.00 -7477.09 -7491.91 417.36 2923.74
131.00 16.00 -14991.81 -14991.81 436.93 2921.25
132.00 16.00 -14991.81 -14999.81 436.93 2921.25
133.00 16.00 -14991.81 -14995.99 436.93 2921.25
134.00 17.00 -14996.65 -14996.65 437.67 2930.78
135.00 18.00 -14988.26 -14988.26 434.14 2929.82
136.00 19.00 -14987.67 -14987.67 435.07 2919.94
137.00 20.00 -14980.81 -14980.81 429.34 2934.26
138.00 20.00 -14980.81 -14991.09 429.34 2934.26
139.00 21.00 -14973.85 -14973.85 427.23 2924.74
140.00 21.00 -14973.85 -15026.40 427.23 2924.74
141.00 21.00 -14973.85 -15023.89 427.23 2924.74
142.00 21.00 -14973.85 -14989.23 427.23 2924.74
143.00 21.00 -14973.85 -14992.85 427.23 2924.74
144.00 22.00 -14970.94 -14970.94 425.50 2926.63
145.00 22.00 -14970.94 -14986.81 425.50 2926.63
146.00 22.00 -14970.94 -15007.04 425.50 2926.63
147.00 22.00 -14970.94 -14980.83 425.50 2926.63
148.00 23.00 -14970.08 -14970.08 424.84 2922.51
149.00 23.00 -14970.08 -14986.90 424.84 2922.51
150.00 23.00 -14970.08 -14999.16 424.84 2922.51
151.00 23.00 -14970.08 -15002.12 424.84 2922.51
152.00 23.00 -14970.08 -14987.38 424.84 2922.51
153.00 23.00 -14970.08 -15006.24 424.84 2922.51
154.00 23.00 -14970.08 -14994.59 424.84 2922.51
155.00 23.00 -14970.08 -15005.92 424.84 2922.51
156.00 23.00 -14970.08 -14979.94 424.84 2922.51
157.00 23.00 -14970.08 -14995.72 424.84 2922.51
158.00 23.00 -14970.08 -15034.92 424.84 2922.51
159.00 23.00 -14970.08 -15026.58 424.84 2922.51
160.00 23.00 -14970.08 -14995.19 424.84 2922.51
161.00 23.00 -14970.08 -14978.42 424.84 2922.51
162.00 23.00 -14970.08 -14984.90 424.84 2922.51
163.00 23.00 -14970.08 -14995.48 424.84 2922.51
164.00 23.00 -14970.08 -14981.07 424.84 2922.51
165.00 23.00 -14970.08 -14991.29 424.84 2922.51
166.00 23.00 -14970.08 -14979.38 424.84 2922.51
167.00 23.00 -14970.08 -14989.13 424.84 2922.51
168.00 23.00 -14970.08 -14982.39 424.84 2922.51
169.00 23.00 -14970.08 -14990.95 424.84 2922.51
170.00 23.00 -14970.08 -15004.52 424.84 2922.51
171.00 23.00 -14970.08 -14972.38 424.84 2922.51
172.00 23.00 -14970.08 -15032.11 424.84 2922.51
173.00 23.00 -14970.08 -15028.42 424.84 2922.51
174.00 23.00 -14970.08 -15018.98 424.84 2922.51
175.00 23.00 -14970.08 -15031.84 424.84 2922.51
176.00 23.00 -14970.08 -14980.09 424.84 2922.51
177.00 23.00 -14970.08 -15006.64 424.84 2922.51
178.00 23.00 -14970.08 -15005.71 424.84 2922.51
179.00 23.00 -14970.08 -15026.19 424.84 2922.51
180.00 23.00 -14970.08 -15010.63 424.84 2922.51
181.00 23.00 -14970.08 -15031.51 424.84 2922.51
182.00 23.00 -14970.08 -15006.65 424.84 2922.51
183.00 23.00 -14970.08 -15016.47 424.84 2922.51
184.00 23.00 -14970.08 -15029.74 424.84 2922.51
185.00 23.00 -14970.08 -15036.69 424.84 2922.51
186.00 23.00 -14970.08 -14989.58 424.84 2922.51
187.00 23.00 -14970.08 -14992.27 424.84 2922.51
188.00 23.00 -14970.08 -14985.89 424.84 2922.51
189.00 23.00 -14970.08 -14992.18 424.84 2922.51
190.00 24.00 -14970.44 -14970.44 423.74 2938.69
191.00 24.00 -14970.44 -14984.98 423.74 2938.69
192.00 24.00 -14970.44 -14973.22 423.74 2938.69
193.00 24.00 -14970.44 -15011.16 423.74 2938.69
194.00 24.00 -14970.44 -15011.67 423.74 2938.69
195.00 24.00 -14970.44 -14987.27 423.74 2938.69
196.00 24.00 -14970.44 -14974.92 423.74 2938.69
197.00 24.00 -14970.44 -14975.06 423.74 2938.69
198.00 24.00 -14970.44 -14990.33 423.74 2938.69
199.00 24.00 -14970.44 -14995.90 423.74 2938.69
200.00 24.00 -14970.44 -15027.59 423.74 2938.69
201.00 24.00 -14970.44 -15026.69 423.74 2938.69
202.00 24.00 -14970.44 -15004.10 423.74 2938.69
203.00 24.00 -14970.44 -14994.13 423.74 2938.69
204.00 24.00 -14970.44 -15002.00 423.74 2938.69
205.00 24.00 -14970.44 -15002.12 423.74 2938.69
206.00 24.00 -14970.44 -15010.45 423.74 2938.69
207.00 24.00 -14970.44 -14982.79 423.74 2938.69
208.00 24.00 -14970.44 -15014.45 423.74 2938.69
209.00 24.00 -14970.44 -14990.68 423.74 2938.69
210.00 24.00 -14970.44 -14979.37 423.74 2938.69
211.00 24.00 -14970.44 -14999.28 423.74 2938.69
212.00 24.00 -14970.44 -14999.47 423.74 2938.69
213.00 24.00 -14970.44 -14995.83 423.74 2938.69
214.00 24.00 -14970.44 -14977.55 423.74 2938.69
215.00 24.00 -14970.44 -15001.60 423.74 2938.69
216.00 24.00 -14970.44 -14984.41 423.74 2938.69
217.00 24.00 -14970.44 -14997.51 423.74 2938.69
218.00 24.00 -14970.44 -15026.32 423.74 2938.69
219.00 24.00 -14970.44 -15032.74 423.74 2938.69
220.00 24.00 -14970.44 -15010.80 423.74 2938.69
221.00 24.00 -14970.44 -15027.08 423.74 2938.69
222.00 24.00 -14970.44 -14994.60 423.74 2938.69
223.00 24.00 -14970.44 -14986.72 423.74 2938.69
224.00 24.00 -14970.44 -15004.66 423.74 2938.69
225.00 24.00 -14970.44 -15012.38 423.74 2938.69
226.00 24.00 -14970.44 -14982.61 423.74 2938.69
227.00 24.00 -14970.44 -14981.38 423.74 2938.69
228.00 24.00 -14970.44 -15021.40 423.74 2938.69
229.00 24.00 -14970.44 -15021.07 423.74 2938.69
230.00 24.00 -14970.44 -15049.50 423.74 2938.69
231.00 24.00 -14970.44 -15012.83 423.74 2938.69
232.00 24.00 -14970.44 -14999.92 423.74 2938.69
233.00 24.00 -14970.44 -15021.58 423.74 2938.69
234.00 24.00 -14970.44 -14988.52 423.74 2938.69
235.00 24.00 -14970.44 -14979.02 423.74 2938.69
236.00 24.00 -14970.44 -15031.60 423.74 2938.69
237.00 24.00 -14970.44 -15038.89 423.74 2938.69
238.00 24.00 -14970.44 -14988.16 423.74 2938.69
239.00 24.00 -14970.44 -14999.79 423.74 2938.69
240.00 24.00 -14970.44 -14983.49 423.74 2938.69
241.00 24.00 -14970.44 -14992.88 423.74 2938.69
242.00 24.00 -14970.44 -14998.24 423.74 2938.69
243.00 24.00 -14970.44 -14999.84 423.74 2938.69
244.00 24.00 -14970.44 -15000.83 423.74 2938.69
245.00 24.00 -14970.44 -14981.48 423.74 2938.69
246.00 24.00 -14970.44 -14986.46 423.74 2938.69
247.00 24.00 -14970.44 -14990.48 423.74 2938.69
248.00 24.00 -14970.44 -15025.33 423.74 2938.69
249.00 24.00 -14970.44 -15006.00 423.74 2938.69
250.00 24.00 -14970.44 -14996.82 423.74 2938.69
251.00 24.00 -14970.44 -14977.56 423.74 2938.69
252.00 24.00 -14970.44 -15025.33 423.74 2938.69
253.00 24.00 -14970.44 -15018.53 423.74 2938.69
254.00 24.00 -14970.44 -14990.26 423.74 2938.69
255.00 24.00 -14970.44 -14987.71 423.74 2938.69
256.00 24.00 -14970.44 -14974.72 423.74 2938.69
257.00 24.00 -14970.44 -14983.41 423.74 2938.69
258.00 24.00 -14970.44 -15012.23 423.74 2938.69
259.00 24.00 -14970.44 -15019.81 423.74 2938.69
260.00 24.00 -14970.44 -15021.75 423.74 2938.69
261.00 24.00 -14970.44 -15023.11 423.74 2938.69
262.00 24.00 -14970.44 -14998.88 423.74 2938.69
263.00 24.00 -14970.44 -15007.31 423.74 2938.69
264.00 24.00 -14970.44 -15033.11 423.74 2938.69
265.00 24.00 -14970.44 -15014.16 423.74 2938.69
266.00 24.00 -14970.44 -15007.64 423.74 2938.69
267.00 24.00 -14970.44 -15009.23 423.74 2938.69
268.00 24.00 -14970.44 -14981.47 423.74 2938.69
269.00 24.00 -14970.44 -14991.76 423.74 2938.69
270.00 24.00 -14970.44 -15018.02 423.74 2938.69
271.00 24.00 -14970.44 -15020.84 423.74 2938.69
272.00 24.00 -14970.44 -14982.73 423.74 2938.69
273.00 24.00 -14970.44 -14985.38 423.74 2938.69
274.00 24.00 -14970.44 -15001.52 423.74 2938.69
275.00 24.00 -14970.44 -14984.63 423.74 2938.69
276.00 24.00 -14970.44 -14997.17 423.74 2938.69
277.00 24.00 -14970.44 -14993.14 423.74 2938.69
278.00 25.00 -14966.19 -14966.19 422.99 2922.90
279.00 25.00 -14966.19 -15009.96 422.99 2922.90
280.00 25.00 -14966.19 -14990.91 422.99 2922.90
281.00 25.00 -14966.19 -14997.47 422.99 2922.90
282.00 25.00 -14966.19 -14990.81 422.99 2922.90
283.00 25.00 -14966.19 -14989.94 422.99 2922.90
284.00 25.00 -14966.19 -14973.59 422.99 2922.90
285.00 25.00 -14966.19 -14984.37 422.99 2922.90
286.00 25.00 -14966.19 -15008.32 422.99 2922.90
287.00 25.00 -14966.19 -14987.01 422.99 2922.90
288.00 25.00 -14966.19 -14973.25 422.99 2922.90
289.00 25.00 -14966.19 -14996.01 422.99 2922.90
290.00 25.00 -14966.19 -14991.94 422.99 2922.90
291.00 25.00 -14966.19 -15005.76 422.99 2922.90
292.00 25.00 -14966.19 -14978.89 422.99 2922.90
293.00 25.00 -14966.19 -14971.24 422.99 2922.90
294.00 25.00 -14966.19 -14995.24 422.99 2922.90
295.00 25.00 -14966.19 -15016.97 422.99 2922.90
296.00 25.00 -14966.19 -15000.07 422.99 2922.90
297.00 25.00 -14966.19 -14994.07 422.99 2922.90
298.00 25.00 -14966.19 -14996.61 422.99 2922.90
299.00 25.00 -14966.19 -15015.87 422.99 2922.90
300.00 25.00 -14966.19 -14991.97 422.99 2922.90
301.00 25.00 -14966.19 -15017.50 422.99 2922.90
302.00 25.00 -14966.19 -14979.12 422.99 2922.90
303.00 25.00 -14966.19 -14987.51 422.99 2922.90
304.00 25.00 -14966.19 -15021.73 422.99 2922.90
305.00 25.00 -14966.19 -15025.76 422.99 2922.90
306.00 25.00 -14966.19 -14973.35 422.99 2922.90
307.00 25.00 -14966.19 -14990.26 422.99 2922.90
308.00 25.00 -14966.19 -14987.03 422.99 2922.90
309.00 25.00 -14966.19 -15005.81 422.99 2922.90
310.00 25.00 -14966.19 -14979.54 422.99 2922.90
311.00 25.00 -14966.19 -14982.50 422.99 2922.90
312.00 25.00 -14966.19 -14977.57 422.99 2922.90
313.00 25.00 -14966.19 -14982.96 422.99 2922.90
314.00 25.00 -14966.19 -15035.85 422.99 2922.90
315.00 25.00 -14966.19 -15009.10 422.99 2922.90
316.00 25.00 -14966.19 -14996.03 422.99 2922.90
317.00 25.00 -14966.19 -14985.10 422.99 2922.90
318.00 25.00 -14966.19 -14997.87 422.99 2922.90
319.00 25.00 -14966.19 -15013.24 422.99 2922.90
320.00 26.00 -14956.60 -14956.60 419.47 2918.09
321.00 26.00 -14956.60 -14988.81 419.47 2918.09
322.00 26.00 -14956.60 -15001.70 419.47 2918.09
323.00 26.00 -14956.60 -14978.47 419.47 2918.09
324.00 26.00 -14956.60 -14982.47 419.47 2918.09
325.00 26.00 -14956.60 -15018.16 419.47 2918.09
326.00 26.00 -14956.60 -15022.96 419.47 2918.09
327.00 26.00 -14956.60 -15026.81 419.47 2918.09
328.00 26.00 -14956.60 -14986.81 419.47 2918.09
329.00 26.00 -14956.60 -14994.69 419.47 2918.09
330.00 26.00 -14956.60 -14974.60 419.47 2918.09
331.00 26.00 -14956.60 -14997.38 419.47 2918.09
332.00 26.00 -14956.60 -15036.35 419.47 2918.09
333.00 26.00 -14956.60 -15006.68 419.47 2918.09
334.00 26.00 -14956.60 -15000.26 419.47 2918.09
335.00 26.00 -14956.60 -14979.06 419.47 2918.09
336.00 26.00 -14956.60 -14981.48 419.47 2918.09
337.00 26.00 -14956.60 -15008.62 419.47 2918.09
338.00 26.00 -14956.60 -15002.92 419.47 2918.09
339.00 26.00 -14956.60 -15010.44 419.47 2918.09
340.00 26.00 -14956.60 -14984.79 419.47 2918.09
341.00 26.00 -14956.60 -14994.45 419.47 2918.09
342.00 26.00 -14956.60 -14976.69 419.47 2918.09
343.00 26.00 -14956.60 -14990.97 419.47 2918.09
344.00 26.00 -14956.60 -14976.55 419.47 2918.09
345.00 26.00 -14956.60 -14987.45 419.47 2918.09
346.00 26.00 -14956.60 -15001.69 419.47 2918.09
347.00 26.00 -14956.60 -14986.78 419.47 2918.09
348.00 26.00 -14956.60 -15018.11 419.47 2918.09
349.00 26.00 -14956.60 -15011.13 419.47 2918.09
350.00 26.00 -14956.60 -14984.65 419.47 2918.09
351.00 26.00 -14956.60 -14987.93 419.47 2918.09
352.00 26.00 -14956.60 -14997.78 419.47 2918.09
353.00 26.00 -14956.60 -14987.57 419.47 2918.09
354.00 26.00 -14956.60 -15010.06 419.47 2918.09
355.00 26.00 -14956.60 -15027.46 419.47 2918.09
356.00 26.00 -14956.60 -14975.58 419.47 2918.09
357.00 26.00 -14956.60 -14980.36 419.47 2918.09
358.00 26.00 -14956.60 -14997.08 419.47 2918.09
359.00 26.00 -14956.60 -15028.72 419.47 2918.09
360.00 26.00 -14956.60 -15005.50 419.47 2918.09
361.00 26.00 -14956.60 -15016.24 419.47 2918.09
362.00 26.00 -14956.60 -14979.49 419.47 2918.09
363.00 26.00 -14956.60 -15004.99 419.47 2918.09
364.00 26.00 -14956.60 -14985.60 419.47 2918.09
365.00 26.00 -14956.60 -14998.87 419.47 2918.09
366.00 26.00 -14956.60 -15033.40 419.47 2918.09
367.00 26.00 -14956.60 -15017.74 419.47 2918.09
368.00 26.00 -14956.60 -14983.67 419.47 2918.09
369.00 26.00 -14956.60 -15031.83 419.47 2918.09
370.00 26.00 -14956.60 -14981.42 419.47 2918.09
371.00 26.00 -14956.60 -14994.60 419.47 2918.09
372.00 26.00 -14956.60 -15012.89 419.47 2918.09
373.00 26.00 -14956.60 -15035.47 419.47 2918.09
