0.00 0.00 -11196.15 -11209.49 1.00 1.00
1.00 1.00 -11148.14 -11148.14 440.53 2943.38
2.00 1.00 -11148.14 -11152.97 440.53 2943.38
3.00 1.00 -11148.14 -11182.82 440.53 2943.38
4.00 1.00 -11148.14 -11181.19 440.53 2943.38
5.00 1.00 -11148.14 -11153.66 440.53 2943.38
6.00 2.00 -11123.38 -11123.38 426.27 2920.37
7.00 2.00 -11123.38 -11132.35 426.27 2920.37
8.00 2.00 -11123.38 -11168.44 426.27 2920.37
9.00 2.00 -11123.38 -11159.34 426.27 2920.37
10.00 2.00 -11123.38 -11145.37 426.27 2920.37
11.00 2.00 -11123.38 -11165.20 426.27 2920.37
12.00 2.00 -11123.38 -11155.98 426.27 2920.37
13.00 2.00 -11123.38 -11144.92 426.27 2920.37
14.00 2.00 -11123.38 -11145.03 426.27 2920.37
15.00 2.00 -11123.38 -11130.91 426.27 2920.37
16.00 2.00 -11123.38 -11151.36 426.27 2920.37
17.00 2.00 -11123.38 -11156.03 426.27 2920.37
18.00 2.00 -11123.38 -11145.35 426.27 2920.37
19.00 2.00 -11123.38 -11137.09 426.27 2920.37
20.00 2.00 -11123.38 -11130.95 426.27 2920.37
21.00 2.00 -11123.38 -11147.70 426.27 2920.37
22.00 2.00 -11123.38 -11150.86 426.27 2920.37
23.00 2.00 -11123.38 -11157.90 426.27 2920.37
24.00 2.00 -11123.38 -11171.09 426.27 2920.37
25.00 2.00 -11123.38 -11171.49 426.27 2920.37
26.00 2.00 -11123.38 -11158.30 426.27 2920.37
27.00 2.00 -11123.38 -11163.85 426.27 2920.37
28.00 2.00 -11123.38 -11151.33 426.27 2920.37
29.00 2.00 -11123.38 -11154.63 426.27 2920.37
30.00 2.00 -11123.38 -11140.66 426.27 2920.37
31.00 2.00 -11123.38 -11135.53 426.27 2920.37
32.00 2.00 -11123.38 -11136.56 426.27 2920.37
33.00 2.00 -11123.38 -11129.82 426.27 2920.37
34.00 2.00 -11123.38 -11139.17 426.27 2920.37
35.00 2.00 -11123.38 -11141.46 426.27 2920.37
36.00 2.00 -11123.38 -11163.43 426.27 2920.37
37.00 2.00 -11123.38 -11153.80 426.27 2920.37
38.00 2.00 -11123.38 -11132.02 426.27 2920.37
39.00 2.00 -11123.38 -11147.85 426.27 2920.37
40.00 2.00 -11123.38 -11150.46 426.27 2920.37
41.00 2.00 -11123.38 -11169.72 426.27 2920.37
42.00 2.00 -11123.38 -11137.98 426.27 2920.37
43.00 2.00 -11123.38 -11129.03 426.27 2920.37
44.00 2.00 -11123.38 -11146.84 426.27 2920.37
45.00 2.00 -11123.38 -11161.86 426.27 2920.37
46.00 2.00 -11123.38 -11135.32 426.27 2920.37
47.00 2.00 -11123.38 -11134.17 426.27 2920.37
48.00 2.00 -11123.38 -11162.80 426.27 2920.37
49.00 2.00 -11123.38 -11147.49 426.27 2920.37
50.00 2.00 -11123.38 -11146.73 426.27 2920.37
51.00 2.00 -11123.38 -11143.31 426.27 2920.37
52.00 2.00 -11123.38 -11147.25 426.27 2920.37
53.00 2.00 -11123.38 -11147.94 426.27 2920.37
54.00 2.00 -11123.38 -11157.12 426.27 2920.37
55.00 2.00 -11123.38 -11174.95 426.27 2920.37
56.00 3.00 -11123.22 -11123.22 425.97 2916.07
57.00 3.00 -11123.22 -11128.61 425.97 2916.07
58.00 3.00 -11123.22 -11125.31 425.97 2916.07
59.00 3.00 -11123.22 -11133.36 425.97 2916.07
60.00 3.00 -11123.22 -11159.34 425.97 2916.07
61.00 3.00 -11123.22 -11134.61 425.97 2916.07
62.00 3.00 -11123.22 -11142.39 425.97 2916.07
63.00 3.00 -11123.22 -11148.07 425.97 2916.07
64.00 3.00 -11123.22 -11151.25 425.97 2916.07
65.00 3.00 -11123.22 -11155.52 425.97 2916.07
66.00 3.00 -11123.22 -11144.45 425.97 2916.07
67.00 3.00 -11123.22 -11151.45 425.97 2916.07
68.00 3.00 -11123.22 -11154.46 425.97 2916.07
69.00 3.00 -11123.22 -11153.32 425.97 2916.07
70.00 3.00 -11123.22 -11151.34 425.97 2916.07
71.00 3.00 -11123.22 -11165.25 425.97 2916.07
72.00 3.00 -11123.22 -11144.11 425.97 2916.07
73.00 3.00 -11123.22 -11147.42 425.97 2916.07
74.00 3.00 -11123.22 -11146.15 425.97 2916.07
75.00 4.00 -11118.37 -11118.37 422.08 2921.24
76.00 4.00 -11118.37 -11158.36 422.08 2921.24
77.00 4.00 -11118.37 -11167.57 422.08 2921.24
78.00 4.00 -11118.37 -11123.49 422.08 2921.24
79.00 4.00 -11118.37 -11126.64 422.08 2921.24
80.00 4.00 -11118.37 -11159.13 422.08 2921.24
81.00 4.00 -11118.37 -11147.12 422.08 2921.24
82.00 4.00 -11118.37 -11156.53 422.08 2921.24
83.00 4.00 -11118.37 -11141.94 422.08 2921.24
84.00 4.00 -11118.37 -11159.17 422.08 2921.24
85.00 4.00 -11118.37 -11126.86 422.08 2921.24
86.00 4.00 -11118.37 -11148.29 422.08 2921.24
87.00 4.00 -11118.37 -11140.12 422.08 2921.24
88.00 4.00 -11118.37 -11132.30 422.08 2921.24
89.00 4.00 -11118.37 -11133.59 422.08 2921.24
90.00 4.00 -11118.37 -11163.34 422.08 2921.24
91.00 4.00 -11118.37 -11144.27 422.08 2921.24
92.00 4.00 -11118.37 -11141.49 422.08 2921.24
93.00 4.00 -11118.37 -11158.07 422.08 2921.24
94.00 4.00 -11118.37 -11137.04 422.08 2921.24
95.00 4.00 -11118.37 -11142.39 422.08 2921.24
96.00 4.00 -11118.37 -11152.68 422.08 2921.24
97.00 4.00 -11118.37 -11152.60 422.08 2921.24
98.00 4.00 -11118.37 -11135.66 422.08 2921.24
99.00 4.00 -11118.37 -11148.01 422.08 2921.24
100.00 4.00 -11118.37 -11165.54 422.08 2921.24
101.00 4.00 -11118.37 -11141.17 422.08 2921.24
102.00 4.00 -11118.37 -11131.31 422.08 2921.24
103.00 4.00 -11118.37 -11134.46 422.08 2921.24
104.00 4.00 -11118.37 -11150.24 422.08 2921.24
105.00 4.00 -11118.37 -11146.77 422.08 2921.24
106.00 4.00 -11118.37 -11130.88 422.08 2921.24
107.00 4.00 -11118.37 -11163.00 422.08 2921.24
108.00 4.00 -11118.37 -11150.36 422.08 2921.24
109.00 4.00 -11118.37 -11165.48 422.08 2921.24
110.00 4.00 -11118.37 -11148.57 422.08 2921.24
111.00 4.00 -11118.37 -11142.94 422.08 2921.24
112.00 4.00 -11118.37 -11145.81 422.08 2921.24
113.00 4.00 -11118.37 -11128.87 422.08 2921.24
114.00 4.00 -11118.37 -11131.61 422.08 2921.24
115.00 4.00 -11118.37 -11135.67 422.08 2921.24
116.00 4.00 -11118.37 -11141.16 422.08 2921.24
117.00 4.00 -11118.37 -11143.65 422.08 2921.24
118.00 4.00 -11118.37 -11137.96 422.08 2921.24
119.00 4.00 -11118.37 -11131.83 422.08 2921.24
120.00 4.00 -11118.37 -11139.94 422.08 2921.24
121.00 4.00 -11118.37 -11167.57 422.08 2921.24
122.00 4.00 -11118.37 -11146.74 422.08 2921.24
123.00 4.00 -11118.37 -11159.90 422.08 2921.24
124.00 4.00 -11118.37 -11144.81 422.08 2921.24
125.00 4.00 -11118.37 -11157.40 422.08 2921.24
126.00 4.00 -11118.37 -11162.25 422.08 2921.24
127.00 4.00 -11118.37 -11168.50 422.08 2921.24
128.00 4.00 -11118.37 -11173.85 422.08 2921.24
129.00 4.00 -11118.37 -11153.17 422.08 2921.24
130.00 4.00 -11118.37 -11134.87 422.08 2921.24
131.00 5.00 -14981.03 -14981.03 429.04 2935.55
132.00 5.00 -14981.03 -15018.88 429.04 2935.55
133.00 5.00 -14981.03 -15029.67 429.04 2935.55
134.00 5.00 -14981.03 -15027.82 429.04 2935.55
135.00 5.00 -14981.03 -15026.89 429.04 2935.55
136.00 5.00 -14981.03 -15002.46 429.04 2935.55
137.00 5.00 -14981.03 -15013.24 429.04 2935.55
138.00 5.00 -14981.03 -15006.72 429.04 2935.55
139.00 5.00 -14981.03 -15010.00 429.04 2935.55
140.00 5.00 -14981.03 -15012.70 429.04 2935.55
141.00 5.00 -14981.03 -15021.82 429.04 2935.55
142.00 5.00 -14981.03 -15008.66 429.04 2935.55
143.00 5.00 -14981.03 -15034.99 429.04 2935.55
144.00 5.00 -14981.03 -14992.21 429.04 2935.55
145.00 5.00 -14981.03 -15007.31 429.04 2935.55
146.00 6.00 -14980.07 -14980.07 431.50 2914.97
147.00 6.00 -14980.07 -14984.39 431.50 2914.97
148.00 6.00 -14980.07 -15006.28 431.50 2914.97
149.00 6.00 -14980.07 -14991.60 431.50 2914.97
150.00 7.00 -14979.42 -14979.42 429.42 2922.66
151.00 7.00 -14979.42 -15002.22 429.42 2922.66
152.00 7.00 -14979.42 -15033.90 429.42 2922.66
153.00 7.00 -14979.42 -15043.50 429.42 2922.66
154.00 7.00 -14979.42 -15011.87 429.42 2922.66
155.00 7.00 -14979.42 -15014.85 429.42 2922.66
156.00 7.00 -14979.42 -14987.84 429.42 2922.66
157.00 7.00 -14979.42 -14995.45 429.42 2922.66
158.00 7.00 -14979.42 -15038.13 429.42 2922.66
159.00 7.00 -14979.42 -15034.34 429.42 2922.66
160.00 7.00 -14979.42 -14999.83 429.42 2922.66
161.00 7.00 -14979.42 -15011.54 429.42 2922.66
162.00 7.00 -14979.42 -15010.60 429.42 2922.66
163.00 7.00 -14979.42 -15008.49 429.42 2922.66
164.00 7.00 -14979.42 -15000.02 429.42 2922.66
165.00 7.00 -14979.42 -14981.36 429.42 2922.66
166.00 7.00 -14979.42 -15056.19 429.42 2922.66
167.00 7.00 -14979.42 -15014.70 429.42 2922.66
168.00 7.00 -14979.42 -15004.35 429.42 2922.66
169.00 7.00 -14979.42 -14985.41 429.42 2922.66
170.00 7.00 -14979.42 -14989.17 429.42 2922.66
171.00 7.00 -14979.42 -15002.93 429.42 2922.66
172.00 7.00 -14979.42 -14994.16 429.42 2922.66
173.00 7.00 -14979.42 -14993.04 429.42 2922.66
174.00 7.00 -14979.42 -14997.37 429.42 2922.66
175.00 7.00 -14979.42 -15001.81 429.42 2922.66
176.00 7.00 -14979.42 -15047.74 429.42 2922.66
177.00 7.00 -14979.42 -15013.73 429.42 2922.66
178.00 7.00 -14979.42 -14995.65 429.42 2922.66
179.00 7.00 -14979.42 -15009.88 429.42 2922.66
180.00 7.00 -14979.42 -15002.48 429.42 2922.66
181.00 7.00 -14979.42 -15000.33 429.42 2922.66
182.00 7.00 -14979.42 -14989.97 429.42 2922.66
183.00 7.00 -14979.42 -15006.09 429.42 2922.66
184.00 7.00 -14979.42 -15009.17 429.42 2922.66
185.00 7.00 -14979.42 -14990.92 429.42 2922.66
186.00 8.00 -14971.48 -14971.48 426.35 2912.25
187.00 8.00 -14971.48 -14991.63 426.35 2912.25
188.00 8.00 -14971.48 -15019.41 426.35 2912.25
189.00 8.00 -14971.48 -15023.41 426.35 2912.25
190.00 8.00 -14971.48 -15003.14 426.35 2912.25
191.00 8.00 -14971.48 -15000.34 426.35 2912.25
192.00 8.00 -14971.48 -14990.57 426.35 2912.25
193.00 8.00 -14971.48 -15010.46 426.35 2912.25
194.00 8.00 -14971.48 -14993.74 426.35 2912.25
195.00 8.00 -14971.48 -15030.77 426.35 2912.25
196.00 8.00 -14971.48 -15014.54 426.35 2912.25
197.00 8.00 -14971.48 -15015.84 426.35 2912.25
198.00 8.00 -14971.48 -14987.75 426.35 2912.25
199.00 8.00 -14971.48 -14997.71 426.35 2912.25
200.00 8.00 -14971.48 -14982.97 426.35 2912.25
201.00 8.00 -14971.48 -14993.94 426.35 2912.25
202.00 8.00 -14971.48 -15005.11 426.35 2912.25
203.00 8.00 -14971.48 -14982.51 426.35 2912.25
204.00 8.00 -14971.48 -14988.53 426.35 2912.25
205.00 8.00 -14971.48 -14988.65 426.35 2912.25
206.00 8.00 -14971.48 -14978.39 426.35 2912.25
207.00 8.00 -14971.48 -14989.90 426.35 2912.25
208.00 8.00 -14971.48 -15013.19 426.35 2912.25
209.00 8.00 -14971.48 -15012.32 426.35 2912.25
210.00 8.00 -14971.48 -14974.93 426.35 2912.25
211.00 8.00 -14971.48 -14995.55 426.35 2912.25
212.00 8.00 -14971.48 -15033.01 426.35 2912.25
213.00 8.00 -14971.48 -15038.61 426.35 2912.25
214.00 8.00 -14971.48 -15008.31 426.35 2912.25
215.00 8.00 -14971.48 -14990.00 426.35 2912.25
216.00 8.00 -14971.48 -15025.19 426.35 2912.25
217.00 8.00 -14971.48 -14991.38 426.35 2912.25
218.00 8.00 -14971.48 -15011.93 426.35 2912.25
219.00 8.00 -14971.48 -14996.46 426.35 2912.25
220.00 8.00 -14971.48 -15016.51 426.35 2912.25
221.00 8.00 -14971.48 -15019.52 426.35 2912.25
222.00 8.00 -14971.48 -14994.62 426.35 2912.25
223.00 8.00 -14971.48 -14999.78 426.35 2912.25
224.00 8.00 -14971.48 -15004.96 426.35 2912.25
225.00 8.00 -14971.48 -14999.80 426.35 2912.25
226.00 8.00 -14971.48 -15010.74 426.35 2912.25
227.00 8.00 -14971.48 -15027.54 426.35 2912.25
228.00 8.00 -14971.48 -14998.95 426.35 2912.25
229.00 8.00 -14971.48 -15011.09 426.35 2912.25
230.00 8.00 -14971.48 -14999.49 426.35 2912.25
231.00 8.00 -14971.48 -14982.44 426.35 2912.25
232.00 8.00 -14971.48 -14975.00 426.35 2912.25
233.00 8.00 -14971.48 -14996.33 426.35 2912.25
234.00 8.00 -14971.48 -15020.77 426.35 2912.25
235.00 8.00 -14971.48 -14982.02 426.35 2912.25
236.00 8.00 -14971.48 -14987.56 426.35 2912.25
237.00 8.00 -14971.48 -14977.43 426.35 2912.25
238.00 8.00 -14971.48 -14995.71 426.35 2912.25
239.00 8.00 -14971.48 -14996.45 426.35 2912.25
240.00 8.00 -14971.48 -15017.17 426.35 2912.25
241.00 8.00 -14971.48 -15008.67 426.35 2912.25
242.00 8.00 -14971.48 -14995.73 426.35 2912.25
243.00 8.00 -14971.48 -14993.98 426.35 2912.25
244.00 8.00 -14971.48 -14998.43 426.35 2912.25
245.00 8.00 -14971.48 -15033.83 426.35 2912.25
246.00 8.00 -14971.48 -14977.65 426.35 2912.25
247.00 8.00 -14971.48 -14995.52 426.35 2912.25
248.00 8.00 -14971.48 -15005.79 426.35 2912.25
249.00 8.00 -14971.48 -15011.13 426.35 2912.25
250.00 8.00 -14971.48 -14991.66 426.35 2912.25
251.00 8.00 -14971.48 -14992.74 426.35 2912.25
252.00 8.00 -14971.48 -14997.21 426.35 2912.25
253.00 8.00 -14971.48 -14977.36 426.35 2912.25
254.00 8.00 -14971.48 -15023.45 426.35 2912.25
255.00 8.00 -14971.48 -14997.93 426.35 2912.25
256.00 8.00 -14971.48 -15019.54 426.35 2912.25
257.00 8.00 -14971.48 -14978.67 426.35 2912.25
258.00 8.00 -14971.48 -14987.71 426.35 2912.25
259.00 8.00 -14971.48 -15014.37 426.35 2912.25
260.00 8.00 -14971.48 -14978.98 426.35 2912.25
261.00 8.00 -14971.48 -14990.28 426.35 2912.25
262.00 8.00 -14971.48 -14993.18 426.35 2912.25
263.00 8.00 -14971.48 -14973.99 426.35 2912.25
264.00 8.00 -14971.48 -15000.81 426.35 2912.25
265.00 8.00 -14971.48 -14988.15 426.35 2912.25
266.00 8.00 -14971.48 -15005.81 426.35 2912.25
267.00 8.00 -14971.48 -15001.74 426.35 2912.25
268.00 8.00 -14971.48 -14988.90 426.35 2912.25
269.00 8.00 -14971.48 -14986.46 426.35 2912.25
270.00 8.00 -14971.48 -14990.48 426.35 2912.25
271.00 8.00 -14971.48 -14987.00 426.35 2912.25
272.00 8.00 -14971.48 -15030.63 426.35 2912.25
273.00 8.00 -14971.48 -15004.91 426.35 2912.25
274.00 8.00 -14971.48 -15017.14 426.35 2912.25
275.00 8.00 -14971.48 -15015.46 426.35 2912.25
276.00 8.00 -14971.48 -14984.80 426.35 2912.25
277.00 8.00 -14971.48 -14979.53 426.35 2912.25
278.00 8.00 -14971.48 -15016.66 426.35 2912.25
279.00 8.00 -14971.48 -14981.50 426.35 2912.25
280.00 8.00 -14971.48 -14980.68 426.35 2912.25
281.00 8.00 -14971.48 -15000.98 426.35 2912.25
282.00 8.00 -14971.48 -15009.57 426.35 2912.25
283.00 8.00 -14971.48 -15014.92 426.35 2912.25
284.00 8.00 -14971.48 -15008.52 426.35 2912.25
285.00 8.00 -14971.48 -14988.16 426.35 2912.25
286.00 8.00 -14971.48 -14974.38 426.35 2912.25
287.00 8.00 -14971.48 -14996.30 426.35 2912.25
288.00 8.00 -14971.48 -15003.57 426.35 2912.25
289.00 8.00 -14971.48 -14991.69 426.35 2912.25
290.00 8.00 -14971.48 -15001.33 426.35 2912.25
291.00 8.00 -14971.48 -14989.10 426.35 2912.25
292.00 8.00 -14971.48 -14986.55 426.35 2912.25
293.00 8.00 -14971.48 -14990.41 426.35 2912.25
294.00 8.00 -14971.48 -14983.29 426.35 2912.25
295.00 8.00 -14971.48 -14991.75 426.35 2912.25
296.00 9.00 -14969.12 -14969.12 426.01 2914.22
297.00 9.00 -14969.12 -14987.86 426.01 2914.22
298.00 9.00 -14969.12 -14996.49 426.01 2914.22
299.00 9.00 -14969.12 -14982.38 426.01 2914.22
300.00 9.00 -14969.12 -14999.15 426.01 2914.22
301.00 9.00 -14969.12 -15028.23 426.01 2914.22
302.00 9.00 -14969.12 -15009.08 426.01 2914.22
303.00 9.00 -14969.12 -14993.31 426.01 2914.22
304.00 9.00 -14969.12 -15028.32 426.01 2914.22
305.00 9.00 -14969.12 -15013.84 426.01 2914.22
306.00 9.00 -14969.12 -14974.85 426.01 2914.22
307.00 10.00 -14969.01 -14969.01 426.35 2907.71
308.00 10.00 -14969.01 -15000.03 426.35 2907.71
309.00 10.00 -14969.01 -14991.08 426.35 2907.71
310.00 10.00 -14969.01 -14994.03 426.35 2907.71
311.00 10.00 -14969.01 -14987.22 426.35 2907.71
312.00 10.00 -14969.01 -15040.28 426.35 2907.71
313.00 10.00 -14969.01 -15044.24 426.35 2907.71
314.00 10.00 -14969.01 -15014.75 426.35 2907.71
315.00 10.00 -14969.01 -15018.44 426.35 2907.71
316.00 10.00 -14969.01 -14994.87 426.35 2907.71
317.00 10.00 -14969.01 -14983.18 426.35 2907.71
318.00 11.00 -14960.92 -14960.92 422.92 2907.42
319.00 11.00 -14960.92 -14970.63 422.92 2907.42
320.00 11.00 -14960.92 -14987.29 422.92 2907.42
321.00 11.00 -14960.92 -14991.02 422.92 2907.42
322.00 11.00 -14960.92 -15028.25 422.92 2907.42
323.00 11.00 -14960.92 -15020.24 422.92 2907.42
324.00 11.00 -14960.92 -14979.20 422.92 2907.42
325.00 11.00 -14960.92 -14985.73 422.92 2907.42
326.00 11.00 -14960.92 -14988.56 422.92 2907.42
327.00 11.00 -14960.92 -14979.93 422.92 2907.42
328.00 11.00 -14960.92 -14990.27 422.92 2907.42
329.00 11.00 -14960.92 -14981.43 422.92 2907.42
330.00 11.00 -14960.92 -14991.15 422.92 2907.42
331.00 11.00 -14960.92 -15002.10 422.92 2907.42
332.00 11.00 -14960.92 -14979.23 422.92 2907.42
333.00 11.00 -14960.92 -14982.68 422.92 2907.42
334.00 11.00 -14960.92 -14997.58 422.92 2907.42
335.00 11.00 -14960.92 -14989.45 422.92 2907.42
336.00 11.00 -14960.92 -14999.84 422.92 2907.42
337.00 11.00 -14960.92 -15042.50 422.92 2907.42
338.00 11.00 -14960.92 -15006.14 422.92 2907.42
339.00 11.00 -14960.92 -14988.43 422.92 2907.42
340.00 11.00 -14960.92 -14987.03 422.92 2907.42
341.00 11.00 -14960.92 -15014.12 422.92 2907.42
342.00 11.00 -14960.92 -15004.62 422.92 2907.42
343.00 11.00 -14960.92 -15012.63 422.92 2907.42
344.00 11.00 -14960.92 -14991.98 422.92 2907.42
345.00 11.00 -14960.92 -14985.87 422.92 2907.42
346.00 11.00 -14960.92 -15007.40 422.92 2907.42
347.00 11.00 -14960.92 -15003.88 422.92 2907.42
348.00 11.00 -14960.92 -14985.83 422.92 2907.42
349.00 11.00 -14960.92 -14986.50 422.92 2907.42
350.00 11.00 -14960.92 -14975.78 422.92 2907.42
351.00 11.00 -14960.92 -14983.98 422.92 2907.42
352.00 11.00 -14960.92 -14986.03 422.92 2907.42
353.00 11.00 -14960.92 -15005.26 422.92 2907.42
354.00 11.00 -14960.92 -14980.72 422.92 2907.42
355.00 11.00 -14960.92 -14981.60 422.92 2907.42
356.00 11.00 -14960.92 -15023.65 422.92 2907.42
357.00 11.00 -14960.92 -15032.55 422.92 2907.42
358.00 11.00 -14960.92 -15038.07 422.92 2907.42
359.00 11.00 -14960.92 -15032.09 422.92 2907.42
360.00 11.00 -14960.92 -14985.22 422.92 2907.42
361.00 11.00 -14960.92 -15000.22 422.92 2907.42
362.00 11.00 -14960.92 -15030.44 422.92 2907.42
363.00 11.00 -14960.92 -15029.17 422.92 2907.42
364.00 11.00 -14960.92 -15051.60 422.92 2907.42
365.00 11.00 -14960.92 -15043.13 422.92 2907.42
366.00 11.00 -14960.92 -14982.73 422.92 2907.42
367.00 11.00 -14960.92 -14985.64 422.92 2907.42
368.00 11.00 -14960.92 -14986.76 422.92 2907.42
369.00 11.00 -14960.92 -14973.89 422.92 2907.42
370.00 11.00 -14960.92 -14981.63 422.92 2907.42
371.00 11.00 -14960.92 -14984.08 422.92 2907.42
372.00 11.00 -14960.92 -15020.31 422.92 2907.42
373.00 11.00 -14960.92 -15012.53 422.92 2907.42
