2.738654784196543068e-01
2.748957752448166203e-01
3.063816817410638937e-01
2.361634829854400985e-01
4.750431213941976884e-07
2.365173919557137239e-01
5.007036124664224763e-01
1.270140043240040595e-01
7.690521382810824348e-03
9.465360701297874726e-03
2.311988977175884197e-01
3.806919555888044204e+00
4.345198748732629610e+03
2.198288004350656966e+00
3.647358820540237689e-02
6.126827266972859576e+01
5.115832524919935054e+01
3.949434077714976610e+01
3.706016932922307205e+01
6.117822146560662588e+01
5.172588966932306676e+01
6.397196980162986790e+01
5.014495504432572659e+01
5.662837492237218129e+01
3.981283105766145525e+01
4.080384165473239477e+01
4.641514971358387243e+01
5.767379211717909016e+01
4.554311636630622928e+01
7.103718136929794014e+01
5.857796342369083220e+01
3.232695168071226988e+01
7.606595052889935005e+01
6.172600578670849103e+01
7.169123584042806385e+01
4.794519459665851002e+01
5.669107920463121530e+01
6.229940337478269186e+01
5.858686759150534584e+01
4.993512922563866852e+01
5.682177471741175623e+01
4.480768225116422343e+01
5.961280241625512133e+01
5.987981665226233474e+01
3.422349581956385123e+01
5.808655256925830201e+01
6.512474226779990261e+01
5.459125175173631561e+01
3.819941014268982826e+01
2.935542965336316357e+01
5.464989887924188139e+01
3.759555892802732302e+01
4.124938625827434890e+01
5.576972769471560554e+01
4.418408453757170662e+01
5.479134880573771937e+01
4.235346958200253908e+01
4.218000741308137691e+01
6.777086826623246907e+01
3.961650857133528092e+01
6.104791323750679766e+01
8.315105343519726944e+01
5.133350330605487954e+01
4.437671255648321988e+01
5.479193851261015169e+01
6.354831571793447864e+01
4.690077582611166918e+01
6.454113081436950949e+01
5.162884092181833751e+01
3.745739964701853353e+01
5.242081179878605468e+01
5.022072414334441959e+01
4.877627936025594835e+01
5.503990659244591654e+01
4.966737767388709557e+01
3.621235119350045295e+01
4.798094148268378234e+01
4.529759081336519699e+01
5.734657142632268290e+01
5.583351825782639111e+01
5.550835340189861000e+01
5.840368408439469761e+01
7.112592038004866879e+01
4.180222771960701778e+01
7.286452019283697723e+01
5.058846351979275369e+01
5.217360753635553294e+01
6.547439148114600016e+01
5.722300726971887030e+01
4.920139723407347532e+01
5.627421709851009979e+01
3.354182795647083282e+01
4.761542864460822955e+01
5.258345455500074905e+01
6.285144208054401105e+01
4.919636216992620348e+01
5.517735931932431015e+01
4.365075520813580567e+01
7.008363858166551097e+01
6.002460782475684198e+01
6.880120678055922667e+01
5.143072005981704820e+01
4.810391740262107163e+01
5.281946768829214989e+01
4.138187840739581702e+01
4.156875325771380858e+01
5.433361339390848599e+01
4.915364541311073054e+01
5.715366218436212620e+01
5.929174718213746331e+01
6.593786164830311236e+01
4.024451616104204987e+01
5.834417226210444340e+01
6.711671702329940103e+01
6.175560495716571552e+01
7.091303764369762064e+01
2.601836273540602207e+01
4.965878801366554285e+01
5.977971634409502855e+01
3.256620987557976576e+01
4.800987737679501777e+01
5.050600826345403505e+01
6.547981380576825927e+01
7.066670747847085465e+01
5.270836595739487507e+01
5.274693871917323662e+01
7.365327922231939795e+01
5.959847899851466480e+01
3.527071565891198190e+01
5.965814409743933311e+01
2.825934784870132788e+01
5.259421190216522746e+01
5.132808850199853623e+01
3.186852577851730928e+01
4.709179488848874229e+01
6.315325916789607419e+01
6.991298510816413625e+01
5.170359154587028172e+01
6.840309257478770633e+01
5.641599542479505658e+01
6.624509981516803236e+01
6.139905672704761486e+01
4.248805917242357566e+01
3.870337101115399037e+01
7.531653090692718422e+01
5.707382192762185724e+01
4.727090840126184901e+01
6.057021017713222477e+01
5.166158297681798217e+01
5.308367886923829104e+01
4.024848809921219583e+01
4.619445736520344070e+01
3.929788651575827174e+01
5.545691463163371537e+01
4.277508558261020255e+01
4.704443485311713147e+01
4.227898686827718677e+01
3.717523258148628429e+01
4.493919738320604296e+01
6.641624376490406689e+01
8.051399612582369514e+01
6.352832967314439117e+01
6.282168288617596374e+01
4.192519602758403607e+01
6.413024541487946806e+01
6.098535325935443296e+01
5.038561284395716200e+01
5.265176165788197693e+01
4.119241410945434723e+01
6.432881034849511082e+01
4.832617244781954469e+01
5.812034301335940256e+01
3.580937664321633207e+01
6.070371576616821585e+01
7.310731114323735369e+01
4.816168770879036032e+01
5.773739558849087672e+01
5.589033114939720548e+01
3.487156507148777962e+01
6.223695878129639425e+01
7.110769096168078818e+01
3.060488928918190510e+01
7.062306523937550651e+01
4.739725850079934588e+01
6.282864325117723325e+01
3.608389407705897156e+01
3.647483401431635031e+01
5.556926689333109692e+01
4.653939415814726743e+01
4.735741287632131957e+01
5.901085231389694030e+01
4.295848613421271267e+01
4.705102322213077315e+01
6.856729009281201570e+01
4.922063198008920182e+01
4.978415709123016342e+01
6.417130203740011041e+01
5.893601391428169478e+01
4.812023242612968232e+01
3.936821502088503166e+01
6.724916233654181497e+01
7.426725680474605440e+01
5.618514043746625219e+01
4.623731341016124219e+01
6.742053456491584029e+01
4.829816550885811210e+01
7.590634708735495906e+01
7.051497675148794997e+01
7.764478670794410675e+01
6.810240828830715998e+01
5.333942039390890955e+01
4.401810702543944842e+01
5.014425099286225418e+01
4.527311542569024994e+01
4.567481175631689183e+01
4.587163774697616248e+01
5.784539693655228376e+01
6.061732563503729665e+01
4.002963515657339144e+01
6.146864912729778041e+01
6.166861366525940724e+01
5.327113599909076669e+01
5.717886057011193657e+01
4.605623735194713220e+01
5.704642641392333502e+01
7.124835513847197888e+01
5.067682492909216307e+01
5.319859893966359721e+01
6.869262621434828020e+01
4.236891555412821475e+01
7.143652616486448892e+01
5.497422336168588686e+01
4.971631985256929909e+01
3.871076872087914467e+01
3.652624597522219574e+01
6.301279570372730632e+01
5.082627212942379913e+01
6.026140497573527455e+01
2.759283604160459547e+01
5.527318738057810776e+01
5.518372474043719933e+01
5.240427476496285664e+01
5.800535187954691452e+01
4.985603551344958362e+01
6.045021731541856269e+01
4.947927300188940336e+01
6.901601103806707727e+01
3.355170138154061732e+01
6.513084654642429427e+01
5.423049987191255639e+01
4.692327632826910389e+01
2.924094528157718287e+01
5.826544861724032387e+01
6.260784678532736081e+01
4.202214523212536790e+01
4.207655946994443497e+01
6.467376684846917101e+01
5.659179749723097075e+01
5.441681952657541643e+01
5.234908427943001641e+01
6.488634107124333639e+01
7.274058769119466206e+01
7.090552617813924030e+01
5.699844999183623173e+01
6.714357474740400278e+01
5.006885692775993135e+01
5.347422568718299374e+01
2.636071915673241506e+01
4.385697879895374030e+01
6.311000550777930584e+01
3.578874810192879607e+01
4.305561990846682363e+01
5.224875681048655451e+01
3.018587628406202583e+01
6.504014925072858944e+01
4.440762516377059654e+01
3.066075292049270118e+01
7.046408591146158074e+01
6.472800606536408452e+01
3.916220062564092785e+01
3.701872635797379729e+01
6.161725448509677250e+01
4.268727317207234506e+01
4.571454626480459638e+01
5.138178740807197187e+01
5.247826547742474901e+01
7.353943814177188187e+01
3.517172698103202322e+01
6.400046824611922602e+01
5.382948491583864126e+01
3.278170918242989984e+01
4.017655105111315095e+01
4.822195793567426847e+01
6.691298522590903985e+01
4.705281975759004354e+01
5.755892105409911608e+01
4.789952760637812190e+01
3.621126410865952749e+01
4.928728949021465411e+01
4.410769578189115947e+01
4.663339123098277383e+01
6.252305976956510847e+01
5.178504969144416492e+01
6.594306445279154616e+01
5.907534602599300655e+01
5.477210539333653117e+01
4.876984854835750838e+01
3.836443270178689602e+01
4.181615425257088958e+01
4.602661155149456107e+01
5.052138337712433014e+01
4.487486137626235916e+01
5.999058088784455833e+01
4.582173971410080071e+01
6.139349192833466162e+01
6.201791865947473070e+01
4.410464889696448409e+01
5.581305353467257646e+01
5.446587763255320880e+01
4.963998375116722173e+01
5.901073149435227805e+01
6.074678597590137485e+01
4.686598352150780755e+01
5.964837774447619978e+01
5.654679938663048944e+01
5.352450320505442249e+01
4.768444178428641322e+01
4.274870602704207556e+01
5.437305453888532014e+01
6.590496323151748470e+01
6.366133113112433506e+01
6.328639702913771004e+01
5.018553654272229636e+01
4.523491349746342394e+01
6.104487554708822472e+01
6.698128518329944825e+01
2.684323118175508682e+01
4.364409628867125690e+01
4.751343280478132414e+01
3.797546956991715916e+01
3.774291437081791400e+01
6.098893034443072736e+01
3.909881244592119742e+01
5.320478996925242399e+01
5.615539024772994736e+01
3.721829233899320144e+01
3.547891712646778473e+01
4.047194706981007783e+01
6.229884479060174840e+01
5.408183969170070782e+01
6.551312082264553283e+01
5.960600983601117520e+01
6.554568959917848758e+01
5.631681602278693077e+01
3.153953497636884507e+01
5.818769130738888862e+01
4.549301028896497456e+01
5.476093845052106701e+01
4.452181084700461611e+01
5.870225090831919346e+01
5.172443026426369528e+01
2.799391606402749133e+01
4.968993819304444770e+01
5.620446902040225012e+01
5.477971069396593862e+01
5.369099271583193911e+01
6.329700638695015869e+01
4.937662696407962670e+01
4.376178521052558779e+01
5.736867047556004451e+01
7.085856593867242736e+01
4.357327281255585660e+01
6.059740298693589011e+01
6.367269803307704734e+01
3.642487466858153766e+01
4.266320013053928761e+01
4.462272522345553227e+01
4.378810678775717946e+01
5.672420959742920843e+01
4.564148667843338814e+01
6.332780954955088504e+01
7.049526624332068536e+01
7.572593313781720781e+01
5.534036546675614687e+01
7.791953446598461142e+01
5.887963564090734536e+01
4.588142765178569960e+01
5.995691998655453858e+01
3.881819446999113410e+01
5.527696257705839145e+01
6.256484188069663332e+01
6.430150677964429917e+01
5.763284066145414641e+01
5.671949895132989639e+01
5.819461778268122742e+01
5.501448637829825117e+01
5.951922990672633063e+01
6.124206225563101214e+01
4.732937733186655294e+01
3.372261480124743116e+01
5.940586707600094485e+01
4.499204664434455481e+01
3.049329713597881764e+01
5.764290143817360246e+01
5.150002031621867360e+01
5.482004300274329722e+01
7.053940439139665841e+01
4.742504993661987811e+01
4.710351561077015958e+01
3.418288188047087317e+01
4.778367936980740183e+01
6.603665576506875823e+01
5.852083711610590910e+01
4.072712619935119704e+01
3.993653459842173703e+01
