
samples_per_chain:,25
burnin:,0.0
num params:,415
initial_proposed_vec:,[ 2.10721009e+00  2.02911350e+00  1.18108772e+00  1.46600526e+00
  4.14670958e-06  2.98977050e-01  1.77331886e-01  1.43656588e-01
  9.75727102e-02  1.84787879e-01  4.10529666e-01  4.96601002e+00
  1.30399241e+04  8.66831660e+00  7.84149497e-02  4.66056857e+02
 -1.95767555e+02 -2.79180338e+02  5.65204556e+02  2.24399624e+02
 -5.37155902e+02 -5.06186929e+02  4.18646922e+02 -5.77265338e+02
  5.08691811e+02  2.08693167e+02 -6.09951573e+01  4.14566618e+02
 -4.43762955e+02 -2.10747102e+02  3.97824263e+02  5.39614232e+02
 -3.34126147e+02  4.38834169e+02 -1.49735725e+02  1.99536517e+02
 -3.77769302e+02 -5.36353886e+02  4.62673132e+02  1.99878515e+02
  4.03216185e+02  7.19291064e+01  2.16552543e+02  5.27530393e+02
  3.82138482e+02  5.84820658e+02  3.94804678e+02 -5.76124928e+02
 -5.02098793e+02  5.98993121e+02  3.96465892e+02  4.21714570e+02
 -4.35068332e+02 -1.82735342e+02 -3.23188101e+02 -1.05546627e+02
  4.76302939e+02 -5.89376772e+02 -4.20189928e+02 -3.87654556e+02
 -5.29025984e+02 -5.37679440e+02  4.38095060e+01 -3.69536241e+02
  5.77171998e+02  5.57456523e+01  5.63429757e+02  8.60367972e+01
 -5.05023000e+02 -1.24796716e+02 -1.19371864e+02  5.49688953e+01
  1.01762203e+01  2.52469277e+02 -5.88297174e+02  5.76715721e+02
  6.86536495e+01 -4.94799213e+02  6.44807597e+01  2.19095337e+02
  3.79445353e+02 -2.44464442e+02 -4.28822126e+02 -1.23520443e+02
 -1.21048207e+01  4.39390718e+01  4.39430684e+01  2.85845339e+02
 -3.55254024e+02  1.98783168e+02 -5.86754713e+02  2.65764486e+02
  3.77037486e+02  8.28753890e+01 -4.22710366e+02  4.26769970e+02
 -4.34454664e+01  2.55778497e+02  2.57767172e+02 -2.37281331e+02
  5.94783443e+02  8.33334895e+01 -9.89851086e+01 -5.42746838e+02
 -3.91347148e+02 -2.20020095e+02  4.00696429e+02 -1.83384366e+02
  4.43491285e+02 -3.01908928e+01 -8.64290433e+01  2.04957628e+02
 -3.52807236e+02 -4.51350016e+02 -1.72322239e+02 -5.50520047e+02
  3.58439573e+02 -2.12494576e+02 -3.79527107e+02  1.37579973e+02
  1.82059128e+02 -9.56985726e+01 -2.34773212e+02  4.09123838e+02
 -2.00770046e+02 -1.54800538e+02  5.22178693e+02  4.61860336e+00
  3.22477674e+02 -5.03191697e+02 -5.65097887e+02 -8.11474543e+01
 -3.55828208e+02 -2.87846642e+02  3.11017247e+02  3.61847969e+02
 -4.56823043e+02 -5.14650720e+02 -4.02906223e+02 -1.07538414e+02
  1.71877807e+02  2.26492383e+02 -3.25647901e+02  1.65709419e+02
  3.76263321e+02 -4.62258748e+02 -1.86689428e+02  2.52104800e+02
  9.71222364e+01 -3.01769667e+02 -5.79671651e+02 -1.66603359e+02
  5.39201034e+02 -2.23838187e+02 -2.00047902e+02 -9.62366254e+01
  1.74608343e+02 -4.73890136e+02 -5.53348247e+02  3.79497250e+02
 -4.23211591e+02  2.07014083e+02  1.46760556e+02  2.89840771e+01
 -3.70454381e+02 -5.40068461e+02  2.66975547e+02 -2.50259485e+01
  4.44554429e+02 -1.13652035e+02 -5.99239909e+02 -2.64515721e+02
  8.30746658e+01 -1.20143690e+02  2.91277013e+02 -1.28009445e+02
  1.09332837e+02  4.84030185e+02  5.42960246e+02 -5.40637153e+02
  5.03567853e+02  2.89341641e+02  2.28981011e+02 -3.90299279e+02
 -2.17409408e+02 -3.58280878e+02 -3.75967984e+02 -5.35338879e+02
  3.67337111e+02  5.50744309e+02  3.57407195e+02 -2.74964148e+01
  4.31334883e+02  5.87116126e+01  5.64696488e+02  3.87814263e+01
 -9.40189933e+01  2.38843430e+02 -2.07295085e+02 -4.65217187e+02
  3.28269102e+02  5.02260603e+02  4.91755500e+02  4.58754231e+02
 -3.07003886e+02  5.63131340e+02 -5.49691694e+02  1.45937220e+01
  2.95189182e+02 -3.93106143e+02 -4.50914886e+02 -3.93304616e+02
 -4.60474539e+01  5.63835069e+01 -5.09407889e+02  2.14103493e+02
  4.82309373e+02  1.00423874e+02 -1.02545871e+02  5.10531250e+02
 -1.44624076e+02  3.87067829e+02  4.09738806e+01 -1.53708529e+02
 -5.63515113e+02  1.23628198e+02  4.95181152e+02 -5.26856741e+02
 -5.15970124e+02  1.75175166e+02  3.12546773e+02  5.48853178e+02
  5.21968293e+02  5.83663364e+02 -2.18995262e+01 -2.71178408e+02
 -5.02648401e+02 -4.33026485e+02 -4.03659837e+02  4.91748420e+02
 -5.87127806e+01 -8.63672526e+00 -5.97801222e+02  1.16532037e+02
  2.94736576e+02 -4.07440600e+02  8.59533904e+01 -3.31400292e+02
 -5.91637390e+02 -2.98125584e+02  3.02977421e+02  4.16564894e+02
 -4.19594521e+02  1.07011301e+02 -4.34144823e+02 -5.07098074e+02
 -1.64248203e+02  3.13586749e+02 -3.98108971e+02  4.00706915e+02
 -5.21089829e+02  3.13405783e+02 -1.32576510e+02  7.61865521e+00
 -8.22214456e+01  3.71113984e+02 -4.07266746e+02 -1.28160794e+02
 -8.86510967e+01  2.49892447e+02  5.17648037e+02  4.02334793e+02
 -7.48616135e+01 -1.62393060e+02 -3.20054704e+01 -3.07786032e+02
 -5.82700078e+02 -1.19238837e+02 -3.49038037e+02 -2.73070089e+02
 -3.10038443e+02  5.24069343e+02 -1.25018380e+02  3.61407079e+01
  1.65486143e+02 -2.27614363e+02 -5.00035296e+02 -5.49953423e+02
 -3.41578646e+02 -5.85265408e+02  3.25514671e+02 -4.77010104e+02
  4.76438942e+01  2.41175837e+02  3.84542317e+02  4.00826513e+02
  2.49818474e+02 -5.77453203e+02 -2.02542167e+02 -4.52245423e+02
 -2.51303025e+02  3.38094583e+02 -3.23356523e+01 -4.21139603e+02
  1.02765558e+02  2.90806560e+02 -1.30783409e+02 -5.17388646e+02
  5.47420865e+02 -2.63586854e+02  3.14155655e+02  2.19821862e+02
 -8.18951636e+01 -2.63386921e+02  4.79628840e+02  9.71316799e+01
  1.23583088e+02  4.78206549e+02 -4.53019599e+02  5.58867806e+02
 -1.35779047e+01 -5.84205403e+02 -4.92002824e+01  2.29170229e+02
 -4.99043959e+02 -1.92438980e+02  3.46460314e+01  3.23957013e+02
  4.58656083e+02 -3.59682383e+02 -4.72804801e+01 -7.09329267e+00
  1.36045878e+02 -2.29412559e+02  5.03077696e+02  4.00303058e+02
  1.52848933e+02  4.46308561e+02  4.35159548e+01  7.68768071e+01
  1.67911069e+02 -5.01808603e+01  7.66018561e+00 -5.44379481e+02
 -2.98541330e+02  1.39701684e+02  5.18851070e+02  5.37343860e+02
 -1.80274755e+02 -3.80693325e+02  2.08061960e+02 -5.70878016e+02
 -2.46003924e+02 -2.48052476e+02  3.70871930e+02  6.05688540e+01
  3.32407346e+02  2.62420205e+02 -2.47219607e+02  1.79364186e+02
 -4.36559939e+01  4.09666734e+02 -5.37731402e+02 -2.45204836e+02
  4.87761731e+02 -5.74931460e+02  4.93059125e+02 -3.07665236e+02
  2.75052020e+02 -6.06617089e+01 -3.05202710e+02  1.31020685e+02
  5.37839788e+02 -5.96638380e+02 -3.74226514e+02  4.02829848e+02
 -3.97542038e+02  2.18393397e+02 -3.19046453e+01 -3.19716226e+02
  1.78646116e+02 -5.77983685e+02  8.03333289e+01  5.04275247e+02
  3.90242377e+02  3.81975128e+02  3.87815397e+02  2.10749464e+02
  5.16331088e+01  1.25413446e+02  5.29472356e+02 -2.54633680e+02
 -3.70973387e+01  1.20552726e+02 -1.93648317e+02 -3.13489486e+01
 -1.05919431e+02  5.08088127e+02 -8.74923629e+01 -5.11621413e+02
 -4.44111953e+02 -5.87001493e+01  3.97981377e+01  2.10858168e+02
 -4.96746141e+02 -3.47486625e+02 -4.45246857e+02  3.57566115e+02
 -9.93169023e+01 -1.57661880e+02  5.60286651e+02  1.63700067e+02
 -1.67634542e+02 -2.01661938e+02  4.38512102e+02]
stepsize_vec:,[3.0000e-01 3.0000e-01 3.0000e-01 3.0000e-01 4.5000e-07 1.0000e-01
 2.0000e-01 2.0000e-02 2.0000e-02 2.0000e-02 1.0000e-01 1.0000e+00
 1.6001e+03 1.0000e+00 2.0000e-02 1.2000e+02 1.2000e+02 1.2000e+02
 1.2000e+02 1.2000e+02 1.2000e+02 1.2000e+02 1.2000e+02 1.2000e+02
 1.2000e+02 1.2000e+02 1.2000e+02 1.2000e+02 1.2000e+02 1.2000e+02
 1.2000e+02 1.2000e+02 1.2000e+02 1.2000e+02 1.2000e+02 1.2000e+02
 1.2000e+02 1.2000e+02 1.2000e+02 1.2000e+02 1.2000e+02 1.2000e+02
 1.2000e+02 1.2000e+02 1.2000e+02 1.2000e+02 1.2000e+02 1.2000e+02
 1.2000e+02 1.2000e+02 1.2000e+02 1.2000e+02 1.2000e+02 1.2000e+02
 1.2000e+02 1.2000e+02 1.2000e+02 1.2000e+02 1.2000e+02 1.2000e+02
 1.2000e+02 1.2000e+02 1.2000e+02 1.2000e+02 1.2000e+02 1.2000e+02
 1.2000e+02 1.2000e+02 1.2000e+02 1.2000e+02 1.2000e+02 1.2000e+02
 1.2000e+02 1.2000e+02 1.2000e+02 1.2000e+02 1.2000e+02 1.2000e+02
 1.2000e+02 1.2000e+02 1.2000e+02 1.2000e+02 1.2000e+02 1.2000e+02
 1.2000e+02 1.2000e+02 1.2000e+02 1.2000e+02 1.2000e+02 1.2000e+02
 1.2000e+02 1.2000e+02 1.2000e+02 1.2000e+02 1.2000e+02 1.2000e+02
 1.2000e+02 1.2000e+02 1.2000e+02 1.2000e+02 1.2000e+02 1.2000e+02
 1.2000e+02 1.2000e+02 1.2000e+02 1.2000e+02 1.2000e+02 1.2000e+02
 1.2000e+02 1.2000e+02 1.2000e+02 1.2000e+02 1.2000e+02 1.2000e+02
 1.2000e+02 1.2000e+02 1.2000e+02 1.2000e+02 1.2000e+02 1.2000e+02
 1.2000e+02 1.2000e+02 1.2000e+02 1.2000e+02 1.2000e+02 1.2000e+02
 1.2000e+02 1.2000e+02 1.2000e+02 1.2000e+02 1.2000e+02 1.2000e+02
 1.2000e+02 1.2000e+02 1.2000e+02 1.2000e+02 1.2000e+02 1.2000e+02
 1.2000e+02 1.2000e+02 1.2000e+02 1.2000e+02 1.2000e+02 1.2000e+02
 1.2000e+02 1.2000e+02 1.2000e+02 1.2000e+02 1.2000e+02 1.2000e+02
 1.2000e+02 1.2000e+02 1.2000e+02 1.2000e+02 1.2000e+02 1.2000e+02
 1.2000e+02 1.2000e+02 1.2000e+02 1.2000e+02 1.2000e+02 1.2000e+02
 1.2000e+02 1.2000e+02 1.2000e+02 1.2000e+02 1.2000e+02 1.2000e+02
 1.2000e+02 1.2000e+02 1.2000e+02 1.2000e+02 1.2000e+02 1.2000e+02
 1.2000e+02 1.2000e+02 1.2000e+02 1.2000e+02 1.2000e+02 1.2000e+02
 1.2000e+02 1.2000e+02 1.2000e+02 1.2000e+02 1.2000e+02 1.2000e+02
 1.2000e+02 1.2000e+02 1.2000e+02 1.2000e+02 1.2000e+02 1.2000e+02
 1.2000e+02 1.2000e+02 1.2000e+02 1.2000e+02 1.2000e+02 1.2000e+02
 1.2000e+02 1.2000e+02 1.2000e+02 1.2000e+02 1.2000e+02 1.2000e+02
 1.2000e+02 1.2000e+02 1.2000e+02 1.2000e+02 1.2000e+02 1.2000e+02
 1.2000e+02 1.2000e+02 1.2000e+02 1.2000e+02 1.2000e+02 1.2000e+02
 1.2000e+02 1.2000e+02 1.2000e+02 1.2000e+02 1.2000e+02 1.2000e+02
 1.2000e+02 1.2000e+02 1.2000e+02 1.2000e+02 1.2000e+02 1.2000e+02
 1.2000e+02 1.2000e+02 1.2000e+02 1.2000e+02 1.2000e+02 1.2000e+02
 1.2000e+02 1.2000e+02 1.2000e+02 1.2000e+02 1.2000e+02 1.2000e+02
 1.2000e+02 1.2000e+02 1.2000e+02 1.2000e+02 1.2000e+02 1.2000e+02
 1.2000e+02 1.2000e+02 1.2000e+02 1.2000e+02 1.2000e+02 1.2000e+02
 1.2000e+02 1.2000e+02 1.2000e+02 1.2000e+02 1.2000e+02 1.2000e+02
 1.2000e+02 1.2000e+02 1.2000e+02 1.2000e+02 1.2000e+02 1.2000e+02
 1.2000e+02 1.2000e+02 1.2000e+02 1.2000e+02 1.2000e+02 1.2000e+02
 1.2000e+02 1.2000e+02 1.2000e+02 1.2000e+02 1.2000e+02 1.2000e+02
 1.2000e+02 1.2000e+02 1.2000e+02 1.2000e+02 1.2000e+02 1.2000e+02
 1.2000e+02 1.2000e+02 1.2000e+02 1.2000e+02 1.2000e+02 1.2000e+02
 1.2000e+02 1.2000e+02 1.2000e+02 1.2000e+02 1.2000e+02 1.2000e+02
 1.2000e+02 1.2000e+02 1.2000e+02 1.2000e+02 1.2000e+02 1.2000e+02
 1.2000e+02 1.2000e+02 1.2000e+02 1.2000e+02 1.2000e+02 1.2000e+02
 1.2000e+02 1.2000e+02 1.2000e+02 1.2000e+02 1.2000e+02 1.2000e+02
 1.2000e+02 1.2000e+02 1.2000e+02 1.2000e+02 1.2000e+02 1.2000e+02
 1.2000e+02 1.2000e+02 1.2000e+02 1.2000e+02 1.2000e+02 1.2000e+02
 1.2000e+02 1.2000e+02 1.2000e+02 1.2000e+02 1.2000e+02 1.2000e+02
 1.2000e+02 1.2000e+02 1.2000e+02 1.2000e+02 1.2000e+02 1.2000e+02
 1.2000e+02 1.2000e+02 1.2000e+02 1.2000e+02 1.2000e+02 1.2000e+02
 1.2000e+02 1.2000e+02 1.2000e+02 1.2000e+02 1.2000e+02 1.2000e+02
 1.2000e+02 1.2000e+02 1.2000e+02 1.2000e+02 1.2000e+02 1.2000e+02
 1.2000e+02 1.2000e+02 1.2000e+02 1.2000e+02 1.2000e+02 1.2000e+02
 1.2000e+02 1.2000e+02 1.2000e+02 1.2000e+02 1.2000e+02 1.2000e+02
 1.2000e+02 1.2000e+02 1.2000e+02 1.2000e+02 1.2000e+02 1.2000e+02
 1.2000e+02 1.2000e+02 1.2000e+02 1.2000e+02 1.2000e+02 1.2000e+02
 1.2000e+02 1.2000e+02 1.2000e+02 1.2000e+02 1.2000e+02 1.2000e+02
 1.2000e+02 1.2000e+02 1.2000e+02 1.2000e+02 1.2000e+02 1.2000e+02
 1.2000e+02 1.2000e+02 1.2000e+02 1.2000e+02 1.2000e+02 1.2000e+02
 1.2000e+02 1.2000e+02 1.2000e+02 1.2000e+02 1.2000e+02 1.2000e+02
 1.2000e+02 1.2000e+02 1.2000e+02 1.2000e+02 1.2000e+02 1.2000e+02
 1.2000e+02 1.2000e+02 1.2000e+02 1.2000e+02 1.2000e+02 1.2000e+02
 1.2000e+02]
step_ratio_vec:,[0.1 0.1 0.1 0.1 0.1 0.1 0.1 0.1 0.1 0.1 0.1 0.1 0.1 0.1 0.1 0.1 0.1 0.1
 0.1 0.1 0.1 0.1 0.1 0.1 0.1 0.1 0.1 0.1 0.1 0.1 0.1 0.1 0.1 0.1 0.1 0.1
 0.1 0.1 0.1 0.1 0.1 0.1 0.1 0.1 0.1 0.1 0.1 0.1 0.1 0.1 0.1 0.1 0.1 0.1
 0.1 0.1 0.1 0.1 0.1 0.1 0.1 0.1 0.1 0.1 0.1 0.1 0.1 0.1 0.1 0.1 0.1 0.1
 0.1 0.1 0.1 0.1 0.1 0.1 0.1 0.1 0.1 0.1 0.1 0.1 0.1 0.1 0.1 0.1 0.1 0.1
 0.1 0.1 0.1 0.1 0.1 0.1 0.1 0.1 0.1 0.1 0.1 0.1 0.1 0.1 0.1 0.1 0.1 0.1
 0.1 0.1 0.1 0.1 0.1 0.1 0.1 0.1 0.1 0.1 0.1 0.1 0.1 0.1 0.1 0.1 0.1 0.1
 0.1 0.1 0.1 0.1 0.1 0.1 0.1 0.1 0.1 0.1 0.1 0.1 0.1 0.1 0.1 0.1 0.1 0.1
 0.1 0.1 0.1 0.1 0.1 0.1 0.1 0.1 0.1 0.1 0.1 0.1 0.1 0.1 0.1 0.1 0.1 0.1
 0.1 0.1 0.1 0.1 0.1 0.1 0.1 0.1 0.1 0.1 0.1 0.1 0.1 0.1 0.1 0.1 0.1 0.1
 0.1 0.1 0.1 0.1 0.1 0.1 0.1 0.1 0.1 0.1 0.1 0.1 0.1 0.1 0.1 0.1 0.1 0.1
 0.1 0.1 0.1 0.1 0.1 0.1 0.1 0.1 0.1 0.1 0.1 0.1 0.1 0.1 0.1 0.1 0.1 0.1
 0.1 0.1 0.1 0.1 0.1 0.1 0.1 0.1 0.1 0.1 0.1 0.1 0.1 0.1 0.1 0.1 0.1 0.1
 0.1 0.1 0.1 0.1 0.1 0.1 0.1 0.1 0.1 0.1 0.1 0.1 0.1 0.1 0.1 0.1 0.1 0.1
 0.1 0.1 0.1 0.1 0.1 0.1 0.1 0.1 0.1 0.1 0.1 0.1 0.1 0.1 0.1 0.1 0.1 0.1
 0.1 0.1 0.1 0.1 0.1 0.1 0.1 0.1 0.1 0.1 0.1 0.1 0.1 0.1 0.1 0.1 0.1 0.1
 0.1 0.1 0.1 0.1 0.1 0.1 0.1 0.1 0.1 0.1 0.1 0.1 0.1 0.1 0.1 0.1 0.1 0.1
 0.1 0.1 0.1 0.1 0.1 0.1 0.1 0.1 0.1 0.1 0.1 0.1 0.1 0.1 0.1 0.1 0.1 0.1
 0.1 0.1 0.1 0.1 0.1 0.1 0.1 0.1 0.1 0.1 0.1 0.1 0.1 0.1 0.1 0.1 0.1 0.1
 0.1 0.1 0.1 0.1 0.1 0.1 0.1 0.1 0.1 0.1 0.1 0.1 0.1 0.1 0.1 0.1 0.1 0.1
 0.1 0.1 0.1 0.1 0.1 0.1 0.1 0.1 0.1 0.1 0.1 0.1 0.1 0.1 0.1 0.1 0.1 0.1
 0.1 0.1 0.1 0.1 0.1 0.1 0.1 0.1 0.1 0.1 0.1 0.1 0.1 0.1 0.1 0.1 0.1 0.1
 0.1 0.1 0.1 0.1 0.1 0.1 0.1 0.1 0.1 0.1 0.1 0.1 0.1 0.1 0.1 0.1 0.1 0.1
 0.1]
swap interval:,100
sim interval:,[-1.1175e+08 -7.4500e+07 -3.7250e+07  0.0000e+00]
likelihood_sed (T/F):,True
erodep_coords:,[[ 0  3]
 [42 94]
 [42 95]
 ...
 [96 78]
 [96 79]
 [96 80]]
sed scaling factor:,1
samples_per_chain:,25
burnin:,0.0
num params:,415
initial_proposed_vec:,[ 2.10721009e+00  2.02911350e+00  1.18108772e+00  1.46600526e+00
  4.14670958e-06  2.98977050e-01  1.77331886e-01  1.43656588e-01
  9.75727102e-02  1.84787879e-01  4.10529666e-01  4.96601002e+00
  1.30399241e+04  8.66831660e+00  7.84149497e-02  4.66056857e+02
 -1.95767555e+02 -2.79180338e+02  5.65204556e+02  2.24399624e+02
 -5.37155902e+02 -5.06186929e+02  4.18646922e+02 -5.77265338e+02
  5.08691811e+02  2.08693167e+02 -6.09951573e+01  4.14566618e+02
 -4.43762955e+02 -2.10747102e+02  3.97824263e+02  5.39614232e+02
 -3.34126147e+02  4.38834169e+02 -1.49735725e+02  1.99536517e+02
 -3.77769302e+02 -5.36353886e+02  4.62673132e+02  1.99878515e+02
  4.03216185e+02  7.19291064e+01  2.16552543e+02  5.27530393e+02
  3.82138482e+02  5.84820658e+02  3.94804678e+02 -5.76124928e+02
 -5.02098793e+02  5.98993121e+02  3.96465892e+02  4.21714570e+02
 -4.35068332e+02 -1.82735342e+02 -3.23188101e+02 -1.05546627e+02
  4.76302939e+02 -5.89376772e+02 -4.20189928e+02 -3.87654556e+02
 -5.29025984e+02 -5.37679440e+02  4.38095060e+01 -3.69536241e+02
  5.77171998e+02  5.57456523e+01  5.63429757e+02  8.60367972e+01
 -5.05023000e+02 -1.24796716e+02 -1.19371864e+02  5.49688953e+01
  1.01762203e+01  2.52469277e+02 -5.88297174e+02  5.76715721e+02
  6.86536495e+01 -4.94799213e+02  6.44807597e+01  2.19095337e+02
  3.79445353e+02 -2.44464442e+02 -4.28822126e+02 -1.23520443e+02
 -1.21048207e+01  4.39390718e+01  4.39430684e+01  2.85845339e+02
 -3.55254024e+02  1.98783168e+02 -5.86754713e+02  2.65764486e+02
  3.77037486e+02  8.28753890e+01 -4.22710366e+02  4.26769970e+02
 -4.34454664e+01  2.55778497e+02  2.57767172e+02 -2.37281331e+02
  5.94783443e+02  8.33334895e+01 -9.89851086e+01 -5.42746838e+02
 -3.91347148e+02 -2.20020095e+02  4.00696429e+02 -1.83384366e+02
  4.43491285e+02 -3.01908928e+01 -8.64290433e+01  2.04957628e+02
 -3.52807236e+02 -4.51350016e+02 -1.72322239e+02 -5.50520047e+02
  3.58439573e+02 -2.12494576e+02 -3.79527107e+02  1.37579973e+02
  1.82059128e+02 -9.56985726e+01 -2.34773212e+02  4.09123838e+02
 -2.00770046e+02 -1.54800538e+02  5.22178693e+02  4.61860336e+00
  3.22477674e+02 -5.03191697e+02 -5.65097887e+02 -8.11474543e+01
 -3.55828208e+02 -2.87846642e+02  3.11017247e+02  3.61847969e+02
 -4.56823043e+02 -5.14650720e+02 -4.02906223e+02 -1.07538414e+02
  1.71877807e+02  2.26492383e+02 -3.25647901e+02  1.65709419e+02
  3.76263321e+02 -4.62258748e+02 -1.86689428e+02  2.52104800e+02
  9.71222364e+01 -3.01769667e+02 -5.79671651e+02 -1.66603359e+02
  5.39201034e+02 -2.23838187e+02 -2.00047902e+02 -9.62366254e+01
  1.74608343e+02 -4.73890136e+02 -5.53348247e+02  3.79497250e+02
 -4.23211591e+02  2.07014083e+02  1.46760556e+02  2.89840771e+01
 -3.70454381e+02 -5.40068461e+02  2.66975547e+02 -2.50259485e+01
  4.44554429e+02 -1.13652035e+02 -5.99239909e+02 -2.64515721e+02
  8.30746658e+01 -1.20143690e+02  2.91277013e+02 -1.28009445e+02
  1.09332837e+02  4.84030185e+02  5.42960246e+02 -5.40637153e+02
  5.03567853e+02  2.89341641e+02  2.28981011e+02 -3.90299279e+02
 -2.17409408e+02 -3.58280878e+02 -3.75967984e+02 -5.35338879e+02
  3.67337111e+02  5.50744309e+02  3.57407195e+02 -2.74964148e+01
  4.31334883e+02  5.87116126e+01  5.64696488e+02  3.87814263e+01
 -9.40189933e+01  2.38843430e+02 -2.07295085e+02 -4.65217187e+02
  3.28269102e+02  5.02260603e+02  4.91755500e+02  4.58754231e+02
 -3.07003886e+02  5.63131340e+02 -5.49691694e+02  1.45937220e+01
  2.95189182e+02 -3.93106143e+02 -4.50914886e+02 -3.93304616e+02
 -4.60474539e+01  5.63835069e+01 -5.09407889e+02  2.14103493e+02
  4.82309373e+02  1.00423874e+02 -1.02545871e+02  5.10531250e+02
 -1.44624076e+02  3.87067829e+02  4.09738806e+01 -1.53708529e+02
 -5.63515113e+02  1.23628198e+02  4.95181152e+02 -5.26856741e+02
 -5.15970124e+02  1.75175166e+02  3.12546773e+02  5.48853178e+02
  5.21968293e+02  5.83663364e+02 -2.18995262e+01 -2.71178408e+02
 -5.02648401e+02 -4.33026485e+02 -4.03659837e+02  4.91748420e+02
 -5.87127806e+01 -8.63672526e+00 -5.97801222e+02  1.16532037e+02
  2.94736576e+02 -4.07440600e+02  8.59533904e+01 -3.31400292e+02
 -5.91637390e+02 -2.98125584e+02  3.02977421e+02  4.16564894e+02
 -4.19594521e+02  1.07011301e+02 -4.34144823e+02 -5.07098074e+02
 -1.64248203e+02  3.13586749e+02 -3.98108971e+02  4.00706915e+02
 -5.21089829e+02  3.13405783e+02 -1.32576510e+02  7.61865521e+00
 -8.22214456e+01  3.71113984e+02 -4.07266746e+02 -1.28160794e+02
 -8.86510967e+01  2.49892447e+02  5.17648037e+02  4.02334793e+02
 -7.48616135e+01 -1.62393060e+02 -3.20054704e+01 -3.07786032e+02
 -5.82700078e+02 -1.19238837e+02 -3.49038037e+02 -2.73070089e+02
 -3.10038443e+02  5.24069343e+02 -1.25018380e+02  3.61407079e+01
  1.65486143e+02 -2.27614363e+02 -5.00035296e+02 -5.49953423e+02
 -3.41578646e+02 -5.85265408e+02  3.25514671e+02 -4.77010104e+02
  4.76438942e+01  2.41175837e+02  3.84542317e+02  4.00826513e+02
  2.49818474e+02 -5.77453203e+02 -2.02542167e+02 -4.52245423e+02
 -2.51303025e+02  3.38094583e+02 -3.23356523e+01 -4.21139603e+02
  1.02765558e+02  2.90806560e+02 -1.30783409e+02 -5.17388646e+02
  5.47420865e+02 -2.63586854e+02  3.14155655e+02  2.19821862e+02
 -8.18951636e+01 -2.63386921e+02  4.79628840e+02  9.71316799e+01
  1.23583088e+02  4.78206549e+02 -4.53019599e+02  5.58867806e+02
 -1.35779047e+01 -5.84205403e+02 -4.92002824e+01  2.29170229e+02
 -4.99043959e+02 -1.92438980e+02  3.46460314e+01  3.23957013e+02
  4.58656083e+02 -3.59682383e+02 -4.72804801e+01 -7.09329267e+00
  1.36045878e+02 -2.29412559e+02  5.03077696e+02  4.00303058e+02
  1.52848933e+02  4.46308561e+02  4.35159548e+01  7.68768071e+01
  1.67911069e+02 -5.01808603e+01  7.66018561e+00 -5.44379481e+02
 -2.98541330e+02  1.39701684e+02  5.18851070e+02  5.37343860e+02
 -1.80274755e+02 -3.80693325e+02  2.08061960e+02 -5.70878016e+02
 -2.46003924e+02 -2.48052476e+02  3.70871930e+02  6.05688540e+01
  3.32407346e+02  2.62420205e+02 -2.47219607e+02  1.79364186e+02
 -4.36559939e+01  4.09666734e+02 -5.37731402e+02 -2.45204836e+02
  4.87761731e+02 -5.74931460e+02  4.93059125e+02 -3.07665236e+02
  2.75052020e+02 -6.06617089e+01 -3.05202710e+02  1.31020685e+02
  5.37839788e+02 -5.96638380e+02 -3.74226514e+02  4.02829848e+02
 -3.97542038e+02  2.18393397e+02 -3.19046453e+01 -3.19716226e+02
  1.78646116e+02 -5.77983685e+02  8.03333289e+01  5.04275247e+02
  3.90242377e+02  3.81975128e+02  3.87815397e+02  2.10749464e+02
  5.16331088e+01  1.25413446e+02  5.29472356e+02 -2.54633680e+02
 -3.70973387e+01  1.20552726e+02 -1.93648317e+02 -3.13489486e+01
 -1.05919431e+02  5.08088127e+02 -8.74923629e+01 -5.11621413e+02
 -4.44111953e+02 -5.87001493e+01  3.97981377e+01  2.10858168e+02
 -4.96746141e+02 -3.47486625e+02 -4.45246857e+02  3.57566115e+02
 -9.93169023e+01 -1.57661880e+02  5.60286651e+02  1.63700067e+02
 -1.67634542e+02 -2.01661938e+02  4.38512102e+02]
stepsize_vec:,[3.0000e-01 3.0000e-01 3.0000e-01 3.0000e-01 4.5000e-07 1.0000e-01
 2.0000e-01 2.0000e-02 2.0000e-02 2.0000e-02 1.0000e-01 1.0000e+00
 1.6001e+03 1.0000e+00 2.0000e-02 1.2000e+02 1.2000e+02 1.2000e+02
 1.2000e+02 1.2000e+02 1.2000e+02 1.2000e+02 1.2000e+02 1.2000e+02
 1.2000e+02 1.2000e+02 1.2000e+02 1.2000e+02 1.2000e+02 1.2000e+02
 1.2000e+02 1.2000e+02 1.2000e+02 1.2000e+02 1.2000e+02 1.2000e+02
 1.2000e+02 1.2000e+02 1.2000e+02 1.2000e+02 1.2000e+02 1.2000e+02
 1.2000e+02 1.2000e+02 1.2000e+02 1.2000e+02 1.2000e+02 1.2000e+02
 1.2000e+02 1.2000e+02 1.2000e+02 1.2000e+02 1.2000e+02 1.2000e+02
 1.2000e+02 1.2000e+02 1.2000e+02 1.2000e+02 1.2000e+02 1.2000e+02
 1.2000e+02 1.2000e+02 1.2000e+02 1.2000e+02 1.2000e+02 1.2000e+02
 1.2000e+02 1.2000e+02 1.2000e+02 1.2000e+02 1.2000e+02 1.2000e+02
 1.2000e+02 1.2000e+02 1.2000e+02 1.2000e+02 1.2000e+02 1.2000e+02
 1.2000e+02 1.2000e+02 1.2000e+02 1.2000e+02 1.2000e+02 1.2000e+02
 1.2000e+02 1.2000e+02 1.2000e+02 1.2000e+02 1.2000e+02 1.2000e+02
 1.2000e+02 1.2000e+02 1.2000e+02 1.2000e+02 1.2000e+02 1.2000e+02
 1.2000e+02 1.2000e+02 1.2000e+02 1.2000e+02 1.2000e+02 1.2000e+02
 1.2000e+02 1.2000e+02 1.2000e+02 1.2000e+02 1.2000e+02 1.2000e+02
 1.2000e+02 1.2000e+02 1.2000e+02 1.2000e+02 1.2000e+02 1.2000e+02
 1.2000e+02 1.2000e+02 1.2000e+02 1.2000e+02 1.2000e+02 1.2000e+02
 1.2000e+02 1.2000e+02 1.2000e+02 1.2000e+02 1.2000e+02 1.2000e+02
 1.2000e+02 1.2000e+02 1.2000e+02 1.2000e+02 1.2000e+02 1.2000e+02
 1.2000e+02 1.2000e+02 1.2000e+02 1.2000e+02 1.2000e+02 1.2000e+02
 1.2000e+02 1.2000e+02 1.2000e+02 1.2000e+02 1.2000e+02 1.2000e+02
 1.2000e+02 1.2000e+02 1.2000e+02 1.2000e+02 1.2000e+02 1.2000e+02
 1.2000e+02 1.2000e+02 1.2000e+02 1.2000e+02 1.2000e+02 1.2000e+02
 1.2000e+02 1.2000e+02 1.2000e+02 1.2000e+02 1.2000e+02 1.2000e+02
 1.2000e+02 1.2000e+02 1.2000e+02 1.2000e+02 1.2000e+02 1.2000e+02
 1.2000e+02 1.2000e+02 1.2000e+02 1.2000e+02 1.2000e+02 1.2000e+02
 1.2000e+02 1.2000e+02 1.2000e+02 1.2000e+02 1.2000e+02 1.2000e+02
 1.2000e+02 1.2000e+02 1.2000e+02 1.2000e+02 1.2000e+02 1.2000e+02
 1.2000e+02 1.2000e+02 1.2000e+02 1.2000e+02 1.2000e+02 1.2000e+02
 1.2000e+02 1.2000e+02 1.2000e+02 1.2000e+02 1.2000e+02 1.2000e+02
 1.2000e+02 1.2000e+02 1.2000e+02 1.2000e+02 1.2000e+02 1.2000e+02
 1.2000e+02 1.2000e+02 1.2000e+02 1.2000e+02 1.2000e+02 1.2000e+02
 1.2000e+02 1.2000e+02 1.2000e+02 1.2000e+02 1.2000e+02 1.2000e+02
 1.2000e+02 1.2000e+02 1.2000e+02 1.2000e+02 1.2000e+02 1.2000e+02
 1.2000e+02 1.2000e+02 1.2000e+02 1.2000e+02 1.2000e+02 1.2000e+02
 1.2000e+02 1.2000e+02 1.2000e+02 1.2000e+02 1.2000e+02 1.2000e+02
 1.2000e+02 1.2000e+02 1.2000e+02 1.2000e+02 1.2000e+02 1.2000e+02
 1.2000e+02 1.2000e+02 1.2000e+02 1.2000e+02 1.2000e+02 1.2000e+02
 1.2000e+02 1.2000e+02 1.2000e+02 1.2000e+02 1.2000e+02 1.2000e+02
 1.2000e+02 1.2000e+02 1.2000e+02 1.2000e+02 1.2000e+02 1.2000e+02
 1.2000e+02 1.2000e+02 1.2000e+02 1.2000e+02 1.2000e+02 1.2000e+02
 1.2000e+02 1.2000e+02 1.2000e+02 1.2000e+02 1.2000e+02 1.2000e+02
 1.2000e+02 1.2000e+02 1.2000e+02 1.2000e+02 1.2000e+02 1.2000e+02
 1.2000e+02 1.2000e+02 1.2000e+02 1.2000e+02 1.2000e+02 1.2000e+02
 1.2000e+02 1.2000e+02 1.2000e+02 1.2000e+02 1.2000e+02 1.2000e+02
 1.2000e+02 1.2000e+02 1.2000e+02 1.2000e+02 1.2000e+02 1.2000e+02
 1.2000e+02 1.2000e+02 1.2000e+02 1.2000e+02 1.2000e+02 1.2000e+02
 1.2000e+02 1.2000e+02 1.2000e+02 1.2000e+02 1.2000e+02 1.2000e+02
 1.2000e+02 1.2000e+02 1.2000e+02 1.2000e+02 1.2000e+02 1.2000e+02
 1.2000e+02 1.2000e+02 1.2000e+02 1.2000e+02 1.2000e+02 1.2000e+02
 1.2000e+02 1.2000e+02 1.2000e+02 1.2000e+02 1.2000e+02 1.2000e+02
 1.2000e+02 1.2000e+02 1.2000e+02 1.2000e+02 1.2000e+02 1.2000e+02
 1.2000e+02 1.2000e+02 1.2000e+02 1.2000e+02 1.2000e+02 1.2000e+02
 1.2000e+02 1.2000e+02 1.2000e+02 1.2000e+02 1.2000e+02 1.2000e+02
 1.2000e+02 1.2000e+02 1.2000e+02 1.2000e+02 1.2000e+02 1.2000e+02
 1.2000e+02 1.2000e+02 1.2000e+02 1.2000e+02 1.2000e+02 1.2000e+02
 1.2000e+02 1.2000e+02 1.2000e+02 1.2000e+02 1.2000e+02 1.2000e+02
 1.2000e+02 1.2000e+02 1.2000e+02 1.2000e+02 1.2000e+02 1.2000e+02
 1.2000e+02 1.2000e+02 1.2000e+02 1.2000e+02 1.2000e+02 1.2000e+02
 1.2000e+02 1.2000e+02 1.2000e+02 1.2000e+02 1.2000e+02 1.2000e+02
 1.2000e+02 1.2000e+02 1.2000e+02 1.2000e+02 1.2000e+02 1.2000e+02
 1.2000e+02 1.2000e+02 1.2000e+02 1.2000e+02 1.2000e+02 1.2000e+02
 1.2000e+02 1.2000e+02 1.2000e+02 1.2000e+02 1.2000e+02 1.2000e+02
 1.2000e+02 1.2000e+02 1.2000e+02 1.2000e+02 1.2000e+02 1.2000e+02
 1.2000e+02 1.2000e+02 1.2000e+02 1.2000e+02 1.2000e+02 1.2000e+02
 1.2000e+02 1.2000e+02 1.2000e+02 1.2000e+02 1.2000e+02 1.2000e+02
 1.2000e+02]
step_ratio_vec:,[0.1 0.1 0.1 0.1 0.1 0.1 0.1 0.1 0.1 0.1 0.1 0.1 0.1 0.1 0.1 0.1 0.1 0.1
 0.1 0.1 0.1 0.1 0.1 0.1 0.1 0.1 0.1 0.1 0.1 0.1 0.1 0.1 0.1 0.1 0.1 0.1
 0.1 0.1 0.1 0.1 0.1 0.1 0.1 0.1 0.1 0.1 0.1 0.1 0.1 0.1 0.1 0.1 0.1 0.1
 0.1 0.1 0.1 0.1 0.1 0.1 0.1 0.1 0.1 0.1 0.1 0.1 0.1 0.1 0.1 0.1 0.1 0.1
 0.1 0.1 0.1 0.1 0.1 0.1 0.1 0.1 0.1 0.1 0.1 0.1 0.1 0.1 0.1 0.1 0.1 0.1
 0.1 0.1 0.1 0.1 0.1 0.1 0.1 0.1 0.1 0.1 0.1 0.1 0.1 0.1 0.1 0.1 0.1 0.1
 0.1 0.1 0.1 0.1 0.1 0.1 0.1 0.1 0.1 0.1 0.1 0.1 0.1 0.1 0.1 0.1 0.1 0.1
 0.1 0.1 0.1 0.1 0.1 0.1 0.1 0.1 0.1 0.1 0.1 0.1 0.1 0.1 0.1 0.1 0.1 0.1
 0.1 0.1 0.1 0.1 0.1 0.1 0.1 0.1 0.1 0.1 0.1 0.1 0.1 0.1 0.1 0.1 0.1 0.1
 0.1 0.1 0.1 0.1 0.1 0.1 0.1 0.1 0.1 0.1 0.1 0.1 0.1 0.1 0.1 0.1 0.1 0.1
 0.1 0.1 0.1 0.1 0.1 0.1 0.1 0.1 0.1 0.1 0.1 0.1 0.1 0.1 0.1 0.1 0.1 0.1
 0.1 0.1 0.1 0.1 0.1 0.1 0.1 0.1 0.1 0.1 0.1 0.1 0.1 0.1 0.1 0.1 0.1 0.1
 0.1 0.1 0.1 0.1 0.1 0.1 0.1 0.1 0.1 0.1 0.1 0.1 0.1 0.1 0.1 0.1 0.1 0.1
 0.1 0.1 0.1 0.1 0.1 0.1 0.1 0.1 0.1 0.1 0.1 0.1 0.1 0.1 0.1 0.1 0.1 0.1
 0.1 0.1 0.1 0.1 0.1 0.1 0.1 0.1 0.1 0.1 0.1 0.1 0.1 0.1 0.1 0.1 0.1 0.1
 0.1 0.1 0.1 0.1 0.1 0.1 0.1 0.1 0.1 0.1 0.1 0.1 0.1 0.1 0.1 0.1 0.1 0.1
 0.1 0.1 0.1 0.1 0.1 0.1 0.1 0.1 0.1 0.1 0.1 0.1 0.1 0.1 0.1 0.1 0.1 0.1
 0.1 0.1 0.1 0.1 0.1 0.1 0.1 0.1 0.1 0.1 0.1 0.1 0.1 0.1 0.1 0.1 0.1 0.1
 0.1 0.1 0.1 0.1 0.1 0.1 0.1 0.1 0.1 0.1 0.1 0.1 0.1 0.1 0.1 0.1 0.1 0.1
 0.1 0.1 0.1 0.1 0.1 0.1 0.1 0.1 0.1 0.1 0.1 0.1 0.1 0.1 0.1 0.1 0.1 0.1
 0.1 0.1 0.1 0.1 0.1 0.1 0.1 0.1 0.1 0.1 0.1 0.1 0.1 0.1 0.1 0.1 0.1 0.1
 0.1 0.1 0.1 0.1 0.1 0.1 0.1 0.1 0.1 0.1 0.1 0.1 0.1 0.1 0.1 0.1 0.1 0.1
 0.1 0.1 0.1 0.1 0.1 0.1 0.1 0.1 0.1 0.1 0.1 0.1 0.1 0.1 0.1 0.1 0.1 0.1
 0.1]
swap interval:,100
sim interval:,[-1.1175e+08 -7.4500e+07 -3.7250e+07  0.0000e+00]
likelihood_sed (T/F):,True
erodep_coords:,[[ 0  3]
 [42 94]
 [42 95]
 ...
 [96 78]
 [96 79]
 [96 80]]
sed scaling factor:,1
samples_per_chain:,25
burnin:,0.0
num params:,415
initial_proposed_vec:,[ 2.10721009e+00  2.02911350e+00  1.18108772e+00  1.46600526e+00
  4.14670958e-06  2.98977050e-01  1.77331886e-01  1.43656588e-01
  9.75727102e-02  1.84787879e-01  4.10529666e-01  4.96601002e+00
  1.30399241e+04  8.66831660e+00  7.84149497e-02  4.66056857e+02
 -1.95767555e+02 -2.79180338e+02  5.65204556e+02  2.24399624e+02
 -5.37155902e+02 -5.06186929e+02  4.18646922e+02 -5.77265338e+02
  5.08691811e+02  2.08693167e+02 -6.09951573e+01  4.14566618e+02
 -4.43762955e+02 -2.10747102e+02  3.97824263e+02  5.39614232e+02
 -3.34126147e+02  4.38834169e+02 -1.49735725e+02  1.99536517e+02
 -3.77769302e+02 -5.36353886e+02  4.62673132e+02  1.99878515e+02
  4.03216185e+02  7.19291064e+01  2.16552543e+02  5.27530393e+02
  3.82138482e+02  5.84820658e+02  3.94804678e+02 -5.76124928e+02
 -5.02098793e+02  5.98993121e+02  3.96465892e+02  4.21714570e+02
 -4.35068332e+02 -1.82735342e+02 -3.23188101e+02 -1.05546627e+02
  4.76302939e+02 -5.89376772e+02 -4.20189928e+02 -3.87654556e+02
 -5.29025984e+02 -5.37679440e+02  4.38095060e+01 -3.69536241e+02
  5.77171998e+02  5.57456523e+01  5.63429757e+02  8.60367972e+01
 -5.05023000e+02 -1.24796716e+02 -1.19371864e+02  5.49688953e+01
  1.01762203e+01  2.52469277e+02 -5.88297174e+02  5.76715721e+02
  6.86536495e+01 -4.94799213e+02  6.44807597e+01  2.19095337e+02
  3.79445353e+02 -2.44464442e+02 -4.28822126e+02 -1.23520443e+02
 -1.21048207e+01  4.39390718e+01  4.39430684e+01  2.85845339e+02
 -3.55254024e+02  1.98783168e+02 -5.86754713e+02  2.65764486e+02
  3.77037486e+02  8.28753890e+01 -4.22710366e+02  4.26769970e+02
 -4.34454664e+01  2.55778497e+02  2.57767172e+02 -2.37281331e+02
  5.94783443e+02  8.33334895e+01 -9.89851086e+01 -5.42746838e+02
 -3.91347148e+02 -2.20020095e+02  4.00696429e+02 -1.83384366e+02
  4.43491285e+02 -3.01908928e+01 -8.64290433e+01  2.04957628e+02
 -3.52807236e+02 -4.51350016e+02 -1.72322239e+02 -5.50520047e+02
  3.58439573e+02 -2.12494576e+02 -3.79527107e+02  1.37579973e+02
  1.82059128e+02 -9.56985726e+01 -2.34773212e+02  4.09123838e+02
 -2.00770046e+02 -1.54800538e+02  5.22178693e+02  4.61860336e+00
  3.22477674e+02 -5.03191697e+02 -5.65097887e+02 -8.11474543e+01
 -3.55828208e+02 -2.87846642e+02  3.11017247e+02  3.61847969e+02
 -4.56823043e+02 -5.14650720e+02 -4.02906223e+02 -1.07538414e+02
  1.71877807e+02  2.26492383e+02 -3.25647901e+02  1.65709419e+02
  3.76263321e+02 -4.62258748e+02 -1.86689428e+02  2.52104800e+02
  9.71222364e+01 -3.01769667e+02 -5.79671651e+02 -1.66603359e+02
  5.39201034e+02 -2.23838187e+02 -2.00047902e+02 -9.62366254e+01
  1.74608343e+02 -4.73890136e+02 -5.53348247e+02  3.79497250e+02
 -4.23211591e+02  2.07014083e+02  1.46760556e+02  2.89840771e+01
 -3.70454381e+02 -5.40068461e+02  2.66975547e+02 -2.50259485e+01
  4.44554429e+02 -1.13652035e+02 -5.99239909e+02 -2.64515721e+02
  8.30746658e+01 -1.20143690e+02  2.91277013e+02 -1.28009445e+02
  1.09332837e+02  4.84030185e+02  5.42960246e+02 -5.40637153e+02
  5.03567853e+02  2.89341641e+02  2.28981011e+02 -3.90299279e+02
 -2.17409408e+02 -3.58280878e+02 -3.75967984e+02 -5.35338879e+02
  3.67337111e+02  5.50744309e+02  3.57407195e+02 -2.74964148e+01
  4.31334883e+02  5.87116126e+01  5.64696488e+02  3.87814263e+01
 -9.40189933e+01  2.38843430e+02 -2.07295085e+02 -4.65217187e+02
  3.28269102e+02  5.02260603e+02  4.91755500e+02  4.58754231e+02
 -3.07003886e+02  5.63131340e+02 -5.49691694e+02  1.45937220e+01
  2.95189182e+02 -3.93106143e+02 -4.50914886e+02 -3.93304616e+02
 -4.60474539e+01  5.63835069e+01 -5.09407889e+02  2.14103493e+02
  4.82309373e+02  1.00423874e+02 -1.02545871e+02  5.10531250e+02
 -1.44624076e+02  3.87067829e+02  4.09738806e+01 -1.53708529e+02
 -5.63515113e+02  1.23628198e+02  4.95181152e+02 -5.26856741e+02
 -5.15970124e+02  1.75175166e+02  3.12546773e+02  5.48853178e+02
  5.21968293e+02  5.83663364e+02 -2.18995262e+01 -2.71178408e+02
 -5.02648401e+02 -4.33026485e+02 -4.03659837e+02  4.91748420e+02
 -5.87127806e+01 -8.63672526e+00 -5.97801222e+02  1.16532037e+02
  2.94736576e+02 -4.07440600e+02  8.59533904e+01 -3.31400292e+02
 -5.91637390e+02 -2.98125584e+02  3.02977421e+02  4.16564894e+02
 -4.19594521e+02  1.07011301e+02 -4.34144823e+02 -5.07098074e+02
 -1.64248203e+02  3.13586749e+02 -3.98108971e+02  4.00706915e+02
 -5.21089829e+02  3.13405783e+02 -1.32576510e+02  7.61865521e+00
 -8.22214456e+01  3.71113984e+02 -4.07266746e+02 -1.28160794e+02
 -8.86510967e+01  2.49892447e+02  5.17648037e+02  4.02334793e+02
 -7.48616135e+01 -1.62393060e+02 -3.20054704e+01 -3.07786032e+02
 -5.82700078e+02 -1.19238837e+02 -3.49038037e+02 -2.73070089e+02
 -3.10038443e+02  5.24069343e+02 -1.25018380e+02  3.61407079e+01
  1.65486143e+02 -2.27614363e+02 -5.00035296e+02 -5.49953423e+02
 -3.41578646e+02 -5.85265408e+02  3.25514671e+02 -4.77010104e+02
  4.76438942e+01  2.41175837e+02  3.84542317e+02  4.00826513e+02
  2.49818474e+02 -5.77453203e+02 -2.02542167e+02 -4.52245423e+02
 -2.51303025e+02  3.38094583e+02 -3.23356523e+01 -4.21139603e+02
  1.02765558e+02  2.90806560e+02 -1.30783409e+02 -5.17388646e+02
  5.47420865e+02 -2.63586854e+02  3.14155655e+02  2.19821862e+02
 -8.18951636e+01 -2.63386921e+02  4.79628840e+02  9.71316799e+01
  1.23583088e+02  4.78206549e+02 -4.53019599e+02  5.58867806e+02
 -1.35779047e+01 -5.84205403e+02 -4.92002824e+01  2.29170229e+02
 -4.99043959e+02 -1.92438980e+02  3.46460314e+01  3.23957013e+02
  4.58656083e+02 -3.59682383e+02 -4.72804801e+01 -7.09329267e+00
  1.36045878e+02 -2.29412559e+02  5.03077696e+02  4.00303058e+02
  1.52848933e+02  4.46308561e+02  4.35159548e+01  7.68768071e+01
  1.67911069e+02 -5.01808603e+01  7.66018561e+00 -5.44379481e+02
 -2.98541330e+02  1.39701684e+02  5.18851070e+02  5.37343860e+02
 -1.80274755e+02 -3.80693325e+02  2.08061960e+02 -5.70878016e+02
 -2.46003924e+02 -2.48052476e+02  3.70871930e+02  6.05688540e+01
  3.32407346e+02  2.62420205e+02 -2.47219607e+02  1.79364186e+02
 -4.36559939e+01  4.09666734e+02 -5.37731402e+02 -2.45204836e+02
  4.87761731e+02 -5.74931460e+02  4.93059125e+02 -3.07665236e+02
  2.75052020e+02 -6.06617089e+01 -3.05202710e+02  1.31020685e+02
  5.37839788e+02 -5.96638380e+02 -3.74226514e+02  4.02829848e+02
 -3.97542038e+02  2.18393397e+02 -3.19046453e+01 -3.19716226e+02
  1.78646116e+02 -5.77983685e+02  8.03333289e+01  5.04275247e+02
  3.90242377e+02  3.81975128e+02  3.87815397e+02  2.10749464e+02
  5.16331088e+01  1.25413446e+02  5.29472356e+02 -2.54633680e+02
 -3.70973387e+01  1.20552726e+02 -1.93648317e+02 -3.13489486e+01
 -1.05919431e+02  5.08088127e+02 -8.74923629e+01 -5.11621413e+02
 -4.44111953e+02 -5.87001493e+01  3.97981377e+01  2.10858168e+02
 -4.96746141e+02 -3.47486625e+02 -4.45246857e+02  3.57566115e+02
 -9.93169023e+01 -1.57661880e+02  5.60286651e+02  1.63700067e+02
 -1.67634542e+02 -2.01661938e+02  4.38512102e+02]
stepsize_vec:,[3.0000e-01 3.0000e-01 3.0000e-01 3.0000e-01 4.5000e-07 1.0000e-01
 2.0000e-01 2.0000e-02 2.0000e-02 2.0000e-02 1.0000e-01 1.0000e+00
 1.6001e+03 1.0000e+00 2.0000e-02 1.2000e+02 1.2000e+02 1.2000e+02
 1.2000e+02 1.2000e+02 1.2000e+02 1.2000e+02 1.2000e+02 1.2000e+02
 1.2000e+02 1.2000e+02 1.2000e+02 1.2000e+02 1.2000e+02 1.2000e+02
 1.2000e+02 1.2000e+02 1.2000e+02 1.2000e+02 1.2000e+02 1.2000e+02
 1.2000e+02 1.2000e+02 1.2000e+02 1.2000e+02 1.2000e+02 1.2000e+02
 1.2000e+02 1.2000e+02 1.2000e+02 1.2000e+02 1.2000e+02 1.2000e+02
 1.2000e+02 1.2000e+02 1.2000e+02 1.2000e+02 1.2000e+02 1.2000e+02
 1.2000e+02 1.2000e+02 1.2000e+02 1.2000e+02 1.2000e+02 1.2000e+02
 1.2000e+02 1.2000e+02 1.2000e+02 1.2000e+02 1.2000e+02 1.2000e+02
 1.2000e+02 1.2000e+02 1.2000e+02 1.2000e+02 1.2000e+02 1.2000e+02
 1.2000e+02 1.2000e+02 1.2000e+02 1.2000e+02 1.2000e+02 1.2000e+02
 1.2000e+02 1.2000e+02 1.2000e+02 1.2000e+02 1.2000e+02 1.2000e+02
 1.2000e+02 1.2000e+02 1.2000e+02 1.2000e+02 1.2000e+02 1.2000e+02
 1.2000e+02 1.2000e+02 1.2000e+02 1.2000e+02 1.2000e+02 1.2000e+02
 1.2000e+02 1.2000e+02 1.2000e+02 1.2000e+02 1.2000e+02 1.2000e+02
 1.2000e+02 1.2000e+02 1.2000e+02 1.2000e+02 1.2000e+02 1.2000e+02
 1.2000e+02 1.2000e+02 1.2000e+02 1.2000e+02 1.2000e+02 1.2000e+02
 1.2000e+02 1.2000e+02 1.2000e+02 1.2000e+02 1.2000e+02 1.2000e+02
 1.2000e+02 1.2000e+02 1.2000e+02 1.2000e+02 1.2000e+02 1.2000e+02
 1.2000e+02 1.2000e+02 1.2000e+02 1.2000e+02 1.2000e+02 1.2000e+02
 1.2000e+02 1.2000e+02 1.2000e+02 1.2000e+02 1.2000e+02 1.2000e+02
 1.2000e+02 1.2000e+02 1.2000e+02 1.2000e+02 1.2000e+02 1.2000e+02
 1.2000e+02 1.2000e+02 1.2000e+02 1.2000e+02 1.2000e+02 1.2000e+02
 1.2000e+02 1.2000e+02 1.2000e+02 1.2000e+02 1.2000e+02 1.2000e+02
 1.2000e+02 1.2000e+02 1.2000e+02 1.2000e+02 1.2000e+02 1.2000e+02
 1.2000e+02 1.2000e+02 1.2000e+02 1.2000e+02 1.2000e+02 1.2000e+02
 1.2000e+02 1.2000e+02 1.2000e+02 1.2000e+02 1.2000e+02 1.2000e+02
 1.2000e+02 1.2000e+02 1.2000e+02 1.2000e+02 1.2000e+02 1.2000e+02
 1.2000e+02 1.2000e+02 1.2000e+02 1.2000e+02 1.2000e+02 1.2000e+02
 1.2000e+02 1.2000e+02 1.2000e+02 1.2000e+02 1.2000e+02 1.2000e+02
 1.2000e+02 1.2000e+02 1.2000e+02 1.2000e+02 1.2000e+02 1.2000e+02
 1.2000e+02 1.2000e+02 1.2000e+02 1.2000e+02 1.2000e+02 1.2000e+02
 1.2000e+02 1.2000e+02 1.2000e+02 1.2000e+02 1.2000e+02 1.2000e+02
 1.2000e+02 1.2000e+02 1.2000e+02 1.2000e+02 1.2000e+02 1.2000e+02
 1.2000e+02 1.2000e+02 1.2000e+02 1.2000e+02 1.2000e+02 1.2000e+02
 1.2000e+02 1.2000e+02 1.2000e+02 1.2000e+02 1.2000e+02 1.2000e+02
 1.2000e+02 1.2000e+02 1.2000e+02 1.2000e+02 1.2000e+02 1.2000e+02
 1.2000e+02 1.2000e+02 1.2000e+02 1.2000e+02 1.2000e+02 1.2000e+02
 1.2000e+02 1.2000e+02 1.2000e+02 1.2000e+02 1.2000e+02 1.2000e+02
 1.2000e+02 1.2000e+02 1.2000e+02 1.2000e+02 1.2000e+02 1.2000e+02
 1.2000e+02 1.2000e+02 1.2000e+02 1.2000e+02 1.2000e+02 1.2000e+02
 1.2000e+02 1.2000e+02 1.2000e+02 1.2000e+02 1.2000e+02 1.2000e+02
 1.2000e+02 1.2000e+02 1.2000e+02 1.2000e+02 1.2000e+02 1.2000e+02
 1.2000e+02 1.2000e+02 1.2000e+02 1.2000e+02 1.2000e+02 1.2000e+02
 1.2000e+02 1.2000e+02 1.2000e+02 1.2000e+02 1.2000e+02 1.2000e+02
 1.2000e+02 1.2000e+02 1.2000e+02 1.2000e+02 1.2000e+02 1.2000e+02
 1.2000e+02 1.2000e+02 1.2000e+02 1.2000e+02 1.2000e+02 1.2000e+02
 1.2000e+02 1.2000e+02 1.2000e+02 1.2000e+02 1.2000e+02 1.2000e+02
 1.2000e+02 1.2000e+02 1.2000e+02 1.2000e+02 1.2000e+02 1.2000e+02
 1.2000e+02 1.2000e+02 1.2000e+02 1.2000e+02 1.2000e+02 1.2000e+02
 1.2000e+02 1.2000e+02 1.2000e+02 1.2000e+02 1.2000e+02 1.2000e+02
 1.2000e+02 1.2000e+02 1.2000e+02 1.2000e+02 1.2000e+02 1.2000e+02
 1.2000e+02 1.2000e+02 1.2000e+02 1.2000e+02 1.2000e+02 1.2000e+02
 1.2000e+02 1.2000e+02 1.2000e+02 1.2000e+02 1.2000e+02 1.2000e+02
 1.2000e+02 1.2000e+02 1.2000e+02 1.2000e+02 1.2000e+02 1.2000e+02
 1.2000e+02 1.2000e+02 1.2000e+02 1.2000e+02 1.2000e+02 1.2000e+02
 1.2000e+02 1.2000e+02 1.2000e+02 1.2000e+02 1.2000e+02 1.2000e+02
 1.2000e+02 1.2000e+02 1.2000e+02 1.2000e+02 1.2000e+02 1.2000e+02
 1.2000e+02 1.2000e+02 1.2000e+02 1.2000e+02 1.2000e+02 1.2000e+02
 1.2000e+02 1.2000e+02 1.2000e+02 1.2000e+02 1.2000e+02 1.2000e+02
 1.2000e+02 1.2000e+02 1.2000e+02 1.2000e+02 1.2000e+02 1.2000e+02
 1.2000e+02 1.2000e+02 1.2000e+02 1.2000e+02 1.2000e+02 1.2000e+02
 1.2000e+02 1.2000e+02 1.2000e+02 1.2000e+02 1.2000e+02 1.2000e+02
 1.2000e+02 1.2000e+02 1.2000e+02 1.2000e+02 1.2000e+02 1.2000e+02
 1.2000e+02 1.2000e+02 1.2000e+02 1.2000e+02 1.2000e+02 1.2000e+02
 1.2000e+02 1.2000e+02 1.2000e+02 1.2000e+02 1.2000e+02 1.2000e+02
 1.2000e+02 1.2000e+02 1.2000e+02 1.2000e+02 1.2000e+02 1.2000e+02
 1.2000e+02]
step_ratio_vec:,[0.1 0.1 0.1 0.1 0.1 0.1 0.1 0.1 0.1 0.1 0.1 0.1 0.1 0.1 0.1 0.1 0.1 0.1
 0.1 0.1 0.1 0.1 0.1 0.1 0.1 0.1 0.1 0.1 0.1 0.1 0.1 0.1 0.1 0.1 0.1 0.1
 0.1 0.1 0.1 0.1 0.1 0.1 0.1 0.1 0.1 0.1 0.1 0.1 0.1 0.1 0.1 0.1 0.1 0.1
 0.1 0.1 0.1 0.1 0.1 0.1 0.1 0.1 0.1 0.1 0.1 0.1 0.1 0.1 0.1 0.1 0.1 0.1
 0.1 0.1 0.1 0.1 0.1 0.1 0.1 0.1 0.1 0.1 0.1 0.1 0.1 0.1 0.1 0.1 0.1 0.1
 0.1 0.1 0.1 0.1 0.1 0.1 0.1 0.1 0.1 0.1 0.1 0.1 0.1 0.1 0.1 0.1 0.1 0.1
 0.1 0.1 0.1 0.1 0.1 0.1 0.1 0.1 0.1 0.1 0.1 0.1 0.1 0.1 0.1 0.1 0.1 0.1
 0.1 0.1 0.1 0.1 0.1 0.1 0.1 0.1 0.1 0.1 0.1 0.1 0.1 0.1 0.1 0.1 0.1 0.1
 0.1 0.1 0.1 0.1 0.1 0.1 0.1 0.1 0.1 0.1 0.1 0.1 0.1 0.1 0.1 0.1 0.1 0.1
 0.1 0.1 0.1 0.1 0.1 0.1 0.1 0.1 0.1 0.1 0.1 0.1 0.1 0.1 0.1 0.1 0.1 0.1
 0.1 0.1 0.1 0.1 0.1 0.1 0.1 0.1 0.1 0.1 0.1 0.1 0.1 0.1 0.1 0.1 0.1 0.1
 0.1 0.1 0.1 0.1 0.1 0.1 0.1 0.1 0.1 0.1 0.1 0.1 0.1 0.1 0.1 0.1 0.1 0.1
 0.1 0.1 0.1 0.1 0.1 0.1 0.1 0.1 0.1 0.1 0.1 0.1 0.1 0.1 0.1 0.1 0.1 0.1
 0.1 0.1 0.1 0.1 0.1 0.1 0.1 0.1 0.1 0.1 0.1 0.1 0.1 0.1 0.1 0.1 0.1 0.1
 0.1 0.1 0.1 0.1 0.1 0.1 0.1 0.1 0.1 0.1 0.1 0.1 0.1 0.1 0.1 0.1 0.1 0.1
 0.1 0.1 0.1 0.1 0.1 0.1 0.1 0.1 0.1 0.1 0.1 0.1 0.1 0.1 0.1 0.1 0.1 0.1
 0.1 0.1 0.1 0.1 0.1 0.1 0.1 0.1 0.1 0.1 0.1 0.1 0.1 0.1 0.1 0.1 0.1 0.1
 0.1 0.1 0.1 0.1 0.1 0.1 0.1 0.1 0.1 0.1 0.1 0.1 0.1 0.1 0.1 0.1 0.1 0.1
 0.1 0.1 0.1 0.1 0.1 0.1 0.1 0.1 0.1 0.1 0.1 0.1 0.1 0.1 0.1 0.1 0.1 0.1
 0.1 0.1 0.1 0.1 0.1 0.1 0.1 0.1 0.1 0.1 0.1 0.1 0.1 0.1 0.1 0.1 0.1 0.1
 0.1 0.1 0.1 0.1 0.1 0.1 0.1 0.1 0.1 0.1 0.1 0.1 0.1 0.1 0.1 0.1 0.1 0.1
 0.1 0.1 0.1 0.1 0.1 0.1 0.1 0.1 0.1 0.1 0.1 0.1 0.1 0.1 0.1 0.1 0.1 0.1
 0.1 0.1 0.1 0.1 0.1 0.1 0.1 0.1 0.1 0.1 0.1 0.1 0.1 0.1 0.1 0.1 0.1 0.1
 0.1]
swap interval:,100
sim interval:,[-1.1175e+08 -7.4500e+07 -3.7250e+07  0.0000e+00]
likelihood_sed (T/F):,True
erodep_coords:,[[ 0  3]
 [42 94]
 [42 95]
 ...
 [96 78]
 [96 79]
 [96 80]]
sed scaling factor:,1
samples_per_chain:,25
burnin:,0.0
num params:,415
initial_proposed_vec:,[ 2.10721009e+00  2.02911350e+00  1.18108772e+00  1.46600526e+00
  4.14670958e-06  2.98977050e-01  1.77331886e-01  1.43656588e-01
  9.75727102e-02  1.84787879e-01  4.10529666e-01  4.96601002e+00
  1.30399241e+04  8.66831660e+00  7.84149497e-02  4.66056857e+02
 -1.95767555e+02 -2.79180338e+02  5.65204556e+02  2.24399624e+02
 -5.37155902e+02 -5.06186929e+02  4.18646922e+02 -5.77265338e+02
  5.08691811e+02  2.08693167e+02 -6.09951573e+01  4.14566618e+02
 -4.43762955e+02 -2.10747102e+02  3.97824263e+02  5.39614232e+02
 -3.34126147e+02  4.38834169e+02 -1.49735725e+02  1.99536517e+02
 -3.77769302e+02 -5.36353886e+02  4.62673132e+02  1.99878515e+02
  4.03216185e+02  7.19291064e+01  2.16552543e+02  5.27530393e+02
  3.82138482e+02  5.84820658e+02  3.94804678e+02 -5.76124928e+02
 -5.02098793e+02  5.98993121e+02  3.96465892e+02  4.21714570e+02
 -4.35068332e+02 -1.82735342e+02 -3.23188101e+02 -1.05546627e+02
  4.76302939e+02 -5.89376772e+02 -4.20189928e+02 -3.87654556e+02
 -5.29025984e+02 -5.37679440e+02  4.38095060e+01 -3.69536241e+02
  5.77171998e+02  5.57456523e+01  5.63429757e+02  8.60367972e+01
 -5.05023000e+02 -1.24796716e+02 -1.19371864e+02  5.49688953e+01
  1.01762203e+01  2.52469277e+02 -5.88297174e+02  5.76715721e+02
  6.86536495e+01 -4.94799213e+02  6.44807597e+01  2.19095337e+02
  3.79445353e+02 -2.44464442e+02 -4.28822126e+02 -1.23520443e+02
 -1.21048207e+01  4.39390718e+01  4.39430684e+01  2.85845339e+02
 -3.55254024e+02  1.98783168e+02 -5.86754713e+02  2.65764486e+02
  3.77037486e+02  8.28753890e+01 -4.22710366e+02  4.26769970e+02
 -4.34454664e+01  2.55778497e+02  2.57767172e+02 -2.37281331e+02
  5.94783443e+02  8.33334895e+01 -9.89851086e+01 -5.42746838e+02
 -3.91347148e+02 -2.20020095e+02  4.00696429e+02 -1.83384366e+02
  4.43491285e+02 -3.01908928e+01 -8.64290433e+01  2.04957628e+02
 -3.52807236e+02 -4.51350016e+02 -1.72322239e+02 -5.50520047e+02
  3.58439573e+02 -2.12494576e+02 -3.79527107e+02  1.37579973e+02
  1.82059128e+02 -9.56985726e+01 -2.34773212e+02  4.09123838e+02
 -2.00770046e+02 -1.54800538e+02  5.22178693e+02  4.61860336e+00
  3.22477674e+02 -5.03191697e+02 -5.65097887e+02 -8.11474543e+01
 -3.55828208e+02 -2.87846642e+02  3.11017247e+02  3.61847969e+02
 -4.56823043e+02 -5.14650720e+02 -4.02906223e+02 -1.07538414e+02
  1.71877807e+02  2.26492383e+02 -3.25647901e+02  1.65709419e+02
  3.76263321e+02 -4.62258748e+02 -1.86689428e+02  2.52104800e+02
  9.71222364e+01 -3.01769667e+02 -5.79671651e+02 -1.66603359e+02
  5.39201034e+02 -2.23838187e+02 -2.00047902e+02 -9.62366254e+01
  1.74608343e+02 -4.73890136e+02 -5.53348247e+02  3.79497250e+02
 -4.23211591e+02  2.07014083e+02  1.46760556e+02  2.89840771e+01
 -3.70454381e+02 -5.40068461e+02  2.66975547e+02 -2.50259485e+01
  4.44554429e+02 -1.13652035e+02 -5.99239909e+02 -2.64515721e+02
  8.30746658e+01 -1.20143690e+02  2.91277013e+02 -1.28009445e+02
  1.09332837e+02  4.84030185e+02  5.42960246e+02 -5.40637153e+02
  5.03567853e+02  2.89341641e+02  2.28981011e+02 -3.90299279e+02
 -2.17409408e+02 -3.58280878e+02 -3.75967984e+02 -5.35338879e+02
  3.67337111e+02  5.50744309e+02  3.57407195e+02 -2.74964148e+01
  4.31334883e+02  5.87116126e+01  5.64696488e+02  3.87814263e+01
 -9.40189933e+01  2.38843430e+02 -2.07295085e+02 -4.65217187e+02
  3.28269102e+02  5.02260603e+02  4.91755500e+02  4.58754231e+02
 -3.07003886e+02  5.63131340e+02 -5.49691694e+02  1.45937220e+01
  2.95189182e+02 -3.93106143e+02 -4.50914886e+02 -3.93304616e+02
 -4.60474539e+01  5.63835069e+01 -5.09407889e+02  2.14103493e+02
  4.82309373e+02  1.00423874e+02 -1.02545871e+02  5.10531250e+02
 -1.44624076e+02  3.87067829e+02  4.09738806e+01 -1.53708529e+02
 -5.63515113e+02  1.23628198e+02  4.95181152e+02 -5.26856741e+02
 -5.15970124e+02  1.75175166e+02  3.12546773e+02  5.48853178e+02
  5.21968293e+02  5.83663364e+02 -2.18995262e+01 -2.71178408e+02
 -5.02648401e+02 -4.33026485e+02 -4.03659837e+02  4.91748420e+02
 -5.87127806e+01 -8.63672526e+00 -5.97801222e+02  1.16532037e+02
  2.94736576e+02 -4.07440600e+02  8.59533904e+01 -3.31400292e+02
 -5.91637390e+02 -2.98125584e+02  3.02977421e+02  4.16564894e+02
 -4.19594521e+02  1.07011301e+02 -4.34144823e+02 -5.07098074e+02
 -1.64248203e+02  3.13586749e+02 -3.98108971e+02  4.00706915e+02
 -5.21089829e+02  3.13405783e+02 -1.32576510e+02  7.61865521e+00
 -8.22214456e+01  3.71113984e+02 -4.07266746e+02 -1.28160794e+02
 -8.86510967e+01  2.49892447e+02  5.17648037e+02  4.02334793e+02
 -7.48616135e+01 -1.62393060e+02 -3.20054704e+01 -3.07786032e+02
 -5.82700078e+02 -1.19238837e+02 -3.49038037e+02 -2.73070089e+02
 -3.10038443e+02  5.24069343e+02 -1.25018380e+02  3.61407079e+01
  1.65486143e+02 -2.27614363e+02 -5.00035296e+02 -5.49953423e+02
 -3.41578646e+02 -5.85265408e+02  3.25514671e+02 -4.77010104e+02
  4.76438942e+01  2.41175837e+02  3.84542317e+02  4.00826513e+02
  2.49818474e+02 -5.77453203e+02 -2.02542167e+02 -4.52245423e+02
 -2.51303025e+02  3.38094583e+02 -3.23356523e+01 -4.21139603e+02
  1.02765558e+02  2.90806560e+02 -1.30783409e+02 -5.17388646e+02
  5.47420865e+02 -2.63586854e+02  3.14155655e+02  2.19821862e+02
 -8.18951636e+01 -2.63386921e+02  4.79628840e+02  9.71316799e+01
  1.23583088e+02  4.78206549e+02 -4.53019599e+02  5.58867806e+02
 -1.35779047e+01 -5.84205403e+02 -4.92002824e+01  2.29170229e+02
 -4.99043959e+02 -1.92438980e+02  3.46460314e+01  3.23957013e+02
  4.58656083e+02 -3.59682383e+02 -4.72804801e+01 -7.09329267e+00
  1.36045878e+02 -2.29412559e+02  5.03077696e+02  4.00303058e+02
  1.52848933e+02  4.46308561e+02  4.35159548e+01  7.68768071e+01
  1.67911069e+02 -5.01808603e+01  7.66018561e+00 -5.44379481e+02
 -2.98541330e+02  1.39701684e+02  5.18851070e+02  5.37343860e+02
 -1.80274755e+02 -3.80693325e+02  2.08061960e+02 -5.70878016e+02
 -2.46003924e+02 -2.48052476e+02  3.70871930e+02  6.05688540e+01
  3.32407346e+02  2.62420205e+02 -2.47219607e+02  1.79364186e+02
 -4.36559939e+01  4.09666734e+02 -5.37731402e+02 -2.45204836e+02
  4.87761731e+02 -5.74931460e+02  4.93059125e+02 -3.07665236e+02
  2.75052020e+02 -6.06617089e+01 -3.05202710e+02  1.31020685e+02
  5.37839788e+02 -5.96638380e+02 -3.74226514e+02  4.02829848e+02
 -3.97542038e+02  2.18393397e+02 -3.19046453e+01 -3.19716226e+02
  1.78646116e+02 -5.77983685e+02  8.03333289e+01  5.04275247e+02
  3.90242377e+02  3.81975128e+02  3.87815397e+02  2.10749464e+02
  5.16331088e+01  1.25413446e+02  5.29472356e+02 -2.54633680e+02
 -3.70973387e+01  1.20552726e+02 -1.93648317e+02 -3.13489486e+01
 -1.05919431e+02  5.08088127e+02 -8.74923629e+01 -5.11621413e+02
 -4.44111953e+02 -5.87001493e+01  3.97981377e+01  2.10858168e+02
 -4.96746141e+02 -3.47486625e+02 -4.45246857e+02  3.57566115e+02
 -9.93169023e+01 -1.57661880e+02  5.60286651e+02  1.63700067e+02
 -1.67634542e+02 -2.01661938e+02  4.38512102e+02]
stepsize_vec:,[3.0000e-01 3.0000e-01 3.0000e-01 3.0000e-01 4.5000e-07 1.0000e-01
 2.0000e-01 2.0000e-02 2.0000e-02 2.0000e-02 1.0000e-01 1.0000e+00
 1.6001e+03 1.0000e+00 2.0000e-02 1.2000e+02 1.2000e+02 1.2000e+02
 1.2000e+02 1.2000e+02 1.2000e+02 1.2000e+02 1.2000e+02 1.2000e+02
 1.2000e+02 1.2000e+02 1.2000e+02 1.2000e+02 1.2000e+02 1.2000e+02
 1.2000e+02 1.2000e+02 1.2000e+02 1.2000e+02 1.2000e+02 1.2000e+02
 1.2000e+02 1.2000e+02 1.2000e+02 1.2000e+02 1.2000e+02 1.2000e+02
 1.2000e+02 1.2000e+02 1.2000e+02 1.2000e+02 1.2000e+02 1.2000e+02
 1.2000e+02 1.2000e+02 1.2000e+02 1.2000e+02 1.2000e+02 1.2000e+02
 1.2000e+02 1.2000e+02 1.2000e+02 1.2000e+02 1.2000e+02 1.2000e+02
 1.2000e+02 1.2000e+02 1.2000e+02 1.2000e+02 1.2000e+02 1.2000e+02
 1.2000e+02 1.2000e+02 1.2000e+02 1.2000e+02 1.2000e+02 1.2000e+02
 1.2000e+02 1.2000e+02 1.2000e+02 1.2000e+02 1.2000e+02 1.2000e+02
 1.2000e+02 1.2000e+02 1.2000e+02 1.2000e+02 1.2000e+02 1.2000e+02
 1.2000e+02 1.2000e+02 1.2000e+02 1.2000e+02 1.2000e+02 1.2000e+02
 1.2000e+02 1.2000e+02 1.2000e+02 1.2000e+02 1.2000e+02 1.2000e+02
 1.2000e+02 1.2000e+02 1.2000e+02 1.2000e+02 1.2000e+02 1.2000e+02
 1.2000e+02 1.2000e+02 1.2000e+02 1.2000e+02 1.2000e+02 1.2000e+02
 1.2000e+02 1.2000e+02 1.2000e+02 1.2000e+02 1.2000e+02 1.2000e+02
 1.2000e+02 1.2000e+02 1.2000e+02 1.2000e+02 1.2000e+02 1.2000e+02
 1.2000e+02 1.2000e+02 1.2000e+02 1.2000e+02 1.2000e+02 1.2000e+02
 1.2000e+02 1.2000e+02 1.2000e+02 1.2000e+02 1.2000e+02 1.2000e+02
 1.2000e+02 1.2000e+02 1.2000e+02 1.2000e+02 1.2000e+02 1.2000e+02
 1.2000e+02 1.2000e+02 1.2000e+02 1.2000e+02 1.2000e+02 1.2000e+02
 1.2000e+02 1.2000e+02 1.2000e+02 1.2000e+02 1.2000e+02 1.2000e+02
 1.2000e+02 1.2000e+02 1.2000e+02 1.2000e+02 1.2000e+02 1.2000e+02
 1.2000e+02 1.2000e+02 1.2000e+02 1.2000e+02 1.2000e+02 1.2000e+02
 1.2000e+02 1.2000e+02 1.2000e+02 1.2000e+02 1.2000e+02 1.2000e+02
 1.2000e+02 1.2000e+02 1.2000e+02 1.2000e+02 1.2000e+02 1.2000e+02
 1.2000e+02 1.2000e+02 1.2000e+02 1.2000e+02 1.2000e+02 1.2000e+02
 1.2000e+02 1.2000e+02 1.2000e+02 1.2000e+02 1.2000e+02 1.2000e+02
 1.2000e+02 1.2000e+02 1.2000e+02 1.2000e+02 1.2000e+02 1.2000e+02
 1.2000e+02 1.2000e+02 1.2000e+02 1.2000e+02 1.2000e+02 1.2000e+02
 1.2000e+02 1.2000e+02 1.2000e+02 1.2000e+02 1.2000e+02 1.2000e+02
 1.2000e+02 1.2000e+02 1.2000e+02 1.2000e+02 1.2000e+02 1.2000e+02
 1.2000e+02 1.2000e+02 1.2000e+02 1.2000e+02 1.2000e+02 1.2000e+02
 1.2000e+02 1.2000e+02 1.2000e+02 1.2000e+02 1.2000e+02 1.2000e+02
 1.2000e+02 1.2000e+02 1.2000e+02 1.2000e+02 1.2000e+02 1.2000e+02
 1.2000e+02 1.2000e+02 1.2000e+02 1.2000e+02 1.2000e+02 1.2000e+02
 1.2000e+02 1.2000e+02 1.2000e+02 1.2000e+02 1.2000e+02 1.2000e+02
 1.2000e+02 1.2000e+02 1.2000e+02 1.2000e+02 1.2000e+02 1.2000e+02
 1.2000e+02 1.2000e+02 1.2000e+02 1.2000e+02 1.2000e+02 1.2000e+02
 1.2000e+02 1.2000e+02 1.2000e+02 1.2000e+02 1.2000e+02 1.2000e+02
 1.2000e+02 1.2000e+02 1.2000e+02 1.2000e+02 1.2000e+02 1.2000e+02
 1.2000e+02 1.2000e+02 1.2000e+02 1.2000e+02 1.2000e+02 1.2000e+02
 1.2000e+02 1.2000e+02 1.2000e+02 1.2000e+02 1.2000e+02 1.2000e+02
 1.2000e+02 1.2000e+02 1.2000e+02 1.2000e+02 1.2000e+02 1.2000e+02
 1.2000e+02 1.2000e+02 1.2000e+02 1.2000e+02 1.2000e+02 1.2000e+02
 1.2000e+02 1.2000e+02 1.2000e+02 1.2000e+02 1.2000e+02 1.2000e+02
 1.2000e+02 1.2000e+02 1.2000e+02 1.2000e+02 1.2000e+02 1.2000e+02
 1.2000e+02 1.2000e+02 1.2000e+02 1.2000e+02 1.2000e+02 1.2000e+02
 1.2000e+02 1.2000e+02 1.2000e+02 1.2000e+02 1.2000e+02 1.2000e+02
 1.2000e+02 1.2000e+02 1.2000e+02 1.2000e+02 1.2000e+02 1.2000e+02
 1.2000e+02 1.2000e+02 1.2000e+02 1.2000e+02 1.2000e+02 1.2000e+02
 1.2000e+02 1.2000e+02 1.2000e+02 1.2000e+02 1.2000e+02 1.2000e+02
 1.2000e+02 1.2000e+02 1.2000e+02 1.2000e+02 1.2000e+02 1.2000e+02
 1.2000e+02 1.2000e+02 1.2000e+02 1.2000e+02 1.2000e+02 1.2000e+02
 1.2000e+02 1.2000e+02 1.2000e+02 1.2000e+02 1.2000e+02 1.2000e+02
 1.2000e+02 1.2000e+02 1.2000e+02 1.2000e+02 1.2000e+02 1.2000e+02
 1.2000e+02 1.2000e+02 1.2000e+02 1.2000e+02 1.2000e+02 1.2000e+02
 1.2000e+02 1.2000e+02 1.2000e+02 1.2000e+02 1.2000e+02 1.2000e+02
 1.2000e+02 1.2000e+02 1.2000e+02 1.2000e+02 1.2000e+02 1.2000e+02
 1.2000e+02 1.2000e+02 1.2000e+02 1.2000e+02 1.2000e+02 1.2000e+02
 1.2000e+02 1.2000e+02 1.2000e+02 1.2000e+02 1.2000e+02 1.2000e+02
 1.2000e+02 1.2000e+02 1.2000e+02 1.2000e+02 1.2000e+02 1.2000e+02
 1.2000e+02 1.2000e+02 1.2000e+02 1.2000e+02 1.2000e+02 1.2000e+02
 1.2000e+02 1.2000e+02 1.2000e+02 1.2000e+02 1.2000e+02 1.2000e+02
 1.2000e+02 1.2000e+02 1.2000e+02 1.2000e+02 1.2000e+02 1.2000e+02
 1.2000e+02 1.2000e+02 1.2000e+02 1.2000e+02 1.2000e+02 1.2000e+02
 1.2000e+02]
step_ratio_vec:,[0.1 0.1 0.1 0.1 0.1 0.1 0.1 0.1 0.1 0.1 0.1 0.1 0.1 0.1 0.1 0.1 0.1 0.1
 0.1 0.1 0.1 0.1 0.1 0.1 0.1 0.1 0.1 0.1 0.1 0.1 0.1 0.1 0.1 0.1 0.1 0.1
 0.1 0.1 0.1 0.1 0.1 0.1 0.1 0.1 0.1 0.1 0.1 0.1 0.1 0.1 0.1 0.1 0.1 0.1
 0.1 0.1 0.1 0.1 0.1 0.1 0.1 0.1 0.1 0.1 0.1 0.1 0.1 0.1 0.1 0.1 0.1 0.1
 0.1 0.1 0.1 0.1 0.1 0.1 0.1 0.1 0.1 0.1 0.1 0.1 0.1 0.1 0.1 0.1 0.1 0.1
 0.1 0.1 0.1 0.1 0.1 0.1 0.1 0.1 0.1 0.1 0.1 0.1 0.1 0.1 0.1 0.1 0.1 0.1
 0.1 0.1 0.1 0.1 0.1 0.1 0.1 0.1 0.1 0.1 0.1 0.1 0.1 0.1 0.1 0.1 0.1 0.1
 0.1 0.1 0.1 0.1 0.1 0.1 0.1 0.1 0.1 0.1 0.1 0.1 0.1 0.1 0.1 0.1 0.1 0.1
 0.1 0.1 0.1 0.1 0.1 0.1 0.1 0.1 0.1 0.1 0.1 0.1 0.1 0.1 0.1 0.1 0.1 0.1
 0.1 0.1 0.1 0.1 0.1 0.1 0.1 0.1 0.1 0.1 0.1 0.1 0.1 0.1 0.1 0.1 0.1 0.1
 0.1 0.1 0.1 0.1 0.1 0.1 0.1 0.1 0.1 0.1 0.1 0.1 0.1 0.1 0.1 0.1 0.1 0.1
 0.1 0.1 0.1 0.1 0.1 0.1 0.1 0.1 0.1 0.1 0.1 0.1 0.1 0.1 0.1 0.1 0.1 0.1
 0.1 0.1 0.1 0.1 0.1 0.1 0.1 0.1 0.1 0.1 0.1 0.1 0.1 0.1 0.1 0.1 0.1 0.1
 0.1 0.1 0.1 0.1 0.1 0.1 0.1 0.1 0.1 0.1 0.1 0.1 0.1 0.1 0.1 0.1 0.1 0.1
 0.1 0.1 0.1 0.1 0.1 0.1 0.1 0.1 0.1 0.1 0.1 0.1 0.1 0.1 0.1 0.1 0.1 0.1
 0.1 0.1 0.1 0.1 0.1 0.1 0.1 0.1 0.1 0.1 0.1 0.1 0.1 0.1 0.1 0.1 0.1 0.1
 0.1 0.1 0.1 0.1 0.1 0.1 0.1 0.1 0.1 0.1 0.1 0.1 0.1 0.1 0.1 0.1 0.1 0.1
 0.1 0.1 0.1 0.1 0.1 0.1 0.1 0.1 0.1 0.1 0.1 0.1 0.1 0.1 0.1 0.1 0.1 0.1
 0.1 0.1 0.1 0.1 0.1 0.1 0.1 0.1 0.1 0.1 0.1 0.1 0.1 0.1 0.1 0.1 0.1 0.1
 0.1 0.1 0.1 0.1 0.1 0.1 0.1 0.1 0.1 0.1 0.1 0.1 0.1 0.1 0.1 0.1 0.1 0.1
 0.1 0.1 0.1 0.1 0.1 0.1 0.1 0.1 0.1 0.1 0.1 0.1 0.1 0.1 0.1 0.1 0.1 0.1
 0.1 0.1 0.1 0.1 0.1 0.1 0.1 0.1 0.1 0.1 0.1 0.1 0.1 0.1 0.1 0.1 0.1 0.1
 0.1 0.1 0.1 0.1 0.1 0.1 0.1 0.1 0.1 0.1 0.1 0.1 0.1 0.1 0.1 0.1 0.1 0.1
 0.1]
swap interval:,100
sim interval:,[-1.1175e+08 -7.4500e+07 -3.7250e+07  0.0000e+00]
likelihood_sed (T/F):,True
erodep_coords:,[[ 0  3]
 [42 94]
 [42 95]
 ...
 [96 78]
 [96 79]
 [96 80]]
sed scaling factor:,1