-7459.81000 -14926.63000 -9409.63000 -11852.13000
-7468.60000 -14942.44000 -9391.12000 -11845.81000
-7472.95000 -14913.80000 -9408.65000 -11823.48000
-7475.74000 -14911.48000 -9388.86000 -11845.14000
-7465.48000 -14913.55000 -9406.30000 -11828.05000
-7468.80000 -14926.65000 -9400.90000 -11823.83000
-7450.39000 -14920.95000 -9408.85000 -11828.58000
-7462.85000 -14910.32000 -9389.28000 -11829.73000
-14916.12000 -14937.00000 -14883.58000 -14899.30000
-14908.00000 -14907.43000 -14887.60000 -14886.61000
-14917.42000 -14922.86000 -14903.14000 -14908.62000
-14914.97000 -14931.14000 -14887.09000 -14924.16000
-14913.77000 -14921.85000 -14892.82000 -14890.36000
-14909.97000 -14921.28000 -14888.43000 -14894.25000
-14887.94000 -14911.44000 -14888.02000 -14898.84000
-14869.67000 -14919.38000 -14890.03000 -14914.22000
-14873.97000 -14885.79000 -14895.39000 -14890.46000
-14912.28000 -14907.43000 -14889.36000 -14930.64000
-14894.62000 -14934.79000 -14888.42000 -14890.15000
-14896.29000 -14909.83000 -14894.35000 -14896.10000
-14877.33000 -14890.83000 -14886.14000 -14903.31000
-14901.26000 -14889.82000 -14898.41000 -14911.73000
-14879.64000 -14900.96000 -14897.85000 -14895.63000
-14902.25000 -14906.60000 -14878.17000 -14911.22000
