1.674238356354166735e+00
1.451833828020834494e+00
1.403630022500000907e+00
9.029653520833343938e-01
3.238437500000002399e-06
1.988990026041664583e-01
2.879331313541664272e-01
1.140116584374998299e-01
6.124451260416671067e-02
1.377355269791668280e-01
3.365540556249997928e-01
4.237700917916669141e+00
1.005764763329876041e+04
6.941158395208328891e+00
6.914261031250011624e-02
3.820689561938541488e+02
-1.270799315990625047e+02
-1.531527061801042748e+02
3.866672194469788337e+02
1.457865546238542436e+02
-2.984646382879167277e+02
-3.500731467305206479e+02
3.259240416612501576e+02
-3.804265183762500442e+02
2.592245125188542261e+02
2.621945995901044739e+02
4.018571488781250167e+01
3.238869213750002132e+02
-2.862846012921873466e+02
-1.451852379796874288e+02
2.541882192116665919e+02
3.958827507652089821e+02
-3.663182459185418907e+02
3.028801987845832286e+02
-1.519650871986458469e+02
1.254193327458332732e+02
-3.520294129870835036e+02
-3.069397812807288233e+02
3.232414818186454113e+02
9.920676234479193667e+00
2.449515014205207990e+02
6.148436912010425459e+01
2.372556402496877581e+02
3.556037893278123647e+02
2.023317402306249448e+02
3.815851768796874239e+02
3.927623678682291484e+02
-3.798593561466664710e+02
-3.938728491106245997e+02
4.058151529303121947e+02
2.462725676177085461e+02
3.190219081033334874e+02
-1.785273614691668342e+02
-1.571711446440624798e+02
-2.784272794466666596e+02
4.966018395520823248e+00
3.134017666051039441e+02
-3.645490420031249528e+02
-3.456575250178125316e+02
-2.578395732687502573e+02
-4.073618637931249395e+02
-2.783279405278126433e+02
1.114189723583331215e+01
-3.197726451354168375e+02
4.281526929861458370e+02
-5.767638953885418829e+01
3.828075883113537543e+02
1.643538763302083794e+01
-2.969053212920833289e+02
-2.135880049956251696e+02
-5.775987632520831738e+01
2.058549402833337538e+01
3.098156469812503033e+01
2.202142413057289616e+02
-3.629157196459374859e+02
4.464824963707285974e+02
8.154448776375004115e+01
-3.436215197202083687e+02
9.638208261979173130e+01
1.259743880736457555e+02
2.523988433914582004e+02
-2.112050354690626079e+02
-3.322318588373961461e+02
7.692820795885411655e+01
5.651121503645835986e+01
3.199722338791669074e+01
2.350548565104153997e+00
1.508384822629168411e+02
-3.443430476108329117e+02
2.214503992387501228e+02
-3.016261775321874552e+02
1.623042398164582494e+02
3.671962336067706474e+02
1.557709268797919151e+02
-3.532023075186456822e+02
3.432270642796876814e+02
-6.859237089968753764e+01
1.769181739875001824e+02
2.085687330959375743e+02
-1.455920983043749004e+02
3.955842053137495782e+02
7.236317830208360391e+00
-6.250732898489587797e+01
-3.545926744636460626e+02
-3.455423012122915338e+02
-2.197050343755207962e+02
3.661952523893750708e+02
-1.096219823262501336e+02
2.013981267555208490e+02
-8.769258299666670098e+01
-6.739608496385410774e+01
1.866640913101042827e+02
-3.184812332622915960e+02
-3.028789597730207106e+02
-1.075731526351042930e+02
-3.304702166464582547e+02
2.833720407544795421e+02
-1.253661941216667373e+02
-1.818583290233335390e+02
7.633398938395825439e+01
9.077817798843750552e+01
-1.211978068170833467e+02
-2.101462270754167605e+02
2.548404965640627609e+02
-2.701381439491667038e+02
-2.667437504166872420e-01
2.962435798654166774e+02
5.967482537604164605e+01
2.558209138380209424e+02
-3.803893375544793685e+02
-3.638467109742707635e+02
8.929125831249992018e+01
-2.703270128356249415e+02
-2.527906796959379108e+02
2.731764909120832385e+02
2.760533053961457313e+02
-3.242961382406253392e+02
-3.075347196679165904e+02
-1.465268769228125905e+02
-8.496690663260417864e+01
3.712891013499991999e+01
4.251548190979165298e+01
-2.791842257656252286e+02
1.671013718569792275e+02
3.185591333743751079e+02
-3.441967092996874840e+02
-1.474202845188542597e+02
2.200761301760415165e+02
5.705149341041672528e+01
-2.101944947425000976e+02
-3.720421201630203996e+02
-7.160021709770833809e+01
3.359791635645836436e+02
-1.807825996435414027e+02
-1.537523831679165767e+02
-9.134079458239584426e+01
1.452496535496874230e+02
-2.808525100857289658e+02
-3.549126345001043887e+02
2.531172646728125244e+02
-3.690518055723957218e+02
6.387670373864592221e+01
1.851755583603124933e+02
1.865132225248958946e+02
-2.982368798865622352e+02
-4.355699499906247070e+02
2.748918117921875250e+02
-8.983775596677078568e+01
2.534221063235418114e+02
-1.553372871958331700e+02
-4.478401285080206549e+02
-1.861352921555208013e+02
1.348882464697918238e+02
-1.294243748699999230e+02
2.166535042447916055e+02
-3.888297189947916621e+01
7.274209838604159017e+01
3.428665547362499524e+02
3.036621666003127871e+02
-3.277507635478128805e+02
3.638897150120833430e+02
1.339254999610416519e+02
2.682908733280204387e+02
-2.451621440097914899e+02
-2.253112926196872934e+02
-8.055206546666663314e+01
-1.875460526248956512e+02
-3.175716925293752979e+02
3.077839812058329585e+02
3.645195564773959518e+02
3.076547706489582765e+02
-3.839094785197914206e+01
2.608894422807293836e+02
-2.299630155937498088e+00
3.412184613033335836e+02
4.005448110729180833e+00
-1.530978695768750697e+02
2.025193087863542303e+02
-1.522826618544790733e+02
-2.903657538845832846e+02
2.740557229279167473e+02
3.854956820194790339e+02
3.818279179262497109e+02
3.561152809488539219e+02
-2.063521872798956736e+02
3.847504903434378321e+02
-3.060867315397917992e+02
1.165314287106249367e+02
2.586625202384374802e+02
-3.044511305672918411e+02
-3.626487014360416197e+02
-2.958582306875001109e+02
7.305954348020835987e+00
2.323524835781246978e+01
-2.683150401197913766e+02
2.229859332608333489e+02
3.037028363564584197e+02
1.487038972826042880e+02
-1.831057323861459736e+02
3.748366165432291837e+02
2.771576293239587230e+01
2.348316223845831985e+02
-1.112572178687499580e+01
-9.391153175520834395e+01
-4.529041254941672037e+02
1.175101942698957913e+02
3.172442650972913611e+02
-3.456443497518748131e+02
-3.480999654783333312e+02
1.227610000853124035e+02
1.809507402748957645e+02
2.744817473519792088e+02
3.935111204829161693e+02
3.737576452510419927e+02
-1.139132483193750005e+02
-1.500214489892707093e+02
-3.644436613465623509e+02
-3.224116685241663731e+02
-2.741236167366665200e+02
3.752036075144789606e+02
-5.823504298458333750e+01
-3.578077525666670056e+01
-4.297630183656252143e+02
1.192438177369791532e+02
8.434183785895841368e+01
-3.227489688723958920e+02
7.551737828979163680e+01
-1.818867581957291861e+02
-3.926146923763540144e+02
-9.042003715322910296e+01
8.579127185281247137e+01
1.759813530764583049e+02
-3.136925446782288418e+02
-3.731614613666667424e+01
-2.888570393780209997e+02
-3.244559958010419223e+02
-1.440421475910417826e+02
2.381954291730206990e+02
-3.125129029742710145e+02
3.224516158004165050e+02
-3.861301442878121293e+02
2.045341138737501012e+02
-1.003019432781248952e+02
1.331225347190624291e+02
-8.417356932249997215e+01
2.475990952394788565e+02
-3.074092034654167378e+02
7.692323152395851515e+00
-4.532869356739583822e+01
2.071127175569791632e+02
2.988763706135414964e+02
2.712515276915623872e+02
-1.785864803016667111e+02
-2.108099467860415928e+02
9.442895284375003584e+00
-2.799137363147916062e+02
-3.810462525069794424e+02
3.663288928031249725e+01
-2.624455584006248046e+02
-1.959583581568751072e+02
-4.515637583916667808e+01
3.191779006670835201e+02
-1.632234604372917204e+02
1.006875393563541223e+02
1.617718851469792014e+02
-1.568697358584375081e+02
-3.708554345154169027e+02
-3.737440140773960024e+02
-2.580989122836461434e+02
-3.574388815270836517e+02
1.497795667467708256e+02
-2.995357207792707754e+02
-1.253680127958334367e+01
2.344304331880203733e+02
1.986903289520832629e+02
2.670938911226042478e+02
2.050314257631250712e+02
-3.172684206620835425e+02
-1.877559349025000301e+02
-3.349157374190621113e+02
-1.073113192777083640e+02
2.834220969515626507e+02
-2.056394095625012852e+00
-2.600992743688542532e+02
1.929294706108333628e+02
1.313628031004166132e+02
-1.497238268997917885e+02
-3.785239430322919816e+02
2.783647247368748481e+02
-2.633085283569790249e+02
9.335722233843750928e+01
1.010426040707292259e+02
-3.362616188927083982e+01
-2.911229932328126893e+02
3.132547425774999397e+02
-3.995486439062501205e+01
1.999462334010417806e+02
2.491713535792708853e+02
-3.800064825767710204e+02
3.762479813769788848e+02
-3.722643844979165095e+01
-3.706786490748958727e+02
-4.851201525135422798e+01
2.272982618444791569e+02
-3.632272707377082384e+02
-1.968445800414583289e+02
-2.682126885864582633e+01
3.247798086702086948e+02
3.673472951617708873e+02
-3.280332317382294036e+02
-2.393068489739579263e+01
-2.255502576500003897e+01
9.688689691166668183e+01
-2.594443394854170606e+02
2.914538752848959007e+02
3.078499599907292463e+02
2.535639428770829795e+01
3.304420894844793679e+02
8.559746782812508670e+00
7.940053801885422047e+01
9.526771903656241136e+01
-8.650898105010423933e+01
1.199709231542707926e+02
-4.076704791935421213e+02
-2.909157742545833685e+02
1.052690911222918402e+02
2.992297038190627632e+02
3.108582621679163935e+02
-4.875945646020833379e+01
-3.224053142085417676e+02
1.574252323986458180e+02
-3.087720680116664767e+02
-8.767952734791667524e+01
-7.012743896312504432e+01
2.627256602985419818e+02
1.036727406457292773e+02
3.439615431247912625e+02
1.554356287301041277e+02
-9.052565000125002825e+01
7.710083612197924197e+01
6.882226282083311553e+00
3.066622135058332219e+02
-3.564026376958333344e+02
-2.286284775477081723e+02
4.213670198726046578e+02
-3.401922423190628137e+02
3.755702521445834350e+02
-2.420564149184377527e+02
1.268228283540622101e+02
-3.048067105906250163e+01
-1.376388661738542680e+02
-7.610898536562488381e+00
2.398973080543749745e+02
-4.014142442310415504e+02
-2.837088286710419425e+02
2.749152939904167852e+02
-3.118780863695832863e+02
9.480409837083350055e+01
4.374435004375031077e+00
-1.494254200296874444e+02
1.732693647970834547e+02
-3.707226067903124545e+02
5.993683851031253340e+01
3.011332720527087190e+02
2.397170094580209252e+02
2.085026475505205781e+02
3.015950393884373284e+02
2.400012671078125948e+02
1.115394046192707265e+02
-3.190980768666670997e+01
3.741800267072920292e+02
-2.909248634575000096e+02
-1.076235148843749130e+02
2.147457955077083795e+02
-1.281214766151041999e+02
-2.676316241770841042e+00
-4.541052718697909540e+01
2.969516318337500138e+02
-4.335757781927077303e+01
-3.040499432693753192e+02
-3.521170840100000419e+02
6.541698215624993651e+00
-1.387713649406257410e+01
1.544625872694792008e+02
-3.394304491232290957e+02
-2.129934335268748100e+02
-3.475450494912499266e+02
2.832577317733336599e+02
-1.117752689753123292e+02
-1.775675843420833644e+02
3.580863897629169514e+02
1.417436693188542165e+02
-1.612093805308331582e+02
-1.214046417981248993e+02
3.958838198006250764e+02
