9.311408055133784112e-01
7.822961290993206696e-01
7.734890954629833892e-01
5.987914070333216765e-01
1.838462518952656726e-06
1.223059635219222591e-01
2.914795136213985671e-01
6.263972642468645935e-02
4.134227956574246243e-02
7.588881654710101510e-02
2.590677772482413155e-01
2.273952983045915310e+00
5.419154026741594862e+03
3.612242745957471524e+00
4.186050275578246521e-02
2.003603577332667385e+02
1.200794754929058428e+02
1.319315897184903008e+02
2.115814180090654872e+02
9.680128273339984446e+01
1.945001566188780657e+02
2.093693871812143072e+02
1.868605934872234400e+02
2.166091193812159190e+02
2.354593398402232651e+02
1.918478438523336536e+02
2.161227413108556732e+02
1.884741361107945181e+02
1.896136594078392932e+02
1.409684510942681754e+02
1.623918111792793013e+02
2.118370231532670687e+02
2.097902275285065912e+02
1.715713014935006413e+02
1.099708870598799422e+02
9.563435081667824988e+01
1.998085020494627884e+02
2.004907352022696045e+02
1.846590086700169309e+02
2.590088635991903629e+02
1.614704842019191062e+02
1.602774852204741478e+02
1.344591522192168611e+02
1.926425854879287840e+02
1.785798692746147651e+02
2.095505010882086196e+02
2.199419884930845797e+02
2.145479905955988613e+02
2.207776823317093147e+02
2.177322998801231790e+02
2.307044913340719177e+02
1.982093071096588801e+02
2.484367182367595035e+02
1.739339733296793611e+02
1.728015718782043848e+02
1.223293891090757057e+02
1.861212828257452543e+02
2.230636506262628131e+02
2.356011894343174617e+02
1.897818243706838928e+02
2.206091620869783583e+02
2.560341038020333713e+02
2.022669193339242497e+02
1.879132103543014125e+02
2.223698928569633324e+02
1.242499207882440402e+02
2.073020392969536374e+02
1.050520255012851862e+02
2.018713354499793979e+02
2.109602976722143239e+02
1.263982123007883729e+02
2.137062236472394829e+02
1.688857000960175299e+02
1.713012178415432345e+02
2.332997524343207374e+02
2.297708610803393867e+02
2.321265348990849304e+02
2.087059249861830494e+02
7.750847369935344489e+01
1.571840769121264714e+02
1.567518708161417749e+02
2.937822940057348546e+02
1.988950124490404221e+02
1.859468601975620459e+02
1.977755981307748527e+02
1.029207027027495798e+02
2.076836489944773234e+02
1.794364155133495728e+02
2.035841845130684931e+02
1.387663841043559216e+02
1.973552850559590297e+02
1.210756604328659449e+02
2.035827590828667439e+02
1.009422675618923932e+02
2.065686369498195347e+02
2.034699653381659061e+02
1.410910822081592073e+02
1.812432557133595310e+02
1.212474758916601871e+02
1.517604715822246533e+02
2.128466358203284017e+02
1.311423104815079341e+02
2.019299316099992438e+02
2.328168082447820666e+02
2.269368873756471316e+02
1.264499582774641055e+02
2.183761644513435840e+02
8.899230519199153377e+01
2.174233742768681736e+02
1.913741939883529710e+02
1.262433295216190032e+02
1.704867317371079025e+02
1.837220180383035881e+02
1.691055657483718164e+02
2.217205620801943269e+02
1.790189199485892289e+02
1.785171689373942172e+02
7.941562244785134794e+01
1.555017710845552585e+02
1.344359599653553232e+02
1.286891468330847488e+02
2.106178398083091281e+02
1.744525544303450886e+02
1.532901853057441599e+02
2.142193052401408977e+02
1.120236120194502831e+02
2.077019952157660612e+02
1.409968763621475034e+02
1.875315612702811450e+02
2.138039885594627094e+02
1.992183235459997093e+02
1.217985959241571550e+02
2.059420091631037337e+02
1.942419345242672932e+02
1.870707087404224751e+02
1.734322919469995270e+02
2.087222021194378101e+02
1.941692087393959696e+02
2.262779728024593737e+02
2.303777842671721316e+02
1.206829993570102317e+02
7.771010149590647131e+01
1.590147742597846161e+02
1.329201038875232825e+02
1.830481527684637229e+02
1.847741090639670745e+02
1.436266294946101709e+02
1.390095183276421551e+02
1.789372707243852574e+02
1.793609861884140741e+02
2.042441775771690118e+02
2.178586619475815382e+02
1.927103697178909840e+02
1.606812997629287452e+02
1.869625279542040062e+02
1.480161440972138962e+02
1.078389956890294030e+02
1.839019569040897579e+02
2.287447580156358811e+02
1.534849212495852271e+02
2.059770292030052872e+02
1.555570022729528716e+02
1.958488045862408171e+02
2.012477561486803381e+02
2.722826418185445618e+02
2.303101083758231482e+02
1.668524438525866174e+02
1.353061862716701000e+02
2.034650270119990978e+02
1.882436407946325119e+02
2.315802936263744130e+02
1.355290441301481508e+02
1.516561660226559241e+02
1.765127324167510210e+02
1.652911497123639890e+02
1.306733633070611802e+02
1.478012902164612683e+02
1.895986325303861406e+02
2.408467996360765824e+02
2.081106151706337926e+02
2.152319075410608207e+02
2.537722803296298366e+02
1.660344167304131702e+02
1.742116770239211689e+02
1.550673644779355129e+02
2.173717105087750667e+02
1.608533341295284345e+02
1.958406288269556796e+02
2.109908720452445436e+02
2.045929920875399262e+02
1.949641582427111928e+02
2.173392355994539571e+02
2.039027735368021865e+02
1.258100625982710028e+02
2.197281679728965855e+02
1.620259089760302231e+02
1.779111857740870732e+02
1.299366263109799036e+02
1.446928666721161107e+02
2.376202568300082589e+02
1.642528294216003246e+02
2.153453545008909202e+02
2.087599245099015945e+02
1.958527001135990986e+02
1.575702822567742771e+02
2.115051169092894838e+02
1.939853556830961452e+02
2.049406699420746918e+02
2.041582256794627313e+02
1.804052894660034099e+02
2.389769460621469364e+02
1.939781145559509525e+02
1.479726209162893440e+02
1.302621581509625059e+02
2.096039029099710262e+02
1.988269226182446232e+02
2.460306613724009139e+02
1.950431144814518234e+02
2.375277391477607409e+02
2.026445159699481451e+02
1.298914425635592522e+02
1.454848836381726471e+02
1.837371689824047110e+02
1.026571822215183261e+02
2.328854243064611182e+02
2.123084199275251081e+02
1.765569760585617587e+02
2.063548733411695366e+02
2.052855570266672771e+02
1.500570478933319407e+02
2.162359934292532273e+02
2.021553642000143896e+02
2.095628138773576552e+02
2.176799874312560519e+02
1.204788724326243283e+02
9.604712481165555005e+01
2.029984767163224149e+02
1.998140295040196008e+02
2.069897461056910970e+02
2.170624261054167334e+02
5.097127502931425624e+01
1.041946477027289291e+02
2.245838272285512858e+02
2.394534778434667999e+02
2.478838539927882607e+02
2.098944496785468914e+02
1.219065053349029313e+02
1.606382161287245651e+02
2.169042282734698404e+02
1.577935069836168225e+02
1.157765958648702593e+02
3.071349245128459984e+02
1.715236625746444759e+02
1.177156174312872565e+02
1.635202710718511412e+02
2.057857536543175172e+02
2.473343681532180369e+02
2.111594167979318968e+02
1.938483387169676746e+02
1.766604015077210761e+02
2.125955082878239182e+02
1.747740548804408434e+02
1.757412071744493005e+02
1.572134503244453754e+02
1.145171158845176507e+02
1.369357565736780771e+02
2.402641959582444713e+02
2.160657680811503099e+02
1.721445595530025514e+02
2.001523737616254550e+02
1.734513779195885945e+02
1.722695997848756804e+02
1.647070097698692450e+02
1.550848782152190779e+02
9.714276082324980166e+01
1.929999748812038547e+02
2.057153944574801869e+02
1.531349513517597813e+02
1.552693141402239689e+02
1.620915851396799781e+02
1.397716934183853539e+02
2.107741984846901460e+02
2.102154750705664696e+02
1.943693992716966363e+02
1.644167473708958482e+02
1.428681870818951438e+02
2.037637961422790909e+02
2.458541797670849860e+02
1.967110872818059306e+02
2.036502202311722840e+02
1.931745159646696095e+02
1.751147980499900427e+02
1.218734836860361099e+02
1.563037226790059719e+02
3.698893249432520065e+02
1.783587970753097522e+02
1.567131571648233717e+02
2.286118957232947935e+02
1.880156818942318182e+02
2.024654336268314694e+02
1.271928413931061641e+02
1.825988741472059189e+02
1.786743566905104501e+02
1.652862669128741686e+02
2.107390191441662353e+02
1.134921085887365138e+02
1.348413349580638680e+02
1.984026268487969560e+02
2.941091951285691835e+02
2.139638610367431113e+02
1.941620257944885282e+02
1.523363013447404342e+02
1.783673697506469580e+02
1.865876283613470719e+02
2.035775176576241279e+02
1.277357792047681073e+02
1.517340415715240454e+02
2.047111540193657504e+02
2.111496021277708621e+02
2.116737788933048421e+02
2.962572857590482158e+02
2.052756099180332399e+02
1.009794294348312178e+02
1.588203491676708836e+02
2.018363261515930276e+02
1.494317044566180925e+02
1.032148984620577892e+02
2.106908158150141901e+02
2.024489248086374573e+02
1.919190756151797927e+02
1.094137374367111590e+02
2.177749592548848057e+02
1.823730007822410357e+02
1.601152518100644500e+02
2.204285495281212377e+02
1.966778992231350571e+02
1.639691321716337882e+02
2.227413719233906306e+02
1.516265726496165200e+02
1.717098053639420243e+02
1.644228602873301099e+02
7.719629271495098521e+01
1.423227064449854140e+02
2.170852103447135164e+02
1.694026931749268385e+02
1.386522373375296979e+02
1.880676875115442215e+02
1.927584837819345296e+02
1.582891624767948144e+02
2.016545323874375413e+02
2.444782605217375533e+02
2.063239128876437860e+02
3.245655948786867384e+02
1.559963757849655224e+02
2.017372382896193983e+02
1.734357081784029901e+02
2.002993119245866467e+02
2.735781554175291603e+02
1.885851314106000416e+02
1.177314911562570501e+02
1.228175288856285903e+02
2.224114819063031234e+02
1.940215366421523129e+02
2.113765379135295177e+02
2.241410199711091877e+02
1.962948921350416924e+02
2.259265902544407538e+02
2.017743596549369727e+02
1.210590943521907121e+02
1.153390540572820697e+02
2.163398940698524484e+02
1.237663875025166504e+02
2.055917753421617533e+02
2.336089408673540220e+02
2.318750919914716633e+02
1.773457236379259143e+02
1.706749936659925311e+02
1.892744949099178484e+02
2.412657342730730079e+02
1.761576801674458181e+02
1.583928681940211334e+02
2.374676144303113290e+02
2.399353095585688607e+02
2.195600826004594239e+02
2.207185141334018397e+02
1.658632465158474076e+02
1.839353188343147565e+02
1.792299345675347411e+02
2.446504450986223560e+02
1.249945809970611066e+02
1.991676686770512390e+02
1.775669923519890006e+02
1.452457392359930850e+02
1.472294987965495352e+02
1.822427887847825900e+02
2.401943107742974064e+02
2.113496840359620705e+02
1.660217257800497350e+02
1.162355942568396472e+02
2.370041744541508422e+02
2.026130083932206674e+02
2.930285136430082957e+02
1.799531271224087732e+02
1.220496011181842562e+02
1.848952602920616073e+02
1.925524544992124163e+02
2.136510050694853078e+02
2.050557525645566841e+02
1.405188633714537048e+02
1.709499131655980193e+02
2.300556684341435130e+02
1.527313780383427400e+02
1.950701766061365845e+02
9.688591990879424998e+01
2.094866361217594317e+02
