-23740.08
-23606.67
-23679.66
-23730.81
-23636.37
-23678.70
-23810.95
-23643.68
-23684.45
-23640.53
-23722.20
-23684.01
-23554.39
-23634.70
-23645.82
-23569.27
-23578.82
-23619.06
-23607.16
-23574.89
-23578.87
-23610.49
-23572.86
-23623.43
-23552.59
-23593.82
-23481.79
-23608.44
-23520.19
-23617.03
-23573.32
-23545.20
-23565.36
-23547.05
-23532.55
-23566.65
-23496.56
-23490.37
-23574.43
-23569.50
-23624.99
-23621.81
-23590.19
-23409.61
-23545.48
-23554.28
-23568.53
-23517.00
-23509.42
-23568.08
-23491.39
