-16102.59
-16084.57
-15935.41
-15980.34
-15994.67
-16001.23
-16020.29
-16000.73
-15948.54
-16006.44
-16069.69
-15902.09
-15931.59
-15956.71
-15989.22
-15990.50
-15942.58
-15927.52
-15963.91
-15986.42
-15942.81
-15934.33
-15893.53
-15940.93
-16014.11
-15986.08
-15970.78
-16043.53
-15964.99
-16005.62
-15894.50
-15876.24
-15931.09
-15898.17
-15923.17
-15905.93
-16021.38
-15877.14
-15841.01
-15898.34
-15971.26
-15829.22
-15869.51
-15867.03
-15889.39
-15881.03
-15896.77
-15851.98
-15835.31
-15853.67
-15869.47
-15891.45
-15806.07
