-17742.37
-17734.80
-17674.27
-17765.80
-17659.48
-17691.11
-17693.67
-17669.83
-17674.95
-17625.15
-17633.04
-17623.26
-17612.96
-17583.83
-17588.39
-17596.43
-17560.95
-17576.29
-17577.08
-17591.48
-17592.32
-17617.29
-17586.93
-17581.97
-17589.29
-17584.48
-17597.32
-17619.09
-17579.04
-17578.24
-17553.70
-17579.89
-17532.28
-17640.61
-17677.41
-17631.02
-17632.64
-17617.59
-17535.92
-17655.74
-17553.11
-17550.04
-17615.87
-17672.87
-17519.22
-17641.35
-17493.45
-17557.04
-17562.21
-17552.36
-17569.13
