-19553.02
-19595.31
-19519.80
-19508.21
-19525.52
-19497.76
-19526.38
-19575.44
-19547.60
-19585.61
-19619.72
-19471.44
-19519.05
-19383.19
-19380.13
-19454.47
-19374.94
-19438.70
-19440.73
-19463.60
-19574.78
-19408.63
-19491.69
-19406.24
-19504.68
-19373.43
-19348.29
-19338.81
-19328.88
-19335.78
-19361.97
-19361.43
-19352.33
-19352.73
-19314.88
-19420.14
-19315.50
-19267.32
-19281.06
-19295.31
-19342.77
-19279.05
-19302.99
-19339.02
-19370.57
-19307.40
-19339.65
-19266.44
-19389.54
-19336.62
-19422.73
-19317.11
-19350.99
