-21521.30
-21589.35
-21525.71
-21550.94
-21558.91
-21567.17
-21528.54
-21541.52
-21585.98
-21644.79
-21650.56
-21543.18
-21632.99
-21595.45
-21545.33
-21576.99
-21469.09
-21562.82
-21505.70
-21510.76
-21581.57
-21607.39
-21527.06
-21609.02
-21521.87
-21557.48
-21618.57
-21490.26
-21420.04
-21383.01
-21397.93
-21409.26
-21464.86
-21467.51
-21438.36
-21511.28
-21459.60
-21488.14
-21464.49
-21380.14
-21328.77
-21415.73
-21387.52
-21440.82
-21439.70
-21389.49
-21429.62
-21427.51
-21569.58
-21320.73
