-26217.21
-26345.77
-26315.59
-26323.16
-26180.17
-26156.64
-26061.53
-26074.33
-26185.14
-26060.43
-26017.78
-26055.69
-26119.51
-25964.29
-25956.76
-26006.61
-25995.36
-26075.91
-26092.02
-26076.57
-26073.84
-26018.20
-26049.16
-26050.86
-26127.42
-26015.91
-26068.64
-26046.85
-26023.57
-26066.05
-26064.50
-26005.13
-26094.12
-26194.04
-26051.04
-26021.35
-26062.45
-26048.07
-26048.71
-26170.43
-26061.08
-26020.22
-26058.78
-26234.61
-25970.58
-25940.34
-26009.35
-26017.15
-26176.10
-25940.46
-26020.80
-25934.53
