[1.6e+00 1.6e+00 0.0e+00 1.5e+00 1.0e-06 5.0e-01 1.0e+00 5.0e-03 1.0e-03
 1.0e-03 5.0e-01 5.0e+00 2.4e+04 5.0e+00 1.0e-02]	1060.7099082881625
[1.6e+00 1.6e+00 4.0e-01 1.5e+00 1.0e-06 5.0e-01 1.0e+00 5.0e-03 1.0e-03
 1.0e-03 5.0e-01 5.0e+00 2.4e+04 5.0e+00 1.0e-02]	1060.7099082882498
[1.6e+00 1.6e+00 8.0e-01 1.5e+00 1.0e-06 5.0e-01 1.0e+00 5.0e-03 1.0e-03
 1.0e-03 5.0e-01 5.0e+00 2.4e+04 5.0e+00 1.0e-02]	1060.7099082881666
[1.6e+00 1.6e+00 1.2e+00 1.5e+00 1.0e-06 5.0e-01 1.0e+00 5.0e-03 1.0e-03
 1.0e-03 5.0e-01 5.0e+00 2.4e+04 5.0e+00 1.0e-02]	1060.7099082882498
[1.6e+00 1.6e+00 1.6e+00 1.5e+00 1.0e-06 5.0e-01 1.0e+00 5.0e-03 1.0e-03
 1.0e-03 5.0e-01 5.0e+00 2.4e+04 5.0e+00 1.0e-02]	1060.709908288219
