438.40
438.40
438.40
438.40
438.40
438.40
438.40
438.40
438.40
438.40
438.40
438.40
438.40
438.40
438.40
438.40
430.50
430.50
430.50
430.50
430.50
430.50
430.50
430.50
430.50
430.50
430.50
430.50
423.20
417.77
417.77
417.77
417.77
417.77
417.77
417.77
417.77
417.77
417.77
417.35
409.94
409.94
409.94
409.94
409.94
409.94
409.94
409.94
409.94
408.80
408.80
408.80
408.80
408.80
407.24
407.24
401.12
401.12
401.12
401.12
401.12
401.12
401.12
401.12
401.12
401.12
401.12
401.12
401.12
401.12
401.12
401.12
399.14
399.14
399.14
399.14
399.14
399.14
399.14
399.14
388.98
388.98
388.98
388.98
388.98
388.98
388.98
388.98
388.98
388.98
388.98
388.98
388.98
388.98
388.98
388.98
388.98
388.98
388.98
388.98
388.98
388.98
388.98
388.98
388.98
388.98
388.98
388.98
388.98
388.98
388.98
388.98
388.98
388.98
388.98
388.98
388.98
388.98
388.98
388.98
388.98
388.98
388.98
388.98
388.98
388.98
