448.76
448.76
443.06
441.09
441.09
439.32
439.32
439.32
439.32
439.32
439.32
434.89
434.89
420.37
419.87
419.87
419.03
419.03
419.03
419.03
419.03
419.03
419.03
419.03
419.03
418.79
414.76
413.25
411.67
411.67
411.67
411.67
411.67
411.67
409.46
409.46
409.56
402.03
402.03
402.03
402.03
402.03
402.03
402.03
402.03
402.03
402.03
401.89
401.89
401.89
401.89
401.89
401.89
401.89
401.89
401.89
401.89
401.89
401.89
401.89
401.89
401.89
401.89
401.89
401.89
401.89
401.89
401.89
401.89
401.89
401.89
401.89
401.89
401.89
401.89
401.89
401.89
401.89
401.89
401.89
401.89
401.89
401.89
401.89
401.89
401.89
401.89
401.89
401.89
401.89
401.89
401.89
401.89
401.89
401.89
401.89
401.89
401.89
401.89
401.89
401.89
401.89
401.89
401.89
401.89
401.89
401.89
401.89
401.89
401.89
401.89
401.89
401.89
401.89
401.89
401.89
401.89
401.89
401.89
401.89
401.89
401.89
401.89
401.89
401.89
401.89
401.89
401.89
