441.20
436.22
426.55
426.55
423.10
423.10
423.10
423.10
423.10
423.10
423.10
423.10
423.10
423.10
423.10
423.10
423.10
423.10
423.10
422.14
422.14
416.55
417.33
417.33
417.33
417.33
417.33
417.33
416.65
416.65
416.65
413.97
413.97
413.97
413.97
413.97
413.97
413.97
413.97
413.97
413.97
413.97
413.07
413.07
413.07
413.07
413.07
413.07
413.07
413.07
413.07
413.07
413.07
413.07
413.07
413.07
413.07
413.07
413.07
413.07
413.07
413.07
413.07
413.07
413.07
413.07
413.07
413.07
413.07
413.07
413.07
408.68
408.68
408.68
408.68
408.68
408.68
408.68
408.68
408.68
408.68
408.68
408.68
408.68
408.68
408.68
408.68
408.68
408.68
408.68
408.68
408.68
408.68
408.68
408.68
408.68
408.68
408.68
408.68
408.68
408.68
408.68
400.79
400.79
400.79
400.79
400.79
400.79
400.79
400.79
400.79
400.79
400.79
400.79
400.79
400.79
400.79
400.79
400.79
400.79
400.79
400.79
400.79
400.79
