462.13
458.24
427.26
427.26
427.26
427.26
427.26
427.26
427.26
427.26
427.26
420.64
420.64
420.64
420.64
420.64
420.64
420.64
420.64
420.64
420.64
420.64
418.95
418.95
418.95
418.95
418.95
418.95
418.95
418.95
419.14
415.57
415.57
415.57
415.57
415.57
415.57
415.57
408.75
408.75
408.75
406.50
406.50
406.50
406.50
406.50
406.50
406.50
406.50
406.50
406.50
406.50
402.11
402.11
402.11
402.11
402.11
402.11
402.11
402.11
402.11
402.11
402.11
402.11
402.11
402.11
402.11
402.11
402.11
402.11
402.11
402.11
402.11
402.11
402.11
402.11
402.11
402.11
402.11
402.11
402.11
397.76
397.76
397.76
397.76
397.76
397.76
397.76
397.76
397.76
397.76
397.76
397.76
397.76
397.76
397.76
397.76
397.76
397.76
397.76
397.76
397.76
397.76
397.76
397.76
397.76
397.76
397.76
397.76
397.76
397.76
397.76
397.76
397.76
397.76
397.76
397.76
397.76
397.76
397.76
397.76
397.76
397.76
397.76
397.76
397.76
397.76
397.76
