435.46
417.49
417.49
417.49
417.49
417.49
417.49
417.49
417.49
417.49
417.49
417.49
410.66
410.66
410.66
410.66
410.66
410.66
410.66
410.66
410.66
410.66
410.66
410.66
410.43
410.43
401.35
401.35
401.35
401.35
401.35
401.35
401.35
401.35
401.35
401.35
401.35
401.35
401.35
401.35
401.35
401.35
401.35
392.31
392.31
392.31
392.31
392.31
392.31
392.31
392.31
392.31
392.31
392.31
392.31
392.31
392.31
392.31
392.31
392.31
392.31
392.31
392.31
392.31
387.19
387.19
387.19
387.19
387.19
387.19
387.19
387.19
387.19
387.07
387.07
387.07
387.07
387.07
387.07
387.07
387.07
387.07
387.07
387.07
387.07
387.07
387.03
387.03
387.03
387.03
387.03
387.03
387.03
387.03
387.03
387.03
387.03
387.03
387.03
387.03
387.03
387.03
385.07
385.07
385.07
385.07
385.07
385.07
385.07
385.07
385.07
385.07
385.07
380.20
380.20
380.20
380.20
380.20
380.20
380.20
380.20
380.20
380.20
380.20
380.20
380.20
380.20
