0.00 1.00 -10479.43 -10479.43 470.68 2939.72
1.00 1.00 -10479.43 -10732.29 470.68 2939.72
2.00 1.00 -10479.43 -10585.50 470.68 2939.72
3.00 1.00 -10479.43 -10512.35 470.68 2939.72
4.00 1.00 -10479.43 -10508.11 470.68 2939.72
5.00 1.00 -10479.43 -10589.98 470.68 2939.72
6.00 1.00 -10479.43 -10549.49 470.68 2939.72
7.00 1.00 -10479.43 -10526.83 470.68 2939.72
8.00 1.00 -10479.43 -10494.04 470.68 2939.72
9.00 1.00 -10479.43 -10615.42 470.68 2939.72
10.00 1.00 -10479.43 -10568.12 470.68 2939.72
11.00 1.00 -10479.43 -10652.45 470.68 2939.72
12.00 2.00 -10458.94 -10458.94 473.39 2923.34
13.00 2.00 -10458.94 -10688.89 473.39 2923.34
14.00 2.00 -10458.94 -10619.23 473.39 2923.34
15.00 2.00 -10458.94 -10651.42 473.39 2923.34
16.00 2.00 -10458.94 -10735.72 473.39 2923.34
17.00 3.00 -10438.66 -10438.66 470.88 2913.78
18.00 3.00 -10438.66 -10480.04 470.88 2913.78
19.00 3.00 -10438.66 -10511.21 470.88 2913.78
20.00 3.00 -10438.66 -10530.40 470.88 2913.78
21.00 3.00 -10438.66 -10618.82 470.88 2913.78
22.00 3.00 -10438.66 -10518.86 470.88 2913.78
23.00 3.00 -10438.66 -10510.06 470.88 2913.78
24.00 3.00 -10438.66 -10599.73 470.88 2913.78
25.00 3.00 -10438.66 -10662.85 470.88 2913.78
26.00 3.00 -10438.66 -10592.16 470.88 2913.78
27.00 3.00 -10438.66 -10464.29 470.88 2913.78
28.00 3.00 -10438.66 -10514.31 470.88 2913.78
29.00 3.00 -10438.66 -10540.22 470.88 2913.78
30.00 3.00 -10438.66 -10466.57 470.88 2913.78
31.00 3.00 -10438.66 -10457.49 470.88 2913.78
32.00 3.00 -10438.66 -10620.42 470.88 2913.78
33.00 3.00 -10438.66 -10588.51 470.88 2913.78
34.00 3.00 -10438.66 -10485.62 470.88 2913.78
35.00 3.00 -10438.66 -10526.81 470.88 2913.78
36.00 3.00 -10438.66 -10616.87 470.88 2913.78
37.00 3.00 -10438.66 -10478.90 470.88 2913.78
38.00 3.00 -10438.66 -10530.18 470.88 2913.78
39.00 3.00 -10438.66 -10540.85 470.88 2913.78
40.00 3.00 -10438.66 -10554.59 470.88 2913.78
41.00 3.00 -10438.66 -10587.34 470.88 2913.78
42.00 3.00 -10438.66 -10595.56 470.88 2913.78
43.00 3.00 -10438.66 -10602.51 470.88 2913.78
44.00 3.00 -10438.66 -10673.14 470.88 2913.78
45.00 3.00 -10438.66 -10831.25 470.88 2913.78
46.00 4.00 -10412.57 -10412.57 464.82 2914.24
47.00 4.00 -10412.57 -10570.40 464.82 2914.24
48.00 4.00 -10412.57 -10590.81 464.82 2914.24
49.00 4.00 -10412.57 -10488.85 464.82 2914.24
50.00 4.00 -10412.57 -10502.26 464.82 2914.24
51.00 4.00 -10412.57 -10512.52 464.82 2914.24
52.00 4.00 -10412.57 -10553.30 464.82 2914.24
53.00 4.00 -10412.57 -10532.93 464.82 2914.24
54.00 4.00 -10412.57 -10505.74 464.82 2914.24
55.00 4.00 -10412.57 -10477.94 464.82 2914.24
56.00 4.00 -10412.57 -10570.18 464.82 2914.24
57.00 4.00 -10412.57 -10605.19 464.82 2914.24
58.00 4.00 -10412.57 -10488.77 464.82 2914.24
59.00 5.00 -10406.62 -10406.62 478.62 2897.94
60.00 5.00 -10406.62 -10437.39 478.62 2897.94
61.00 6.00 -10407.74 -10407.74 474.99 2927.00
62.00 6.00 -10407.74 -10529.20 474.99 2927.00
63.00 6.00 -10407.74 -10514.98 474.99 2927.00
64.00 6.00 -10407.74 -10585.97 474.99 2927.00
65.00 6.00 -10407.74 -10494.26 474.99 2927.00
66.00 6.00 -10407.74 -10490.54 474.99 2927.00
67.00 6.00 -10407.74 -10470.38 474.99 2927.00
68.00 6.00 -10407.74 -10496.01 474.99 2927.00
69.00 6.00 -10407.74 -10503.41 474.99 2927.00
70.00 6.00 -10407.74 -10507.71 474.99 2927.00
71.00 6.00 -10407.74 -10513.36 474.99 2927.00
72.00 6.00 -10407.74 -10622.13 474.99 2927.00
73.00 6.00 -10407.74 -10462.16 474.99 2927.00
74.00 6.00 -10407.74 -10542.88 474.99 2927.00
75.00 6.00 -10407.74 -10599.59 474.99 2927.00
76.00 6.00 -10407.74 -10578.01 474.99 2927.00
77.00 6.00 -10407.74 -10496.62 474.99 2927.00
78.00 6.00 -10407.74 -10474.47 474.99 2927.00
79.00 6.00 -10407.74 -10608.81 474.99 2927.00
80.00 6.00 -10407.74 -10690.01 474.99 2927.00
81.00 6.00 -10407.74 -10501.55 474.99 2927.00
82.00 6.00 -10407.74 -10513.38 474.99 2927.00
83.00 6.00 -10407.74 -10460.70 474.99 2927.00
84.00 6.00 -10407.74 -10613.47 474.99 2927.00
85.00 6.00 -10407.74 -10524.55 474.99 2927.00
86.00 6.00 -10407.74 -10511.02 474.99 2927.00
87.00 6.00 -10407.74 -10513.65 474.99 2927.00
88.00 6.00 -10407.74 -10418.69 474.99 2927.00
89.00 6.00 -10407.74 -10482.32 474.99 2927.00
90.00 6.00 -10407.74 -10525.83 474.99 2927.00
91.00 6.00 -10407.74 -10447.98 474.99 2927.00
92.00 6.00 -10407.74 -10777.81 474.99 2927.00
93.00 6.00 -10407.74 -10451.02 474.99 2927.00
94.00 6.00 -10407.74 -10494.82 474.99 2927.00
95.00 6.00 -10407.74 -10477.94 474.99 2927.00
96.00 6.00 -10407.74 -10509.30 474.99 2927.00
97.00 6.00 -10407.74 -10802.37 474.99 2927.00
98.00 6.00 -10407.74 -10597.66 474.99 2927.00
99.00 6.00 -10407.74 -10596.68 474.99 2927.00
100.00 6.00 -10407.74 -10658.79 474.99 2927.00
101.00 6.00 -10407.74 -10562.02 474.99 2927.00
102.00 6.00 -10407.74 -10565.10 474.99 2927.00
103.00 6.00 -10407.74 -10496.47 474.99 2927.00
104.00 6.00 -10407.74 -10565.07 474.99 2927.00
105.00 6.00 -10407.74 -10506.51 474.99 2927.00
106.00 6.00 -10407.74 -10504.78 474.99 2927.00
107.00 6.00 -10407.74 -10498.35 474.99 2927.00
108.00 6.00 -10407.74 -10552.54 474.99 2927.00
109.00 6.00 -10407.74 -10616.73 474.99 2927.00
110.00 6.00 -10407.74 -10646.20 474.99 2927.00
111.00 6.00 -10407.74 -10543.09 474.99 2927.00
112.00 6.00 -10407.74 -10486.65 474.99 2927.00
113.00 6.00 -10407.74 -10483.30 474.99 2927.00
114.00 6.00 -10407.74 -10511.68 474.99 2927.00
115.00 6.00 -10407.74 -10537.62 474.99 2927.00
116.00 6.00 -10407.74 -10539.19 474.99 2927.00
117.00 6.00 -10407.74 -10482.10 474.99 2927.00
118.00 6.00 -10407.74 -10543.51 474.99 2927.00
119.00 6.00 -10407.74 -10574.29 474.99 2927.00
120.00 6.00 -10407.74 -10486.19 474.99 2927.00
121.00 6.00 -10407.74 -10464.50 474.99 2927.00
122.00 6.00 -10407.74 -10497.45 474.99 2927.00
123.00 6.00 -10407.74 -10590.45 474.99 2927.00
124.00 6.00 -10407.74 -10927.83 474.99 2927.00
125.00 6.00 -10407.74 -10691.24 474.99 2927.00
126.00 6.00 -10407.74 -10496.95 474.99 2927.00
127.00 6.00 -10407.74 -10551.41 474.99 2927.00
128.00 6.00 -10407.74 -10619.51 474.99 2927.00
129.00 6.00 -10407.74 -10418.54 474.99 2927.00
130.00 6.00 -10407.74 -10645.36 474.99 2927.00
131.00 6.00 -10407.74 -10643.56 474.99 2927.00
132.00 6.00 -10407.74 -10608.27 474.99 2927.00
133.00 6.00 -10407.74 -10543.74 474.99 2927.00
134.00 6.00 -10407.74 -10493.13 474.99 2927.00
135.00 6.00 -10407.74 -10599.71 474.99 2927.00
136.00 6.00 -10407.74 -10494.00 474.99 2927.00
137.00 6.00 -10407.74 -10524.52 474.99 2927.00
138.00 6.00 -10407.74 -10510.45 474.99 2927.00
139.00 6.00 -10407.74 -10538.09 474.99 2927.00
140.00 6.00 -10407.74 -10535.58 474.99 2927.00
141.00 6.00 -10407.74 -10532.83 474.99 2927.00
142.00 6.00 -10407.74 -10661.95 474.99 2927.00
143.00 6.00 -10407.74 -10548.12 474.99 2927.00
144.00 6.00 -10407.74 -10420.69 474.99 2927.00
145.00 6.00 -10407.74 -10603.53 474.99 2927.00
146.00 6.00 -10407.74 -10620.28 474.99 2927.00
147.00 6.00 -10407.74 -10497.06 474.99 2927.00
148.00 6.00 -10407.74 -10523.61 474.99 2927.00
149.00 6.00 -10407.74 -10503.15 474.99 2927.00
150.00 6.00 -10407.74 -10450.12 474.99 2927.00
151.00 6.00 -10407.74 -10487.58 474.99 2927.00
152.00 6.00 -10407.74 -10581.93 474.99 2927.00
153.00 6.00 -10407.74 -10562.19 474.99 2927.00
154.00 6.00 -10407.74 -10484.06 474.99 2927.00
155.00 6.00 -10407.74 -10462.67 474.99 2927.00
156.00 6.00 -10407.74 -10571.79 474.99 2927.00
157.00 6.00 -10407.74 -10563.33 474.99 2927.00
158.00 6.00 -10407.74 -10599.13 474.99 2927.00
159.00 6.00 -10407.74 -10785.02 474.99 2927.00
160.00 6.00 -10407.74 -10503.81 474.99 2927.00
161.00 6.00 -10407.74 -10460.41 474.99 2927.00
162.00 6.00 -10407.74 -10577.92 474.99 2927.00
163.00 6.00 -10407.74 -10500.34 474.99 2927.00
164.00 6.00 -10407.74 -10430.12 474.99 2927.00
165.00 6.00 -10407.74 -10549.95 474.99 2927.00
166.00 6.00 -10407.74 -10580.06 474.99 2927.00
167.00 6.00 -10407.74 -10608.55 474.99 2927.00
168.00 6.00 -10407.74 -10537.28 474.99 2927.00
169.00 6.00 -10407.74 -10507.42 474.99 2927.00
170.00 6.00 -10407.74 -10511.19 474.99 2927.00
171.00 6.00 -10407.74 -10512.61 474.99 2927.00
172.00 6.00 -10407.74 -10518.77 474.99 2927.00
173.00 6.00 -10407.74 -10625.50 474.99 2927.00
174.00 6.00 -10407.74 -10504.30 474.99 2927.00
175.00 6.00 -10407.74 -10494.11 474.99 2927.00
176.00 6.00 -10407.74 -10510.37 474.99 2927.00
177.00 6.00 -10407.74 -10683.59 474.99 2927.00
178.00 6.00 -10407.74 -10607.45 474.99 2927.00
179.00 6.00 -10407.74 -10709.84 474.99 2927.00
180.00 6.00 -10407.74 -10542.71 474.99 2927.00
181.00 6.00 -10407.74 -10566.02 474.99 2927.00
182.00 6.00 -10407.74 -10560.73 474.99 2927.00
183.00 6.00 -10407.74 -10477.46 474.99 2927.00
184.00 6.00 -10407.74 -10577.09 474.99 2927.00
185.00 6.00 -10407.74 -10563.43 474.99 2927.00
186.00 6.00 -10407.74 -10592.31 474.99 2927.00
187.00 6.00 -10407.74 -10535.12 474.99 2927.00
188.00 6.00 -10407.74 -10573.21 474.99 2927.00
189.00 6.00 -10407.74 -10495.52 474.99 2927.00
190.00 6.00 -10407.74 -10611.13 474.99 2927.00
191.00 6.00 -10407.74 -10481.25 474.99 2927.00
192.00 6.00 -10407.74 -10597.39 474.99 2927.00
193.00 6.00 -10407.74 -10504.92 474.99 2927.00
194.00 6.00 -10407.74 -10466.85 474.99 2927.00
195.00 6.00 -10407.74 -10458.09 474.99 2927.00
196.00 6.00 -10407.74 -10665.23 474.99 2927.00
197.00 6.00 -10407.74 -10692.20 474.99 2927.00
198.00 6.00 -10407.74 -10530.12 474.99 2927.00
199.00 6.00 -10407.74 -10706.22 474.99 2927.00
200.00 6.00 -10407.74 -10611.31 474.99 2927.00
201.00 6.00 -10407.74 -10552.92 474.99 2927.00
202.00 6.00 -10407.74 -10468.90 474.99 2927.00
203.00 6.00 -10407.74 -10509.22 474.99 2927.00
204.00 6.00 -10407.74 -10587.06 474.99 2927.00
205.00 6.00 -10407.74 -10448.21 474.99 2927.00
206.00 6.00 -10407.74 -10765.27 474.99 2927.00
207.00 6.00 -10407.74 -10588.88 474.99 2927.00
208.00 6.00 -10407.74 -10515.13 474.99 2927.00
209.00 6.00 -10407.74 -10810.33 474.99 2927.00
210.00 6.00 -10407.74 -10476.15 474.99 2927.00
211.00 6.00 -10407.74 -10499.07 474.99 2927.00
212.00 6.00 -10407.74 -10611.44 474.99 2927.00
213.00 6.00 -10407.74 -10444.20 474.99 2927.00
214.00 6.00 -10407.74 -10453.10 474.99 2927.00
215.00 6.00 -10407.74 -10437.98 474.99 2927.00
216.00 6.00 -10407.74 -10574.92 474.99 2927.00
217.00 6.00 -10407.74 -10561.61 474.99 2927.00
218.00 6.00 -12874.75 -12907.10 474.99 2927.00
219.00 6.00 -12874.75 -12947.37 474.99 2927.00
220.00 6.00 -12874.75 -13236.48 474.99 2927.00
221.00 7.00 -12757.75 -12757.75 483.56 2890.23
222.00 7.00 -12757.75 -12850.35 483.56 2890.23
223.00 7.00 -12757.75 -12909.14 483.56 2890.23
224.00 7.00 -12757.75 -13049.51 483.56 2890.23
225.00 7.00 -12757.75 -12763.24 483.56 2890.23
226.00 7.00 -12757.75 -12857.53 483.56 2890.23
227.00 7.00 -12757.75 -12790.55 483.56 2890.23
228.00 7.00 -12757.75 -12869.85 483.56 2890.23
229.00 7.00 -12757.75 -13002.64 483.56 2890.23
230.00 7.00 -12757.75 -12824.04 483.56 2890.23
231.00 7.00 -12757.75 -12897.86 483.56 2890.23
232.00 8.00 -12727.57 -12727.57 479.98 2882.26
233.00 9.00 -12708.78 -12708.78 485.38 2894.09
234.00 9.00 -12708.78 -12712.24 485.38 2894.09
235.00 9.00 -12708.78 -12817.40 485.38 2894.09
236.00 9.00 -12708.78 -13002.88 485.38 2894.09
237.00 10.00 -12708.48 -12708.48 477.86 2911.45
238.00 10.00 -12708.48 -12840.04 477.86 2911.45
239.00 10.00 -12708.48 -12763.34 477.86 2911.45
240.00 10.00 -12708.48 -12909.42 477.86 2911.45
241.00 10.00 -12708.48 -12974.04 477.86 2911.45
242.00 11.00 -12640.18 -12640.18 478.86 2916.37
243.00 11.00 -12640.18 -12992.05 478.86 2916.37
244.00 11.00 -12640.18 -12760.81 478.86 2916.37
245.00 11.00 -12640.18 -12655.71 478.86 2916.37
246.00 11.00 -12640.18 -12863.88 478.86 2916.37
247.00 11.00 -12640.18 -12810.09 478.86 2916.37
248.00 11.00 -12640.18 -12806.56 478.86 2916.37
249.00 11.00 -12640.18 -12809.75 478.86 2916.37
250.00 11.00 -12640.18 -13012.22 478.86 2916.37
251.00 11.00 -12640.18 -12707.06 478.86 2916.37
252.00 11.00 -12640.18 -12712.04 478.86 2916.37
253.00 11.00 -12640.18 -12690.01 478.86 2916.37
254.00 11.00 -12640.18 -12814.29 478.86 2916.37
255.00 11.00 -12640.18 -12920.02 478.86 2916.37
256.00 11.00 -12640.18 -12773.16 478.86 2916.37
257.00 11.00 -12640.18 -12906.73 478.86 2916.37
258.00 11.00 -12640.18 -12709.37 478.86 2916.37
259.00 11.00 -12640.18 -12898.39 478.86 2916.37
260.00 12.00 -12611.01 -12611.01 472.90 2888.50
261.00 12.00 -12611.01 -12843.04 472.90 2888.50
262.00 12.00 -12611.01 -12869.06 472.90 2888.50
263.00 12.00 -12611.01 -12905.07 472.90 2888.50
264.00 12.00 -12611.01 -12767.05 472.90 2888.50
265.00 12.00 -12611.01 -12792.64 472.90 2888.50
266.00 12.00 -12611.01 -12755.26 472.90 2888.50
267.00 12.00 -12611.01 -12820.99 472.90 2888.50
268.00 12.00 -12611.01 -12870.23 472.90 2888.50
269.00 12.00 -12611.01 -12742.51 472.90 2888.50
270.00 12.00 -12611.01 -12712.17 472.90 2888.50
271.00 12.00 -12611.01 -12797.60 472.90 2888.50
272.00 12.00 -12611.01 -12955.82 472.90 2888.50
273.00 12.00 -12611.01 -12755.17 472.90 2888.50
274.00 12.00 -12611.01 -12867.05 472.90 2888.50
275.00 12.00 -12611.01 -12893.21 472.90 2888.50
276.00 12.00 -12611.01 -12853.52 472.90 2888.50
277.00 12.00 -12611.01 -12739.31 472.90 2888.50
278.00 12.00 -12611.01 -12842.84 472.90 2888.50
279.00 12.00 -12611.01 -12813.18 472.90 2888.50
280.00 12.00 -12611.01 -12813.47 472.90 2888.50
281.00 12.00 -12611.01 -12739.12 472.90 2888.50
282.00 12.00 -12611.01 -12788.13 472.90 2888.50
283.00 12.00 -12611.01 -12818.62 472.90 2888.50
284.00 12.00 -12611.01 -12782.41 472.90 2888.50
285.00 12.00 -12611.01 -12729.83 472.90 2888.50
286.00 12.00 -12611.01 -12924.94 472.90 2888.50
287.00 12.00 -12611.01 -12830.15 472.90 2888.50
288.00 12.00 -12611.01 -12753.31 472.90 2888.50
289.00 12.00 -12611.01 -12925.94 472.90 2888.50
290.00 12.00 -12611.01 -12759.19 472.90 2888.50
291.00 12.00 -12611.01 -12903.84 472.90 2888.50
292.00 12.00 -12611.01 -12733.73 472.90 2888.50
293.00 12.00 -12611.01 -12773.87 472.90 2888.50
294.00 12.00 -12611.01 -12910.88 472.90 2888.50
295.00 12.00 -12611.01 -12818.60 472.90 2888.50
296.00 12.00 -12611.01 -12819.43 472.90 2888.50
297.00 12.00 -12611.01 -12696.69 472.90 2888.50
298.00 12.00 -12611.01 -12878.07 472.90 2888.50
299.00 12.00 -12611.01 -12837.86 472.90 2888.50
300.00 12.00 -12611.01 -12942.95 472.90 2888.50
301.00 12.00 -12611.01 -12872.02 472.90 2888.50
302.00 12.00 -12611.01 -12946.47 472.90 2888.50
303.00 12.00 -12611.01 -12782.78 472.90 2888.50
304.00 12.00 -12611.01 -12697.47 472.90 2888.50
305.00 12.00 -12611.01 -12880.03 472.90 2888.50
306.00 12.00 -12611.01 -12788.84 472.90 2888.50
307.00 12.00 -12611.01 -12935.09 472.90 2888.50
308.00 12.00 -12611.01 -13063.37 472.90 2888.50
309.00 12.00 -12611.01 -12875.27 472.90 2888.50
310.00 12.00 -12611.01 -12988.57 472.90 2888.50
311.00 12.00 -12611.01 -12939.62 472.90 2888.50
312.00 12.00 -12611.01 -12717.45 472.90 2888.50
313.00 12.00 -12611.01 -12862.97 472.90 2888.50
314.00 12.00 -12611.01 -12985.52 472.90 2888.50
315.00 12.00 -12611.01 -12841.38 472.90 2888.50
316.00 12.00 -12611.01 -12791.73 472.90 2888.50
317.00 12.00 -12611.01 -12915.92 472.90 2888.50
318.00 12.00 -12611.01 -12796.82 472.90 2888.50
319.00 12.00 -12611.01 -12820.11 472.90 2888.50
320.00 12.00 -12611.01 -12874.86 472.90 2888.50
321.00 12.00 -12611.01 -12783.48 472.90 2888.50
322.00 12.00 -12611.01 -12881.65 472.90 2888.50
323.00 12.00 -12611.01 -13047.70 472.90 2888.50
324.00 12.00 -12611.01 -12886.20 472.90 2888.50
325.00 12.00 -12611.01 -13016.06 472.90 2888.50
326.00 12.00 -12611.01 -12813.62 472.90 2888.50
327.00 12.00 -12611.01 -12761.45 472.90 2888.50
328.00 12.00 -12611.01 -12765.29 472.90 2888.50
329.00 12.00 -12611.01 -12896.91 472.90 2888.50
330.00 12.00 -12611.01 -12758.44 472.90 2888.50
331.00 12.00 -12611.01 -12863.60 472.90 2888.50
332.00 12.00 -12611.01 -12908.45 472.90 2888.50
333.00 12.00 -12611.01 -12920.16 472.90 2888.50
334.00 12.00 -12611.01 -12823.51 472.90 2888.50
335.00 12.00 -12611.01 -12847.32 472.90 2888.50
336.00 12.00 -12611.01 -12732.52 472.90 2888.50
337.00 12.00 -12611.01 -12736.65 472.90 2888.50
338.00 12.00 -12611.01 -12779.17 472.90 2888.50
339.00 12.00 -12611.01 -12832.05 472.90 2888.50
340.00 13.00 -12610.39 -12610.39 470.64 2900.11
341.00 13.00 -12610.39 -12819.01 470.64 2900.11
342.00 13.00 -12610.39 -12826.21 470.64 2900.11
