0.00 0.00 -9533.74 -9616.03 1.00 1.00
1.00 0.00 -9533.74 -9610.81 1.00 1.00
2.00 0.00 -9533.74 -9572.03 1.00 1.00
3.00 0.00 -9533.74 -9733.33 1.00 1.00
4.00 1.00 -9524.85 -9524.85 472.25 2915.80
5.00 1.00 -9524.85 -9628.38 472.25 2915.80
6.00 1.00 -9524.85 -9539.39 472.25 2915.80
7.00 1.00 -9524.85 -9602.30 472.25 2915.80
8.00 1.00 -9524.85 -9580.37 472.25 2915.80
9.00 1.00 -9524.85 -9884.34 472.25 2915.80
10.00 1.00 -9524.85 -9683.62 472.25 2915.80
11.00 1.00 -9524.85 -9685.23 472.25 2915.80
12.00 1.00 -9524.85 -9650.42 472.25 2915.80
13.00 1.00 -9524.85 -9563.91 472.25 2915.80
14.00 1.00 -9524.85 -9598.45 472.25 2915.80
15.00 1.00 -9524.85 -9531.67 472.25 2915.80
16.00 2.00 -9491.16 -9491.16 478.46 2919.43
17.00 2.00 -9491.16 -9651.75 478.46 2919.43
18.00 2.00 -9491.16 -9598.12 478.46 2919.43
19.00 2.00 -9491.16 -9535.03 478.46 2919.43
20.00 2.00 -9491.16 -9641.78 478.46 2919.43
21.00 2.00 -9491.16 -9524.57 478.46 2919.43
22.00 2.00 -9491.16 -9685.70 478.46 2919.43
23.00 2.00 -9491.16 -9613.79 478.46 2919.43
24.00 2.00 -9491.16 -9784.36 478.46 2919.43
25.00 2.00 -9491.16 -9688.08 478.46 2919.43
26.00 2.00 -9491.16 -9554.92 478.46 2919.43
27.00 2.00 -9491.16 -9585.83 478.46 2919.43
28.00 2.00 -9491.16 -9581.97 478.46 2919.43
29.00 2.00 -9491.16 -9617.14 478.46 2919.43
30.00 2.00 -9491.16 -9618.89 478.46 2919.43
31.00 2.00 -9491.16 -9543.85 478.46 2919.43
32.00 2.00 -9491.16 -9655.26 478.46 2919.43
33.00 2.00 -9491.16 -9584.23 478.46 2919.43
34.00 3.00 -9473.40 -9473.40 478.82 2927.54
35.00 3.00 -9473.40 -9546.01 478.82 2927.54
36.00 3.00 -9473.40 -9721.12 478.82 2927.54
37.00 3.00 -9473.40 -9552.54 478.82 2927.54
38.00 3.00 -9473.40 -9508.48 478.82 2927.54
39.00 3.00 -9473.40 -9582.33 478.82 2927.54
40.00 3.00 -9473.40 -9551.35 478.82 2927.54
41.00 3.00 -9473.40 -9616.57 478.82 2927.54
42.00 3.00 -9473.40 -9652.86 478.82 2927.54
43.00 3.00 -9473.40 -9502.07 478.82 2927.54
44.00 3.00 -9473.40 -9613.44 478.82 2927.54
45.00 4.00 -9412.66 -9412.66 480.34 2894.61
46.00 4.00 -9412.66 -9512.63 480.34 2894.61
47.00 4.00 -9412.66 -9579.02 480.34 2894.61
48.00 4.00 -9412.66 -9633.76 480.34 2894.61
49.00 4.00 -9412.66 -9553.32 480.34 2894.61
50.00 4.00 -9412.66 -9582.62 480.34 2894.61
51.00 4.00 -9412.66 -9635.69 480.34 2894.61
52.00 4.00 -9412.66 -9541.48 480.34 2894.61
53.00 4.00 -9412.66 -9554.33 480.34 2894.61
54.00 4.00 -9412.66 -9467.65 480.34 2894.61
55.00 4.00 -9412.66 -9602.30 480.34 2894.61
56.00 4.00 -9412.66 -9537.95 480.34 2894.61
57.00 4.00 -9412.66 -9528.38 480.34 2894.61
58.00 4.00 -9412.66 -9541.65 480.34 2894.61
59.00 4.00 -9412.66 -9543.93 480.34 2894.61
60.00 4.00 -9412.66 -9505.98 480.34 2894.61
61.00 4.00 -9412.66 -9629.23 480.34 2894.61
62.00 4.00 -9412.66 -9654.82 480.34 2894.61
63.00 4.00 -9412.66 -9539.35 480.34 2894.61
64.00 4.00 -9412.66 -9522.45 480.34 2894.61
65.00 4.00 -9412.66 -9502.88 480.34 2894.61
66.00 4.00 -9412.66 -9612.84 480.34 2894.61
67.00 4.00 -9412.66 -9686.79 480.34 2894.61
68.00 4.00 -9412.66 -9473.52 480.34 2894.61
69.00 4.00 -9412.66 -9599.99 480.34 2894.61
70.00 4.00 -9412.66 -9577.15 480.34 2894.61
71.00 4.00 -9412.66 -9571.18 480.34 2894.61
72.00 4.00 -9412.66 -9656.75 480.34 2894.61
73.00 4.00 -9412.66 -9435.36 480.34 2894.61
74.00 4.00 -9412.66 -9529.60 480.34 2894.61
75.00 4.00 -9412.66 -9602.78 480.34 2894.61
76.00 4.00 -9412.66 -9479.27 480.34 2894.61
77.00 4.00 -9412.66 -9519.71 480.34 2894.61
78.00 4.00 -9412.66 -9544.10 480.34 2894.61
79.00 4.00 -9412.66 -9554.54 480.34 2894.61
80.00 4.00 -9412.66 -9434.19 480.34 2894.61
81.00 5.00 -9394.96 -9394.96 468.65 2902.30
82.00 5.00 -9394.96 -9516.91 468.65 2902.30
83.00 5.00 -9394.96 -9610.38 468.65 2902.30
84.00 5.00 -9394.96 -9549.97 468.65 2902.30
85.00 5.00 -9394.96 -9413.50 468.65 2902.30
86.00 5.00 -9394.96 -9502.70 468.65 2902.30
87.00 5.00 -9394.96 -9422.97 468.65 2902.30
88.00 6.00 -9375.86 -9375.86 478.14 2912.93
89.00 6.00 -9375.86 -9653.08 478.14 2912.93
90.00 6.00 -9375.86 -9460.71 478.14 2912.93
91.00 6.00 -9375.86 -9533.43 478.14 2912.93
92.00 6.00 -9375.86 -9439.07 478.14 2912.93
93.00 6.00 -9375.86 -9435.63 478.14 2912.93
94.00 6.00 -9375.86 -9632.12 478.14 2912.93
95.00 6.00 -9375.86 -9479.09 478.14 2912.93
96.00 6.00 -9375.86 -9416.85 478.14 2912.93
97.00 6.00 -9375.86 -9518.87 478.14 2912.93
98.00 6.00 -9375.86 -9422.69 478.14 2912.93
99.00 6.00 -9375.86 -9435.80 478.14 2912.93
100.00 6.00 -9375.86 -9437.83 478.14 2912.93
101.00 6.00 -9375.86 -9505.69 478.14 2912.93
102.00 6.00 -9375.86 -9501.25 478.14 2912.93
103.00 6.00 -9375.86 -9573.32 478.14 2912.93
104.00 6.00 -9375.86 -9455.98 478.14 2912.93
105.00 6.00 -9375.86 -9450.80 478.14 2912.93
106.00 6.00 -9375.86 -9502.78 478.14 2912.93
107.00 6.00 -9375.86 -9663.25 478.14 2912.93
108.00 6.00 -9375.86 -9433.13 478.14 2912.93
109.00 6.00 -9375.86 -9457.61 478.14 2912.93
110.00 6.00 -9375.86 -9532.24 478.14 2912.93
111.00 6.00 -9375.86 -9512.60 478.14 2912.93
112.00 6.00 -9375.86 -9518.84 478.14 2912.93
113.00 6.00 -9375.86 -9450.38 478.14 2912.93
114.00 6.00 -9375.86 -9474.05 478.14 2912.93
115.00 6.00 -9375.86 -9551.32 478.14 2912.93
116.00 6.00 -9375.86 -9408.09 478.14 2912.93
117.00 6.00 -9375.86 -9589.35 478.14 2912.93
118.00 6.00 -9375.86 -9626.29 478.14 2912.93
119.00 6.00 -9375.86 -9482.42 478.14 2912.93
120.00 6.00 -9375.86 -9531.09 478.14 2912.93
121.00 6.00 -9375.86 -9423.10 478.14 2912.93
122.00 6.00 -9375.86 -9516.19 478.14 2912.93
123.00 6.00 -9375.86 -9477.16 478.14 2912.93
124.00 6.00 -9375.86 -9608.55 478.14 2912.93
125.00 6.00 -9375.86 -9472.44 478.14 2912.93
126.00 6.00 -9375.86 -9571.02 478.14 2912.93
127.00 6.00 -9375.86 -9451.15 478.14 2912.93
128.00 6.00 -9375.86 -9499.98 478.14 2912.93
129.00 6.00 -9375.86 -9484.96 478.14 2912.93
130.00 6.00 -9375.86 -9393.34 478.14 2912.93
131.00 6.00 -9375.86 -9396.42 478.14 2912.93
132.00 6.00 -9375.86 -9468.54 478.14 2912.93
133.00 6.00 -9375.86 -9483.83 478.14 2912.93
134.00 6.00 -9375.86 -9536.21 478.14 2912.93
135.00 6.00 -9375.86 -9505.20 478.14 2912.93
136.00 6.00 -9375.86 -9483.98 478.14 2912.93
137.00 6.00 -9375.86 -9533.97 478.14 2912.93
138.00 6.00 -9375.86 -9609.05 478.14 2912.93
139.00 6.00 -9375.86 -9603.41 478.14 2912.93
140.00 6.00 -9375.86 -9494.90 478.14 2912.93
141.00 6.00 -9375.86 -9450.81 478.14 2912.93
142.00 6.00 -9375.86 -9535.60 478.14 2912.93
143.00 6.00 -9375.86 -9448.51 478.14 2912.93
144.00 6.00 -9375.86 -9505.16 478.14 2912.93
145.00 6.00 -9375.86 -9417.70 478.14 2912.93
146.00 6.00 -9375.86 -9483.06 478.14 2912.93
147.00 6.00 -9375.86 -9505.05 478.14 2912.93
148.00 6.00 -9375.86 -9479.24 478.14 2912.93
149.00 6.00 -9375.86 -9430.42 478.14 2912.93
150.00 6.00 -9375.86 -9539.53 478.14 2912.93
151.00 6.00 -9375.86 -9507.85 478.14 2912.93
152.00 6.00 -9375.86 -9504.02 478.14 2912.93
153.00 7.00 -9343.76 -9343.76 464.77 2914.58
154.00 7.00 -9343.76 -9543.94 464.77 2914.58
155.00 7.00 -9343.76 -9394.03 464.77 2914.58
156.00 7.00 -9343.76 -9511.06 464.77 2914.58
157.00 7.00 -9343.76 -9422.91 464.77 2914.58
158.00 7.00 -9343.76 -9486.82 464.77 2914.58
159.00 7.00 -9343.76 -9661.30 464.77 2914.58
160.00 7.00 -9343.76 -9571.07 464.77 2914.58
161.00 7.00 -9343.76 -9409.23 464.77 2914.58
162.00 7.00 -9343.76 -9419.94 464.77 2914.58
163.00 7.00 -9343.76 -9509.24 464.77 2914.58
164.00 7.00 -9343.76 -9409.33 464.77 2914.58
165.00 7.00 -9343.76 -9458.34 464.77 2914.58
166.00 7.00 -9343.76 -9397.59 464.77 2914.58
167.00 7.00 -9343.76 -9417.76 464.77 2914.58
168.00 7.00 -9343.76 -9458.77 464.77 2914.58
169.00 7.00 -9343.76 -9460.89 464.77 2914.58
170.00 7.00 -9343.76 -9423.04 464.77 2914.58
171.00 7.00 -9343.76 -9494.27 464.77 2914.58
172.00 7.00 -9343.76 -9411.86 464.77 2914.58
173.00 7.00 -9343.76 -9516.71 464.77 2914.58
174.00 7.00 -9343.76 -9461.82 464.77 2914.58
175.00 7.00 -9343.76 -9490.68 464.77 2914.58
176.00 7.00 -9343.76 -9547.40 464.77 2914.58
177.00 7.00 -9343.76 -9469.26 464.77 2914.58
178.00 7.00 -9343.76 -9479.21 464.77 2914.58
179.00 7.00 -9343.76 -9399.97 464.77 2914.58
180.00 7.00 -9343.76 -9444.98 464.77 2914.58
181.00 7.00 -9343.76 -9441.75 464.77 2914.58
182.00 7.00 -9343.76 -9538.84 464.77 2914.58
183.00 7.00 -9343.76 -9484.60 464.77 2914.58
184.00 7.00 -9343.76 -9638.82 464.77 2914.58
185.00 7.00 -9343.76 -9497.62 464.77 2914.58
186.00 7.00 -9343.76 -9470.98 464.77 2914.58
187.00 7.00 -9343.76 -9421.60 464.77 2914.58
188.00 7.00 -9343.76 -9482.41 464.77 2914.58
189.00 7.00 -9343.76 -9509.35 464.77 2914.58
190.00 7.00 -9343.76 -9438.80 464.77 2914.58
191.00 7.00 -9343.76 -9529.98 464.77 2914.58
192.00 7.00 -9343.76 -9504.83 464.77 2914.58
193.00 7.00 -9343.76 -9496.38 464.77 2914.58
194.00 7.00 -9343.76 -9505.19 464.77 2914.58
195.00 7.00 -9343.76 -9604.02 464.77 2914.58
196.00 7.00 -9343.76 -9571.17 464.77 2914.58
197.00 7.00 -9343.76 -9522.20 464.77 2914.58
198.00 7.00 -9343.76 -9422.22 464.77 2914.58
199.00 7.00 -9343.76 -9467.22 464.77 2914.58
200.00 7.00 -9343.76 -9526.48 464.77 2914.58
201.00 7.00 -9343.76 -9432.30 464.77 2914.58
202.00 7.00 -9343.76 -9361.18 464.77 2914.58
203.00 7.00 -9343.76 -9389.19 464.77 2914.58
204.00 7.00 -9343.76 -9486.72 464.77 2914.58
205.00 7.00 -9343.76 -9452.39 464.77 2914.58
206.00 7.00 -9343.76 -9489.74 464.77 2914.58
207.00 7.00 -9343.76 -9481.84 464.77 2914.58
208.00 7.00 -9343.76 -9437.64 464.77 2914.58
209.00 7.00 -9343.76 -9552.95 464.77 2914.58
210.00 7.00 -9343.76 -9481.94 464.77 2914.58
211.00 7.00 -9343.76 -9400.12 464.77 2914.58
212.00 7.00 -9343.76 -9437.51 464.77 2914.58
213.00 7.00 -9343.76 -9453.08 464.77 2914.58
214.00 7.00 -9343.76 -9557.96 464.77 2914.58
215.00 7.00 -9343.76 -9462.49 464.77 2914.58
216.00 7.00 -9343.76 -9506.64 464.77 2914.58
217.00 7.00 -9343.76 -9524.43 464.77 2914.58
218.00 8.00 -12753.46 -12753.46 466.82 2902.59
219.00 9.00 -12738.40 -12738.40 455.03 2903.47
220.00 9.00 -12738.40 -12906.12 455.03 2903.47
221.00 9.00 -12738.40 -12922.50 455.03 2903.47
222.00 9.00 -12738.40 -12806.41 455.03 2903.47
223.00 10.00 -12689.39 -12689.39 469.50 2920.70
224.00 10.00 -12689.39 -12761.36 469.50 2920.70
225.00 10.00 -12689.39 -12782.72 469.50 2920.70
226.00 10.00 -12689.39 -12839.76 469.50 2920.70
227.00 10.00 -12689.39 -12756.21 469.50 2920.70
228.00 10.00 -12689.39 -12812.93 469.50 2920.70
229.00 10.00 -12689.39 -12769.09 469.50 2920.70
230.00 10.00 -12689.39 -12752.61 469.50 2920.70
231.00 10.00 -12689.39 -12868.58 469.50 2920.70
232.00 10.00 -12689.39 -12707.94 469.50 2920.70
233.00 10.00 -12689.39 -12775.74 469.50 2920.70
234.00 10.00 -12689.39 -12855.83 469.50 2920.70
235.00 10.00 -12689.39 -12920.26 469.50 2920.70
236.00 10.00 -12689.39 -12705.24 469.50 2920.70
237.00 10.00 -12689.39 -12799.79 469.50 2920.70
238.00 10.00 -12689.39 -12900.58 469.50 2920.70
239.00 10.00 -12689.39 -12801.93 469.50 2920.70
240.00 10.00 -12689.39 -12849.12 469.50 2920.70
241.00 10.00 -12689.39 -12754.93 469.50 2920.70
242.00 10.00 -12689.39 -12713.05 469.50 2920.70
243.00 10.00 -12689.39 -12741.31 469.50 2920.70
244.00 10.00 -12689.39 -12959.37 469.50 2920.70
245.00 10.00 -12689.39 -12766.50 469.50 2920.70
246.00 10.00 -12689.39 -12695.15 469.50 2920.70
247.00 10.00 -12689.39 -12911.71 469.50 2920.70
248.00 10.00 -12689.39 -12799.44 469.50 2920.70
249.00 10.00 -12689.39 -12725.03 469.50 2920.70
250.00 10.00 -12689.39 -12765.09 469.50 2920.70
251.00 10.00 -12689.39 -12832.11 469.50 2920.70
252.00 10.00 -12689.39 -12754.66 469.50 2920.70
253.00 10.00 -12689.39 -12736.38 469.50 2920.70
254.00 10.00 -12689.39 -12691.96 469.50 2920.70
255.00 10.00 -12689.39 -12843.59 469.50 2920.70
256.00 11.00 -12611.28 -12611.28 460.43 2896.05
257.00 11.00 -12611.28 -12698.73 460.43 2896.05
258.00 11.00 -12611.28 -13199.08 460.43 2896.05
259.00 11.00 -12611.28 -12688.05 460.43 2896.05
260.00 11.00 -12611.28 -12756.70 460.43 2896.05
261.00 11.00 -12611.28 -12735.82 460.43 2896.05
262.00 11.00 -12611.28 -12881.00 460.43 2896.05
263.00 11.00 -12611.28 -12747.24 460.43 2896.05
264.00 11.00 -12611.28 -12639.46 460.43 2896.05
265.00 11.00 -12611.28 -12754.36 460.43 2896.05
266.00 11.00 -12611.28 -12920.87 460.43 2896.05
267.00 11.00 -12611.28 -12772.43 460.43 2896.05
268.00 11.00 -12611.28 -12745.86 460.43 2896.05
269.00 11.00 -12611.28 -12707.55 460.43 2896.05
270.00 11.00 -12611.28 -12890.82 460.43 2896.05
271.00 11.00 -12611.28 -12872.69 460.43 2896.05
272.00 11.00 -12611.28 -12615.90 460.43 2896.05
273.00 11.00 -12611.28 -12767.24 460.43 2896.05
274.00 11.00 -12611.28 -12944.23 460.43 2896.05
275.00 11.00 -12611.28 -12654.37 460.43 2896.05
276.00 11.00 -12611.28 -12766.99 460.43 2896.05
277.00 11.00 -12611.28 -12821.52 460.43 2896.05
278.00 11.00 -12611.28 -12764.13 460.43 2896.05
279.00 11.00 -12611.28 -12799.08 460.43 2896.05
280.00 11.00 -12611.28 -12879.81 460.43 2896.05
281.00 11.00 -12611.28 -13079.47 460.43 2896.05
282.00 11.00 -12611.28 -12749.34 460.43 2896.05
283.00 11.00 -12611.28 -12729.46 460.43 2896.05
284.00 11.00 -12611.28 -12799.97 460.43 2896.05
285.00 11.00 -12611.28 -12810.00 460.43 2896.05
286.00 11.00 -12611.28 -12777.25 460.43 2896.05
287.00 11.00 -12611.28 -12869.40 460.43 2896.05
288.00 11.00 -12611.28 -12703.15 460.43 2896.05
289.00 11.00 -12611.28 -12718.32 460.43 2896.05
290.00 11.00 -12611.28 -12878.26 460.43 2896.05
291.00 11.00 -12611.28 -12797.67 460.43 2896.05
292.00 12.00 -12567.73 -12567.73 469.18 2914.39
293.00 12.00 -12567.73 -12710.81 469.18 2914.39
294.00 12.00 -12567.73 -12661.82 469.18 2914.39
295.00 12.00 -12567.73 -12782.00 469.18 2914.39
296.00 12.00 -12567.73 -12790.26 469.18 2914.39
297.00 12.00 -12567.73 -12827.33 469.18 2914.39
298.00 12.00 -12567.73 -12915.31 469.18 2914.39
299.00 12.00 -12567.73 -12778.78 469.18 2914.39
300.00 12.00 -12567.73 -12835.05 469.18 2914.39
301.00 12.00 -12567.73 -12813.35 469.18 2914.39
302.00 12.00 -12567.73 -12706.71 469.18 2914.39
303.00 12.00 -12567.73 -12855.96 469.18 2914.39
304.00 12.00 -12567.73 -13031.92 469.18 2914.39
305.00 12.00 -12567.73 -12828.19 469.18 2914.39
306.00 12.00 -12567.73 -12772.13 469.18 2914.39
307.00 12.00 -12567.73 -12678.64 469.18 2914.39
308.00 12.00 -12567.73 -12898.74 469.18 2914.39
309.00 12.00 -12567.73 -12759.22 469.18 2914.39
310.00 12.00 -12567.73 -12675.08 469.18 2914.39
311.00 12.00 -12567.73 -12812.96 469.18 2914.39
312.00 12.00 -12567.73 -12940.70 469.18 2914.39
313.00 12.00 -12567.73 -12777.31 469.18 2914.39
314.00 12.00 -12567.73 -12710.83 469.18 2914.39
315.00 12.00 -12567.73 -12859.38 469.18 2914.39
316.00 12.00 -12567.73 -12862.89 469.18 2914.39
317.00 12.00 -12567.73 -12742.73 469.18 2914.39
318.00 12.00 -12567.73 -12789.50 469.18 2914.39
319.00 12.00 -12567.73 -12859.63 469.18 2914.39
320.00 12.00 -12567.73 -12915.76 469.18 2914.39
321.00 12.00 -12567.73 -12818.53 469.18 2914.39
322.00 12.00 -12567.73 -12795.83 469.18 2914.39
323.00 12.00 -12567.73 -12742.57 469.18 2914.39
324.00 12.00 -12567.73 -12825.60 469.18 2914.39
325.00 12.00 -12567.73 -12802.95 469.18 2914.39
326.00 12.00 -12567.73 -12921.43 469.18 2914.39
327.00 12.00 -12567.73 -12708.77 469.18 2914.39
328.00 12.00 -12567.73 -12693.20 469.18 2914.39
329.00 12.00 -12567.73 -12937.55 469.18 2914.39
330.00 12.00 -12567.73 -12768.40 469.18 2914.39
331.00 12.00 -12567.73 -12737.29 469.18 2914.39
332.00 12.00 -12567.73 -12703.53 469.18 2914.39
333.00 12.00 -12567.73 -12696.80 469.18 2914.39
334.00 12.00 -12567.73 -12782.43 469.18 2914.39
335.00 12.00 -12567.73 -12818.59 469.18 2914.39
336.00 12.00 -12567.73 -12803.71 469.18 2914.39
337.00 12.00 -12567.73 -12806.90 469.18 2914.39
338.00 12.00 -12567.73 -12878.36 469.18 2914.39
339.00 12.00 -12567.73 -12914.90 469.18 2914.39
340.00 12.00 -12567.73 -12868.64 469.18 2914.39
341.00 12.00 -12567.73 -12770.54 469.18 2914.39
342.00 12.00 -12567.73 -12947.25 469.18 2914.39
