0.00 0.00 -8634.93 -8868.20 1.00 1.00
1.00 0.00 -8634.93 -8650.23 1.00 1.00
2.00 0.00 -8634.93 -8665.51 1.00 1.00
3.00 0.00 -8634.93 -8675.05 1.00 1.00
4.00 0.00 -8634.93 -8762.50 1.00 1.00
5.00 1.00 -8632.99 -8632.99 470.57 2937.83
6.00 1.00 -8632.99 -8688.15 470.57 2937.83
7.00 1.00 -8632.99 -8692.85 470.57 2937.83
8.00 1.00 -8632.99 -8664.39 470.57 2937.83
9.00 2.00 -8579.14 -8579.14 465.53 2921.59
10.00 2.00 -8579.14 -8660.24 465.53 2921.59
11.00 2.00 -8579.14 -8685.42 465.53 2921.59
12.00 2.00 -8579.14 -8618.30 465.53 2921.59
13.00 2.00 -8579.14 -8605.45 465.53 2921.59
14.00 2.00 -8579.14 -8692.17 465.53 2921.59
15.00 2.00 -8579.14 -8593.46 465.53 2921.59
16.00 3.00 -8531.07 -8531.07 471.36 2890.33
17.00 3.00 -8531.07 -8571.54 471.36 2890.33
18.00 3.00 -8531.07 -8695.91 471.36 2890.33
19.00 3.00 -8531.07 -8657.86 471.36 2890.33
20.00 3.00 -8531.07 -8709.90 471.36 2890.33
21.00 3.00 -8531.07 -8675.55 471.36 2890.33
22.00 3.00 -8531.07 -8586.46 471.36 2890.33
23.00 3.00 -8531.07 -8716.67 471.36 2890.33
24.00 3.00 -8531.07 -8699.89 471.36 2890.33
25.00 3.00 -8531.07 -8712.68 471.36 2890.33
26.00 4.00 -8498.17 -8498.17 479.79 2917.75
27.00 4.00 -8498.17 -8610.54 479.79 2917.75
28.00 4.00 -8498.17 -8579.28 479.79 2917.75
29.00 4.00 -8498.17 -8625.58 479.79 2917.75
30.00 4.00 -8498.17 -8611.43 479.79 2917.75
31.00 4.00 -8498.17 -8547.40 479.79 2917.75
32.00 4.00 -8498.17 -8752.75 479.79 2917.75
33.00 4.00 -8498.17 -8575.00 479.79 2917.75
34.00 4.00 -8498.17 -8694.57 479.79 2917.75
35.00 4.00 -8498.17 -8625.32 479.79 2917.75
36.00 4.00 -8498.17 -8714.84 479.79 2917.75
37.00 4.00 -8498.17 -8656.11 479.79 2917.75
38.00 4.00 -8498.17 -8620.82 479.79 2917.75
39.00 4.00 -8498.17 -8765.60 479.79 2917.75
40.00 4.00 -8498.17 -8557.83 479.79 2917.75
41.00 4.00 -8498.17 -8677.31 479.79 2917.75
42.00 4.00 -8498.17 -8589.56 479.79 2917.75
43.00 4.00 -8498.17 -8656.35 479.79 2917.75
44.00 4.00 -8498.17 -8687.89 479.79 2917.75
45.00 4.00 -8498.17 -8642.28 479.79 2917.75
46.00 4.00 -8498.17 -8612.73 479.79 2917.75
47.00 4.00 -8498.17 -8725.62 479.79 2917.75
48.00 4.00 -8498.17 -8590.58 479.79 2917.75
49.00 4.00 -8498.17 -8601.86 479.79 2917.75
50.00 4.00 -8498.17 -8679.56 479.79 2917.75
51.00 4.00 -8498.17 -8671.99 479.79 2917.75
52.00 4.00 -8498.17 -8591.71 479.79 2917.75
53.00 4.00 -8498.17 -8614.39 479.79 2917.75
54.00 4.00 -8498.17 -8548.66 479.79 2917.75
55.00 4.00 -8498.17 -8609.83 479.79 2917.75
56.00 4.00 -8498.17 -8581.60 479.79 2917.75
57.00 4.00 -8498.17 -8694.21 479.79 2917.75
58.00 4.00 -8498.17 -8624.05 479.79 2917.75
59.00 4.00 -8498.17 -8644.40 479.79 2917.75
60.00 4.00 -8498.17 -8695.41 479.79 2917.75
61.00 4.00 -8498.17 -8566.20 479.79 2917.75
62.00 4.00 -8498.17 -8680.48 479.79 2917.75
63.00 4.00 -8498.17 -8590.98 479.79 2917.75
64.00 4.00 -8498.17 -8704.70 479.79 2917.75
65.00 4.00 -8498.17 -8589.55 479.79 2917.75
66.00 4.00 -8498.17 -8747.59 479.79 2917.75
67.00 4.00 -8498.17 -8568.09 479.79 2917.75
68.00 4.00 -8498.17 -8548.86 479.79 2917.75
69.00 4.00 -8498.17 -8719.56 479.79 2917.75
70.00 4.00 -8498.17 -8610.97 479.79 2917.75
71.00 4.00 -8498.17 -8640.63 479.79 2917.75
72.00 4.00 -8498.17 -8741.79 479.79 2917.75
73.00 4.00 -8498.17 -8576.34 479.79 2917.75
74.00 4.00 -8498.17 -8562.29 479.79 2917.75
75.00 4.00 -8498.17 -8747.21 479.79 2917.75
76.00 4.00 -8498.17 -8654.06 479.79 2917.75
77.00 4.00 -8498.17 -8674.78 479.79 2917.75
78.00 4.00 -8498.17 -8677.23 479.79 2917.75
79.00 4.00 -8498.17 -8600.83 479.79 2917.75
80.00 4.00 -8498.17 -8640.89 479.79 2917.75
81.00 4.00 -8498.17 -8619.43 479.79 2917.75
82.00 4.00 -8498.17 -8597.92 479.79 2917.75
83.00 4.00 -8498.17 -8951.80 479.79 2917.75
84.00 4.00 -8498.17 -8642.12 479.79 2917.75
85.00 4.00 -8498.17 -8711.06 479.79 2917.75
86.00 4.00 -8498.17 -8586.75 479.79 2917.75
87.00 4.00 -8498.17 -8748.71 479.79 2917.75
88.00 4.00 -8498.17 -8676.86 479.79 2917.75
89.00 4.00 -8498.17 -8659.07 479.79 2917.75
90.00 4.00 -8498.17 -8549.96 479.79 2917.75
91.00 4.00 -8498.17 -8802.88 479.79 2917.75
92.00 4.00 -8498.17 -8737.85 479.79 2917.75
93.00 4.00 -8498.17 -8625.65 479.79 2917.75
94.00 4.00 -8498.17 -8575.69 479.79 2917.75
95.00 4.00 -8498.17 -8542.38 479.79 2917.75
96.00 4.00 -8498.17 -8691.78 479.79 2917.75
97.00 4.00 -8498.17 -8624.46 479.79 2917.75
98.00 4.00 -8498.17 -8680.52 479.79 2917.75
99.00 4.00 -8498.17 -8653.84 479.79 2917.75
100.00 4.00 -8498.17 -8640.77 479.79 2917.75
101.00 4.00 -8498.17 -8628.78 479.79 2917.75
102.00 4.00 -8498.17 -8671.08 479.79 2917.75
103.00 4.00 -8498.17 -8597.40 479.79 2917.75
104.00 4.00 -8498.17 -8621.23 479.79 2917.75
105.00 4.00 -8498.17 -8674.65 479.79 2917.75
106.00 4.00 -8498.17 -8551.24 479.79 2917.75
107.00 4.00 -8498.17 -8636.81 479.79 2917.75
108.00 4.00 -8498.17 -8641.20 479.79 2917.75
109.00 4.00 -8498.17 -8713.14 479.79 2917.75
110.00 4.00 -8498.17 -8562.48 479.79 2917.75
111.00 4.00 -8498.17 -8546.30 479.79 2917.75
112.00 4.00 -8498.17 -8545.51 479.79 2917.75
113.00 4.00 -8498.17 -8619.49 479.79 2917.75
114.00 4.00 -8498.17 -8659.60 479.79 2917.75
115.00 4.00 -8498.17 -8651.27 479.79 2917.75
116.00 4.00 -8498.17 -8587.57 479.79 2917.75
117.00 4.00 -8498.17 -8785.11 479.79 2917.75
118.00 4.00 -8498.17 -8598.12 479.79 2917.75
119.00 4.00 -8498.17 -8628.88 479.79 2917.75
120.00 4.00 -8498.17 -8812.77 479.79 2917.75
121.00 4.00 -8498.17 -8665.00 479.79 2917.75
122.00 4.00 -8498.17 -8575.98 479.79 2917.75
123.00 4.00 -8498.17 -8593.30 479.79 2917.75
124.00 4.00 -8498.17 -8616.03 479.79 2917.75
125.00 4.00 -8498.17 -8537.66 479.79 2917.75
126.00 4.00 -8498.17 -8743.86 479.79 2917.75
127.00 4.00 -8498.17 -8629.26 479.79 2917.75
128.00 4.00 -8498.17 -8719.56 479.79 2917.75
129.00 4.00 -8498.17 -8522.89 479.79 2917.75
130.00 4.00 -8498.17 -8643.27 479.79 2917.75
131.00 4.00 -8498.17 -8628.71 479.79 2917.75
132.00 4.00 -8498.17 -8613.73 479.79 2917.75
133.00 4.00 -8498.17 -8538.24 479.79 2917.75
134.00 4.00 -8498.17 -8639.78 479.79 2917.75
135.00 4.00 -8498.17 -8610.83 479.79 2917.75
136.00 4.00 -8498.17 -8623.25 479.79 2917.75
137.00 4.00 -8498.17 -8696.04 479.79 2917.75
138.00 4.00 -8498.17 -8586.80 479.79 2917.75
139.00 4.00 -8498.17 -8611.46 479.79 2917.75
140.00 4.00 -8498.17 -8581.80 479.79 2917.75
141.00 4.00 -8498.17 -8685.13 479.79 2917.75
142.00 4.00 -8498.17 -8653.12 479.79 2917.75
143.00 4.00 -8498.17 -8535.73 479.79 2917.75
144.00 4.00 -8498.17 -8657.91 479.79 2917.75
145.00 4.00 -8498.17 -8704.75 479.79 2917.75
146.00 4.00 -8498.17 -8613.33 479.79 2917.75
147.00 4.00 -8498.17 -8586.50 479.79 2917.75
148.00 4.00 -8498.17 -8728.04 479.79 2917.75
149.00 4.00 -8498.17 -8643.91 479.79 2917.75
150.00 4.00 -8498.17 -8837.90 479.79 2917.75
151.00 4.00 -8498.17 -8599.80 479.79 2917.75
152.00 4.00 -8498.17 -8542.02 479.79 2917.75
153.00 4.00 -8498.17 -8598.08 479.79 2917.75
154.00 4.00 -8498.17 -8699.98 479.79 2917.75
155.00 4.00 -8498.17 -8579.55 479.79 2917.75
156.00 4.00 -8498.17 -8572.91 479.79 2917.75
157.00 4.00 -8498.17 -8582.58 479.79 2917.75
158.00 4.00 -8498.17 -8707.00 479.79 2917.75
159.00 4.00 -8498.17 -8579.94 479.79 2917.75
160.00 4.00 -8498.17 -8652.18 479.79 2917.75
161.00 4.00 -8498.17 -8712.22 479.79 2917.75
162.00 4.00 -8498.17 -8553.60 479.79 2917.75
163.00 4.00 -8498.17 -8640.56 479.79 2917.75
164.00 4.00 -8498.17 -8604.40 479.79 2917.75
165.00 4.00 -8498.17 -8646.07 479.79 2917.75
166.00 4.00 -8498.17 -8760.43 479.79 2917.75
167.00 4.00 -8498.17 -8575.54 479.79 2917.75
168.00 4.00 -8498.17 -8551.88 479.79 2917.75
169.00 4.00 -8498.17 -8763.73 479.79 2917.75
170.00 4.00 -8498.17 -8573.29 479.79 2917.75
171.00 4.00 -8498.17 -8647.23 479.79 2917.75
172.00 4.00 -8498.17 -8593.19 479.79 2917.75
173.00 4.00 -8498.17 -8548.75 479.79 2917.75
174.00 4.00 -8498.17 -8596.39 479.79 2917.75
175.00 4.00 -8498.17 -8570.12 479.79 2917.75
176.00 4.00 -8498.17 -8601.13 479.79 2917.75
177.00 4.00 -8498.17 -8616.09 479.79 2917.75
178.00 4.00 -8498.17 -8713.73 479.79 2917.75
179.00 4.00 -8498.17 -8592.80 479.79 2917.75
180.00 4.00 -8498.17 -8563.27 479.79 2917.75
181.00 4.00 -8498.17 -8648.75 479.79 2917.75
182.00 4.00 -8498.17 -8613.10 479.79 2917.75
183.00 4.00 -8498.17 -8605.34 479.79 2917.75
184.00 4.00 -8498.17 -8626.24 479.79 2917.75
185.00 4.00 -8498.17 -8744.96 479.79 2917.75
186.00 4.00 -8498.17 -8570.39 479.79 2917.75
187.00 4.00 -8498.17 -8651.71 479.79 2917.75
188.00 4.00 -8498.17 -8676.50 479.79 2917.75
189.00 4.00 -8498.17 -8625.07 479.79 2917.75
190.00 4.00 -8498.17 -8737.20 479.79 2917.75
191.00 4.00 -8498.17 -8604.35 479.79 2917.75
192.00 4.00 -8498.17 -8566.49 479.79 2917.75
193.00 4.00 -8498.17 -8618.29 479.79 2917.75
194.00 4.00 -8498.17 -8549.72 479.79 2917.75
195.00 4.00 -8498.17 -8660.84 479.79 2917.75
196.00 4.00 -8498.17 -8659.53 479.79 2917.75
197.00 4.00 -8498.17 -8597.07 479.79 2917.75
198.00 4.00 -8498.17 -8544.05 479.79 2917.75
199.00 4.00 -8498.17 -8560.17 479.79 2917.75
200.00 4.00 -8498.17 -8713.60 479.79 2917.75
201.00 4.00 -8498.17 -8712.29 479.79 2917.75
202.00 4.00 -8498.17 -8606.75 479.79 2917.75
203.00 4.00 -8498.17 -8594.26 479.79 2917.75
204.00 4.00 -8498.17 -8588.62 479.79 2917.75
205.00 4.00 -8498.17 -8727.86 479.79 2917.75
206.00 4.00 -8498.17 -8654.52 479.79 2917.75
207.00 4.00 -8498.17 -8705.32 479.79 2917.75
208.00 4.00 -8498.17 -8666.79 479.79 2917.75
209.00 4.00 -8498.17 -8637.75 479.79 2917.75
210.00 4.00 -8498.17 -8603.36 479.79 2917.75
211.00 4.00 -8498.17 -8577.20 479.79 2917.75
212.00 4.00 -8498.17 -8727.61 479.79 2917.75
213.00 4.00 -8498.17 -8677.27 479.79 2917.75
214.00 4.00 -8498.17 -8597.89 479.79 2917.75
215.00 4.00 -8498.17 -8548.67 479.79 2917.75
216.00 4.00 -8498.17 -8615.19 479.79 2917.75
217.00 4.00 -8498.17 -8574.53 479.79 2917.75
218.00 4.00 -12736.75 -12808.81 479.79 2917.75
219.00 4.00 -12736.75 -12758.87 479.79 2917.75
220.00 4.00 -12736.75 -12801.71 479.79 2917.75
221.00 4.00 -12736.75 -12779.11 479.79 2917.75
222.00 4.00 -12736.75 -12869.49 479.79 2917.75
223.00 4.00 -12736.75 -12812.98 479.79 2917.75
224.00 4.00 -12736.75 -12832.83 479.79 2917.75
225.00 4.00 -12736.75 -12981.45 479.79 2917.75
226.00 4.00 -12736.75 -12799.02 479.79 2917.75
227.00 4.00 -12736.75 -12896.09 479.79 2917.75
228.00 4.00 -12736.75 -12778.40 479.79 2917.75
229.00 4.00 -12736.75 -12761.08 479.79 2917.75
230.00 4.00 -12736.75 -12816.11 479.79 2917.75
231.00 4.00 -12736.75 -13137.40 479.79 2917.75
232.00 4.00 -12736.75 -12740.01 479.79 2917.75
233.00 4.00 -12736.75 -13212.99 479.79 2917.75
234.00 4.00 -12736.75 -12757.17 479.79 2917.75
235.00 4.00 -12736.75 -12895.45 479.79 2917.75
236.00 4.00 -12736.75 -12804.70 479.79 2917.75
237.00 4.00 -12736.75 -12862.19 479.79 2917.75
238.00 5.00 -12732.06 -12732.06 470.36 2903.15
239.00 6.00 -12710.48 -12710.48 473.83 2919.30
240.00 6.00 -12710.48 -12733.61 473.83 2919.30
241.00 6.00 -12710.48 -12720.88 473.83 2919.30
242.00 6.00 -12710.48 -12742.02 473.83 2919.30
243.00 6.00 -12710.48 -12876.40 473.83 2919.30
244.00 7.00 -12686.70 -12686.70 475.31 2909.85
245.00 7.00 -12686.70 -13100.61 475.31 2909.85
246.00 7.00 -12686.70 -12979.87 475.31 2909.85
247.00 7.00 -12686.70 -12966.24 475.31 2909.85
248.00 7.00 -12686.70 -12746.41 475.31 2909.85
249.00 7.00 -12686.70 -12791.39 475.31 2909.85
250.00 7.00 -12686.70 -12838.16 475.31 2909.85
251.00 7.00 -12686.70 -12893.35 475.31 2909.85
252.00 7.00 -12686.70 -13008.91 475.31 2909.85
253.00 8.00 -12642.26 -12642.26 462.33 2913.47
254.00 8.00 -12642.26 -12729.17 462.33 2913.47
255.00 8.00 -12642.26 -13039.71 462.33 2913.47
256.00 8.00 -12642.26 -12775.15 462.33 2913.47
257.00 8.00 -12642.26 -12776.30 462.33 2913.47
258.00 8.00 -12642.26 -12899.08 462.33 2913.47
259.00 8.00 -12642.26 -12699.32 462.33 2913.47
260.00 8.00 -12642.26 -12720.42 462.33 2913.47
261.00 8.00 -12642.26 -12814.80 462.33 2913.47
262.00 8.00 -12642.26 -12797.90 462.33 2913.47
263.00 8.00 -12642.26 -12836.31 462.33 2913.47
264.00 8.00 -12642.26 -12719.84 462.33 2913.47
265.00 8.00 -12642.26 -12813.24 462.33 2913.47
266.00 8.00 -12642.26 -12815.59 462.33 2913.47
267.00 8.00 -12642.26 -12791.20 462.33 2913.47
268.00 8.00 -12642.26 -12795.83 462.33 2913.47
269.00 8.00 -12642.26 -13022.90 462.33 2913.47
270.00 8.00 -12642.26 -12702.58 462.33 2913.47
271.00 8.00 -12642.26 -13038.99 462.33 2913.47
272.00 8.00 -12642.26 -12839.36 462.33 2913.47
273.00 8.00 -12642.26 -12785.71 462.33 2913.47
274.00 8.00 -12642.26 -12877.24 462.33 2913.47
275.00 8.00 -12642.26 -12865.86 462.33 2913.47
276.00 8.00 -12642.26 -12778.45 462.33 2913.47
277.00 8.00 -12642.26 -12877.70 462.33 2913.47
278.00 8.00 -12642.26 -12944.74 462.33 2913.47
279.00 8.00 -12642.26 -12789.25 462.33 2913.47
280.00 8.00 -12642.26 -12675.26 462.33 2913.47
281.00 8.00 -12642.26 -12818.39 462.33 2913.47
282.00 8.00 -12642.26 -12651.89 462.33 2913.47
283.00 8.00 -12642.26 -12852.84 462.33 2913.47
284.00 8.00 -12642.26 -12700.26 462.33 2913.47
285.00 8.00 -12642.26 -12766.28 462.33 2913.47
286.00 8.00 -12642.26 -12658.39 462.33 2913.47
287.00 8.00 -12642.26 -12720.31 462.33 2913.47
288.00 8.00 -12642.26 -12802.98 462.33 2913.47
289.00 8.00 -12642.26 -12928.60 462.33 2913.47
290.00 8.00 -12642.26 -12740.19 462.33 2913.47
291.00 8.00 -12642.26 -12891.06 462.33 2913.47
292.00 8.00 -12642.26 -12992.84 462.33 2913.47
293.00 8.00 -12642.26 -12812.93 462.33 2913.47
294.00 8.00 -12642.26 -13033.18 462.33 2913.47
295.00 8.00 -12642.26 -12881.48 462.33 2913.47
296.00 8.00 -12642.26 -12870.75 462.33 2913.47
297.00 8.00 -12642.26 -12720.02 462.33 2913.47
298.00 8.00 -12642.26 -12840.93 462.33 2913.47
299.00 8.00 -12642.26 -12826.25 462.33 2913.47
300.00 8.00 -12642.26 -12926.16 462.33 2913.47
301.00 8.00 -12642.26 -12992.50 462.33 2913.47
302.00 8.00 -12642.26 -12686.53 462.33 2913.47
303.00 8.00 -12642.26 -12740.11 462.33 2913.47
304.00 8.00 -12642.26 -12738.69 462.33 2913.47
305.00 8.00 -12642.26 -12688.16 462.33 2913.47
306.00 8.00 -12642.26 -12821.29 462.33 2913.47
307.00 8.00 -12642.26 -12710.15 462.33 2913.47
308.00 8.00 -12642.26 -12830.81 462.33 2913.47
309.00 8.00 -12642.26 -12909.87 462.33 2913.47
310.00 8.00 -12642.26 -12833.46 462.33 2913.47
311.00 8.00 -12642.26 -12913.39 462.33 2913.47
312.00 8.00 -12642.26 -12792.08 462.33 2913.47
313.00 8.00 -12642.26 -12785.41 462.33 2913.47
314.00 8.00 -12642.26 -12986.25 462.33 2913.47
315.00 8.00 -12642.26 -12949.88 462.33 2913.47
316.00 8.00 -12642.26 -13007.55 462.33 2913.47
317.00 8.00 -12642.26 -12657.00 462.33 2913.47
318.00 8.00 -12642.26 -12760.20 462.33 2913.47
319.00 8.00 -12642.26 -12860.87 462.33 2913.47
320.00 8.00 -12642.26 -13003.72 462.33 2913.47
321.00 8.00 -12642.26 -12830.49 462.33 2913.47
322.00 8.00 -12642.26 -12811.79 462.33 2913.47
323.00 8.00 -12642.26 -12828.21 462.33 2913.47
324.00 8.00 -12642.26 -12828.28 462.33 2913.47
325.00 8.00 -12642.26 -12846.82 462.33 2913.47
326.00 8.00 -12642.26 -12841.79 462.33 2913.47
327.00 8.00 -12642.26 -12860.11 462.33 2913.47
328.00 8.00 -12642.26 -12875.80 462.33 2913.47
329.00 8.00 -12642.26 -12835.25 462.33 2913.47
330.00 8.00 -12642.26 -12764.76 462.33 2913.47
331.00 8.00 -12642.26 -12743.77 462.33 2913.47
332.00 8.00 -12642.26 -12721.61 462.33 2913.47
333.00 8.00 -12642.26 -12973.23 462.33 2913.47
334.00 8.00 -12642.26 -13245.96 462.33 2913.47
335.00 9.00 -12629.50 -12629.50 475.90 2895.36
336.00 9.00 -12629.50 -12920.22 475.90 2895.36
337.00 9.00 -12629.50 -12753.87 475.90 2895.36
338.00 9.00 -12629.50 -12698.50 475.90 2895.36
339.00 9.00 -12629.50 -12814.62 475.90 2895.36
340.00 9.00 -12629.50 -12817.80 475.90 2895.36
341.00 9.00 -12629.50 -12771.81 475.90 2895.36
342.00 9.00 -12629.50 -12821.53 475.90 2895.36
343.00 9.00 -12629.50 -12780.90 475.90 2895.36
