0.00 0.00 -7832.79 -7897.22 1.00 1.00
1.00 1.00 -7767.82 -7767.82 470.48 2898.15
2.00 2.00 -7700.42 -7700.42 485.31 2894.27
3.00 2.00 -7700.42 -7991.91 485.31 2894.27
4.00 2.00 -7700.42 -7797.63 485.31 2894.27
5.00 2.00 -7700.42 -7857.16 485.31 2894.27
6.00 2.00 -7700.42 -7810.76 485.31 2894.27
7.00 2.00 -7700.42 -7797.00 485.31 2894.27
8.00 2.00 -7700.42 -7753.19 485.31 2894.27
9.00 2.00 -7700.42 -7706.18 485.31 2894.27
10.00 2.00 -7700.42 -7938.07 485.31 2894.27
11.00 2.00 -7700.42 -7907.90 485.31 2894.27
12.00 2.00 -7700.42 -7854.35 485.31 2894.27
13.00 2.00 -7700.42 -7827.63 485.31 2894.27
14.00 2.00 -7700.42 -7917.67 485.31 2894.27
15.00 2.00 -7700.42 -7750.12 485.31 2894.27
16.00 2.00 -7700.42 -7744.59 485.31 2894.27
17.00 2.00 -7700.42 -7825.38 485.31 2894.27
18.00 2.00 -7700.42 -7876.23 485.31 2894.27
19.00 2.00 -7700.42 -7772.44 485.31 2894.27
20.00 2.00 -7700.42 -7908.91 485.31 2894.27
21.00 2.00 -7700.42 -7828.83 485.31 2894.27
22.00 2.00 -7700.42 -7722.24 485.31 2894.27
23.00 2.00 -7700.42 -7829.63 485.31 2894.27
24.00 2.00 -7700.42 -7844.82 485.31 2894.27
25.00 2.00 -7700.42 -7779.43 485.31 2894.27
26.00 2.00 -7700.42 -7810.97 485.31 2894.27
27.00 2.00 -7700.42 -7829.39 485.31 2894.27
28.00 2.00 -7700.42 -7831.12 485.31 2894.27
29.00 2.00 -7700.42 -7814.98 485.31 2894.27
30.00 2.00 -7700.42 -7859.89 485.31 2894.27
31.00 2.00 -7700.42 -7815.76 485.31 2894.27
32.00 3.00 -7697.92 -7697.92 465.00 2894.60
33.00 3.00 -7697.92 -7854.12 465.00 2894.60
34.00 3.00 -7697.92 -7794.49 465.00 2894.60
35.00 3.00 -7697.92 -7805.60 465.00 2894.60
36.00 3.00 -7697.92 -7839.61 465.00 2894.60
37.00 3.00 -7697.92 -7718.48 465.00 2894.60
38.00 3.00 -7697.92 -7876.14 465.00 2894.60
39.00 3.00 -7697.92 -7772.56 465.00 2894.60
40.00 3.00 -7697.92 -7776.15 465.00 2894.60
41.00 3.00 -7697.92 -7776.32 465.00 2894.60
42.00 3.00 -7697.92 -7722.73 465.00 2894.60
43.00 3.00 -7697.92 -7862.52 465.00 2894.60
44.00 3.00 -7697.92 -7765.48 465.00 2894.60
45.00 3.00 -7697.92 -7747.86 465.00 2894.60
46.00 3.00 -7697.92 -7743.01 465.00 2894.60
47.00 3.00 -7697.92 -7806.44 465.00 2894.60
48.00 3.00 -7697.92 -7797.88 465.00 2894.60
49.00 3.00 -7697.92 -7858.44 465.00 2894.60
50.00 3.00 -7697.92 -7828.93 465.00 2894.60
51.00 3.00 -7697.92 -7733.00 465.00 2894.60
52.00 3.00 -7697.92 -7875.05 465.00 2894.60
53.00 3.00 -7697.92 -7893.05 465.00 2894.60
54.00 3.00 -7697.92 -7788.93 465.00 2894.60
55.00 3.00 -7697.92 -7770.82 465.00 2894.60
56.00 3.00 -7697.92 -7822.03 465.00 2894.60
57.00 3.00 -7697.92 -7740.13 465.00 2894.60
58.00 3.00 -7697.92 -7894.56 465.00 2894.60
59.00 3.00 -7697.92 -8020.91 465.00 2894.60
60.00 3.00 -7697.92 -7888.77 465.00 2894.60
61.00 3.00 -7697.92 -7807.16 465.00 2894.60
62.00 3.00 -7697.92 -7864.82 465.00 2894.60
63.00 3.00 -7697.92 -7783.54 465.00 2894.60
64.00 3.00 -7697.92 -7782.37 465.00 2894.60
65.00 3.00 -7697.92 -7754.80 465.00 2894.60
66.00 3.00 -7697.92 -7772.62 465.00 2894.60
67.00 3.00 -7697.92 -7845.60 465.00 2894.60
68.00 3.00 -7697.92 -7780.75 465.00 2894.60
69.00 3.00 -7697.92 -7814.11 465.00 2894.60
70.00 3.00 -7697.92 -7776.73 465.00 2894.60
71.00 3.00 -7697.92 -7774.86 465.00 2894.60
72.00 3.00 -7697.92 -7799.64 465.00 2894.60
73.00 3.00 -7697.92 -7777.57 465.00 2894.60
74.00 3.00 -7697.92 -7947.56 465.00 2894.60
75.00 3.00 -7697.92 -7762.04 465.00 2894.60
76.00 3.00 -7697.92 -7805.93 465.00 2894.60
77.00 3.00 -7697.92 -7830.05 465.00 2894.60
78.00 3.00 -7697.92 -7753.61 465.00 2894.60
79.00 3.00 -7697.92 -7925.71 465.00 2894.60
80.00 3.00 -7697.92 -7850.88 465.00 2894.60
81.00 3.00 -7697.92 -7753.09 465.00 2894.60
82.00 3.00 -7697.92 -7877.63 465.00 2894.60
83.00 3.00 -7697.92 -7866.31 465.00 2894.60
84.00 3.00 -7697.92 -7841.33 465.00 2894.60
85.00 3.00 -7697.92 -7869.27 465.00 2894.60
86.00 3.00 -7697.92 -7765.90 465.00 2894.60
87.00 3.00 -7697.92 -7827.94 465.00 2894.60
88.00 3.00 -7697.92 -7802.45 465.00 2894.60
89.00 3.00 -7697.92 -7723.85 465.00 2894.60
90.00 3.00 -7697.92 -7862.25 465.00 2894.60
91.00 3.00 -7697.92 -7818.89 465.00 2894.60
92.00 3.00 -7697.92 -7808.05 465.00 2894.60
93.00 3.00 -7697.92 -7707.23 465.00 2894.60
94.00 3.00 -7697.92 -7799.55 465.00 2894.60
95.00 3.00 -7697.92 -7872.09 465.00 2894.60
96.00 3.00 -7697.92 -7793.36 465.00 2894.60
97.00 3.00 -7697.92 -7766.67 465.00 2894.60
98.00 3.00 -7697.92 -7983.04 465.00 2894.60
99.00 3.00 -7697.92 -7824.42 465.00 2894.60
100.00 3.00 -7697.92 -7795.91 465.00 2894.60
101.00 3.00 -7697.92 -7785.21 465.00 2894.60
102.00 3.00 -7697.92 -7901.14 465.00 2894.60
103.00 3.00 -7697.92 -7824.61 465.00 2894.60
104.00 3.00 -7697.92 -7901.03 465.00 2894.60
105.00 3.00 -7697.92 -7823.93 465.00 2894.60
106.00 3.00 -7697.92 -7762.20 465.00 2894.60
107.00 3.00 -7697.92 -7774.09 465.00 2894.60
108.00 3.00 -7697.92 -7784.22 465.00 2894.60
109.00 3.00 -7697.92 -7895.14 465.00 2894.60
110.00 3.00 -7697.92 -7802.88 465.00 2894.60
111.00 3.00 -7697.92 -7768.28 465.00 2894.60
112.00 3.00 -7697.92 -7822.60 465.00 2894.60
113.00 3.00 -7697.92 -7739.75 465.00 2894.60
114.00 3.00 -7697.92 -7784.44 465.00 2894.60
115.00 3.00 -7697.92 -7786.10 465.00 2894.60
116.00 3.00 -7697.92 -7750.27 465.00 2894.60
117.00 3.00 -7697.92 -7814.04 465.00 2894.60
118.00 3.00 -7697.92 -7789.73 465.00 2894.60
119.00 3.00 -7697.92 -7794.98 465.00 2894.60
120.00 3.00 -7697.92 -7796.83 465.00 2894.60
121.00 3.00 -7697.92 -7778.69 465.00 2894.60
122.00 4.00 -7692.34 -7692.34 471.40 2928.67
123.00 4.00 -7692.34 -7741.66 471.40 2928.67
124.00 4.00 -7692.34 -7764.92 471.40 2928.67
125.00 4.00 -7692.34 -7738.49 471.40 2928.67
126.00 4.00 -7692.34 -7698.70 471.40 2928.67
127.00 4.00 -7692.34 -7833.44 471.40 2928.67
128.00 4.00 -7692.34 -7827.92 471.40 2928.67
129.00 4.00 -7692.34 -7830.45 471.40 2928.67
130.00 4.00 -7692.34 -7776.24 471.40 2928.67
131.00 4.00 -7692.34 -7790.48 471.40 2928.67
132.00 4.00 -7692.34 -7716.75 471.40 2928.67
133.00 4.00 -7692.34 -7800.99 471.40 2928.67
134.00 4.00 -7692.34 -7798.36 471.40 2928.67
135.00 4.00 -7692.34 -7802.54 471.40 2928.67
136.00 4.00 -7692.34 -7760.47 471.40 2928.67
137.00 4.00 -7692.34 -7742.86 471.40 2928.67
138.00 4.00 -7692.34 -7743.26 471.40 2928.67
139.00 4.00 -7692.34 -7790.08 471.40 2928.67
140.00 4.00 -7692.34 -7747.55 471.40 2928.67
141.00 4.00 -7692.34 -7811.19 471.40 2928.67
142.00 4.00 -7692.34 -7839.18 471.40 2928.67
143.00 4.00 -7692.34 -7813.21 471.40 2928.67
144.00 4.00 -7692.34 -7858.26 471.40 2928.67
145.00 4.00 -7692.34 -7784.24 471.40 2928.67
146.00 4.00 -7692.34 -7854.28 471.40 2928.67
147.00 4.00 -7692.34 -7895.43 471.40 2928.67
148.00 4.00 -7692.34 -7831.75 471.40 2928.67
149.00 4.00 -7692.34 -7762.40 471.40 2928.67
150.00 4.00 -7692.34 -7787.63 471.40 2928.67
151.00 4.00 -7692.34 -7889.23 471.40 2928.67
152.00 4.00 -7692.34 -7810.71 471.40 2928.67
153.00 4.00 -7692.34 -7746.23 471.40 2928.67
154.00 4.00 -7692.34 -7805.47 471.40 2928.67
155.00 4.00 -7692.34 -7897.01 471.40 2928.67
156.00 4.00 -7692.34 -7784.55 471.40 2928.67
157.00 4.00 -7692.34 -7726.27 471.40 2928.67
158.00 4.00 -7692.34 -7858.78 471.40 2928.67
159.00 4.00 -7692.34 -7801.74 471.40 2928.67
160.00 4.00 -7692.34 -7815.67 471.40 2928.67
161.00 4.00 -7692.34 -7779.49 471.40 2928.67
162.00 4.00 -7692.34 -7826.75 471.40 2928.67
163.00 4.00 -7692.34 -7782.29 471.40 2928.67
164.00 4.00 -7692.34 -7814.72 471.40 2928.67
165.00 4.00 -7692.34 -7730.60 471.40 2928.67
166.00 4.00 -7692.34 -7717.28 471.40 2928.67
167.00 4.00 -7692.34 -7710.81 471.40 2928.67
168.00 4.00 -7692.34 -7814.85 471.40 2928.67
169.00 4.00 -7692.34 -7775.28 471.40 2928.67
170.00 4.00 -7692.34 -7719.04 471.40 2928.67
171.00 4.00 -7692.34 -7787.70 471.40 2928.67
172.00 4.00 -7692.34 -7912.04 471.40 2928.67
173.00 5.00 -7683.16 -7683.16 471.90 2923.99
174.00 5.00 -7683.16 -7726.91 471.90 2923.99
175.00 5.00 -7683.16 -7771.33 471.90 2923.99
176.00 5.00 -7683.16 -7801.42 471.90 2923.99
177.00 5.00 -7683.16 -7784.96 471.90 2923.99
178.00 5.00 -7683.16 -7841.00 471.90 2923.99
179.00 5.00 -7683.16 -7824.29 471.90 2923.99
180.00 5.00 -7683.16 -7794.13 471.90 2923.99
181.00 5.00 -7683.16 -7770.09 471.90 2923.99
182.00 5.00 -7683.16 -7824.46 471.90 2923.99
183.00 5.00 -7683.16 -7807.41 471.90 2923.99
184.00 5.00 -7683.16 -7729.22 471.90 2923.99
185.00 5.00 -7683.16 -7845.63 471.90 2923.99
186.00 5.00 -7683.16 -7919.67 471.90 2923.99
187.00 5.00 -7683.16 -7738.57 471.90 2923.99
188.00 5.00 -7683.16 -7733.86 471.90 2923.99
189.00 5.00 -7683.16 -7833.74 471.90 2923.99
190.00 5.00 -7683.16 -7790.31 471.90 2923.99
191.00 5.00 -7683.16 -7786.11 471.90 2923.99
192.00 5.00 -7683.16 -7790.14 471.90 2923.99
193.00 5.00 -7683.16 -7762.69 471.90 2923.99
194.00 5.00 -7683.16 -7781.97 471.90 2923.99
195.00 5.00 -7683.16 -7810.13 471.90 2923.99
196.00 5.00 -7683.16 -7782.78 471.90 2923.99
197.00 5.00 -7683.16 -7708.70 471.90 2923.99
198.00 5.00 -7683.16 -7756.53 471.90 2923.99
199.00 5.00 -7683.16 -7772.78 471.90 2923.99
200.00 5.00 -7683.16 -7737.79 471.90 2923.99
201.00 5.00 -7683.16 -7776.14 471.90 2923.99
202.00 5.00 -7683.16 -7783.83 471.90 2923.99
203.00 5.00 -7683.16 -7777.55 471.90 2923.99
204.00 5.00 -7683.16 -7973.48 471.90 2923.99
205.00 5.00 -7683.16 -7780.21 471.90 2923.99
206.00 5.00 -7683.16 -7913.39 471.90 2923.99
207.00 5.00 -7683.16 -7953.89 471.90 2923.99
208.00 5.00 -7683.16 -7871.37 471.90 2923.99
209.00 5.00 -7683.16 -7866.89 471.90 2923.99
210.00 5.00 -7683.16 -7839.31 471.90 2923.99
211.00 5.00 -7683.16 -7737.28 471.90 2923.99
212.00 5.00 -7683.16 -7912.80 471.90 2923.99
213.00 5.00 -7683.16 -7800.28 471.90 2923.99
214.00 5.00 -7683.16 -7790.24 471.90 2923.99
215.00 5.00 -7683.16 -7713.11 471.90 2923.99
216.00 5.00 -7683.16 -7687.45 471.90 2923.99
217.00 5.00 -7683.16 -7794.25 471.90 2923.99
218.00 6.00 -12688.08 -12688.08 461.78 2905.17
219.00 6.00 -12688.08 -12851.96 461.78 2905.17
220.00 6.00 -12688.08 -12852.75 461.78 2905.17
221.00 6.00 -12688.08 -12784.91 461.78 2905.17
222.00 6.00 -12688.08 -12900.16 461.78 2905.17
223.00 6.00 -12688.08 -12887.01 461.78 2905.17
224.00 6.00 -12688.08 -12916.87 461.78 2905.17
225.00 6.00 -12688.08 -12717.79 461.78 2905.17
226.00 6.00 -12688.08 -12786.64 461.78 2905.17
227.00 6.00 -12688.08 -12822.98 461.78 2905.17
228.00 7.00 -12669.72 -12669.72 462.09 2923.09
229.00 7.00 -12669.72 -12789.25 462.09 2923.09
230.00 7.00 -12669.72 -12813.63 462.09 2923.09
231.00 7.00 -12669.72 -12740.80 462.09 2923.09
232.00 7.00 -12669.72 -12808.71 462.09 2923.09
233.00 7.00 -12669.72 -12769.81 462.09 2923.09
234.00 7.00 -12669.72 -12805.53 462.09 2923.09
235.00 7.00 -12669.72 -12953.17 462.09 2923.09
236.00 7.00 -12669.72 -12675.18 462.09 2923.09
237.00 7.00 -12669.72 -12751.65 462.09 2923.09
238.00 7.00 -12669.72 -13131.18 462.09 2923.09
239.00 7.00 -12669.72 -13094.61 462.09 2923.09
240.00 7.00 -12669.72 -12685.81 462.09 2923.09
241.00 7.00 -12669.72 -12792.84 462.09 2923.09
242.00 7.00 -12669.72 -12720.02 462.09 2923.09
243.00 7.00 -12669.72 -12743.03 462.09 2923.09
244.00 7.00 -12669.72 -12853.87 462.09 2923.09
245.00 7.00 -12669.72 -12804.21 462.09 2923.09
246.00 7.00 -12669.72 -13050.49 462.09 2923.09
247.00 7.00 -12669.72 -12801.32 462.09 2923.09
248.00 7.00 -12669.72 -12755.89 462.09 2923.09
249.00 7.00 -12669.72 -12890.48 462.09 2923.09
250.00 7.00 -12669.72 -12929.67 462.09 2923.09
251.00 7.00 -12669.72 -12834.94 462.09 2923.09
252.00 7.00 -12669.72 -13101.78 462.09 2923.09
253.00 7.00 -12669.72 -12745.41 462.09 2923.09
254.00 7.00 -12669.72 -12900.08 462.09 2923.09
255.00 7.00 -12669.72 -12684.30 462.09 2923.09
256.00 7.00 -12669.72 -12679.04 462.09 2923.09
257.00 7.00 -12669.72 -12831.92 462.09 2923.09
258.00 7.00 -12669.72 -12725.05 462.09 2923.09
259.00 7.00 -12669.72 -12746.17 462.09 2923.09
260.00 8.00 -12652.73 -12652.73 464.11 2898.98
261.00 8.00 -12652.73 -12771.87 464.11 2898.98
262.00 8.00 -12652.73 -12877.71 464.11 2898.98
263.00 8.00 -12652.73 -12694.59 464.11 2898.98
264.00 8.00 -12652.73 -12692.70 464.11 2898.98
265.00 8.00 -12652.73 -12693.12 464.11 2898.98
266.00 8.00 -12652.73 -12882.05 464.11 2898.98
267.00 8.00 -12652.73 -13202.09 464.11 2898.98
268.00 8.00 -12652.73 -12741.59 464.11 2898.98
269.00 8.00 -12652.73 -12848.37 464.11 2898.98
270.00 8.00 -12652.73 -12733.87 464.11 2898.98
271.00 8.00 -12652.73 -12687.92 464.11 2898.98
272.00 8.00 -12652.73 -12854.38 464.11 2898.98
273.00 8.00 -12652.73 -12719.77 464.11 2898.98
274.00 9.00 -12620.64 -12620.64 451.25 2924.55
275.00 9.00 -12620.64 -12668.93 451.25 2924.55
276.00 9.00 -12620.64 -12667.81 451.25 2924.55
277.00 9.00 -12620.64 -12659.93 451.25 2924.55
278.00 9.00 -12620.64 -12911.26 451.25 2924.55
279.00 9.00 -12620.64 -12775.57 451.25 2924.55
280.00 9.00 -12620.64 -12661.48 451.25 2924.55
281.00 9.00 -12620.64 -12748.15 451.25 2924.55
282.00 9.00 -12620.64 -12753.67 451.25 2924.55
283.00 9.00 -12620.64 -13193.15 451.25 2924.55
284.00 9.00 -12620.64 -12642.97 451.25 2924.55
285.00 9.00 -12620.64 -12808.67 451.25 2924.55
286.00 9.00 -12620.64 -12691.22 451.25 2924.55
287.00 9.00 -12620.64 -12753.62 451.25 2924.55
288.00 9.00 -12620.64 -12646.72 451.25 2924.55
289.00 9.00 -12620.64 -12769.38 451.25 2924.55
290.00 9.00 -12620.64 -12763.40 451.25 2924.55
291.00 9.00 -12620.64 -12674.85 451.25 2924.55
292.00 9.00 -12620.64 -12788.16 451.25 2924.55
293.00 9.00 -12620.64 -12888.10 451.25 2924.55
294.00 9.00 -12620.64 -12758.79 451.25 2924.55
295.00 9.00 -12620.64 -12699.86 451.25 2924.55
296.00 9.00 -12620.64 -12847.90 451.25 2924.55
297.00 9.00 -12620.64 -12663.56 451.25 2924.55
298.00 9.00 -12620.64 -12813.66 451.25 2924.55
299.00 9.00 -12620.64 -12683.53 451.25 2924.55
300.00 9.00 -12620.64 -12735.15 451.25 2924.55
301.00 9.00 -12620.64 -12795.37 451.25 2924.55
302.00 9.00 -12620.64 -12874.44 451.25 2924.55
303.00 10.00 -12601.89 -12601.89 462.39 2942.58
304.00 10.00 -12601.89 -12696.64 462.39 2942.58
305.00 10.00 -12601.89 -12812.41 462.39 2942.58
306.00 10.00 -12601.89 -12788.17 462.39 2942.58
307.00 10.00 -12601.89 -12745.34 462.39 2942.58
308.00 10.00 -12601.89 -12848.27 462.39 2942.58
309.00 10.00 -12601.89 -12844.33 462.39 2942.58
310.00 10.00 -12601.89 -12650.80 462.39 2942.58
311.00 10.00 -12601.89 -12805.26 462.39 2942.58
312.00 10.00 -12601.89 -12740.86 462.39 2942.58
313.00 10.00 -12601.89 -12705.03 462.39 2942.58
314.00 10.00 -12601.89 -12854.94 462.39 2942.58
315.00 10.00 -12601.89 -12724.29 462.39 2942.58
316.00 10.00 -12601.89 -12730.35 462.39 2942.58
317.00 10.00 -12601.89 -12729.18 462.39 2942.58
318.00 10.00 -12601.89 -12682.39 462.39 2942.58
319.00 10.00 -12601.89 -12752.04 462.39 2942.58
320.00 10.00 -12601.89 -12697.03 462.39 2942.58
321.00 10.00 -12601.89 -12656.89 462.39 2942.58
322.00 10.00 -12601.89 -12804.45 462.39 2942.58
323.00 10.00 -12601.89 -12717.62 462.39 2942.58
324.00 10.00 -12601.89 -12696.94 462.39 2942.58
325.00 10.00 -12601.89 -12771.69 462.39 2942.58
326.00 10.00 -12601.89 -12720.82 462.39 2942.58
327.00 10.00 -12601.89 -12716.84 462.39 2942.58
328.00 10.00 -12601.89 -12674.12 462.39 2942.58
329.00 10.00 -12601.89 -12637.34 462.39 2942.58
330.00 10.00 -12601.89 -12873.15 462.39 2942.58
331.00 10.00 -12601.89 -13022.48 462.39 2942.58
332.00 10.00 -12601.89 -12721.66 462.39 2942.58
333.00 10.00 -12601.89 -12748.73 462.39 2942.58
334.00 10.00 -12601.89 -12746.46 462.39 2942.58
335.00 10.00 -12601.89 -12789.56 462.39 2942.58
336.00 10.00 -12601.89 -12811.74 462.39 2942.58
337.00 10.00 -12601.89 -12801.69 462.39 2942.58
338.00 10.00 -12601.89 -12878.54 462.39 2942.58
339.00 10.00 -12601.89 -12778.91 462.39 2942.58
340.00 10.00 -12601.89 -12821.89 462.39 2942.58
341.00 10.00 -12601.89 -12645.32 462.39 2942.58
342.00 10.00 -12601.89 -12699.46 462.39 2942.58
