0.00 0.00 -12840.58 -13056.67 1.00 1.00
1.00 1.00 -12792.67 -12792.67 460.84 2932.65
2.00 1.00 -12792.67 -12978.47 460.84 2932.65
3.00 1.00 -12792.67 -12949.50 460.84 2932.65
4.00 1.00 -12792.67 -12809.05 460.84 2932.65
5.00 1.00 -12792.67 -12931.43 460.84 2932.65
6.00 1.00 -12792.67 -12816.70 460.84 2932.65
7.00 2.00 -12787.93 -12787.93 471.09 2908.59
8.00 2.00 -12787.93 -12800.65 471.09 2908.59
9.00 3.00 -12665.61 -12665.61 475.41 2892.46
10.00 3.00 -12665.61 -12687.71 475.41 2892.46
11.00 3.00 -12665.61 -12776.31 475.41 2892.46
12.00 3.00 -12665.61 -13180.73 475.41 2892.46
13.00 3.00 -12665.61 -12849.17 475.41 2892.46
14.00 3.00 -12665.61 -12885.14 475.41 2892.46
15.00 3.00 -12665.61 -12798.85 475.41 2892.46
16.00 3.00 -12665.61 -12796.71 475.41 2892.46
17.00 3.00 -12665.61 -12974.33 475.41 2892.46
18.00 3.00 -12665.61 -12953.86 475.41 2892.46
19.00 3.00 -12665.61 -12914.64 475.41 2892.46
20.00 3.00 -12665.61 -12805.90 475.41 2892.46
21.00 3.00 -12665.61 -12746.93 475.41 2892.46
22.00 3.00 -12665.61 -12819.11 475.41 2892.46
23.00 3.00 -12665.61 -12950.55 475.41 2892.46
24.00 4.00 -12653.89 -12653.89 469.45 2897.83
25.00 4.00 -12653.89 -12845.73 469.45 2897.83
26.00 4.00 -12653.89 -12916.07 469.45 2897.83
27.00 4.00 -12653.89 -12844.89 469.45 2897.83
28.00 4.00 -12653.89 -12883.17 469.45 2897.83
29.00 4.00 -12653.89 -12818.70 469.45 2897.83
30.00 4.00 -12653.89 -12867.80 469.45 2897.83
31.00 4.00 -12653.89 -12796.89 469.45 2897.83
32.00 4.00 -12653.89 -12999.65 469.45 2897.83
33.00 4.00 -12653.89 -12993.12 469.45 2897.83
34.00 4.00 -12653.89 -12975.39 469.45 2897.83
35.00 4.00 -12653.89 -12799.37 469.45 2897.83
36.00 4.00 -12653.89 -12856.58 469.45 2897.83
37.00 4.00 -12653.89 -12770.33 469.45 2897.83
38.00 4.00 -12653.89 -12810.64 469.45 2897.83
39.00 4.00 -12653.89 -12771.40 469.45 2897.83
40.00 4.00 -12653.89 -12790.61 469.45 2897.83
41.00 4.00 -12653.89 -12770.29 469.45 2897.83
42.00 4.00 -12653.89 -12993.59 469.45 2897.83
43.00 4.00 -12653.89 -12924.47 469.45 2897.83
44.00 4.00 -12653.89 -12867.49 469.45 2897.83
45.00 4.00 -12653.89 -12966.13 469.45 2897.83
46.00 4.00 -12653.89 -12786.93 469.45 2897.83
47.00 4.00 -12653.89 -12850.00 469.45 2897.83
48.00 4.00 -12653.89 -12918.06 469.45 2897.83
49.00 4.00 -12653.89 -12885.21 469.45 2897.83
50.00 4.00 -12653.89 -12993.97 469.45 2897.83
51.00 4.00 -12653.89 -12803.33 469.45 2897.83
52.00 4.00 -12653.89 -12838.03 469.45 2897.83
53.00 4.00 -12653.89 -12804.67 469.45 2897.83
54.00 4.00 -12653.89 -12869.33 469.45 2897.83
55.00 4.00 -12653.89 -12739.20 469.45 2897.83
56.00 4.00 -12653.89 -12806.50 469.45 2897.83
57.00 4.00 -12653.89 -12883.10 469.45 2897.83
58.00 4.00 -12653.89 -12819.10 469.45 2897.83
59.00 4.00 -12653.89 -12883.61 469.45 2897.83
60.00 4.00 -12653.89 -12757.44 469.45 2897.83
61.00 4.00 -12653.89 -12891.61 469.45 2897.83
62.00 4.00 -12653.89 -12885.44 469.45 2897.83
63.00 4.00 -12653.89 -12905.64 469.45 2897.83
64.00 4.00 -12653.89 -12957.52 469.45 2897.83
65.00 4.00 -12653.89 -12872.63 469.45 2897.83
66.00 4.00 -12653.89 -12751.26 469.45 2897.83
67.00 4.00 -12653.89 -13001.40 469.45 2897.83
68.00 4.00 -12653.89 -12836.58 469.45 2897.83
69.00 4.00 -12653.89 -12801.09 469.45 2897.83
70.00 4.00 -12653.89 -12860.68 469.45 2897.83
71.00 4.00 -12653.89 -12954.80 469.45 2897.83
72.00 4.00 -12653.89 -13045.81 469.45 2897.83
73.00 4.00 -12653.89 -12838.64 469.45 2897.83
74.00 4.00 -12653.89 -12917.91 469.45 2897.83
75.00 4.00 -12653.89 -13052.93 469.45 2897.83
76.00 4.00 -12653.89 -12953.22 469.45 2897.83
77.00 4.00 -12653.89 -12828.70 469.45 2897.83
78.00 4.00 -12653.89 -12746.76 469.45 2897.83
79.00 4.00 -12653.89 -12698.91 469.45 2897.83
80.00 4.00 -12653.89 -12777.52 469.45 2897.83
81.00 4.00 -12653.89 -12926.25 469.45 2897.83
82.00 4.00 -12653.89 -12998.48 469.45 2897.83
83.00 4.00 -12653.89 -12765.03 469.45 2897.83
84.00 4.00 -12653.89 -12857.98 469.45 2897.83
85.00 4.00 -12653.89 -12724.17 469.45 2897.83
86.00 4.00 -12653.89 -12768.09 469.45 2897.83
87.00 4.00 -12653.89 -12780.67 469.45 2897.83
88.00 4.00 -12653.89 -12798.32 469.45 2897.83
89.00 4.00 -12653.89 -12808.36 469.45 2897.83
90.00 4.00 -12653.89 -12784.06 469.45 2897.83
91.00 4.00 -12653.89 -12912.24 469.45 2897.83
92.00 4.00 -12653.89 -12872.77 469.45 2897.83
93.00 4.00 -12653.89 -13158.37 469.45 2897.83
94.00 4.00 -12653.89 -12880.66 469.45 2897.83
95.00 4.00 -12653.89 -12817.19 469.45 2897.83
96.00 4.00 -12653.89 -13015.10 469.45 2897.83
97.00 4.00 -12653.89 -12851.90 469.45 2897.83
98.00 4.00 -12653.89 -12789.77 469.45 2897.83
99.00 4.00 -12653.89 -12921.02 469.45 2897.83
100.00 4.00 -12653.89 -12787.17 469.45 2897.83
101.00 4.00 -12653.89 -12931.62 469.45 2897.83
102.00 4.00 -12653.89 -12971.58 469.45 2897.83
103.00 4.00 -12653.89 -12679.81 469.45 2897.83
104.00 4.00 -12653.89 -12748.27 469.45 2897.83
105.00 4.00 -12653.89 -12888.74 469.45 2897.83
106.00 4.00 -12653.89 -12717.44 469.45 2897.83
107.00 4.00 -12653.89 -12867.71 469.45 2897.83
108.00 4.00 -12653.89 -12810.14 469.45 2897.83
109.00 4.00 -12653.89 -12792.87 469.45 2897.83
110.00 4.00 -12653.89 -12811.96 469.45 2897.83
111.00 4.00 -12653.89 -12732.12 469.45 2897.83
112.00 4.00 -12653.89 -12801.70 469.45 2897.83
113.00 4.00 -12653.89 -12804.98 469.45 2897.83
114.00 4.00 -12653.89 -12837.24 469.45 2897.83
115.00 4.00 -12653.89 -12742.45 469.45 2897.83
116.00 4.00 -12653.89 -12977.94 469.45 2897.83
117.00 4.00 -12653.89 -12669.95 469.45 2897.83
118.00 4.00 -12653.89 -12975.05 469.45 2897.83
119.00 4.00 -12653.89 -12852.82 469.45 2897.83
120.00 4.00 -12653.89 -12720.04 469.45 2897.83
121.00 4.00 -12653.89 -12878.40 469.45 2897.83
122.00 4.00 -12653.89 -12914.98 469.45 2897.83
123.00 4.00 -12653.89 -12763.87 469.45 2897.83
124.00 4.00 -12653.89 -12865.44 469.45 2897.83
125.00 4.00 -12653.89 -12963.17 469.45 2897.83
126.00 4.00 -12653.89 -12836.15 469.45 2897.83
127.00 4.00 -12653.89 -12900.24 469.45 2897.83
128.00 4.00 -12653.89 -12936.17 469.45 2897.83
129.00 4.00 -12653.89 -12807.00 469.45 2897.83
130.00 4.00 -12653.89 -12828.70 469.45 2897.83
131.00 4.00 -12653.89 -12746.47 469.45 2897.83
132.00 4.00 -12653.89 -12961.97 469.45 2897.83
133.00 4.00 -12653.89 -12833.24 469.45 2897.83
134.00 4.00 -12653.89 -12915.30 469.45 2897.83
135.00 4.00 -12653.89 -12811.35 469.45 2897.83
136.00 4.00 -12653.89 -12777.44 469.45 2897.83
137.00 4.00 -12653.89 -12839.10 469.45 2897.83
138.00 4.00 -12653.89 -12875.54 469.45 2897.83
139.00 4.00 -12653.89 -12804.82 469.45 2897.83
140.00 4.00 -12653.89 -12951.99 469.45 2897.83
141.00 4.00 -12653.89 -12800.73 469.45 2897.83
142.00 4.00 -12653.89 -12828.18 469.45 2897.83
143.00 4.00 -12653.89 -12912.17 469.45 2897.83
144.00 4.00 -12653.89 -12787.61 469.45 2897.83
145.00 4.00 -12653.89 -12713.40 469.45 2897.83
146.00 4.00 -12653.89 -13016.23 469.45 2897.83
147.00 4.00 -12653.89 -12920.41 469.45 2897.83
148.00 4.00 -12653.89 -12820.95 469.45 2897.83
149.00 4.00 -12653.89 -12973.94 469.45 2897.83
150.00 4.00 -12653.89 -12930.04 469.45 2897.83
151.00 4.00 -12653.89 -12856.02 469.45 2897.83
152.00 4.00 -12653.89 -12827.75 469.45 2897.83
153.00 4.00 -12653.89 -12792.31 469.45 2897.83
154.00 4.00 -12653.89 -12832.13 469.45 2897.83
155.00 4.00 -12653.89 -12800.92 469.45 2897.83
156.00 4.00 -12653.89 -12816.70 469.45 2897.83
157.00 4.00 -12653.89 -12767.38 469.45 2897.83
158.00 4.00 -12653.89 -12962.99 469.45 2897.83
159.00 4.00 -12653.89 -13066.92 469.45 2897.83
160.00 4.00 -12653.89 -12807.41 469.45 2897.83
161.00 4.00 -12653.89 -12736.12 469.45 2897.83
162.00 4.00 -12653.89 -13104.82 469.45 2897.83
163.00 4.00 -12653.89 -12796.01 469.45 2897.83
164.00 4.00 -12653.89 -12711.33 469.45 2897.83
165.00 4.00 -12653.89 -12937.31 469.45 2897.83
166.00 4.00 -12653.89 -12888.99 469.45 2897.83
167.00 4.00 -12653.89 -12803.33 469.45 2897.83
168.00 4.00 -12653.89 -12817.71 469.45 2897.83
169.00 4.00 -12653.89 -12923.92 469.45 2897.83
170.00 4.00 -12653.89 -12819.67 469.45 2897.83
171.00 4.00 -12653.89 -12825.16 469.45 2897.83
172.00 4.00 -12653.89 -12815.04 469.45 2897.83
173.00 4.00 -12653.89 -12899.76 469.45 2897.83
174.00 4.00 -12653.89 -12821.05 469.45 2897.83
175.00 4.00 -12653.89 -12857.03 469.45 2897.83
176.00 4.00 -12653.89 -12840.19 469.45 2897.83
177.00 5.00 -12587.15 -12587.15 467.38 2889.89
178.00 5.00 -12587.15 -12863.34 467.38 2889.89
179.00 5.00 -12587.15 -12761.73 467.38 2889.89
180.00 5.00 -12587.15 -12797.63 467.38 2889.89
181.00 5.00 -12587.15 -12838.97 467.38 2889.89
182.00 5.00 -12587.15 -12820.81 467.38 2889.89
183.00 5.00 -12587.15 -12715.72 467.38 2889.89
184.00 5.00 -12587.15 -12930.81 467.38 2889.89
185.00 5.00 -12587.15 -12931.60 467.38 2889.89
186.00 5.00 -12587.15 -12704.51 467.38 2889.89
187.00 5.00 -12587.15 -12863.74 467.38 2889.89
188.00 5.00 -12587.15 -12840.49 467.38 2889.89
189.00 5.00 -12587.15 -12899.19 467.38 2889.89
190.00 5.00 -12587.15 -12791.06 467.38 2889.89
191.00 5.00 -12587.15 -13295.66 467.38 2889.89
192.00 5.00 -12587.15 -12843.68 467.38 2889.89
193.00 5.00 -12587.15 -12792.39 467.38 2889.89
194.00 5.00 -12587.15 -12774.63 467.38 2889.89
195.00 5.00 -12587.15 -12809.46 467.38 2889.89
196.00 5.00 -12587.15 -12884.14 467.38 2889.89
197.00 5.00 -12587.15 -12818.59 467.38 2889.89
198.00 5.00 -12587.15 -12750.09 467.38 2889.89
199.00 5.00 -12587.15 -12919.23 467.38 2889.89
200.00 5.00 -12587.15 -12690.46 467.38 2889.89
201.00 5.00 -12587.15 -12669.31 467.38 2889.89
202.00 5.00 -12587.15 -12860.90 467.38 2889.89
203.00 5.00 -12587.15 -12765.67 467.38 2889.89
204.00 5.00 -12587.15 -12970.79 467.38 2889.89
205.00 5.00 -12587.15 -12797.43 467.38 2889.89
206.00 5.00 -12587.15 -12898.78 467.38 2889.89
207.00 5.00 -12587.15 -12723.96 467.38 2889.89
208.00 5.00 -12587.15 -12729.98 467.38 2889.89
209.00 5.00 -12587.15 -12837.68 467.38 2889.89
210.00 5.00 -12587.15 -12795.12 467.38 2889.89
211.00 5.00 -12587.15 -12995.21 467.38 2889.89
212.00 5.00 -12587.15 -12900.76 467.38 2889.89
213.00 5.00 -12587.15 -12851.00 467.38 2889.89
214.00 5.00 -12587.15 -12932.55 467.38 2889.89
215.00 5.00 -12587.15 -13009.06 467.38 2889.89
216.00 5.00 -12587.15 -12854.30 467.38 2889.89
217.00 5.00 -12587.15 -12793.89 467.38 2889.89
218.00 5.00 -12793.89 -12892.34 467.38 2889.89
219.00 6.00 -12720.22 -12720.22 467.79 2904.12
220.00 6.00 -12720.22 -13022.61 467.79 2904.12
221.00 6.00 -12720.22 -12851.51 467.79 2904.12
222.00 6.00 -12720.22 -12813.49 467.79 2904.12
223.00 6.00 -12720.22 -13016.62 467.79 2904.12
224.00 6.00 -12720.22 -12823.00 467.79 2904.12
225.00 7.00 -12714.22 -12714.22 472.42 2895.96
226.00 7.00 -12714.22 -12850.70 472.42 2895.96
227.00 7.00 -12714.22 -12850.40 472.42 2895.96
228.00 7.00 -12714.22 -13058.90 472.42 2895.96
229.00 7.00 -12714.22 -12823.57 472.42 2895.96
230.00 7.00 -12714.22 -12794.45 472.42 2895.96
231.00 7.00 -12714.22 -12762.58 472.42 2895.96
232.00 7.00 -12714.22 -12798.68 472.42 2895.96
233.00 7.00 -12714.22 -12899.34 472.42 2895.96
234.00 7.00 -12714.22 -12814.02 472.42 2895.96
235.00 7.00 -12714.22 -12837.08 472.42 2895.96
236.00 7.00 -12714.22 -12810.87 472.42 2895.96
237.00 7.00 -12714.22 -12722.34 472.42 2895.96
238.00 7.00 -12714.22 -12749.09 472.42 2895.96
239.00 7.00 -12714.22 -12919.78 472.42 2895.96
240.00 7.00 -12714.22 -12757.63 472.42 2895.96
241.00 7.00 -12714.22 -12728.25 472.42 2895.96
242.00 7.00 -12714.22 -12961.05 472.42 2895.96
243.00 7.00 -12714.22 -12716.05 472.42 2895.96
244.00 7.00 -12714.22 -12920.51 472.42 2895.96
245.00 7.00 -12714.22 -12757.17 472.42 2895.96
246.00 7.00 -12714.22 -12798.67 472.42 2895.96
247.00 8.00 -12669.21 -12669.21 474.83 2918.92
248.00 8.00 -12669.21 -12775.60 474.83 2918.92
249.00 8.00 -12669.21 -12872.09 474.83 2918.92
250.00 8.00 -12669.21 -12791.59 474.83 2918.92
251.00 8.00 -12669.21 -12751.95 474.83 2918.92
252.00 8.00 -12669.21 -12738.11 474.83 2918.92
253.00 8.00 -12669.21 -12770.33 474.83 2918.92
254.00 8.00 -12669.21 -12732.96 474.83 2918.92
255.00 8.00 -12669.21 -12878.68 474.83 2918.92
256.00 8.00 -12669.21 -12785.88 474.83 2918.92
257.00 8.00 -12669.21 -12756.39 474.83 2918.92
258.00 8.00 -12669.21 -12709.71 474.83 2918.92
259.00 8.00 -12669.21 -12735.08 474.83 2918.92
260.00 8.00 -12669.21 -12682.84 474.83 2918.92
261.00 8.00 -12669.21 -12674.62 474.83 2918.92
262.00 8.00 -12669.21 -12746.49 474.83 2918.92
263.00 8.00 -12669.21 -12847.83 474.83 2918.92
264.00 8.00 -12669.21 -12795.13 474.83 2918.92
265.00 8.00 -12669.21 -12876.51 474.83 2918.92
266.00 8.00 -12669.21 -12725.67 474.83 2918.92
267.00 8.00 -12669.21 -12821.10 474.83 2918.92
268.00 8.00 -12669.21 -12697.60 474.83 2918.92
269.00 8.00 -12669.21 -12735.08 474.83 2918.92
270.00 8.00 -12669.21 -12827.92 474.83 2918.92
271.00 8.00 -12669.21 -12816.49 474.83 2918.92
272.00 8.00 -12669.21 -12986.78 474.83 2918.92
273.00 8.00 -12669.21 -12770.02 474.83 2918.92
274.00 8.00 -12669.21 -12750.63 474.83 2918.92
275.00 8.00 -12669.21 -12753.56 474.83 2918.92
276.00 8.00 -12669.21 -12902.12 474.83 2918.92
277.00 8.00 -12669.21 -12857.60 474.83 2918.92
278.00 8.00 -12669.21 -12791.82 474.83 2918.92
279.00 9.00 -12668.31 -12668.31 475.77 2932.11
280.00 9.00 -12668.31 -12737.86 475.77 2932.11
281.00 9.00 -12668.31 -12820.28 475.77 2932.11
282.00 9.00 -12668.31 -12725.39 475.77 2932.11
283.00 9.00 -12668.31 -12740.23 475.77 2932.11
284.00 9.00 -12668.31 -12737.96 475.77 2932.11
285.00 9.00 -12668.31 -12712.20 475.77 2932.11
286.00 9.00 -12668.31 -12981.45 475.77 2932.11
287.00 9.00 -12668.31 -12788.67 475.77 2932.11
288.00 9.00 -12668.31 -12824.77 475.77 2932.11
289.00 9.00 -12668.31 -12799.01 475.77 2932.11
290.00 9.00 -12668.31 -12686.28 475.77 2932.11
291.00 9.00 -12668.31 -12761.72 475.77 2932.11
292.00 9.00 -12668.31 -13119.97 475.77 2932.11
293.00 9.00 -12668.31 -12770.46 475.77 2932.11
294.00 9.00 -12668.31 -12745.56 475.77 2932.11
295.00 9.00 -12668.31 -13046.84 475.77 2932.11
296.00 9.00 -12668.31 -12949.30 475.77 2932.11
297.00 9.00 -12668.31 -12718.76 475.77 2932.11
298.00 9.00 -12668.31 -12823.43 475.77 2932.11
299.00 9.00 -12668.31 -12772.20 475.77 2932.11
300.00 9.00 -12668.31 -12775.12 475.77 2932.11
301.00 9.00 -12668.31 -12842.12 475.77 2932.11
302.00 10.00 -12644.65 -12644.65 462.31 2907.33
303.00 10.00 -12644.65 -12769.98 462.31 2907.33
304.00 10.00 -12644.65 -12824.13 462.31 2907.33
305.00 10.00 -12644.65 -12917.41 462.31 2907.33
306.00 10.00 -12644.65 -12945.17 462.31 2907.33
307.00 10.00 -12644.65 -12898.10 462.31 2907.33
308.00 10.00 -12644.65 -12756.13 462.31 2907.33
309.00 10.00 -12644.65 -12788.25 462.31 2907.33
310.00 10.00 -12644.65 -12792.08 462.31 2907.33
311.00 10.00 -12644.65 -12671.58 462.31 2907.33
312.00 10.00 -12644.65 -12778.02 462.31 2907.33
313.00 10.00 -12644.65 -12961.46 462.31 2907.33
314.00 10.00 -12644.65 -12881.15 462.31 2907.33
315.00 10.00 -12644.65 -12729.36 462.31 2907.33
316.00 10.00 -12644.65 -12886.84 462.31 2907.33
317.00 10.00 -12644.65 -12699.59 462.31 2907.33
318.00 10.00 -12644.65 -12855.00 462.31 2907.33
319.00 10.00 -12644.65 -12836.87 462.31 2907.33
320.00 10.00 -12644.65 -12863.04 462.31 2907.33
321.00 10.00 -12644.65 -12807.53 462.31 2907.33
322.00 10.00 -12644.65 -12807.67 462.31 2907.33
323.00 10.00 -12644.65 -12913.93 462.31 2907.33
324.00 10.00 -12644.65 -12739.22 462.31 2907.33
325.00 10.00 -12644.65 -12742.27 462.31 2907.33
326.00 11.00 -12623.23 -12623.23 463.22 2898.00
327.00 11.00 -12623.23 -12735.47 463.22 2898.00
328.00 11.00 -12623.23 -12640.23 463.22 2898.00
329.00 11.00 -12623.23 -12699.60 463.22 2898.00
330.00 11.00 -12623.23 -12790.38 463.22 2898.00
331.00 11.00 -12623.23 -12917.20 463.22 2898.00
332.00 11.00 -12623.23 -12794.28 463.22 2898.00
333.00 11.00 -12623.23 -12895.04 463.22 2898.00
334.00 11.00 -12623.23 -12803.65 463.22 2898.00
335.00 11.00 -12623.23 -12766.43 463.22 2898.00
336.00 11.00 -12623.23 -12805.48 463.22 2898.00
337.00 11.00 -12623.23 -12864.70 463.22 2898.00
338.00 11.00 -12623.23 -12933.15 463.22 2898.00
339.00 11.00 -12623.23 -12756.87 463.22 2898.00
340.00 11.00 -12623.23 -12770.85 463.22 2898.00
341.00 11.00 -12623.23 -12851.74 463.22 2898.00
342.00 11.00 -12623.23 -12836.04 463.22 2898.00
343.00 11.00 -12623.23 -12814.06 463.22 2898.00
