0.00 0.00 -6413.70 -6506.71 1.00 1.00
1.00 0.00 -6413.70 -6503.30 1.00 1.00
2.00 0.00 -6413.70 -6572.38 1.00 1.00
3.00 0.00 -6413.70 -6437.33 1.00 1.00
4.00 0.00 -6413.70 -6489.61 1.00 1.00
5.00 0.00 -6413.70 -6477.26 1.00 1.00
6.00 0.00 -6413.70 -6501.86 1.00 1.00
7.00 0.00 -6413.70 -6458.09 1.00 1.00
8.00 0.00 -6413.70 -6539.86 1.00 1.00
9.00 0.00 -6413.70 -6566.46 1.00 1.00
10.00 0.00 -6413.70 -6469.68 1.00 1.00
11.00 0.00 -6413.70 -6417.82 1.00 1.00
12.00 1.00 -6391.22 -6391.22 468.15 2904.20
13.00 1.00 -6391.22 -6413.05 468.15 2904.20
14.00 1.00 -6391.22 -6493.42 468.15 2904.20
15.00 1.00 -6391.22 -6462.81 468.15 2904.20
16.00 1.00 -6391.22 -6447.11 468.15 2904.20
17.00 1.00 -6391.22 -6538.24 468.15 2904.20
18.00 1.00 -6391.22 -6394.77 468.15 2904.20
19.00 1.00 -6391.22 -6433.29 468.15 2904.20
20.00 1.00 -6391.22 -6481.51 468.15 2904.20
21.00 1.00 -6391.22 -6489.98 468.15 2904.20
22.00 1.00 -6391.22 -6496.49 468.15 2904.20
23.00 1.00 -6391.22 -6420.17 468.15 2904.20
24.00 1.00 -6391.22 -6486.29 468.15 2904.20
25.00 1.00 -6391.22 -6573.62 468.15 2904.20
26.00 1.00 -6391.22 -6474.65 468.15 2904.20
27.00 1.00 -6391.22 -6433.79 468.15 2904.20
28.00 1.00 -6391.22 -6477.39 468.15 2904.20
29.00 1.00 -6391.22 -6505.69 468.15 2904.20
30.00 1.00 -6391.22 -6419.63 468.15 2904.20
31.00 1.00 -6391.22 -6400.02 468.15 2904.20
32.00 2.00 -6376.74 -6376.74 468.49 2912.01
33.00 2.00 -6376.74 -6416.75 468.49 2912.01
34.00 2.00 -6376.74 -6419.16 468.49 2912.01
35.00 2.00 -6376.74 -6440.67 468.49 2912.01
36.00 3.00 -6375.97 -6375.97 467.33 2917.60
37.00 3.00 -6375.97 -6404.61 467.33 2917.60
38.00 3.00 -6375.97 -6457.97 467.33 2917.60
39.00 3.00 -6375.97 -6458.22 467.33 2917.60
40.00 4.00 -6366.77 -6366.77 466.88 2903.66
41.00 4.00 -6366.77 -6584.21 466.88 2903.66
42.00 4.00 -6366.77 -6412.35 466.88 2903.66
43.00 4.00 -6366.77 -6482.17 466.88 2903.66
44.00 4.00 -6366.77 -6532.93 466.88 2903.66
45.00 4.00 -6366.77 -6443.43 466.88 2903.66
46.00 4.00 -6366.77 -6528.28 466.88 2903.66
47.00 4.00 -6366.77 -6444.56 466.88 2903.66
48.00 4.00 -6366.77 -6457.73 466.88 2903.66
49.00 4.00 -6366.77 -6417.79 466.88 2903.66
50.00 4.00 -6366.77 -6434.69 466.88 2903.66
51.00 4.00 -6366.77 -6386.75 466.88 2903.66
52.00 4.00 -6366.77 -6413.89 466.88 2903.66
53.00 4.00 -6366.77 -6381.97 466.88 2903.66
54.00 4.00 -6366.77 -6468.69 466.88 2903.66
55.00 4.00 -6366.77 -6447.41 466.88 2903.66
56.00 4.00 -6366.77 -6432.26 466.88 2903.66
57.00 4.00 -6366.77 -6443.57 466.88 2903.66
58.00 4.00 -6366.77 -6406.76 466.88 2903.66
59.00 4.00 -6366.77 -6543.93 466.88 2903.66
60.00 4.00 -6366.77 -6386.69 466.88 2903.66
61.00 4.00 -6366.77 -6526.58 466.88 2903.66
62.00 4.00 -6366.77 -6450.42 466.88 2903.66
63.00 4.00 -6366.77 -6467.47 466.88 2903.66
64.00 5.00 -6363.01 -6363.01 475.94 2927.85
65.00 5.00 -6363.01 -6379.60 475.94 2927.85
66.00 5.00 -6363.01 -6471.63 475.94 2927.85
67.00 5.00 -6363.01 -6515.73 475.94 2927.85
68.00 5.00 -6363.01 -6406.75 475.94 2927.85
69.00 5.00 -6363.01 -6404.51 475.94 2927.85
70.00 5.00 -6363.01 -6403.59 475.94 2927.85
71.00 5.00 -6363.01 -6397.33 475.94 2927.85
72.00 5.00 -6363.01 -6380.42 475.94 2927.85
73.00 5.00 -6363.01 -6382.55 475.94 2927.85
74.00 5.00 -6363.01 -6466.51 475.94 2927.85
75.00 5.00 -6363.01 -6386.09 475.94 2927.85
76.00 5.00 -6363.01 -6465.10 475.94 2927.85
77.00 5.00 -6363.01 -6413.08 475.94 2927.85
78.00 5.00 -6363.01 -6407.00 475.94 2927.85
79.00 5.00 -6363.01 -6405.75 475.94 2927.85
80.00 5.00 -6363.01 -6449.23 475.94 2927.85
81.00 5.00 -6363.01 -6385.26 475.94 2927.85
82.00 5.00 -6363.01 -6501.44 475.94 2927.85
83.00 5.00 -6363.01 -6370.64 475.94 2927.85
84.00 5.00 -6363.01 -6439.94 475.94 2927.85
85.00 6.00 -6360.30 -6360.30 478.16 2919.91
86.00 6.00 -6360.30 -6450.81 478.16 2919.91
87.00 6.00 -6360.30 -6643.56 478.16 2919.91
88.00 6.00 -6360.30 -6443.47 478.16 2919.91
89.00 7.00 -6343.37 -6343.37 472.12 2925.59
90.00 7.00 -6343.37 -6455.05 472.12 2925.59
91.00 7.00 -6343.37 -6387.06 472.12 2925.59
92.00 7.00 -6343.37 -6383.38 472.12 2925.59
93.00 7.00 -6343.37 -6407.12 472.12 2925.59
94.00 7.00 -6343.37 -6405.18 472.12 2925.59
95.00 7.00 -6343.37 -6352.07 472.12 2925.59
96.00 7.00 -6343.37 -6360.23 472.12 2925.59
97.00 7.00 -6343.37 -6414.27 472.12 2925.59
98.00 7.00 -6343.37 -6393.99 472.12 2925.59
99.00 7.00 -6343.37 -6413.93 472.12 2925.59
100.00 7.00 -6343.37 -6368.90 472.12 2925.59
101.00 8.00 -6303.35 -6303.35 479.23 2910.79
102.00 8.00 -6303.35 -6410.43 479.23 2910.79
103.00 8.00 -6303.35 -6373.00 479.23 2910.79
104.00 8.00 -6303.35 -6438.03 479.23 2910.79
105.00 8.00 -6303.35 -6425.52 479.23 2910.79
106.00 8.00 -6303.35 -6453.19 479.23 2910.79
107.00 8.00 -6303.35 -6398.85 479.23 2910.79
108.00 8.00 -6303.35 -6474.08 479.23 2910.79
109.00 8.00 -6303.35 -6368.59 479.23 2910.79
110.00 8.00 -6303.35 -6429.23 479.23 2910.79
111.00 8.00 -6303.35 -6420.70 479.23 2910.79
112.00 8.00 -6303.35 -6483.61 479.23 2910.79
113.00 8.00 -6303.35 -6409.82 479.23 2910.79
114.00 8.00 -6303.35 -6431.83 479.23 2910.79
115.00 8.00 -6303.35 -6380.53 479.23 2910.79
116.00 8.00 -6303.35 -6390.00 479.23 2910.79
117.00 8.00 -6303.35 -6364.86 479.23 2910.79
118.00 8.00 -6303.35 -6417.36 479.23 2910.79
119.00 8.00 -6303.35 -6587.84 479.23 2910.79
120.00 8.00 -6303.35 -6373.01 479.23 2910.79
121.00 8.00 -6303.35 -6392.71 479.23 2910.79
122.00 8.00 -6303.35 -6452.33 479.23 2910.79
123.00 8.00 -6303.35 -6372.04 479.23 2910.79
124.00 8.00 -6303.35 -6390.52 479.23 2910.79
125.00 8.00 -6303.35 -6399.15 479.23 2910.79
126.00 8.00 -6303.35 -6386.04 479.23 2910.79
127.00 8.00 -6303.35 -6400.51 479.23 2910.79
128.00 8.00 -6303.35 -6388.96 479.23 2910.79
129.00 8.00 -6303.35 -6431.25 479.23 2910.79
130.00 8.00 -6303.35 -6438.78 479.23 2910.79
131.00 8.00 -6303.35 -6358.90 479.23 2910.79
132.00 8.00 -6303.35 -6439.35 479.23 2910.79
133.00 8.00 -6303.35 -6466.58 479.23 2910.79
134.00 8.00 -6303.35 -6446.66 479.23 2910.79
135.00 8.00 -6303.35 -6356.84 479.23 2910.79
136.00 8.00 -6303.35 -6399.14 479.23 2910.79
137.00 8.00 -6303.35 -6439.51 479.23 2910.79
138.00 8.00 -6303.35 -6361.56 479.23 2910.79
139.00 8.00 -6303.35 -6437.84 479.23 2910.79
140.00 8.00 -6303.35 -6563.60 479.23 2910.79
141.00 8.00 -6303.35 -6577.40 479.23 2910.79
142.00 8.00 -6303.35 -6387.47 479.23 2910.79
143.00 8.00 -6303.35 -6524.55 479.23 2910.79
144.00 8.00 -6303.35 -6341.60 479.23 2910.79
145.00 8.00 -6303.35 -6382.87 479.23 2910.79
146.00 8.00 -6303.35 -6355.93 479.23 2910.79
147.00 8.00 -6303.35 -6443.09 479.23 2910.79
148.00 8.00 -6303.35 -6383.46 479.23 2910.79
149.00 8.00 -6303.35 -6370.48 479.23 2910.79
150.00 8.00 -6303.35 -6432.89 479.23 2910.79
151.00 8.00 -6303.35 -6427.70 479.23 2910.79
152.00 8.00 -6303.35 -6342.97 479.23 2910.79
153.00 8.00 -6303.35 -6415.55 479.23 2910.79
154.00 8.00 -6303.35 -6422.01 479.23 2910.79
155.00 8.00 -6303.35 -6393.51 479.23 2910.79
156.00 8.00 -6303.35 -6498.15 479.23 2910.79
157.00 8.00 -6303.35 -6387.04 479.23 2910.79
158.00 8.00 -6303.35 -6400.78 479.23 2910.79
159.00 8.00 -6303.35 -6321.51 479.23 2910.79
160.00 8.00 -6303.35 -6449.06 479.23 2910.79
161.00 8.00 -6303.35 -6350.48 479.23 2910.79
162.00 8.00 -6303.35 -6392.46 479.23 2910.79
163.00 8.00 -6303.35 -6422.96 479.23 2910.79
164.00 8.00 -6303.35 -6325.94 479.23 2910.79
165.00 8.00 -6303.35 -6494.11 479.23 2910.79
166.00 8.00 -6303.35 -6347.45 479.23 2910.79
167.00 8.00 -6303.35 -6385.75 479.23 2910.79
168.00 8.00 -6303.35 -6460.03 479.23 2910.79
169.00 8.00 -6303.35 -6339.47 479.23 2910.79
170.00 8.00 -6303.35 -6377.61 479.23 2910.79
171.00 8.00 -6303.35 -6350.85 479.23 2910.79
172.00 8.00 -6303.35 -6392.57 479.23 2910.79
173.00 8.00 -6303.35 -6371.26 479.23 2910.79
174.00 8.00 -6303.35 -6407.32 479.23 2910.79
175.00 8.00 -6303.35 -6442.74 479.23 2910.79
176.00 8.00 -6303.35 -6344.78 479.23 2910.79
177.00 8.00 -6303.35 -6455.85 479.23 2910.79
178.00 8.00 -6303.35 -6420.16 479.23 2910.79
179.00 8.00 -6303.35 -6370.11 479.23 2910.79
180.00 8.00 -6303.35 -6394.55 479.23 2910.79
181.00 8.00 -6303.35 -6358.43 479.23 2910.79
182.00 8.00 -6303.35 -6378.63 479.23 2910.79
183.00 8.00 -6303.35 -6367.64 479.23 2910.79
184.00 8.00 -6303.35 -6436.77 479.23 2910.79
185.00 8.00 -6303.35 -6366.27 479.23 2910.79
186.00 8.00 -6303.35 -6412.59 479.23 2910.79
187.00 8.00 -6303.35 -6407.56 479.23 2910.79
188.00 8.00 -6303.35 -6349.13 479.23 2910.79
189.00 8.00 -6303.35 -6384.53 479.23 2910.79
190.00 8.00 -6303.35 -6398.24 479.23 2910.79
191.00 8.00 -6303.35 -6392.27 479.23 2910.79
192.00 8.00 -6303.35 -6365.58 479.23 2910.79
193.00 8.00 -6303.35 -6475.72 479.23 2910.79
194.00 8.00 -6303.35 -6443.26 479.23 2910.79
195.00 8.00 -6303.35 -6321.99 479.23 2910.79
196.00 8.00 -6303.35 -6398.57 479.23 2910.79
197.00 8.00 -6303.35 -6459.71 479.23 2910.79
198.00 8.00 -6303.35 -6463.56 479.23 2910.79
199.00 8.00 -6303.35 -6377.89 479.23 2910.79
200.00 8.00 -6303.35 -6402.65 479.23 2910.79
201.00 8.00 -6303.35 -6407.39 479.23 2910.79
202.00 8.00 -6303.35 -6418.68 479.23 2910.79
203.00 8.00 -6303.35 -6576.40 479.23 2910.79
204.00 8.00 -6303.35 -6351.68 479.23 2910.79
205.00 8.00 -6303.35 -6566.82 479.23 2910.79
206.00 8.00 -6303.35 -6358.16 479.23 2910.79
207.00 8.00 -6303.35 -6459.26 479.23 2910.79
208.00 8.00 -6303.35 -6362.39 479.23 2910.79
209.00 8.00 -6303.35 -6409.25 479.23 2910.79
210.00 8.00 -6303.35 -6506.43 479.23 2910.79
211.00 8.00 -6303.35 -6364.65 479.23 2910.79
212.00 8.00 -6303.35 -6334.46 479.23 2910.79
213.00 8.00 -6303.35 -6470.16 479.23 2910.79
214.00 8.00 -6303.35 -6410.10 479.23 2910.79
215.00 8.00 -6303.35 -6374.75 479.23 2910.79
216.00 8.00 -6303.35 -6407.26 479.23 2910.79
217.00 8.00 -6303.35 -6339.71 479.23 2910.79
218.00 8.00 -12679.42 -12892.45 479.23 2910.79
219.00 8.00 -12679.42 -12694.61 479.23 2910.79
220.00 8.00 -12679.42 -12873.69 479.23 2910.79
221.00 8.00 -12679.42 -12771.37 479.23 2910.79
222.00 8.00 -12679.42 -12711.05 479.23 2910.79
223.00 9.00 -12679.09 -12679.09 459.25 2917.55
224.00 9.00 -12679.09 -12826.03 459.25 2917.55
225.00 9.00 -12679.09 -13005.28 459.25 2917.55
226.00 9.00 -12679.09 -12716.99 459.25 2917.55
227.00 9.00 -12679.09 -12693.75 459.25 2917.55
228.00 9.00 -12679.09 -13026.07 459.25 2917.55
229.00 9.00 -12679.09 -12704.75 459.25 2917.55
230.00 9.00 -12679.09 -12776.15 459.25 2917.55
231.00 9.00 -12679.09 -12740.82 459.25 2917.55
232.00 9.00 -12679.09 -12752.72 459.25 2917.55
233.00 9.00 -12679.09 -12769.41 459.25 2917.55
234.00 10.00 -12645.25 -12645.25 471.94 2922.22
235.00 10.00 -12645.25 -12805.38 471.94 2922.22
236.00 10.00 -12645.25 -12854.50 471.94 2922.22
237.00 10.00 -12645.25 -12879.22 471.94 2922.22
238.00 10.00 -12645.25 -12732.98 471.94 2922.22
239.00 10.00 -12645.25 -12734.42 471.94 2922.22
240.00 10.00 -12645.25 -12728.42 471.94 2922.22
241.00 10.00 -12645.25 -12907.20 471.94 2922.22
242.00 10.00 -12645.25 -12793.83 471.94 2922.22
243.00 10.00 -12645.25 -13094.11 471.94 2922.22
244.00 10.00 -12645.25 -12789.23 471.94 2922.22
245.00 10.00 -12645.25 -12708.66 471.94 2922.22
246.00 10.00 -12645.25 -12824.44 471.94 2922.22
247.00 10.00 -12645.25 -12698.60 471.94 2922.22
248.00 10.00 -12645.25 -12690.57 471.94 2922.22
249.00 10.00 -12645.25 -12721.33 471.94 2922.22
250.00 10.00 -12645.25 -12679.82 471.94 2922.22
251.00 10.00 -12645.25 -12738.37 471.94 2922.22
252.00 10.00 -12645.25 -12769.70 471.94 2922.22
253.00 10.00 -12645.25 -12760.73 471.94 2922.22
254.00 10.00 -12645.25 -12722.67 471.94 2922.22
255.00 10.00 -12645.25 -13266.47 471.94 2922.22
256.00 10.00 -12645.25 -12669.94 471.94 2922.22
257.00 10.00 -12645.25 -12777.07 471.94 2922.22
258.00 10.00 -12645.25 -12787.65 471.94 2922.22
259.00 10.00 -12645.25 -12710.15 471.94 2922.22
260.00 10.00 -12645.25 -12772.58 471.94 2922.22
261.00 10.00 -12645.25 -12767.57 471.94 2922.22
262.00 10.00 -12645.25 -12791.08 471.94 2922.22
263.00 10.00 -12645.25 -12805.30 471.94 2922.22
264.00 10.00 -12645.25 -12791.14 471.94 2922.22
265.00 10.00 -12645.25 -12839.70 471.94 2922.22
266.00 10.00 -12645.25 -12711.20 471.94 2922.22
267.00 11.00 -12574.91 -12574.91 472.61 2903.43
268.00 11.00 -12574.91 -12765.97 472.61 2903.43
269.00 11.00 -12574.91 -12743.04 472.61 2903.43
270.00 11.00 -12574.91 -12667.62 472.61 2903.43
271.00 11.00 -12574.91 -12709.86 472.61 2903.43
272.00 11.00 -12574.91 -12706.80 472.61 2903.43
273.00 11.00 -12574.91 -12827.05 472.61 2903.43
274.00 11.00 -12574.91 -12677.20 472.61 2903.43
275.00 11.00 -12574.91 -12720.00 472.61 2903.43
276.00 11.00 -12574.91 -12812.28 472.61 2903.43
277.00 11.00 -12574.91 -12716.64 472.61 2903.43
278.00 11.00 -12574.91 -12704.75 472.61 2903.43
279.00 11.00 -12574.91 -12805.58 472.61 2903.43
280.00 11.00 -12574.91 -12631.06 472.61 2903.43
281.00 11.00 -12574.91 -12700.99 472.61 2903.43
282.00 11.00 -12574.91 -12694.38 472.61 2903.43
283.00 11.00 -12574.91 -12687.67 472.61 2903.43
284.00 11.00 -12574.91 -12731.16 472.61 2903.43
285.00 11.00 -12574.91 -12686.59 472.61 2903.43
286.00 11.00 -12574.91 -12814.02 472.61 2903.43
287.00 11.00 -12574.91 -12672.27 472.61 2903.43
288.00 11.00 -12574.91 -12705.45 472.61 2903.43
289.00 11.00 -12574.91 -12639.37 472.61 2903.43
290.00 11.00 -12574.91 -12752.88 472.61 2903.43
291.00 11.00 -12574.91 -12792.97 472.61 2903.43
292.00 11.00 -12574.91 -12690.93 472.61 2903.43
293.00 11.00 -12574.91 -12739.27 472.61 2903.43
294.00 11.00 -12574.91 -12804.47 472.61 2903.43
295.00 11.00 -12574.91 -12626.58 472.61 2903.43
296.00 11.00 -12574.91 -12641.12 472.61 2903.43
297.00 11.00 -12574.91 -12757.23 472.61 2903.43
298.00 11.00 -12574.91 -12741.26 472.61 2903.43
299.00 11.00 -12574.91 -12629.63 472.61 2903.43
300.00 11.00 -12574.91 -12751.76 472.61 2903.43
301.00 11.00 -12574.91 -12612.63 472.61 2903.43
302.00 11.00 -12574.91 -12739.04 472.61 2903.43
303.00 11.00 -12574.91 -12803.32 472.61 2903.43
304.00 11.00 -12574.91 -12681.17 472.61 2903.43
305.00 11.00 -12574.91 -12693.37 472.61 2903.43
306.00 11.00 -12574.91 -12699.26 472.61 2903.43
307.00 11.00 -12574.91 -12591.42 472.61 2903.43
308.00 11.00 -12574.91 -12767.10 472.61 2903.43
309.00 11.00 -12574.91 -12793.33 472.61 2903.43
310.00 11.00 -12574.91 -12842.11 472.61 2903.43
311.00 11.00 -12574.91 -12701.19 472.61 2903.43
312.00 11.00 -12574.91 -12791.99 472.61 2903.43
313.00 11.00 -12574.91 -12701.47 472.61 2903.43
314.00 11.00 -12574.91 -12737.10 472.61 2903.43
315.00 11.00 -12574.91 -13082.38 472.61 2903.43
316.00 11.00 -12574.91 -12914.40 472.61 2903.43
317.00 11.00 -12574.91 -12665.67 472.61 2903.43
318.00 11.00 -12574.91 -12659.83 472.61 2903.43
319.00 11.00 -12574.91 -12744.36 472.61 2903.43
320.00 11.00 -12574.91 -12704.94 472.61 2903.43
321.00 11.00 -12574.91 -12642.53 472.61 2903.43
322.00 11.00 -12574.91 -12678.79 472.61 2903.43
323.00 11.00 -12574.91 -12693.38 472.61 2903.43
324.00 11.00 -12574.91 -12697.50 472.61 2903.43
325.00 11.00 -12574.91 -13048.91 472.61 2903.43
326.00 11.00 -12574.91 -12613.66 472.61 2903.43
327.00 11.00 -12574.91 -12956.11 472.61 2903.43
328.00 11.00 -12574.91 -12781.63 472.61 2903.43
329.00 11.00 -12574.91 -12868.58 472.61 2903.43
330.00 11.00 -12574.91 -12710.73 472.61 2903.43
331.00 11.00 -12574.91 -12966.85 472.61 2903.43
332.00 11.00 -12574.91 -12661.52 472.61 2903.43
333.00 11.00 -12574.91 -12738.12 472.61 2903.43
334.00 11.00 -12574.91 -12739.72 472.61 2903.43
335.00 11.00 -12574.91 -12645.03 472.61 2903.43
336.00 11.00 -12574.91 -12784.97 472.61 2903.43
337.00 11.00 -12574.91 -12792.04 472.61 2903.43
338.00 11.00 -12574.91 -12864.87 472.61 2903.43
339.00 11.00 -12574.91 -12739.44 472.61 2903.43
340.00 11.00 -12574.91 -13171.66 472.61 2903.43
341.00 11.00 -12574.91 -12663.16 472.61 2903.43
342.00 11.00 -12574.91 -12642.16 472.61 2903.43
