0.00 0.00 -26474.57 -26487.34 1.00 1.00
1.00 0.00 -26474.57 -26504.03 1.00 1.00
2.00 1.00 -26437.27 -26437.27 464.54 2951.25
3.00 2.00 -26391.48 -26391.48 458.50 2923.74
4.00 2.00 -26391.48 -26399.00 458.50 2923.74
5.00 2.00 -26391.48 -26450.16 458.50 2923.74
6.00 3.00 -26298.92 -26298.92 446.52 2922.93
7.00 3.00 -26298.92 -26362.25 446.52 2922.93
8.00 3.00 -26298.92 -26441.31 446.52 2922.93
9.00 3.00 -26298.92 -26397.75 446.52 2922.93
10.00 3.00 -26298.92 -26401.87 446.52 2922.93
11.00 3.00 -26298.92 -26321.97 446.52 2922.93
12.00 3.00 -26298.92 -26374.90 446.52 2922.93
13.00 3.00 -26298.92 -26387.41 446.52 2922.93
14.00 3.00 -26298.92 -26471.97 446.52 2922.93
15.00 3.00 -26298.92 -26611.63 446.52 2922.93
16.00 3.00 -26298.92 -26477.79 446.52 2922.93
17.00 3.00 -26298.92 -26374.63 446.52 2922.93
18.00 3.00 -26298.92 -26507.87 446.52 2922.93
19.00 3.00 -26298.92 -26505.49 446.52 2922.93
20.00 3.00 -26298.92 -26313.08 446.52 2922.93
21.00 3.00 -26298.92 -26333.59 446.52 2922.93
22.00 3.00 -26298.92 -26347.89 446.52 2922.93
23.00 3.00 -26298.92 -26630.00 446.52 2922.93
24.00 3.00 -26298.92 -26759.68 446.52 2922.93
25.00 3.00 -26298.92 -26367.44 446.52 2922.93
26.00 3.00 -26298.92 -26309.45 446.52 2922.93
27.00 3.00 -26298.92 -26435.16 446.52 2922.93
28.00 3.00 -26298.92 -26410.70 446.52 2922.93
29.00 3.00 -26298.92 -26312.29 446.52 2922.93
30.00 3.00 -26298.92 -26407.50 446.52 2922.93
31.00 3.00 -26298.92 -26640.05 446.52 2922.93
32.00 3.00 -26298.92 -26566.72 446.52 2922.93
33.00 3.00 -26298.92 -26414.43 446.52 2922.93
34.00 3.00 -26298.92 -26381.89 446.52 2922.93
35.00 3.00 -26298.92 -26445.89 446.52 2922.93
36.00 3.00 -26298.92 -26424.74 446.52 2922.93
37.00 3.00 -26298.92 -26603.06 446.52 2922.93
38.00 3.00 -26298.92 -26506.77 446.52 2922.93
39.00 3.00 -26298.92 -26400.54 446.52 2922.93
40.00 3.00 -26298.92 -26360.67 446.52 2922.93
41.00 3.00 -26298.92 -26396.09 446.52 2922.93
42.00 3.00 -26298.92 -26592.41 446.52 2922.93
43.00 3.00 -26298.92 -26339.09 446.52 2922.93
44.00 3.00 -26298.92 -26364.26 446.52 2922.93
45.00 3.00 -26298.92 -26343.41 446.52 2922.93
46.00 3.00 -26298.92 -26369.71 446.52 2922.93
47.00 3.00 -26298.92 -26644.48 446.52 2922.93
48.00 3.00 -26298.92 -26309.59 446.52 2922.93
49.00 3.00 -26298.92 -26430.53 446.52 2922.93
50.00 3.00 -26298.92 -26447.83 446.52 2922.93
51.00 3.00 -26298.92 -26523.00 446.52 2922.93
52.00 3.00 -26298.92 -26334.32 446.52 2922.93
53.00 3.00 -26298.92 -26426.20 446.52 2922.93
54.00 3.00 -26298.92 -26352.81 446.52 2922.93
55.00 3.00 -26298.92 -26391.10 446.52 2922.93
56.00 3.00 -26298.92 -26415.89 446.52 2922.93
57.00 3.00 -26298.92 -26441.82 446.52 2922.93
58.00 3.00 -26298.92 -26487.17 446.52 2922.93
59.00 3.00 -26298.92 -26392.30 446.52 2922.93
60.00 3.00 -26298.92 -26410.64 446.52 2922.93
61.00 3.00 -26298.92 -26312.62 446.52 2922.93
62.00 3.00 -26298.92 -26358.81 446.52 2922.93
63.00 3.00 -26298.92 -26424.75 446.52 2922.93
64.00 3.00 -26298.92 -26378.32 446.52 2922.93
65.00 3.00 -26298.92 -26363.73 446.52 2922.93
66.00 3.00 -26298.92 -26378.98 446.52 2922.93
67.00 3.00 -26298.92 -26346.49 446.52 2922.93
68.00 3.00 -26298.92 -26301.99 446.52 2922.93
69.00 3.00 -26298.92 -26476.22 446.52 2922.93
70.00 3.00 -26298.92 -26479.99 446.52 2922.93
71.00 3.00 -26298.92 -26325.47 446.52 2922.93
72.00 3.00 -26298.92 -26420.88 446.52 2922.93
73.00 3.00 -26298.92 -26322.38 446.52 2922.93
74.00 3.00 -26298.92 -26372.36 446.52 2922.93
75.00 3.00 -26298.92 -26329.55 446.52 2922.93
76.00 3.00 -26298.92 -26516.76 446.52 2922.93
77.00 3.00 -26298.92 -26596.89 446.52 2922.93
78.00 3.00 -26298.92 -26406.02 446.52 2922.93
79.00 3.00 -26298.92 -26339.78 446.52 2922.93
80.00 3.00 -26298.92 -26432.90 446.52 2922.93
81.00 3.00 -26298.92 -26516.06 446.52 2922.93
82.00 3.00 -26298.92 -26407.39 446.52 2922.93
83.00 3.00 -26298.92 -26445.32 446.52 2922.93
84.00 3.00 -26298.92 -26338.39 446.52 2922.93
85.00 3.00 -26298.92 -26364.20 446.52 2922.93
86.00 3.00 -26298.92 -26348.31 446.52 2922.93
87.00 3.00 -26298.92 -26574.19 446.52 2922.93
88.00 3.00 -26298.92 -26525.09 446.52 2922.93
89.00 4.00 -26244.55 -26244.55 439.63 2922.46
90.00 4.00 -26244.55 -26355.96 439.63 2922.46
91.00 4.00 -26244.55 -26355.57 439.63 2922.46
92.00 4.00 -26244.55 -26327.63 439.63 2922.46
93.00 4.00 -26244.55 -26325.93 439.63 2922.46
94.00 4.00 -26244.55 -26386.90 439.63 2922.46
95.00 4.00 -26244.55 -26302.12 439.63 2922.46
96.00 4.00 -26244.55 -26351.33 439.63 2922.46
97.00 4.00 -26244.55 -26455.82 439.63 2922.46
98.00 4.00 -26244.55 -26341.09 439.63 2922.46
99.00 4.00 -26244.55 -26295.92 439.63 2922.46
100.00 4.00 -26244.55 -26366.00 439.63 2922.46
101.00 4.00 -26244.55 -26327.82 439.63 2922.46
102.00 4.00 -26244.55 -26459.36 439.63 2922.46
103.00 4.00 -26244.55 -26330.12 439.63 2922.46
104.00 4.00 -26244.55 -26368.10 439.63 2922.46
105.00 4.00 -26244.55 -26369.43 439.63 2922.46
106.00 4.00 -26244.55 -26424.11 439.63 2922.46
107.00 4.00 -26244.55 -26333.49 439.63 2922.46
108.00 5.00 -26228.64 -26228.64 437.64 2913.44
109.00 5.00 -26228.64 -26236.67 437.64 2913.44
110.00 5.00 -26228.64 -26344.47 437.64 2913.44
111.00 5.00 -26228.64 -26360.13 437.64 2913.44
112.00 5.00 -26228.64 -26329.66 437.64 2913.44
113.00 5.00 -26228.64 -26323.68 437.64 2913.44
114.00 5.00 -26228.64 -26419.01 437.64 2913.44
115.00 5.00 -26228.64 -26377.48 437.64 2913.44
116.00 5.00 -26228.64 -26292.14 437.64 2913.44
117.00 5.00 -26228.64 -26358.11 437.64 2913.44
118.00 5.00 -26228.64 -26287.64 437.64 2913.44
119.00 5.00 -26228.64 -26310.64 437.64 2913.44
120.00 5.00 -26228.64 -26311.85 437.64 2913.44
121.00 5.00 -26228.64 -26309.24 437.64 2913.44
122.00 5.00 -26228.64 -26351.68 437.64 2913.44
123.00 5.00 -26228.64 -26323.22 437.64 2913.44
124.00 5.00 -26228.64 -26326.96 437.64 2913.44
125.00 5.00 -26228.64 -26298.15 437.64 2913.44
126.00 5.00 -26228.64 -26288.88 437.64 2913.44
127.00 5.00 -26228.64 -26304.85 437.64 2913.44
128.00 6.00 -26219.03 -26219.03 436.43 2940.40
129.00 6.00 -26219.03 -26276.68 436.43 2940.40
130.00 6.00 -26219.03 -26247.85 436.43 2940.40
131.00 6.00 -26219.03 -26294.50 436.43 2940.40
132.00 6.00 -26219.03 -26294.59 436.43 2940.40
133.00 6.00 -26219.03 -26274.55 436.43 2940.40
134.00 6.00 -26219.03 -26251.79 436.43 2940.40
135.00 6.00 -26219.03 -26267.62 436.43 2940.40
136.00 6.00 -26219.03 -26328.10 436.43 2940.40
137.00 6.00 -26219.03 -26240.77 436.43 2940.40
138.00 6.00 -26219.03 -26321.85 436.43 2940.40
139.00 7.00 -26196.21 -26196.21 433.60 2964.77
140.00 7.00 -26196.21 -26209.12 433.60 2964.77
141.00 7.00 -26196.21 -26264.97 433.60 2964.77
142.00 7.00 -26196.21 -26306.23 433.60 2964.77
143.00 7.00 -26196.21 -26276.13 433.60 2964.77
144.00 7.00 -26196.21 -26222.48 433.60 2964.77
145.00 7.00 -26196.21 -26209.37 433.60 2964.77
146.00 7.00 -26196.21 -26240.80 433.60 2964.77
147.00 7.00 -26196.21 -26248.42 433.60 2964.77
148.00 7.00 -26196.21 -26337.66 433.60 2964.77
149.00 7.00 -26196.21 -26259.37 433.60 2964.77
150.00 7.00 -26196.21 -26236.36 433.60 2964.77
151.00 7.00 -26196.21 -26256.02 433.60 2964.77
152.00 7.00 -26196.21 -26323.78 433.60 2964.77
153.00 7.00 -26196.21 -26235.96 433.60 2964.77
154.00 7.00 -26196.21 -26283.90 433.60 2964.77
155.00 7.00 -26196.21 -26275.96 433.60 2964.77
156.00 7.00 -26196.21 -26279.00 433.60 2964.77
157.00 7.00 -26196.21 -26234.64 433.60 2964.77
158.00 7.00 -26196.21 -26276.47 433.60 2964.77
159.00 7.00 -26196.21 -26317.05 433.60 2964.77
160.00 7.00 -26196.21 -26244.33 433.60 2964.77
161.00 7.00 -26196.21 -26234.71 433.60 2964.77
162.00 8.00 -26187.20 -26187.20 432.48 2952.79
163.00 8.00 -26187.20 -26262.26 432.48 2952.79
164.00 8.00 -26187.20 -26238.09 432.48 2952.79
165.00 8.00 -26187.20 -26270.99 432.48 2952.79
166.00 8.00 -26187.20 -26247.10 432.48 2952.79
167.00 8.00 -26187.20 -26259.24 432.48 2952.79
168.00 8.00 -26187.20 -26245.86 432.48 2952.79
169.00 8.00 -26187.20 -26283.76 432.48 2952.79
170.00 8.00 -26187.20 -26220.91 432.48 2952.79
171.00 8.00 -26187.20 -26306.10 432.48 2952.79
172.00 8.00 -26187.20 -26231.57 432.48 2952.79
173.00 8.00 -26187.20 -26241.93 432.48 2952.79
174.00 8.00 -26187.20 -26225.95 432.48 2952.79
175.00 8.00 -26187.20 -26249.39 432.48 2952.79
176.00 8.00 -26187.20 -26254.87 432.48 2952.79
177.00 8.00 -26187.20 -26265.99 432.48 2952.79
178.00 8.00 -26187.20 -26198.74 432.48 2952.79
179.00 9.00 -26182.96 -26182.96 431.96 2932.14
180.00 9.00 -26182.96 -26248.81 431.96 2932.14
181.00 9.00 -26182.96 -26245.19 431.96 2932.14
182.00 9.00 -26182.96 -26262.45 431.96 2932.14
183.00 9.00 -26182.96 -26212.10 431.96 2932.14
184.00 9.00 -26182.96 -26347.89 431.96 2932.14
185.00 9.00 -26182.96 -26352.21 431.96 2932.14
186.00 9.00 -26182.96 -26280.34 431.96 2932.14
187.00 9.00 -26182.96 -26352.38 431.96 2932.14
188.00 9.00 -26182.96 -26258.51 431.96 2932.14
189.00 9.00 -26182.96 -26313.78 431.96 2932.14
190.00 9.00 -26182.96 -26241.46 431.96 2932.14
191.00 9.00 -26182.96 -26314.37 431.96 2932.14
192.00 9.00 -26182.96 -26261.88 431.96 2932.14
193.00 9.00 -26182.96 -26289.98 431.96 2932.14
194.00 9.00 -26182.96 -26303.01 431.96 2932.14
195.00 9.00 -26182.96 -26243.31 431.96 2932.14
196.00 9.00 -26182.96 -26276.79 431.96 2932.14
197.00 9.00 -26182.96 -26265.08 431.96 2932.14
198.00 9.00 -26182.96 -26292.23 431.96 2932.14
199.00 9.00 -26182.96 -26238.85 431.96 2932.14
200.00 9.00 -26182.96 -26261.62 431.96 2932.14
201.00 9.00 -26182.96 -26305.22 431.96 2932.14
202.00 9.00 -26182.96 -26261.12 431.96 2932.14
203.00 9.00 -26182.96 -26239.75 431.96 2932.14
204.00 9.00 -26182.96 -26262.16 431.96 2932.14
205.00 9.00 -26182.96 -26313.30 431.96 2932.14
206.00 9.00 -26182.96 -26309.86 431.96 2932.14
207.00 9.00 -26182.96 -26271.66 431.96 2932.14
208.00 9.00 -26182.96 -26269.69 431.96 2932.14
209.00 9.00 -26182.96 -26222.80 431.96 2932.14
210.00 9.00 -26182.96 -26314.85 431.96 2932.14
211.00 9.00 -26182.96 -26210.17 431.96 2932.14
212.00 9.00 -26182.96 -26228.64 431.96 2932.14
213.00 9.00 -26182.96 -26265.38 431.96 2932.14
214.00 9.00 -26182.96 -26256.71 431.96 2932.14
215.00 9.00 -26182.96 -26280.83 431.96 2932.14
216.00 9.00 -26182.96 -26205.13 431.96 2932.14
217.00 9.00 -26182.96 -26264.37 431.96 2932.14
218.00 9.00 -26245.59 -26326.24 431.96 2932.14
219.00 9.00 -26245.59 -26291.71 431.96 2932.14
220.00 10.00 -26159.86 -26159.86 429.11 2931.75
221.00 10.00 -26159.86 -26205.99 429.11 2931.75
222.00 10.00 -26159.86 -26174.31 429.11 2931.75
223.00 10.00 -26159.86 -26207.87 429.11 2931.75
224.00 10.00 -26159.86 -26189.12 429.11 2931.75
225.00 10.00 -26159.86 -26231.95 429.11 2931.75
226.00 10.00 -26159.86 -26227.67 429.11 2931.75
227.00 10.00 -26159.86 -26248.52 429.11 2931.75
228.00 10.00 -26159.86 -26210.97 429.11 2931.75
229.00 10.00 -26159.86 -26234.96 429.11 2931.75
230.00 10.00 -26159.86 -26303.47 429.11 2931.75
231.00 10.00 -26159.86 -26196.20 429.11 2931.75
232.00 10.00 -26159.86 -26286.17 429.11 2931.75
233.00 10.00 -26159.86 -26203.11 429.11 2931.75
234.00 10.00 -26159.86 -26221.76 429.11 2931.75
235.00 10.00 -26159.86 -26289.31 429.11 2931.75
236.00 10.00 -26159.86 -26223.73 429.11 2931.75
237.00 10.00 -26159.86 -26246.17 429.11 2931.75
238.00 10.00 -26159.86 -26248.73 429.11 2931.75
239.00 10.00 -26159.86 -26206.95 429.11 2931.75
240.00 10.00 -26159.86 -26281.98 429.11 2931.75
241.00 11.00 -26157.33 -26157.33 428.80 2923.62
242.00 11.00 -26157.33 -26351.89 428.80 2923.62
243.00 11.00 -26157.33 -26255.31 428.80 2923.62
244.00 11.00 -26157.33 -26242.57 428.80 2923.62
245.00 11.00 -26157.33 -26221.19 428.80 2923.62
246.00 11.00 -26157.33 -26308.26 428.80 2923.62
247.00 11.00 -26157.33 -26237.98 428.80 2923.62
248.00 11.00 -26157.33 -26260.58 428.80 2923.62
249.00 11.00 -26157.33 -26265.91 428.80 2923.62
250.00 11.00 -26157.33 -26280.02 428.80 2923.62
251.00 11.00 -26157.33 -26316.76 428.80 2923.62
252.00 11.00 -26157.33 -26259.05 428.80 2923.62
253.00 11.00 -26157.33 -26215.98 428.80 2923.62
254.00 11.00 -26157.33 -26280.44 428.80 2923.62
255.00 11.00 -26157.33 -26217.03 428.80 2923.62
256.00 11.00 -26157.33 -26254.70 428.80 2923.62
257.00 11.00 -26157.33 -26267.06 428.80 2923.62
258.00 11.00 -26157.33 -26217.06 428.80 2923.62
259.00 11.00 -26157.33 -26255.42 428.80 2923.62
260.00 11.00 -26157.33 -26238.97 428.80 2923.62
261.00 11.00 -26157.33 -26258.64 428.80 2923.62
262.00 11.00 -26157.33 -26244.64 428.80 2923.62
263.00 11.00 -26157.33 -26218.32 428.80 2923.62
264.00 11.00 -26157.33 -26259.79 428.80 2923.62
265.00 11.00 -26157.33 -26192.95 428.80 2923.62
266.00 11.00 -26157.33 -26198.41 428.80 2923.62
267.00 11.00 -26157.33 -26293.22 428.80 2923.62
268.00 11.00 -26157.33 -26254.59 428.80 2923.62
269.00 11.00 -26157.33 -26291.53 428.80 2923.62
270.00 11.00 -26157.33 -26291.82 428.80 2923.62
271.00 11.00 -26157.33 -26249.99 428.80 2923.62
272.00 11.00 -26157.33 -26214.62 428.80 2923.62
273.00 11.00 -26157.33 -26197.59 428.80 2923.62
274.00 11.00 -26157.33 -26225.32 428.80 2923.62
275.00 11.00 -26157.33 -26195.30 428.80 2923.62
276.00 11.00 -26157.33 -26218.37 428.80 2923.62
277.00 11.00 -26157.33 -26242.39 428.80 2923.62
278.00 11.00 -26157.33 -26230.10 428.80 2923.62
279.00 11.00 -26157.33 -26180.98 428.80 2923.62
280.00 11.00 -26157.33 -26213.78 428.80 2923.62
281.00 11.00 -26157.33 -26207.63 428.80 2923.62
282.00 11.00 -26157.33 -26236.38 428.80 2923.62
283.00 11.00 -26157.33 -26234.19 428.80 2923.62
284.00 11.00 -26157.33 -26232.09 428.80 2923.62
285.00 11.00 -26157.33 -26294.87 428.80 2923.62
286.00 11.00 -26157.33 -26240.88 428.80 2923.62
287.00 11.00 -26157.33 -26256.37 428.80 2923.62
288.00 11.00 -26157.33 -26202.35 428.80 2923.62
289.00 11.00 -26157.33 -26230.72 428.80 2923.62
290.00 11.00 -26157.33 -26281.46 428.80 2923.62
291.00 11.00 -26157.33 -26233.71 428.80 2923.62
292.00 11.00 -26157.33 -26269.72 428.80 2923.62
293.00 11.00 -26157.33 -26242.91 428.80 2923.62
294.00 11.00 -26157.33 -26199.36 428.80 2923.62
295.00 11.00 -26157.33 -26203.39 428.80 2923.62
296.00 11.00 -26157.33 -26246.19 428.80 2923.62
297.00 11.00 -26157.33 -26253.39 428.80 2923.62
298.00 11.00 -26157.33 -26280.82 428.80 2923.62
299.00 11.00 -26157.33 -26282.92 428.80 2923.62
300.00 11.00 -26157.33 -26257.06 428.80 2923.62
301.00 11.00 -26157.33 -26255.03 428.80 2923.62
302.00 11.00 -26157.33 -26203.08 428.80 2923.62
303.00 11.00 -26157.33 -26234.21 428.80 2923.62
304.00 11.00 -26157.33 -26191.04 428.80 2923.62
305.00 11.00 -26157.33 -26253.29 428.80 2923.62
306.00 11.00 -26157.33 -26230.90 428.80 2923.62
307.00 11.00 -26157.33 -26224.20 428.80 2923.62
308.00 11.00 -26157.33 -26179.44 428.80 2923.62
309.00 11.00 -26157.33 -26249.36 428.80 2923.62
310.00 11.00 -26157.33 -26242.06 428.80 2923.62
311.00 11.00 -26157.33 -26262.66 428.80 2923.62
312.00 11.00 -26157.33 -26265.80 428.80 2923.62
313.00 11.00 -26157.33 -26297.24 428.80 2923.62
314.00 11.00 -26157.33 -26328.62 428.80 2923.62
315.00 11.00 -26157.33 -26184.63 428.80 2923.62
