0.00 0.00 -17816.91 -17850.54 1.00 1.00
1.00 1.00 -17706.57 -17706.57 448.18 2928.10
2.00 1.00 -17706.57 -17808.45 448.18 2928.10
3.00 1.00 -17706.57 -17792.01 448.18 2928.10
4.00 1.00 -17706.57 -17729.99 448.18 2928.10
5.00 1.00 -17706.57 -17715.86 448.18 2928.10
6.00 1.00 -17706.57 -17751.10 448.18 2928.10
7.00 2.00 -17704.57 -17704.57 447.80 2964.65
8.00 2.00 -17704.57 -17732.90 447.80 2964.65
9.00 2.00 -17704.57 -17734.02 447.80 2964.65
10.00 3.00 -17659.25 -17659.25 439.25 2972.97
11.00 3.00 -17659.25 -17728.04 439.25 2972.97
12.00 3.00 -17659.25 -17692.02 439.25 2972.97
13.00 3.00 -17659.25 -17710.38 439.25 2972.97
14.00 3.00 -17659.25 -17708.48 439.25 2972.97
15.00 3.00 -17659.25 -17696.58 439.25 2972.97
16.00 4.00 -17656.18 -17656.18 438.68 2952.52
17.00 4.00 -17656.18 -17718.57 438.68 2952.52
18.00 4.00 -17656.18 -17728.27 438.68 2952.52
19.00 4.00 -17656.18 -17733.73 438.68 2952.52
20.00 4.00 -17656.18 -17727.47 438.68 2952.52
21.00 5.00 -17646.96 -17646.96 436.97 2987.51
22.00 5.00 -17646.96 -17725.18 436.97 2987.51
23.00 6.00 -17618.47 -17618.47 431.71 2985.08
24.00 6.00 -17618.47 -17679.47 431.71 2985.08
25.00 6.00 -17618.47 -17707.14 431.71 2985.08
26.00 6.00 -17618.47 -17676.45 431.71 2985.08
27.00 6.00 -17618.47 -17654.92 431.71 2985.08
28.00 6.00 -17618.47 -17675.21 431.71 2985.08
29.00 6.00 -17618.47 -17677.44 431.71 2985.08
30.00 6.00 -17618.47 -17693.23 431.71 2985.08
31.00 6.00 -17618.47 -17697.73 431.71 2985.08
32.00 6.00 -17618.47 -17693.58 431.71 2985.08
33.00 6.00 -17618.47 -17633.86 431.71 2985.08
34.00 6.00 -17618.47 -17638.84 431.71 2985.08
35.00 6.00 -17618.47 -17628.88 431.71 2985.08
36.00 6.00 -17618.47 -17670.37 431.71 2985.08
37.00 6.00 -17618.47 -17628.00 431.71 2985.08
38.00 6.00 -17618.47 -17661.99 431.71 2985.08
39.00 6.00 -17618.47 -17657.01 431.71 2985.08
40.00 6.00 -17618.47 -17663.32 431.71 2985.08
41.00 6.00 -17618.47 -17642.70 431.71 2985.08
42.00 7.00 -17608.36 -17608.36 429.86 2957.28
43.00 7.00 -17608.36 -17675.19 429.86 2957.28
44.00 7.00 -17608.36 -17652.93 429.86 2957.28
45.00 7.00 -17608.36 -17668.43 429.86 2957.28
46.00 7.00 -17608.36 -17654.25 429.86 2957.28
47.00 7.00 -17608.36 -17636.81 429.86 2957.28
48.00 7.00 -17608.36 -17653.82 429.86 2957.28
49.00 7.00 -17608.36 -17663.26 429.86 2957.28
50.00 7.00 -17608.36 -17651.99 429.86 2957.28
51.00 7.00 -17608.36 -17676.48 429.86 2957.28
52.00 7.00 -17608.36 -17636.28 429.86 2957.28
53.00 7.00 -17608.36 -17700.98 429.86 2957.28
54.00 7.00 -17608.36 -17651.59 429.86 2957.28
55.00 7.00 -17608.36 -17634.66 429.86 2957.28
56.00 7.00 -17608.36 -17692.27 429.86 2957.28
57.00 7.00 -17608.36 -17610.48 429.86 2957.28
58.00 7.00 -17608.36 -17635.23 429.86 2957.28
59.00 7.00 -17608.36 -17637.46 429.86 2957.28
60.00 7.00 -17608.36 -17683.50 429.86 2957.28
61.00 7.00 -17608.36 -17624.77 429.86 2957.28
62.00 7.00 -17608.36 -17688.69 429.86 2957.28
63.00 7.00 -17608.36 -17676.33 429.86 2957.28
64.00 7.00 -17608.36 -17644.40 429.86 2957.28
65.00 7.00 -17608.36 -17639.81 429.86 2957.28
66.00 7.00 -17608.36 -17672.31 429.86 2957.28
67.00 7.00 -17608.36 -17687.39 429.86 2957.28
68.00 7.00 -17608.36 -17632.45 429.86 2957.28
69.00 7.00 -17608.36 -17725.21 429.86 2957.28
70.00 7.00 -17608.36 -17684.12 429.86 2957.28
71.00 7.00 -17608.36 -17694.34 429.86 2957.28
72.00 7.00 -17608.36 -17686.30 429.86 2957.28
73.00 7.00 -17608.36 -17663.18 429.86 2957.28
74.00 7.00 -17608.36 -17689.94 429.86 2957.28
75.00 7.00 -17608.36 -17626.85 429.86 2957.28
76.00 7.00 -17608.36 -17648.03 429.86 2957.28
77.00 7.00 -17608.36 -17662.18 429.86 2957.28
78.00 7.00 -17608.36 -17674.58 429.86 2957.28
79.00 7.00 -17608.36 -17661.56 429.86 2957.28
80.00 7.00 -17608.36 -17658.97 429.86 2957.28
81.00 7.00 -17608.36 -17668.07 429.86 2957.28
82.00 7.00 -17608.36 -17657.02 429.86 2957.28
83.00 7.00 -17608.36 -17694.62 429.86 2957.28
84.00 7.00 -17608.36 -17641.31 429.86 2957.28
85.00 7.00 -17608.36 -17665.80 429.86 2957.28
86.00 7.00 -17608.36 -17635.18 429.86 2957.28
87.00 7.00 -17608.36 -17635.11 429.86 2957.28
88.00 7.00 -17608.36 -17690.80 429.86 2957.28
89.00 7.00 -17608.36 -17643.02 429.86 2957.28
90.00 7.00 -17608.36 -17629.47 429.86 2957.28
91.00 7.00 -17608.36 -17687.76 429.86 2957.28
92.00 7.00 -17608.36 -17640.31 429.86 2957.28
93.00 7.00 -17608.36 -17688.40 429.86 2957.28
94.00 8.00 -17602.55 -17602.55 428.80 2963.79
95.00 8.00 -17602.55 -17621.09 428.80 2963.79
96.00 8.00 -17602.55 -17658.21 428.80 2963.79
97.00 8.00 -17602.55 -17664.52 428.80 2963.79
98.00 8.00 -17602.55 -17731.30 428.80 2963.79
99.00 8.00 -17602.55 -17680.03 428.80 2963.79
100.00 8.00 -17602.55 -17675.70 428.80 2963.79
101.00 8.00 -17602.55 -17644.70 428.80 2963.79
102.00 8.00 -17602.55 -17610.71 428.80 2963.79
103.00 8.00 -17602.55 -17677.77 428.80 2963.79
104.00 8.00 -17602.55 -17652.93 428.80 2963.79
105.00 8.00 -17602.55 -17673.17 428.80 2963.79
106.00 8.00 -17602.55 -17647.93 428.80 2963.79
107.00 8.00 -17602.55 -17662.94 428.80 2963.79
108.00 8.00 -17602.55 -17693.81 428.80 2963.79
109.00 8.00 -17602.55 -17691.81 428.80 2963.79
110.00 8.00 -17602.55 -17650.28 428.80 2963.79
111.00 8.00 -17602.55 -17695.97 428.80 2963.79
112.00 8.00 -17602.55 -17663.60 428.80 2963.79
113.00 8.00 -17602.55 -17690.90 428.80 2963.79
114.00 8.00 -17602.55 -17629.38 428.80 2963.79
115.00 8.00 -17602.55 -17679.16 428.80 2963.79
116.00 8.00 -17602.55 -17662.77 428.80 2963.79
117.00 8.00 -17602.55 -17658.46 428.80 2963.79
118.00 8.00 -17602.55 -17706.87 428.80 2963.79
119.00 8.00 -17602.55 -17671.22 428.80 2963.79
120.00 8.00 -17602.55 -17653.48 428.80 2963.79
121.00 8.00 -17602.55 -17637.66 428.80 2963.79
122.00 8.00 -17602.55 -17668.56 428.80 2963.79
123.00 8.00 -17602.55 -17678.96 428.80 2963.79
124.00 8.00 -17602.55 -17674.22 428.80 2963.79
125.00 8.00 -17602.55 -17733.27 428.80 2963.79
126.00 8.00 -17602.55 -17688.57 428.80 2963.79
127.00 8.00 -17602.55 -17647.75 428.80 2963.79
128.00 8.00 -17602.55 -17644.40 428.80 2963.79
129.00 8.00 -17602.55 -17654.04 428.80 2963.79
130.00 8.00 -17602.55 -17649.77 428.80 2963.79
131.00 8.00 -17602.55 -17608.23 428.80 2963.79
132.00 8.00 -17602.55 -17617.76 428.80 2963.79
133.00 8.00 -17602.55 -17661.69 428.80 2963.79
134.00 8.00 -17602.55 -17649.85 428.80 2963.79
135.00 8.00 -17602.55 -17674.43 428.80 2963.79
136.00 8.00 -17602.55 -17697.07 428.80 2963.79
137.00 8.00 -17602.55 -17711.97 428.80 2963.79
138.00 8.00 -17602.55 -17697.81 428.80 2963.79
139.00 8.00 -17602.55 -17671.88 428.80 2963.79
140.00 8.00 -17602.55 -17641.73 428.80 2963.79
141.00 8.00 -17602.55 -17699.60 428.80 2963.79
142.00 8.00 -17602.55 -17662.91 428.80 2963.79
143.00 8.00 -17602.55 -17669.28 428.80 2963.79
144.00 8.00 -17602.55 -17731.58 428.80 2963.79
145.00 8.00 -17602.55 -17660.61 428.80 2963.79
146.00 8.00 -17602.55 -17696.89 428.80 2963.79
147.00 8.00 -17602.55 -17722.83 428.80 2963.79
148.00 8.00 -17602.55 -17708.10 428.80 2963.79
149.00 8.00 -17602.55 -17618.87 428.80 2963.79
150.00 8.00 -17602.55 -17709.59 428.80 2963.79
151.00 8.00 -17602.55 -17637.91 428.80 2963.79
152.00 8.00 -17602.55 -17683.99 428.80 2963.79
153.00 8.00 -17602.55 -17683.15 428.80 2963.79
154.00 8.00 -17602.55 -17682.99 428.80 2963.79
155.00 8.00 -17602.55 -17669.80 428.80 2963.79
156.00 8.00 -17602.55 -17723.36 428.80 2963.79
157.00 8.00 -17602.55 -17630.12 428.80 2963.79
158.00 8.00 -17602.55 -17673.39 428.80 2963.79
159.00 8.00 -17602.55 -17683.49 428.80 2963.79
160.00 8.00 -17602.55 -17611.84 428.80 2963.79
161.00 8.00 -17602.55 -17692.51 428.80 2963.79
162.00 8.00 -17602.55 -17649.27 428.80 2963.79
163.00 8.00 -17602.55 -17686.82 428.80 2963.79
164.00 8.00 -17602.55 -17685.91 428.80 2963.79
165.00 8.00 -17602.55 -17712.78 428.80 2963.79
166.00 8.00 -17602.55 -17635.06 428.80 2963.79
167.00 8.00 -17602.55 -17679.76 428.80 2963.79
168.00 8.00 -17602.55 -17663.19 428.80 2963.79
169.00 8.00 -17602.55 -17663.63 428.80 2963.79
170.00 8.00 -17602.55 -17647.86 428.80 2963.79
171.00 8.00 -17602.55 -17685.54 428.80 2963.79
172.00 8.00 -17602.55 -17640.64 428.80 2963.79
173.00 8.00 -17602.55 -17674.31 428.80 2963.79
174.00 8.00 -17602.55 -17749.48 428.80 2963.79
175.00 8.00 -17602.55 -17671.11 428.80 2963.79
176.00 8.00 -17602.55 -17645.31 428.80 2963.79
177.00 8.00 -17602.55 -17699.54 428.80 2963.79
178.00 8.00 -17602.55 -17672.65 428.80 2963.79
179.00 8.00 -17602.55 -17689.24 428.80 2963.79
180.00 9.00 -17602.43 -17602.43 428.78 2958.52
181.00 9.00 -17602.43 -17638.67 428.78 2958.52
182.00 9.00 -17602.43 -17612.95 428.78 2958.52
183.00 9.00 -17602.43 -17697.66 428.78 2958.52
184.00 9.00 -17602.43 -17679.90 428.78 2958.52
185.00 9.00 -17602.43 -17608.66 428.78 2958.52
186.00 9.00 -17602.43 -17618.39 428.78 2958.52
187.00 9.00 -17602.43 -17638.57 428.78 2958.52
188.00 9.00 -17602.43 -17656.51 428.78 2958.52
189.00 9.00 -17602.43 -17640.26 428.78 2958.52
190.00 9.00 -17602.43 -17654.35 428.78 2958.52
191.00 9.00 -17602.43 -17669.77 428.78 2958.52
192.00 9.00 -17602.43 -17646.47 428.78 2958.52
193.00 9.00 -17602.43 -17632.82 428.78 2958.52
194.00 9.00 -17602.43 -17701.88 428.78 2958.52
195.00 9.00 -17602.43 -17656.01 428.78 2958.52
196.00 9.00 -17602.43 -17688.38 428.78 2958.52
197.00 9.00 -17602.43 -17640.15 428.78 2958.52
198.00 9.00 -17602.43 -17683.54 428.78 2958.52
199.00 9.00 -17602.43 -17692.10 428.78 2958.52
200.00 9.00 -17602.43 -17678.75 428.78 2958.52
201.00 9.00 -17602.43 -17683.60 428.78 2958.52
202.00 9.00 -17602.43 -17649.05 428.78 2958.52
203.00 9.00 -17602.43 -17673.86 428.78 2958.52
204.00 9.00 -17602.43 -17633.04 428.78 2958.52
205.00 9.00 -17602.43 -17708.26 428.78 2958.52
206.00 9.00 -17602.43 -17624.32 428.78 2958.52
207.00 9.00 -17602.43 -17649.22 428.78 2958.52
208.00 9.00 -17602.43 -17636.93 428.78 2958.52
209.00 10.00 -17576.31 -17576.31 424.04 2957.21
210.00 10.00 -17576.31 -17639.70 424.04 2957.21
211.00 10.00 -17576.31 -17681.10 424.04 2957.21
212.00 10.00 -17576.31 -17643.16 424.04 2957.21
213.00 10.00 -17576.31 -17630.26 424.04 2957.21
214.00 10.00 -17576.31 -17677.64 424.04 2957.21
215.00 10.00 -17576.31 -17627.28 424.04 2957.21
216.00 10.00 -17576.31 -17648.83 424.04 2957.21
217.00 10.00 -17576.31 -17630.32 424.04 2957.21
218.00 10.00 -26184.58 -26254.79 424.04 2957.21
219.00 10.00 -26184.58 -26197.94 424.04 2957.21
220.00 10.00 -26184.58 -26264.90 424.04 2957.21
221.00 10.00 -26184.58 -26235.03 424.04 2957.21
222.00 10.00 -26184.58 -26259.71 424.04 2957.21
223.00 10.00 -26184.58 -26187.40 424.04 2957.21
224.00 11.00 -26180.39 -26180.39 431.64 2978.59
225.00 11.00 -26180.39 -26219.82 431.64 2978.59
226.00 11.00 -26180.39 -26326.41 431.64 2978.59
227.00 11.00 -26180.39 -26189.52 431.64 2978.59
228.00 11.00 -26180.39 -26241.98 431.64 2978.59
229.00 11.00 -26180.39 -26200.79 431.64 2978.59
230.00 11.00 -26180.39 -26260.61 431.64 2978.59
231.00 12.00 -26177.03 -26177.03 431.22 2983.99
232.00 12.00 -26177.03 -26244.60 431.22 2983.99
233.00 12.00 -26177.03 -26235.02 431.22 2983.99
234.00 12.00 -26177.03 -26231.47 431.22 2983.99
235.00 12.00 -26177.03 -26260.40 431.22 2983.99
236.00 12.00 -26177.03 -26248.21 431.22 2983.99
237.00 12.00 -26177.03 -26278.71 431.22 2983.99
238.00 12.00 -26177.03 -26182.64 431.22 2983.99
239.00 12.00 -26177.03 -26304.67 431.22 2983.99
240.00 12.00 -26177.03 -26192.23 431.22 2983.99
241.00 12.00 -26177.03 -26233.83 431.22 2983.99
242.00 12.00 -26177.03 -26207.65 431.22 2983.99
243.00 12.00 -26177.03 -26202.32 431.22 2983.99
244.00 12.00 -26177.03 -26198.64 431.22 2983.99
245.00 12.00 -26177.03 -26221.95 431.22 2983.99
246.00 12.00 -26177.03 -26310.32 431.22 2983.99
247.00 12.00 -26177.03 -26267.96 431.22 2983.99
248.00 12.00 -26177.03 -26289.48 431.22 2983.99
249.00 12.00 -26177.03 -26245.44 431.22 2983.99
250.00 12.00 -26177.03 -26262.22 431.22 2983.99
251.00 13.00 -26167.67 -26167.67 430.07 2966.69
252.00 13.00 -26167.67 -26185.23 430.07 2966.69
253.00 13.00 -26167.67 -26293.64 430.07 2966.69
254.00 13.00 -26167.67 -26230.29 430.07 2966.69
255.00 13.00 -26167.67 -26222.95 430.07 2966.69
256.00 13.00 -26167.67 -26266.95 430.07 2966.69
257.00 13.00 -26167.67 -26185.87 430.07 2966.69
258.00 13.00 -26167.67 -26208.49 430.07 2966.69
259.00 13.00 -26167.67 -26264.83 430.07 2966.69
260.00 13.00 -26167.67 -26168.96 430.07 2966.69
261.00 13.00 -26167.67 -26276.71 430.07 2966.69
262.00 13.00 -26167.67 -26246.47 430.07 2966.69
263.00 13.00 -26167.67 -26316.42 430.07 2966.69
264.00 13.00 -26167.67 -26251.11 430.07 2966.69
265.00 13.00 -26167.67 -26206.21 430.07 2966.69
266.00 13.00 -26167.67 -26281.40 430.07 2966.69
267.00 13.00 -26167.67 -26235.69 430.07 2966.69
268.00 13.00 -26167.67 -26223.12 430.07 2966.69
269.00 13.00 -26167.67 -26252.94 430.07 2966.69
270.00 13.00 -26167.67 -26267.86 430.07 2966.69
271.00 13.00 -26167.67 -26258.41 430.07 2966.69
272.00 13.00 -26167.67 -26239.85 430.07 2966.69
273.00 13.00 -26167.67 -26218.74 430.07 2966.69
274.00 14.00 -26164.60 -26164.60 429.70 2968.88
275.00 15.00 -26132.26 -26132.26 425.74 2953.95
276.00 15.00 -26132.26 -26220.21 425.74 2953.95
277.00 15.00 -26132.26 -26150.50 425.74 2953.95
278.00 15.00 -26132.26 -26168.96 425.74 2953.95
279.00 15.00 -26132.26 -26178.74 425.74 2953.95
280.00 15.00 -26132.26 -26201.01 425.74 2953.95
281.00 15.00 -26132.26 -26192.82 425.74 2953.95
282.00 15.00 -26132.26 -26185.15 425.74 2953.95
283.00 15.00 -26132.26 -26199.07 425.74 2953.95
284.00 15.00 -26132.26 -26188.13 425.74 2953.95
285.00 15.00 -26132.26 -26292.11 425.74 2953.95
286.00 15.00 -26132.26 -26161.77 425.74 2953.95
287.00 15.00 -26132.26 -26183.94 425.74 2953.95
288.00 15.00 -26132.26 -26160.12 425.74 2953.95
289.00 15.00 -26132.26 -26199.23 425.74 2953.95
290.00 15.00 -26132.26 -26203.89 425.74 2953.95
291.00 15.00 -26132.26 -26207.94 425.74 2953.95
292.00 15.00 -26132.26 -26200.87 425.74 2953.95
293.00 15.00 -26132.26 -26155.36 425.74 2953.95
294.00 15.00 -26132.26 -26191.79 425.74 2953.95
295.00 15.00 -26132.26 -26187.96 425.74 2953.95
296.00 15.00 -26132.26 -26132.69 425.74 2953.95
297.00 15.00 -26132.26 -26225.04 425.74 2953.95
298.00 15.00 -26132.26 -26222.17 425.74 2953.95
299.00 15.00 -26132.26 -26146.99 425.74 2953.95
300.00 15.00 -26132.26 -26159.82 425.74 2953.95
301.00 15.00 -26132.26 -26221.15 425.74 2953.95
302.00 15.00 -26132.26 -26313.83 425.74 2953.95
303.00 15.00 -26132.26 -26163.32 425.74 2953.95
304.00 15.00 -26132.26 -26262.43 425.74 2953.95
305.00 15.00 -26132.26 -26183.02 425.74 2953.95
306.00 15.00 -26132.26 -26252.41 425.74 2953.95
307.00 15.00 -26132.26 -26247.45 425.74 2953.95
308.00 15.00 -26132.26 -26154.41 425.74 2953.95
309.00 15.00 -26132.26 -26172.44 425.74 2953.95
310.00 15.00 -26132.26 -26160.97 425.74 2953.95
311.00 15.00 -26132.26 -26251.78 425.74 2953.95
312.00 15.00 -26132.26 -26148.71 425.74 2953.95
313.00 15.00 -26132.26 -26197.32 425.74 2953.95
314.00 15.00 -26132.26 -26179.69 425.74 2953.95
315.00 15.00 -26132.26 -26222.92 425.74 2953.95
316.00 15.00 -26132.26 -26173.04 425.74 2953.95
317.00 15.00 -26132.26 -26150.13 425.74 2953.95
