2924.95
2924.95
2924.95
2924.95
2921.64
2921.64
2921.64
2906.78
2906.78
2906.78
2906.78
2906.78
2906.78
2906.78
2906.78
2906.78
2906.78
2906.78
2906.78
2906.78
2906.78
2906.78
2906.78
2906.78
2906.78
2906.78
2906.78
2906.78
2906.78
2906.78
2906.78
2906.78
2906.78
2906.78
2906.78
2906.78
2906.78
2906.78
2906.78
2906.78
2906.78
2906.78
2906.78
2906.78
2906.78
2906.78
2906.78
2906.78
2906.78
2906.78
2906.78
2906.78
2906.78
2906.78
2906.78
2906.78
2906.78
2906.78
2906.78
2906.78
2906.78
2906.78
2906.78
2906.78
2906.78
2906.78
2906.78
2906.78
2906.78
2906.78
2906.78
2906.78
2906.78
2906.78
2906.78
2906.78
2906.78
2906.78
2906.78
2906.78
2906.78
2906.78
2906.78
2906.78
2906.78
2906.78
2906.78
2906.78
2906.78
2906.78
2906.78
2906.78
2906.78
2906.78
2906.78
2906.78
2906.78
2906.78
2906.78
2906.78
2906.78
2906.78
2906.78
2906.78
2906.78
2906.78
2906.78
2906.78
2906.78
2906.78
2906.78
2906.78
2906.78
2906.78
2906.78
2906.78
2906.78
2906.78
2906.78
2906.78
2906.78
2906.78
2906.78
2906.78
2906.78
2906.78
2906.78
2906.78
2906.78
2906.78
2906.78
2906.78
2906.78
2906.78
2906.78
2906.78
2906.78
2906.78
2906.78
2906.78
2906.78
2906.78
2906.78
2906.78
2906.78
2906.78
2906.78
2906.78
2906.78
2906.78
2906.78
2906.78
2906.78
2906.78
2906.78
2906.78
2906.78
2906.78
2906.78
2906.78
2906.78
2906.78
2906.78
2904.41
2904.41
2904.41
2904.41
2904.41
2904.41
2904.41
2904.41
2904.41
2904.41
2904.41
2904.41
2904.41
2904.41
2904.41
2904.41
2904.41
2904.41
2904.41
2927.56
2927.56
2927.56
2927.56
2927.56
2927.56
2927.56
2927.56
2927.56
2927.56
2927.56
2927.56
2927.56
2927.56
2927.56
2927.56
2927.56
2927.56
2927.56
2927.56
2927.56
2927.56
2927.56
2927.56
2927.56
2927.56
2927.56
2927.56
2927.56
2927.56
2923.07
2923.07
2923.07
2923.07
2923.07
2923.07
2923.07
2923.07
2923.07
2923.07
2923.07
2923.07
2923.07
2923.07
2923.07
2923.07
2923.07
2923.07
2923.07
2923.07
2923.07
2923.07
2923.07
2923.07
2923.07
2923.07
2923.07
2923.07
