2940.27
2940.27
2940.27
2940.27
2940.27
2940.27
2940.27
2940.27
2940.27
2940.27
2940.45
2940.45
2940.45
2940.45
2940.45
2940.45
2940.45
2940.45
2940.45
2940.45
2940.45
2940.45
2940.45
2940.45
2940.45
2940.45
2940.45
2940.45
2940.45
2940.45
2940.45
2940.45
2932.75
2932.75
2932.75
2932.75
2932.75
2932.75
2932.75
2932.75
2932.75
2932.75
2932.75
2932.75
2932.75
2932.75
2932.75
2927.62
2927.62
2927.62
2926.23
2926.23
2926.23
2926.23
2926.23
2926.23
2938.71
2938.71
2938.71
2938.71
2938.71
2938.71
2938.71
2934.38
2934.38
2934.38
2934.38
2934.38
2934.38
2928.15
2928.15
2928.15
2928.15
2928.15
2928.15
2937.68
2950.49
2950.49
2950.49
2950.49
2935.96
2920.80
2920.80
2920.80
2920.80
2920.80
2920.80
2920.80
2927.65
2927.65
2927.65
2927.65
2926.59
2926.59
2926.59
2926.59
2926.59
2926.59
2926.59
2926.59
2926.59
2926.59
2926.59
2926.59
2926.59
2926.59
2926.59
2933.50
2933.50
2933.50
2933.50
2916.76
2916.76
2916.76
2916.76
2916.76
2916.76
2916.76
2916.76
2916.76
2916.76
2916.76
2916.76
2916.76
2916.76
2916.76
2916.76
2916.76
2916.76
2916.76
2916.76
2916.76
2916.76
2916.76
2918.73
2950.25
2929.81
2929.81
2929.81
2934.45
2934.45
2941.63
2941.63
2941.63
2941.63
2941.63
2941.63
2941.63
2941.63
2927.98
2927.98
2927.98
2930.20
2930.20
2930.20
2930.20
2930.20
2930.20
2930.20
2930.20
2930.20
2930.20
2930.20
2930.20
2930.20
2930.20
2930.20
2930.20
2930.20
2930.20
2930.20
2930.20
2930.20
2930.20
2930.20
2930.20
2930.20
2930.20
2930.20
2930.20
2930.20
2930.20
2930.20
2930.20
2930.20
2930.20
2930.20
2930.20
2930.20
2930.20
2930.20
2930.20
2930.20
2930.20
2930.20
2930.20
2930.20
2930.20
2930.20
2930.20
2930.20
2930.20
2930.20
2930.20
2930.20
2930.20
2930.20
2930.20
2934.94
2934.94
2934.94
2934.94
2934.94
2939.52
2939.52
2939.52
2939.52
2939.52
2939.52
2939.52
2939.52
2939.52
2939.52
2939.52
2939.52
2939.52
2939.52
2939.52
2939.52
2939.52
2939.52
2939.52
2939.52
2939.52
2939.52
2939.52
