2939.77
2927.42
2927.42
2927.42
2927.42
2927.42
2927.42
2927.42
2911.79
2911.79
2911.79
2911.79
2911.79
2911.79
2911.79
2911.79
2911.79
2911.79
2911.79
2911.79
2911.79
2911.79
2911.79
2911.79
2911.79
2911.79
2911.79
2911.79
2911.79
2911.79
2911.79
2911.79
2911.79
2911.79
2911.79
2911.79
2911.79
2911.79
2911.79
2911.79
2911.79
2911.79
2911.79
2911.79
2911.79
2911.79
2911.79
2925.33
2929.02
2929.02
2929.02
2923.83
2922.38
2922.38
2922.38
2916.82
2916.82
2916.82
2916.82
2916.82
2903.71
2903.71
2903.71
2903.71
2903.71
2903.71
2903.71
2903.71
2903.71
2903.71
2903.71
2903.71
2903.71
2903.71
2903.71
2903.71
2903.71
2903.71
2903.71
2903.71
2903.71
2919.55
2915.70
2915.70
2915.70
2915.70
2915.70
2926.78
2926.78
2926.78
2926.78
2926.78
2926.78
2926.78
2926.78
2926.78
2926.78
2926.78
2926.78
2926.78
2926.78
2926.78
2926.78
2926.78
2926.78
2926.78
2916.55
2916.55
2916.55
2916.55
2916.55
2916.55
2916.55
2916.55
2916.55
2916.55
2916.55
2916.55
2916.55
2916.55
2916.55
2916.55
2916.55
2916.55
2916.55
2916.55
2916.55
2916.55
2916.55
2916.55
2916.55
2924.00
2924.00
2924.00
2924.00
2924.00
2924.00
2924.00
2943.56
2943.56
2943.56
2943.56
2943.56
2943.56
2943.56
2943.56
2943.56
2943.56
2943.56
2943.56
2943.56
2943.56
2943.56
2943.56
2943.56
2943.56
2943.56
2943.56
2943.56
2943.56
2943.56
2943.56
2943.56
2943.56
2943.56
2943.56
2943.56
2943.56
2943.56
2943.56
2943.56
2943.56
2943.56
2943.56
2943.56
2943.56
2943.56
2943.56
2943.56
2943.56
2943.56
2943.56
2943.56
2943.56
2943.56
2943.56
2943.56
2943.56
2943.56
2943.56
2943.56
2943.56
2943.56
2943.56
2943.56
2943.56
2943.56
2943.56
2943.56
2943.56
2943.56
2943.56
2922.22
2922.22
2922.22
2922.22
2922.22
2922.22
2922.22
2922.22
2922.22
2922.22
2922.22
2922.22
2922.22
2922.22
2922.22
2922.22
2922.22
2922.22
2922.22
2922.22
2922.22
2922.22
2922.22
2922.22
2922.22
2922.22
2922.22
2922.22
2922.22
2922.22
2922.22
2922.22
2922.22
2922.22
2922.22
2922.22
2922.22
2922.22
2922.22
2922.22
