1.00
1.00
1.00
2945.33
2945.33
2925.57
2943.07
2942.66
2942.66
2942.66
2942.66
2938.82
2953.04
2944.97
2929.49
2930.65
2930.65
2930.65
2930.65
2930.65
2930.65
2930.65
2930.65
2930.65
2930.65
2930.65
2930.65
2930.65
2930.65
2930.65
2930.65
2930.65
2930.65
2930.65
2930.65
2930.65
2930.65
2930.65
2930.65
2930.65
2930.65
2930.65
2930.65
2930.65
2930.65
2930.65
2930.65
2930.65
2930.65
2930.65
2930.65
2930.65
2930.65
2930.65
2930.65
2923.18
2941.90
2941.90
2941.90
2941.90
2941.90
2941.90
2941.90
2941.90
2941.90
2941.90
2941.90
2941.90
2941.90
2941.90
2941.90
2941.90
2941.90
2941.90
2941.90
2941.90
2941.90
2941.90
2941.90
2941.90
2941.90
2941.90
2941.90
2941.90
2941.90
2941.90
2941.90
2941.90
2941.90
2941.90
2941.90
2941.90
2941.90
2941.90
2941.90
2941.90
2941.90
2941.90
2941.90
2941.90
2941.90
2941.90
2941.90
2941.90
2941.90
2941.90
2941.90
2941.90
2941.90
2941.90
2941.90
2941.90
2941.90
2939.23
2939.23
2939.23
2939.23
2939.23
2939.23
2939.23
2939.23
2939.23
2939.23
2939.23
2939.23
2939.23
2939.89
2939.89
2939.89
2939.89
2939.89
2939.89
2939.89
2939.89
2939.89
2939.89
2939.89
2939.89
2925.36
2925.36
2925.36
2925.36
2925.36
2925.36
2925.36
2925.36
2925.36
2925.36
2925.36
2925.36
2925.36
2925.36
2925.36
2925.36
2925.36
2925.36
2925.36
2925.36
2925.36
2925.36
2925.36
2925.36
2925.36
2925.36
2925.36
2925.36
2925.36
2925.36
2925.36
2925.36
2925.36
2925.36
2925.36
2925.36
2925.36
2925.36
2925.36
2925.36
2925.36
2925.36
2925.36
2925.36
2925.36
2925.36
2925.36
2925.36
2925.36
2925.36
2925.36
2925.36
2925.36
2925.36
2925.36
2925.36
2925.36
2925.36
2925.36
2925.36
2925.36
2925.36
2925.36
2925.36
2925.36
2925.36
2925.36
2925.36
2925.36
2925.36
2925.36
2925.36
2925.36
2925.36
2925.36
2925.36
2925.36
2925.36
2925.36
2925.36
2925.36
2925.36
2925.36
2937.59
2937.59
2937.59
2937.59
2937.59
2937.59
2937.59
2937.59
2937.59
2937.59
2937.59
2937.59
2937.59
2937.59
2937.59
2937.59
2937.59
2937.59
