-12306.80000 -15017.93000 -7511.16000 -8289.47000 -11167.62000 -10106.55000 -9144.10000 -13600.39000
-12309.62000 -15013.52000 -7495.85000 -8305.19000 -11159.23000 -10097.46000 -9153.27000 -13621.78000
-12320.60000 -15017.02000 -7506.59000 -8292.29000 -11160.36000 -10100.58000 -9153.53000 -13585.62000
-12309.84000 -14996.72000 -7513.57000 -8288.58000 -11158.42000 -10111.55000 -9144.69000 -13577.81000
-12298.72000 -15009.51000 -7500.42000 -8287.31000 -11150.03000 -10095.41000 -9153.08000 -13603.26000
-12311.01000 -14998.15000 -7508.63000 -8283.40000 -11157.35000 -10106.64000 -9158.83000 -13587.53000
-12320.48000 -15012.72000 -7511.17000 -8289.00000 -11144.63000 -10096.04000 -9151.63000 -13595.51000
-12313.43000 -15014.52000 -7513.85000 -8287.10000 -11153.36000 -10100.52000 -9144.10000 -13593.41000
-12308.82000 -15006.76000 -7513.91000 -8289.48000 -11155.27000 -10108.70000 -9148.00000 -13597.54000
-12304.95000 -15033.74000 -7514.85000 -8286.64000 -11174.67000 -10109.81000 -9161.19000 -13583.34000
-12300.66000 -15000.08000 -7499.67000 -8290.96000 -11170.28000 -10101.70000 -9141.08000 -13601.87000
-12296.54000 -14990.83000 -7522.21000 -8287.15000 -11165.25000 -10098.07000 -9139.18000 -13592.41000
-12306.06000 -15009.26000 -7510.28000 -8280.61000 -11144.75000 -10098.74000 -9137.91000 -13590.64000
-12327.13000 -15025.72000 -7513.37000 -8285.04000 -11150.01000 -10097.82000 -9134.31000 -13609.43000
-12317.18000 -14997.50000 -7496.62000 -8294.37000 -11140.04000 -10109.64000 -9131.07000 -13594.37000
-12319.93000 -15006.93000 -7516.30000 -8294.70000 -11168.39000 -10104.88000 -9141.78000 -13583.21000
-12290.36000 -14988.58000 -7509.72000 -8282.10000 -11144.58000 -10101.43000 -9156.00000 -13594.37000
-12307.22000 -14978.05000 -7503.57000 -8282.56000 -11153.65000 -10108.63000 -9141.22000 -13591.83000
-12317.75000 -14994.95000 -7506.91000 -8286.94000 -11157.40000 -10112.38000 -9140.28000 -13596.68000
-12292.74000 -14988.93000 -7509.65000 -8287.99000 -11144.79000 -10083.33000 -9131.03000 -13588.79000
-12303.82000 -14991.01000 -7493.98000 -8302.29000 -11152.88000 -10097.07000 -9169.70000 -13581.18000
-12314.95000 -14999.37000 -7501.25000 -8291.65000 -11143.34000 -10120.99000 -9153.67000 -13592.19000
-12319.98000 -15006.65000 -7494.57000 -8287.66000 -11159.84000 -10116.20000 -9151.77000 -13597.56000
-12313.60000 -14999.55000 -7507.26000 -8283.67000 -11155.76000 -10103.60000 -9144.53000 -13608.87000
-12295.24000 -14990.40000 -7500.09000 -8282.78000 -11162.99000 -10105.00000 -9141.03000 -13598.98000
-12297.13000 -15024.15000 -7499.44000 -8289.20000 -11159.28000 -10095.62000 -9146.11000 -13580.98000
-12313.17000 -14999.26000 -7500.82000 -8287.04000 -11161.70000 -10102.61000 -9149.22000 -13610.72000
-12304.82000 -14987.24000 -7495.90000 -8291.71000 -11149.79000 -10099.33000 -9137.35000 -13609.75000
-12330.31000 -15013.61000 -7510.17000 -8278.82000 -11167.92000 -10105.80000 -9142.02000 -13605.21000
-12302.67000 -15017.94000 -7502.68000 -8283.12000 -11153.00000 -10105.99000 -9146.69000 -13603.32000
-12288.25000 -15011.92000 -7499.45000 -8295.70000 -11166.16000 -10106.44000 -9146.01000 -13598.30000
-12291.69000 -14987.89000 -7501.97000 -8297.96000 -11153.23000 -10098.30000 -9145.59000 -13579.21000
-12307.53000 -14998.95000 -7512.41000 -8284.53000 -11158.74000 -10115.48000 -9148.89000 -13600.77000
-12293.19000 -15006.65000 -7500.66000 -8285.93000 -11166.15000 -10115.27000 -9143.40000 -13617.37000
-12285.08000 -15006.62000 -7504.35000 -8300.22000 -11152.22000 -10111.32000 -9149.56000 -13597.63000
-12301.22000 -14997.88000 -7508.60000 -8285.13000 -11168.76000 -10092.88000 -9142.93000 -13607.34000
-12298.88000 -14985.26000 -7501.00000 -8292.65000 -11164.23000 -10109.12000 -9139.47000 -13607.46000
-12297.01000 -14978.10000 -7504.63000 -8276.24000 -11134.74000 -10099.51000 -9139.19000 -13591.04000
-12303.78000 -15001.45000 -7504.17000 -8291.69000 -11167.04000 -10115.90000 -9132.15000 -13606.54000
-12309.05000 -14999.40000 -7498.43000 -8297.72000 -11163.69000 -10098.05000 -9134.92000 -13583.00000
-12308.97000 -15016.58000 -7511.41000 -8297.67000 -11158.98000 -10099.41000 -9151.77000 -13573.69000
-12308.78000 -15033.86000 -7500.25000 -8302.34000 -11155.14000 -10114.69000 -9149.21000 -13614.57000
-12308.21000 -14998.94000 -7500.34000 -8283.46000 -11163.16000 -10091.39000 -9144.95000 -13584.52000
-12297.40000 -14990.48000 -7505.13000 -8292.06000 -11169.56000 -10107.07000 -9142.05000 -13575.29000
-12281.27000 -14995.25000 -7498.25000 -8286.26000 -11165.04000 -10109.44000 -9156.76000 -13595.47000
-12313.18000 -15004.70000 -7507.21000 -8285.31000 -11166.46000 -10096.48000 -9164.40000 -13587.02000
-12310.79000 -15013.13000 -7508.26000 -8290.01000 -11165.91000 -10111.18000 -9138.85000 -13579.60000
-12295.90000 -15000.23000 -7493.19000 -8293.73000 -11170.55000 -10107.40000 -9145.33000 -13591.85000
-12326.00000 -15002.37000 -7504.65000 -8300.33000 -11163.31000 -10098.78000 -9166.14000 -13582.30000
-12301.42000 -14995.61000 -7500.03000 -8274.13000 -11155.10000 -10107.39000 -9148.15000 -13592.44000
-12290.30000 -15012.56000 -7497.89000 -8282.55000 -11156.36000 -10091.44000 -9136.44000 -13591.68000
-12297.58000 -15006.79000 -7496.03000 -8294.88000 -11155.67000 -10096.76000 -9138.83000 -13575.82000
-12304.82000 -14976.46000 -7499.37000 -8297.83000 -11149.55000 -10093.37000 -9152.73000 -13607.85000
-12288.79000 -14990.60000 -7499.06000 -8287.43000 -11159.16000 -10104.29000 -9163.14000 -13591.65000
-12297.86000 -15002.36000 -7492.50000 -8294.26000 -11154.04000 -10106.93000 -9145.72000 -13603.63000
-12312.86000 -14994.25000 -7496.14000 -8290.04000 -11163.00000 -10099.36000 -9150.72000 -13577.17000
-12298.01000 -14987.96000 -7484.57000 -8280.90000 -11151.82000 -10113.34000 -9145.10000 -13576.70000
-12312.31000 -14994.77000 -7486.54000 -8286.46000 -11146.37000 -10094.32000 -9138.11000 -13598.26000
-12306.72000 -15000.36000 -7495.61000 -8282.97000 -11165.22000 -10100.88000 -9144.50000 -13618.84000
-12326.09000 -15002.59000 -7505.11000 -8292.59000 -11169.25000 -10088.35000 -9129.66000 -13599.91000
-12310.89000 -15008.32000 -7494.81000 -8284.03000 -11170.09000 -10102.78000 -9148.78000 -13574.65000
-12301.90000 -15004.69000 -7507.28000 -8281.49000 -11155.31000 -10111.88000 -9148.97000 -13607.70000
-12326.65000 -14962.88000 -7501.00000 -8276.51000 -11153.45000 -10105.68000 -9151.52000 -13582.43000
-12295.16000 -14997.64000 -7497.85000 -8282.26000 -11154.04000 -10112.64000 -9144.22000 -13602.16000
-12300.96000 -14992.03000 -7491.91000 -8278.95000 -11163.78000 -10093.50000 -9145.53000 -13578.59000
-12275.55000 -15012.26000 -7501.33000 -8289.45000 -11151.88000 -10097.49000 -9145.55000 -13596.64000
-12297.75000 -14982.11000 -7504.91000 -8278.08000 -11176.01000 -10116.78000 -9143.19000 -13607.02000
-12276.46000 -15006.62000 -7487.94000 -8298.84000 -11154.72000 -10111.63000 -9141.39000 -13570.40000
-12288.85000 -15004.66000 -7504.55000 -8277.09000 -11167.13000 -10098.45000 -9136.57000 -13587.15000
-12298.70000 -15002.44000 -7490.19000 -8292.73000 -11172.89000 -10091.67000 -9144.31000 -13574.49000
-12293.30000 -15001.95000 -7491.65000 -8282.45000 -11163.13000 -10103.06000 -9132.65000 -13604.10000
-12308.24000 -14991.29000 -7493.30000 -8277.83000 -11133.94000 -10119.60000 -9144.63000 -13619.69000
-12300.54000 -15005.19000 -7491.40000 -8289.30000 -11180.12000 -10109.80000 -9137.62000 -13581.64000
-12295.02000 -15006.99000 -7500.94000 -8292.11000 -11148.16000 -10096.04000 -9153.97000 -13586.73000
-12328.23000 -15015.14000 -7497.80000 -8285.10000 -11169.22000 -10102.05000 -9153.77000 -13611.04000
-12304.47000 -15030.16000 -7492.55000 -8296.36000 -11150.41000 -10119.08000 -9154.63000 -13576.74000
-12287.36000 -14974.95000 -7488.21000 -8285.25000 -11156.40000 -10112.89000 -9138.65000 -13622.64000
-12304.18000 -15020.58000 -7498.88000 -8279.69000 -11148.95000 -10117.81000 -9145.20000 -13619.54000
-12301.88000 -14997.29000 -7497.68000 -8287.04000 -11155.81000 -10110.64000 -9149.54000 -13638.39000
-12312.65000 -15004.09000 -7499.72000 -8291.92000 -11152.14000 -10092.51000 -9141.04000 -13593.52000
-12298.92000 -15023.31000 -7497.96000 -8279.95000 -11160.12000 -10099.49000 -9140.84000 -13585.79000
-12287.39000 -14989.30000 -7499.01000 -8288.28000 -11157.19000 -10106.96000 -9146.13000 -13591.06000
-12302.20000 -14982.93000 -7489.10000 -8287.42000 -11157.73000 -10105.17000 -9139.89000 -13588.47000
-12290.12000 -14998.27000 -7493.38000 -8282.73000 -11158.37000 -10098.56000 -9145.65000 -13574.29000
-12306.57000 -14994.10000 -7502.75000 -8303.00000 -11151.55000 -10103.53000 -9145.71000 -13585.28000
-12316.02000 -15009.75000 -7505.90000 -8282.79000 -11177.31000 -10092.74000 -9139.92000 -13606.36000
-12305.15000 -15001.12000 -7497.70000 -8281.50000 -11156.17000 -10122.48000 -9144.20000 -13605.75000
-12301.98000 -15000.00000 -7497.91000 -8282.11000 -11154.15000 -10089.45000 -9157.63000 -13572.80000
-12311.41000 -15010.12000 -7501.16000 -8285.52000 -11154.87000 -10094.01000 -9135.64000 -13580.48000
-12280.93000 -15011.75000 -7495.63000 -8283.22000 -11158.71000 -10097.13000 -9140.42000 -13598.18000
-12304.45000 -14979.26000 -7505.56000 -8293.13000 -11166.88000 -10105.09000 -9145.28000 -13604.92000
-12293.53000 -14988.09000 -7504.80000 -8281.57000 -11149.84000 -10101.11000 -9151.59000 -13583.86000
-12293.14000 -14978.69000 -7492.53000 -8293.70000 -11155.80000 -10090.42000 -9149.19000 -13575.27000
-12301.11000 -14990.40000 -7493.13000 -8281.18000 -11163.16000 -10115.43000 -9147.97000 -13586.89000
-12288.31000 -15006.81000 -7493.12000 -8292.57000 -11157.76000 -10105.24000 -9140.63000 -13583.40000
-12299.53000 -15010.36000 -7496.47000 -8290.81000 -11177.33000 -10115.30000 -9145.33000 -13588.22000
-12303.43000 -15020.08000 -7488.93000 -8287.16000 -11163.89000 -10101.80000 -9131.79000 -13588.84000
-12308.04000 -14991.29000 -7504.23000 -8283.71000 -11163.21000 -10096.25000 -9143.86000 -13617.49000
-12300.56000 -15011.52000 -7490.91000 -8291.44000 -11157.04000 -10114.68000 -9163.94000 -13587.83000
-12294.63000 -14977.25000 -7510.22000 -8293.57000 -11170.15000 -10095.29000 -9151.02000 -13588.57000
-12300.10000 -14998.68000 -7488.85000 -8301.50000 -11167.37000 -10127.04000 -9146.84000 -13584.78000
-12294.66000 -15027.01000 -7488.11000 -8279.03000 -11158.66000 -10096.94000 -9145.08000 -13579.35000
-12291.64000 -14998.91000 -7499.26000 -8284.75000 -11158.34000 -10092.99000 -9135.38000 -13616.15000
-12311.36000 -15011.61000 -7509.57000 -8290.54000 -11145.40000 -10100.24000 -9143.06000 -13597.06000
-12292.26000 -14990.58000 -7495.01000 -8288.94000 -11150.30000 -10102.58000 -9136.15000 -13582.36000
-12290.26000 -14983.09000 -7498.25000 -8285.24000 -11177.28000 -10105.01000 -9138.81000 -13617.28000
-12303.72000 -14994.55000 -7499.84000 -8280.99000 -11156.95000 -10099.49000 -9134.95000 -13592.09000
-12293.75000 -14996.48000 -7499.07000 -8295.02000 -11156.93000 -10097.21000 -9141.12000 -13613.58000
-12311.48000 -15003.37000 -7493.69000 -8286.21000 -11164.08000 -10115.42000 -9145.56000 -13592.68000
-12301.23000 -14991.21000 -7493.43000 -8304.99000 -11150.87000 -10105.94000 -9148.62000 -13590.35000
-12298.47000 -14990.17000 -7494.25000 -8277.24000 -11172.43000 -10109.85000 -9142.23000 -13577.92000
-12311.74000 -14981.24000 -7499.15000 -8292.91000 -11154.31000 -10104.59000 -9150.71000 -13590.50000
-12304.04000 -14972.67000 -7500.39000 -8297.09000 -11160.22000 -10087.56000 -9138.00000 -13589.46000
-12327.01000 -15015.87000 -7485.43000 -8297.05000 -11151.99000 -10096.47000 -9145.35000 -13578.34000
-12292.43000 -14999.84000 -7493.15000 -8282.95000 -11160.12000 -10107.79000 -9166.30000 -13599.30000
-12290.39000 -14982.39000 -7496.19000 -8283.08000 -11174.30000 -10099.78000 -9144.16000 -13588.88000
-12308.43000 -14998.05000 -7503.83000 -8288.49000 -11147.53000 -10090.66000 -9150.26000 -13612.13000
-12294.28000 -14999.44000 -7495.81000 -8277.14000 -11158.84000 -10113.71000 -9147.77000 -13593.88000
-12301.18000 -14988.38000 -7493.26000 -8289.56000 -11168.80000 -10108.43000 -9148.24000 -13598.59000
-12295.06000 -14993.60000 -7485.67000 -8281.32000 -11176.18000 -10106.13000 -9141.08000 -13597.03000
-12309.46000 -14982.11000 -7500.49000 -8287.78000 -11154.25000 -10114.18000 -9146.98000 -13573.25000
-12299.77000 -14997.11000 -7503.13000 -8288.12000 -11144.89000 -10123.92000 -9141.40000 -13576.24000
-12303.48000 -14981.15000 -7493.57000 -8280.08000 -11164.66000 -10107.57000 -9147.43000 -13611.19000
-12301.90000 -15002.14000 -7502.47000 -8280.19000 -11157.98000 -10096.90000 -9143.73000 -13585.94000
-12288.16000 -14990.72000 -7492.75000 -8286.21000 -11167.26000 -10108.10000 -9143.43000 -13616.81000
-12303.22000 -14981.34000 -7497.08000 -8290.94000 -11161.87000 -10088.71000 -9134.99000 -13583.35000
-12302.82000 -15003.36000 -7504.44000 -8286.67000 -11158.21000 -10098.11000 -9160.85000 -13580.29000
-12287.95000 -14988.14000 -7496.29000 -8286.43000 -11162.85000 -10103.48000 -9128.29000 -13605.75000
