1.225621268261731789e+00
1.127755617978519309e+00
1.242154104726566954e+00
1.102881058076180087e+00
1.677099609375000928e-06
2.083769278710924377e-01
7.091591958203130597e-01
7.910887351562478909e-02
1.996731933593745567e-02
2.717319487304682354e-02
1.316653477343745493e-01
3.973446021005862860e+00
1.296413474048447461e+04
1.339334622147459264e+01
1.344917349023435904e-01
-6.675889051337883906e+00
-1.210868734928695467e+01
1.600396765659182563e+01
3.349219495403357882e+01
3.922513357929666267e+00
-1.299676106615223325e+01
1.627890529406264619e+01
3.264940989688501105e+01
-3.988470695781266784e+00
-5.502219576074073304e-01
1.351745327172851674e+01
9.518133905751874124e+00
1.619344476367170316e+01
4.450897181269535707e+00
2.206922849320321589e+01
-1.225881974355473147e+01
2.508985622374017055e+01
1.193752175138675042e+01
2.736496368179697569e+01
2.732822767842767320e+01
-2.982754288867033865e-01
2.124002323267578873e+01
1.658205861181647700e+00
-8.216360033828186360e+00
2.533335448125972178e+01
1.884021242082015135e+01
2.452857421448238640e+01
-1.008129098201182039e+01
2.372868524462892381e+01
2.995452652636723112e-01
2.336408300234360524e+01
-1.336306740125003856e+01
9.332212911230555186e-01
1.603221389226555615e+01
-7.832720186777353710e+00
-9.408182405556686945e+00
-4.939386972421893951e+00
-3.452554282451171908e+00
1.524156722851444379e-01
1.051875276618164001e+01
-5.761707632607452112e+00
1.820175924821277391e+01
1.992534267463873476e+01
-1.234471368401352187e+01
7.223451410790945104e+00
7.385853606132781302e+00
2.449181010907224731e+01
2.237896613880858254e+01
3.583675088652351626e+00
1.163893061311525123e+01
2.531426077262682384e+01
-1.075342481763670932e+01
2.022013809281240526e+01
-7.975954622890672141e+00
5.587001122187504443e+00
2.560106224560549748e+01
5.017225474482417624e+00
3.240831052089834685e+01
-1.068271368459973658e+01
2.659847078102550455e+01
1.648585293281256625e+01
-1.411389579542957406e+01
1.871377104047851958e+01
3.175760856456054881e+01
-1.298493913851563697e+01
2.306829203734390177e+01
8.419991659013735585e+00
1.817841912066398891e+01
2.553315084096704624e+01
2.369304796109381428e+01
9.840302744853566708e+00
2.940165054567391678e+01
2.582123138012697083e+01
-1.638422864882793650e+00
-1.086953740516594635e+01
1.024696141865228860e+01
-8.850826570664011683e+00
2.478710374566411190e+01
1.975511849795895714e+01
-6.281255178691438346e+00
3.083193495431636322e+01
2.255309466994120271e+01
3.358618965761730024e+00
4.732053453105464769e+00
-4.457305114492131182e+00
2.754762989297825726e+01
2.055156120015643850e+01
-3.048069991943357593e+00
4.627647744189412826e+00
-6.204891744892641725e+00
1.713310763228513522e+01
1.755412225751951549e+00
1.658881366855454953e+00
-9.410374283222560976e+00
2.329722589577133718e+01
-6.631436201103507955e+00
1.994398896585936498e+01
3.098684819344747510e+01
2.159698110100578816e+01
-7.033160207119215634e+00
2.836462256781264202e+01
2.109642225020508732e+01
5.032970916201177758e+00
2.668501964344728705e+01
2.553794243624973959e+01
1.859607707768554263e+01
1.385594874436523227e+01
1.144808827513679006e+01
-1.419175495191407776e+01
-1.861564632187493240e+00
-9.624253272168006745e+00
2.704889387333977524e+01
1.310710551347656327e+01
1.176560645230464708e+01
5.758196985654315370e+00
-1.182267484215831743e+01
-6.375974368759725230e+00
1.547018888193373698e+01
-9.023352294043011312e+00
2.392305166466790567e+01
8.262202003134774486e+00
3.409756803474612497e+01
-1.163368690062510602e+01
2.876761905190447166e+01
8.143150579492081320e+00
-6.368911170087866225e+00
-9.673756587968764364e+00
-5.538432954892624771e+00
1.869581340556642601e+00
-3.168487576650359294e+00
-4.220465925048796585e+00
4.470440866601560481e-01
-9.386890862207127872e-01
-9.112980285585924989e+00
-1.248077416492179204e+01
-1.048917625661131225e+01
3.486594334570306764e+00
2.119531238154295227e+00
1.178083818125984195e+01
3.014149398447231221e+01
1.975057957258793095e+01
2.090756483892583617e+01
4.062654637832005200e+00
1.306652659912104886e+00
8.348096706826167335e+00
2.458662054482424253e+00
5.074360519189410113e+00
-6.786917129003899873e+00
2.539599471565427180e+01
1.726746230738265453e+01
1.554828653537098759e+01
7.779345438789102118e+00
-7.089030521757806902e+00
2.876034897715803140e+01
-7.637208285195372426e+00
1.028261264253897522e+01
1.528357174640629346e+01
2.947257398048818544e+01
-7.140260429736338565e+00
1.611949449960928371e+00
2.025133983038097796e+01
-8.868572220664059813e+00
-9.551703481874945112e+00
-1.150564141041008526e+01
1.855675321044922299e+01
-1.270954112565430982e+01
-7.994899333642596417e+00
2.759259843857418204e+01
1.276586731633794436e+01
-3.665695470136712153e+00
3.397993864656239538e+01
2.558196136137687304e+01
8.032532302187494366e+00
1.063839066821276447e+01
9.637072654853515274e+00
3.106027807619158310e+01
1.180545715888650982e+00
-5.394335418896477385e+00
-9.088457406582058695e+00
-5.784214040449231042e+00
2.339933207953114547e+01
9.766051547509851716e+00
2.644789189260739803e+01
-7.216932405663938344e-01
2.755280667270499606e+01
2.329127138087888227e+01
1.060552359826176172e+01
8.957848198574216880e+00
1.103363974478516596e+01
4.914449041894500603e+00
2.833715202458982674e+01
-1.021781176657221124e+01
-9.913124261435624973e+00
2.134833614833989479e+00
-7.903091756308556093e+00
3.564073646103523174e+00
-3.081973082167993816e+00
1.043456264670900069e+01
1.591467938308595720e+01
-6.451565016777329298e+00
2.655401390604509970e+01
7.855661636962894434e+00
1.140930835246089003e+01
7.522622363525388600e+00
-1.173602490213867000e+01
-6.989908287714815316e+00
2.680355015749026748e+01
2.209091241801758798e+01
2.796234531695310821e+01
3.886791414121089083e+00
-1.159879524093745928e+01
3.072682453543967185e+01
1.029046510902328393e+01
1.054869973321286736e+01
6.083459689209012033e+00
4.469415276367179501e+00
4.044745710898423496e+00
8.336330382617134216e-01
3.137601351285166018e+01
2.951697250289062779e+01
3.418524057988310005e+01
2.885126863484373771e+01
1.982846594924803441e+01
-3.807592503904413950e-02
2.092563370279295398e+01
2.644827704632803744e+01
1.037406442079107372e+01
-1.612426441259746213e+00
3.113531855419905270e+01
2.318102493225596561e+01
-3.724950670624991744e+00
1.159656617709956272e+01
-3.754435993769542623e+00
1.007369550627925925e+01
1.925789802842781384e+01
6.112919920292904763e+00
1.510074249425784387e+01
7.648907748896473180e+00
2.897195638756815583e+01
6.762925225458953804e+00
9.022862768134784162e+00
-2.729944798095710556e+00
2.153905001355478177e+01
-2.272973791611328398e+00
2.983247961280272165e+01
6.191816875927711017e+00
8.467251285156245366e-01
-8.478573823359347728e+00
-7.403690426035154815e+00
1.646062465972658728e+01
2.746544891331998173e+01
1.703211402445301559e+01
7.542474359902341163e+00
3.100278407292003280e+01
2.953070696891591496e+01
1.350280043042971556e+01
8.171228932265618639e+00
-7.121443577392550850e+00
9.782033215566423578e+00
2.690742577512692435e+01
1.161469104250007689e+01
6.814409143027363669e+00
1.771728979005857241e+01
-1.428966582904290838e+01
-1.042909733968752661e+01
2.257231043139647753e+01
9.244904586025409543e+00
2.419138819103513427e+01
5.280451482744137337e+00
2.854165747647480700e+01
-1.017834578193354744e+01
1.716073437417970027e+01
-1.096185087730481911e+01
2.753150043524415835e+01
1.036734896761722169e+01
2.462387461666008903e+01
-1.086214306654291484e+01
-4.765186734921878831e+00
8.266983047636724535e+00
8.563907719658248041e+00
3.245560234170932290e+01
1.676362938932625113e+01
2.840006740467757140e+01
3.428528540488234455e+01
2.296677367311519191e+01
3.012044732233393773e+01
-5.503666150820317071e+00
2.928956059322289818e+01
-4.050695952880906781e+00
-3.192897582626945674e+00
1.687159784677701335e+00
2.574088843873052568e+01
5.743954411152361494e+00
6.291636486660193484e+00
4.913195407011714089e+00
2.575548137731477993e+01
-5.464639940625069414e+00
4.012871679081980503e+00
1.556762793950194279e+01
5.334829313701161979e+00
-1.214874243261462872e-01
-1.107377767762687881e+01
2.346100117214825076e+01
2.046144340664077355e+00
2.974497542661134020e+01
-6.931937301064373891e+00
1.372314179127936562e+01
1.494546101746089306e+01
1.521826207291012345e+01
1.668960333573238586e+01
-6.138107719687472930e+00
3.243631498562503879e+01
9.129350070605368739e-01
-9.305143328076107778e+00
1.483385660639651604e+01
4.794515458183602696e+00
1.490427442350573273e+01
3.067024774090831585e+01
1.032959253699223012e+01
2.469723247102545471e+01
-5.249542323124961385e+00
-3.410048134550743626e+00
-9.257826082626975150e+00
2.381448273448224384e+01
1.823037459687490980e+01
3.039687123246070755e+01
-4.754723097001927634e+00
6.875853571025342781e+00
1.313010933480470221e+01
2.424543003623021331e+00
-3.835028710253968187e-01
8.015281658349563187e+00
1.834757089130865637e+01
1.155669150040045423e+01
1.492206042285146772e+01
7.221234144726544457e+00
2.618674638458993797e+01
-2.685207406933837193e-01
-5.390080569853513026e+00
5.196289893554690842e+00
2.641593764516594334e+01
2.071794312120110604e+01
3.217069893761714638e+01
1.574034789433599091e+00
1.962249417586908251e+01
-2.398815402167933541e+00
-2.168693246162098021e+00
2.268535560467760703e+01
-6.897786706621106489e+00
-2.123036723457059516e+00
-1.145533706513665884e+01
8.396799268046896358e+00
-7.080901407236384948e+00
2.462353598632797791e+00
2.725622594102556207e+01
1.268347506465826058e+01
-2.718390476064450834e+00
-3.976216499443410157e+00
2.934157820851580212e+01
2.259732830284170646e+01
-6.129407758007733298e-01
-1.301421486769534752e+01
4.316623927021502993e+00
-1.045550704133786191e+01
-2.305894522363268084e+00
2.993763929606465624e+01
1.021011526572266126e+00
-6.727287109521491892e+00
1.185857473460942302e+01
-8.688747755058605193e+00
1.270292986315440231e+01
1.296040185521466803e+01
1.993385882083002159e+01
3.183123507997072821e+01
2.119860293958977238e+01
-4.223917160927750380e+00
-4.750971239384772282e+00
1.134857537126955762e+01
5.546611565820368739e+00
1.029846713487303411e+01
3.205340236857395553e+01
1.966717383476562109e+00
-1.179268468913089940e+01
2.758762879274410906e+01
2.400002230244129287e+00
1.401280603396475399e+01
1.286765795596688733e+01
2.938955368814460556e+01
-1.268085551569333447e+01
4.721718477460954411e+00
2.567970430343746813e+01
-1.044529700473634293e+01
3.113835291197245425e+01
3.746084271816347400e+00
3.091229682518558874e+01
2.203875280073265230e+01
2.409209071163068572e+01
-3.930754088281278147e+00
-5.979082742382786364e+00
-1.216744523894525543e+01
