1.000000000000000000e+00
1.000000000000000000e+00
1.000000000000000000e+00
4.366499999999999773e+02
4.366499999999999773e+02
4.366499999999999773e+02
4.366499999999999773e+02
4.366499999999999773e+02
4.366499999999999773e+02
4.366499999999999773e+02
4.354100000000000250e+02
4.354100000000000250e+02
4.354100000000000250e+02
4.354100000000000250e+02
4.354100000000000250e+02
4.314599999999999795e+02
4.314599999999999795e+02
4.314599999999999795e+02
4.314200000000000159e+02
4.314200000000000159e+02
4.314200000000000159e+02
4.314200000000000159e+02
4.314200000000000159e+02
4.314200000000000159e+02
4.314200000000000159e+02
4.314200000000000159e+02
4.314200000000000159e+02
4.314200000000000159e+02
4.314200000000000159e+02
4.305400000000000205e+02
4.305400000000000205e+02
4.305400000000000205e+02
4.305400000000000205e+02
4.270199999999999818e+02
4.270199999999999818e+02
4.270199999999999818e+02
4.270199999999999818e+02
4.270199999999999818e+02
4.270199999999999818e+02
4.270199999999999818e+02
4.270199999999999818e+02
4.270199999999999818e+02
4.270199999999999818e+02
4.261700000000000159e+02
4.261700000000000159e+02
4.261700000000000159e+02
4.261700000000000159e+02
4.261700000000000159e+02
4.261700000000000159e+02
4.261700000000000159e+02
4.261700000000000159e+02
4.261700000000000159e+02
4.261700000000000159e+02
4.261700000000000159e+02
4.261700000000000159e+02
4.261700000000000159e+02
4.261700000000000159e+02
4.261700000000000159e+02
4.261700000000000159e+02
4.261700000000000159e+02
4.261700000000000159e+02
4.261700000000000159e+02
4.261700000000000159e+02
4.261700000000000159e+02
4.232400000000000091e+02
4.232400000000000091e+02
4.232400000000000091e+02
4.232400000000000091e+02
4.232400000000000091e+02
4.232400000000000091e+02
4.232400000000000091e+02
4.232400000000000091e+02
4.232400000000000091e+02
4.232400000000000091e+02
4.232400000000000091e+02
4.232400000000000091e+02
4.232400000000000091e+02
4.232400000000000091e+02
4.232400000000000091e+02
4.232400000000000091e+02
4.232400000000000091e+02
4.232400000000000091e+02
4.232400000000000091e+02
4.232400000000000091e+02
4.232400000000000091e+02
4.232400000000000091e+02
4.232400000000000091e+02
4.232400000000000091e+02
4.232400000000000091e+02
4.232400000000000091e+02
4.232400000000000091e+02
4.232400000000000091e+02
4.232400000000000091e+02
4.232400000000000091e+02
4.232400000000000091e+02
4.232400000000000091e+02
4.232400000000000091e+02
4.232400000000000091e+02
4.232400000000000091e+02
4.232400000000000091e+02
4.232400000000000091e+02
4.232400000000000091e+02
4.232400000000000091e+02
4.232400000000000091e+02
4.232400000000000091e+02
4.232400000000000091e+02
4.232400000000000091e+02
4.232400000000000091e+02
4.232400000000000091e+02
4.232400000000000091e+02
4.232400000000000091e+02
4.232400000000000091e+02
4.232400000000000091e+02
4.232400000000000091e+02
4.232400000000000091e+02
4.232400000000000091e+02
4.232400000000000091e+02
4.232400000000000091e+02
4.232400000000000091e+02
4.232400000000000091e+02
4.232400000000000091e+02
4.232400000000000091e+02
4.232400000000000091e+02
4.232400000000000091e+02
4.232400000000000091e+02
4.232400000000000091e+02
4.232400000000000091e+02
1.000000000000000000e+00
1.000000000000000000e+00
4.396100000000000136e+02
4.396100000000000136e+02
4.396100000000000136e+02
4.396100000000000136e+02
4.396100000000000136e+02
4.396100000000000136e+02
4.396100000000000136e+02
4.396100000000000136e+02
4.365899999999999750e+02
4.365899999999999750e+02
4.365899999999999750e+02
4.365899999999999750e+02
4.365899999999999750e+02
4.345000000000000000e+02
4.298199999999999932e+02
4.298199999999999932e+02
4.298199999999999932e+02
4.298199999999999932e+02
4.298199999999999932e+02
4.298199999999999932e+02
4.298199999999999932e+02
4.298199999999999932e+02
4.298199999999999932e+02
4.298199999999999932e+02
4.298199999999999932e+02
4.298199999999999932e+02
4.298199999999999932e+02
4.298199999999999932e+02
4.298199999999999932e+02
4.298199999999999932e+02
4.298199999999999932e+02
4.298199999999999932e+02
4.298199999999999932e+02
4.298199999999999932e+02
4.289700000000000273e+02
4.289700000000000273e+02
4.289700000000000273e+02
4.289700000000000273e+02
4.289700000000000273e+02
4.289700000000000273e+02
4.289700000000000273e+02
4.289700000000000273e+02
4.289700000000000273e+02
4.289700000000000273e+02
4.289700000000000273e+02
4.289700000000000273e+02
4.289700000000000273e+02
4.289700000000000273e+02
4.289700000000000273e+02
4.301899999999999977e+02
4.301899999999999977e+02
4.301899999999999977e+02
4.301899999999999977e+02
4.301899999999999977e+02
4.301899999999999977e+02
4.301899999999999977e+02
4.301899999999999977e+02
4.301899999999999977e+02
4.301899999999999977e+02
4.218799999999999955e+02
4.218799999999999955e+02
4.218799999999999955e+02
4.218799999999999955e+02
4.218799999999999955e+02
4.218799999999999955e+02
4.218799999999999955e+02
4.218799999999999955e+02
4.218799999999999955e+02
4.218799999999999955e+02
4.218799999999999955e+02
4.218799999999999955e+02
4.218799999999999955e+02
4.218799999999999955e+02
4.218799999999999955e+02
4.218799999999999955e+02
4.218799999999999955e+02
4.218799999999999955e+02
4.218799999999999955e+02
4.218799999999999955e+02
4.218799999999999955e+02
4.218799999999999955e+02
4.218799999999999955e+02
4.218799999999999955e+02
4.218799999999999955e+02
4.218799999999999955e+02
4.218799999999999955e+02
4.218799999999999955e+02
4.218799999999999955e+02
4.218799999999999955e+02
4.218799999999999955e+02
4.218799999999999955e+02
4.218799999999999955e+02
4.218799999999999955e+02
4.218799999999999955e+02
4.218799999999999955e+02
4.218799999999999955e+02
4.218799999999999955e+02
4.218799999999999955e+02
4.218799999999999955e+02
4.218799999999999955e+02
4.218799999999999955e+02
4.218799999999999955e+02
4.218799999999999955e+02
4.218799999999999955e+02
4.218799999999999955e+02
4.218799999999999955e+02
4.218799999999999955e+02
4.218799999999999955e+02
4.218799999999999955e+02
4.218799999999999955e+02
4.218799999999999955e+02
4.218799999999999955e+02
4.218799999999999955e+02
4.218799999999999955e+02
4.218799999999999955e+02
4.218799999999999955e+02
4.218799999999999955e+02
4.218799999999999955e+02
4.218799999999999955e+02
4.218799999999999955e+02
4.218799999999999955e+02
4.218799999999999955e+02
4.218799999999999955e+02
4.218799999999999955e+02
4.218799999999999955e+02
4.369300000000000068e+02
4.369300000000000068e+02
4.369300000000000068e+02
4.369300000000000068e+02
4.369300000000000068e+02
4.369300000000000068e+02
4.369300000000000068e+02
4.369300000000000068e+02
4.369300000000000068e+02
4.369300000000000068e+02
4.369300000000000068e+02
4.369300000000000068e+02
4.369300000000000068e+02
4.369300000000000068e+02
4.369300000000000068e+02
4.369300000000000068e+02
4.369300000000000068e+02
4.369300000000000068e+02
4.369300000000000068e+02
4.336999999999999886e+02
4.336999999999999886e+02
4.343600000000000136e+02
4.343600000000000136e+02
4.343600000000000136e+02
4.393500000000000227e+02
4.393500000000000227e+02
4.351800000000000068e+02
4.351800000000000068e+02
4.351800000000000068e+02
4.351800000000000068e+02
4.351800000000000068e+02
4.351800000000000068e+02
4.351800000000000068e+02
4.351800000000000068e+02
4.351800000000000068e+02
4.351800000000000068e+02
4.351800000000000068e+02
4.351800000000000068e+02
4.351800000000000068e+02
4.351800000000000068e+02
4.351800000000000068e+02
4.351800000000000068e+02
4.351800000000000068e+02
4.351800000000000068e+02
4.351800000000000068e+02
4.351800000000000068e+02
4.331899999999999977e+02
4.331899999999999977e+02
4.331899999999999977e+02
4.331899999999999977e+02
4.331899999999999977e+02
4.331899999999999977e+02
4.331899999999999977e+02
4.328299999999999841e+02
4.328299999999999841e+02
4.243600000000000136e+02
4.243600000000000136e+02
4.243600000000000136e+02
4.243600000000000136e+02
4.243600000000000136e+02
4.243600000000000136e+02
4.243600000000000136e+02
4.243600000000000136e+02
4.243600000000000136e+02
4.243600000000000136e+02
4.243600000000000136e+02
4.243600000000000136e+02
4.243600000000000136e+02
4.243600000000000136e+02
4.243600000000000136e+02
4.243600000000000136e+02
4.243600000000000136e+02
4.243600000000000136e+02
4.243600000000000136e+02
4.243600000000000136e+02
4.243600000000000136e+02
4.243600000000000136e+02
4.243600000000000136e+02
4.243600000000000136e+02
4.243600000000000136e+02
4.243600000000000136e+02
4.243600000000000136e+02
4.243600000000000136e+02
4.243600000000000136e+02
4.243600000000000136e+02
4.243600000000000136e+02
4.243600000000000136e+02
4.243600000000000136e+02
4.243600000000000136e+02
4.243600000000000136e+02
4.243600000000000136e+02
4.243600000000000136e+02
4.243600000000000136e+02
4.243600000000000136e+02
4.243600000000000136e+02
4.243600000000000136e+02
4.243600000000000136e+02
4.243600000000000136e+02
4.243600000000000136e+02
4.243600000000000136e+02
4.243600000000000136e+02
4.243600000000000136e+02
4.243600000000000136e+02
4.243600000000000136e+02
4.243600000000000136e+02
4.243600000000000136e+02
4.243600000000000136e+02
4.243600000000000136e+02
4.243600000000000136e+02
4.243600000000000136e+02
4.243600000000000136e+02
4.243600000000000136e+02
4.267799999999999727e+02
4.267799999999999727e+02
4.267799999999999727e+02
4.267799999999999727e+02
4.267799999999999727e+02
4.267799999999999727e+02
4.262099999999999795e+02
4.262099999999999795e+02
4.262099999999999795e+02
4.262099999999999795e+02
4.262099999999999795e+02
4.262099999999999795e+02
4.262099999999999795e+02
4.262099999999999795e+02
4.262099999999999795e+02
1.000000000000000000e+00
1.000000000000000000e+00
1.000000000000000000e+00
1.000000000000000000e+00
1.000000000000000000e+00
1.000000000000000000e+00
1.000000000000000000e+00
1.000000000000000000e+00
1.000000000000000000e+00
1.000000000000000000e+00
1.000000000000000000e+00
1.000000000000000000e+00
1.000000000000000000e+00
1.000000000000000000e+00
1.000000000000000000e+00
1.000000000000000000e+00
1.000000000000000000e+00
1.000000000000000000e+00
1.000000000000000000e+00
1.000000000000000000e+00
1.000000000000000000e+00
1.000000000000000000e+00
1.000000000000000000e+00
1.000000000000000000e+00
1.000000000000000000e+00
1.000000000000000000e+00
1.000000000000000000e+00
1.000000000000000000e+00
1.000000000000000000e+00
1.000000000000000000e+00
1.000000000000000000e+00
1.000000000000000000e+00
1.000000000000000000e+00
1.000000000000000000e+00
1.000000000000000000e+00
1.000000000000000000e+00
4.364100000000000250e+02
4.364100000000000250e+02
4.364100000000000250e+02
4.364100000000000250e+02
4.364100000000000250e+02
4.364100000000000250e+02
4.364100000000000250e+02
4.364100000000000250e+02
4.364100000000000250e+02
4.364100000000000250e+02
4.364100000000000250e+02
4.364100000000000250e+02
4.362900000000000205e+02
4.362900000000000205e+02
4.362900000000000205e+02
4.362900000000000205e+02
4.362900000000000205e+02
4.362900000000000205e+02
4.362900000000000205e+02
4.362900000000000205e+02
4.362900000000000205e+02
4.362900000000000205e+02
4.362900000000000205e+02
4.362900000000000205e+02
4.362900000000000205e+02
4.362900000000000205e+02
4.362900000000000205e+02
4.362900000000000205e+02
4.362900000000000205e+02
4.362900000000000205e+02
4.362900000000000205e+02
4.362900000000000205e+02
4.362900000000000205e+02
4.362900000000000205e+02
4.362900000000000205e+02
4.362900000000000205e+02
4.362900000000000205e+02
4.362900000000000205e+02
4.362900000000000205e+02
4.362900000000000205e+02
4.362900000000000205e+02
4.362900000000000205e+02
4.362900000000000205e+02
4.362900000000000205e+02
4.362900000000000205e+02
4.362900000000000205e+02
4.362900000000000205e+02
4.362900000000000205e+02
4.362900000000000205e+02
4.362900000000000205e+02
4.362900000000000205e+02
4.362900000000000205e+02
4.362900000000000205e+02
4.362900000000000205e+02
4.362900000000000205e+02
4.362900000000000205e+02
4.362900000000000205e+02
4.362900000000000205e+02
4.362900000000000205e+02
4.362900000000000205e+02
4.362900000000000205e+02
4.362900000000000205e+02
4.362900000000000205e+02
4.362900000000000205e+02
4.362900000000000205e+02
4.362900000000000205e+02
4.362900000000000205e+02
4.362900000000000205e+02
4.362900000000000205e+02
4.362900000000000205e+02
4.362900000000000205e+02
4.362900000000000205e+02
4.362900000000000205e+02
4.362900000000000205e+02
4.362900000000000205e+02
4.362900000000000205e+02
4.362900000000000205e+02
4.362900000000000205e+02
4.362900000000000205e+02
4.362900000000000205e+02
4.362900000000000205e+02
4.362900000000000205e+02
4.362900000000000205e+02
4.362900000000000205e+02
4.362900000000000205e+02
4.362900000000000205e+02
4.362900000000000205e+02
4.362900000000000205e+02
4.362900000000000205e+02
4.362900000000000205e+02
4.362900000000000205e+02
1.000000000000000000e+00
1.000000000000000000e+00
1.000000000000000000e+00
1.000000000000000000e+00
1.000000000000000000e+00
1.000000000000000000e+00
1.000000000000000000e+00
1.000000000000000000e+00
1.000000000000000000e+00
1.000000000000000000e+00
1.000000000000000000e+00
1.000000000000000000e+00
1.000000000000000000e+00
1.000000000000000000e+00
1.000000000000000000e+00
1.000000000000000000e+00
1.000000000000000000e+00
1.000000000000000000e+00
1.000000000000000000e+00
1.000000000000000000e+00
1.000000000000000000e+00
1.000000000000000000e+00
1.000000000000000000e+00
1.000000000000000000e+00
1.000000000000000000e+00
1.000000000000000000e+00
1.000000000000000000e+00
1.000000000000000000e+00
1.000000000000000000e+00
1.000000000000000000e+00
1.000000000000000000e+00
1.000000000000000000e+00
1.000000000000000000e+00
1.000000000000000000e+00
1.000000000000000000e+00
1.000000000000000000e+00
4.347500000000000000e+02
4.347500000000000000e+02
4.347500000000000000e+02
4.347500000000000000e+02
4.347500000000000000e+02
4.347500000000000000e+02
4.347500000000000000e+02
4.347500000000000000e+02
4.347500000000000000e+02
4.347500000000000000e+02
4.347500000000000000e+02
4.347500000000000000e+02
4.347500000000000000e+02
4.347500000000000000e+02
4.347500000000000000e+02
4.347500000000000000e+02
4.347500000000000000e+02
4.347500000000000000e+02
4.347500000000000000e+02
4.347500000000000000e+02
4.347500000000000000e+02
4.347500000000000000e+02
4.347500000000000000e+02
4.347500000000000000e+02
4.347500000000000000e+02
4.347500000000000000e+02
4.347500000000000000e+02
4.347500000000000000e+02
4.347500000000000000e+02
4.347500000000000000e+02
4.347500000000000000e+02
4.347500000000000000e+02
4.347500000000000000e+02
4.347500000000000000e+02
4.344499999999999886e+02
4.344499999999999886e+02
4.344499999999999886e+02
4.344499999999999886e+02
4.344499999999999886e+02
4.344499999999999886e+02
4.344499999999999886e+02
4.344499999999999886e+02
4.344499999999999886e+02
4.344499999999999886e+02
4.344499999999999886e+02
4.344499999999999886e+02
4.344499999999999886e+02
4.344499999999999886e+02
4.344499999999999886e+02
4.344499999999999886e+02
4.344499999999999886e+02
4.344499999999999886e+02
4.344499999999999886e+02
4.344499999999999886e+02
4.344499999999999886e+02
4.344499999999999886e+02
4.344499999999999886e+02
4.344499999999999886e+02
4.344499999999999886e+02
4.344499999999999886e+02
4.344499999999999886e+02
4.344499999999999886e+02
4.344499999999999886e+02
4.344499999999999886e+02
4.344499999999999886e+02
4.344499999999999886e+02
4.344499999999999886e+02
4.344499999999999886e+02
4.344499999999999886e+02
4.344499999999999886e+02
4.344499999999999886e+02
4.344499999999999886e+02
4.344499999999999886e+02
4.344499999999999886e+02
4.344499999999999886e+02
4.344499999999999886e+02
4.344499999999999886e+02
4.344499999999999886e+02
4.344499999999999886e+02
4.344499999999999886e+02
4.344499999999999886e+02
4.344499999999999886e+02
4.344499999999999886e+02
4.344499999999999886e+02
4.344499999999999886e+02
4.344499999999999886e+02
4.344499999999999886e+02
4.344499999999999886e+02
4.344499999999999886e+02
4.344499999999999886e+02
4.344499999999999886e+02
1.000000000000000000e+00
1.000000000000000000e+00
1.000000000000000000e+00
1.000000000000000000e+00
1.000000000000000000e+00
1.000000000000000000e+00
1.000000000000000000e+00
1.000000000000000000e+00
1.000000000000000000e+00
1.000000000000000000e+00
1.000000000000000000e+00
1.000000000000000000e+00
1.000000000000000000e+00
1.000000000000000000e+00
1.000000000000000000e+00
1.000000000000000000e+00
1.000000000000000000e+00
1.000000000000000000e+00
1.000000000000000000e+00
1.000000000000000000e+00
1.000000000000000000e+00
1.000000000000000000e+00
1.000000000000000000e+00
1.000000000000000000e+00
1.000000000000000000e+00
1.000000000000000000e+00
1.000000000000000000e+00
1.000000000000000000e+00
1.000000000000000000e+00
1.000000000000000000e+00
1.000000000000000000e+00
1.000000000000000000e+00
1.000000000000000000e+00
1.000000000000000000e+00
1.000000000000000000e+00
1.000000000000000000e+00
1.000000000000000000e+00
1.000000000000000000e+00
1.000000000000000000e+00
1.000000000000000000e+00
1.000000000000000000e+00
1.000000000000000000e+00
1.000000000000000000e+00
1.000000000000000000e+00
1.000000000000000000e+00
1.000000000000000000e+00
1.000000000000000000e+00
1.000000000000000000e+00
1.000000000000000000e+00
1.000000000000000000e+00
1.000000000000000000e+00
1.000000000000000000e+00
1.000000000000000000e+00
1.000000000000000000e+00
1.000000000000000000e+00
1.000000000000000000e+00
1.000000000000000000e+00
1.000000000000000000e+00
1.000000000000000000e+00
1.000000000000000000e+00
1.000000000000000000e+00
1.000000000000000000e+00
1.000000000000000000e+00
1.000000000000000000e+00
1.000000000000000000e+00
1.000000000000000000e+00
1.000000000000000000e+00
1.000000000000000000e+00
1.000000000000000000e+00
1.000000000000000000e+00
1.000000000000000000e+00
1.000000000000000000e+00
1.000000000000000000e+00
1.000000000000000000e+00
1.000000000000000000e+00
1.000000000000000000e+00
1.000000000000000000e+00
1.000000000000000000e+00
1.000000000000000000e+00
1.000000000000000000e+00
1.000000000000000000e+00
1.000000000000000000e+00
1.000000000000000000e+00
1.000000000000000000e+00
1.000000000000000000e+00
1.000000000000000000e+00
1.000000000000000000e+00
1.000000000000000000e+00
1.000000000000000000e+00
1.000000000000000000e+00
1.000000000000000000e+00
1.000000000000000000e+00
1.000000000000000000e+00
1.000000000000000000e+00
1.000000000000000000e+00
1.000000000000000000e+00
1.000000000000000000e+00
1.000000000000000000e+00
1.000000000000000000e+00
1.000000000000000000e+00
1.000000000000000000e+00
1.000000000000000000e+00
1.000000000000000000e+00
1.000000000000000000e+00
1.000000000000000000e+00
1.000000000000000000e+00
1.000000000000000000e+00
1.000000000000000000e+00
1.000000000000000000e+00
1.000000000000000000e+00
1.000000000000000000e+00
1.000000000000000000e+00
1.000000000000000000e+00
1.000000000000000000e+00
1.000000000000000000e+00
1.000000000000000000e+00
1.000000000000000000e+00
1.000000000000000000e+00
1.000000000000000000e+00
1.000000000000000000e+00
1.000000000000000000e+00
1.000000000000000000e+00
1.000000000000000000e+00
1.000000000000000000e+00
1.000000000000000000e+00
1.000000000000000000e+00
1.000000000000000000e+00
4.426600000000000250e+02
4.426600000000000250e+02
4.436999999999999886e+02
4.436999999999999886e+02
4.436999999999999886e+02
4.436999999999999886e+02
4.418299999999999841e+02
4.418299999999999841e+02
4.418299999999999841e+02
4.377400000000000091e+02
4.375699999999999932e+02
4.346800000000000068e+02
4.332300000000000182e+02
4.293399999999999750e+02
4.293399999999999750e+02
4.293399999999999750e+02
4.293399999999999750e+02
4.293399999999999750e+02
4.300099999999999909e+02
4.300099999999999909e+02
4.300099999999999909e+02
4.300099999999999909e+02
4.300099999999999909e+02
4.300099999999999909e+02
4.300099999999999909e+02
4.300099999999999909e+02
4.300099999999999909e+02
4.300099999999999909e+02
4.300099999999999909e+02
4.300099999999999909e+02
4.300099999999999909e+02
4.300099999999999909e+02
4.300099999999999909e+02
4.300099999999999909e+02
4.300099999999999909e+02
4.300099999999999909e+02
4.300099999999999909e+02
4.300099999999999909e+02
4.300099999999999909e+02
4.300099999999999909e+02
4.300099999999999909e+02
4.300099999999999909e+02
4.300099999999999909e+02
4.300099999999999909e+02
4.300099999999999909e+02
4.300099999999999909e+02
4.300099999999999909e+02
4.300099999999999909e+02
4.300099999999999909e+02
4.300099999999999909e+02
4.300099999999999909e+02
4.300099999999999909e+02
4.300099999999999909e+02
4.300099999999999909e+02
4.300099999999999909e+02
4.300099999999999909e+02
4.300099999999999909e+02
4.300099999999999909e+02
4.285400000000000205e+02
4.285400000000000205e+02
4.285400000000000205e+02
4.285400000000000205e+02
4.285400000000000205e+02
4.285400000000000205e+02
4.285400000000000205e+02
4.285400000000000205e+02
4.285400000000000205e+02
4.285400000000000205e+02
4.285400000000000205e+02
4.285400000000000205e+02
4.285400000000000205e+02
4.285400000000000205e+02
4.285400000000000205e+02
4.285400000000000205e+02
4.285400000000000205e+02
4.285400000000000205e+02
4.285400000000000205e+02
4.285400000000000205e+02
4.285400000000000205e+02
4.285400000000000205e+02
4.285400000000000205e+02
4.285400000000000205e+02
4.285400000000000205e+02
4.285400000000000205e+02
4.285400000000000205e+02
4.285400000000000205e+02
4.285400000000000205e+02
4.285400000000000205e+02
4.285400000000000205e+02
4.285400000000000205e+02
4.285400000000000205e+02
4.285400000000000205e+02
4.285400000000000205e+02
4.285400000000000205e+02
4.285400000000000205e+02
4.285400000000000205e+02
4.285400000000000205e+02
4.285400000000000205e+02
4.285400000000000205e+02
4.285400000000000205e+02
4.285400000000000205e+02
4.285400000000000205e+02
4.285400000000000205e+02
4.285400000000000205e+02
4.285400000000000205e+02
4.285400000000000205e+02
4.285400000000000205e+02
4.285400000000000205e+02
4.285400000000000205e+02
4.285400000000000205e+02
4.285400000000000205e+02
4.285400000000000205e+02
4.285400000000000205e+02
4.285400000000000205e+02
4.285400000000000205e+02
4.285400000000000205e+02
4.285400000000000205e+02
4.285400000000000205e+02
4.285400000000000205e+02
4.285400000000000205e+02
4.285400000000000205e+02
4.285400000000000205e+02
4.285400000000000205e+02
4.285400000000000205e+02
4.285400000000000205e+02
4.285400000000000205e+02
4.289499999999999886e+02
1.000000000000000000e+00
1.000000000000000000e+00
4.356600000000000250e+02
4.356600000000000250e+02
4.356600000000000250e+02
4.356600000000000250e+02
4.356600000000000250e+02
4.356600000000000250e+02
4.356600000000000250e+02
4.356600000000000250e+02
4.356600000000000250e+02
4.356600000000000250e+02
4.356600000000000250e+02
4.356600000000000250e+02
4.356600000000000250e+02
4.356600000000000250e+02
4.356600000000000250e+02
4.356600000000000250e+02
4.356600000000000250e+02
4.356600000000000250e+02
4.356600000000000250e+02
4.356600000000000250e+02
4.356600000000000250e+02
4.356600000000000250e+02
4.356600000000000250e+02
4.356600000000000250e+02
4.356600000000000250e+02
4.356600000000000250e+02
4.356600000000000250e+02
4.356600000000000250e+02
4.364900000000000091e+02
4.364900000000000091e+02
4.364900000000000091e+02
4.364900000000000091e+02
4.364900000000000091e+02
4.364900000000000091e+02
4.364900000000000091e+02
4.364900000000000091e+02
4.364900000000000091e+02
4.328500000000000227e+02
4.328500000000000227e+02
4.328500000000000227e+02
4.328500000000000227e+02
4.328500000000000227e+02
4.328500000000000227e+02
4.328500000000000227e+02
4.328500000000000227e+02
4.328500000000000227e+02
4.328500000000000227e+02
4.328500000000000227e+02
4.328500000000000227e+02
4.328500000000000227e+02
4.328500000000000227e+02
4.328500000000000227e+02
4.328500000000000227e+02
4.328500000000000227e+02
4.328500000000000227e+02
4.328500000000000227e+02
4.328500000000000227e+02
4.324499999999999886e+02
4.324499999999999886e+02
4.324499999999999886e+02
4.324499999999999886e+02
4.324499999999999886e+02
4.324499999999999886e+02
4.324499999999999886e+02
4.301600000000000250e+02
4.301600000000000250e+02
4.301600000000000250e+02
4.301600000000000250e+02
4.301600000000000250e+02
4.301600000000000250e+02
4.301600000000000250e+02
4.301600000000000250e+02
4.301600000000000250e+02
4.301600000000000250e+02
4.301600000000000250e+02
4.301600000000000250e+02
4.301600000000000250e+02
4.301600000000000250e+02
4.301600000000000250e+02
4.301600000000000250e+02
4.301600000000000250e+02
4.301600000000000250e+02
4.301600000000000250e+02
4.301600000000000250e+02
4.301600000000000250e+02
4.301600000000000250e+02
4.301600000000000250e+02
4.301600000000000250e+02
4.301600000000000250e+02
4.301600000000000250e+02
4.301600000000000250e+02
4.301600000000000250e+02
4.301600000000000250e+02
4.301600000000000250e+02
4.301600000000000250e+02
4.301600000000000250e+02
4.301600000000000250e+02
4.301600000000000250e+02
4.301600000000000250e+02
4.301600000000000250e+02
4.301600000000000250e+02
4.301600000000000250e+02
4.301600000000000250e+02
4.301600000000000250e+02
4.301600000000000250e+02
4.301600000000000250e+02
4.301600000000000250e+02
4.301600000000000250e+02
4.301600000000000250e+02
4.301600000000000250e+02
4.301600000000000250e+02
4.301600000000000250e+02
4.301600000000000250e+02
4.301600000000000250e+02
4.301600000000000250e+02
4.301600000000000250e+02
4.301600000000000250e+02
4.301600000000000250e+02
4.301600000000000250e+02
4.301600000000000250e+02
4.301600000000000250e+02
4.301600000000000250e+02
4.301600000000000250e+02
4.301600000000000250e+02
4.301600000000000250e+02
