6.481394327230663999e-01
5.961815612216901927e-01
6.539996849672379264e-01
5.943912818116722230e-01
1.232354472043444178e-06
1.711751076174198860e-01
5.476232545099571913e-01
8.390684012715475537e-02
1.568452770006716762e-02
1.615974156728141112e-02
9.770764273440746273e-02
2.783621560418365171e+00
6.864372546953287383e+03
7.077087129977742919e+00
7.066542980027319676e-02
1.047920869078902939e+01
1.019869580344833793e+01
1.502038998804179215e+01
1.790174520685884474e+01
1.032507926426505307e+01
8.339839886464767815e+00
1.360058855901265673e+01
1.806569822128412639e+01
9.651457442730835723e+00
1.253294067332579154e+01
1.258939033293316179e+01
1.503832999116523261e+01
1.347580873893556230e+01
9.099858206310800668e+00
1.569695981438716714e+01
9.181919535975577418e+00
2.238402695015884802e+01
1.240529622038849134e+01
1.722857899616204946e+01
1.580479137400493528e+01
9.467991983157602931e+00
1.541146805504394379e+01
9.060424855845091940e+00
1.227953019119652112e+01
1.895083812630260311e+01
1.535010071283950772e+01
1.647715243173366417e+01
1.030316875430701273e+01
1.580995973217818928e+01
1.207570851203866980e+01
1.532909240934871420e+01
8.106630785172484366e+00
8.041724865353412355e+00
1.034195610300082535e+01
9.567172001161713624e+00
1.028002880795468954e+01
1.336715375610978107e+01
1.369912171870850059e+01
1.153037405261762771e+01
1.275543931155728217e+01
1.160196085174518643e+01
1.362026110858539951e+01
1.470781634311185826e+01
9.461553210071611986e+00
9.925626476280955401e+00
1.523281398323700486e+01
1.511876197435192637e+01
1.909561348992356145e+01
1.228465770960933590e+01
1.472184384156674852e+01
1.572281289341458788e+01
7.362009087543588848e+00
1.547596358016141416e+01
1.055476678894591736e+01
1.712870443815160471e+01
1.692266179427837614e+01
1.249193015586648414e+01
1.785617404019270538e+01
8.660802378662618040e+00
1.760805499610356861e+01
1.458372489464182387e+01
1.022220604160720470e+01
1.626852267170683319e+01
1.860349844761507399e+01
9.477617578633068973e+00
1.753072744878709344e+01
1.436132688116555123e+01
1.807243555103962152e+01
1.839282618081567477e+01
1.693773350409842138e+01
1.157343702717020761e+01
1.827195830192151860e+01
1.666260225322523425e+01
9.271767823185006918e+00
1.166462762521239149e+01
1.271589521032061043e+01
7.819333329341286998e+00
1.431752599056377484e+01
1.819326553852243222e+01
1.073207717033943354e+01
2.079613030486358483e+01
1.796823873632156321e+01
8.740746345779209392e+00
1.075628813552988916e+01
1.303483919435571359e+01
1.640903314012423309e+01
1.750169189909230383e+01
1.209074274071928023e+01
8.857743247678923737e+00
9.125673654768078791e+00
1.657290562284319790e+01
1.033304322547985166e+01
1.290603871641487821e+01
1.006552118606570012e+01
1.344622575577879253e+01
1.252288167179269074e+01
1.621256240742344801e+01
1.814865154814892634e+01
1.789437210422797975e+01
1.024432550700452360e+01
1.708337951482542039e+01
1.352140423890478793e+01
2.041016605416123397e+01
1.508866400795595197e+01
1.747014659499516398e+01
1.612447274846379131e+01
1.319184379917409089e+01
1.721350763146438112e+01
8.847895447160151861e+00
8.252193936990122936e+00
1.075885250279043426e+01
1.858580656949352417e+01
1.539779730603046204e+01
1.508559590668408035e+01
1.250934831662180713e+01
9.383076819104292809e+00
9.479872932088284188e+00
1.087882277290264810e+01
9.153563593649794328e+00
1.568358217066197291e+01
1.285501683498291925e+01
1.793668098807413358e+01
8.724284184680278997e+00
1.814062337352294207e+01
1.408597578851206400e+01
8.966331940898054853e+00
9.451559505987097154e+00
1.043769677113036387e+01
9.800125278210037649e+00
1.325334036105560287e+01
6.376544362103792274e+00
1.170502263413412969e+01
6.273458344415425714e+00
7.758109530039238422e+00
1.008596992681326299e+01
9.224811800042319376e+00
8.487076736691426149e+00
1.448146483402195805e+01
1.656200582620983397e+01
1.743968089613868599e+01
1.646941681163023929e+01
1.640208934151431563e+01
1.832145741245623682e+01
1.369919468106081162e+01
1.467050314683768519e+01
1.142530186263814507e+01
1.374286385751419459e+01
1.721655749811187519e+01
1.752768780336251098e+01
1.266368650181513900e+01
1.286266763478935360e+01
1.444862419850933755e+01
1.020426193019210181e+01
1.675926170354961542e+01
1.243986050717942149e+01
1.237441937542343595e+01
1.568227307569975615e+01
1.717632473893047518e+01
1.187712206611958443e+01
9.231277444576136304e+00
1.406674984051433341e+01
1.235267096481893745e+01
1.127147112210744417e+01
1.083543593993163690e+01
1.644248235037897032e+01
9.377963395176472261e+00
8.836890766180758305e+00
1.789514836724780267e+01
1.942696328109843762e+01
9.667786848813690881e+00
1.799644587507186699e+01
1.703059665430104630e+01
1.816281524160815053e+01
1.478634944316317856e+01
1.944159414487571169e+01
1.827920102804165481e+01
1.235729465870416810e+01
9.586106725818231311e+00
9.548620174582316267e+00
9.946080314925263011e+00
1.519557023849246136e+01
1.850207734186458097e+01
1.726889706949499370e+01
1.333478852349718302e+01
1.993623779119213779e+01
1.616845803816422134e+01
1.097412165957848806e+01
1.224965908141385817e+01
1.001771809557105009e+01
1.114755161024661589e+01
1.756547399115597941e+01
8.483662020652126046e+00
8.514328471804399001e+00
1.134025796679075704e+01
1.010129598461058009e+01
9.800891793173200028e+00
7.076063802236263633e+00
9.334812713451345445e+00
1.759441490225314197e+01
7.899016190025800022e+00
1.854773033973574670e+01
1.157155300115390695e+01
1.123041381845994025e+01
1.604076063570957800e+01
7.836495178818104534e+00
9.004696242098363612e+00
1.610571926339115123e+01
1.520913573338445346e+01
1.676255543719761931e+01
1.251104950404076810e+01
7.972810308050659600e+00
1.677085757747839168e+01
1.639954749352891383e+01
1.397938659957797292e+01
1.242436326560541637e+01
1.718068884295526999e+01
1.155491529429752440e+01
7.664299231263229650e+00
1.710440990640184822e+01
1.689245615985361226e+01
1.845251824541734109e+01
1.571366902099985374e+01
1.559783377770676438e+01
1.811089236996862084e+01
1.674849094591300513e+01
1.777170246410128129e+01
1.305420078115171023e+01
1.703006845162516214e+01
1.748391839092960609e+01
1.703712942336309055e+01
1.007148762014358390e+01
1.502250949468867880e+01
1.025285838090801249e+01
1.270746358468347914e+01
1.476887695886710006e+01
1.154439382502775047e+01
1.489016886698133391e+01
1.658830649104332977e+01
1.937829940941280071e+01
1.209677175414931050e+01
1.114977305749012970e+01
1.370247774937062957e+01
1.514794326722398132e+01
1.015987105184557038e+01
1.628643688634790720e+01
1.790688778379364265e+01
1.119187269405282059e+01
8.939197925216358698e+00
8.106604000071353511e+00
1.415456469594247935e+01
1.792348806986790777e+01
1.263876770876367139e+01
1.125509553245397498e+01
1.718103627796143940e+01
1.707960163683752697e+01
1.406521189905735802e+01
1.547690087299432271e+01
8.477771089577638364e+00
1.089033248623918304e+01
1.652859704732050616e+01
1.574179198161810334e+01
1.726721312237579653e+01
1.784598530582248088e+01
9.576070113355626745e+00
9.576461633737594070e+00
1.792533572690112109e+01
8.672500789164912405e+00
1.436684262237913501e+01
1.619618058000083494e+01
1.706545850262870445e+01
1.097576229337983733e+01
1.466590900313006074e+01
8.768775534542088579e+00
1.730099003032316318e+01
1.750403465227362076e+01
1.790504883434082117e+01
9.448502714747446518e+00
8.463047514361450752e+00
8.434209953248126723e+00
1.253379990436110525e+01
1.742604143943451689e+01
1.719527380158530860e+01
1.711119759166221854e+01
1.816293936399053166e+01
1.413207078695412022e+01
1.897825965607501431e+01
8.102693043987439836e+00
1.737408686014727266e+01
9.934208940919852182e+00
9.156969037096198250e+00
1.652679975693937919e+01
1.579100177206775157e+01
1.388130751638108684e+01
1.042745981134033428e+01
1.290740506146950217e+01
1.642821430596120180e+01
9.693644082507670845e+00
1.399714443564746524e+01
1.397866453098021466e+01
1.299244457359077032e+01
1.742599831341352612e+01
9.219601657841407061e+00
1.847078215117489108e+01
1.010003797865464037e+01
1.728526920122917687e+01
8.532275253218008615e+00
1.295516295925509453e+01
1.502410429306519468e+01
1.167279840601100993e+01
1.702290793562442772e+01
1.222817404102401007e+01
1.729279347800093092e+01
1.303764211903573234e+01
8.567104446824398423e+00
1.621250404384361943e+01
9.438948311438290162e+00
1.312326687534880243e+01
1.759921654187149542e+01
1.187350742437475581e+01
1.407392464649438324e+01
7.856777838871408015e+00
8.039470452841959158e+00
8.158963408659143823e+00
1.941214152692451123e+01
1.510210674979716750e+01
1.891794142754114816e+01
1.198281699477416140e+01
8.725791830026842888e+00
1.577941875226795254e+01
1.103189565781106829e+01
1.243450895426485836e+01
1.328709881135059234e+01
1.114818655643673573e+01
1.082065697060928144e+01
1.908734116092930577e+01
1.454873259685626508e+01
1.656539709706571273e+01
1.755182325624615203e+01
8.537304835288169969e+00
1.210145504757989698e+01
1.682210450657898448e+01
1.904518318501611773e+01
1.743870402722591351e+01
1.293508427382799297e+01
1.737076640348397305e+01
1.462068489679980843e+01
1.248834692234456334e+01
1.775802055658379786e+01
1.028911379857971831e+01
1.355686661630109136e+01
9.955546295541202184e+00
1.446801356508379932e+01
9.496819433278158584e+00
1.120794396806393323e+01
1.563528515132665930e+01
1.696463964168514948e+01
8.406585643876249847e+00
1.043327274390290071e+01
1.673297857800140420e+01
1.817191650692500104e+01
1.409198526006642105e+01
9.224290922900049594e+00
1.575692884627919277e+01
9.483529217993009297e+00
1.719014176557939777e+01
1.603931533258811015e+01
7.335354327543773145e+00
1.031783606584087032e+01
1.381538628596466012e+01
9.221084618522199960e+00
1.118397249884908895e+01
1.434516604542703178e+01
2.064869824228749806e+01
1.722939631496518942e+01
1.439747328505577784e+01
1.443665397716497445e+01
1.139635791876379045e+01
1.462465183945849923e+01
1.308611261347228094e+01
1.589092075171439866e+01
2.017230244574852094e+01
1.142369529447600129e+01
7.812749606422608295e+00
1.702349899654950960e+01
1.433379183251132361e+01
1.672952407995127899e+01
1.278969272427499959e+01
1.723379309163207296e+01
8.781978330606946770e+00
1.602060739412925727e+01
1.756214789358535455e+01
9.338265740082533739e+00
1.750139863670012019e+01
1.402564165032639387e+01
1.727681077972606971e+01
1.368148463635271206e+01
1.940265954460458531e+01
1.005485918196248107e+01
1.450506718838260234e+01
1.031492499461062806e+01
