[0.000e+00 9.000e-01 1.092e+00 1.500e+00 1.000e-06 5.000e-01 1.000e+00
 5.000e-03 1.000e-03 1.000e-03 5.000e-01 5.000e+00 2.400e+04 5.000e+00
 1.000e-02]	2927.356323595745
[2.000e-01 9.000e-01 1.092e+00 1.500e+00 1.000e-06 5.000e-01 1.000e+00
 5.000e-03 1.000e-03 1.000e-03 5.000e-01 5.000e+00 2.400e+04 5.000e+00
 1.000e-02]	2932.272033379343
[4.000e-01 9.000e-01 1.092e+00 1.500e+00 1.000e-06 5.000e-01 1.000e+00
 5.000e-03 1.000e-03 1.000e-03 5.000e-01 5.000e+00 2.400e+04 5.000e+00
 1.000e-02]	2932.0565569006108
[6.000e-01 9.000e-01 1.092e+00 1.500e+00 1.000e-06 5.000e-01 1.000e+00
 5.000e-03 1.000e-03 1.000e-03 5.000e-01 5.000e+00 2.400e+04 5.000e+00
 1.000e-02]	2938.495041273239
[8.000e-01 9.000e-01 1.092e+00 1.500e+00 1.000e-06 5.000e-01 1.000e+00
 5.000e-03 1.000e-03 1.000e-03 5.000e-01 5.000e+00 2.400e+04 5.000e+00
 1.000e-02]	2916.7706177504083
[1.000e+00 9.000e-01 1.092e+00 1.500e+00 1.000e-06 5.000e-01 1.000e+00
 5.000e-03 1.000e-03 1.000e-03 5.000e-01 5.000e+00 2.400e+04 5.000e+00
 1.000e-02]	2930.711441801596
[1.200e+00 9.000e-01 1.092e+00 1.500e+00 1.000e-06 5.000e-01 1.000e+00
 5.000e-03 1.000e-03 1.000e-03 5.000e-01 5.000e+00 2.400e+04 5.000e+00
 1.000e-02]	2933.7340855985312
[1.400e+00 9.000e-01 1.092e+00 1.500e+00 1.000e-06 5.000e-01 1.000e+00
 5.000e-03 1.000e-03 1.000e-03 5.000e-01 5.000e+00 2.400e+04 5.000e+00
 1.000e-02]	2940.021438139581
[1.600e+00 9.000e-01 1.092e+00 1.500e+00 1.000e-06 5.000e-01 1.000e+00
 5.000e-03 1.000e-03 1.000e-03 5.000e-01 5.000e+00 2.400e+04 5.000e+00
 1.000e-02]	2931.2435260318525
[1.800e+00 9.000e-01 1.092e+00 1.500e+00 1.000e-06 5.000e-01 1.000e+00
 5.000e-03 1.000e-03 1.000e-03 5.000e-01 5.000e+00 2.400e+04 5.000e+00
 1.000e-02]	2916.7706177504083
[1.800e+00 0.000e+00 1.092e+00 1.500e+00 1.000e-06 5.000e-01 1.000e+00
 5.000e-03 1.000e-03 1.000e-03 5.000e-01 5.000e+00 2.400e+04 5.000e+00
 1.000e-02]	2954.077123930501
[1.800e+00 2.000e-01 1.092e+00 1.500e+00 1.000e-06 5.000e-01 1.000e+00
 5.000e-03 1.000e-03 1.000e-03 5.000e-01 5.000e+00 2.400e+04 5.000e+00
 1.000e-02]	2933.2531988694377
[0.000e+00 9.000e-01 1.092e+00 1.500e+00 1.000e-06 5.000e-01 1.000e+00
 5.000e-03 1.000e-03 1.000e-03 5.000e-01 5.000e+00 2.400e+04 5.000e+00
 1.000e-02]	2924.986303670633
[2.000e-02 9.000e-01 1.092e+00 1.500e+00 1.000e-06 5.000e-01 1.000e+00
 5.000e-03 1.000e-03 1.000e-03 5.000e-01 5.000e+00 2.400e+04 5.000e+00
 1.000e-02]	2929.984927242389
[4.000e-02 9.000e-01 1.092e+00 1.500e+00 1.000e-06 5.000e-01 1.000e+00
 5.000e-03 1.000e-03 1.000e-03 5.000e-01 5.000e+00 2.400e+04 5.000e+00
 1.000e-02]	2938.5499627420677
[6.000e-02 9.000e-01 1.092e+00 1.500e+00 1.000e-06 5.000e-01 1.000e+00
 5.000e-03 1.000e-03 1.000e-03 5.000e-01 5.000e+00 2.400e+04 5.000e+00
 1.000e-02]	2936.789978248585
[8.000e-02 9.000e-01 1.092e+00 1.500e+00 1.000e-06 5.000e-01 1.000e+00
 5.000e-03 1.000e-03 1.000e-03 5.000e-01 5.000e+00 2.400e+04 5.000e+00
 1.000e-02]	2948.590303362212
[1.000e-01 9.000e-01 1.092e+00 1.500e+00 1.000e-06 5.000e-01 1.000e+00
 5.000e-03 1.000e-03 1.000e-03 5.000e-01 5.000e+00 2.400e+04 5.000e+00
 1.000e-02]	2933.1043140646575
[1.200e-01 9.000e-01 1.092e+00 1.500e+00 1.000e-06 5.000e-01 1.000e+00
 5.000e-03 1.000e-03 1.000e-03 5.000e-01 5.000e+00 2.400e+04 5.000e+00
 1.000e-02]	2928.423836868935
[1.400e-01 9.000e-01 1.092e+00 1.500e+00 1.000e-06 5.000e-01 1.000e+00
 5.000e-03 1.000e-03 1.000e-03 5.000e-01 5.000e+00 2.400e+04 5.000e+00
 1.000e-02]	2926.9503392594665
[1.600e-01 9.000e-01 1.092e+00 1.500e+00 1.000e-06 5.000e-01 1.000e+00
 5.000e-03 1.000e-03 1.000e-03 5.000e-01 5.000e+00 2.400e+04 5.000e+00
 1.000e-02]	2939.6031102116226
[1.800e-01 9.000e-01 1.092e+00 1.500e+00 1.000e-06 5.000e-01 1.000e+00
 5.000e-03 1.000e-03 1.000e-03 5.000e-01 5.000e+00 2.400e+04 5.000e+00
 1.000e-02]	2939.138973745275
[2.000e-01 9.000e-01 1.092e+00 1.500e+00 1.000e-06 5.000e-01 1.000e+00
 5.000e-03 1.000e-03 1.000e-03 5.000e-01 5.000e+00 2.400e+04 5.000e+00
 1.000e-02]	2914.0578657788697
[2.200e-01 9.000e-01 1.092e+00 1.500e+00 1.000e-06 5.000e-01 1.000e+00
 5.000e-03 1.000e-03 1.000e-03 5.000e-01 5.000e+00 2.400e+04 5.000e+00
 1.000e-02]	2925.03868697558
[2.400e-01 9.000e-01 1.092e+00 1.500e+00 1.000e-06 5.000e-01 1.000e+00
 5.000e-03 1.000e-03 1.000e-03 5.000e-01 5.000e+00 2.400e+04 5.000e+00
 1.000e-02]	2927.7475295867534
[2.600e-01 9.000e-01 1.092e+00 1.500e+00 1.000e-06 5.000e-01 1.000e+00
 5.000e-03 1.000e-03 1.000e-03 5.000e-01 5.000e+00 2.400e+04 5.000e+00
 1.000e-02]	2938.0691447302215
[2.800e-01 9.000e-01 1.092e+00 1.500e+00 1.000e-06 5.000e-01 1.000e+00
 5.000e-03 1.000e-03 1.000e-03 5.000e-01 5.000e+00 2.400e+04 5.000e+00
 1.000e-02]	2927.4371747509012
[3.000e-01 9.000e-01 1.092e+00 1.500e+00 1.000e-06 5.000e-01 1.000e+00
 5.000e-03 1.000e-03 1.000e-03 5.000e-01 5.000e+00 2.400e+04 5.000e+00
 1.000e-02]	2931.0334745730656
[3.200e-01 9.000e-01 1.092e+00 1.500e+00 1.000e-06 5.000e-01 1.000e+00
 5.000e-03 1.000e-03 1.000e-03 5.000e-01 5.000e+00 2.400e+04 5.000e+00
 1.000e-02]	2946.1262113928897
[3.400e-01 9.000e-01 1.092e+00 1.500e+00 1.000e-06 5.000e-01 1.000e+00
 5.000e-03 1.000e-03 1.000e-03 5.000e-01 5.000e+00 2.400e+04 5.000e+00
 1.000e-02]	2916.7928169475404
[3.600e-01 9.000e-01 1.092e+00 1.500e+00 1.000e-06 5.000e-01 1.000e+00
 5.000e-03 1.000e-03 1.000e-03 5.000e-01 5.000e+00 2.400e+04 5.000e+00
 1.000e-02]	2926.461394369335
[3.800e-01 9.000e-01 1.092e+00 1.500e+00 1.000e-06 5.000e-01 1.000e+00
 5.000e-03 1.000e-03 1.000e-03 5.000e-01 5.000e+00 2.400e+04 5.000e+00
 1.000e-02]	2938.3998331742914
[4.000e-01 9.000e-01 1.092e+00 1.500e+00 1.000e-06 5.000e-01 1.000e+00
 5.000e-03 1.000e-03 1.000e-03 5.000e-01 5.000e+00 2.400e+04 5.000e+00
 1.000e-02]	2922.3289919251506
[4.200e-01 9.000e-01 1.092e+00 1.500e+00 1.000e-06 5.000e-01 1.000e+00
 5.000e-03 1.000e-03 1.000e-03 5.000e-01 5.000e+00 2.400e+04 5.000e+00
 1.000e-02]	2939.4524765715237
[4.400e-01 9.000e-01 1.092e+00 1.500e+00 1.000e-06 5.000e-01 1.000e+00
 5.000e-03 1.000e-03 1.000e-03 5.000e-01 5.000e+00 2.400e+04 5.000e+00
 1.000e-02]	2944.7446740090277
[4.600e-01 9.000e-01 1.092e+00 1.500e+00 1.000e-06 5.000e-01 1.000e+00
 5.000e-03 1.000e-03 1.000e-03 5.000e-01 5.000e+00 2.400e+04 5.000e+00
 1.000e-02]	2918.2859736223822
[4.800e-01 9.000e-01 1.092e+00 1.500e+00 1.000e-06 5.000e-01 1.000e+00
 5.000e-03 1.000e-03 1.000e-03 5.000e-01 5.000e+00 2.400e+04 5.000e+00
 1.000e-02]	2942.884806441268
[5.000e-01 9.000e-01 1.092e+00 1.500e+00 1.000e-06 5.000e-01 1.000e+00
 5.000e-03 1.000e-03 1.000e-03 5.000e-01 5.000e+00 2.400e+04 5.000e+00
 1.000e-02]	2924.27841145429
[5.200e-01 9.000e-01 1.092e+00 1.500e+00 1.000e-06 5.000e-01 1.000e+00
 5.000e-03 1.000e-03 1.000e-03 5.000e-01 5.000e+00 2.400e+04 5.000e+00
 1.000e-02]	2940.6266897146443
[5.400e-01 9.000e-01 1.092e+00 1.500e+00 1.000e-06 5.000e-01 1.000e+00
 5.000e-03 1.000e-03 1.000e-03 5.000e-01 5.000e+00 2.400e+04 5.000e+00
 1.000e-02]	2935.3625162778176
[5.600e-01 9.000e-01 1.092e+00 1.500e+00 1.000e-06 5.000e-01 1.000e+00
 5.000e-03 1.000e-03 1.000e-03 5.000e-01 5.000e+00 2.400e+04 5.000e+00
 1.000e-02]	2925.488301252399
[5.800e-01 9.000e-01 1.092e+00 1.500e+00 1.000e-06 5.000e-01 1.000e+00
 5.000e-03 1.000e-03 1.000e-03 5.000e-01 5.000e+00 2.400e+04 5.000e+00
 1.000e-02]	2926.9503392594665
[6.000e-01 9.000e-01 1.092e+00 1.500e+00 1.000e-06 5.000e-01 1.000e+00
 5.000e-03 1.000e-03 1.000e-03 5.000e-01 5.000e+00 2.400e+04 5.000e+00
 1.000e-02]	2920.7986389496677
[6.200e-01 9.000e-01 1.092e+00 1.500e+00 1.000e-06 5.000e-01 1.000e+00
 5.000e-03 1.000e-03 1.000e-03 5.000e-01 5.000e+00 2.400e+04 5.000e+00
 1.000e-02]	2944.5516549968943
[6.400e-01 9.000e-01 1.092e+00 1.500e+00 1.000e-06 5.000e-01 1.000e+00
 5.000e-03 1.000e-03 1.000e-03 5.000e-01 5.000e+00 2.400e+04 5.000e+00
 1.000e-02]	2938.926997858946
[6.600e-01 9.000e-01 1.092e+00 1.500e+00 1.000e-06 5.000e-01 1.000e+00
 5.000e-03 1.000e-03 1.000e-03 5.000e-01 5.000e+00 2.400e+04 5.000e+00
 1.000e-02]	2942.884806441268
[6.800e-01 9.000e-01 1.092e+00 1.500e+00 1.000e-06 5.000e-01 1.000e+00
 5.000e-03 1.000e-03 1.000e-03 5.000e-01 5.000e+00 2.400e+04 5.000e+00
 1.000e-02]	2933.5144007430636
[7.000e-01 9.000e-01 1.092e+00 1.500e+00 1.000e-06 5.000e-01 1.000e+00
 5.000e-03 1.000e-03 1.000e-03 5.000e-01 5.000e+00 2.400e+04 5.000e+00
 1.000e-02]	2926.9503392594665
[7.200e-01 9.000e-01 1.092e+00 1.500e+00 1.000e-06 5.000e-01 1.000e+00
 5.000e-03 1.000e-03 1.000e-03 5.000e-01 5.000e+00 2.400e+04 5.000e+00
 1.000e-02]	2942.325745431207
[7.400e-01 9.000e-01 1.092e+00 1.500e+00 1.000e-06 5.000e-01 1.000e+00
 5.000e-03 1.000e-03 1.000e-03 5.000e-01 5.000e+00 2.400e+04 5.000e+00
 1.000e-02]	2931.571075498554
[7.600e-01 9.000e-01 1.092e+00 1.500e+00 1.000e-06 5.000e-01 1.000e+00
 5.000e-03 1.000e-03 1.000e-03 5.000e-01 5.000e+00 2.400e+04 5.000e+00
 1.000e-02]	2927.9034361723243
[7.800e-01 9.000e-01 1.092e+00 1.500e+00 1.000e-06 5.000e-01 1.000e+00
 5.000e-03 1.000e-03 1.000e-03 5.000e-01 5.000e+00 2.400e+04 5.000e+00
 1.000e-02]	2931.539785433206
[8.000e-01 9.000e-01 1.092e+00 1.500e+00 1.000e-06 5.000e-01 1.000e+00
 5.000e-03 1.000e-03 1.000e-03 5.000e-01 5.000e+00 2.400e+04 5.000e+00
 1.000e-02]	2914.0578657788697
[8.200e-01 9.000e-01 1.092e+00 1.500e+00 1.000e-06 5.000e-01 1.000e+00
 5.000e-03 1.000e-03 1.000e-03 5.000e-01 5.000e+00 2.400e+04 5.000e+00
 1.000e-02]	2936.4792346628046
[8.400e-01 9.000e-01 1.092e+00 1.500e+00 1.000e-06 5.000e-01 1.000e+00
 5.000e-03 1.000e-03 1.000e-03 5.000e-01 5.000e+00 2.400e+04 5.000e+00
 1.000e-02]	2945.6235250412956
[8.600e-01 9.000e-01 1.092e+00 1.500e+00 1.000e-06 5.000e-01 1.000e+00
 5.000e-03 1.000e-03 1.000e-03 5.000e-01 5.000e+00 2.400e+04 5.000e+00
 1.000e-02]	2925.0681736272404
[8.800e-01 9.000e-01 1.092e+00 1.500e+00 1.000e-06 5.000e-01 1.000e+00
 5.000e-03 1.000e-03 1.000e-03 5.000e-01 5.000e+00 2.400e+04 5.000e+00
 1.000e-02]	2923.061543293976
[9.000e-01 9.000e-01 1.092e+00 1.500e+00 1.000e-06 5.000e-01 1.000e+00
 5.000e-03 1.000e-03 1.000e-03 5.000e-01 5.000e+00 2.400e+04 5.000e+00
 1.000e-02]	2933.5144007430636
[9.200e-01 9.000e-01 1.092e+00 1.500e+00 1.000e-06 5.000e-01 1.000e+00
 5.000e-03 1.000e-03 1.000e-03 5.000e-01 5.000e+00 2.400e+04 5.000e+00
 1.000e-02]	2926.9503392594665
[9.400e-01 9.000e-01 1.092e+00 1.500e+00 1.000e-06 5.000e-01 1.000e+00
 5.000e-03 1.000e-03 1.000e-03 5.000e-01 5.000e+00 2.400e+04 5.000e+00
 1.000e-02]	2938.8190777021573
[9.600e-01 9.000e-01 1.092e+00 1.500e+00 1.000e-06 5.000e-01 1.000e+00
 5.000e-03 1.000e-03 1.000e-03 5.000e-01 5.000e+00 2.400e+04 5.000e+00
 1.000e-02]	2941.893337176453
[9.800e-01 9.000e-01 1.092e+00 1.500e+00 1.000e-06 5.000e-01 1.000e+00
 5.000e-03 1.000e-03 1.000e-03 5.000e-01 5.000e+00 2.400e+04 5.000e+00
 1.000e-02]	2942.543064797337
[1.000e+00 9.000e-01 1.092e+00 1.500e+00 1.000e-06 5.000e-01 1.000e+00
 5.000e-03 1.000e-03 1.000e-03 5.000e-01 5.000e+00 2.400e+04 5.000e+00
 1.000e-02]	2951.387163293
[1.020e+00 9.000e-01 1.092e+00 1.500e+00 1.000e-06 5.000e-01 1.000e+00
 5.000e-03 1.000e-03 1.000e-03 5.000e-01 5.000e+00 2.400e+04 5.000e+00
 1.000e-02]	2919.787080710223
[1.040e+00 9.000e-01 1.092e+00 1.500e+00 1.000e-06 5.000e-01 1.000e+00
 5.000e-03 1.000e-03 1.000e-03 5.000e-01 5.000e+00 2.400e+04 5.000e+00
 1.000e-02]	2936.283141157234
[1.060e+00 9.000e-01 1.092e+00 1.500e+00 1.000e-06 5.000e-01 1.000e+00
 5.000e-03 1.000e-03 1.000e-03 5.000e-01 5.000e+00 2.400e+04 5.000e+00
 1.000e-02]	2941.282974977762
[1.080e+00 9.000e-01 1.092e+00 1.500e+00 1.000e-06 5.000e-01 1.000e+00
 5.000e-03 1.000e-03 1.000e-03 5.000e-01 5.000e+00 2.400e+04 5.000e+00
 1.000e-02]	2926.2975553438014
[1.100e+00 9.000e-01 1.092e+00 1.500e+00 1.000e-06 5.000e-01 1.000e+00
 5.000e-03 1.000e-03 1.000e-03 5.000e-01 5.000e+00 2.400e+04 5.000e+00
 1.000e-02]	2933.5144007430636
[1.120e+00 9.000e-01 1.092e+00 1.500e+00 1.000e-06 5.000e-01 1.000e+00
 5.000e-03 1.000e-03 1.000e-03 5.000e-01 5.000e+00 2.400e+04 5.000e+00
 1.000e-02]	2919.787080710223
[1.140e+00 9.000e-01 1.092e+00 1.500e+00 1.000e-06 5.000e-01 1.000e+00
 5.000e-03 1.000e-03 1.000e-03 5.000e-01 5.000e+00 2.400e+04 5.000e+00
 1.000e-02]	2944.7090590950725
[1.160e+00 9.000e-01 1.092e+00 1.500e+00 1.000e-06 5.000e-01 1.000e+00
 5.000e-03 1.000e-03 1.000e-03 5.000e-01 5.000e+00 2.400e+04 5.000e+00
 1.000e-02]	2943.1520785577677
[1.180e+00 9.000e-01 1.092e+00 1.500e+00 1.000e-06 5.000e-01 1.000e+00
 5.000e-03 1.000e-03 1.000e-03 5.000e-01 5.000e+00 2.400e+04 5.000e+00
 1.000e-02]	2927.807941843509
[1.200e+00 9.000e-01 1.092e+00 1.500e+00 1.000e-06 5.000e-01 1.000e+00
 5.000e-03 1.000e-03 1.000e-03 5.000e-01 5.000e+00 2.400e+04 5.000e+00
 1.000e-02]	2926.9503392594665
[1.220e+00 9.000e-01 1.092e+00 1.500e+00 1.000e-06 5.000e-01 1.000e+00
 5.000e-03 1.000e-03 1.000e-03 5.000e-01 5.000e+00 2.400e+04 5.000e+00
 1.000e-02]	2931.0334745730656
[1.240e+00 9.000e-01 1.092e+00 1.500e+00 1.000e-06 5.000e-01 1.000e+00
 5.000e-03 1.000e-03 1.000e-03 5.000e-01 5.000e+00 2.400e+04 5.000e+00
 1.000e-02]	2933.1503574713947
[1.260e+00 9.000e-01 1.092e+00 1.500e+00 1.000e-06 5.000e-01 1.000e+00
 5.000e-03 1.000e-03 1.000e-03 5.000e-01 5.000e+00 2.400e+04 5.000e+00
 1.000e-02]	2926.9503392594665
[1.280e+00 9.000e-01 1.092e+00 1.500e+00 1.000e-06 5.000e-01 1.000e+00
 5.000e-03 1.000e-03 1.000e-03 5.000e-01 5.000e+00 2.400e+04 5.000e+00
 1.000e-02]	2927.870168182943
[1.300e+00 9.000e-01 1.092e+00 1.500e+00 1.000e-06 5.000e-01 1.000e+00
 5.000e-03 1.000e-03 1.000e-03 5.000e-01 5.000e+00 2.400e+04 5.000e+00
 1.000e-02]	2946.114577234042
[1.320e+00 9.000e-01 1.092e+00 1.500e+00 1.000e-06 5.000e-01 1.000e+00
 5.000e-03 1.000e-03 1.000e-03 5.000e-01 5.000e+00 2.400e+04 5.000e+00
 1.000e-02]	2948.5151370884805
[1.340e+00 9.000e-01 1.092e+00 1.500e+00 1.000e-06 5.000e-01 1.000e+00
 5.000e-03 1.000e-03 1.000e-03 5.000e-01 5.000e+00 2.400e+04 5.000e+00
 1.000e-02]	2924.025987694004
[1.360e+00 9.000e-01 1.092e+00 1.500e+00 1.000e-06 5.000e-01 1.000e+00
 5.000e-03 1.000e-03 1.000e-03 5.000e-01 5.000e+00 2.400e+04 5.000e+00
 1.000e-02]	2931.571075498554
[1.380e+00 9.000e-01 1.092e+00 1.500e+00 1.000e-06 5.000e-01 1.000e+00
 5.000e-03 1.000e-03 1.000e-03 5.000e-01 5.000e+00 2.400e+04 5.000e+00
 1.000e-02]	2927.9034361723243
[1.400e+00 9.000e-01 1.092e+00 1.500e+00 1.000e-06 5.000e-01 1.000e+00
 5.000e-03 1.000e-03 1.000e-03 5.000e-01 5.000e+00 2.400e+04 5.000e+00
 1.000e-02]	2944.983136158221
[1.420e+00 9.000e-01 1.092e+00 1.500e+00 1.000e-06 5.000e-01 1.000e+00
 5.000e-03 1.000e-03 1.000e-03 5.000e-01 5.000e+00 2.400e+04 5.000e+00
 1.000e-02]	2922.9750584547796
[1.440e+00 9.000e-01 1.092e+00 1.500e+00 1.000e-06 5.000e-01 1.000e+00
 5.000e-03 1.000e-03 1.000e-03 5.000e-01 5.000e+00 2.400e+04 5.000e+00
 1.000e-02]	2940.842869001578
[1.460e+00 9.000e-01 1.092e+00 1.500e+00 1.000e-06 5.000e-01 1.000e+00
 5.000e-03 1.000e-03 1.000e-03 5.000e-01 5.000e+00 2.400e+04 5.000e+00
 1.000e-02]	2926.9503392594665
[1.480e+00 9.000e-01 1.092e+00 1.500e+00 1.000e-06 5.000e-01 1.000e+00
 5.000e-03 1.000e-03 1.000e-03 5.000e-01 5.000e+00 2.400e+04 5.000e+00
 1.000e-02]	2962.1320837522594
[1.500e+00 9.000e-01 1.092e+00 1.500e+00 1.000e-06 5.000e-01 1.000e+00
 5.000e-03 1.000e-03 1.000e-03 5.000e-01 5.000e+00 2.400e+04 5.000e+00
 1.000e-02]	2938.0691447302215
[1.520e+00 9.000e-01 1.092e+00 1.500e+00 1.000e-06 5.000e-01 1.000e+00
 5.000e-03 1.000e-03 1.000e-03 5.000e-01 5.000e+00 2.400e+04 5.000e+00
 1.000e-02]	2943.4304538336037
[1.540e+00 9.000e-01 1.092e+00 1.500e+00 1.000e-06 5.000e-01 1.000e+00
 5.000e-03 1.000e-03 1.000e-03 5.000e-01 5.000e+00 2.400e+04 5.000e+00
 1.000e-02]	2938.193719770333
[1.560e+00 9.000e-01 1.092e+00 1.500e+00 1.000e-06 5.000e-01 1.000e+00
 5.000e-03 1.000e-03 1.000e-03 5.000e-01 5.000e+00 2.400e+04 5.000e+00
 1.000e-02]	2938.8064106665493
[1.580e+00 9.000e-01 1.092e+00 1.500e+00 1.000e-06 5.000e-01 1.000e+00
 5.000e-03 1.000e-03 1.000e-03 5.000e-01 5.000e+00 2.400e+04 5.000e+00
 1.000e-02]	2938.8325655575254
[1.600e+00 9.000e-01 1.092e+00 1.500e+00 1.000e-06 5.000e-01 1.000e+00
 5.000e-03 1.000e-03 1.000e-03 5.000e-01 5.000e+00 2.400e+04 5.000e+00
 1.000e-02]	2924.954468868695
[1.620e+00 9.000e-01 1.092e+00 1.500e+00 1.000e-06 5.000e-01 1.000e+00
 5.000e-03 1.000e-03 1.000e-03 5.000e-01 5.000e+00 2.400e+04 5.000e+00
 1.000e-02]	2938.1983746886344
[1.640e+00 9.000e-01 1.092e+00 1.500e+00 1.000e-06 5.000e-01 1.000e+00
 5.000e-03 1.000e-03 1.000e-03 5.000e-01 5.000e+00 2.400e+04 5.000e+00
 1.000e-02]	2922.908207183251
[1.660e+00 9.000e-01 1.092e+00 1.500e+00 1.000e-06 5.000e-01 1.000e+00
 5.000e-03 1.000e-03 1.000e-03 5.000e-01 5.000e+00 2.400e+04 5.000e+00
 1.000e-02]	2927.870168182943
[1.680e+00 9.000e-01 1.092e+00 1.500e+00 1.000e-06 5.000e-01 1.000e+00
 5.000e-03 1.000e-03 1.000e-03 5.000e-01 5.000e+00 2.400e+04 5.000e+00
 1.000e-02]	2941.893337176453
[1.700e+00 9.000e-01 1.092e+00 1.500e+00 1.000e-06 5.000e-01 1.000e+00
 5.000e-03 1.000e-03 1.000e-03 5.000e-01 5.000e+00 2.400e+04 5.000e+00
 1.000e-02]	2925.918325596637
[1.720e+00 9.000e-01 1.092e+00 1.500e+00 1.000e-06 5.000e-01 1.000e+00
 5.000e-03 1.000e-03 1.000e-03 5.000e-01 5.000e+00 2.400e+04 5.000e+00
 1.000e-02]	2940.412143706074
[1.740e+00 9.000e-01 1.092e+00 1.500e+00 1.000e-06 5.000e-01 1.000e+00
 5.000e-03 1.000e-03 1.000e-03 5.000e-01 5.000e+00 2.400e+04 5.000e+00
 1.000e-02]	2918.2859736223822
[1.760e+00 9.000e-01 1.092e+00 1.500e+00 1.000e-06 5.000e-01 1.000e+00
 5.000e-03 1.000e-03 1.000e-03 5.000e-01 5.000e+00 2.400e+04 5.000e+00
 1.000e-02]	2926.9503392594665
[1.780e+00 9.000e-01 1.092e+00 1.500e+00 1.000e-06 5.000e-01 1.000e+00
 5.000e-03 1.000e-03 1.000e-03 5.000e-01 5.000e+00 2.400e+04 5.000e+00
 1.000e-02]	2933.5144007430636
[1.800e+00 9.000e-01 1.092e+00 1.500e+00 1.000e-06 5.000e-01 1.000e+00
 5.000e-03 1.000e-03 1.000e-03 5.000e-01 5.000e+00 2.400e+04 5.000e+00
 1.000e-02]	2933.5144007430636
[1.820e+00 9.000e-01 1.092e+00 1.500e+00 1.000e-06 5.000e-01 1.000e+00
 5.000e-03 1.000e-03 1.000e-03 5.000e-01 5.000e+00 2.400e+04 5.000e+00
 1.000e-02]	2923.3125663468772
[1.840e+00 9.000e-01 1.092e+00 1.500e+00 1.000e-06 5.000e-01 1.000e+00
 5.000e-03 1.000e-03 1.000e-03 5.000e-01 5.000e+00 2.400e+04 5.000e+00
 1.000e-02]	2930.5916128240897
[1.860e+00 9.000e-01 1.092e+00 1.500e+00 1.000e-06 5.000e-01 1.000e+00
 5.000e-03 1.000e-03 1.000e-03 5.000e-01 5.000e+00 2.400e+04 5.000e+00
 1.000e-02]	2926.9503392594665
[1.880e+00 9.000e-01 1.092e+00 1.500e+00 1.000e-06 5.000e-01 1.000e+00
 5.000e-03 1.000e-03 1.000e-03 5.000e-01 5.000e+00 2.400e+04 5.000e+00
 1.000e-02]	2924.9011316525257
[1.900e+00 9.000e-01 1.092e+00 1.500e+00 1.000e-06 5.000e-01 1.000e+00
 5.000e-03 1.000e-03 1.000e-03 5.000e-01 5.000e+00 2.400e+04 5.000e+00
 1.000e-02]	2928.423836868935
[1.920e+00 9.000e-01 1.092e+00 1.500e+00 1.000e-06 5.000e-01 1.000e+00
 5.000e-03 1.000e-03 1.000e-03 5.000e-01 5.000e+00 2.400e+04 5.000e+00
 1.000e-02]	2937.9486691896545
[1.940e+00 9.000e-01 1.092e+00 1.500e+00 1.000e-06 5.000e-01 1.000e+00
 5.000e-03 1.000e-03 1.000e-03 5.000e-01 5.000e+00 2.400e+04 5.000e+00
 1.000e-02]	2943.809226559441
[1.960e+00 9.000e-01 1.092e+00 1.500e+00 1.000e-06 5.000e-01 1.000e+00
 5.000e-03 1.000e-03 1.000e-03 5.000e-01 5.000e+00 2.400e+04 5.000e+00
 1.000e-02]	2940.537975102175
[1.980e+00 9.000e-01 1.092e+00 1.500e+00 1.000e-06 5.000e-01 1.000e+00
 5.000e-03 1.000e-03 1.000e-03 5.000e-01 5.000e+00 2.400e+04 5.000e+00
 1.000e-02]	2941.641646324785
[1.980e+00 0.000e+00 1.092e+00 1.500e+00 1.000e-06 5.000e-01 1.000e+00
 5.000e-03 1.000e-03 1.000e-03 5.000e-01 5.000e+00 2.400e+04 5.000e+00
 1.000e-02]	2931.67526921936
[1.980e+00 2.000e-03 1.092e+00 1.500e+00 1.000e-06 5.000e-01 1.000e+00
 5.000e-03 1.000e-03 1.000e-03 5.000e-01 5.000e+00 2.400e+04 5.000e+00
 1.000e-02]	2936.6709388671093
[1.980e+00 4.000e-03 1.092e+00 1.500e+00 1.000e-06 5.000e-01 1.000e+00
 5.000e-03 1.000e-03 1.000e-03 5.000e-01 5.000e+00 2.400e+04 5.000e+00
 1.000e-02]	2931.3508331627722
[1.980e+00 6.000e-03 1.092e+00 1.500e+00 1.000e-06 5.000e-01 1.000e+00
 5.000e-03 1.000e-03 1.000e-03 5.000e-01 5.000e+00 2.400e+04 5.000e+00
 1.000e-02]	2946.740122105374
[1.980e+00 8.000e-03 1.092e+00 1.500e+00 1.000e-06 5.000e-01 1.000e+00
 5.000e-03 1.000e-03 1.000e-03 5.000e-01 5.000e+00 2.400e+04 5.000e+00
 1.000e-02]	2932.7208026200997
[1.980e+00 1.000e-02 1.092e+00 1.500e+00 1.000e-06 5.000e-01 1.000e+00
 5.000e-03 1.000e-03 1.000e-03 5.000e-01 5.000e+00 2.400e+04 5.000e+00
 1.000e-02]	2957.3567821317683
[1.980e+00 1.200e-02 1.092e+00 1.500e+00 1.000e-06 5.000e-01 1.000e+00
 5.000e-03 1.000e-03 1.000e-03 5.000e-01 5.000e+00 2.400e+04 5.000e+00
 1.000e-02]	2931.6443394865837
[1.980e+00 1.400e-02 1.092e+00 1.500e+00 1.000e-06 5.000e-01 1.000e+00
 5.000e-03 1.000e-03 1.000e-03 5.000e-01 5.000e+00 2.400e+04 5.000e+00
 1.000e-02]	2933.0679506053493
[1.980e+00 1.600e-02 1.092e+00 1.500e+00 1.000e-06 5.000e-01 1.000e+00
 5.000e-03 1.000e-03 1.000e-03 5.000e-01 5.000e+00 2.400e+04 5.000e+00
 1.000e-02]	2936.0864867073346
[1.980e+00 1.800e-02 1.092e+00 1.500e+00 1.000e-06 5.000e-01 1.000e+00
 5.000e-03 1.000e-03 1.000e-03 5.000e-01 5.000e+00 2.400e+04 5.000e+00
 1.000e-02]	2933.5059222826544
[1.980e+00 2.000e-02 1.092e+00 1.500e+00 1.000e-06 5.000e-01 1.000e+00
 5.000e-03 1.000e-03 1.000e-03 5.000e-01 5.000e+00 2.400e+04 5.000e+00
 1.000e-02]	2914.4171047139034
[1.980e+00 2.200e-02 1.092e+00 1.500e+00 1.000e-06 5.000e-01 1.000e+00
 5.000e-03 1.000e-03 1.000e-03 5.000e-01 5.000e+00 2.400e+04 5.000e+00
 1.000e-02]	2943.7530827136434
[1.980e+00 2.400e-02 1.092e+00 1.500e+00 1.000e-06 5.000e-01 1.000e+00
 5.000e-03 1.000e-03 1.000e-03 5.000e-01 5.000e+00 2.400e+04 5.000e+00
 1.000e-02]	2943.9766304142167
[1.980e+00 2.600e-02 1.092e+00 1.500e+00 1.000e-06 5.000e-01 1.000e+00
 5.000e-03 1.000e-03 1.000e-03 5.000e-01 5.000e+00 2.400e+04 5.000e+00
 1.000e-02]	2922.7289427609385
[1.980e+00 2.800e-02 1.092e+00 1.500e+00 1.000e-06 5.000e-01 1.000e+00
 5.000e-03 1.000e-03 1.000e-03 5.000e-01 5.000e+00 2.400e+04 5.000e+00
 1.000e-02]	2939.252724628836
[1.980e+00 3.000e-02 1.092e+00 1.500e+00 1.000e-06 5.000e-01 1.000e+00
 5.000e-03 1.000e-03 1.000e-03 5.000e-01 5.000e+00 2.400e+04 5.000e+00
 1.000e-02]	2950.3691017162487
[1.980e+00 3.200e-02 1.092e+00 1.500e+00 1.000e-06 5.000e-01 1.000e+00
 5.000e-03 1.000e-03 1.000e-03 5.000e-01 5.000e+00 2.400e+04 5.000e+00
 1.000e-02]	2947.405051948131
[1.980e+00 3.400e-02 1.092e+00 1.500e+00 1.000e-06 5.000e-01 1.000e+00
 5.000e-03 1.000e-03 1.000e-03 5.000e-01 5.000e+00 2.400e+04 5.000e+00
 1.000e-02]	2951.893752776891
[1.980e+00 3.600e-02 1.092e+00 1.500e+00 1.000e-06 5.000e-01 1.000e+00
 5.000e-03 1.000e-03 1.000e-03 5.000e-01 5.000e+00 2.400e+04 5.000e+00
 1.000e-02]	2935.6948364270684
[1.980e+00 3.800e-02 1.092e+00 1.500e+00 1.000e-06 5.000e-01 1.000e+00
 5.000e-03 1.000e-03 1.000e-03 5.000e-01 5.000e+00 2.400e+04 5.000e+00
 1.000e-02]	2969.7096284914282
[1.980e+00 4.000e-02 1.092e+00 1.500e+00 1.000e-06 5.000e-01 1.000e+00
 5.000e-03 1.000e-03 1.000e-03 5.000e-01 5.000e+00 2.400e+04 5.000e+00
 1.000e-02]	2933.789074912415
[1.980e+00 4.200e-02 1.092e+00 1.500e+00 1.000e-06 5.000e-01 1.000e+00
 5.000e-03 1.000e-03 1.000e-03 5.000e-01 5.000e+00 2.400e+04 5.000e+00
 1.000e-02]	2935.241202881098
[1.980e+00 4.400e-02 1.092e+00 1.500e+00 1.000e-06 5.000e-01 1.000e+00
 5.000e-03 1.000e-03 1.000e-03 5.000e-01 5.000e+00 2.400e+04 5.000e+00
 1.000e-02]	2943.1526148502753
[1.980e+00 4.600e-02 1.092e+00 1.500e+00 1.000e-06 5.000e-01 1.000e+00
 5.000e-03 1.000e-03 1.000e-03 5.000e-01 5.000e+00 2.400e+04 5.000e+00
 1.000e-02]	2929.9075506919635
[1.980e+00 4.800e-02 1.092e+00 1.500e+00 1.000e-06 5.000e-01 1.000e+00
 5.000e-03 1.000e-03 1.000e-03 5.000e-01 5.000e+00 2.400e+04 5.000e+00
 1.000e-02]	2923.103298784505
[1.980e+00 5.000e-02 1.092e+00 1.500e+00 1.000e-06 5.000e-01 1.000e+00
 5.000e-03 1.000e-03 1.000e-03 5.000e-01 5.000e+00 2.400e+04 5.000e+00
 1.000e-02]	2947.7568914276303
[1.980e+00 5.200e-02 1.092e+00 1.500e+00 1.000e-06 5.000e-01 1.000e+00
 5.000e-03 1.000e-03 1.000e-03 5.000e-01 5.000e+00 2.400e+04 5.000e+00
 1.000e-02]	2926.955282788135
[1.980e+00 5.400e-02 1.092e+00 1.500e+00 1.000e-06 5.000e-01 1.000e+00
 5.000e-03 1.000e-03 1.000e-03 5.000e-01 5.000e+00 2.400e+04 5.000e+00
 1.000e-02]	2929.1838068756747
[1.980e+00 5.600e-02 1.092e+00 1.500e+00 1.000e-06 5.000e-01 1.000e+00
 5.000e-03 1.000e-03 1.000e-03 5.000e-01 5.000e+00 2.400e+04 5.000e+00
 1.000e-02]	2930.8289499824627
