-347217.46000 -423574.79000 -211584.70000 -233596.67000 -314736.64000 -285114.97000 -258219.19000 -383159.98000
-347178.95000 -423218.31000 -211837.48000 -233777.43000 -314595.38000 -284647.30000 -258174.03000 -383459.80000
-347311.09000 -423728.38000 -211810.23000 -233839.05000 -314755.83000 -285052.28000 -257983.87000 -383721.71000
-347266.32000 -423219.52000 -211830.51000 -233782.94000 -314388.74000 -285116.70000 -258213.20000 -383492.52000
-347360.36000 -423421.28000 -211743.80000 -233655.87000 -314712.57000 -284924.04000 -258152.38000 -383345.76000
-346936.76000 -423493.75000 -211811.74000 -233663.61000 -314742.51000 -284532.20000 -257969.64000 -383608.42000
-347345.78000 -423346.38000 -211429.74000 -233860.95000 -314154.03000 -285036.43000 -258052.42000 -383712.23000
-347413.62000 -423128.18000 -211713.37000 -233689.91000 -314543.10000 -285269.32000 -258190.22000 -383711.10000
-347410.99000 -423508.85000 -211678.38000 -233703.13000 -314515.48000 -285112.47000 -258094.27000 -383515.15000
-347463.86000 -423468.74000 -211845.24000 -233675.31000 -314226.15000 -285006.42000 -258070.69000 -383317.49000
-347518.56000 -423524.07000 -211606.22000 -233749.75000 -314520.93000 -284931.22000 -258167.15000 -383571.73000
-347053.47000 -423298.27000 -211701.50000 -233891.92000 -314590.25000 -284762.66000 -258097.34000 -383340.84000
-346970.29000 -423619.14000 -211637.27000 -233575.94000 -314700.83000 -284966.70000 -258210.47000 -383789.42000
-347519.99000 -423402.81000 -211662.06000 -233468.58000 -314399.71000 -284930.66000 -258089.76000 -383538.41000
-347364.20000 -423618.17000 -211787.96000 -233835.81000 -314309.50000 -284799.06000 -258267.61000 -383530.71000
-347420.05000 -423365.20000 -211726.10000 -233921.78000 -314597.73000 -285096.27000 -258316.19000 -383557.32000
-347575.87000 -423770.32000 -211517.93000 -233818.96000 -314674.33000 -284886.18000 -258174.14000 -383522.09000
-347276.16000 -423449.37000 -211883.47000 -233713.79000 -314603.09000 -284676.59000 -258141.97000 -383567.17000
-347595.10000 -423070.70000 -211776.65000 -233666.20000 -314480.52000 -284877.60000 -258072.28000 -383729.45000
-347083.59000 -423338.72000 -211668.58000 -233641.22000 -314765.82000 -284704.72000 -258035.73000 -383200.80000
-347203.43000 -423547.98000 -211802.41000 -233555.43000 -314662.77000 -285175.58000 -258002.12000 -383845.03000
-347175.94000 -423520.48000 -211788.29000 -233791.42000 -314692.08000 -285059.96000 -258106.49000 -383457.44000
-347366.89000 -423460.92000 -211623.70000 -233750.77000 -314673.05000 -285135.43000 -258272.60000 -383526.26000
-347293.46000 -423302.06000 -211593.96000 -233674.13000 -314389.62000 -285209.05000 -258224.07000 -383709.24000
-347311.69000 -423487.04000 -211706.31000 -233362.11000 -314335.33000 -285026.08000 -258093.74000 -383393.68000
-347190.75000 -423231.78000 -211655.96000 -233754.66000 -314533.42000 -285063.71000 -258112.56000 -383488.27000
-347100.24000 -423601.47000 -211703.10000 -233722.71000 -314240.53000 -285119.94000 -258101.69000 -383422.12000
-347263.18000 -423751.58000 -211620.95000 -233743.58000 -314403.18000 -284702.59000 -257948.25000 -383519.22000
-347468.16000 -423780.47000 -211879.02000 -233829.78000 -314694.05000 -284645.59000 -258020.74000 -383719.83000
-346719.92000 -423279.19000 -211707.90000 -233833.52000 -314477.43000 -284855.04000 -258061.05000 -383813.00000
-347539.81000 -423717.87000 -211564.57000 -233600.05000 -314487.96000 -285070.66000 -258232.26000 -383420.51000
-347393.24000 -423236.93000 -211588.88000 -233769.11000 -314307.65000 -284675.20000 -258143.93000 -383472.94000
-347215.83000 -423352.86000 -211583.90000 -233492.08000 -313782.65000 -285103.23000 -257976.85000 -383568.84000
-347230.50000 -423318.43000 -211603.15000 -233686.03000 -314568.58000 -284889.00000 -258210.77000 -383481.01000
-347347.81000 -423506.62000 -211747.98000 -233713.05000 -314611.42000 -284782.17000 -258239.00000 -383499.25000
-347086.70000 -423482.86000 -211639.72000 -233736.71000 -314557.43000 -284866.54000 -257884.11000 -383588.33000
-347176.51000 -423158.80000 -211727.35000 -233681.68000 -314674.55000 -284970.26000 -257913.58000 -383685.53000
-347311.96000 -423247.82000 -211718.89000 -233567.98000 -314556.48000 -285037.95000 -258224.13000 -383504.68000
-347339.87000 -423412.04000 -211693.26000 -233535.99000 -314762.92000 -284833.65000 -258200.73000 -383611.35000
-347610.99000 -423423.97000 -211675.31000 -233625.18000 -314533.33000 -285067.24000 -258291.93000 -383519.13000
-347092.58000 -422974.71000 -211775.21000 -233828.10000 -314517.67000 -284905.70000 -258120.71000 -383647.32000
-347360.03000 -423224.18000 -211709.25000 -233526.86000 -314635.18000 -285073.86000 -258371.31000 -383395.44000
-347144.09000 -423768.30000 -211629.26000 -233916.31000 -314102.99000 -284942.22000 -258128.84000 -383860.00000
-347443.97000 -423137.45000 -211836.27000 -233813.06000 -314688.81000 -284853.61000 -258055.58000 -383595.13000
-346802.89000 -423499.84000 -211705.69000 -233857.91000 -314569.19000 -284913.39000 -258046.36000 -383371.44000
-347464.87000 -423652.85000 -211388.36000 -233918.19000 -314495.05000 -284938.56000 -258175.43000 -382915.23000
-347057.46000 -423695.33000 -211695.95000 -233693.73000 -314338.46000 -285069.30000 -258209.98000 -383810.34000
-347376.65000 -423493.39000 -211697.25000 -233599.86000 -314461.20000 -284797.38000 -258073.21000 -383789.82000
-347322.37000 -423337.35000 -211792.50000 -233790.19000 -314407.03000 -285020.92000 -258029.97000 -383402.10000
-347413.15000 -423182.40000 -211739.72000 -233818.84000 -314368.45000 -284893.43000 -258157.27000 -383546.80000
-347172.31000 -423072.35000 -211805.42000 -233918.53000 -314655.55000 -284951.02000 -258240.72000 -383774.59000
-347145.58000 -423606.92000 -211850.14000 -233718.91000 -314270.07000 -285102.02000 -257904.94000 -383499.26000
-347304.11000 -423146.77000 -211633.51000 -233470.31000 -314513.36000 -284790.21000 -258130.81000 -383624.11000
-347361.06000 -423173.44000 -211720.96000 -233704.91000 -314473.44000 -285119.53000 -258251.01000 -383632.61000
-347567.87000 -423195.80000 -211597.23000 -233583.57000 -314615.25000 -284871.13000 -258010.70000 -383721.25000
-347531.15000 -423003.15000 -211879.78000 -233788.51000 -314652.69000 -284806.41000 -258200.14000 -383609.01000
-347387.43000 -423358.91000 -211642.08000 -233824.10000 -314375.54000 -285038.83000 -258157.80000 -383443.97000
-347138.26000 -423675.53000 -211569.87000 -233747.99000 -314493.98000 -285118.73000 -258133.48000 -383539.67000
-347549.94000 -423742.08000 -211813.66000 -233849.55000 -314651.03000 -285045.02000 -258104.23000 -383304.90000
-347338.66000 -423474.50000 -211849.72000 -233794.07000 -314471.04000 -285000.73000 -258178.75000 -383277.33000
-347391.11000 -423142.94000 -211589.95000 -233676.57000 -314508.94000 -285097.72000 -258027.01000 -383507.86000
-347249.26000 -423341.47000 -211746.88000 -233717.79000 -314565.93000 -284996.72000 -258151.24000 -383425.30000
-347415.69000 -423062.51000 -211669.93000 -233667.12000 -314579.91000 -284705.74000 -258303.11000 -383704.73000
-347164.55000 -423515.84000 -211780.80000 -233860.40000 -314504.06000 -284257.77000 -258141.49000 -383379.77000
-347309.75000 -423073.27000 -211623.74000 -233882.04000 -314721.96000 -285205.55000 -258148.89000 -383648.84000
-347188.17000 -423584.33000 -211739.21000 -233886.76000 -314695.68000 -285027.32000 -258075.61000 -383536.19000
-347254.02000 -422831.50000 -211527.07000 -233712.86000 -314172.69000 -285067.53000 -258173.76000 -383529.83000
-347160.06000 -423269.39000 -211652.65000 -233889.81000 -314608.77000 -284855.84000 -258073.32000 -384093.77000
-347493.47000 -423447.21000 -211665.68000 -233929.33000 -314242.09000 -284927.29000 -258115.16000 -383690.67000
-347198.12000 -423909.92000 -211721.71000 -233847.08000 -314566.16000 -284950.12000 -257959.69000 -383637.46000
-347340.93000 -423149.78000 -211749.38000 -233674.47000 -314446.57000 -285047.02000 -258143.29000 -383258.70000
-347456.97000 -423439.80000 -211692.69000 -233774.64000 -314453.34000 -284365.58000 -257664.56000 -383297.81000
-347478.73000 -423087.13000 -211848.44000 -233554.07000 -314566.81000 -285109.37000 -258095.09000 -383690.02000
-347408.85000 -423295.42000 -211721.49000 -233586.02000 -314568.25000 -284895.53000 -258027.89000 -383471.64000
-347368.29000 -423328.81000 -211759.44000 -233739.33000 -314489.72000 -284666.52000 -258142.75000 -383727.54000
-347152.25000 -423220.37000 -211840.29000 -233822.08000 -314793.35000 -284652.23000 -258232.07000 -383468.28000
-347439.60000 -423368.83000 -211764.53000 -233787.32000 -314283.44000 -284913.78000 -258132.24000 -383256.87000
-347211.22000 -423441.45000 -211648.33000 -233852.49000 -314446.22000 -284977.23000 -258062.64000 -383255.80000
-347275.63000 -423197.53000 -211801.17000 -233652.52000 -314559.74000 -284975.58000 -258043.82000 -383505.14000
-347234.11000 -423567.09000 -211811.56000 -233801.03000 -314697.73000 -284908.14000 -258020.49000 -383573.32000
-347488.77000 -423422.77000 -211739.32000 -233645.44000 -314551.71000 -284638.30000 -258139.71000 -383783.57000
-347381.39000 -423386.94000 -211696.75000 -233774.75000 -314713.59000 -285212.16000 -257880.83000 -383355.05000
-347222.50000 -423504.06000 -211757.29000 -233819.77000 -314135.96000 -284796.94000 -258157.39000 -383193.08000
-347124.92000 -423286.44000 -211613.72000 -233564.76000 -314469.29000 -285014.79000 -257998.38000 -383582.08000
-347353.11000 -423522.68000 -211628.20000 -233868.97000 -314664.96000 -284704.70000 -258093.36000 -383625.42000
-347055.41000 -423541.64000 -211851.91000 -233677.07000 -314369.27000 -284810.55000 -258239.06000 -383560.75000
-347445.71000 -423330.17000 -211973.88000 -233634.92000 -314411.78000 -284942.70000 -258269.36000 -383619.88000
-347078.65000 -423327.26000 -211754.87000 -233716.07000 -314376.59000 -284916.26000 -257925.65000 -383696.68000
-347291.65000 -423350.56000 -211837.93000 -233732.47000 -314551.73000 -285083.76000 -258194.98000 -383096.27000
-347403.73000 -423363.73000 -211671.53000 -233723.95000 -314484.17000 -284770.47000 -257951.07000 -383601.47000
-347156.82000 -423160.84000 -211723.77000 -233705.15000 -314433.74000 -284759.71000 -258111.13000 -383457.50000
-347387.59000 -423794.43000 -211594.84000 -233573.94000 -314573.43000 -285012.91000 -258136.06000 -383501.57000
-347398.66000 -423436.89000 -211798.76000 -233790.40000 -314514.34000 -284863.06000 -258126.69000 -383616.51000
-347087.01000 -423323.99000 -211517.39000 -233841.40000 -314509.54000 -284656.86000 -258205.53000 -383253.69000
-347394.20000 -423543.05000 -211764.16000 -233750.17000 -314284.03000 -284770.88000 -258163.37000 -383214.13000
-347308.88000 -423008.10000 -211752.28000 -233692.73000 -314693.09000 -284812.25000 -258081.18000 -383617.51000
-347305.70000 -423404.43000 -211725.58000 -233694.65000 -314721.15000 -284675.43000 -258097.81000 -383689.38000
-347329.90000 -423775.12000 -211770.04000 -233913.51000 -314596.79000 -284907.21000 -258200.74000 -383569.67000
-347560.05000 -423476.96000 -211617.53000 -233824.88000 -314545.84000 -284638.96000 -258142.46000 -383728.82000
-347561.30000 -423299.66000 -211643.02000 -233732.04000 -314458.13000 -284907.72000 -258060.94000 -383643.69000
-347199.76000 -423542.77000 -211733.40000 -233378.60000 -314612.76000 -284925.51000 -258388.94000 -383322.40000
-347427.86000 -423679.63000 -211717.03000 -233793.16000 -314543.03000 -285058.71000 -258026.92000 -383484.94000
-347467.52000 -423708.98000 -211625.92000 -233723.10000 -314262.91000 -284991.37000 -258202.00000 -383658.05000
-347155.35000 -423560.83000 -211751.85000 -233672.81000 -314571.09000 -284996.53000 -257784.75000 -383589.84000
-347415.53000 -423324.39000 -211366.26000 -233804.36000 -314568.86000 -284911.60000 -258020.97000 -383330.57000
-347223.77000 -423392.54000 -211645.77000 -233814.39000 -314531.36000 -284626.69000 -258090.74000 -383564.38000
-347217.76000 -423347.27000 -211750.84000 -233860.84000 -314555.40000 -284785.88000 -258284.51000 -383530.45000
-347351.06000 -423432.95000 -211589.31000 -233643.91000 -314647.97000 -285047.15000 -258132.62000 -383536.49000
-347424.21000 -423140.23000 -211498.65000 -233581.60000 -314384.36000 -285018.77000 -257921.93000 -383817.50000
-347215.59000 -423432.23000 -211610.14000 -233778.67000 -314417.69000 -284856.66000 -258311.90000 -383586.53000
-347209.57000 -422976.86000 -211587.47000 -233339.76000 -314709.01000 -285057.12000 -258115.69000 -383155.11000
-347314.20000 -423650.14000 -211865.86000 -233910.06000 -314511.52000 -284882.70000 -258062.40000 -383381.70000
-347394.47000 -423347.94000 -211623.76000 -233533.78000 -314661.06000 -284811.90000 -258275.19000 -383697.27000
-347227.53000 -423227.07000 -211534.68000 -233787.01000 -314513.01000 -284887.41000 -258128.14000 -383495.41000
-347336.80000 -423299.84000 -211784.98000 -233937.71000 -314528.30000 -285188.68000 -257978.48000 -383394.34000
-347142.25000 -423553.81000 -211533.19000 -233779.20000 -313804.88000 -284516.73000 -258067.30000 -383461.24000
-347180.73000 -423331.84000 -211723.95000 -233717.13000 -314639.78000 -284976.39000 -258059.87000 -383635.56000
-347181.03000 -423493.02000 -211744.23000 -233681.99000 -314839.67000 -285006.12000 -258209.25000 -383502.65000
-347365.54000 -423559.83000 -211721.36000 -233623.27000 -314501.73000 -284699.66000 -258172.53000 -383584.40000
-347274.48000 -423727.61000 -211592.06000 -233433.55000 -314740.27000 -284962.98000 -258058.70000 -383455.46000
-347017.67000 -423504.17000 -211675.46000 -233784.06000 -314418.50000 -285005.87000 -258272.37000 -383205.13000
-347399.78000 -423621.01000 -211614.50000 -233588.24000 -314515.54000 -285115.21000 -258149.04000 -383337.63000
-347351.23000 -423351.11000 -211817.58000 -233595.16000 -314648.34000 -285156.68000 -258176.37000 -383434.38000
-347390.48000 -423198.11000 -211690.69000 -233565.56000 -314592.86000 -285043.24000 -257872.66000 -383477.22000
