9.279159857258056920e-01
9.567821772278298775e-01
1.045441066622978310e+00
1.110794802207659027e+00
4.237237903225818792e-06
2.303028826209682356e-01
3.151668837903228715e-01
7.990958290322543178e-02
3.298971371975815969e-02
5.001157566532297982e-02
8.377083622883066960e-01
1.396836222197591848e+00
2.405383549769722595e+04
7.735996162832629253e+00
1.772775940524185315e-02
-1.361448713691534635e+02
-2.035640539624694441e+02
-7.984386319360865514e+01
-2.248961668448146725e+02
7.545833866815526392e+01
3.207911824263064915e+01
1.447249416728850235e+01
9.157666904742883673e+01
-3.528724407610874891e+01
2.302823589033282872e+02
1.189339762021969733e+02
1.946615284535780575e+02
-2.485596366756646489e+02
2.158622282729941446e+02
-1.419765278585480814e+02
1.116392799713695183e+01
-1.651454342556854726e+02
6.144426662852835008e+00
1.794277042043068775e+02
3.099095081836699705e+01
9.560328139422468041e+01
-1.368764667176824901e+02
-7.285015953890159324e+01
7.159935518897115969e+01
-2.340116985792315418e+01
1.877298627154947042e+02
-8.925739191027272090e-01
-2.329702915137195873e+02
8.605155580978774310e+01
1.304477577701321991e+02
7.324975849958666174e+01
-1.678968870329042602e+02
1.017506698853822655e+02
-1.942018068500406685e+02
1.694035447497701057e+02
6.996942362078671351e+01
2.162668887236184219e+02
2.342503583082562102e+02
9.168910940759089101e+01
-6.739323079132026351e+01
-1.369087791584581453e+02
-1.143365658860915879e+01
-2.222381768753330107e+02
-5.616508800365978260e+01
-5.371632205168326379e+01
1.286259636055534372e+02
1.297035436110868289e+01
2.563027484512917908e+02
9.899987110284190805e+01
2.189054739713416211e+02
-2.123688781973993684e+02
3.097117706462721287e+01
2.621201943691552572e+01
9.751698260383177441e+00
4.115283062217722687e+01
1.678787893616040776e+02
-3.920300557715729894e+01
-1.857214846162492279e+02
-1.762675671822397305e+02
1.200423247182659310e+02
9.831677619076633334e+01
-1.416878777692142535e+02
2.405033027427230650e+02
-2.559123638880060270e+01
1.617485402408368600e+02
-2.231712956001711916e+02
1.403524100853026084e+02
-7.521864807455665414e+01
1.971522277644471046e+02
1.738216735790215637e+02
8.739380186959661501e+01
-2.278051514118941441e+02
-1.226717814199698040e+02
-6.654190682489922892e+01
-1.043214251711794560e+02
-1.983556914770501010e+02
-1.552047794235867428e+01
-2.382464861231859743e+01
1.445226825503022496e+02
-9.635178409798175636e+00
1.819589893306380191e+02
1.201135057008562939e+02
2.045193171514825394e+02
3.364980234745956267e+01
-1.901840327402530875e+02
-1.636846262933965761e+02
3.325706178446562689e+01
2.291979953965235666e+02
2.015630415869532897e+02
9.926050735895157118e+01
-1.254638396737505843e+02
-8.064740733741918177e+01
1.197086583044269474e+02
1.591783397108987685e+02
-9.130825899694478665e+01
2.231784350101204097e+02
-1.069456528271870894e+02
-1.325926554727518862e+02
-9.066875642936467727e+01
-8.973564769495959581e+01
-7.752027261667237212e+01
1.904241372682562030e+02
-1.790149124004543353e+02
-7.787890830222858085e+01
-6.799852973285250357e+01
-4.908347375080710506e+00
1.046712766124399536e+02
-1.787462490675420383e+02
-1.774140909738910565e+01
-1.224471808439220410e+02
-1.617715744802955840e+02
-2.136577570456240096e+02
-1.810978791440027180e+02
-1.774829188132545994e+02
-9.675972458034253521e+01
-1.410718062920569196e+02
-1.075862656513504874e+02
-1.185877839390526987e+02
3.337887223570540840e+01
1.370024433321977426e+02
1.960172649640921634e+02
1.805040307984465073e+02
1.347038397762682678e+02
1.387586227721466798e+02
-2.040825776809276419e+02
5.737389006710640871e+01
-2.344259476196624092e+01
2.162213252564002630e+02
-1.346885190341509428e+02
-1.652730860755030307e+01
-5.324952126629091254e+01
-2.187679894733262245e+02
-5.000287583459649454e+01
-6.367111895043409930e+01
-1.231722357576413884e+02
-2.035509928293451765e+02
1.942365438122285184e+02
8.685156912900389159e+01
-9.847251205710615807e+01
1.068949691919046501e+02
1.637673310527425485e+02
1.937959934349205753e+02
2.124788298015948556e+02
-2.278319208910281191e+02
-1.208947298285272893e+02
7.992247141112835607e+01
6.712220686028142147e+00
1.972076569515021731e+02
1.443501906951513547e+02
-1.891842847052129741e+02
-1.873724185062509662e+01
1.589018798950404232e+02
-1.506816710013514182e+02
-3.789468043054354496e+01
-1.439137349745051893e+02
-1.819599050599680936e+02
1.040489700814427749e+02
3.237764410600765785e+01
-2.357891280681438673e+01
-1.894668220298481174e+02
2.342385572857155580e+02
-1.245084111994756881e+02
2.263459846192436373e+02
-2.297010577937988671e+02
-1.862483852114424963e+02
-1.409053599016221199e+02
1.886225308445369819e+02
1.007220420713714049e+02
-6.990952031596742700e+01
1.578671028151115650e+02
-1.704879371389825167e+02
1.222531702349099589e+02
-1.603279913910276093e+02
6.104776680931426114e+01
-2.400086595025232228e+01
-1.144664780623079565e+02
1.678318729852712181e+02
1.834222182006045045e+02
1.095816892247673167e+02
-2.273364339476426039e+02
-5.435998656750012969e+01
-1.415285026835884423e+02
-1.638430127696047407e+02
1.608943924479459895e+02
-2.025989185756343431e+02
1.986752397882366097e+02
-1.035050058696670874e+02
2.167276709312113496e+02
-1.508580032709581644e+02
-1.122761137917439953e+02
2.090038679596331406e+02
1.963904802417751512e+02
-2.060388293827636730e+01
1.451045876099485952e+02
1.289496894661195086e+02
-2.136915099986298401e+02
-5.713895502434591833e+01
3.081327161059500952e+01
1.714726245435453222e+01
-5.868500008218688890e+01
6.707534937019173071e+01
-1.853000504231542607e+02
7.009249883034269146e+01
1.138530193626502864e+02
2.172475738654239592e+02
-1.627165833448190142e+02
5.022509631702639155e+01
1.420998104137387372e+02
-1.701378056522881650e+02
2.117474874999490737e+02
1.185272662731952522e+02
-2.255731829716733614e+02
-7.492815589250999153e+01
-4.683324912922378758e+01
-1.254228980126411983e+02
2.151447527932140815e+02
-2.026270101346767092e+02
-1.285986055763892466e+02
2.115488079577198448e+02
2.280506757494965768e+02
-2.206570924608391238e+02
-3.165373452891159189e+01
-2.169537455811498603e+02
2.019006193442926076e+02
2.268816932130148984e+02
-1.911122031062306803e+02
1.325140493879436860e+02
2.144497057784785170e+02
-4.028172821788340485e+01
-1.228239406108274920e+02
-1.787290207439696417e+02
1.759544236958963666e+02
2.154434756482780813e+02
-4.093582468466743052e+01
-2.389451010704219982e+02
1.156688942778228864e+02
-2.153042819321397303e+02
1.041026697917445460e+02
-1.354607801064214812e+02
-6.592753116186548823e+01
-1.733443180067340563e+02
-1.632830124884057170e+02
-1.925366243956169967e+02
-1.197246008481250499e+02
2.306534281324591120e+02
1.105642713235480556e+02
1.783783529625886217e+02
1.958502818040412023e+02
-2.192282598441642847e+02
-1.800451830052842013e+02
-1.397653720860270425e+02
4.439975408067533635e+01
1.032315135605345802e+02
-2.060132091312094929e+02
1.382764022698605189e+01
-2.527376630281368080e+02
-1.634640622925592481e+02
-1.720049919292342508e+02
-1.245115864509571821e+02
1.315001452571861762e+02
-1.721610885444573569e+02
-8.974949921226831862e+01
1.659035719023689808e+02
-1.462065024541534513e+02
4.690752678690531496e+01
8.439116687495047131e+01
-1.360293791826211987e+02
-1.176527610122175815e+02
1.021232204595970927e+02
4.682275960639078249e+01
-1.909782655847804449e+02
-2.198712030298180480e+02
-1.425622983606942000e+02
1.552970502298496456e+02
8.841404696267088070e+01
-1.669051779838205505e+02
1.805702142132064978e+02
1.940760274619047436e+02
1.351042474425415776e+02
-1.178425403042383124e+01
-1.258145435867949118e+02
-8.605743861130011396e+01
-2.077112877941933107e+02
1.793176172794271395e+02
1.761754420134179497e+02
-9.297354436963722435e+01
3.734219765012094427e+01
1.376460303613006886e+02
-2.070000007224887781e+02
1.402719862743853128e+02
1.807858616038905950e+02
-1.598913000307649384e+02
2.482208106959664917e+01
-1.285995328844256278e+02
2.075208726414705040e+02
-8.799158409976767814e+01
-1.563041554963403712e+02
-2.003434611700021719e+02
1.146187796612097287e+02
-1.966820174638908156e+02
2.159540181512604988e+02
-8.455716047501967125e+01
-6.035324283962673064e+01
1.949822279007750296e+02
1.808215517114818169e+02
-3.124608837983881315e+01
1.996253078762701136e+02
-1.664389791679229234e+02
9.762611640136081803e+01
2.097256249995338067e+02
1.296306026877628597e+02
-1.348244272414831642e+02
-1.393628615561892445e+02
-1.258743853538419728e+02
2.134277577433878719e+02
1.385978091998602224e+02
2.169573220883651459e+02
1.507557980492860850e+02
-2.059790367640002557e+02
-1.372108715917844393e+02
-4.605889429694595805e+01
-9.576517892832710288e+01
-4.832341629189555476e+01
-2.022570960869655892e+02
-2.242408403181163408e+02
1.711391171951114245e+02
-1.486704750582261454e+02
-1.179623267310686998e+02
2.230828620020166113e+02
-2.028312489629914239e+02
6.766054935691488481e+01
2.402015127913030597e+02
-2.394111545279237419e+01
2.200433190488426192e+02
1.399181403902624652e+02
-1.889429413936597655e+02
-1.451867922972760105e+01
1.199105722543341201e+01
2.260146189856145327e+02
-1.309816303139415083e+02
2.052591765474601573e+02
-7.028408543191524416e+01
3.122033519002091584e+00
6.870055930499013641e+01
-3.937734700937486565e+01
2.168044773740143967e+02
-1.245234106660285818e+02
-1.716771044979028886e+02
1.832762597629817662e+02
1.337227439502408970e+02
1.321178571917330302e+01
1.539795487089807295e+02
-1.649884839999393762e+02
-1.770127821328113669e+02
-2.249626817708451938e+02
1.639882264854528557e+02
2.558323666341230194e+02
5.265408749169341007e+01
-5.852660350101809428e+01
-1.677415171773080544e+02
5.959961567222732270e+01
-5.418167141812460841e+01
-2.085768744552412102e+01
-1.417281080893345688e+02
1.934940716302941155e+02
1.773404701176919502e+02
-1.765137569535582145e+02
-2.263145070867036566e+02
2.765164968286296343e+01
-7.677329244873969571e+01
1.191450349269343718e+02
-2.210226048578745122e+02
-2.004761573009494668e+02
-5.997434317352803390e+01
-1.544967890108869994e+02
-2.189439233405957737e+02
-2.367110055261996706e+02
9.277943027962780320e+01
-1.945731232431771218e+02
-8.771688494319542428e+01
-1.640888773751111955e+02
-1.955586466894363014e+02
1.709642291934391380e+02
-1.642690890284258103e+02
1.405973073534870537e+02
-1.378603555661096607e+02
1.839794328609592640e+02
2.181731894128041205e+01
2.236543625604251417e+02
2.250563205658369270e+02
6.544963085540334191e+01
1.996189854215744788e+02
-4.389701626695526926e+01
-1.883201948084278570e+02
-1.217769020837010032e+02
-1.988814903959476794e+02
1.334836378572379658e+02
1.194137649912805870e+02
-9.968447430739905712e+01
-1.756648745473780249e+00
