1.238161793122134896e-01
1.192851917958295677e-01
1.336396567712398176e-01
1.279740580304785658e-01
7.424569824719911136e-07
1.930023663684280466e-01
2.144368942798957345e-01
1.966429737602870542e-02
1.520849214837344601e-02
1.562631345653608950e-02
1.448720790239260148e-01
1.370530566909060610e+00
2.440374958176722885e+03
1.270116070362181881e+00
1.082849610868165911e-02
9.289711034699045911e+01
7.061986551286142344e+01
8.361695144786962430e+01
5.812686878422970693e+01
7.786479499075809940e+01
8.253082990636112015e+01
1.137046048698142755e+02
1.188280721169055028e+02
1.343647809752442868e+02
5.654763895872497415e+01
8.372660734104189828e+01
6.953737896724551604e+01
5.105022370416870814e+01
6.437818357310457884e+01
7.309489207996446680e+01
1.063381820418870092e+02
8.337026810280416100e+01
9.286648832484335969e+01
9.469827062346901414e+01
7.847960298449328320e+01
8.657786991961339140e+01
1.022603540900463202e+02
9.226308261803464461e+01
1.009829371905396158e+02
1.038684336103772523e+02
1.133890893759392213e+02
8.010920268060496596e+01
7.145960957803688984e+01
8.980433369381552211e+01
1.066615152193028280e+02
1.165477957568591876e+02
1.216203036522366006e+02
8.999116901916025313e+01
7.920646979952456945e+01
5.993583225798663960e+01
1.053423156575726267e+02
5.993468805680133471e+01
6.265405908446328453e+01
8.744741853165754719e+01
9.455377887020280525e+01
1.466824933970298730e+02
1.156971673066402246e+02
7.741031028713773310e+01
1.207921012453921747e+02
7.433155432865525825e+01
1.315296837184252752e+02
1.187201104217468526e+02
3.642737259487975621e+01
1.112798043809320490e+02
7.101869322256699490e+01
5.075390403729748812e+01
8.520466680252670244e+01
1.160711365821539971e+02
9.353082462609927461e+01
8.582916131057601206e+01
6.444763469057346583e+01
1.212723393545064425e+02
6.574897273064408409e+01
7.245934750400516577e+01
1.048928328214983026e+02
1.017966081701772652e+02
7.708862836326677836e+01
5.674106711974246053e+01
9.009535678581066520e+01
1.187911716066607255e+02
5.828501567057254817e+01
9.887480084541118686e+01
7.454776122545754902e+01
1.038744178672336176e+02
8.402371710883728895e+01
7.058228735353199568e+01
5.487051286295385921e+01
1.376960739924406596e+02
1.030073413457908060e+02
9.110376152106127279e+01
6.957290353733606025e+01
1.044348361905620521e+02
1.145976867399835726e+02
9.386049064111192308e+01
8.654537163808278422e+01
9.174837267790407225e+01
1.136272060173998426e+02
6.303856232742111843e+01
1.348265351355967994e+02
8.611178997194215867e+01
8.810346538465643107e+01
1.065709065900183816e+02
7.517954850011180667e+01
5.680816310043170603e+01
1.149918918852827403e+02
9.944428069894807720e+01
9.415683021624110438e+01
9.669863926967038026e+01
7.057090109952891055e+01
7.894753484372050423e+01
4.270739409403871178e+01
7.574186521517357562e+01
7.758388563360030332e+01
1.164258319995417992e+02
1.022969886076067496e+02
9.647657580332517568e+01
8.674761294552040169e+01
7.757965573299344442e+01
9.651222192827934521e+01
1.007720502564802558e+02
1.143110118146092447e+02
7.449882843290168921e+01
7.467042478933340988e+01
7.241135920853874097e+01
9.381039528412682671e+01
6.305062501829172561e+01
4.899275828689226131e+01
8.832150410254229200e+01
1.017109112140575036e+02
8.369187781528729886e+01
1.162583138669054108e+02
9.114584587841710572e+01
1.050193933297566531e+02
1.098533366828205544e+02
1.171561671668626730e+02
1.059910226228944481e+02
6.620417820228743722e+01
7.797283171001275548e+01
9.948507285496374664e+01
7.140412018702259900e+01
1.343107900479471937e+02
9.355265215110685517e+01
6.460791462213857983e+01
9.020305899078834955e+01
7.939702200168055413e+01
1.523303562082938640e+02
9.195821342693730571e+01
8.994726862113255095e+01
6.356218425502890312e+01
8.652418069211991281e+01
4.850838117558745211e+01
7.705811329576947344e+01
8.143191466321934513e+01
8.447063365760151044e+01
7.724872817316774842e+01
7.536653116896137306e+01
6.753349326842972289e+01
9.111786509614285023e+01
7.507662265806091284e+01
1.106406704400628627e+02
8.028097145220870345e+01
5.495873807468601058e+01
8.239692041333235295e+01
1.140919932450680960e+02
7.665638531679641687e+01
1.132702314531775301e+02
8.175992678593857477e+01
7.686185739845116416e+01
1.053315788246539029e+02
9.183676780854962374e+01
6.883475557470181627e+01
1.100343705076744101e+02
1.192677289510711915e+02
9.232150007076546672e+01
1.058433047689253783e+02
4.474014362225172192e+01
9.998259189308583927e+01
5.716800138523859687e+01
5.475254381821362415e+01
7.613823157889356708e+01
8.522892148293416881e+01
8.532453703114258303e+01
7.326516764981430185e+01
1.086247100530105882e+02
1.225935458092852457e+02
9.261194383779698569e+01
9.924461284706372055e+01
1.150649727614940190e+02
9.872824181363017715e+01
9.296734424270231045e+01
9.262121547417767431e+01
7.928150344021912588e+01
1.071790284492597607e+02
6.786740776599171454e+01
6.596807380000976195e+01
7.538510843949688933e+01
9.154574386566496003e+01
8.002752864625634288e+01
6.062069042894754745e+01
5.905033383925660218e+01
6.695244816497853435e+01
9.868485708663422429e+01
6.409066569616091158e+01
9.529837687185458606e+01
9.763739464812714175e+01
5.710156248083770691e+01
9.551622400884798481e+01
5.966292995176897307e+01
6.370652728430948741e+01
6.133376982247330744e+01
1.074499308444876675e+02
1.330193386609377058e+02
5.582101202457621980e+01
8.291147010802563955e+01
8.778360106523318507e+01
1.038724638297206013e+02
6.398884672487355374e+01
1.358138821688879148e+02
1.066574910047565368e+02
6.185164472807030478e+01
8.911671773712802747e+01
1.139653809570209120e+02
8.663469309352019820e+01
6.619253309460717105e+01
6.985234255852964225e+01
5.889450797393418924e+01
6.154306951634979583e+01
1.071114580805371048e+02
9.176184259441650681e+01
1.058196298165346008e+02
7.754224854235785358e+01
6.028813933874328512e+01
9.686702441841221400e+01
7.040924677081528671e+01
4.509025123959821002e+01
6.255827443921536002e+01
8.102344866327851491e+01
7.191453347502864801e+01
5.354824830913408107e+01
6.165623087840794625e+01
1.181873938864953857e+02
7.911090033566486568e+01
1.034292831754790711e+02
1.222082987917580112e+02
7.526876122655237111e+01
6.599587944505510961e+01
7.967298076291547204e+01
4.441498085003816243e+01
1.463882748830633886e+02
6.172303612730183886e+01
8.910203278470176258e+01
6.566307696015356044e+01
6.792602800459638956e+01
7.715429449145162266e+01
7.915742493741824148e+01
6.681979278105099240e+01
8.130781169001376441e+01
1.008923182420982130e+02
4.292854404547876612e+01
4.213824569624819816e+01
9.162876664272506844e+01
6.660309261943409354e+01
7.433709696383721166e+01
6.955161219689091467e+01
1.084438402781618009e+02
7.524580607233710339e+01
4.755218963711179470e+01
8.084772961796545587e+01
7.893275948554256161e+01
9.609171129907139175e+01
4.849893139455542723e+01
5.739405884448386530e+01
4.729606841770302594e+01
6.176397637051665157e+01
9.144029134144410875e+01
7.189159169116020109e+01
1.056851272986584291e+02
6.905995920111604391e+01
1.113242378157343637e+02
1.200958900851745028e+02
7.993598057709360205e+01
9.933676885222149622e+01
1.016404067000404012e+02
9.434094839464505355e+01
7.089799482269725672e+01
7.165087170134417249e+01
5.575812522182441455e+01
1.787500052276341194e+02
6.484388845718886785e+01
9.842104888782074568e+01
7.205637294401911674e+01
6.287362057473568910e+01
1.063592428531101461e+02
5.525752839401061323e+01
1.308017428830007134e+02
1.130498723396062388e+02
7.949342096357153764e+01
6.985737130426461761e+01
5.960726862485583410e+01
6.967438462244292907e+01
9.828689700611630542e+01
1.042097219088013844e+02
8.879635552724518277e+01
4.590283189702958566e+01
8.378110771375033039e+01
4.803240718373755413e+01
7.530627617917554062e+01
9.366807146660801209e+01
1.260238841823150580e+02
6.054302852089913500e+01
1.091178363913020917e+02
1.082908517854073267e+02
1.016107599173136151e+02
1.294276311931830890e+02
5.509957604002782006e+01
6.009266401004730085e+01
8.293634034703636360e+01
9.457968032132733072e+01
6.292148988247483032e+01
8.833310970326058964e+01
7.614697089683170361e+01
5.702710172024242041e+01
9.048922948810736955e+01
8.627695407837656205e+01
6.812928884249505757e+01
1.009179227206144134e+02
7.870550260979258894e+01
1.091798112221452612e+02
1.006360407395179664e+02
7.313257829248875908e+01
7.248373562038658235e+01
4.320423417607390348e+01
7.156724685996987034e+01
9.018179097146648360e+01
6.540902593012846467e+01
1.040107035851756052e+02
9.866074301066802832e+01
1.114855247723175040e+02
6.770338263274534540e+01
6.712637481000523110e+01
8.152118955484949936e+01
6.363222552191208337e+01
7.963407826943665668e+01
6.231430600957637012e+01
7.826265458276712650e+01
9.070880893480074292e+01
5.790393001554268437e+01
1.163173028353364771e+02
6.842280656487558588e+01
1.083977606160560327e+02
6.630363078775614838e+01
7.028571926703183692e+01
1.120192215304739136e+02
6.067934941079364108e+01
8.582718999137615867e+01
5.968159766242228415e+01
8.253985349587082965e+01
1.284242339844036565e+02
1.170917488859726774e+02
1.044337159913719972e+02
7.793415220396286713e+01
6.119020350320406010e+01
9.133044595172025026e+01
8.247135282464456907e+01
8.426550012334152484e+01
1.081523056992196814e+02
8.989200890848948688e+01
7.444550029714778816e+01
8.666392065931908917e+01
5.399783897115779752e+01
9.213766276708710734e+01
5.228811872696719831e+01
9.344694749638368592e+01
1.135164422855773836e+02
8.574590443445910637e+01
8.865732105100843796e+01
1.134716858794876515e+02
1.393244872727572954e+02
7.549389116839232372e+01
5.805237375075228101e+01
8.756974540554395503e+01
5.666029015471426078e+01
4.092440999584030692e+01
9.789287591949161538e+01
1.271948232705444326e+02
9.482136460576931825e+01
7.059440785917395544e+01
7.121455842840094874e+01
6.072531480886539867e+01
6.289261406272470367e+01
6.117083330073369751e+01
6.087982247090346277e+01
1.113212592947634931e+02
6.052744325205491549e+01
8.486035948422698993e+01
9.117578723512245631e+01
5.504297023556389945e+01
8.678403101938674524e+01
6.562276679535177948e+01
8.819962572685713553e+01
7.515597458074394410e+01
7.915681473388383438e+01
1.144238119167110170e+02
4.370872340470035766e+01
5.059348967564659461e+01
1.015975751242941243e+02
6.297554482089059746e+01
1.005730251070438612e+02
8.615861916035105139e+01
9.513883516070953306e+01
8.110943569933600372e+01
5.887494759556019375e+01
5.413401803546952351e+01
1.277793009646569402e+02
7.489225617449064032e+01
