1.00
1.00
439.25
439.25
439.25
439.25
439.25
432.93
432.93
432.93
432.93
432.93
432.93
432.93
432.93
432.93
432.93
432.93
432.93
432.93
432.93
432.93
432.93
432.93
432.93
432.93
432.93
432.93
432.93
432.93
432.93
432.93
432.93
432.93
432.93
432.93
432.93
432.93
432.93
432.93
432.93
432.93
432.93
432.93
432.93
432.93
432.93
432.93
432.93
432.93
432.93
432.93
432.93
432.93
432.93
432.93
432.93
432.93
432.93
432.93
432.93
432.93
432.93
432.93
432.93
432.93
432.93
432.93
432.93
432.93
432.93
432.93
432.93
432.93
432.93
432.93
432.93
432.93
432.93
432.93
432.93
432.93
432.93
432.93
432.93
432.93
432.93
432.93
432.93
432.93
432.93
432.93
432.93
432.93
432.93
432.93
432.93
432.93
432.93
432.93
432.93
432.93
432.93
432.93
432.93
432.93
432.93
432.93
432.93
432.93
432.93
432.93
432.93
432.93
432.93
432.93
432.93
432.93
432.93
432.93
432.93
432.93
432.93
432.93
432.93
432.93
432.93
432.93
432.93
432.93
432.93
443.45
443.45
443.45
441.70
440.70
440.70
440.70
440.40
440.40
440.40
440.40
439.32
434.01
434.01
429.29
429.29
429.29
429.29
429.29
429.29
429.29
429.29
429.29
429.29
429.29
429.29
429.29
429.29
429.29
429.29
429.29
429.29
429.29
429.29
429.29
429.29
429.29
429.29
429.29
429.29
429.29
429.29
429.29
429.29
429.29
429.29
429.29
429.29
429.29
429.29
429.29
429.29
429.29
429.29
429.29
429.29
429.29
429.29
427.77
427.77
427.77
427.77
427.77
427.77
427.77
427.77
427.77
427.77
427.77
427.77
427.77
427.77
427.77
427.77
427.77
427.77
427.77
427.77
427.77
427.77
427.77
427.77
427.77
427.77
427.77
427.77
427.77
427.77
427.77
427.77
427.77
427.77
427.77
427.77
427.77
427.77
427.77
425.44
425.44
425.44
424.65
424.65
424.65
424.65
424.65
425.75
425.75
425.75
425.75
425.75
