437.85
437.85
437.85
437.85
437.85
437.85
437.85
437.85
437.85
437.85
433.10
433.10
433.10
433.10
433.10
433.10
433.10
433.10
433.10
433.10
433.10
433.10
433.10
433.10
433.10
433.10
433.10
433.10
433.10
433.10
433.10
433.10
433.24
433.24
433.24
433.24
433.24
433.24
433.24
433.24
433.24
433.24
433.24
433.24
433.24
433.24
433.24
428.63
428.63
428.63
432.58
432.58
432.58
432.58
432.58
432.58
433.77
433.77
433.77
433.77
433.77
433.77
433.77
435.12
435.12
435.12
435.12
435.12
435.12
436.06
436.06
436.06
436.06
436.06
436.06
435.16
432.99
432.99
432.99
432.99
433.75
428.59
428.59
428.59
428.59
428.59
428.59
428.59
428.08
428.08
428.08
428.08
425.06
425.06
425.06
425.06
425.06
425.06
425.06
425.06
425.06
425.06
425.06
425.06
425.06
425.06
425.06
422.37
422.37
422.37
422.37
424.94
424.94
424.94
424.94
424.94
424.94
424.94
424.94
424.94
424.94
424.94
424.94
424.94
424.94
424.94
424.94
424.94
424.94
424.94
424.94
424.94
424.94
424.94
437.21
434.63
425.82
425.82
425.82
424.95
424.95
424.61
424.61
424.61
424.61
424.61
424.61
424.61
424.61
424.18
424.18
424.18
422.21
422.21
422.21
422.21
422.21
422.21
422.21
422.21
422.21
422.21
422.21
422.21
422.21
422.21
422.21
422.21
422.21
422.21
422.21
422.21
422.21
422.21
422.21
422.21
422.21
422.21
422.21
422.21
422.21
422.21
422.21
422.21
422.21
422.21
422.21
422.21
422.21
422.21
422.21
422.21
422.21
422.21
422.21
422.21
422.21
422.21
422.21
422.21
422.21
422.21
422.21
422.21
422.21
422.21
422.21
422.21
419.51
419.51
419.51
419.51
419.51
419.02
419.02
419.02
419.02
419.02
419.02
419.02
419.02
419.02
419.02
419.02
419.02
419.02
419.02
419.02
419.02
419.02
419.02
419.02
419.02
419.02
419.02
419.02
