447.09
440.69
440.69
440.69
440.69
440.69
440.69
440.69
440.69
441.50
441.50
441.50
440.51
440.51
440.51
440.51
441.01
441.01
441.01
441.01
441.01
441.01
441.01
441.01
441.01
441.01
441.01
441.01
441.01
441.01
441.01
441.01
441.01
441.01
441.01
441.01
441.01
441.01
437.67
437.67
437.67
437.67
437.67
437.67
437.67
437.67
437.67
437.67
437.67
437.67
437.67
437.67
437.67
437.67
437.67
437.67
437.67
437.67
437.67
437.67
437.67
437.67
437.67
437.67
437.67
437.67
437.67
437.67
437.67
437.67
437.67
437.67
437.67
438.71
438.71
438.71
437.24
436.56
436.56
436.56
436.56
436.56
436.56
433.27
433.27
433.27
433.27
433.27
433.27
433.27
433.27
433.27
433.27
433.27
433.27
433.27
433.27
433.27
432.46
432.46
432.46
432.46
432.46
432.46
432.46
432.46
432.46
432.46
432.46
432.46
432.46
432.46
432.46
432.46
432.46
432.46
433.79
433.79
433.79
433.79
433.79
433.79
433.79
433.79
433.79
433.79
433.79
435.53
435.53
435.66
438.13
438.13
438.13
438.13
438.13
438.13
438.13
438.13
438.13
438.13
438.13
438.13
436.00
434.62
434.62
434.62
434.62
434.17
429.96
429.96
429.96
429.96
429.96
429.96
429.96
429.96
429.96
429.96
429.96
429.96
429.96
429.96
429.96
429.96
429.96
429.96
429.96
429.96
429.96
429.96
429.96
429.96
429.96
429.96
429.96
429.96
429.96
429.96
429.96
428.67
428.67
428.67
428.67
428.67
428.67
430.19
430.19
430.19
430.19
430.19
430.19
430.19
430.19
430.19
430.19
430.19
430.19
430.19
430.19
430.19
430.19
430.19
430.19
428.31
428.31
428.31
428.31
428.31
428.69
428.69
428.69
428.69
428.69
428.69
428.69
428.69
428.69
428.69
428.69
430.23
430.23
430.23
430.23
430.23
430.23
430.23
430.23
430.23
430.23
430.23
430.23
430.23
430.23
430.23
430.23
430.23
423.53
423.53
423.53
423.53
423.53
423.53
