440.08
440.08
440.08
440.08
432.05
432.05
432.05
427.79
427.79
427.79
427.79
427.79
427.79
427.79
427.79
427.79
427.79
427.79
427.79
427.79
427.79
427.79
427.79
427.79
427.79
427.79
427.79
427.79
427.79
427.79
427.79
427.79
427.79
427.79
427.79
427.79
427.79
427.79
427.79
427.79
427.79
427.79
427.79
427.79
427.79
427.79
427.79
427.79
427.79
427.79
427.79
427.79
427.79
427.79
427.79
427.79
427.79
427.79
427.79
427.79
427.79
427.79
427.79
427.79
427.79
427.79
427.79
427.79
427.79
427.79
427.79
427.79
427.79
427.79
427.79
427.79
427.79
427.79
427.79
427.79
427.79
427.79
427.79
427.79
427.79
427.79
427.79
427.79
427.79
427.79
427.79
427.79
427.79
427.79
427.79
427.79
427.79
427.79
427.79
427.79
427.79
427.79
427.79
427.79
427.79
427.79
427.79
427.79
427.79
427.79
427.79
427.79
427.79
427.79
427.79
427.79
427.79
427.79
427.79
427.79
427.79
427.79
427.79
427.79
427.79
427.79
427.79
427.79
427.79
427.79
427.79
427.79
427.79
427.79
427.79
427.79
427.79
427.79
427.79
427.79
427.79
427.79
427.79
427.79
427.79
427.79
427.79
427.79
427.79
427.79
427.79
427.79
427.79
427.79
427.79
427.79
427.79
427.79
427.79
427.79
427.79
427.79
427.79
431.45
431.45
431.45
431.45
431.45
431.45
431.45
431.45
431.45
431.45
431.45
431.45
431.45
431.45
431.45
431.45
431.45
431.45
431.45
426.64
426.64
426.64
426.64
426.64
426.64
426.64
426.64
426.64
426.64
426.64
426.64
426.64
426.64
426.64
426.64
426.64
426.64
426.64
426.64
426.64
426.64
426.64
426.64
426.64
426.64
426.64
426.64
426.64
426.64
425.38
425.38
425.38
425.38
425.38
425.38
425.38
425.38
425.38
425.38
425.38
425.38
425.38
425.38
425.38
425.38
425.38
425.38
425.38
425.38
425.38
425.38
425.38
425.38
425.38
425.38
425.38
425.38
