-4.071358000790000006e+03
-4.638826927240000259e+03
-4.062956530479999856e+03
-3.174588594540000031e+03
-4.989179503069999555e+03
-3.324493791320000128e+03
-3.642771620859999985e+03
-3.617339067079999950e+03
-5.042363254910000251e+03
-2.266146767589999854e+03
-1.931859379689999969e+03
-4.237689675059999900e+03
-4.492554879919999621e+03
-5.825268021580000095e+03
-2.133899693949999801e+03
-8.582359963950000292e+02
-4.940802524579999954e+03
-4.448903751519999787e+03
-4.785181035509999674e+03
-6.457990800319999835e+03
-3.280993824480000058e+03
-2.477013000039999952e+03
-4.761930809430000409e+03
-4.186811895679999907e+03
-5.231229824259999987e+03
-5.470688069689999793e+03
-4.850011811909999778e+03
-3.002477684120000049e+03
-5.723916869560000123e+03
-5.543375665470000058e+03
-5.324545191580000392e+03
-5.547808674830000200e+03
-5.224770744149999700e+03
-3.107828378459999840e+03
-4.399199853099999928e+03
-5.716002630650000356e+03
-5.720016155979999894e+03
-5.703160905900000216e+03
-5.599655528350000168e+03
-5.503901282939999874e+03
-5.319051018649999605e+03
-5.721048262299999806e+03
-5.594085001989999910e+03
-2.944667606770000020e+03
-4.571114051690000451e+03
-3.115047260660000120e+03
-2.317463188040000205e+03
2.095677545499999894e+02
5.627338481929999716e+02
-1.515408607399999994e+02
-5.619426194960000430e+03
-5.610515091780000148e+03
-5.728413541169999917e+03
-5.695182679669999743e+03
-5.728330257139999958e+03
-5.622127152539999770e+03
-5.505778849719999926e+03
-5.529924336240000230e+03
-5.535592667390000315e+03
-5.878513172089999898e+03
-2.885468728320000082e+03
-4.337014326129999972e+03
-3.851211238609999782e+03
-2.367342981230000078e+03
-9.086662900720000380e+02
1.758275599339999928e+01
5.082779959370000000e+01
-5.728960991140000260e+03
-5.716516520119999768e+03
-5.726339616019999994e+03
-5.699583007850000286e+03
-5.723751512009999715e+03
-5.682904649649999556e+03
-5.660454911920000086e+03
-5.543141729650000343e+03
-5.463259767669999746e+03
-5.557374198810000053e+03
-6.661190742810000302e+03
-3.547154574130000128e+03
-4.035335241809999843e+03
-2.581650346569999783e+03
-2.110545530979999967e+03
-1.061920011239999894e+03
-4.023237392880000129e+01
-1.626772045730000116e+02
-5.684226628159999564e+03
-5.737129187339999589e+03
-5.761209245340000052e+03
-5.747117872859999807e+03
-5.483419677910000246e+03
-5.725435435819999839e+03
-5.585804370279999603e+03
-5.531032089250000354e+03
-5.279955770859999575e+03
-5.095818488779999825e+03
-7.027092336300000170e+03
-3.409884410789999947e+03
-3.721734172080000008e+03
-2.303423939299999802e+03
-1.203843640900000082e+03
-1.577955249399999957e+03
5.391003275949999534e+02
-5.315192156650000470e+02
-5.106496464040000319e+03
-5.604344712699999945e+03
-5.295903716650000206e+03
-5.532821056859999771e+03
-5.377338991859999624e+03
-5.489087209039999834e+03
-5.338266798689999632e+03
-5.347490276200000153e+03
-5.170529687690000173e+03
-4.942587018109999917e+03
-5.959637047090000124e+03
-3.881956518469999992e+03
-3.630376334579999821e+03
-1.513352437419999887e+03
5.467912678649999947e+01
-1.363138634689999890e+03
2.329400250500000169e+01
1.245126707740000029e+03
-4.229299254169999585e+03
-6.709824608910000165e+01
1.741716550209999923e+02
2.338949835740000083e+02
2.391543416060000027e+02
3.006004958450000117e+02
2.736769055170000229e+02
-2.779410987649999925e+02
-1.883919394009999905e+03
-2.491185106070000074e+03
-3.122208611779999956e+03
-3.509895421319999969e+03
-4.223442583160000140e+03
-4.491321222859999580e+03
-5.293233229939999546e+03
-4.754194912889999614e+03
-5.004473371160000170e+03
-4.993076626170000054e+03
-4.602160694199999853e+03
-6.041307122270000036e+03
-3.755646345690000089e+03
-3.130518354110000018e+03
-1.325392973320000010e+03
5.934959582779999891e+02
-1.041786594850000029e+03
-3.095170480330000018e+01
-1.600367410090000021e+03
-4.507126457889999983e+03
-3.857494855960000223e+03
-2.912952607700000044e+03
-5.744068742059999977e+01
1.865155594729999962e+02
2.646780885750000039e+02
2.714004879010000195e+02
3.167987331929999755e+02
3.677296865129999901e+02
-2.366584032499999921e+02
-4.829933075600000052e+02
-9.676914727109999603e+02
-1.557513439139999946e+03
-2.145946465380000063e+03
-2.299859884720000082e+03
-2.449861669630000051e+03
-3.910816069590000097e+03
-2.925962755879999804e+03
-3.976372690170000169e+03
-2.925937680149999778e+03
-3.599062234590000116e+03
-3.593887596890000168e+03
-3.746791580420000173e+03
-5.242521816669999680e+03
-1.833357034789999943e+03
-1.094584475220000058e+03
-1.598733019130000059e+02
4.137766983120000077e+02
-8.229354686699999775e+02
4.245979632410000022e+02
-1.306640515009999945e+03
-4.831059397979999630e+03
-3.986209979960000055e+03
-1.522156050560000040e+03
-7.785104137010000613e+01
1.733375513759999933e+02
2.897653035060000093e+02
3.085100950679999983e+02
3.472742242799999985e+02
3.671328601289999938e+02
3.160159086009999783e+02
3.666969818079999754e+02
-3.753402443200000160e+00
-1.143194181310000062e+02
-4.252253468279999993e+02
-5.545090247030000228e+02
-1.172328011110000034e+03
-1.778228695530000095e+03
-1.846837097099999937e+03
-1.876665093190000107e+03
-3.102724132209999880e+03
-2.485556329160000132e+03
-2.382306429090000165e+03
-3.301918007369999941e+03
-2.333991913639999893e+03
-3.224651537100000041e+03
-4.068744742660000156e+03
-3.036704820150000160e+03
-1.329759974659999898e+03
-1.581258570069999905e+03
8.669368130130000054e+02
5.296828729000000457e-01
-8.327839937889999646e+02
1.011047193780000043e+03
-3.276130532900000247e+01
-4.608778316850000010e+03
-3.133530554049999864e+03
-3.417533221240000216e+02
-7.269334084380000149e+01
9.560140799440000592e+01
3.158183692449999853e+02
2.616902061619999813e+02
3.333290481199999817e+02
3.854378526969999825e+02
2.745181291800000167e+02
2.930814944310000101e+02
3.326143121650000012e+02
-2.676657521170000109e+01
-3.581650924030000169e+02
-4.244435383200000160e+02
-5.799073878420000483e+02
-5.847510557370000015e+02
-1.361235090050000053e+03
-1.605213526539999975e+03
-1.791901676480000106e+03
-2.522246416819999922e+03
-2.291536081870000089e+03
-2.180338462600000184e+03
-2.512674746640000194e+03
-3.521379898239999875e+03
-3.689043266730000141e+03
-2.895399915829999827e+03
-1.187298205849999931e+03
-1.277717532789999950e+03
1.444009603300000038e+02
-6.586238682969999445e+02
-1.742704443280000078e+03
6.688195020230000409e+02
-7.031484535340000548e+02
-4.798752694679999877e+03
-2.312250546400000076e+03
-8.967744260639999538e+02
-1.414311340709999968e+03
-3.842013961870000003e+03
-3.148543142240000066e+02
1.099642472310000052e+01
1.464736795990000076e+02
2.865361196310000196e+02
2.868432875340000123e+02
3.089605717570000252e+02
3.073490132530000096e+02
3.319392156719999889e+02
4.271141123329999800e+02
4.005794060040000204e+02
3.706606467080000016e+02
4.089200147799999741e+02
4.097330701220000151e+02
4.556649674199999822e+02
4.081095273959999759e+02
-3.543045292960000126e+01
-1.012616070029999946e+02
-1.808732115239999985e+02
-2.508004842189999977e+02
-2.561262679370000228e+02
-2.575808692420000057e+02
-4.880807938620000073e+02
-7.463188130839999985e+02
-1.607450630790000105e+03
-2.353415354790000038e+03
-2.404179219879999891e+03
-2.051826739340000131e+03
-2.230781471870000132e+03
-3.459775541580000208e+03
-3.326635820129999956e+03
-2.221179042230000050e+03
-1.148275897179999902e+03
-1.524457353940000075e+03
-7.752492493009999635e+02
-1.959999239570000100e+03
-2.344686500450000040e+03
6.049827702989999807e+02
-1.379867967859999908e+03
-5.051111386259999563e+03
-2.866717972120000013e+02
-6.551662794500000331e+00
-4.335627116979999869e+02
-4.470471900880000248e+03
-2.771866698700000143e+03
-3.946868505529999993e+01
-3.568774667329999772e+01
1.646896512810000104e+02
3.021055343279999761e+02
3.533676157209999928e+02
3.855628302100000155e+02
3.795074074060000271e+02
4.342614030220000245e+02
4.295370615510000221e+02
4.269187307509999982e+02
4.170448940940000284e+02
4.872576647050000247e+02
4.080635951990000194e+02
4.168388301470000101e+02
4.022521610590000023e+02
8.846974549900000540e+00
-1.705843405439999927e+01
-3.240933524830000323e+01
-6.919193353910000610e+01
-8.943658584889999474e+01
-3.794540537769999844e+01
-2.802936459760000076e+01
-5.848442151399999744e+01
-2.363632763010000133e+02
-4.214283421139999746e+02
-1.068952952999999980e+03
-2.229709493809999913e+03
-1.885119078209999998e+03
-2.086801627440000175e+03
-2.206294956289999845e+03
-3.128232346599999801e+03
-3.353994989809999879e+03
-2.107191627740000058e+03
-1.359264938230000098e+03
-4.281717010859999846e+02
-1.532448723409999957e+03
-2.601051559429999998e+03
-2.819287409819999993e+03
7.973218578519999937e+02
1.806814328060000037e+02
-3.563339079240000046e+03
-1.677378433929999915e+02
-2.204322971520000010e+03
-1.881161968280000110e+03
-1.776304549720000068e+03
-1.250215873019999890e+03
-4.822596993590000238e+03
-4.104035932040000262e+03
-2.215332337670000015e+03
-4.906154195820000297e+01
1.179550519800000030e+00
2.338451227170000095e+02
3.407184787780000192e+02
3.982937807750000161e+02
4.180716097200000263e+02
4.028976975990000255e+02
4.411675557199999957e+02
4.171184310809999829e+02
4.633567881789999774e+02
4.134524086810000085e+02
4.010590901169999825e+02
3.880958879770000181e+02
4.170529206009999825e+02
1.836127399960000162e+01
8.509838735700000711e+00
-3.432695951599999962e+00
-1.923100207410000095e+01
-4.413330565489999913e+01
-5.860855748550000044e+01
-3.210663021420000263e+01
-2.476675013899999911e+01
-5.135521795100000020e+01
-7.292599685759999772e+01
-4.118223669489999850e+01
-1.791069570150000061e+02
-3.580856225269999982e+02
-2.720800155719999935e+01
-2.893607147089999998e+01
-9.390019355780000296e+02
-1.891828677440000092e+03
-1.918405633059999900e+03
-2.204612716099999943e+03
-1.833925252499999942e+03
-1.280567177030000039e+03
-3.055333148720000054e+02
-2.177382627429999957e+03
-3.066935466999999790e+03
-3.146998719050000091e+03
-7.115030735249999907e+02
-1.387732918960000006e+03
-2.452280094700000063e+03
-1.217842003149999982e+03
-2.788389187079999829e+03
-1.654538057570000092e+03
-2.670350436820000141e+03
-2.068423410330000024e+03
-5.031751139629999670e+03
-4.658835365969999657e+03
-3.711024348710000140e+03
-2.327287632240000221e+03
-5.293218992210000096e+01
3.662216228119999784e+01
2.837029870439999968e+02
2.780051875379999728e+02
3.093558906409999736e+02
4.332602582509999820e+02
4.816402506659999858e+02
4.148570930689999727e+02
4.999754232770000044e+02
4.538404217610000160e+02
4.128545762589999981e+02
3.671614282549999757e+02
4.649033157659999915e+02
3.830983372890000282e+02
4.878518789820000165e+02
2.579453674189999788e+02
1.692278141049999931e+02
8.382801044379999666e+01
5.364104942099999818e+01
9.691798526830000071e+01
2.883600013559999908e+01
-1.493742872840000047e+01
-1.125393499790000007e+01
-1.793869092379999941e+01
-4.879853277750000018e+01
-3.759784209349999884e+01
-7.081382364930000506e+01
-7.769306504390000612e+01
-2.350712006239999994e+02
-4.273808784999999943e+02
-5.129283368010000004e+02
-6.331115927810000130e+02
-1.108369908249999980e+03
-1.088561348380000027e+03
-1.114113157340000043e+03
-2.085713630339999781e+03
-6.801151603660000546e+02
-9.411602489709999873e+02
-2.776867635860000064e+03
-3.177805720440000186e+03
-3.302357642420000047e+03
-1.795129098299999896e+03
-7.259525567890000275e+01
-2.614322542760000033e+03
-2.179050488440000208e+03
-3.260043125499999860e+03
-1.902560529600000109e+03
-4.939846113880000189e+02
1.565410861640000064e+02
-1.319379484800000002e+00
-5.194060044079999898e+03
-5.208454926510000405e+03
-4.872630723020000005e+03
-4.121269779039999776e+03
-2.729161298890000126e+03
-5.235964914609999710e+01
-1.479452349800000066e+00
2.260430481330000134e+02
2.568272982049999769e+02
3.435647063499999945e+02
3.774894394649999754e+02
4.047713080199999922e+02
4.383618939790000013e+02
3.603481888590000040e+02
4.382225223400000118e+02
3.718835953490000179e+02
4.016106207899999845e+02
3.797142746089999719e+02
4.583931760400000144e+02
4.830581070729999738e+02
4.381449242630000072e+02
5.439867598839999800e+02
5.347641938839999511e+02
5.126114988670000230e+02
2.807318462490000002e+02
2.293543536669999980e+02
1.830921539020000068e+02
8.086389525670000467e+01
1.002074877489999949e+02
1.555589095370000052e+02
1.544351801800000032e+02
1.811753362039999971e+01
1.278523798460000052e+02
1.777313965600000074e+02
-3.740475234899999890e+00
-3.215397683279999796e+01
-5.207919654660000219e+01
-8.866648003919999610e+01
-3.759202977699999781e+00
-1.080493134379999987e+02
-3.216354712190000100e+02
-4.279794252500000198e+02
-5.068672931720000179e+02
-5.298129977099999905e+02
-5.196648831950000158e+02
-4.232838832950000096e+02
-1.176644506070000034e+03
-1.090526363660000015e+02
-9.546774166860000150e+02
-2.595416625480000221e+03
-3.135078625720000218e+03
-3.339299763749999784e+03
-3.336895206589999816e+03
2.007905003630000067e+02
-3.730579355800000030e+03
-3.273331871649999812e+03
-3.876461995040000147e+03
-2.632918626520000089e+03
-1.548031221259999938e+03
-3.553548326199999792e+03
1.512033785129999899e+02
1.068797979060000003e+01
-4.413280620020000242e+03
-5.345260738040000433e+03
-5.221072929519999889e+03
-5.171458416049999869e+03
-4.460877656050000041e+03
-3.110061731499999951e+03
-8.016935736720000705e+01
-7.774325020320000590e+01
1.589947283470000059e+02
2.288052138799999966e+02
2.660839190579999922e+02
3.922680104209999854e+02
3.559610311320000164e+02
2.885529654970000024e+02
3.594569374690000245e+02
4.053334491379999918e+02
4.049212399869999786e+02
3.950395011659999795e+02
4.425089997719999815e+02
4.589531746860000112e+02
4.303282387950000043e+02
5.556442313009999907e+02
5.349063428370000111e+02
5.123910923309999816e+02
4.914226937469999825e+02
4.445590756280000164e+02
4.893098069889999806e+02
3.137055214920000026e+02
2.937532114580000098e+02
2.454416552419999960e+02
1.948093479919999993e+02
1.151758467960000019e+02
1.059512421579999994e+02
1.818793428220000123e+02
2.022947493549999933e+02
1.045368551690000061e+02
9.804827600059999781e+01
7.108923190100000511e+01
2.015735639849999927e+01
-6.436047755299999729e+00
-1.709020691399999947e+01
-1.651523768379999879e+01
-8.635234006570000531e+01
-4.862247672739999871e+01
-2.097857892199999981e+02
-2.813435759600000097e+02
-4.251753629359999991e+02
-4.612166797979999728e+02
-7.528317392850000545e+01
-1.021125260489999960e+02
-6.793043947999999546e+02
-2.143829474390000087e+03
-8.875429926200000708e+00
2.830936454660000123e+01
-2.181747728289999941e+03
-3.114845876580000095e+03
-3.305937363989999994e+03
5.193136756559999867e+01
-2.993965513269999974e+03
-3.496414275139999972e+03
-3.717757100150000042e+03
-3.935174148890000197e+03
-3.066115821020000112e+03
-2.657071480769999994e+02
9.925669483960000150e+01
-2.098438359299999775e+03
-5.413008653330000016e+03
-5.510359704120000060e+03
-5.262651807479999661e+03
-4.965774575690000347e+03
-4.415190808059999654e+03
-3.820844541360000221e+03
-1.013581387509999985e+02
-7.122092906550000180e+01
1.659918079779999971e+02
2.150308096219999925e+02
2.799871115860000259e+02
3.225198719759999904e+02
3.011769756709999797e+02
3.416400363980000066e+02
3.689501296689999776e+02
3.912850811359999739e+02
3.472656740180000270e+02
3.596994529959999909e+02
3.991678793440000277e+02
4.556360898649999740e+02
5.315594507009999461e+02
5.140737113879999924e+02
5.608583618010000009e+02
4.879093699809999976e+02
4.856807337399999938e+02
4.546853618239999832e+02
4.603248550029999819e+02
4.632637637749999726e+02
4.113203997289999734e+02
4.004953268909999906e+02
3.504140147379999917e+02
3.491657102020000139e+02
3.776574216829999955e+02
2.720937868240000057e+02
2.579234791929999915e+02
3.006923365590000117e+02
3.006339427400000091e+02
2.747978755400000068e+02
2.380901851609999937e+02
1.629021160430000066e+02
1.576522343000000035e+02
1.908582090049999920e+02
1.398327678349999985e+02
5.924666335149999696e+01
1.669246786189999909e+01
-8.999554868000000374e-01
-1.101479271800000070e+01
-2.730232712699999897e+00
-1.836446487279999928e+01
-3.204451877279999650e+01
-5.858097700609999947e+01
-7.825513357840000594e+01
-1.126875988970000009e+02
-2.031863332389999925e+02
-2.156599737049999987e+02
-2.063060056770000017e+02
-3.003045255210000164e+01
-1.457703244239999947e+02
-2.212436143879999975e+02
-1.487997783389999995e+03
-1.399483636509999997e+03
7.224750190240000336e+01
4.261380716699999880e+02
-1.978924782470000082e+03
-3.181445323429999917e+03
3.725755467660000164e+01
-2.247467094590000215e+03
-3.773296529270000065e+03
-3.918799730100000033e+03
-3.982693407790000037e+03
-3.377984826649999832e+03
8.557575881100000004e+00
-1.655344699779999928e+03
-4.080286065450000024e+03
-5.126546141300000272e+03
-5.697160648969999784e+03
-5.005027963020000243e+03
-5.012746074159999807e+03
-4.590990812340000048e+03
-3.485012130059999890e+03
-9.157877015920000474e+01
-2.710887427089999946e+01
1.318181273650000094e+02
2.093577549499999861e+02
3.020898194100000183e+02
3.058538860419999992e+02
3.378331628270000238e+02
2.955499094610000270e+02
3.381754666840000141e+02
3.909113526159999878e+02
4.115224587019999944e+02
4.640439632239999810e+02
4.560443914410000161e+02
4.829624534370000219e+02
5.269035121870000467e+02
4.506159797170000161e+02
4.650248222440000063e+02
4.911916335039999808e+02
4.507806336200000032e+02
4.605541154320000032e+02
4.650598480909999921e+02
4.507278281430000106e+02
4.790692752799999994e+02
4.330887231090000000e+02
4.157680096390000131e+02
3.772647275479999962e+02
3.314285272230000032e+02
2.990562492120000115e+02
2.919447998129999746e+02
2.656440096480000079e+02
2.870412008889999811e+02
2.872365658589999953e+02
2.838226946959999850e+02
1.983478077320000068e+02
1.357861200870000005e+02
1.602273334360000092e+02
1.162891670359999949e+02
3.657582866010000089e+01
1.087364649520000057e+02
1.224399655680000087e+01
1.289590408419999967e+01
6.182451811119999974e+01
-2.704078717089999984e+01
-2.356580897859999979e+01
-4.659998325570000333e+01
-9.278140379580000285e+01
-6.687387683830000640e+01
-1.128305351909999956e+02
-1.260739394659999988e+02
-1.860521627439999861e+02
-9.345849587589999885e+01
-1.198327478169999978e+02
-5.502881328419999818e+01
-9.835126699500000313e+02
-2.315789514569999938e+03
5.950960798699999721e+00
6.237049082739999903e+02
1.206352925420000020e+02
-3.358538485749999836e+03
6.389779425599999740e+01
-2.638502472210000178e+03
-3.864675720040000215e+03
-4.017981361709999874e+03
-3.135704057569999804e+03
-2.337309717579999869e+03
-2.467289771890000054e+02
-1.259602882189999946e+03
-4.789435554470000170e+03
-4.570222362460000113e+03
-5.364347539530000176e+03
-5.174094857009999942e+03
-5.529802484150000055e+03
-5.194535910720000174e+03
-5.009962622760000158e+03
-4.637971441659999982e+03
-3.810870908760000020e+03
-8.119982886139999323e+01
-2.407132481209999852e+01
1.104362527809999932e+02
2.158378201440000055e+02
2.577079093560000160e+02
2.386269571359999873e+02
3.205968127869999762e+02
2.952627165509999827e+02
3.467210395420000282e+02
3.110361221750000027e+02
3.628075029390000168e+02
4.121311129919999985e+02
4.332173845500000198e+02
4.589566002049999724e+02
4.572926728859999912e+02
4.034117255549999754e+02
4.765202041520000193e+02
5.075285935420000101e+02
4.449562048440000126e+02
4.625278640409999866e+02
4.553437168749999842e+02
4.780731571640000084e+02
4.441500021890000198e+02
4.317703028629999835e+02
4.164724556809999854e+02
4.046057865139999876e+02
3.862150262870000006e+02
3.593343269690000170e+02
3.388853073299999892e+02
3.117153185619999931e+02
3.022289075479999951e+02
3.189736029509999753e+02
2.709328199820000123e+02
2.671016546889999859e+02
1.476180445930000076e+02
1.963284447929999885e+02
1.271654142510000014e+02
5.550932672870000317e+01
8.536731013089999465e+01
5.513859341660000268e+01
7.837417756829999860e+01
1.741978980660000076e+01
4.332971126260000005e+01
1.239305485459999971e+02
-1.060752587380000023e+01
-6.137801133539999654e+01
-7.511255882829999564e+01
-6.663319119230000354e+01
-1.224337262610000039e+02
-7.851335010459999353e+01
-9.223277208780000080e+01
-1.202922352509999939e+02
-3.364078720449999764e+02
-6.066144506599999886e+02
-1.394217574389999982e+03
-2.309865375859999858e+03
1.104602182729999953e+02
5.700385096310000108e+02
-2.347127877469999930e+03
2.957228142170000140e+01
-4.121548075949999657e+03
-3.854010338999999931e+03
-4.085709390229999826e+03
-3.453213958100000127e+03
-3.389655121539999982e+03
-2.865063588710000204e+03
-3.651079802740000105e+03
-4.667977478840000003e+03
-4.813307069980000051e+03
-5.545492243089999647e+03
-4.949520993039999667e+03
-5.517476945809999961e+03
-5.351901757309999994e+03
-5.145594480079999812e+03
-4.741458009070000116e+03
-4.047333848220000164e+03
-1.534567574010000044e+02
-6.604984218500000281e+00
9.774918284909999500e+01
1.461181840939999859e+02
1.598530701530000044e+02
1.833203304109999863e+02
2.000157516790000045e+02
2.002508175849999930e+02
2.509457762170000024e+02
2.889761048739999865e+02
3.159412910670000088e+02
4.434693541510000045e+02
4.278351465640000129e+02
4.241631315710000081e+02
4.331538085750000278e+02
3.626819824359999984e+02
3.919102563260000238e+02
4.691735734050000133e+02
3.968628472560000091e+02
4.236735365709999996e+02
4.583311750870000196e+02
4.628150863280000067e+02
4.380613027580000107e+02
4.198775753290000239e+02
4.149578840290000130e+02
4.073273222990000022e+02
3.886789219710000225e+02
3.247979891900000098e+02
3.327450634769999738e+02
3.376979631830000130e+02
2.670149885469999731e+02
3.157488665289999972e+02
2.899242901700000061e+02
2.042385068579999938e+02
1.617147649059999992e+02
1.768575853419999930e+02
9.019409293949999551e+01
1.037941776060000052e+02
1.388154998880000051e+02
9.701266895039999838e+01
2.010964510249999933e+02
9.940197936929999400e+01
1.816775220449999892e+02
5.631582583219999805e+01
-6.933508047999999979e-01
-9.051872313000000059e-01
-3.457466155699999888e+01
-6.140494844709999711e+01
-7.557819991889999756e+01
-8.179056982490000394e+01
-7.508386292100000503e+01
-6.741361706109999830e+01
-2.774527579250000144e+02
-4.534317657770000096e+02
-9.023746390400000337e+02
-1.792635493830000087e+03
-1.285103718399999934e+03
1.360588635420000116e+02
1.833546201890000020e+02
-3.240415756599999895e+03
-4.165721273539999856e+03
-4.147309629260000293e+03
-3.888656946529999914e+03
-4.313276449269999830e+03
-3.599006138170000213e+03
-2.470857098420000057e+03
-3.357949101600000176e+03
-3.116081093499999952e+03
-4.687314694120000240e+03
-5.175597411380000267e+03
-5.324931772689999889e+03
-5.302201592800000071e+03
-5.252272665329999654e+03
-5.370711558930000137e+03
-5.052788160709999829e+03
-4.966108075610000014e+03
-4.322485476779999772e+03
-1.744725138009999910e+03
-8.962620759319999308e+01
-5.910787201050000306e+01
1.858333991479999980e+01
1.462118466130000058e+02
1.448450731910000115e+02
1.571598847840000133e+02
1.698935851619999937e+02
1.777230835930000126e+02
2.105314982589999886e+02
2.720698185210000020e+02
3.115904025429999820e+02
3.912295345300000236e+02
3.639938386819999891e+02
4.194242180520000147e+02
3.606259845409999798e+02
4.582932036700000253e+02
4.521438153760000205e+02
4.634688134780000155e+02
4.067066672810000227e+02
4.473705732629999829e+02
4.521044163209999738e+02
4.515331344040000090e+02
4.346708215799999948e+02
4.111165466190000188e+02
3.940835272229999759e+02
3.454135428679999791e+02
3.572127083969999717e+02
3.124080892829999812e+02
3.668511286890000065e+02
2.897202036159999921e+02
3.455341701099999909e+02
3.265996388629999956e+02
1.920411754920000078e+02
1.924993041630000050e+02
1.841322768390000135e+02
1.208416195880000004e+02
1.272555201039999986e+02
2.460830420069999889e+02
4.979630552880000209e+02
3.060693332650000116e+02
4.459006135590000213e+02
3.860251243789999762e+02
3.736387887660000047e+02
7.997009415739999838e+01
1.088121124400000070e+02
-6.658991871099999571e+00
-4.667720124779999935e+01
-5.312153352600000034e+01
-7.786107677489999901e+01
-7.185177786990000470e+01
-7.103797113950000153e+01
-1.020632745009999951e+02
-3.785709490829999879e+01
-2.760024906149999993e+02
-1.291879458670000076e+03
-2.077070074079999813e+03
-1.150877780049999956e+03
1.218200589979999904e+03
-1.844089466590000029e+03
-2.489213326400000028e+02
-2.538733651489999829e+03
-4.137712178820000190e+03
-4.433070930859999862e+03
-3.961589217230000031e+03
-2.975365493029999925e+03
-3.604536010849999911e+03
-2.840819711059999918e+03
-4.882704246379999859e+03
-4.874754995510000299e+03
-4.453683281820000047e+03
-5.330366463639999893e+03
-5.282727024810000330e+03
-5.491194890370000394e+03
-5.145662503659999857e+03
-5.455456136150000020e+03
-5.247341138060000048e+03
-4.868225455019999572e+03
-4.491482184559999951e+03
-3.862891012940000110e+03
-3.540269846890000167e+02
-2.596243086299999732e+02
-4.774854368460000131e+01
-1.144562671649999963e+01
1.283114016719999881e+02
1.464232364130000121e+02
1.640442446399999881e+02
1.856749705150000125e+02
2.056748512270000049e+02
2.009098467649999975e+02
2.509383009850000121e+02
2.664619830980000188e+02
3.027575380440000004e+02
3.888390899820000186e+02
4.194669956170000091e+02
4.483097475199999735e+02
4.260482285389999788e+02
4.548363362680000250e+02
4.695191635439999800e+02
4.500533033440000281e+02
4.298017284630000177e+02
4.331248747939999930e+02
4.560133231099999875e+02
4.096462910629999783e+02
3.896985239800000045e+02
3.518365772810000180e+02
3.674550985930000024e+02
3.539368544430000156e+02
3.645148215479999863e+02
3.186064197630000194e+02
3.420819509830000129e+02
2.365824547370000062e+02
2.735583587560000183e+02
2.209022417209999958e+02
1.958750388230000112e+02
1.309804970010000034e+02
1.725263315470000123e+02
3.324545884190000038e+02
5.373756212389999973e+02
5.513136911359999885e+02
5.515149880960000246e+02
4.078964870760000281e+02
3.168729845380000256e+02
6.299485681600000220e+00
-1.334186230709999954e+01
-2.054383550369999867e+01
-2.936998751570000010e+01
-6.441840522770000632e+01
-6.913960168830000441e+01
-7.879628028279999796e+01
-8.972534841489999735e+01
-3.470923939530000268e+01
-8.745544748589999529e+01
-8.436755138800000395e+02
-2.405956218580000041e+03
-2.055175016449999930e+03
1.245304516620000044e+02
-5.903080259900000328e+02
-2.123182404979999774e+03
-2.486558005620000131e+03
-4.346975287459999890e+03
-4.432532773369999632e+03
-4.340016904760000216e+03
-3.750216109389999929e+03
-3.970952847370000200e+03
-3.978947248800000125e+03
-2.837466725260000203e+03
-1.870686284859999887e+03
-5.113475782129999970e+03
-5.635657467400000314e+03
-5.398234865180000270e+03
-5.986540752959999736e+03
-4.898272833889999674e+03
-5.431240912760000356e+03
-5.155544551269999829e+03
-5.126139317520000077e+03
-4.818141190270000152e+03
-4.231710449109999900e+03
-3.793922764169999937e+03
-8.447481076180000059e+01
-5.959988851450000169e+01
-5.584071953040000125e+01
1.136109961580000061e+02
1.303048624369999970e+02
1.487249328769999863e+02
1.760844060370000079e+02
1.929413633599999969e+02
2.231128133150000110e+02
2.044804265319999956e+02
2.047617809500000021e+02
2.954040874359999975e+02
3.267936429669999825e+02
3.843598422410000239e+02
4.087758870160000129e+02
3.849749577439999939e+02
4.994327660569999807e+02
4.551016195860000266e+02
4.479889045040000042e+02
4.189694486070000039e+02
4.400280010640000228e+02
4.334249389259999816e+02
4.153491282960000035e+02
3.629786000710000167e+02
3.944393418180000026e+02
3.855377387789999943e+02
3.962346406199999933e+02
3.335268057470000258e+02
3.565644222209999725e+02
3.524250872540000046e+02
3.169536621139999966e+02
2.386967479360000084e+02
2.536345480699999939e+02
2.315502087929999959e+02
2.551844602330000100e+02
2.644633715370000004e+02
5.440831996660000414e+02
4.945772546320000060e+02
4.647271391209999933e+02
3.917716572940000219e+02
4.022515121999999792e+02
2.123640235039999880e+02
7.638689905180000039e+01
-4.204762325699999970e+00
-6.954336147850000316e+01
-7.691319654829999308e+01
-7.537194295230000307e+01
-6.535741098930000703e+01
-1.298437260089999938e+02
-2.682712988249999952e+01
-8.172572865520000107e+01
-4.799190260190000004e+02
-1.679175843149999992e+03
-2.414611953629999789e+03
-4.061011287239999774e+02
-1.201202486050000040e+01
-3.240175116110000090e+03
1.767617092589999928e+01
-4.618856842700000016e+03
-1.651438295960000005e+03
-4.624594976579999638e+03
-3.396231238289999965e+03
-3.117810788440000124e+03
-3.977344256660000156e+03
-2.776578020370000104e+03
-4.484669350269999995e+03
-5.028901105279999683e+03
-5.609935219459999644e+03
-5.561844278259999555e+03
-5.637882123569999749e+03
-5.618612147069999992e+03
-4.759340079429999605e+03
-5.361202979050000067e+03
-5.219672453350000069e+03
-5.083903913250000187e+03
-4.736625965459999861e+03
-4.475948275599999761e+03
-3.860130988089999846e+03
-9.662471570819999442e+02
-5.136905535260000022e+01
-6.685993538770000555e+01
-4.058894341119999893e+01
9.704601058960000159e+01
1.315312699909999878e+02
1.566137066480000044e+02
1.882277857400000016e+02
2.198683205389999955e+02
2.167946068930000081e+02
2.068879479640000056e+02
1.954773768850000124e+02
3.372003883840000071e+02
3.997810041120000051e+02
4.073995277839999858e+02
4.580690109340000049e+02
3.832668789570000172e+02
4.663056811769999968e+02
4.574360694920000014e+02
4.680997309109999946e+02
4.636017127810000034e+02
4.553681868489999829e+02
3.577542413360000069e+02
3.338427881329999991e+02
3.686687647859999970e+02
4.055651657610000029e+02
3.896778050240000084e+02
4.065217374169999971e+02
3.636770038149999777e+02
3.035750367119999851e+02
3.546946580680000238e+02
2.823616272780000145e+02
2.729119286619999798e+02
3.173452039460000265e+02
2.620491609829999788e+02
4.423445474249999734e+02
5.002828186980000282e+02
4.401090797510000243e+02
4.032686630769999852e+02
3.739508448810000232e+02
3.478935128670000267e+02
2.331952519490000100e+02
8.037336287669999990e+01
2.160000259850000148e+01
-7.979107794760000161e+01
-7.225148824209999532e+01
-7.733500224559999481e+01
-6.280029166380000305e+01
-9.628744631310000557e+01
-8.386289470340000207e+01
-7.606742215059999523e+01
-8.416656537689999595e+01
-8.322461010399999850e+02
-2.686592684780000127e+03
-1.456830078199999889e+03
3.676950403650000112e+02
-2.230045658280000225e+03
-2.954742225389999930e+03
-4.687285644610000418e+03
-4.645422612370000024e+03
-4.617356218730000364e+03
-2.427099928690000070e+03
-2.658130794510000214e+03
-4.100219335040000260e+03
-2.719155788399999892e+03
-5.550612759470000128e+03
-4.804223674230000142e+03
-4.810860944789999849e+03
-5.112950341849999859e+03
-5.148063839129999906e+03
-5.343817572799999652e+03
-5.267180277860000388e+03
-5.433709854460000315e+03
-5.500072809420000340e+03
-5.274176578890000201e+03
-4.936588711790000161e+03
-4.666592898120000427e+03
-3.806041268850000051e+03
-1.177157800200000111e+03
-7.023033274189999702e+02
-7.649287751010000136e+01
-4.791976524060000031e+01
8.368964278420000369e+01
1.243967598389999978e+02
1.569529766640000048e+02
1.861329160759999866e+02
2.148936128640000049e+02
2.336515012639999895e+02
2.136311870579999947e+02
2.268415829420000023e+02
3.653480522070000234e+02
4.017933565199999748e+02
4.257845751259999929e+02
4.609423836409999922e+02
4.664245652399999926e+02
4.725083777770000211e+02
5.562871454029999541e+02
5.024284846259999995e+02
4.655234320330000060e+02
4.883446417289999886e+02
4.594093588150000187e+02
4.503138123190000215e+02
3.311938202189999743e+02
3.768544555679999917e+02
4.452468626849999964e+02
4.087885739839999815e+02
4.352842256280000015e+02
3.778058950380000169e+02
2.942574363510000239e+02
2.871008135370000218e+02
3.206421840790000033e+02
4.478351046540000198e+02
3.429548681449999776e+02
4.330492339069999730e+02
8.857817463159999534e+02
5.376388492510000106e+02
4.891940676529999905e+02
3.079674348060000284e+02
3.837078841730000249e+02
3.372309507599999847e+02
2.722952220779999948e+02
1.479864427269999965e+02
-2.239410462809999913e+01
-9.361057457670000304e+01
-6.597091008460000694e+01
-8.061705627269999752e+01
-9.862524514710000290e+01
-1.409730130929999916e+02
-1.317631091119999951e+02
-6.537436640079999961e+01
-6.366817209239999897e+01
-5.260149728180000466e+02
-1.740767535980000048e+03
-1.610073526579999907e+03
-8.076650674950000166e+02
-1.524449435120000089e+03
-3.780420970419999804e+01
-4.759218682919999992e+03
-4.540645209899999827e+03
-4.622234870420000334e+03
-4.415444957620000423e+03
-3.511700415989999783e+03
-2.937984165100000155e+03
-3.654622938649999924e+03
-3.215080335019999893e+03
-5.097406743100000313e+03
-5.226566845579999608e+03
-4.998820105619999595e+03
-5.250045528360000390e+03
-5.613378530830000273e+03
-5.635055338090000078e+03
-5.406789564099999552e+03
-5.540054694780000318e+03
-5.342780851219999931e+03
-5.090034488250000322e+03
-4.784641170169999896e+03
-4.092111983339999824e+03
-2.516312373140000091e+03
-7.467030744830000231e+02
-1.008474583069999966e+02
-4.745502792989999818e+01
1.937472718280000095e+01
1.175084803889999989e+02
1.543673085510000078e+02
1.926704574849999858e+02
2.191307267079999974e+02
2.359084911219999867e+02
2.196989078409999934e+02
2.185703403619999960e+02
3.432147895969999922e+02
3.367542980239999793e+02
4.627388114949999931e+02
4.192821728679999751e+02
4.817244532589999721e+02
4.263524872230000256e+02
4.928364605890000121e+02
5.411219974030000230e+02
4.507090749719999963e+02
4.328590505340000050e+02
4.986459072989999868e+02
3.923266837439999790e+02
4.062391071139999781e+02
4.322684156440000152e+02
4.154232873590000281e+02
4.013735523349999994e+02
3.354929609280000022e+02
3.629436375810000186e+02
3.398141392420000102e+02
2.852787645529999736e+02
2.986901521679999973e+02
3.448427451370000085e+02
3.970398285599999895e+02
3.939340825940000173e+02
4.407404850699999770e+02
4.336533561910000003e+02
5.416319512950000217e+02
3.270185542699999814e+02
2.821416195929999731e+02
1.993612254459999917e+02
5.833397230930000177e+01
1.448835785509999994e+02
-1.342357925580000000e+01
-6.669211211930000616e+01
-8.318122813349999944e+01
-7.684025142149999965e+01
-1.154828288620000052e+02
-1.224007041800000053e+02
-8.800937840989999472e+01
-1.430226865369999985e+02
-4.257644680800000003e+01
-2.901031286530000131e+01
-7.158937266399999544e+01
-1.672763413209999953e+03
-2.168946365910000168e+03
-2.576872347670000181e+03
-2.280702259579999918e+03
-3.000264005640000050e+03
-3.772202711129999898e+03
-4.819061317890000282e+03
-4.970540426669999761e+03
-4.784816164580000077e+03
-2.328954029240000182e+03
-2.942428721759999917e+03
-4.119342748439999923e+03
-4.956982416709999598e+03
-5.214358059569999568e+03
-5.065362604519999877e+03
-4.705659327659999690e+03
-4.596885385429999587e+03
-5.764911597809999876e+03
-5.670400393400000212e+03
-5.669338552860000163e+03
-5.510587738909999644e+03
-5.302418656849999934e+03
-4.847227187710000180e+03
-4.154183575109999765e+03
-3.546553155879999849e+03
-1.019447996239999952e+03
-6.933751596689999985e+01
-4.764612880170000153e+01
1.928401357770000146e+01
1.075164547570000053e+02
1.563716924000000006e+02
1.818125958409999896e+02
2.125445481879999932e+02
2.290678533550000111e+02
2.330080016119999868e+02
2.305298591080000108e+02
3.019078812750000225e+02
3.983896818840000265e+02
3.502203730780000228e+02
3.457850335399999722e+02
3.765906388149999771e+02
4.321215600460000132e+02
5.200987425389999999e+02
5.282212379579999606e+02
4.800825180659999774e+02
4.430135771270000191e+02
4.514633953539999993e+02
4.729991829059999873e+02
4.554400568760000283e+02
4.358839642610000169e+02
3.895315257369999813e+02
3.833228563210000175e+02
4.341834571530000062e+02
3.872132883319999905e+02
3.537966985799999975e+02
4.166185876970000095e+02
3.340624421339999799e+02
3.248253961959999856e+02
3.544393740419999972e+02
3.771843721609999989e+02
4.286101565019999953e+02
3.243730364279999776e+02
2.581335715469999741e+02
2.366020658570000137e+02
2.927148739489999798e+02
1.020059271540000054e+02
-3.262682559999999926e-02
-1.116004682700000084e+00
-4.494169711419999658e+01
-5.538729421930000285e+01
-5.315051473759999823e+01
-9.578103599370000154e+01
-1.043724367580000063e+02
-9.207013325590000363e+01
-5.975184207670000092e+01
-6.884997374540000692e+01
-1.080849513809999962e+02
-7.463945627830000262e+01
-7.072122785140000190e+01
-7.135904482969999663e+02
-2.983651344429999881e+03
-1.798098450089999915e+03
-2.102314999530000023e+03
-3.046389371490000030e+03
-1.090621944839999969e+03
-4.178108673920000001e+03
-5.006423489099999642e+03
-4.901528380710000420e+03
-3.244020161509999980e+03
-4.102402048269999796e+03
-2.859185628319999978e+03
-2.701589524699999856e+03
-5.435608917329999713e+03
-5.282500100569999631e+03
-5.472625060219999796e+03
-5.579713018739999825e+03
-5.952713249770000402e+03
-5.771371424470000420e+03
-5.542673819149999872e+03
-5.636959056810000220e+03
-5.552259685859999990e+03
-5.431902825549999761e+03
-5.188833391479999591e+03
-4.722888499249999768e+03
-3.831663333099999818e+03
-3.358825208350000139e+03
-1.119378310679999913e+03
-1.276939576449999976e+02
-5.773993492980000042e+01
-1.752416343910000052e+01
9.086950793430000317e+01
1.330345852160000106e+02
1.675767484280000019e+02
1.997202527219999979e+02
2.170049250220000090e+02
2.313564487229999997e+02
2.538245515600000033e+02
3.017957081900000276e+02
3.618378559760000144e+02
4.185871813300000213e+02
5.131395118960000445e+02
4.923859250450000218e+02
5.182099802239999917e+02
5.470035536399999501e+02
5.600920109879999700e+02
6.017877688410000019e+02
5.280161692960000437e+02
5.376311615189999884e+02
4.415172878559999958e+02
4.756114557930000046e+02
4.018638828339999804e+02
3.789127402490000236e+02
3.638856834110000023e+02
3.483951395509999998e+02
3.761616613659999757e+02
3.970682912369999826e+02
3.916590874710000207e+02
3.659104379460000018e+02
3.608935713330000112e+02
4.094569832280000128e+02
3.913563919069999884e+02
3.271333994380000263e+02
2.405157455739999932e+02
2.316753116710000029e+02
9.434136617080000065e+01
1.962104890759999876e+02
2.659809016730000053e+01
6.843707377260000158e+01
-1.239783822899999999e+00
-2.962604423599999848e+01
-4.660646047120000190e+01
-4.617653159969999876e+01
-7.644807132420000073e+01
-9.614106262679999304e+01
-8.867046651830000314e+01
-6.217792011849999767e+01
-5.144899781990000065e+01
-5.271997791079999729e+01
-5.507985434809999958e+01
-3.261898936640000102e+01
-5.007539919399999917e+02
-2.775803097619999789e+03
-1.518960646380000071e+03
-2.054980154519999815e+03
-4.541374071819999699e+03
-2.703469415160000153e+03
-2.197265794760000063e+03
-4.909783158619999995e+03
-4.942784237439999742e+03
-5.068321425500000259e+03
-5.089200161210000260e+03
-1.773438776039999993e+03
-2.536429817130000174e+03
-5.487027774999999565e+03
-5.534083504629999879e+03
-5.406130223649999607e+03
-5.268619839009999851e+03
-5.804569953100000021e+03
-5.486029757809999865e+03
-5.533486919650000345e+03
-5.573666253520000282e+03
-5.528083891829999629e+03
-5.435136329089999890e+03
-5.095715703789999679e+03
-4.638826580140000260e+03
-3.945138518109999950e+03
-3.498086588010000014e+03
-1.609049895200000037e+03
-3.085528449400000000e+02
-4.441887244379999800e+01
-4.006094931639999857e+01
5.141792216199999821e+00
1.312412443579999888e+02
1.575777550679999877e+02
1.786024342599999954e+02
2.033037375570000052e+02
2.129014788130000113e+02
2.616683327069999905e+02
2.913738026479999803e+02
3.832595899240000108e+02
4.336351781409999830e+02
3.825198550810000029e+02
4.193927966549999837e+02
4.893687881989999937e+02
6.164803572250000343e+02
6.323448599030000423e+02
6.344128257710000298e+02
5.159464151639999727e+02
4.470809218659999829e+02
4.496104044599999838e+02
4.302509001679999869e+02
3.932968352089999939e+02
3.629278049949999740e+02
3.754283331899999894e+02
3.573830994099999998e+02
3.369510470309999732e+02
3.800435243219999961e+02
4.491845513929999925e+02
3.764062544729999900e+02
4.589427774519999730e+02
4.194935294050000039e+02
3.767464118770000141e+02
3.939534184390000178e+02
3.192942042409999885e+02
1.652219482950000042e+02
2.401634062610000058e+02
1.354451416740000127e+02
7.712875482750000344e+01
3.543380289899999980e+00
-1.001240139799999929e+00
-1.609625318220000167e+01
-3.251827785230000245e+01
-4.347669568530000106e+01
-6.307989074449999833e+01
-6.699204293420000056e+01
-6.459113526069999978e+01
-5.658353091130000223e+01
-3.726825164990000161e+01
-2.545257191290000165e+01
-9.187638352170000644e+01
-3.376408545379999993e+01
-5.162616034269999545e+02
-2.017588340410000001e+03
-1.441626203329999953e+03
-1.854708599659999891e+03
-2.905924461669999801e+03
-3.768481649549999929e+03
-1.017307352540000011e+03
-3.747362453679999817e+03
-4.403032864800000425e+03
-5.095685896130000401e+03
-4.658105879310000091e+03
-4.295140666280000005e+03
-4.161751791509999748e+03
-5.065879595329999574e+03
-5.469783987030000389e+03
-5.396634427070000129e+03
-5.245918585329999587e+03
-5.364456692640000256e+03
-5.222303237029999764e+03
-5.180456113309999637e+03
-5.702428787290000400e+03
-5.708559788339999614e+03
-5.514998061610000150e+03
-5.571297232339999937e+03
-5.316410129290000441e+03
-4.402879607009999745e+03
-3.972527149070000178e+03
-3.453961102490000030e+03
-2.518614421939999829e+03
-9.463637591430000384e+01
-1.200426053110000026e+02
-4.793998928340000276e+01
-3.021607262719999909e+01
1.169769051720000022e+02
1.489481279309999877e+02
1.698792680269999948e+02
1.844827488269999947e+02
2.022260698690000140e+02
2.866824324070000216e+02
3.080307826640000144e+02
3.201754733000000215e+02
3.932449631889999750e+02
4.054078388429999791e+02
5.047381728610000096e+02
5.342530341819999649e+02
7.325576007280000113e+02
6.631507045719999951e+02
7.167195199709999542e+02
5.538092985170000020e+02
4.630754239350000034e+02
5.144330481069999905e+02
5.702228120889999445e+02
4.028873582429999942e+02
3.789343807309999761e+02
3.761217277060000015e+02
4.636087502340000128e+02
4.023846961149999970e+02
3.669233846430000199e+02
4.187481201900000087e+02
3.979305240759999833e+02
4.486249369149999779e+02
3.888509114689999819e+02
3.729570160829999850e+02
3.963007032429999867e+02
4.022214867740000273e+02
3.233841269010000019e+02
1.034084238249999999e+02
5.202822161560000325e+01
9.908029250459999560e+01
1.120555231339999978e+02
-5.850542411000000165e+00
5.482268603119999995e+01
-8.903842234000000744e+00
-2.269226063809999872e+01
-3.234930369439999964e+01
-4.379139546980000119e+01
-4.241610875979999662e+01
-3.630712916560000281e+01
-3.045101699590000166e+01
-5.434852888439999674e+01
-1.212987990069999995e+02
-2.313766600280000034e+02
-4.703708572869999784e+02
-1.252499131750000060e+03
-9.971525574959999858e+02
2.520045454259999929e+01
-1.274304717149999988e+03
-4.234277532639999663e+03
-3.078621114779999971e+03
-3.168048091950000071e+03
-3.329106812359999822e+03
-4.412205185429999801e+03
-4.563012003099999674e+03
-5.321287677289999920e+03
-5.356848767180000323e+03
-5.793287449970000125e+03
-5.705121608080000442e+03
-5.522283675960000437e+03
-5.199206185369999730e+03
-5.533894146790000377e+03
-5.537231921040000088e+03
-5.511924183789999915e+03
-5.435478808539999591e+03
-4.975273977099999684e+03
-4.545696139030000268e+03
-4.052290530249999847e+03
-3.291152716699999928e+03
-9.868226720010000008e+02
-2.284309527389999914e+02
-1.859631385440000031e+02
-6.393407118150000201e+01
-2.984936064849999937e+01
9.870495397999999909e+01
1.335961676919999945e+02
1.483321902380000097e+02
1.781685211049999964e+02
2.030479900219999934e+02
2.595409331050000219e+02
3.553949306929999921e+02
4.428672436019999736e+02
4.477893904509999743e+02
4.450538978619999853e+02
5.420071321420000459e+02
6.143599689899999703e+02
7.195709802779999791e+02
7.097949870149999470e+02
6.834346792989999813e+02
5.352665229860000409e+02
4.607516950379999798e+02
5.346257656149999775e+02
5.407586426289999508e+02
4.537178929099999891e+02
4.356786415710000142e+02
4.726406559150000248e+02
4.100657673659999887e+02
3.771860576679999895e+02
3.931696196920000261e+02
3.675935520880000240e+02
4.462049766929999919e+02
4.302288194569999860e+02
4.784067895869999916e+02
4.443941736290000222e+02
4.370323218199999928e+02
4.190543656570000053e+02
3.496461220260000005e+02
3.227948926689999780e+02
2.696502324520000116e+02
2.294390263369999872e+01
4.515995065810000142e+01
5.615635482510000287e+01
1.996737708940000005e+02
5.017991401630000325e+01
5.243827255600000292e+00
-2.159878517000000109e-01
-2.394709145959999930e+01
-3.316434058059999757e+01
-2.897233461799999965e+00
-2.025379492700000128e+01
-6.965597909189999370e+01
-1.131300978050000055e+02
-2.315747824089999938e+02
-4.172632423819999872e+02
-9.079862416739999844e+02
-8.429214690830000336e+02
-4.954385702399999900e+02
-1.718824181700000054e+03
-4.674166119530000287e+03
-5.609918982930000311e+03
-3.187379094639999948e+03
-3.695558410850000200e+03
-2.893992126319999898e+03
-4.074313873049999984e+03
-5.347173902479999924e+03
-5.406937031659999775e+03
-5.598715876170000229e+03
-5.772024141300000338e+03
-5.592684425370000099e+03
-5.625128209440000319e+03
-5.590763740829999733e+03
-5.619084615310000117e+03
-5.637750278640000033e+03
-5.540701015720000214e+03
-5.334605328509999708e+03
-4.554146757380000054e+03
-3.273727199680000012e+03
-2.080931898809999893e+03
-1.131157991750000065e+03
-2.614947381459999747e+02
-4.346743348809999929e+01
-6.863867610079999793e+01
-3.226997573319999901e+01
8.227894846409999730e+01
1.218805827630000067e+02
1.423359557539999969e+02
1.466177849270000024e+02
1.681867881580000130e+02
2.499793572209999866e+02
3.327009922739999865e+02
3.481887869529999762e+02
3.715604421450000245e+02
4.780669804780000050e+02
5.548149867309999763e+02
6.360454075110000076e+02
9.867914727229999698e+02
8.336296217670000033e+02
5.774008274829999436e+02
4.933279398170000150e+02
5.304562490050000179e+02
5.664756279150000182e+02
6.281915437789999714e+02
4.963108514119999768e+02
5.643250757389999990e+02
5.821030859740000096e+02
4.639193788879999829e+02
3.895780956419999939e+02
3.665173234139999749e+02
3.831872760009999865e+02
3.260625228839999750e+02
3.483440188920000082e+02
3.840567669220000084e+02
3.495762763420000283e+02
2.771269143889999782e+02
3.125367263559999742e+02
2.780711756719999812e+02
2.792791446879999739e+02
2.109783230440000068e+02
1.397852850540000134e+02
1.747953849130000137e+01
1.259850103219999937e+02
2.732319001609999987e+02
4.252216023590000304e+01
2.881750244299999864e+01
1.645071327939999861e+01
4.267361924709999954e+01
-1.482287711260000052e+01
2.193610570599999932e+01
-1.359767300819999924e+01
-6.713192991569999890e+01
-8.539725925529999984e+01
-1.910086893879999934e+02
-3.860181342899999777e+02
-8.429397529479999776e+02
-7.877169049159999759e+02
-4.217207775859999970e+02
-1.007407288149999999e+03
-2.531626483930000177e+03
-4.499563833639999757e+03
-6.784004921390000163e+03
-5.932080780199999936e+03
-6.121718007419999594e+03
-5.509004058909999912e+03
-5.707784480850000364e+03
-5.586685581230000025e+03
-5.584921600489999946e+03
-5.519784155250000367e+03
-5.659162835539999833e+03
-5.742615494399999989e+03
-5.417765920689999803e+03
-5.475855871949999710e+03
-5.520432565830000385e+03
-5.120589844850000190e+03
-3.473610298789999888e+03
-2.012216485570000032e+03
-1.763539145740000095e+03
-1.354682128919999968e+03
-3.743732109389999891e+02
-7.730047763029999430e+01
-3.617469399619999848e+01
-4.264617894799999931e+01
5.696949434329999917e+01
1.009616179310000064e+02
1.244199900560000032e+02
1.454666688279999960e+02
1.739153337650000140e+02
2.378398529170000018e+02
2.681896197469999947e+02
3.952548650049999992e+02
4.636005445239999858e+02
4.700335997710000129e+02
5.340265202049999971e+02
5.952463531160000230e+02
6.688006353949999720e+02
6.261695131899999751e+02
5.267894911319999665e+02
4.694330437109999821e+02
5.926558207260000017e+02
6.752166654879999896e+02
6.106853219810000155e+02
5.461480049240000199e+02
5.806786397270000180e+02
5.841483986350000350e+02
4.853856996000000095e+02
4.020938465689999930e+02
4.258813796160000038e+02
4.008087701750000065e+02
3.371149932339999964e+02
2.971310197829999993e+02
3.023783601299999759e+02
2.745080905770000186e+02
2.419754539589999922e+02
2.277621166419999952e+02
1.783229479050000066e+02
9.848719018459999575e+01
1.718140717379999955e+02
2.363637290240000084e+02
2.233387572880000107e+02
2.282407295700000134e+02
3.073707113529999901e+02
3.099483932209999892e+01
1.495915703619999988e+02
9.352487861619999876e+01
2.888881498079999943e+01
-6.739881006800000129e+00
7.717273110210000198e+01
-8.423582838499999781e+00
-5.857410411680000095e+01
-8.025036333580000303e+01
-1.134880826490000061e+02
-2.467365306499999917e+02
-4.670786665819999826e+02
-1.376760807079999950e+03
-1.933633416729999865e+01
-1.283133953859999998e+01
-1.324932136019999916e+03
-3.846517465400000219e+03
-5.757809640440000294e+03
-7.274809902089999923e+03
-7.133624429079999572e+03
-5.478371792689999893e+03
-5.575762920549999762e+03
-5.640466220559999783e+03
-5.588419484719999673e+03
-5.577226446540000325e+03
-5.657541070219999710e+03
-5.402580817920000300e+03
-5.627629816280000341e+03
-5.762149056680000285e+03
-4.852074633350000113e+03
-3.009044021080000221e+03
-1.618646526250000079e+03
-1.416834601810000095e+03
-9.818056232669999872e+02
-1.791995791729999894e+02
-1.383047126730000116e+02
-8.496127591879999841e+01
-4.368324659740000016e+01
4.979728539340000282e+01
7.839549010780000060e+01
1.076010314910000005e+02
1.152609201829999961e+02
2.122539068959999895e+02
2.301268922390000000e+02
2.852814838709999776e+02
3.898747603489999847e+02
4.195915217300000108e+02
4.352412213489999999e+02
5.344766875169999594e+02
5.892797667219999767e+02
6.792360843000000159e+02
5.727481715080000413e+02
5.039368766100000130e+02
4.895782908339999722e+02
6.022090542329999607e+02
6.982951477950000481e+02
7.305933252859999811e+02
5.538399572519999765e+02
6.115698864710000180e+02
6.183410322959999803e+02
5.008768319659999975e+02
4.582749299179999980e+02
4.056485185000000229e+02
3.649085848679999913e+02
2.967162325259999989e+02
2.862424434740000265e+02
2.472845322249999924e+02
2.462333180040000116e+02
2.243829962439999974e+02
2.045243905719999873e+02
1.832408563360000073e+02
1.881404673289999891e+02
1.484601201279999998e+02
1.281331555470000012e+02
1.633929045980000012e+02
1.137169699279999975e+02
8.757414264439999840e+01
1.325025719530000003e+02
1.143825556059999968e+02
3.977960695659999857e+01
3.399249102699999980e+01
-5.901928214499999825e+00
-1.954504910129999828e+01
-1.123852933350000072e+01
-5.484080922559999749e+01
-7.554284594899999661e+01
-7.550185108029999981e+01
-1.475426604399999917e+02
-1.402694723120000049e+02
-7.568703859109999712e+02
-1.359128685050000058e+03
1.463973934009999880e+02
4.102304547309999805e+01
5.636390117500000230e+01
-3.006220524870000190e+03
-6.496849333879999904e+03
-5.331733143620000192e+03
-5.555341794439999831e+03
-5.466972461790000125e+03
-4.992670720510000137e+03
-5.560039694019999843e+03
-5.476636050959999920e+03
-5.451474554579999676e+03
-5.657623109469999690e+03
-5.509428788520000126e+03
-4.153911237719999917e+03
-1.877729051399999889e+03
-1.499704203839999991e+03
-1.355592822719999958e+03
-8.231462050640000143e+02
-1.096030506320000057e+02
-3.937682261270000339e+01
-1.987861296579999859e+01
-6.949493948590000514e+01
8.323529389169999604e+01
7.292842687120000278e+01
9.257821776369999611e+01
2.684253361400000131e+02
1.860060787079999898e+02
2.701366750739999816e+02
2.934510905230000049e+02
3.144396026559999768e+02
4.334223951850000276e+02
4.626503937439999845e+02
5.238924331519999669e+02
5.795784828869999501e+02
7.169922697389999939e+02
5.523611910130000524e+02
4.903182629670000097e+02
5.232696744449999642e+02
7.409154190709999739e+02
7.892333643470000197e+02
7.236561051099999986e+02
5.663362304380000296e+02
6.001484888659999797e+02
6.554228919079999969e+02
5.278898000420000471e+02
4.526577834469999857e+02
4.004948795619999942e+02
3.433262612560000093e+02
2.982679778550000265e+02
2.654129652269999724e+02
2.595256445829999734e+02
2.155681039510000119e+02
2.594714391680000176e+02
2.306111092229999997e+02
2.272095450120000066e+02
2.068660716359999867e+02
2.173950767229999883e+02
2.209456912830000022e+02
1.882952112769999928e+02
1.255980920460000050e+02
1.625202108910000049e+02
1.424973011650000103e+02
1.280658327570000097e+02
5.821443025469999810e+01
2.555698534349999917e+01
-5.966795238199999574e+00
-8.624974082199999614e+00
9.102234978200000270e+00
-4.995098715809999845e+01
-8.411538970089999623e+01
-1.090251760240000038e+02
-1.635652835719999985e+02
-1.433886930070000005e+02
-3.525939994689999679e+01
-7.600863581950000025e+02
-1.444977446789999931e+03
-2.463405281189999982e+02
-6.261062982729999931e+02
-1.591618900810000014e+03
-2.787070317469999736e+02
-5.578304216630000155e+03
-5.683764891740000166e+03
-5.531745184469999913e+03
-5.438323833600000398e+03
-5.609772560929999599e+03
-5.505229610979999961e+03
-5.522012406159999955e+03
-4.995542310740000175e+03
-2.862240131250000104e+03
-1.539703729359999897e+03
-1.202214211799999930e+03
-1.104325108669999963e+03
-5.603484489100000019e+02
-9.360169684759999598e+01
-8.756296633159999487e+01
-7.650562006469999687e+01
-2.041062213149999849e+01
5.734408406770000255e+01
6.959113299979999567e+01
1.093725161800000052e+02
1.740956885710000108e+02
1.885388327860000004e+02
2.216254291340000009e+02
2.447174188230000027e+02
2.768495594600000231e+02
3.529222594419999837e+02
4.445047704030000091e+02
5.204245643130000190e+02
5.677513597079999954e+02
6.638492546769999763e+02
5.316320497399999567e+02
4.746828383249999774e+02
5.376867535979999957e+02
5.547193836769999962e+02
7.538668328960000053e+02
7.406199244770000405e+02
5.703564425660000552e+02
5.988939691540000467e+02
6.344425156879999577e+02
5.367267818090000446e+02
4.684937666330000070e+02
3.983793271000000118e+02
3.519372778270000026e+02
2.999734298469999771e+02
3.002866414769999892e+02
2.445202561790000004e+02
2.342598067940000135e+02
2.483618429040000137e+02
2.327858958989999962e+02
2.641464204010000003e+02
2.841468610329999933e+02
2.415207639539999889e+02
1.954181751449999922e+02
1.825904089160000012e+02
1.471279759660000082e+02
1.226990636839999951e+02
3.102974090390000015e+02
1.247347378259999999e+02
4.319898869669999897e+01
5.200625922999999595e+00
-1.155770144999999971e+00
-1.112742313300000063e+00
1.253180024139999915e+01
-3.494718363470000355e+01
-8.740058830549999414e+01
-2.230242686960000071e+02
-2.196169882670000106e+02
-4.126298649839999939e+02
-1.765728818759999967e+02
-6.245784072769999966e+02
-6.672588302760000261e+02
-1.330524485789999972e+03
-4.816553453739999782e+02
-5.571877452169999742e+03
-5.661892475229999945e+03
-5.613522880919999807e+03
-5.597976332690000163e+03
-5.593297287569999753e+03
-5.565428715000000011e+03
-4.622023060980000082e+03
-2.391018891929999882e+03
-1.609221178199999940e+03
-8.889022520710000208e+02
-7.967200968849999754e+02
-1.042683736120000049e+02
-1.754624199159999876e+02
-4.744762798170000195e+01
-2.396969063310000081e+01
-1.541505391269999947e+01
5.361817991369999703e+01
1.593989668520000009e+02
1.564001157270000135e+02
2.256962041460000137e+02
1.951649209930000097e+02
1.970104731620000109e+02
2.423365414470000019e+02
2.800644339909999871e+02
3.249496246909999968e+02
3.669916617569999744e+02
4.833432558050000125e+02
5.276523252490000004e+02
5.562443336970000018e+02
5.111515283570000179e+02
4.495782992100000115e+02
5.326444468150000375e+02
5.091775678930000026e+02
6.054081095389999518e+02
7.146992583569999624e+02
5.694825057279999783e+02
6.533964334260000442e+02
6.806847864190000337e+02
5.216530570420000004e+02
4.629315997759999846e+02
3.981643391079999788e+02
3.229976079310000046e+02
2.710385443939999845e+02
2.667042883889999985e+02
2.412392191449999927e+02
2.254407245559999922e+02
2.167053858390000016e+02
2.371287985349999872e+02
2.452309266020000109e+02
2.517857344120000107e+02
2.275373885440000095e+02
1.968282326190000049e+02
1.683666547050000020e+02
2.048736019369999894e+02
2.367673111439999900e+02
2.716955398860000059e+02
3.443954311630000120e+02
1.514535058490000097e+02
2.034247921309999896e+01
3.704423751760000272e+01
2.194613645649999967e+01
-1.741781574510000041e+01
-3.301150568109999739e+01
-7.144844401779999998e+01
-9.384210050619999777e+01
-1.377760568250000119e+02
-2.405882729250000125e+02
-8.512890914230000305e+01
-2.355028606760000116e+02
-1.497746877719999929e+02
-2.314919410269999958e+02
-5.470631274850000409e+03
-5.755955337479999798e+03
-5.620565596340000411e+03
-5.428606422560000283e+03
-5.716466386160000184e+03
-4.131690499629999977e+03
-2.278961761399999887e+03
-1.355981851190000043e+03
-1.150161226100000022e+03
-9.134845082789999537e+01
-1.302234700790000090e+02
-8.445065805080000132e+01
-3.040319384589999885e+01
-1.273592058370000046e+01
1.611143894679999988e+01
1.223385554399999933e+02
1.191847815900000001e+02
1.815061160969999889e+02
1.893292214129999991e+02
1.956553646639999897e+02
1.824668591809999896e+02
1.948889927220000118e+02
2.501668750860000046e+02
2.816987750949999736e+02
3.490875914989999842e+02
4.078425680959999795e+02
4.451043924169999855e+02
4.842258871679999856e+02
5.086543909559999861e+02
4.044263921780000146e+02
4.171686786340000026e+02
5.052850649580000209e+02
6.578856874110000490e+02
6.559457897510000066e+02
6.083767458739999938e+02
6.703340197060000492e+02
5.634109400879999612e+02
4.823112290729999927e+02
4.370937861819999739e+02
4.185955363250000119e+02
3.258484253409999951e+02
2.723087915689999932e+02
2.974760809109999968e+02
2.495085822160000077e+02
2.143955420450000133e+02
2.056200484679999931e+02
2.092249382219999916e+02
2.256203300740000088e+02
2.404264018990000125e+02
2.084823116279999908e+02
1.859045257360000107e+02
1.687614512209999873e+02
1.089524608720000032e+02
2.355600124919999985e+02
3.043378568670000277e+02
4.074237989549999952e+02
2.809645018420000042e+02
3.053831890789999761e+02
5.773904230819999839e+01
-2.862019650000000026e-02
-2.744694271659999885e+01
-4.359312504799999743e+01
-7.616749377360000040e+01
-9.518872539619999884e+01
-1.332628541560000031e+02
-1.895480289219999861e+02
-5.602180640070000095e+01
-1.483693004710000025e+02
-1.891504431959999977e+02
-3.315639473019999883e+01
-5.477135825829999703e+03
-5.583535783239999546e+03
-5.570659193630000118e+03
-5.169861500529999830e+03
-3.694802976320000198e+03
-2.151009939269999904e+03
-1.352839794960000063e+03
-2.995072724020000123e+02
-1.688442010759999903e+02
-5.807255348190000177e+01
-4.309222603229999748e+01
-1.742734984990000058e+01
9.515442223000000199e-01
4.167003815759999696e+01
1.504313872509999896e+02
1.605961332150000089e+02
1.202400082190000035e+02
2.063522484689999885e+02
1.723695050549999905e+02
1.730456203779999953e+02
1.821429137810000043e+02
2.026692105179999999e+02
2.348332070419999980e+02
2.839765127860000007e+02
3.478909989329999917e+02
3.334722435780000183e+02
4.350876567860000250e+02
4.327179277100000263e+02
3.731364610470000116e+02
4.004548737349999783e+02
4.535100610929999903e+02
5.819655998760000557e+02
7.023259512780000478e+02
6.756209981900000230e+02
5.798678235449999647e+02
5.360077482409999448e+02
5.620701213249999455e+02
4.556393932980000159e+02
3.581925944449999974e+02
3.174092397320000032e+02
2.858711293829999818e+02
3.403873379450000130e+02
3.130443712759999926e+02
2.979736135379999951e+02
2.260260583699999870e+02
2.228686786410000025e+02
2.267046828869999899e+02
2.665077273859999991e+02
2.368232144240000139e+02
2.167219158999999991e+02
1.863376405379999881e+02
6.374014218939999665e+01
9.595279306700000177e+01
2.264085327290000009e+02
2.788027562820000185e+02
3.414964772939999875e+02
2.247531752570000094e+02
7.042026046789999327e+01
-2.296082472400000185e+00
-3.025118189270000002e+01
-5.860663784119999775e+01
-6.433059574879999332e+01
-9.370803759339999317e+01
-1.159879085620000012e+02
-1.665002794080000115e+02
-1.395621677690000126e+02
-1.229204385790000060e+02
-1.018617174230000018e+02
-4.210837005369999986e+01
-5.156188113520000115e+03
-3.807024122140000145e+03
-2.384963311370000156e+03
-1.127359782660000064e+03
-9.874828140379999297e+01
-1.160013727319999930e+02
-1.436659788400000082e+01
-1.126914216760000009e+01
1.117603325999999980e-01
4.464891980700000040e+00
1.034759842259999942e+02
9.989946931849999601e+01
1.981303404989999990e+02
1.491627082949999874e+02
1.661408087069999908e+02
1.638728205820000028e+02
1.584554691019999950e+02
2.065020480219999968e+02
2.655891347190000147e+02
2.621160429509999972e+02
2.808203695810000227e+02
2.819686629529999777e+02
2.753878280179999933e+02
3.379491889810000202e+02
3.572288960340000017e+02
3.113509655419999831e+02
3.540062984599999822e+02
3.968795214140000098e+02
5.614379406399999652e+02
7.306482119270000339e+02
6.570884195339999678e+02
5.870886169789999940e+02
5.703916677600000185e+02
4.674948333730000058e+02
4.089257578039999999e+02
3.604793409079999833e+02
3.572624472240000273e+02
3.568886646270000256e+02
3.134629841170000191e+02
2.703910618670000190e+02
2.155541138819999958e+02
2.160201074640000058e+02
2.358652164849999906e+02
2.236235775979999971e+02
2.593004790119999825e+02
2.348301553329999933e+02
2.023350116160000027e+02
1.180603972870000007e+02
8.834966760480000403e+01
1.213526433130000015e+02
9.844908734880000623e+01
1.408506625139999926e+02
2.832990398110000001e+02
8.043564265630000421e+01
6.328466071430000284e+01
-1.248166103780000036e+01
-3.457728849760000145e+01
-5.651186009799999965e+01
-3.499170251320000347e+01
-6.924749085060000198e+01
-1.087646013680000010e+02
-1.146960532819999941e+02
-1.413916334230000018e+02
-1.429954116380000073e+02
-4.552690548879999710e+01
-2.326323839600000156e+03
-1.120442020589999998e+02
-4.136810891689999892e+01
-1.620137365549999942e+01
-3.048293788999999876e+01
7.894431018150000057e+01
1.038108949679999995e+02
9.726526296590000698e+01
1.334596579820000102e+02
1.531368635659999882e+02
1.679314635169999974e+02
1.666504848209999921e+02
1.607449671189999947e+02
1.596816565569999966e+02
1.984670818339999983e+02
1.746075549400000000e+02
1.605809801480000090e+02
2.312619138130000067e+02
1.923815544789999876e+02
2.209614764199999968e+02
2.582097544790000256e+02
2.829982184610000218e+02
3.025417627389999780e+02
2.990755658130000256e+02
3.114588332179999952e+02
3.800250366039999790e+02
7.246076096059999827e+02
5.845003869769999483e+02
5.325926294949999829e+02
4.854481560990000162e+02
4.523904050699999857e+02
4.143371120759999826e+02
5.045852025820000222e+02
3.876840274570000133e+02
3.045893983359999879e+02
2.557891198540000062e+02
2.253187377840000067e+02
2.050876924199999962e+02
2.063087834110000074e+02
2.432967412899999999e+02
2.341959597670000051e+02
2.671179076079999959e+02
1.852165680829999985e+02
1.662995849159999864e+02
7.687505212050000125e+01
2.889339278010000100e+01
1.359946086280000088e+02
1.778385397419999947e+02
1.503905555009999944e+02
7.607138780050000548e+01
4.570449765960000121e+01
1.462180042419999992e+01
-1.096627273220000021e+01
-3.243449982039999924e+01
-5.794840878440000154e+01
-4.331097365520000153e+01
-7.230821342560000176e+01
-1.041384149510000015e+02
-1.292736696469999913e+02
-1.124397280780000017e+02
-1.042379117539999953e+02
-6.058883156910000167e+01
-3.031273605979999886e+01
1.102398026430000044e+01
4.994505536540000179e+01
1.035242567540000067e+02
2.296334721659999900e+02
2.079672368210000002e+02
1.315646176410000123e+02
1.309315085819999922e+02
1.206495206969999998e+02
1.868929580820000069e+02
2.065126303689999929e+02
1.420358667849999961e+02
1.070680656330000033e+02
1.252019604770000001e+02
1.112300022289999930e+02
1.598915178260000118e+02
1.533573447560000034e+02
1.893764733060000083e+02
1.880467086710000046e+02
1.815080155660000116e+02
1.985812961309999878e+02
2.470984897540000134e+02
2.604966360629999826e+02
3.979041442270000175e+02
5.053726118910000196e+02
5.801798438629999737e+02
4.685613481620000016e+02
4.591842619259999765e+02
3.982693844290000129e+02
3.979169379449999724e+02
4.023050053970000022e+02
2.979429498260000173e+02
2.453394784099999981e+02
2.277360632109999869e+02
2.219900740239999948e+02
2.101831179190000114e+02
2.073291402410000046e+02
2.661974491230000126e+02
2.732816065229999936e+02
2.086609885459999987e+02
1.395109844289999899e+02
9.717175346989999696e+01
3.978306920130000179e+01
1.605797556579999963e+01
1.286652915800000052e+01
6.130019986719999991e+01
2.971870921980000162e+02
1.037709637969999932e+02
1.071672834079999959e+01
-2.386556440300000137e+00
-9.866625509999999988e-01
-2.915541934999999896e+01
-5.353692310680000332e+01
-5.007354973590000213e+01
-6.747395246300000338e+01
-7.363174432780000700e+01
-7.967521668540000235e+01
-9.245940853330000664e+01
7.754546504709999510e+01
1.557644673959999864e+02
3.187908265539999775e+02
2.535978216999999972e+02
1.348255832959999907e+02
1.645428538300000127e+02
1.573039946760000021e+02
1.645425052850000043e+02
1.906440432070000099e+02
1.311096979090000048e+02
1.205374359770000012e+02
1.109985116900000008e+02
6.967988648719999389e+01
2.159912325280000118e+02
1.132288064069999933e+02
1.739734685269999943e+02
1.483703274700000065e+02
1.247661394680000058e+02
1.565714625859999956e+02
1.953655723169999874e+02
2.382750965740000026e+02
2.871483910680000236e+02
3.601961825829999952e+02
3.875015005519999818e+02
5.310831651839999950e+02
3.794993487300000083e+02
4.027101700609999853e+02
3.248799000060000139e+02
3.076947005220000051e+02
2.665837261379999745e+02
2.406380151330000103e+02
2.220136629460000108e+02
2.042894018480000113e+02
2.137541864069999917e+02
2.203348931920000098e+02
2.462989384159999986e+02
2.075554235120000044e+02
1.131598226619999963e+02
1.346110535439999865e+02
1.323810166519999996e+02
3.826112422279999947e+01
-4.002968457599999752e+00
-1.044060314700000047e+00
6.239990546920000014e+01
3.593999879689999943e+01
3.307012531150000001e+01
1.047331529840000002e+02
2.015183191950000108e+01
-9.085833098000000163e+00
-2.658432188740000157e+01
-4.817922693770000109e+01
-5.194426211740000099e+01
-5.664219435529999913e+01
-6.883095768210000642e+01
-5.055900407400000063e+01
2.802462877510000112e+02
2.515980688239999949e+02
1.349003950850000138e+02
1.467032294509999986e+02
1.296337654760000078e+02
1.089638839100000069e+02
1.032856228339999944e+02
1.029727067940000040e+02
9.109268352050000317e+01
9.821561649289999707e+01
6.026027169169999809e+01
4.511350488130000258e+01
7.740385790039999847e+01
5.749121199969999907e+01
6.603570867499999508e+01
8.791998300999999572e+01
1.127748378470000006e+02
1.434340322129999947e+02
1.739535446959999945e+02
2.091518294850000075e+02
2.437898838360000013e+02
2.925223370040000077e+02
3.214927930179999862e+02
3.509787598369999841e+02
3.526655091459999767e+02
3.423142064849999997e+02
2.836928508760000227e+02
2.667390513110000256e+02
2.508543395840000017e+02
2.480727540800000099e+02
2.258443701900000065e+02
2.168279906349999919e+02
2.260988224849999995e+02
2.337725416209999878e+02
2.398616858919999970e+02
1.952368427320000137e+02
1.119184370199999989e+02
7.674636413599999685e+01
3.668769320709999704e+01
-9.277820104999999762e-01
-2.000000000000000000e+00
-1.999772308300000079e+00
-3.071167863399999920e+00
3.693011922100000177e+00
1.692329934729999863e+01
3.524844813640000041e+01
-8.448396098999999548e-01
5.064436590000000182e-02
-2.329518152160000000e+01
-4.800761857349999673e+01
-5.857692983030000278e+01
-5.950573739570000242e+01
2.537976281470000117e+02
1.883770442990000049e+02
9.890325063909999415e+01
9.965373166979999553e+01
1.481837458830000003e+02
1.019970435489999971e+02
1.232634820770000061e+02
8.601056862810000325e+01
2.072689684559999890e+01
3.596963347850000048e+01
3.861148277899999925e+00
4.348216465000000142e+00
2.287477480560000132e+01
3.271782632379999711e+01
5.399091775059999776e+01
7.145153980989999809e+01
9.550167560040000581e+01
1.234527519140000038e+02
1.503390201279999872e+02
1.800623309099999858e+02
1.950691744050000125e+02
2.344824303460000010e+02
2.558830020229999889e+02
2.792280183319999765e+02
2.655943981920000283e+02
2.775400055380000026e+02
2.747397161650000044e+02
2.770803839789999756e+02
3.085981417369999917e+02
2.374389315939999960e+02
2.311329855760000100e+02
2.563462449520000064e+02
2.558205990820000011e+02
2.666803177969999865e+02
3.383675918760000059e+02
2.074783903740000142e+02
1.142030014230000035e+02
2.432768734560000112e+01
1.054261981700000073e+00
-1.000000000000000000e+00
-2.000000000000000000e+00
-1.000000000000000000e+00
8.978819784949999416e+01
-1.000000000000000000e+00
-1.357790371000000107e+00
5.637251372109999892e+01
2.204678833570000052e+01
-1.000000000000000000e+00
-2.473933063100000052e+00
-3.540889612689999666e+01
-6.108646616760000114e+01
-5.165823096569999962e+01
1.067910683350000056e+02
1.292248870159999967e+02
8.110011102459999677e+01
1.449230085369999870e+02
6.353015973870000010e+01
3.734397979610000107e+01
2.316165906559999854e+01
-1.500044685619999996e+01
-1.417033541560000032e+01
-1.500000000000000000e+01
-2.419676754600000201e+00
2.069491932120000044e+01
3.523182125670000175e+01
5.266086390920000326e+01
5.608800912979999964e+01
7.213704360010000016e+01
9.270204845050000131e+01
1.156800726109999999e+02
1.377907743929999924e+02
1.723683218980000049e+02
1.916664522449999879e+02
2.642958364159999860e+02
2.215130323509999926e+02
2.281568725779999909e+02
2.597414693779999766e+02
2.381369645659999890e+02
2.343360497330000101e+02
2.280212919040000088e+02
2.379458908359999896e+02
2.500299142819999929e+02
2.605997755490000145e+02
3.260990799659999766e+02
2.313652213500000130e+02
2.865499589780000065e+02
2.024511580550000076e+02
8.986033503519999499e+01
1.937166575930000079e+01
9.742389508500000517e+00
-1.913907932100000098e+00
-3.952429188800000048e+00
-1.651570530699999928e+00
-3.564935660000000173e+00
-3.448035984200000126e+00
-6.333627230000000274e+00
-4.179134713899999909e+00
-3.853056829499999836e+00
-8.086415449100000430e+00
-1.093523061269999985e+01
-3.053884209570000152e+01
-6.073013396089999816e+01
1.224816079290000062e+02
4.822146165449999700e+01
3.299485939729999728e+01
3.007677030059999979e+01
2.999325514879999943e+01
1.222413696950000030e+02
8.296119219950000456e+01
9.066404090999999887e-01
-8.559303776700000199e+00
-2.208775007399999879e+00
2.503274490299999933e+00
2.032150158760000025e+01
2.885493225749999979e+01
3.270309627790000206e+01
3.779856652280000162e+01
5.609141303949999724e+01
7.407319943989999445e+01
9.259349106630000392e+01
1.137529820590000043e+02
1.365917690740000126e+02
1.621169811739999886e+02
2.036367429869999910e+02
2.102048629989999995e+02
2.150149042630000054e+02
2.429482307090000006e+02
2.137352854480000133e+02
2.016663140429999999e+02
2.197155286969999963e+02
2.485430848880000099e+02
2.621716574150000270e+02
2.662626472250000234e+02
2.545684537749999947e+02
1.733712215070000013e+02
2.441400034670000139e+02
1.812539349490000120e+02
9.971764772299999890e+01
1.928054302999999914e+00
-4.043802207799999771e+00
-8.899695137700000203e+00
-1.277361778090000044e+01
-1.760422484789999942e+01
-2.043800833939999961e+01
-2.032747053450000152e+01
-2.016791935159999838e+01
-1.902354541000000054e+01
-1.882785864319999902e+01
-2.177347951550000005e+01
-2.762192511809999829e+01
-4.814748991790000332e+01
-5.358578761889999953e+01
-4.414943557189999979e+01
4.911764190580000218e+02
4.147420854810000037e+02
1.206600417009999973e+02
3.437247715149999863e+02
1.162076360220000026e+02
7.969791764410000212e+01
3.192278277959999855e+01
1.397969103690000026e+01
1.994118859809999833e+01
2.704749877549999937e+01
1.202971459890000006e+01
2.132987918170000086e+01
2.680698186969999952e+01
3.075196841660000047e+01
4.023508640869999908e+01
5.688056641290000215e+01
7.384666589009999882e+01
9.377963678179999363e+01
1.227572872909999973e+02
1.747624497520000091e+02
2.397496100920000117e+02
1.749119137369999919e+02
1.895196483469999862e+02
1.832908375609999894e+02
1.869196610340000007e+02
2.127949831509999967e+02
2.195997174960000109e+02
2.392573382820000063e+02
2.608365619799999990e+02
2.494563486129999887e+02
3.377880516050000210e+02
1.119843660500000055e+02
1.863080210009999860e+02
8.347269708979999336e+01
5.517653187399999659e+00
-3.223545563500000100e+00
-2.143113596530000109e+01
-2.560362131449999978e+01
-2.822063859340000036e+01
-2.909752784370000001e+01
-2.998792529250000172e+01
-3.085779526680000018e+01
-3.267133846729999647e+01
-3.576850282920000268e+01
-4.035895535360000252e+01
-5.705394389580000336e+01
-5.801336676020000027e+01
-4.696484114830000323e+01
3.837679366030000097e+02
3.981425128039999777e+02
6.176916729910000186e+02
2.645834961090000093e+02
1.232104989340000003e+02
5.942591415100000063e+01
5.204087804899999981e+01
3.776406555610000026e+01
5.002231985089999711e+01
4.048385393849999758e+01
2.017432828220000118e+01
2.630550315620000035e+01
3.317789956040000021e+01
4.700181454669999681e+01
5.590306909520000289e+01
6.407458864439999502e+01
7.143469997729999932e+01
9.156125046619999353e+01
1.298291058380000038e+02
1.810318961650000062e+02
1.745347283879999907e+02
1.660388034650000009e+02
1.948451691299999879e+02
2.108845186140000010e+02
2.450073508579999952e+02
2.633030158889999939e+02
2.982390212610000049e+02
2.057296299090000105e+02
1.937707417649999968e+02
8.688621902840000644e+01
7.542456357400000400e+01
5.616898535960000061e+01
1.977328879219999891e+01
-2.049369398000000064e+00
-7.163070741500000338e+00
-3.106640335779999873e+01
-3.501311278139999672e+01
-3.598872850840000126e+01
-3.599999990540000283e+01
-3.631153802040000045e+01
-3.809162010819999722e+01
-3.973264805590000037e+01
-4.399708711310000098e+01
-4.919262551060000277e+01
-4.496191205600000274e+01
3.956206398700000193e+01
8.647460445880000179e+01
6.841792884420000291e+02
1.157608169290000006e+02
3.813553426419999681e+01
3.277236993649999874e+01
2.852622756070000065e+01
2.567894502749999930e+01
6.497805322579999654e+01
3.295970871869999996e+01
2.886103839369999946e+01
3.887452015400000249e+01
7.428877748899999744e+01
8.169339160639999875e+01
7.296867970040000273e+01
7.830857950290000247e+01
1.513632099030000120e+02
1.285253050819999885e+02
1.474286402829999929e+02
1.966994351040000026e+02
2.460392219960000091e+02
2.572983474619999811e+02
2.859872345200000154e+02
3.157293438589999823e+02
3.202030450820000169e+02
3.315993849820000037e+02
2.428857034339999927e+02
1.172833763099999942e+02
6.098676271920000147e+01
3.146808086409999916e+01
2.681471616900000043e+01
-8.005303044799999768e+00
-3.466930787439999762e+01
-3.600000000000000000e+01
-3.700000000000000000e+01
-3.700000000000000000e+01
-3.723092255689999774e+01
-3.797528309409999991e+01
-4.000000000000000000e+01
-4.211234518210000033e+01
-4.207020196940000289e+01
1.000000000000000000e+00
2.376766529100000014e+01
2.138620213600000142e+01
2.850443706060000082e+01
2.820253591159999829e+01
2.938197798319999876e+01
3.223063931640000135e+01
3.826192685150000017e+01
3.639805427089999768e+01
3.895343145479999691e+01
6.212080249510000129e+01
5.190361121320000137e+01
7.310974323489999449e+01
8.632525952759999655e+01
9.163478663460000462e+01
1.088583606210000028e+02
1.343259024639999950e+02
1.452052812109999991e+02
2.387838818230000015e+02
2.633834875590000024e+02
4.012612413219999894e+02
4.891061664569999721e+02
3.755431930120000175e+02
4.160678587630000038e+02
3.270416907410000249e+02
2.955380887000000030e+02
8.906299556640000503e+01
5.065220254140000122e+01
1.621963190889999851e+01
-3.700000000000000000e+01
-3.700000000000000000e+01
-3.700000000000000000e+01
-3.700000000000000000e+01
-3.800000000000000000e+01
-3.823057276619999811e+01
-3.900000000000000000e+01
-3.800143242570000268e+01
-3.395701167930000253e+01
4.427544794519999982e+01
4.154851751000000348e+01
4.496974652530000327e+01
4.527816607759999812e+01
3.359531531809999905e+01
3.613651812429999666e+01
4.980263221159999887e+01
3.845772016370000301e+01
2.938002238540000022e+01
4.456760544880000197e+01
6.417601909260000070e+01
5.455374697669999762e+01
6.437460550279999438e+01
9.863910079609999570e+01
1.119574490180000055e+02
1.160284937480000025e+02
1.289944761069999970e+02
1.584945253699999910e+02
2.059604649339999867e+02
2.666132243449999919e+02
2.967638947799999869e+02
3.686982681929999899e+02
3.013987361939999801e+02
2.233758170700000107e+02
1.413209979760000010e+02
7.818129193650000275e+01
5.263856519410000345e+01
2.738325295330000131e+01
-3.700000000000000000e+01
-3.657178533249999930e+01
-3.600000000000000000e+01
-3.600000000000000000e+01
-3.600000000000000000e+01
-3.600000000000000000e+01
-3.593379262530000062e+01
-3.600027388720000232e+01
9.522782125230000361e+01
1.067257462470000036e+02
7.600340972829999941e+01
7.137171959840000568e+01
7.314603819980000310e+01
9.209115815859999543e+01
1.255690095390000067e+02
1.464996934399999873e+02
6.533361771609999380e+01
6.903910779189999403e+01
7.974081786879999356e+01
1.048180306029999969e+02
1.233003092259999960e+02
1.411655499119999888e+02
1.561618520099999898e+02
1.883922899110000060e+02
2.791449121439999885e+02
4.010722150720000059e+02
3.026829330599999821e+02
1.909321599220000110e+02
1.481371278949999919e+02
1.209624101290000056e+02
-3.609164921419999672e+01
-3.502355540989999838e+01
-3.401854023239999947e+01
-3.274712000960000324e+01
-3.197623397159999925e+01
-3.148459166199999970e+01
-3.103545701190000017e+01
-2.869764957949999840e+01
1.749062353399999949e+02
1.472513327089999962e+02
1.184742409130000027e+02
1.309807490910000070e+02
1.240133988959999982e+02
1.228134215059999974e+02
1.117238729009999929e+02
1.448789926949999938e+02
9.320359317780000197e+01
9.895293005460000302e+01
1.296197524680000015e+02
1.955922897599999999e+02
2.450156299349999927e+02
2.860400230849999730e+02
2.273519596870000044e+02
2.056790209730000072e+02
1.366386640759999977e+02
1.206208281180000057e+02
-2.764114800349999967e+01
-2.698082608329999843e+01
-2.704514160540000134e+01
-2.596161614860000100e+01
-2.592890388300000026e+01
-2.504468954369999878e+01
-2.392272974189999957e+01
-2.195662203599999884e+01
1.211780389780000036e+02
8.271153032029999963e+01
7.086502677709999887e+01
1.553495430829999862e+02
1.350207886020000103e+02
1.296064120640000112e+02
1.746959401610000100e+02
1.597926365270000133e+02
1.138283866780000011e+02
1.575226963350000062e+02
1.878446195760000137e+02
2.741693171090000192e+02
2.261521378539999887e+02
1.514282909800000141e+02
1.147042827669999951e+02
9.690278073220000010e+01
-1.277370288150000022e+01
-1.432706729210000063e+01
-1.557604645610000027e+01
-1.585421701930000005e+01
-1.615984272000000033e+01
1.569894711160000043e+02
1.695135926949999998e+02
2.259545531930000095e+02
1.784188279109999939e+02
1.757079955089999999e+02
1.854992968779999956e+02
1.458496731889999865e+02
2.080212046599999951e+02
2.303218517280000128e+02
2.153652431820000004e+02
1.541721826490000069e+02
1.434309592170000087e+02
1.270467665040000043e+02
1.215616883790000031e+02
8.354202430499999821e+01
8.960227896199999265e+00
7.451106242299999849e+00
3.610058863319999745e+01
1.386182963889999975e+01
-4.395355970699999837e+00
1.678524003880000066e+02
2.011123739710000109e+02
2.132866074510000090e+02
2.282644326729999875e+02
2.170510546060000081e+02
2.468768642299999954e+02
1.648890303210000070e+02
1.819036885630000029e+02
1.838341196110000055e+02
1.526917355520000115e+02
1.534753766880000114e+02
1.648664862239999991e+02
1.814173945189999984e+02
1.668977302810000083e+02
8.306440231039999844e+01
6.760777478069999802e+01
7.203041599930000416e+01
1.386239591950000083e+01
3.875923156609999864e+01
1.616393247359999918e+02
1.819844535439999902e+02
2.004817387150000059e+02
2.391919759410000097e+02
2.836106876810000017e+02
1.877753918470000087e+02
2.047720066969999948e+02
2.131786585849999938e+02
1.887294090949999941e+02
2.020831357589999868e+02
2.473717057099999863e+02
2.812459885239999835e+02
2.444220170629999984e+02
1.099034001699999976e+02
7.136000822069999572e+01
8.509054308189999460e+01
4.585322368869999821e+01
6.064718474400000048e+01
2.019793816659999948e+02
1.731842951410000069e+02
1.925075232160000098e+02
2.168168745149999950e+02
2.324254921110000112e+02
2.369375550739999881e+02
2.331297794520000082e+02
2.588060392130000196e+02
2.424526386080000009e+02
2.520340163140000129e+02
3.357471573519999879e+02
4.954517747119999740e+02
4.272894112999999834e+02
3.182475038779999750e+02
1.762475660119999930e+02
1.966146381769999891e+02
1.456464639010000042e+02
1.004523566689999967e+02
2.757954144550000137e+02
2.879121914510000124e+02
2.901552215400000136e+02
2.524959564849999936e+02
3.783064487839999970e+02
8.570375108580000187e+02
4.211848447950000036e+02
7.862654644479999888e+01
3.559446036420000326e+01
-5.000000000000000000e+00
2.359496967260000133e+02
2.221015340289999926e+02
2.233748695310000016e+02
6.719974776980000115e+02
-1.381561059849999928e+01
-1.495217501589999983e+03
2.477497502909999980e+02
2.628481882240000118e+02
-2.984706163119999928e+03
-2.708807848509999985e+03
1.543471798829999898e+03
2.047512570119999964e+01
2.143881144720000123e+02
2.050101985499999955e+03
1.652321249520000038e+03
2.685293364629999814e+03
2.227538325829999906e+02
4.313018575200000093e+00
1.528967029179999884e+02
3.900748679690000245e+02
1.828046512670000084e+03
1.768246349980000105e+03
-2.260487909169999909e+02
6.980834505379999655e+01
1.394912139219999972e+03
1.605087247579999939e+03
1.912612407009999970e+03
8.580025194219999776e+02
-1.858440208660000053e+03
-1.511767717420000054e+03
-1.998948605649999990e+03
-2.577842717340000036e+03
-3.218882390719999876e+03
-3.074488757139999962e+03
-3.815322970220000116e+03
2.596935807470000057e+01
4.294235565439999647e+01
1.121142582859999948e+03
1.119524083389999987e+03
-1.657419472419999920e+03
-1.758179370470000094e+03
-1.396752274810000017e+03
-1.635368743960000074e+03
-1.967390272529999947e+03
-2.741069395280000208e+03
-4.531930834550000327e+03
-3.929428288820000034e+03
4.975984273020000046e+02
1.643698224069999924e+03
2.900034004940000159e+03
1.959615702950000014e+03
3.379084465689999774e+02
-5.011631211170000029e+02
-7.860475969270000007e+01
-5.221413623790000429e+02
-9.921916680309999492e+02
-1.125497374280000031e+03
-1.189546273830000018e+03
-1.286413725529999965e+03
-2.059682004140000117e+03
-2.485826734929999930e+03
-4.169091032909999740e+03
-4.241828629329999785e+03
-4.511843125059999693e+03
-3.519920182500000010e+03
-2.715863972569999987e+03
9.620510070099999922e+00
3.427588356379999937e+02
1.932609357229999887e+03
3.600106235449999986e+03
1.790946190390000083e+03
1.353721677720000116e+02
-9.919812140049999698e+02
-9.675209759729999632e+02
-1.049287740360000043e+03
-1.078694177130000071e+03
-1.226733501310000065e+03
-1.399153530309999951e+03
-2.627101601759999994e+03
-3.843726650229999905e+03
-4.336412121020000086e+03
-4.164531446590000087e+03
-3.824073431129999790e+03
-3.491272755899999993e+03
-2.256731975709999915e+03
-2.328741435309999815e+03
-2.250599804450000192e+03
4.216017191799999786e+00
3.269948894920000271e+02
2.713486938099999861e+03
1.478076684059999934e+03
7.419244782830000418e+01
1.704487386970000102e+02
-9.320082886440000038e+02
-1.112471459110000069e+03
-1.070278794439999956e+03
-1.242482273910000004e+03
-2.110512518399999863e+03
-3.794879827889999888e+03
-4.421942104640000252e+03
-4.235948955300000307e+03
-4.164716615270000148e+03
-3.957594490789999782e+03
-3.604043878519999907e+03
-2.180283713060000082e+03
-2.189109794840000177e+03
-2.042959668230000034e+03
2.142206062250000116e+02
8.250751795480000510e+02
7.193860914660000390e+02
7.274698156930000437e+01
-4.184698824179999832e+01
2.135336665199999970e+02
-4.738194700460000064e+01
-1.101363786489999939e+03
-9.895248891229999799e+02
-1.008312888029999954e+03
-1.431800255919999927e+03
-2.883140099990000181e+03
-4.164584202529999857e+03
-4.428576158089999808e+03
-4.344162103489999936e+03
-4.100637401650000356e+03
-4.098407293799999934e+03
-3.074215830869999991e+03
-2.426025568709999789e+03
-2.164618693439999788e+03
-1.912277546260000008e+03
2.042584544180000137e+02
1.436861192089999975e+02
2.383337568150000152e+01
-8.147670901819999756e+01
-1.103854025539999952e+02
-3.485567568779999874e+03
-5.566612694700000247e+03
-2.058684307600000096e+00
-4.355173564919999762e+01
-1.168852433960000070e+02
-8.738697761629999832e+02
-1.220145893180000030e+03
-1.572215643649999947e+03
-3.936674677519999932e+03
-4.689319996590000301e+03
-4.513004154000000199e+03
-4.184876292920000196e+03
-4.227263672660000339e+03
-4.200644329949999701e+03
-3.083109889029999977e+03
-2.332050851599999987e+03
-2.070557521629999883e+03
-8.567753259359999447e+02
2.965090957130000220e+02
2.510090056759999868e+02
1.176362706509999953e+03
-9.035078569069999332e+01
-2.731350016220000043e+01
-4.073076169089999894e+03
2.273652586849999935e+01
5.769945420770000055e+02
-1.475423704159999943e+03
-1.673687407570000005e+03
-1.862849980689999938e+03
-3.810528997880000190e+01
-4.482606419209999871e+01
-5.366646068129999776e+02
-3.830884933910000001e+01
-1.198385607599999958e+03
-1.495262783129999889e+03
-2.420707098740000220e+03
-3.988939658350000173e+03
-4.663378064860000450e+03
-4.659247616139999991e+03
-4.582656265560000065e+03
-4.536038007770000149e+03
-4.433604856699999800e+03
-3.405068978490000063e+03
-2.152712203730000056e+03
-1.796349377380000078e+03
-9.136969669699999130e+00
1.152332326599999988e+03
-1.889608096019999905e+01
-5.989627679230000012e+02
-3.718232291030000169e+02
-3.665023621949999779e+03
9.088228651490000232e+01
1.461230140940000126e+02
-1.069080640339999945e+03
-1.388124333490000026e+03
-2.054366544189999786e+03
-1.922660616220000065e+03
-6.137398075300000073e+02
-7.297996993860000430e+02
-9.858996531169999571e+02
-1.104864523810000037e+03
-1.500298893599999928e+03
-3.181775749200000064e+03
-4.650254204910000226e+03
-4.631523319779999838e+03
-4.567727715400000307e+03
-4.602733845849999852e+03
-4.443509405859999788e+03
-4.422163067329999649e+03
-3.633503384969999843e+03
-2.123857843010000124e+03
-1.430567279059999919e+03
1.533738880339999966e+01
-9.865148046750000503e+02
-3.813646716810000044e+02
-1.941277022559999978e+03
-2.265869269119999899e+03
-7.276950402649999887e+02
-9.685609307779999710e+01
-6.998781168980000302e+02
-8.592482058079999661e+02
-8.177072624080000196e+02
-1.232082914320000100e+03
-1.985411809169999970e+03
-4.077018629390000115e+03
-4.496994041889999608e+03
-4.672318619869999566e+03
-4.518952847909999946e+03
-4.595421988950000014e+03
-4.571802324029999909e+03
-4.359390142629999900e+03
-3.951442296210000222e+03
-1.876097445090000065e+03
-1.973926051990000019e+01
-1.087435306779999991e+02
-1.404394682529999955e+03
-5.969734681600000314e+00
-2.437089530379999815e+03
-4.817353574159999994e+02
-1.765087192539999933e+03
-1.690691595300000017e+03
-6.123389269980000336e+02
-2.435898474560000011e+02
-9.076832813559999522e+02
-9.847911770279999928e+02
-1.024683072920000086e+03
-1.413190637570000035e+03
-3.459749215419999928e+03
-4.427060070470000028e+03
-4.630968609249999645e+03
-4.688524863810000170e+03
-4.615249213719999716e+03
-4.595575728009999693e+03
-4.536053028850000373e+03
-4.361086220739999590e+03
-3.531443916660000014e+03
-1.872876893650000056e+03
-3.191004987399999848e+01
-1.754115687340000136e+02
1.869631952420000118e+02
-2.324629484080000111e+03
5.060716907670000353e+01
-5.000000000000000000e+00
-3.347215563089999932e+02
-2.976418379649999792e+02
-2.470322975660000111e+02
-3.539799364699999842e+02
-1.627310108209999953e+03
-1.693495362070000056e+03
-1.305458522079999966e+03
-2.810054046209999967e+01
-5.271192857759999697e+02
-9.123454289569999673e+02
-1.503461776209999925e+03
-1.928584056059999966e+03
-3.952219725999999810e+03
-4.611357006059999549e+03
-4.602198420380000243e+03
-4.657772951300000386e+03
-4.699346276219999709e+03
-4.438231569659999877e+03
-4.499605872359999921e+03
-4.268383986730000288e+03
-3.399844289709999885e+03
-8.120375332480000452e+02
-1.132146055149999938e+03
-1.071969125809999923e+03
-6.105816200019999940e+01
-7.256512037060000466e+02
-5.448804392719999896e+02
-2.020533266200000071e+02
-6.983501835430000426e+01
-3.910357044149999979e+02
-4.369804915519999895e+02
-6.344293694450000203e+02
-3.927090137199999731e+02
-7.424896163109999634e+02
-2.204558499079999820e+03
-2.075609627889999956e+03
-1.568409544359999927e+03
-1.207895133680000072e+03
-1.237301861359999975e+03
-1.630739533120000033e+03
-1.526580465629999935e+03
-2.525272135390000130e+03
-4.112111842569999681e+03
-4.760189825419999579e+03
-4.673356899880000128e+03
-4.669626517290000265e+03
-4.647156612120000318e+03
-4.571347318039999664e+03
-4.452937206159999732e+03
-4.074541231329999846e+03
-3.878375922390000142e+03
-5.547865839459999648e+01
-1.482749187089999907e+02
-1.417212023309999950e+03
-3.546089691160000257e+02
-2.698537410930000078e+03
-3.230471215030000167e+03
-2.642059239759999855e+03
-1.554157581579999885e+02
-4.226458817239999917e+02
-5.391627636550000489e+02
-1.035853217520000044e+03
-1.383013751599999978e+03
-2.341206961899999897e+03
-2.003004688239999950e+03
-1.449708633579999969e+03
-1.449094946530000016e+03
-1.839551919940000062e+03
-2.261080879860000096e+03
-3.533512574029999996e+03
-4.085525072540000110e+03
-4.422665207459999692e+03
-4.543816665039999862e+03
-4.600424765050000133e+03
-4.675607336089999990e+03
-4.688307049809999626e+03
-4.560155104540000139e+03
8.666493428539999400e+01
3.444689858840000056e+02
-3.770835689740000021e+02
-5.604853620769999907e+02
-1.240907813530000112e+03
-2.007813596310000094e+03
-2.353553550080000150e+03
-2.294893459960000200e+03
-2.074816969550000067e+03
-2.445462433210000199e+03
-3.136588762410000072e+03
-4.147889313810000203e+03
-4.719826478889999635e+03
-4.644985347509999883e+03
-4.647269391810000343e+03
-4.366873947289999705e+03
-4.630547850199999630e+03
-2.482024828319999870e+03
-3.899047558950000166e+03
-1.423934762780000028e+03
-1.952430357490000006e+03
-1.820407613910000009e+03
-2.717881840099999863e+03
-2.152426060360000065e+03
-2.110074015159999817e+03
-2.874695924080000168e+03
-3.265927700740000091e+03
-4.222760653110000021e+03
-4.643836074529999678e+03
-3.251805207330000030e+03
-3.791075806910000210e+03
-3.974457315269999981e+03
-3.256546169220000138e+03
-3.299275264559999869e+03
-3.003904038250000212e+03
-3.005552276110000093e+03
-2.952790539170000102e+03
-2.172638788320000003e+03
-2.834652924890000122e+03
-2.603442052630000035e+03
-2.961439180889999989e+03
-2.970043919140000071e+03
-1.473753102090000084e+03
-2.829690753280000081e+03
-4.125262725160000343e+01
-3.306601393899999948e+03
-3.183560940490000121e+03
-3.153871589809999932e+03
-3.133076798250000138e+03
-1.669239709460000086e+03
-2.782420127599999887e+03
-3.081259689059999801e+03
-3.207532915960000082e+03
-1.340919745019999937e+03
-2.849185865649999869e+03
-3.177234828579999885e+03
-2.467912940560000152e+03
-1.916390911559999950e+03
-2.069611582789999829e+03
-1.493056065140000101e+03
-2.410474257779999789e+03
-2.145340522580000197e+03
-2.760805951199999981e+03
-2.837141711769999802e+03
-5.022668538789999957e+02
