1.077634874220000029e+03
1.131719364640000094e+03
1.126725837619999993e+03
1.394010641639999903e+03
1.266110674909999943e+03
1.189214767879999954e+03
1.092861927200000082e+03
1.192111274869999988e+03
1.281837949040000012e+03
1.033438679959999945e+03
1.166575230509999983e+03
1.020206911900000023e+03
1.286808043199999929e+03
1.366521121259999973e+03
1.015988019470000040e+03
1.152332326599999988e+03
1.176362706509999953e+03
1.478076684059999934e+03
1.394912139219999972e+03
1.121142582859999948e+03
1.119524083389999987e+03
1.051220723729999918e+03
1.079136951189999991e+03
1.033675212289999990e+03
1.273902202450000004e+03
1.459419983929999944e+03
1.472421344379999937e+03
1.262049299219999966e+03
1.272797029600000087e+03
1.080149244920000001e+03
1.168963290390000111e+03
1.490184015549999913e+03
1.281790261269999974e+03
1.264858127109999941e+03
1.376158580130000018e+03
1.213247844570000098e+03
1.090367647020000049e+03
1.249693172960000084e+03
1.067417177380000112e+03
1.495221435740000061e+03
1.384772209490000023e+03
1.245969905559999916e+03
1.182462580220000063e+03
