2.0000 8.0000 2.0000 150.0000 18.0000 48.7800 263.0700 0.0000 0.0000 48.7800 263.0700 0.0000 1051.9862 0.0000 0.0000 0.2767 0.0000 0.0000 0.5000 Examples/australia/results_2 
2.0000 8.0000 2.0000 150.0000 18.0000 48.7800 263.0700 0.0000 0.0000 48.7800 263.0700 0.0000 1051.9862 0.0000 0.0000 0.2768 0.0000 0.0000 0.5000 Examples/australia/results_2 
2.0000 8.0000 2.0000 150.0000 18.0000 48.7800 263.0700 0.0000 0.0000 48.7800 263.0700 0.0000 1051.9862 0.0000 0.0000 0.2753 0.0000 0.0000 0.5000 Examples/australia/results_2 
2.0000 8.0000 2.0000 150.0000 18.0000 48.7800 263.0700 0.0000 0.0000 48.7800 263.0700 0.0000 1051.9862 0.0000 0.0000 0.2805 0.0000 0.0000 0.5000 Examples/australia/results_2 
2.0000 8.0000 2.0000 150.0000 18.0000 48.7800 263.0700 0.0000 0.0000 48.7800 263.0700 0.0000 1051.9862 0.0000 0.0000 0.2770 0.0000 0.0000 0.5000 Examples/australia/results_2 
2.0000 8.0000 2.0000 150.0000 18.0000 48.7800 263.0700 0.0000 0.0000 48.7800 263.0700 0.0000 1051.9862 0.0000 0.0000 0.2743 0.0000 0.0000 0.5000 Examples/australia/results_2 
2.0000 8.0000 2.0000 120.0000 15.0000 48.7800 263.0700 0.0000 0.0000 48.7800 263.0700 0.0000 1051.9862 0.0000 0.0000 0.2780 0.0000 0.0000 0.5000 Examples/australia/results_2 
2.0000 8.0000 2.0000 120.0000 15.0000 48.7800 263.0700 0.0000 0.0000 48.7800 263.0700 0.0000 1051.9862 0.0000 0.0000 0.2809 0.0000 0.0000 0.5000 Examples/australia/results_2 
2.0000 8.0000 2.0000 120.0000 15.0000 48.7800 263.0700 0.0000 0.0000 48.7800 263.0700 0.0000 1051.9862 0.0000 0.0000 0.2960 0.0000 0.0000 0.5000 Examples/australia/results_2 
2.0000 8.0000 2.0000 120.0000 15.0000 48.7800 263.0700 0.0000 0.0000 48.7800 263.0700 0.0000 1051.9862 0.0000 0.0000 0.2903 0.0000 0.0000 0.5000 Examples/australia/results_2 
2.0000 8.0000 2.0000 120.0000 15.0000 48.7800 263.0700 0.0000 0.0000 48.7800 263.0700 0.0000 1051.9862 0.0000 0.0000 0.2942 0.0000 0.0000 0.5000 Examples/australia/results_2 
2.0000 8.0000 2.0000 120.0000 15.0000 48.7800 263.0700 0.0000 0.0000 48.7800 263.0700 0.0000 1051.9862 0.0000 0.0000 0.2799 0.0000 0.0000 0.5000 Examples/australia/results_2 
2.0000 8.0000 2.0000 120.0000 15.0000 48.7800 263.0700 0.0000 0.0000 48.7800 263.0700 0.0000 1051.9880 0.0000 0.0000 0.2735 0.0000 0.0000 0.5000 Examples/australia/results_3 
2.0000 8.0000 2.0000 120.0000 15.0000 48.7800 263.0700 0.0000 0.0000 48.7800 263.0700 0.0000 1051.9880 0.0000 0.0000 0.2988 0.0000 0.0000 0.5000 Examples/australia/results_4 
2.0000 8.0000 2.0000 120.0000 15.0000 383.9386 3783.6256 72.6027 711.2533 0.0000 0.0000 0.0000 3515.3878 0.0000 0.0000 0.3308 0.0000 0.0000 0.5000 Examples/australia/typicalexp_1 
2.0000 8.0000 2.0000 120.0000 15.0000 383.9386 3783.6256 72.6027 711.2533 0.0000 0.0000 0.0000 3515.3878 0.0000 0.0000 0.3246 0.0000 0.0000 0.5000 Examples/australia/typicalexp_1 
2.0000 8.0000 2.0000 120.0000 15.0000 383.9386 3783.6256 72.6027 711.2533 0.0000 0.0000 0.0000 3515.3878 0.0000 0.0000 0.3288 0.0000 0.0000 0.5000 Examples/australia/typicalexp_1 
2.0000 8.0000 2.0000 120.0000 15.0000 383.9386 3783.6256 72.6027 711.2533 0.0000 0.0000 0.0000 3515.3878 0.0000 0.0000 0.3199 0.0000 0.0000 0.5000 Examples/australia/typicalexp_1 
2.0000 8.0000 2.0000 120.0000 15.0000 383.9386 3783.6256 72.6027 711.2533 0.0000 0.0000 0.0000 3515.3878 0.0000 0.0000 0.3505 0.0000 0.0000 0.5000 Examples/australia/typicalexp_1 
2.0000 8.0000 2.0000 120.0000 15.0000 383.9386 3783.6256 72.6027 711.2533 0.0000 0.0000 0.0000 3515.3878 0.0000 0.0000 0.3445 0.0000 0.0000 0.5000 Examples/australia/typicalexp_1 
<<<<<<< HEAD
2.0000 8.0000 2.0000 120.0000 15.0000 383.9386 3783.6256 72.6027 711.2533 0.0000 0.0000 0.0000 3515.3878 0.0000 0.0000 0.3576 0.0000 0.0000 0.5000 Examples/australia/typicalexp_1 
2.0000 8.0000 2.0000 120.0000 15.0000 48.7800 263.0400 0.0000 0.0000 48.7800 263.0400 0.0000 1051.9184 0.0000 0.0000 0.3212 0.0000 0.0000 0.5000 Examples/australia/results_8 
=======
2.0000 8.0000 2.0000 1000.0000 125000.0000 72.3147 720.1394 7.7755 77.2255 0.0000 0.0000 0.0000 2350.5730 0.0000 0.0000 0.4983 0.0000 0.0000 0.5000 Examples/australia/results_0 
>>>>>>> master
