-15641.67
-15603.18
-15594.02
-15602.33
-15627.35
-15625.53
-15621.45
-15629.98
-15654.09
-15626.15
-15625.14
-15597.73
-15602.94
-15618.33
-15658.39
-15630.34
-15598.67
-15610.55
-15623.21
-15638.22
-15635.63
-15628.06
-15625.23
-15624.75
-15628.80
-15607.34
-15624.49
-15650.78
-15630.69
-15667.87
-15619.89
-15629.22
-15638.11
-15602.67
-15609.20
-15626.73
-15619.14
-15634.24
-15643.25
-15607.55
-15617.09
-15601.32
-15596.12
-15608.86
-15599.37
-15643.15
-15635.82
-15615.87
-15621.97
-15623.82
-15631.78
-15631.66
-15631.27
-15613.34
-15617.33
-15630.63
-15622.76
-15635.12
-15664.05
-15692.89
-15614.12
-15631.06
-15630.54
-15571.60
-15617.37
-15606.33
-15627.02
-15636.30
-15629.06
-15617.81
-15633.73
-15626.18
-15628.60
-15638.64
-15622.63
-15627.59
-15606.87
-15649.84
-15624.99
-15621.61
-15596.04
-15648.64
-15617.07
-15643.53
-15597.18
-15646.92
-15592.16
-15616.18
-15601.44
-15594.30
-15608.17
-15601.80
-15642.32
-15617.82
-15656.58
-15665.31
-15606.01
-15639.34
-15595.06
-15627.89
-15598.48
-15601.43
-15616.85
-15609.82
-15687.29
-15635.07
-15630.69
-15644.06
-15637.98
-15655.75
-15607.04
-15620.50
-15705.95
-15644.03
-15615.97
-15641.72
-15626.03
-15617.31
-15577.23
-15619.54
-15624.25
-15614.76
-15609.19
-15644.61
-15621.56
-15639.79
-15639.75
-15616.37
-15637.05
-15627.87
-15607.09
-15624.00
-15595.00
-15617.59
-15657.87
-15633.77
-15631.68
-15616.55
-15624.87
-15633.40
-15622.34
-15616.83
-15610.75
-15597.72
-15588.04
-15623.79
-15609.00
-15616.93
-15607.21
-15630.12
-15599.40
-15596.69
-15609.30
-15623.29
-15632.18
-15625.11
-15613.64
-15611.25
-15618.49
-15627.69
-15623.47
-15606.79
-15652.70
-15610.62
-15634.98
-15635.08
-15645.25
-15632.69
-15607.99
-15618.94
-15600.35
-15636.62
-15645.85
-15622.22
-15610.44
-15665.73
-15607.25
-15594.21
-15623.62
-15605.13
-15617.27
-15619.45
-15642.63
-15613.56
-15630.38
-15614.32
-15609.66
-15633.43
-15628.79
-15622.22
-15652.41
-15611.43
-15606.55
