-25568.30
-25603.72
-25574.65
-25602.95
-25611.23
-25646.96
-25647.01
-25603.03
-25596.37
-25675.98
-25640.57
-25628.77
-25649.65
-25598.51
-25635.06
-25628.88
-25617.46
-25591.15
-25599.79
-25660.98
-25639.47
-25637.48
-25603.95
-25654.10
-25597.44
-25645.48
-25566.94
-25641.13
-25610.29
-25599.62
-25591.95
-25628.49
-25626.77
-25636.95
-25656.64
-25651.50
-25672.64
-25674.54
-25628.75
-25589.31
-25614.16
-25620.04
-25554.25
-25628.73
-25642.75
-25608.11
-25641.26
-25604.41
-25607.75
-25644.47
-25626.63
-25617.99
-25685.31
-25614.25
-25676.37
-25590.80
-25625.67
-25636.79
-25625.28
-25621.90
-25602.52
-25683.51
-25663.82
-25600.97
-25659.94
-25697.42
-25605.81
-25617.51
-25662.85
-25638.60
-25658.88
-25648.66
-25667.66
-25586.02
-25610.01
-25575.83
-25624.46
-25644.84
-25621.79
-25579.22
-25634.25
-25604.58
-25642.33
-25654.14
-25592.09
-25634.84
-25593.36
-25622.30
-25638.17
-25611.14
-25612.29
-25609.07
-25624.55
-25630.09
-25686.62
-25662.17
-25647.05
-25569.96
-25614.73
-25611.14
-25646.18
-25614.08
-25625.34
-25602.08
-25616.52
-25613.35
-25618.92
-25620.43
-25576.01
-25636.09
-25629.57
-25615.86
-25580.13
-25621.67
-25661.59
-25627.94
-25594.54
-25636.32
-25605.97
-25648.52
-25630.47
-25672.04
-25697.66
-25687.77
-25665.02
-25606.79
-25595.39
-25625.37
-25592.88
-25604.49
-25640.49
-25654.92
-25623.86
-25621.13
-25635.94
-25615.36
-25629.68
-25618.69
-25645.74
-25619.50
-25603.77
-25616.48
-25629.40
-25685.45
-25700.22
-25557.47
-25607.10
-25620.27
-25676.36
-25654.32
-25597.18
-25615.26
-25648.32
-25625.18
-25587.77
-25692.34
-25624.84
-25657.24
-25619.39
-25588.65
-25622.48
-25615.46
-25633.52
-25637.24
-25603.08
-25630.60
-25661.24
-25620.06
-25683.58
-25653.67
-25657.04
-25681.87
-25602.24
-25626.40
-25594.78
-25635.37
-25607.63
-25666.81
-25610.65
-25640.32
-25576.45
-25651.69
-25578.59
-25605.37
-25629.18
-25589.20
-25634.02
-25581.56
-25640.03
-25651.71
-25634.91
-25603.61
