-19056.97
-19021.45
-19055.25
-19036.17
-19005.66
-19021.67
-19010.34
-19031.37
-19045.58
-19045.06
-19073.72
-19028.50
-19027.81
-19031.80
-19030.79
-19070.50
-19056.45
-19037.31
-19069.63
-19099.35
-19079.54
-19059.26
-19062.90
-19009.61
-19033.06
-19015.11
-19056.05
-19059.42
-19026.97
-19026.27
-19082.96
-19039.15
-19069.32
-19064.54
-19029.78
-19005.22
-19014.17
-19055.16
-19054.56
-19034.86
-19060.92
-19037.42
-19058.24
-19042.98
-19058.54
-19042.82
-19003.48
-19033.40
-19024.78
-19027.32
-19046.74
-19065.40
-19043.56
-19023.67
-19043.42
-19008.19
-19077.99
-19058.72
-19024.80
-19068.61
-19094.35
-19051.73
-19043.21
-19096.21
-19029.15
-19065.42
-19055.91
-19021.66
-19035.34
-19079.60
-19026.36
-19071.33
-19030.82
-19055.97
-19044.58
-19029.43
-19040.13
-19034.27
-19018.99
-19042.62
-19038.74
-19028.08
-19029.46
-19039.62
-19058.32
-19042.56
-19010.00
-19036.55
-19034.44
-19044.93
-19041.55
-19073.62
-19055.87
-19025.98
-19063.78
-19037.62
-19055.03
-19043.48
-19035.91
-19098.86
-19030.61
-19031.81
-19042.03
-19017.65
-19050.95
-19055.89
-19036.47
-18997.41
-19054.30
-19009.17
-19039.60
-19016.71
-19045.39
-19077.14
-19025.24
-19046.60
-19059.56
-19039.74
-18970.29
-19040.99
-18986.49
-19016.76
-19051.24
-19059.43
-19008.34
-19051.62
-19025.63
-19004.70
-19028.32
-19001.47
-19026.47
-19019.55
-19011.71
-19044.61
-19012.04
-19015.98
-19040.52
-19046.08
-19015.66
-19068.40
-19033.65
-19012.74
-19002.68
-19058.83
-19035.03
-19043.73
-19058.90
-19036.56
-19043.50
-19038.30
-18993.02
-19012.00
-19043.74
-19036.10
-19019.58
-19029.69
-19033.30
-19028.90
-19054.95
-19049.39
-19033.07
-19051.03
-19024.39
-19042.63
-19060.40
-19005.43
-19043.19
-18999.58
-19067.99
-19069.05
-19035.26
-19009.05
-19021.20
-19008.63
-19032.22
-19024.86
-19058.65
-19064.89
-19030.28
-19047.74
-19029.73
-19033.23
-19012.94
-19027.61
-19045.66
-19021.23
-19065.35
-19015.24
-19032.98
-19016.81
-19041.30
-19004.31
-19013.63
-19039.48
