-20983.81
-20989.75
-21036.75
-21019.82
-21000.88
-21023.05
-21047.31
-21025.06
-21026.88
-21025.39
-21041.62
-21002.52
-21009.11
-21000.75
-20985.19
-21023.24
-21026.88
-20987.54
-20976.12
-20973.65
-21004.61
-21012.21
-21004.58
-21005.06
-20972.08
-21013.27
-21041.01
-20965.12
-21005.01
-21009.72
-21002.42
-21044.37
-21026.12
-21023.42
-21016.36
-21001.74
-21062.71
-21011.37
-21010.39
-21003.51
-20999.97
-21016.03
-21009.20
-21003.89
-21037.25
-21031.41
-21063.67
-21032.70
-21025.88
-20982.32
-20976.19
-21028.05
-21011.73
-21020.69
-21039.54
-21052.29
-21028.10
-21051.56
-20985.17
-21025.19
-21005.59
-21058.54
-21013.62
-21013.34
-21033.58
-21074.19
-21024.18
-20997.94
-21031.39
-21077.07
-21007.93
-21004.82
-20992.51
-21023.43
-21045.65
-21056.54
-21000.59
-21058.53
-21019.00
-20993.36
-21073.01
-21008.21
-21037.10
-21024.04
-21018.36
-21021.55
-20989.74
-21017.91
-21028.62
-21026.18
-20986.24
-20980.34
-21015.55
-21030.85
-21029.11
-21009.71
-21027.36
-21002.28
-20984.60
-21044.75
-21066.06
-21030.70
-21028.36
-21058.23
-20963.86
-21061.47
-21027.76
-21015.26
-21008.60
-21034.69
-21004.62
-20962.93
-21015.62
-21063.81
-21025.55
-21014.00
-20984.00
-21014.03
-21008.03
-21061.54
-20978.17
-21009.53
-20998.66
-21039.47
-21008.43
-20979.14
-21020.28
-21012.39
-21015.25
-21062.49
-21041.96
-21024.42
-21034.47
-21016.54
-20976.61
-20983.35
-21016.58
-21040.74
-21053.69
-21015.12
-21004.75
-21026.53
-20981.31
-20985.86
-21024.87
-21010.82
-20986.66
-21007.62
-21035.78
-21001.69
-21000.66
-20980.34
-21033.96
-21042.59
-21000.67
-20985.94
-20991.28
-21008.36
-21021.52
-21023.92
-21012.53
-21004.61
-21005.39
-21014.49
-21037.28
-21021.57
-21015.00
-21010.23
-20993.73
-21025.77
-21033.78
-21021.26
-21010.34
-21027.96
-21024.86
-21028.96
-20990.70
-21014.12
-20988.87
-21070.79
-21017.62
-20998.21
-21041.47
-21013.62
-21060.10
-20992.57
-21029.94
-21014.71
-21027.23
-21062.01
-21021.60
-21020.74
-20991.75
-21051.24
