-13044.32000 -14384.73000 -17538.44000 -26064.31000 -23636.17000 -21383.10000 -19409.58000 -15931.35000
-13061.53000 -14367.91000 -17568.87000 -26069.80000 -23594.66000 -21372.59000 -19346.51000 -15901.07000
-13026.15000 -14366.93000 -17553.72000 -26106.64000 -23566.00000 -21403.95000 -19344.05000 -15919.21000
-13037.89000 -14374.77000 -17569.68000 -26081.54000 -23571.67000 -21380.12000 -19361.87000 -15921.99000
-13040.12000 -14382.31000 -17576.12000 -26067.66000 -23591.19000 -21355.20000 -19335.86000 -15887.69000
-13036.26000 -14371.04000 -17558.50000 -26054.08000 -23591.31000 -21340.33000 -19330.12000 -15902.90000
-13045.21000 -14370.12000 -17513.24000 -26038.74000 -23565.75000 -21334.05000 -19355.23000 -15896.48000
-13020.81000 -14395.88000 -17519.78000 -26059.70000 -23543.00000 -21370.80000 -19333.63000 -15868.64000
-13041.03000 -14369.31000 -17530.88000 -26049.91000 -23612.94000 -21346.32000 -19366.42000 -15869.60000
-13030.94000 -14372.23000 -17536.37000 -26027.06000 -23551.07000 -21344.20000 -19357.62000 -15889.74000
-13052.43000 -14367.31000 -17502.47000 -26043.40000 -23534.79000 -21314.51000 -19310.70000 -15903.93000
-13049.83000 -14370.77000 -17527.77000 -26011.08000 -23538.40000 -21325.42000 -19328.19000 -15897.41000
