1.641420000833332837e+00
6.012589060416664299e-01
1.918461234791665637e+00
1.196238662395833652e+00
1.152500000000000189e-06
8.280159111458335053e-01
8.606035261458330199e-01
9.434688177083334903e-02
5.456212500000000819e-03
7.495888333333332321e-03
4.127889022916668149e-01
2.475078937812500435e+00
2.227438773421061705e+04
5.097778815937501484e+00
1.142856562500001866e-02
8.971006453531254010e+01
-1.365692232837499489e+02
1.957303489375001604e+01
-1.487560181569790245e+02
-1.230581168541666557e+02
1.370120330420834023e+02
1.013996598816666506e+02
-6.403969301000002190e+01
1.475584219410417290e+02
-6.155838287729164193e+01
4.475607191250005279e+00
2.714749722583333025e+01
7.965624732385417417e+01
8.084329180312498409e+01
-1.235724494781248524e+02
-1.272720377379166763e+02
1.049627159124999132e+01
3.705810775510414601e+01
-1.280270833069791649e+02
9.259817371583335444e+01
-3.531645237656250202e+01
-1.529423496420835136e+02
-1.559236895527083391e+02
7.298975528270834445e+01
1.160302497673957731e+02
1.515542574627083923e+02
1.840760148302084076e+01
1.218356277729166948e+01
8.464682424479159195e+00
1.098291303214583507e+02
-1.587084994044788857e+02
1.618022898414581903e+02
5.722219685218749419e+01
-8.035182810270838161e+01
8.682929093947912236e+01
6.025929885416668519e+00
5.981585939864586265e+01
1.225139208225000260e+02
6.065238057062506272e+01
-1.531693746933333671e+02
-4.529667939833333179e+01
-1.726328333930208316e+02
1.386599436991667460e+02
-6.898021205281244761e+01
3.303925625197919658e+01
1.605225793763541162e+02
-1.030684215298958151e+02
-1.193070856173958276e+02
1.096546592033333667e+02
-1.115862214216667638e+02
-3.963043033947916882e+01
1.555830810353124605e+02
1.150657000538541865e+02
2.051775957864585465e+01
5.885440067927081742e+01
-3.848125330020835833e+01
-3.995479911989584565e+01
-1.348447507958332210e+02
1.319042781694792552e+02
-1.117011538185415844e+02
1.238803128772917148e+02
-1.286638421427083578e+01
-8.482947035614583342e+01
-4.077408602562497464e+01
1.107813111075000592e+02
1.484336887069790976e+02
-1.160789196010417186e+02
-4.449680023593749212e+01
-1.330663549364584419e+01
-1.288954281936457562e+02
-1.644573624098956941e+02
-1.785368785354166121e+01
-1.158649610019792249e+02
-9.824040434010413492e+01
-1.447753685614584640e+02
1.531603152586458805e+02
-3.049065269354165153e+01
-8.495043959416670987e+01
-2.244754302791666589e+01
-6.425465827083328918e+00
3.447315362614580181e+01
-3.936270350572917920e+01
1.648609370583334410e+01
-1.606040062028125988e+02
7.213917613343751611e+01
1.561457902451040525e+02
-1.428959111805207840e+02
3.377000088645835518e+01
-3.395557400083334443e+01
-5.675921909291667333e+01
-1.502905630128125551e+02
1.028363395220833212e+02
5.175089201385416260e+01
-4.405422102968748277e+01
-1.086721485678124708e+02
2.381354153302083532e+01
-1.105128235312499640e+02
-1.343503107742708664e+02
1.396203347002084740e+02
9.505150110739577940e+01
-1.353477316898958804e+02
-7.154458247989585118e+01
1.022837155916666489e+02
-3.765622201124999435e+01
1.274508910531249484e+02
-1.396964409563540812e+02
2.149749463979166464e+01
8.663191428375000669e+01
1.053950731750000536e+01
-1.303678214114582943e+02
-1.103625224170833832e+02
9.112187329312494910e+01
1.005944349227083450e+02
-1.653833882964583779e+02
-1.462459449004165322e+02
1.613207461927082775e+01
-1.079545154816666326e+02
1.493307175006248428e+02
1.282301378065625670e+02
-1.434782941730209416e+02
-2.226001824031250109e+01
2.601485061666665999e+01
-1.365754128014583273e+02
-9.522137647052078080e+01
6.795794052302088062e+01
8.897441883500000870e+01
1.320129270261458032e+02
9.941211849114579024e+01
-8.363694644791667798e+00
-1.320603139996875086e+02
2.481649446364586709e+01
-6.890088128645833088e+00
-9.479879860166660421e+01
-1.178936782286457969e+02
-1.369079041340624201e+02
-1.616701884147916815e+02
1.448504702747916042e+02
1.296610299983334755e+02
-1.222751952970834139e+02
-1.217695764451042209e+02
-9.605147304520833984e+01
-1.305578823529166641e+02
-1.206788116837499416e+02
4.905817153968754241e+01
2.590924400947916340e+01
8.692239759916661512e+01
1.579522209034375351e+02
-1.185098682215624422e+02
1.332341037635416683e+02
-7.395465272229166942e+01
-4.534905889437501258e+01
-8.585132187916663327e+00
1.899294305927083926e+01
-6.531800831968747900e+01
-1.293289439123958289e+02
1.205496176861458224e+02
7.619388426666667158e+01
5.598493142218752183e+01
-5.484557991687503886e+01
1.157282882058333939e+02
-3.551667659874998861e+01
1.399927289770833170e+02
1.348794022285416361e+02
-9.223664157020834864e+01
1.301350150278124147e+02
-1.689421503125031199e-01
-7.714755025552081236e+01
-3.048943908718750251e+01
-1.116319849791665320e+01
6.088518494260411984e+01
1.587022189622915675e+02
-5.975384390729167272e+00
1.519746278788541360e+02
4.832964388645836351e+01
8.426298870729153734e+00
-1.162450604520833366e+02
1.148317784235416070e+02
1.196123556708332991e+01
6.941607591770828201e+00
3.501126288052083879e+01
-1.952713713312499522e+01
-1.489595075426041433e+02
-1.198149682229166757e+01
-1.154611447870833132e+02
-6.182886744510420129e+01
1.660393178965625225e+02
3.450712114791665641e+01
-5.219094079437502387e+01
-2.235312381010414740e+01
1.003365862202083605e+02
-1.106859373363542289e+02
9.508261930312494670e+00
9.313645271375001755e+01
1.507492352854166029e+01
-2.418039968093748726e+01
8.818118476333341960e+01
-1.735448273104166717e+01
-1.156775401765624451e+02
1.010604790679166882e+02
-1.607542489223958455e+02
1.214051312811458985e+02
1.303230446779166982e+02
1.143078290976041984e+02
7.526501375041665653e+01
-8.964566857822917711e+01
1.451884534427082940e+01
-1.922439422885415539e+01
-2.505086252645833511e+01
2.435138711479166318e+01
1.391185280051041389e+02
-1.002506971001040910e+02
-5.471130404666669023e+01
8.640395886041666529e+00
-1.087709797785416868e+02
7.064971126124997625e+01
-9.437561797656256601e+01
9.950724516760419647e+01
6.841342387583331686e+01
-2.972525518895835361e+01
1.366117431997917322e+02
-1.344535263674998475e+02
-8.714138906875001922e+00
2.280237008229166307e+01
-1.373907993015623958e+02
6.839382465916669673e+01
-4.298882733916669707e+01
-9.083996649083331931e+01
-3.497169789708334520e+01
-1.455039049171874410e+02
-9.194580331260425510e+01
-1.351133270434374651e+02
1.189093199490624784e+02
1.001819844186458539e+02
-9.968866675020836965e+01
4.270816610697915650e+01
-4.496815983802084560e+01
7.041423951302088824e+01
1.180531489312500071e+02
-1.310871461854167563e+01
1.566708069838541348e+02
4.341322672354166912e+01
-1.468491162232291458e+02
2.195367095177083172e+01
6.037016442645829528e+01
7.070935426687499614e+01
-1.220362735103125260e+02
-1.500248813634376575e+02
1.055214312928124656e+02
5.199068574635413853e+01
-1.605374293168749773e+02
-4.743121877270834119e+01
1.415527322916741715e-01
-1.360048949459374228e+02
1.536785993041666529e+02
-1.064024813484376040e+02
1.149724369612500254e+02
7.238940973145828650e+01
-7.404769469562494066e+01
-1.211881803397916002e+02
6.627046389791667025e+01
1.552258416103125285e+02
-6.629565795322915278e+01
-2.015075403718751446e+01
-2.583444091729166914e+01
-1.173906088390625229e+02
-5.627343930906246783e+01
-4.076209493031247888e+01
-5.452130455312502733e+00
-1.106460405960417148e+02
1.106388594828124496e+02
1.159531071047916271e+02
-1.018527085951041045e+02
-2.876788036989583119e+01
1.401485092401041186e+02
-1.206676134025000806e+02
1.175588073346874012e+02
7.648959636624992697e+01
9.863862817239582625e+01
-8.959694706843744427e+01
6.701588797052082214e+01
-3.615833817541665240e+01
2.714816561770829306e+00
-1.464719295416666256e+01
-1.594163875778123725e+02
9.408447471093747083e+01
1.418882108992708595e+02
9.685544722718749711e+01
-3.494480985364582892e+01
1.454785506216666988e+02
5.035336250718754059e+01
1.249349723168748909e+02
9.149767741781248276e+01
-8.424709297125004070e+01
-8.374440642437498639e+01
7.214509333229173649e+01
-1.354180625997917389e+02
-8.107358818750011187e-01
-8.528401187499075331e-02
1.264425524564583014e+02
-2.036178040385417276e+01
7.440645238583330467e+01
1.447738570617708831e+02
9.777184798239591146e+01
-1.205105845036458163e+02
-1.531723476251041518e+02
-9.964295641729161446e+01
7.228081801791668681e+01
-5.999914891739582146e+01
7.984658645208334349e+01
-2.697997732500000634e+00
-3.684622478239582932e+01
-1.124827810680208700e+02
-8.228690572395832348e+00
-3.610430050374997535e+01
8.943646658166672125e+01
9.126014019062499472e+01
1.770200632093747828e+01
6.922162467322920065e+01
1.420742284560416238e+02
-1.505875615625005937e+00
-5.088003013197916147e+01
-3.049984744072918375e+01
7.437464311447909893e+01
-1.151678411905208037e+02
2.324776601114584196e+01
3.134256304843749774e+01
-3.257780227916664018e+01
-1.494296328746873996e+02
-5.064610544510413348e+01
-1.581119320546876850e+02
1.122604881989584413e+01
1.450504550733333531e+02
1.197462187743750377e+02
-9.024647684395834801e+01
-1.158474067823958649e+02
1.511782370241667479e+02
9.137836804687502479e+01
6.649244957656252097e+01
-1.329833613058332560e+02
1.262769820645833896e+01
1.110638033341667210e+02
-1.149277196871874480e+02
1.225499582109375041e+02
-1.358798123060416287e+02
-1.288089841407291090e+02
-7.120670848833337629e+01
7.467465367895833595e+01
1.203594097258333733e+02
-9.137589542072912252e+01
9.829529526781249160e+01
1.249673276102083150e+02
1.854541639197917391e+01
8.083709451208331132e+01
-8.777244971260417117e+01
-4.402148939375004488e+01
5.473900015739582869e+01
-1.591403233713540715e+02
2.199574806447914810e+01
7.326957334687508983e+00
-8.883629695114585445e+01
4.315069091781251132e+01
7.914052158781254320e+01
-9.511494625166660910e+01
-1.366909189458333707e+01
-6.665268981885412813e+01
-7.438456925770832129e+01
9.663194874125004219e+01
-6.047603510229165380e+01
-6.650806939229170212e+01
2.474495468437498857e+01
-1.017436383016667065e+02
-4.633100952083357149e-01
-2.342437323166667440e+01
-1.313920875010416900e+01
7.551318741874996299e+00
-7.142885025458332393e+01
-1.234037821781251267e+02
5.386357628458330993e+01
1.323494493015624869e+02
-4.463943013229168422e+00
2.903722524177083741e+01
1.214963583890625642e+02
1.131803528822917748e+01
6.138870193958334198e+01
-1.663210808024999494e+02
4.825859516197916577e+01
1.381021267066666098e+02
-4.324476797468747691e+01
7.676527500729163478e+01
-1.932036027052083682e+01
-3.351804159750002299e+01
-1.520889782458333350e+01
-1.339966353580207965e+02
-1.772816941812499891e+01
4.826392260291668634e+01
-1.600796748812498436e+02
9.961483780885419037e+01
-2.419542867927082952e+01
-9.430393276791666324e+01
7.104270330802086164e+01
