1.000000000000000000e+00
1.000000000000000000e+00
4.161100000000000136e+02
4.161100000000000136e+02
4.161100000000000136e+02
4.161100000000000136e+02
4.161100000000000136e+02
4.148500000000000227e+02
4.148500000000000227e+02
4.148500000000000227e+02
4.148500000000000227e+02
4.148500000000000227e+02
4.166999999999999886e+02
4.130799999999999841e+02
4.128700000000000045e+02
4.128700000000000045e+02
4.128700000000000045e+02
4.128700000000000045e+02
4.135500000000000114e+02
4.135500000000000114e+02
4.133799999999999955e+02
4.133799999999999955e+02
4.129499999999999886e+02
4.129499999999999886e+02
4.172699999999999818e+02
4.172699999999999818e+02
4.172699999999999818e+02
4.172699999999999818e+02
4.172699999999999818e+02
4.172699999999999818e+02
4.128299999999999841e+02
4.128299999999999841e+02
4.128299999999999841e+02
4.128299999999999841e+02
4.109399999999999977e+02
4.109399999999999977e+02
4.175500000000000114e+02
4.175500000000000114e+02
4.175500000000000114e+02
4.175500000000000114e+02
4.175500000000000114e+02
4.163299999999999841e+02
4.145000000000000000e+02
4.145000000000000000e+02
4.145000000000000000e+02
4.131200000000000045e+02
4.131200000000000045e+02
4.112400000000000091e+02
1.000000000000000000e+00
4.159100000000000250e+02
4.121700000000000159e+02
4.121700000000000159e+02
4.121700000000000159e+02
4.121700000000000159e+02
4.121399999999999864e+02
4.091899999999999977e+02
4.091899999999999977e+02
4.091899999999999977e+02
4.081299999999999955e+02
4.081299999999999955e+02
4.177799999999999727e+02
4.162599999999999909e+02
4.162599999999999909e+02
4.162599999999999909e+02
4.137400000000000091e+02
4.116000000000000227e+02
4.106999999999999886e+02
4.106999999999999886e+02
4.106999999999999886e+02
4.106999999999999886e+02
4.079100000000000250e+02
4.079100000000000250e+02
1.000000000000000000e+00
4.144700000000000273e+02
4.140799999999999841e+02
4.140799999999999841e+02
4.127799999999999727e+02
4.118700000000000045e+02
4.118700000000000045e+02
4.118700000000000045e+02
4.118700000000000045e+02
4.118700000000000045e+02
4.088000000000000114e+02
4.088000000000000114e+02
1.000000000000000000e+00
4.204399999999999977e+02
4.204399999999999977e+02
4.204399999999999977e+02
4.178000000000000114e+02
4.178000000000000114e+02
4.178000000000000114e+02
4.140899999999999750e+02
4.140899999999999750e+02
4.140899999999999750e+02
4.140899999999999750e+02
4.140899999999999750e+02
