5.734240944766363368e-01
3.875880769531286907e-01
6.287054879249855954e-01
6.097995906198759863e-01
3.178901801985500426e-07
2.076876497474984817e-01
3.102616351743104350e-01
4.108797239804581891e-02
2.406080708257725582e-03
2.268810025742968531e-03
1.590648258930409953e-01
1.650474654096010463e+00
5.224854493237240604e+03
1.233981678725768250e+00
7.388881928733056527e-03
7.443242523915736797e+01
4.627921140877362660e+01
8.417175459477032007e+01
5.661212263956588231e+01
6.378315478709497910e+01
4.935248141144381862e+01
5.045617419994447062e+01
6.056903461925359977e+01
4.631498566868040712e+01
7.175443553224152993e+01
7.527089131703068858e+01
4.418930844128819757e+01
5.006372335167073828e+01
6.240651792940752074e+01
6.395716886874827622e+01
5.551892806066816632e+01
5.888507499138368928e+01
6.759174527311841985e+01
4.763290170555546155e+01
6.113591853478088467e+01
6.439715427107559265e+01
4.850763876273793329e+01
4.613295658546741862e+01
4.648366244391913682e+01
5.334584417219241459e+01
5.392923149882126665e+01
4.406635663966894612e+01
7.947667363736573520e+01
6.476397369930384684e+01
5.103553423071696926e+01
5.370013213623612103e+01
4.532157121117369769e+01
5.834525223808521588e+01
4.477919484181129661e+01
5.754753198338628550e+01
5.696576628214335614e+01
4.121652043400435161e+01
6.330935084667144963e+01
6.811888157668535371e+01
4.232168242994232088e+01
6.661669009589053303e+01
4.526264437235272453e+01
5.133805488245405968e+01
5.592908901280409850e+01
8.369452299801564266e+01
5.021002155339125039e+01
5.359108486478147171e+01
4.664451582011199093e+01
7.178746343233297011e+01
4.595563114668970428e+01
5.750336075082429943e+01
5.332740155057754095e+01
4.504700222573067236e+01
5.221394137574321093e+01
5.328616415816555474e+01
7.188807051531331638e+01
4.533634650969474933e+01
5.799194414883298521e+01
4.634183446414865415e+01
5.509460284539616026e+01
3.994608253731102820e+01
5.208114362055825097e+01
6.622360256244816412e+01
5.650383191433910213e+01
4.154951518659265020e+01
4.883179455676953040e+01
4.683456111424357715e+01
5.797946629552648545e+01
5.679511661067292039e+01
4.764001682727261766e+01
5.281905794976947277e+01
4.571476785883847072e+01
5.316830227258135722e+01
5.557934003205559748e+01
5.645632202892575435e+01
5.124452425939354328e+01
4.997282929710100063e+01
4.468751845559289393e+01
6.035628951044330393e+01
8.821364083010890056e+01
5.285047611253776267e+01
4.483537042968389130e+01
4.370645317647780814e+01
4.777839359256395824e+01
4.960762052923638521e+01
4.236575779634058847e+01
4.297314015270398357e+01
5.418157696196344375e+01
6.629713733910132589e+01
5.042463176359569843e+01
4.196072569208465808e+01
5.318198802832558414e+01
7.273898213144363467e+01
6.372825387629611527e+01
4.701900367116306256e+01
7.551931783707216539e+01
5.316891604541968519e+01
5.583713640603988893e+01
5.633475440693367631e+01
5.287486364026544550e+01
5.717789518395451154e+01
5.920142256812326309e+01
4.205872371091324169e+01
5.247196497543038163e+01
4.630767686588710319e+01
5.041288619567533402e+01
9.111341236808924293e+01
6.780891765715136899e+01
6.586748013525738088e+01
6.180200127941480304e+01
4.807552652894576539e+01
6.808242028779666555e+01
6.494539175034327627e+01
4.677011895171192890e+01
4.381917918922019339e+01
8.667617857479413601e+01
8.465192480438442146e+01
4.274665805314526068e+01
3.925092761477420567e+01
4.686014997407360028e+01
5.580095808822734682e+01
3.951670299692455757e+01
4.765888289963515234e+01
6.108406449934476967e+01
6.153860130573588805e+01
7.010586872433988503e+01
5.292628844991416059e+01
5.067588812991875358e+01
6.728939149269220366e+01
4.905392459787293546e+01
6.049537966329728533e+01
6.331507567660560198e+01
5.507998790079943774e+01
4.821890325808751498e+01
5.580644120828512911e+01
4.515696314365432329e+01
4.407504388546995244e+01
4.455947754683874251e+01
7.007454167622556440e+01
4.529027027413527406e+01
6.935081565931569969e+01
4.788839491323702902e+01
5.524930184425508628e+01
6.374433032296759905e+01
6.410553521343801719e+01
5.961434313229464976e+01
4.403825104196769757e+01
5.251261880075618649e+01
4.585621500019458807e+01
5.793755372247913016e+01
5.264597357842476555e+01
6.375504619814947205e+01
9.144527214590331710e+01
5.041174299989567231e+01
6.181919887143451575e+01
5.739019449452236898e+01
4.503692989057432783e+01
5.892575616653226689e+01
4.088496645784010752e+01
4.840273090882396190e+01
9.479194669698802045e+01
5.229079281848654404e+01
4.713234542354001633e+01
5.318049658619022324e+01
4.485868900806329407e+01
5.810420676371135329e+01
8.582897553506045085e+01
4.505958678247467475e+01
6.819924837102280435e+01
6.385138440650184322e+01
4.702551331696847825e+01
4.948380453096492460e+01
4.377987772051178439e+01
4.870817564713767922e+01
7.870257488170527438e+01
5.586731893996391562e+01
5.697148445161039376e+01
9.171045935908158242e+01
4.289643344190343299e+01
6.573470954614271022e+01
5.422543266074105617e+01
4.556938366626108916e+01
7.021807097035437550e+01
4.990889149988668549e+01
4.356412143688545768e+01
4.613464890779918903e+01
7.439583652944692460e+01
7.256677909362363721e+01
5.649187838929739769e+01
4.642708171056920463e+01
4.923792062523421720e+01
7.216972164326701034e+01
7.577574201925287412e+01
7.740890593251261009e+01
7.247021751386240851e+01
4.238690102135792159e+01
6.133603125213565477e+01
5.612280959077995846e+01
4.139602646683724174e+01
4.648092213992717348e+01
5.416008233460974708e+01
4.769779189471256586e+01
5.538249621765260144e+01
7.726381291463643208e+01
4.700182732418823406e+01
5.613257205791578741e+01
6.471948217195962627e+01
8.945208225258812718e+01
4.179574951442835129e+01
4.909849216521145365e+01
6.253259332101290369e+01
6.824179339937754207e+01
4.011052366972484151e+01
5.451630611187843556e+01
9.546528584379841220e+01
5.337764666141482195e+01
6.108392072861871469e+01
6.436604877975337047e+01
3.948178044321681313e+01
4.815448779666384382e+01
5.176506755216852440e+01
6.053963024642204971e+01
5.256576037031555160e+01
5.257380826270323837e+01
4.640319083520151366e+01
8.083447743357493209e+01
5.662364466618397074e+01
4.746817965298028952e+01
4.379121963057750833e+01
4.646892547440464938e+01
4.577809946925904683e+01
5.418277282424735830e+01
5.581236249117709036e+01
5.268102210331958446e+01
5.283352222550073662e+01
4.641749435551788139e+01
7.101203487516416146e+01
5.846450558661745589e+01
7.289349068907542062e+01
5.065580473871568046e+01
6.704110595427852104e+01
5.058760457193496762e+01
5.633074521943493806e+01
5.778250212848197265e+01
3.911909806302588777e+01
4.514091451210054373e+01
4.928684293108467784e+01
5.432908096573459034e+01
7.350894555643399997e+01
4.336866250864577665e+01
4.796003489263912201e+01
7.856322639282247167e+01
4.596452025564124710e+01
4.585674335996338868e+01
4.915975850618866616e+01
5.566133015029886622e+01
4.873572350651334517e+01
8.639194066529198324e+01
4.876292793598833697e+01
6.441899762662627893e+01
5.200643208259013051e+01
4.603382019136380165e+01
4.938036786406633638e+01
6.560218109699715683e+01
5.339757670140012635e+01
7.690591763368240663e+01
4.457060578210879953e+01
5.996421827975562024e+01
5.524392741734730805e+01
5.321529653636510915e+01
5.143142732500702863e+01
6.374305438059205642e+01
7.978951750471665605e+01
5.580743050908072433e+01
6.226109585660432799e+01
4.386059421373432343e+01
4.957414180035481621e+01
5.248134629438600740e+01
6.353067530734978163e+01
6.275118545330190045e+01
4.259534095050170066e+01
6.537961908290319002e+01
8.190517073069625553e+01
4.526779789635569529e+01
4.532817065369499687e+01
4.501565515297854603e+01
4.880937276392482715e+01
5.545075181762803140e+01
5.214338611487928432e+01
6.147176969755756915e+01
5.307490530699596576e+01
4.055498712322910393e+01
6.060874707591928257e+01
5.024373671175822409e+01
5.732835208358334000e+01
5.218496904559614080e+01
4.334483521369614323e+01
7.253921144967775092e+01
6.790421868345572420e+01
5.782401632863503238e+01
8.283568631702695484e+01
4.936892148427049420e+01
5.361590409149348346e+01
5.405689202776677860e+01
4.926788068639519480e+01
5.909834596128877848e+01
6.798694695848720926e+01
5.495092020675153321e+01
5.209912492084070834e+01
5.978675948377824767e+01
6.755038840103981101e+01
8.265370389512278848e+01
5.665449636866738814e+01
3.706397301914381615e+01
6.070753199053908844e+01
5.087387289577017668e+01
6.468355002282119415e+01
4.703534931656459861e+01
5.058354962377367769e+01
7.467539302075834939e+01
5.957009184128052937e+01
7.408488989032696281e+01
6.393251016648564189e+01
6.223258489189441889e+01
5.825207538992039247e+01
4.828017156348829531e+01
7.052922229704306289e+01
4.332602752907400401e+01
6.667525737185940216e+01
4.470437001227050189e+01
4.887654766862817723e+01
4.717527859393994305e+01
4.089740753036240761e+01
6.571155740421754388e+01
5.825442244962540883e+01
4.643872411696173685e+01
6.080252098287719065e+01
5.443414577195346737e+01
5.485470238614010441e+01
6.885347865411362989e+01
4.441639296526389558e+01
5.722059594550238160e+01
5.459690045191717189e+01
5.798037283385912133e+01
5.425413235133150636e+01
3.898469574852879305e+01
4.782040744267391119e+01
4.540990825416873378e+01
5.643949490263360502e+01
6.560480938155197350e+01
5.987391071201180637e+01
5.404390014200391334e+01
4.799357303723539303e+01
7.215552202242525937e+01
7.972285680344046455e+01
7.911493615212410191e+01
4.415509747036886523e+01
3.640002555773076409e+01
6.747459634306410692e+01
5.376141732320697741e+01
6.467918159009167312e+01
6.936449808053183119e+01
5.550521027846507849e+01
5.512859900859425011e+01
5.047207274238959940e+01
4.367216801155502992e+01
4.615594992238818861e+01
7.332221234904500307e+01
6.167657204122978953e+01
7.105844345636214143e+01
4.955725211244569550e+01
5.186679494930176304e+01
5.764223989546594851e+01
5.378218928562939283e+01
3.972926686076601044e+01
6.384096895329144417e+01
5.460885162055551234e+01
4.782799321092259959e+01
4.877055530546461171e+01
6.136325723951142663e+01
7.078368064008955685e+01
7.438706488897751967e+01
5.573447319024095492e+01
6.861704738778014701e+01
5.112182165796416911e+01
4.046711512353671480e+01
5.364861616894750540e+01
7.996035480441467769e+01
5.928797039140565062e+01
5.636186017334038212e+01
6.675412927853055578e+01
5.559239552719515842e+01
6.520669175558359143e+01
7.216813317048820409e+01
7.009566458980131642e+01
4.716871634401179136e+01
5.091304763060000482e+01
4.521640676567881201e+01
4.795513391137264136e+01
6.962954443649432790e+01
