
samples_per_chain:,125
burnin:,0.25
num params:,415
initial_proposed_vec:,[ 8.20002874e-01  9.24793787e-01  1.29080240e+00  1.17792191e+00
  1.10791118e-06  5.33890579e-01  1.08878264e+00  5.07815059e-03
  1.29929790e-03  1.13353488e-03  4.62138917e-01  4.64997816e+00
  2.40011737e+04  5.95991263e+00  1.90358584e-02 -8.20055366e+01
  1.07937116e+02  5.72878179e+01 -1.06858868e+02  8.64422186e+01
 -1.21943033e+02  1.72242159e+01 -8.91798536e+01  1.08960270e+02
  1.40458726e+02 -4.83288257e+01 -1.37313229e+02 -9.01795843e+01
  9.73063176e+01  1.33251721e+02  1.26439484e+02 -7.47005692e+01
 -1.68655792e+02  1.93827161e+02  1.48318836e+02 -1.08566151e+02
 -8.34501135e+01 -4.01661665e+01 -1.27851589e+02  1.50171570e+02
  7.70002252e+01  2.38359962e+00  1.47178481e+02  1.33679015e+02
 -1.80791442e+02  2.77478761e+00  1.37097856e+02  8.22466245e+01
  7.63469806e+01  1.20394116e+02 -7.42450349e+01 -1.12983020e+02
  3.15355081e+01 -1.88463723e+02  1.90942872e+02 -6.80028509e+01
  1.93328549e+02 -1.77571548e+01 -1.13807341e+02  1.58049887e+02
 -5.51136156e+01 -1.52394353e+02 -1.77025264e+02  1.76175358e+01
  1.71870240e+02 -7.01170499e+01  1.86312700e+02  8.36470506e+01
 -1.70414523e+02  8.96676762e+01 -1.28668103e+02 -1.98490817e+02
  9.53402814e+01  1.73017297e+02 -1.82988444e+02  1.78488092e+02
  1.03438710e+02 -1.55108754e+02  5.35913628e+01 -1.76162922e+02
 -5.31720103e+01  1.61142935e+02 -6.38524072e+01 -1.03298301e+02
 -1.22859462e+02 -1.34781165e+02  6.29145316e+01 -1.08943257e+02
 -1.73367319e+02  5.72855217e+01 -3.01548519e+01 -1.53995248e+02
  1.37503063e+02 -1.56596589e+02 -1.13042337e+02  1.27132163e+02
 -1.56929914e+02  1.87881230e+02 -1.47912039e+02 -1.92538022e+02
 -4.62169016e+01  1.62304339e+02  5.72615227e+01  7.80920577e+01
  1.55622233e+02  1.85427772e+02 -1.17567171e+02  1.52369223e+02
  3.83197493e+01 -6.92102819e+01  1.23451042e+02 -1.89462147e+01
  6.81545848e+01 -1.69159013e+02 -1.52728169e+02  9.48207575e+01
  1.42185602e+02 -5.10582452e+01  1.81513451e+02  9.74792373e+01
  4.30855505e+01 -1.54436418e+02 -1.10890752e+02 -1.00252057e+01
 -4.23441305e+01 -1.42431584e+02  2.34747925e+00 -3.88507958e+01
  1.54361317e+02  5.87038650e+00  1.03746891e+02 -8.87286266e+01
 -1.24794963e+01 -1.91852768e+02  1.79920830e+02  1.33414773e+02
 -1.59658021e+02 -1.14142111e+01  5.85145698e+01 -1.43877356e+02
 -1.53116720e+02 -1.78120701e+02 -1.31863247e+02 -2.20179471e+01
 -1.97446860e+02 -6.60747534e+01 -4.00901363e+00  1.03023208e+02
 -7.56460077e+01  1.89749635e+02  1.25860106e+02  1.44533480e+01
 -1.75652857e+02  1.24891994e+01  7.48619635e+01 -2.25421568e+01
 -1.22659955e+02  1.66104358e+02 -1.29814663e+02 -2.93371382e+01
  8.14585794e+01 -1.16311180e+01  7.63215790e+01 -6.39302949e+01
  1.16037592e+02  1.05187093e+02 -1.66250919e+02 -6.56115288e+01
  1.63773131e+02  1.88645254e+02 -1.94592565e+02 -3.76099785e+01
  1.22305794e+02 -1.21563078e+02 -2.53909010e+01  1.57086342e+02
  1.88905143e+02 -8.86129868e+01  1.87787918e+02 -7.67185467e+01
  1.83808512e+02  1.44013606e+02  1.29636146e+02 -1.96849661e+02
  6.87610511e+00  1.68039217e+02 -9.33074759e+01 -1.35102131e+02
 -9.61508614e+01  5.24427659e+01 -6.80021913e+01  2.45903540e+01
  1.12344206e+02  9.10673254e+01 -5.05091783e+01  1.00404959e+01
  1.10903090e+02  4.93260542e+01 -1.35999017e+02 -9.45529470e+01
 -1.91407626e+02 -1.25907356e+02 -1.24417762e+02  1.37400652e+02
  9.99369140e-01 -4.09471846e+01  1.81789923e+02  1.83706015e+02
  5.60169701e+01  3.00757812e+01 -2.05338034e+01  1.70878036e+02
 -5.25955096e+01 -1.73657413e+02  4.84409967e+01  1.76608382e+02
 -1.96618442e+02  1.49201157e+02 -1.42525216e+02  1.90357715e+02
 -1.89045242e+02 -1.19447127e+02 -2.21982650e+01  1.46304490e+02
  1.07048089e+02 -1.41019136e+02  2.03964385e+01 -3.00068454e+01
 -1.52844830e+02  1.22403965e+02  6.66782882e+01 -1.62260408e+02
 -1.09481069e+02 -1.87364694e+02  1.54095869e+02 -1.30224220e+02
  3.35891204e+01 -9.19804110e+01 -8.52805815e+01 -1.37062594e+02
  1.60229061e+02  1.73676995e+02  1.83564571e+02  3.66560367e+01
  5.82138340e+01 -1.35498670e+02 -1.82477077e+02  6.93448551e+01
 -2.50112405e+01 -1.34562244e+02 -1.80883741e+02 -1.76943299e+02
  6.75991641e+01 -1.80597843e+02  1.75964449e+01 -8.41175413e+01
 -6.10619909e+01 -4.49998181e+01  7.32983901e+01 -1.93661826e+02
 -1.57605076e+02 -4.58016212e+01  1.81530890e+02  7.59023377e+01
  1.62229228e+02  6.20439385e+01 -9.34803932e+01 -1.68776869e+02
  7.06821421e+01 -1.73009248e+02 -1.31520541e+02 -1.78420443e+02
 -5.10839057e+01  1.39333850e+02 -1.81452336e+01 -7.36404799e+01
  1.22499490e+01  1.36652580e+02  7.71613520e+01 -7.16150392e+00
 -2.90874289e+01 -1.39319088e+02  1.17998071e+02  1.67719288e+02
  2.33204430e+01  8.22194492e+01 -5.38925559e+01  6.59327755e+01
 -1.92604286e+02  1.75076355e+02 -1.80841695e+02 -6.28202075e+01
 -1.49273957e+01 -9.28676577e+00  1.05504837e+02 -1.03525361e+02
  1.08565633e+02 -1.50165731e+02 -1.57325409e+02 -1.76925778e+02
  1.23323427e+01  1.79481856e+02 -1.33595446e+02  1.59803310e+02
  9.26172591e+01 -1.26687801e+01  1.23014253e+02  1.96665749e+02
 -4.38712952e+01  4.43839133e+01 -3.27450565e+01 -9.97305794e+00
  3.66892196e+01 -1.58209597e+02 -1.67355198e+02 -6.45040278e+01
 -8.99481014e+01 -5.51653294e+01  1.56315511e+02 -1.70232668e+02
 -1.99002549e+02 -1.81542209e+02  1.16428484e+02 -1.22848025e+01
  9.22867384e+01 -1.60986541e+02  3.41407088e+01  1.81337859e+02
  2.34955872e+01 -1.14439210e+02 -1.63390611e+02 -9.46532741e+01
 -9.64573672e+00 -1.44632948e+02 -1.59271542e+02 -1.38559623e+02
  1.98952420e+02  8.89762516e+01  1.40861010e+02  6.69837373e+01
 -1.99368022e+02 -1.17902142e+02  9.97032449e+01 -1.63603100e+02
 -1.55778455e+02 -5.42929795e+01  1.87954233e+02 -9.75120471e+01
 -1.42077603e+02  5.95078495e+00  4.19651970e+01  3.04969781e+00
 -1.56752927e+02 -9.01495959e+01 -1.88359063e+02 -1.90627913e+02
 -1.02091248e+02  1.51231262e+02 -7.83954497e+01 -4.97188435e+00
  1.10825473e+02 -1.19525199e+01  1.27719682e+02  1.52494385e+02
 -1.42425131e+02 -6.16427581e+01  1.75090738e+02  1.23043117e+02
  1.05837735e+02  1.70168013e+02  1.32760969e+02  4.16293986e+01
 -4.21519560e+01 -5.55607902e+01  3.94296753e+01 -1.34341721e+02
 -1.98949691e+02 -7.39836929e+01  1.79052446e+02  1.76887311e+02
 -1.72153551e+02 -4.52948839e+01 -9.41636112e+01 -5.05308023e+01
  1.37036431e+01  1.37952658e+02  1.20491674e+02 -1.83994925e+02
 -4.37007716e+01  1.40335444e+02 -1.20814770e+02  1.69983199e+02
 -6.52719710e+01  5.33573616e+01 -4.60300114e+01  8.62966386e+01
 -2.68898772e+01 -1.61420980e+02  7.58542882e+00 -7.72391534e+01
  9.12598699e+01  1.77628109e+01 -1.96771574e+02 -4.36343004e+01
  1.26491979e+01  1.71278810e+02  5.12728132e+01  9.55056812e+01
  5.00248234e+01  7.27715674e+01  7.62496960e+01  2.95966941e+01
 -9.03283348e+01  3.14090117e+01  1.02311583e+02]
stepsize_vec:,[5.0e-02 5.0e-02 5.0e-02 5.0e-02 4.0e-08 5.0e-03 4.0e-02 3.0e-04 1.2e-04
 4.0e-05 2.0e-02 2.0e-01 1.0e-01 2.0e-01 1.5e-03 4.0e+01 4.0e+01 4.0e+01
 4.0e+01 4.0e+01 4.0e+01 4.0e+01 4.0e+01 4.0e+01 4.0e+01 4.0e+01 4.0e+01
 4.0e+01 4.0e+01 4.0e+01 4.0e+01 4.0e+01 4.0e+01 4.0e+01 4.0e+01 4.0e+01
 4.0e+01 4.0e+01 4.0e+01 4.0e+01 4.0e+01 4.0e+01 4.0e+01 4.0e+01 4.0e+01
 4.0e+01 4.0e+01 4.0e+01 4.0e+01 4.0e+01 4.0e+01 4.0e+01 4.0e+01 4.0e+01
 4.0e+01 4.0e+01 4.0e+01 4.0e+01 4.0e+01 4.0e+01 4.0e+01 4.0e+01 4.0e+01
 4.0e+01 4.0e+01 4.0e+01 4.0e+01 4.0e+01 4.0e+01 4.0e+01 4.0e+01 4.0e+01
 4.0e+01 4.0e+01 4.0e+01 4.0e+01 4.0e+01 4.0e+01 4.0e+01 4.0e+01 4.0e+01
 4.0e+01 4.0e+01 4.0e+01 4.0e+01 4.0e+01 4.0e+01 4.0e+01 4.0e+01 4.0e+01
 4.0e+01 4.0e+01 4.0e+01 4.0e+01 4.0e+01 4.0e+01 4.0e+01 4.0e+01 4.0e+01
 4.0e+01 4.0e+01 4.0e+01 4.0e+01 4.0e+01 4.0e+01 4.0e+01 4.0e+01 4.0e+01
 4.0e+01 4.0e+01 4.0e+01 4.0e+01 4.0e+01 4.0e+01 4.0e+01 4.0e+01 4.0e+01
 4.0e+01 4.0e+01 4.0e+01 4.0e+01 4.0e+01 4.0e+01 4.0e+01 4.0e+01 4.0e+01
 4.0e+01 4.0e+01 4.0e+01 4.0e+01 4.0e+01 4.0e+01 4.0e+01 4.0e+01 4.0e+01
 4.0e+01 4.0e+01 4.0e+01 4.0e+01 4.0e+01 4.0e+01 4.0e+01 4.0e+01 4.0e+01
 4.0e+01 4.0e+01 4.0e+01 4.0e+01 4.0e+01 4.0e+01 4.0e+01 4.0e+01 4.0e+01
 4.0e+01 4.0e+01 4.0e+01 4.0e+01 4.0e+01 4.0e+01 4.0e+01 4.0e+01 4.0e+01
 4.0e+01 4.0e+01 4.0e+01 4.0e+01 4.0e+01 4.0e+01 4.0e+01 4.0e+01 4.0e+01
 4.0e+01 4.0e+01 4.0e+01 4.0e+01 4.0e+01 4.0e+01 4.0e+01 4.0e+01 4.0e+01
 4.0e+01 4.0e+01 4.0e+01 4.0e+01 4.0e+01 4.0e+01 4.0e+01 4.0e+01 4.0e+01
 4.0e+01 4.0e+01 4.0e+01 4.0e+01 4.0e+01 4.0e+01 4.0e+01 4.0e+01 4.0e+01
 4.0e+01 4.0e+01 4.0e+01 4.0e+01 4.0e+01 4.0e+01 4.0e+01 4.0e+01 4.0e+01
 4.0e+01 4.0e+01 4.0e+01 4.0e+01 4.0e+01 4.0e+01 4.0e+01 4.0e+01 4.0e+01
 4.0e+01 4.0e+01 4.0e+01 4.0e+01 4.0e+01 4.0e+01 4.0e+01 4.0e+01 4.0e+01
 4.0e+01 4.0e+01 4.0e+01 4.0e+01 4.0e+01 4.0e+01 4.0e+01 4.0e+01 4.0e+01
 4.0e+01 4.0e+01 4.0e+01 4.0e+01 4.0e+01 4.0e+01 4.0e+01 4.0e+01 4.0e+01
 4.0e+01 4.0e+01 4.0e+01 4.0e+01 4.0e+01 4.0e+01 4.0e+01 4.0e+01 4.0e+01
 4.0e+01 4.0e+01 4.0e+01 4.0e+01 4.0e+01 4.0e+01 4.0e+01 4.0e+01 4.0e+01
 4.0e+01 4.0e+01 4.0e+01 4.0e+01 4.0e+01 4.0e+01 4.0e+01 4.0e+01 4.0e+01
 4.0e+01 4.0e+01 4.0e+01 4.0e+01 4.0e+01 4.0e+01 4.0e+01 4.0e+01 4.0e+01
 4.0e+01 4.0e+01 4.0e+01 4.0e+01 4.0e+01 4.0e+01 4.0e+01 4.0e+01 4.0e+01
 4.0e+01 4.0e+01 4.0e+01 4.0e+01 4.0e+01 4.0e+01 4.0e+01 4.0e+01 4.0e+01
 4.0e+01 4.0e+01 4.0e+01 4.0e+01 4.0e+01 4.0e+01 4.0e+01 4.0e+01 4.0e+01
 4.0e+01 4.0e+01 4.0e+01 4.0e+01 4.0e+01 4.0e+01 4.0e+01 4.0e+01 4.0e+01
 4.0e+01 4.0e+01 4.0e+01 4.0e+01 4.0e+01 4.0e+01 4.0e+01 4.0e+01 4.0e+01
 4.0e+01 4.0e+01 4.0e+01 4.0e+01 4.0e+01 4.0e+01 4.0e+01 4.0e+01 4.0e+01
 4.0e+01 4.0e+01 4.0e+01 4.0e+01 4.0e+01 4.0e+01 4.0e+01 4.0e+01 4.0e+01
 4.0e+01 4.0e+01 4.0e+01 4.0e+01 4.0e+01 4.0e+01 4.0e+01 4.0e+01 4.0e+01
 4.0e+01 4.0e+01 4.0e+01 4.0e+01 4.0e+01 4.0e+01 4.0e+01 4.0e+01 4.0e+01
 4.0e+01 4.0e+01 4.0e+01 4.0e+01 4.0e+01 4.0e+01 4.0e+01 4.0e+01 4.0e+01
 4.0e+01 4.0e+01 4.0e+01 4.0e+01 4.0e+01 4.0e+01 4.0e+01 4.0e+01 4.0e+01
 4.0e+01 4.0e+01 4.0e+01 4.0e+01 4.0e+01 4.0e+01 4.0e+01 4.0e+01 4.0e+01
 4.0e+01 4.0e+01 4.0e+01 4.0e+01 4.0e+01 4.0e+01 4.0e+01 4.0e+01 4.0e+01
 4.0e+01 4.0e+01 4.0e+01 4.0e+01 4.0e+01 4.0e+01 4.0e+01 4.0e+01 4.0e+01
 4.0e+01 4.0e+01 4.0e+01 4.0e+01 4.0e+01 4.0e+01 4.0e+01 4.0e+01 4.0e+01
 4.0e+01]
step_ratio_vec:,[0.1 0.1 0.1 0.1 0.1 0.1 0.1 0.1 0.1 0.1 0.1 0.1 0.1 0.1 0.1 0.1 0.1 0.1
 0.1 0.1 0.1 0.1 0.1 0.1 0.1 0.1 0.1 0.1 0.1 0.1 0.1 0.1 0.1 0.1 0.1 0.1
 0.1 0.1 0.1 0.1 0.1 0.1 0.1 0.1 0.1 0.1 0.1 0.1 0.1 0.1 0.1 0.1 0.1 0.1
 0.1 0.1 0.1 0.1 0.1 0.1 0.1 0.1 0.1 0.1 0.1 0.1 0.1 0.1 0.1 0.1 0.1 0.1
 0.1 0.1 0.1 0.1 0.1 0.1 0.1 0.1 0.1 0.1 0.1 0.1 0.1 0.1 0.1 0.1 0.1 0.1
 0.1 0.1 0.1 0.1 0.1 0.1 0.1 0.1 0.1 0.1 0.1 0.1 0.1 0.1 0.1 0.1 0.1 0.1
 0.1 0.1 0.1 0.1 0.1 0.1 0.1 0.1 0.1 0.1 0.1 0.1 0.1 0.1 0.1 0.1 0.1 0.1
 0.1 0.1 0.1 0.1 0.1 0.1 0.1 0.1 0.1 0.1 0.1 0.1 0.1 0.1 0.1 0.1 0.1 0.1
 0.1 0.1 0.1 0.1 0.1 0.1 0.1 0.1 0.1 0.1 0.1 0.1 0.1 0.1 0.1 0.1 0.1 0.1
 0.1 0.1 0.1 0.1 0.1 0.1 0.1 0.1 0.1 0.1 0.1 0.1 0.1 0.1 0.1 0.1 0.1 0.1
 0.1 0.1 0.1 0.1 0.1 0.1 0.1 0.1 0.1 0.1 0.1 0.1 0.1 0.1 0.1 0.1 0.1 0.1
 0.1 0.1 0.1 0.1 0.1 0.1 0.1 0.1 0.1 0.1 0.1 0.1 0.1 0.1 0.1 0.1 0.1 0.1
 0.1 0.1 0.1 0.1 0.1 0.1 0.1 0.1 0.1 0.1 0.1 0.1 0.1 0.1 0.1 0.1 0.1 0.1
 0.1 0.1 0.1 0.1 0.1 0.1 0.1 0.1 0.1 0.1 0.1 0.1 0.1 0.1 0.1 0.1 0.1 0.1
 0.1 0.1 0.1 0.1 0.1 0.1 0.1 0.1 0.1 0.1 0.1 0.1 0.1 0.1 0.1 0.1 0.1 0.1
 0.1 0.1 0.1 0.1 0.1 0.1 0.1 0.1 0.1 0.1 0.1 0.1 0.1 0.1 0.1 0.1 0.1 0.1
 0.1 0.1 0.1 0.1 0.1 0.1 0.1 0.1 0.1 0.1 0.1 0.1 0.1 0.1 0.1 0.1 0.1 0.1
 0.1 0.1 0.1 0.1 0.1 0.1 0.1 0.1 0.1 0.1 0.1 0.1 0.1 0.1 0.1 0.1 0.1 0.1
 0.1 0.1 0.1 0.1 0.1 0.1 0.1 0.1 0.1 0.1 0.1 0.1 0.1 0.1 0.1 0.1 0.1 0.1
 0.1 0.1 0.1 0.1 0.1 0.1 0.1 0.1 0.1 0.1 0.1 0.1 0.1 0.1 0.1 0.1 0.1 0.1
 0.1 0.1 0.1 0.1 0.1 0.1 0.1 0.1 0.1 0.1 0.1 0.1 0.1 0.1 0.1 0.1 0.1 0.1
 0.1 0.1 0.1 0.1 0.1 0.1 0.1 0.1 0.1 0.1 0.1 0.1 0.1 0.1 0.1 0.1 0.1 0.1
 0.1 0.1 0.1 0.1 0.1 0.1 0.1 0.1 0.1 0.1 0.1 0.1 0.1 0.1 0.1 0.1 0.1 0.1
 0.1]
swap interval:,1000
sim interval:,[-1.1175e+08 -7.4500e+07 -3.7250e+07  0.0000e+00]
likelihood_sed (T/F):,True
erodep_coords:,[[ 0  3]
 [42 94]
 [42 95]
 ...
 [96 78]
 [96 79]
 [96 80]]
sed scaling factor:,50
samples_per_chain:,125
burnin:,0.25
num params:,415
initial_proposed_vec:,[ 8.20002874e-01  9.24793787e-01  1.29080240e+00  1.17792191e+00
  1.10791118e-06  5.33890579e-01  1.08878264e+00  5.07815059e-03
  1.29929790e-03  1.13353488e-03  4.62138917e-01  4.64997816e+00
  2.40011737e+04  5.95991263e+00  1.90358584e-02 -8.20055366e+01
  1.07937116e+02  5.72878179e+01 -1.06858868e+02  8.64422186e+01
 -1.21943033e+02  1.72242159e+01 -8.91798536e+01  1.08960270e+02
  1.40458726e+02 -4.83288257e+01 -1.37313229e+02 -9.01795843e+01
  9.73063176e+01  1.33251721e+02  1.26439484e+02 -7.47005692e+01
 -1.68655792e+02  1.93827161e+02  1.48318836e+02 -1.08566151e+02
 -8.34501135e+01 -4.01661665e+01 -1.27851589e+02  1.50171570e+02
  7.70002252e+01  2.38359962e+00  1.47178481e+02  1.33679015e+02
 -1.80791442e+02  2.77478761e+00  1.37097856e+02  8.22466245e+01
  7.63469806e+01  1.20394116e+02 -7.42450349e+01 -1.12983020e+02
  3.15355081e+01 -1.88463723e+02  1.90942872e+02 -6.80028509e+01
  1.93328549e+02 -1.77571548e+01 -1.13807341e+02  1.58049887e+02
 -5.51136156e+01 -1.52394353e+02 -1.77025264e+02  1.76175358e+01
  1.71870240e+02 -7.01170499e+01  1.86312700e+02  8.36470506e+01
 -1.70414523e+02  8.96676762e+01 -1.28668103e+02 -1.98490817e+02
  9.53402814e+01  1.73017297e+02 -1.82988444e+02  1.78488092e+02
  1.03438710e+02 -1.55108754e+02  5.35913628e+01 -1.76162922e+02
 -5.31720103e+01  1.61142935e+02 -6.38524072e+01 -1.03298301e+02
 -1.22859462e+02 -1.34781165e+02  6.29145316e+01 -1.08943257e+02
 -1.73367319e+02  5.72855217e+01 -3.01548519e+01 -1.53995248e+02
  1.37503063e+02 -1.56596589e+02 -1.13042337e+02  1.27132163e+02
 -1.56929914e+02  1.87881230e+02 -1.47912039e+02 -1.92538022e+02
 -4.62169016e+01  1.62304339e+02  5.72615227e+01  7.80920577e+01
  1.55622233e+02  1.85427772e+02 -1.17567171e+02  1.52369223e+02
  3.83197493e+01 -6.92102819e+01  1.23451042e+02 -1.89462147e+01
  6.81545848e+01 -1.69159013e+02 -1.52728169e+02  9.48207575e+01
  1.42185602e+02 -5.10582452e+01  1.81513451e+02  9.74792373e+01
  4.30855505e+01 -1.54436418e+02 -1.10890752e+02 -1.00252057e+01
 -4.23441305e+01 -1.42431584e+02  2.34747925e+00 -3.88507958e+01
  1.54361317e+02  5.87038650e+00  1.03746891e+02 -8.87286266e+01
 -1.24794963e+01 -1.91852768e+02  1.79920830e+02  1.33414773e+02
 -1.59658021e+02 -1.14142111e+01  5.85145698e+01 -1.43877356e+02
 -1.53116720e+02 -1.78120701e+02 -1.31863247e+02 -2.20179471e+01
 -1.97446860e+02 -6.60747534e+01 -4.00901363e+00  1.03023208e+02
 -7.56460077e+01  1.89749635e+02  1.25860106e+02  1.44533480e+01
 -1.75652857e+02  1.24891994e+01  7.48619635e+01 -2.25421568e+01
 -1.22659955e+02  1.66104358e+02 -1.29814663e+02 -2.93371382e+01
  8.14585794e+01 -1.16311180e+01  7.63215790e+01 -6.39302949e+01
  1.16037592e+02  1.05187093e+02 -1.66250919e+02 -6.56115288e+01
  1.63773131e+02  1.88645254e+02 -1.94592565e+02 -3.76099785e+01
  1.22305794e+02 -1.21563078e+02 -2.53909010e+01  1.57086342e+02
  1.88905143e+02 -8.86129868e+01  1.87787918e+02 -7.67185467e+01
  1.83808512e+02  1.44013606e+02  1.29636146e+02 -1.96849661e+02
  6.87610511e+00  1.68039217e+02 -9.33074759e+01 -1.35102131e+02
 -9.61508614e+01  5.24427659e+01 -6.80021913e+01  2.45903540e+01
  1.12344206e+02  9.10673254e+01 -5.05091783e+01  1.00404959e+01
  1.10903090e+02  4.93260542e+01 -1.35999017e+02 -9.45529470e+01
 -1.91407626e+02 -1.25907356e+02 -1.24417762e+02  1.37400652e+02
  9.99369140e-01 -4.09471846e+01  1.81789923e+02  1.83706015e+02
  5.60169701e+01  3.00757812e+01 -2.05338034e+01  1.70878036e+02
 -5.25955096e+01 -1.73657413e+02  4.84409967e+01  1.76608382e+02
 -1.96618442e+02  1.49201157e+02 -1.42525216e+02  1.90357715e+02
 -1.89045242e+02 -1.19447127e+02 -2.21982650e+01  1.46304490e+02
  1.07048089e+02 -1.41019136e+02  2.03964385e+01 -3.00068454e+01
 -1.52844830e+02  1.22403965e+02  6.66782882e+01 -1.62260408e+02
 -1.09481069e+02 -1.87364694e+02  1.54095869e+02 -1.30224220e+02
  3.35891204e+01 -9.19804110e+01 -8.52805815e+01 -1.37062594e+02
  1.60229061e+02  1.73676995e+02  1.83564571e+02  3.66560367e+01
  5.82138340e+01 -1.35498670e+02 -1.82477077e+02  6.93448551e+01
 -2.50112405e+01 -1.34562244e+02 -1.80883741e+02 -1.76943299e+02
  6.75991641e+01 -1.80597843e+02  1.75964449e+01 -8.41175413e+01
 -6.10619909e+01 -4.49998181e+01  7.32983901e+01 -1.93661826e+02
 -1.57605076e+02 -4.58016212e+01  1.81530890e+02  7.59023377e+01
  1.62229228e+02  6.20439385e+01 -9.34803932e+01 -1.68776869e+02
  7.06821421e+01 -1.73009248e+02 -1.31520541e+02 -1.78420443e+02
 -5.10839057e+01  1.39333850e+02 -1.81452336e+01 -7.36404799e+01
  1.22499490e+01  1.36652580e+02  7.71613520e+01 -7.16150392e+00
 -2.90874289e+01 -1.39319088e+02  1.17998071e+02  1.67719288e+02
  2.33204430e+01  8.22194492e+01 -5.38925559e+01  6.59327755e+01
 -1.92604286e+02  1.75076355e+02 -1.80841695e+02 -6.28202075e+01
 -1.49273957e+01 -9.28676577e+00  1.05504837e+02 -1.03525361e+02
  1.08565633e+02 -1.50165731e+02 -1.57325409e+02 -1.76925778e+02
  1.23323427e+01  1.79481856e+02 -1.33595446e+02  1.59803310e+02
  9.26172591e+01 -1.26687801e+01  1.23014253e+02  1.96665749e+02
 -4.38712952e+01  4.43839133e+01 -3.27450565e+01 -9.97305794e+00
  3.66892196e+01 -1.58209597e+02 -1.67355198e+02 -6.45040278e+01
 -8.99481014e+01 -5.51653294e+01  1.56315511e+02 -1.70232668e+02
 -1.99002549e+02 -1.81542209e+02  1.16428484e+02 -1.22848025e+01
  9.22867384e+01 -1.60986541e+02  3.41407088e+01  1.81337859e+02
  2.34955872e+01 -1.14439210e+02 -1.63390611e+02 -9.46532741e+01
 -9.64573672e+00 -1.44632948e+02 -1.59271542e+02 -1.38559623e+02
  1.98952420e+02  8.89762516e+01  1.40861010e+02  6.69837373e+01
 -1.99368022e+02 -1.17902142e+02  9.97032449e+01 -1.63603100e+02
 -1.55778455e+02 -5.42929795e+01  1.87954233e+02 -9.75120471e+01
 -1.42077603e+02  5.95078495e+00  4.19651970e+01  3.04969781e+00
 -1.56752927e+02 -9.01495959e+01 -1.88359063e+02 -1.90627913e+02
 -1.02091248e+02  1.51231262e+02 -7.83954497e+01 -4.97188435e+00
  1.10825473e+02 -1.19525199e+01  1.27719682e+02  1.52494385e+02
 -1.42425131e+02 -6.16427581e+01  1.75090738e+02  1.23043117e+02
  1.05837735e+02  1.70168013e+02  1.32760969e+02  4.16293986e+01
 -4.21519560e+01 -5.55607902e+01  3.94296753e+01 -1.34341721e+02
 -1.98949691e+02 -7.39836929e+01  1.79052446e+02  1.76887311e+02
 -1.72153551e+02 -4.52948839e+01 -9.41636112e+01 -5.05308023e+01
  1.37036431e+01  1.37952658e+02  1.20491674e+02 -1.83994925e+02
 -4.37007716e+01  1.40335444e+02 -1.20814770e+02  1.69983199e+02
 -6.52719710e+01  5.33573616e+01 -4.60300114e+01  8.62966386e+01
 -2.68898772e+01 -1.61420980e+02  7.58542882e+00 -7.72391534e+01
  9.12598699e+01  1.77628109e+01 -1.96771574e+02 -4.36343004e+01
  1.26491979e+01  1.71278810e+02  5.12728132e+01  9.55056812e+01
  5.00248234e+01  7.27715674e+01  7.62496960e+01  2.95966941e+01
 -9.03283348e+01  3.14090117e+01  1.02311583e+02]
stepsize_vec:,[5.0e-02 5.0e-02 5.0e-02 5.0e-02 4.0e-08 5.0e-03 4.0e-02 3.0e-04 1.2e-04
 4.0e-05 2.0e-02 2.0e-01 1.0e-01 2.0e-01 1.5e-03 4.0e+01 4.0e+01 4.0e+01
 4.0e+01 4.0e+01 4.0e+01 4.0e+01 4.0e+01 4.0e+01 4.0e+01 4.0e+01 4.0e+01
 4.0e+01 4.0e+01 4.0e+01 4.0e+01 4.0e+01 4.0e+01 4.0e+01 4.0e+01 4.0e+01
 4.0e+01 4.0e+01 4.0e+01 4.0e+01 4.0e+01 4.0e+01 4.0e+01 4.0e+01 4.0e+01
 4.0e+01 4.0e+01 4.0e+01 4.0e+01 4.0e+01 4.0e+01 4.0e+01 4.0e+01 4.0e+01
 4.0e+01 4.0e+01 4.0e+01 4.0e+01 4.0e+01 4.0e+01 4.0e+01 4.0e+01 4.0e+01
 4.0e+01 4.0e+01 4.0e+01 4.0e+01 4.0e+01 4.0e+01 4.0e+01 4.0e+01 4.0e+01
 4.0e+01 4.0e+01 4.0e+01 4.0e+01 4.0e+01 4.0e+01 4.0e+01 4.0e+01 4.0e+01
 4.0e+01 4.0e+01 4.0e+01 4.0e+01 4.0e+01 4.0e+01 4.0e+01 4.0e+01 4.0e+01
 4.0e+01 4.0e+01 4.0e+01 4.0e+01 4.0e+01 4.0e+01 4.0e+01 4.0e+01 4.0e+01
 4.0e+01 4.0e+01 4.0e+01 4.0e+01 4.0e+01 4.0e+01 4.0e+01 4.0e+01 4.0e+01
 4.0e+01 4.0e+01 4.0e+01 4.0e+01 4.0e+01 4.0e+01 4.0e+01 4.0e+01 4.0e+01
 4.0e+01 4.0e+01 4.0e+01 4.0e+01 4.0e+01 4.0e+01 4.0e+01 4.0e+01 4.0e+01
 4.0e+01 4.0e+01 4.0e+01 4.0e+01 4.0e+01 4.0e+01 4.0e+01 4.0e+01 4.0e+01
 4.0e+01 4.0e+01 4.0e+01 4.0e+01 4.0e+01 4.0e+01 4.0e+01 4.0e+01 4.0e+01
 4.0e+01 4.0e+01 4.0e+01 4.0e+01 4.0e+01 4.0e+01 4.0e+01 4.0e+01 4.0e+01
 4.0e+01 4.0e+01 4.0e+01 4.0e+01 4.0e+01 4.0e+01 4.0e+01 4.0e+01 4.0e+01
 4.0e+01 4.0e+01 4.0e+01 4.0e+01 4.0e+01 4.0e+01 4.0e+01 4.0e+01 4.0e+01
 4.0e+01 4.0e+01 4.0e+01 4.0e+01 4.0e+01 4.0e+01 4.0e+01 4.0e+01 4.0e+01
 4.0e+01 4.0e+01 4.0e+01 4.0e+01 4.0e+01 4.0e+01 4.0e+01 4.0e+01 4.0e+01
 4.0e+01 4.0e+01 4.0e+01 4.0e+01 4.0e+01 4.0e+01 4.0e+01 4.0e+01 4.0e+01
 4.0e+01 4.0e+01 4.0e+01 4.0e+01 4.0e+01 4.0e+01 4.0e+01 4.0e+01 4.0e+01
 4.0e+01 4.0e+01 4.0e+01 4.0e+01 4.0e+01 4.0e+01 4.0e+01 4.0e+01 4.0e+01
 4.0e+01 4.0e+01 4.0e+01 4.0e+01 4.0e+01 4.0e+01 4.0e+01 4.0e+01 4.0e+01
 4.0e+01 4.0e+01 4.0e+01 4.0e+01 4.0e+01 4.0e+01 4.0e+01 4.0e+01 4.0e+01
 4.0e+01 4.0e+01 4.0e+01 4.0e+01 4.0e+01 4.0e+01 4.0e+01 4.0e+01 4.0e+01
 4.0e+01 4.0e+01 4.0e+01 4.0e+01 4.0e+01 4.0e+01 4.0e+01 4.0e+01 4.0e+01
 4.0e+01 4.0e+01 4.0e+01 4.0e+01 4.0e+01 4.0e+01 4.0e+01 4.0e+01 4.0e+01
 4.0e+01 4.0e+01 4.0e+01 4.0e+01 4.0e+01 4.0e+01 4.0e+01 4.0e+01 4.0e+01
 4.0e+01 4.0e+01 4.0e+01 4.0e+01 4.0e+01 4.0e+01 4.0e+01 4.0e+01 4.0e+01
 4.0e+01 4.0e+01 4.0e+01 4.0e+01 4.0e+01 4.0e+01 4.0e+01 4.0e+01 4.0e+01
 4.0e+01 4.0e+01 4.0e+01 4.0e+01 4.0e+01 4.0e+01 4.0e+01 4.0e+01 4.0e+01
 4.0e+01 4.0e+01 4.0e+01 4.0e+01 4.0e+01 4.0e+01 4.0e+01 4.0e+01 4.0e+01
 4.0e+01 4.0e+01 4.0e+01 4.0e+01 4.0e+01 4.0e+01 4.0e+01 4.0e+01 4.0e+01
 4.0e+01 4.0e+01 4.0e+01 4.0e+01 4.0e+01 4.0e+01 4.0e+01 4.0e+01 4.0e+01
 4.0e+01 4.0e+01 4.0e+01 4.0e+01 4.0e+01 4.0e+01 4.0e+01 4.0e+01 4.0e+01
 4.0e+01 4.0e+01 4.0e+01 4.0e+01 4.0e+01 4.0e+01 4.0e+01 4.0e+01 4.0e+01
 4.0e+01 4.0e+01 4.0e+01 4.0e+01 4.0e+01 4.0e+01 4.0e+01 4.0e+01 4.0e+01
 4.0e+01 4.0e+01 4.0e+01 4.0e+01 4.0e+01 4.0e+01 4.0e+01 4.0e+01 4.0e+01
 4.0e+01 4.0e+01 4.0e+01 4.0e+01 4.0e+01 4.0e+01 4.0e+01 4.0e+01 4.0e+01
 4.0e+01 4.0e+01 4.0e+01 4.0e+01 4.0e+01 4.0e+01 4.0e+01 4.0e+01 4.0e+01
 4.0e+01 4.0e+01 4.0e+01 4.0e+01 4.0e+01 4.0e+01 4.0e+01 4.0e+01 4.0e+01
 4.0e+01 4.0e+01 4.0e+01 4.0e+01 4.0e+01 4.0e+01 4.0e+01 4.0e+01 4.0e+01
 4.0e+01 4.0e+01 4.0e+01 4.0e+01 4.0e+01 4.0e+01 4.0e+01 4.0e+01 4.0e+01
 4.0e+01 4.0e+01 4.0e+01 4.0e+01 4.0e+01 4.0e+01 4.0e+01 4.0e+01 4.0e+01
 4.0e+01]
step_ratio_vec:,[0.1 0.1 0.1 0.1 0.1 0.1 0.1 0.1 0.1 0.1 0.1 0.1 0.1 0.1 0.1 0.1 0.1 0.1
 0.1 0.1 0.1 0.1 0.1 0.1 0.1 0.1 0.1 0.1 0.1 0.1 0.1 0.1 0.1 0.1 0.1 0.1
 0.1 0.1 0.1 0.1 0.1 0.1 0.1 0.1 0.1 0.1 0.1 0.1 0.1 0.1 0.1 0.1 0.1 0.1
 0.1 0.1 0.1 0.1 0.1 0.1 0.1 0.1 0.1 0.1 0.1 0.1 0.1 0.1 0.1 0.1 0.1 0.1
 0.1 0.1 0.1 0.1 0.1 0.1 0.1 0.1 0.1 0.1 0.1 0.1 0.1 0.1 0.1 0.1 0.1 0.1
 0.1 0.1 0.1 0.1 0.1 0.1 0.1 0.1 0.1 0.1 0.1 0.1 0.1 0.1 0.1 0.1 0.1 0.1
 0.1 0.1 0.1 0.1 0.1 0.1 0.1 0.1 0.1 0.1 0.1 0.1 0.1 0.1 0.1 0.1 0.1 0.1
 0.1 0.1 0.1 0.1 0.1 0.1 0.1 0.1 0.1 0.1 0.1 0.1 0.1 0.1 0.1 0.1 0.1 0.1
 0.1 0.1 0.1 0.1 0.1 0.1 0.1 0.1 0.1 0.1 0.1 0.1 0.1 0.1 0.1 0.1 0.1 0.1
 0.1 0.1 0.1 0.1 0.1 0.1 0.1 0.1 0.1 0.1 0.1 0.1 0.1 0.1 0.1 0.1 0.1 0.1
 0.1 0.1 0.1 0.1 0.1 0.1 0.1 0.1 0.1 0.1 0.1 0.1 0.1 0.1 0.1 0.1 0.1 0.1
 0.1 0.1 0.1 0.1 0.1 0.1 0.1 0.1 0.1 0.1 0.1 0.1 0.1 0.1 0.1 0.1 0.1 0.1
 0.1 0.1 0.1 0.1 0.1 0.1 0.1 0.1 0.1 0.1 0.1 0.1 0.1 0.1 0.1 0.1 0.1 0.1
 0.1 0.1 0.1 0.1 0.1 0.1 0.1 0.1 0.1 0.1 0.1 0.1 0.1 0.1 0.1 0.1 0.1 0.1
 0.1 0.1 0.1 0.1 0.1 0.1 0.1 0.1 0.1 0.1 0.1 0.1 0.1 0.1 0.1 0.1 0.1 0.1
 0.1 0.1 0.1 0.1 0.1 0.1 0.1 0.1 0.1 0.1 0.1 0.1 0.1 0.1 0.1 0.1 0.1 0.1
 0.1 0.1 0.1 0.1 0.1 0.1 0.1 0.1 0.1 0.1 0.1 0.1 0.1 0.1 0.1 0.1 0.1 0.1
 0.1 0.1 0.1 0.1 0.1 0.1 0.1 0.1 0.1 0.1 0.1 0.1 0.1 0.1 0.1 0.1 0.1 0.1
 0.1 0.1 0.1 0.1 0.1 0.1 0.1 0.1 0.1 0.1 0.1 0.1 0.1 0.1 0.1 0.1 0.1 0.1
 0.1 0.1 0.1 0.1 0.1 0.1 0.1 0.1 0.1 0.1 0.1 0.1 0.1 0.1 0.1 0.1 0.1 0.1
 0.1 0.1 0.1 0.1 0.1 0.1 0.1 0.1 0.1 0.1 0.1 0.1 0.1 0.1 0.1 0.1 0.1 0.1
 0.1 0.1 0.1 0.1 0.1 0.1 0.1 0.1 0.1 0.1 0.1 0.1 0.1 0.1 0.1 0.1 0.1 0.1
 0.1 0.1 0.1 0.1 0.1 0.1 0.1 0.1 0.1 0.1 0.1 0.1 0.1 0.1 0.1 0.1 0.1 0.1
 0.1]
swap interval:,1000
sim interval:,[-1.1175e+08 -7.4500e+07 -3.7250e+07  0.0000e+00]
likelihood_sed (T/F):,True
erodep_coords:,[[ 0  3]
 [42 94]
 [42 95]
 ...
 [96 78]
 [96 79]
 [96 80]]
sed scaling factor:,50
samples_per_chain:,125
burnin:,0.25
num params:,415
initial_proposed_vec:,[ 8.20002874e-01  9.24793787e-01  1.29080240e+00  1.17792191e+00
  1.10791118e-06  5.33890579e-01  1.08878264e+00  5.07815059e-03
  1.29929790e-03  1.13353488e-03  4.62138917e-01  4.64997816e+00
  2.40011737e+04  5.95991263e+00  1.90358584e-02 -8.20055366e+01
  1.07937116e+02  5.72878179e+01 -1.06858868e+02  8.64422186e+01
 -1.21943033e+02  1.72242159e+01 -8.91798536e+01  1.08960270e+02
  1.40458726e+02 -4.83288257e+01 -1.37313229e+02 -9.01795843e+01
  9.73063176e+01  1.33251721e+02  1.26439484e+02 -7.47005692e+01
 -1.68655792e+02  1.93827161e+02  1.48318836e+02 -1.08566151e+02
 -8.34501135e+01 -4.01661665e+01 -1.27851589e+02  1.50171570e+02
  7.70002252e+01  2.38359962e+00  1.47178481e+02  1.33679015e+02
 -1.80791442e+02  2.77478761e+00  1.37097856e+02  8.22466245e+01
  7.63469806e+01  1.20394116e+02 -7.42450349e+01 -1.12983020e+02
  3.15355081e+01 -1.88463723e+02  1.90942872e+02 -6.80028509e+01
  1.93328549e+02 -1.77571548e+01 -1.13807341e+02  1.58049887e+02
 -5.51136156e+01 -1.52394353e+02 -1.77025264e+02  1.76175358e+01
  1.71870240e+02 -7.01170499e+01  1.86312700e+02  8.36470506e+01
 -1.70414523e+02  8.96676762e+01 -1.28668103e+02 -1.98490817e+02
  9.53402814e+01  1.73017297e+02 -1.82988444e+02  1.78488092e+02
  1.03438710e+02 -1.55108754e+02  5.35913628e+01 -1.76162922e+02
 -5.31720103e+01  1.61142935e+02 -6.38524072e+01 -1.03298301e+02
 -1.22859462e+02 -1.34781165e+02  6.29145316e+01 -1.08943257e+02
 -1.73367319e+02  5.72855217e+01 -3.01548519e+01 -1.53995248e+02
  1.37503063e+02 -1.56596589e+02 -1.13042337e+02  1.27132163e+02
 -1.56929914e+02  1.87881230e+02 -1.47912039e+02 -1.92538022e+02
 -4.62169016e+01  1.62304339e+02  5.72615227e+01  7.80920577e+01
  1.55622233e+02  1.85427772e+02 -1.17567171e+02  1.52369223e+02
  3.83197493e+01 -6.92102819e+01  1.23451042e+02 -1.89462147e+01
  6.81545848e+01 -1.69159013e+02 -1.52728169e+02  9.48207575e+01
  1.42185602e+02 -5.10582452e+01  1.81513451e+02  9.74792373e+01
  4.30855505e+01 -1.54436418e+02 -1.10890752e+02 -1.00252057e+01
 -4.23441305e+01 -1.42431584e+02  2.34747925e+00 -3.88507958e+01
  1.54361317e+02  5.87038650e+00  1.03746891e+02 -8.87286266e+01
 -1.24794963e+01 -1.91852768e+02  1.79920830e+02  1.33414773e+02
 -1.59658021e+02 -1.14142111e+01  5.85145698e+01 -1.43877356e+02
 -1.53116720e+02 -1.78120701e+02 -1.31863247e+02 -2.20179471e+01
 -1.97446860e+02 -6.60747534e+01 -4.00901363e+00  1.03023208e+02
 -7.56460077e+01  1.89749635e+02  1.25860106e+02  1.44533480e+01
 -1.75652857e+02  1.24891994e+01  7.48619635e+01 -2.25421568e+01
 -1.22659955e+02  1.66104358e+02 -1.29814663e+02 -2.93371382e+01
  8.14585794e+01 -1.16311180e+01  7.63215790e+01 -6.39302949e+01
  1.16037592e+02  1.05187093e+02 -1.66250919e+02 -6.56115288e+01
  1.63773131e+02  1.88645254e+02 -1.94592565e+02 -3.76099785e+01
  1.22305794e+02 -1.21563078e+02 -2.53909010e+01  1.57086342e+02
  1.88905143e+02 -8.86129868e+01  1.87787918e+02 -7.67185467e+01
  1.83808512e+02  1.44013606e+02  1.29636146e+02 -1.96849661e+02
  6.87610511e+00  1.68039217e+02 -9.33074759e+01 -1.35102131e+02
 -9.61508614e+01  5.24427659e+01 -6.80021913e+01  2.45903540e+01
  1.12344206e+02  9.10673254e+01 -5.05091783e+01  1.00404959e+01
  1.10903090e+02  4.93260542e+01 -1.35999017e+02 -9.45529470e+01
 -1.91407626e+02 -1.25907356e+02 -1.24417762e+02  1.37400652e+02
  9.99369140e-01 -4.09471846e+01  1.81789923e+02  1.83706015e+02
  5.60169701e+01  3.00757812e+01 -2.05338034e+01  1.70878036e+02
 -5.25955096e+01 -1.73657413e+02  4.84409967e+01  1.76608382e+02
 -1.96618442e+02  1.49201157e+02 -1.42525216e+02  1.90357715e+02
 -1.89045242e+02 -1.19447127e+02 -2.21982650e+01  1.46304490e+02
  1.07048089e+02 -1.41019136e+02  2.03964385e+01 -3.00068454e+01
 -1.52844830e+02  1.22403965e+02  6.66782882e+01 -1.62260408e+02
 -1.09481069e+02 -1.87364694e+02  1.54095869e+02 -1.30224220e+02
  3.35891204e+01 -9.19804110e+01 -8.52805815e+01 -1.37062594e+02
  1.60229061e+02  1.73676995e+02  1.83564571e+02  3.66560367e+01
  5.82138340e+01 -1.35498670e+02 -1.82477077e+02  6.93448551e+01
 -2.50112405e+01 -1.34562244e+02 -1.80883741e+02 -1.76943299e+02
  6.75991641e+01 -1.80597843e+02  1.75964449e+01 -8.41175413e+01
 -6.10619909e+01 -4.49998181e+01  7.32983901e+01 -1.93661826e+02
 -1.57605076e+02 -4.58016212e+01  1.81530890e+02  7.59023377e+01
  1.62229228e+02  6.20439385e+01 -9.34803932e+01 -1.68776869e+02
  7.06821421e+01 -1.73009248e+02 -1.31520541e+02 -1.78420443e+02
 -5.10839057e+01  1.39333850e+02 -1.81452336e+01 -7.36404799e+01
  1.22499490e+01  1.36652580e+02  7.71613520e+01 -7.16150392e+00
 -2.90874289e+01 -1.39319088e+02  1.17998071e+02  1.67719288e+02
  2.33204430e+01  8.22194492e+01 -5.38925559e+01  6.59327755e+01
 -1.92604286e+02  1.75076355e+02 -1.80841695e+02 -6.28202075e+01
 -1.49273957e+01 -9.28676577e+00  1.05504837e+02 -1.03525361e+02
  1.08565633e+02 -1.50165731e+02 -1.57325409e+02 -1.76925778e+02
  1.23323427e+01  1.79481856e+02 -1.33595446e+02  1.59803310e+02
  9.26172591e+01 -1.26687801e+01  1.23014253e+02  1.96665749e+02
 -4.38712952e+01  4.43839133e+01 -3.27450565e+01 -9.97305794e+00
  3.66892196e+01 -1.58209597e+02 -1.67355198e+02 -6.45040278e+01
 -8.99481014e+01 -5.51653294e+01  1.56315511e+02 -1.70232668e+02
 -1.99002549e+02 -1.81542209e+02  1.16428484e+02 -1.22848025e+01
  9.22867384e+01 -1.60986541e+02  3.41407088e+01  1.81337859e+02
  2.34955872e+01 -1.14439210e+02 -1.63390611e+02 -9.46532741e+01
 -9.64573672e+00 -1.44632948e+02 -1.59271542e+02 -1.38559623e+02
  1.98952420e+02  8.89762516e+01  1.40861010e+02  6.69837373e+01
 -1.99368022e+02 -1.17902142e+02  9.97032449e+01 -1.63603100e+02
 -1.55778455e+02 -5.42929795e+01  1.87954233e+02 -9.75120471e+01
 -1.42077603e+02  5.95078495e+00  4.19651970e+01  3.04969781e+00
 -1.56752927e+02 -9.01495959e+01 -1.88359063e+02 -1.90627913e+02
 -1.02091248e+02  1.51231262e+02 -7.83954497e+01 -4.97188435e+00
  1.10825473e+02 -1.19525199e+01  1.27719682e+02  1.52494385e+02
 -1.42425131e+02 -6.16427581e+01  1.75090738e+02  1.23043117e+02
  1.05837735e+02  1.70168013e+02  1.32760969e+02  4.16293986e+01
 -4.21519560e+01 -5.55607902e+01  3.94296753e+01 -1.34341721e+02
 -1.98949691e+02 -7.39836929e+01  1.79052446e+02  1.76887311e+02
 -1.72153551e+02 -4.52948839e+01 -9.41636112e+01 -5.05308023e+01
  1.37036431e+01  1.37952658e+02  1.20491674e+02 -1.83994925e+02
 -4.37007716e+01  1.40335444e+02 -1.20814770e+02  1.69983199e+02
 -6.52719710e+01  5.33573616e+01 -4.60300114e+01  8.62966386e+01
 -2.68898772e+01 -1.61420980e+02  7.58542882e+00 -7.72391534e+01
  9.12598699e+01  1.77628109e+01 -1.96771574e+02 -4.36343004e+01
  1.26491979e+01  1.71278810e+02  5.12728132e+01  9.55056812e+01
  5.00248234e+01  7.27715674e+01  7.62496960e+01  2.95966941e+01
 -9.03283348e+01  3.14090117e+01  1.02311583e+02]
stepsize_vec:,[5.0e-02 5.0e-02 5.0e-02 5.0e-02 4.0e-08 5.0e-03 4.0e-02 3.0e-04 1.2e-04
 4.0e-05 2.0e-02 2.0e-01 1.0e-01 2.0e-01 1.5e-03 4.0e+01 4.0e+01 4.0e+01
 4.0e+01 4.0e+01 4.0e+01 4.0e+01 4.0e+01 4.0e+01 4.0e+01 4.0e+01 4.0e+01
 4.0e+01 4.0e+01 4.0e+01 4.0e+01 4.0e+01 4.0e+01 4.0e+01 4.0e+01 4.0e+01
 4.0e+01 4.0e+01 4.0e+01 4.0e+01 4.0e+01 4.0e+01 4.0e+01 4.0e+01 4.0e+01
 4.0e+01 4.0e+01 4.0e+01 4.0e+01 4.0e+01 4.0e+01 4.0e+01 4.0e+01 4.0e+01
 4.0e+01 4.0e+01 4.0e+01 4.0e+01 4.0e+01 4.0e+01 4.0e+01 4.0e+01 4.0e+01
 4.0e+01 4.0e+01 4.0e+01 4.0e+01 4.0e+01 4.0e+01 4.0e+01 4.0e+01 4.0e+01
 4.0e+01 4.0e+01 4.0e+01 4.0e+01 4.0e+01 4.0e+01 4.0e+01 4.0e+01 4.0e+01
 4.0e+01 4.0e+01 4.0e+01 4.0e+01 4.0e+01 4.0e+01 4.0e+01 4.0e+01 4.0e+01
 4.0e+01 4.0e+01 4.0e+01 4.0e+01 4.0e+01 4.0e+01 4.0e+01 4.0e+01 4.0e+01
 4.0e+01 4.0e+01 4.0e+01 4.0e+01 4.0e+01 4.0e+01 4.0e+01 4.0e+01 4.0e+01
 4.0e+01 4.0e+01 4.0e+01 4.0e+01 4.0e+01 4.0e+01 4.0e+01 4.0e+01 4.0e+01
 4.0e+01 4.0e+01 4.0e+01 4.0e+01 4.0e+01 4.0e+01 4.0e+01 4.0e+01 4.0e+01
 4.0e+01 4.0e+01 4.0e+01 4.0e+01 4.0e+01 4.0e+01 4.0e+01 4.0e+01 4.0e+01
 4.0e+01 4.0e+01 4.0e+01 4.0e+01 4.0e+01 4.0e+01 4.0e+01 4.0e+01 4.0e+01
 4.0e+01 4.0e+01 4.0e+01 4.0e+01 4.0e+01 4.0e+01 4.0e+01 4.0e+01 4.0e+01
 4.0e+01 4.0e+01 4.0e+01 4.0e+01 4.0e+01 4.0e+01 4.0e+01 4.0e+01 4.0e+01
 4.0e+01 4.0e+01 4.0e+01 4.0e+01 4.0e+01 4.0e+01 4.0e+01 4.0e+01 4.0e+01
 4.0e+01 4.0e+01 4.0e+01 4.0e+01 4.0e+01 4.0e+01 4.0e+01 4.0e+01 4.0e+01
 4.0e+01 4.0e+01 4.0e+01 4.0e+01 4.0e+01 4.0e+01 4.0e+01 4.0e+01 4.0e+01
 4.0e+01 4.0e+01 4.0e+01 4.0e+01 4.0e+01 4.0e+01 4.0e+01 4.0e+01 4.0e+01
 4.0e+01 4.0e+01 4.0e+01 4.0e+01 4.0e+01 4.0e+01 4.0e+01 4.0e+01 4.0e+01
 4.0e+01 4.0e+01 4.0e+01 4.0e+01 4.0e+01 4.0e+01 4.0e+01 4.0e+01 4.0e+01
 4.0e+01 4.0e+01 4.0e+01 4.0e+01 4.0e+01 4.0e+01 4.0e+01 4.0e+01 4.0e+01
 4.0e+01 4.0e+01 4.0e+01 4.0e+01 4.0e+01 4.0e+01 4.0e+01 4.0e+01 4.0e+01
 4.0e+01 4.0e+01 4.0e+01 4.0e+01 4.0e+01 4.0e+01 4.0e+01 4.0e+01 4.0e+01
 4.0e+01 4.0e+01 4.0e+01 4.0e+01 4.0e+01 4.0e+01 4.0e+01 4.0e+01 4.0e+01
 4.0e+01 4.0e+01 4.0e+01 4.0e+01 4.0e+01 4.0e+01 4.0e+01 4.0e+01 4.0e+01
 4.0e+01 4.0e+01 4.0e+01 4.0e+01 4.0e+01 4.0e+01 4.0e+01 4.0e+01 4.0e+01
 4.0e+01 4.0e+01 4.0e+01 4.0e+01 4.0e+01 4.0e+01 4.0e+01 4.0e+01 4.0e+01
 4.0e+01 4.0e+01 4.0e+01 4.0e+01 4.0e+01 4.0e+01 4.0e+01 4.0e+01 4.0e+01
 4.0e+01 4.0e+01 4.0e+01 4.0e+01 4.0e+01 4.0e+01 4.0e+01 4.0e+01 4.0e+01
 4.0e+01 4.0e+01 4.0e+01 4.0e+01 4.0e+01 4.0e+01 4.0e+01 4.0e+01 4.0e+01
 4.0e+01 4.0e+01 4.0e+01 4.0e+01 4.0e+01 4.0e+01 4.0e+01 4.0e+01 4.0e+01
 4.0e+01 4.0e+01 4.0e+01 4.0e+01 4.0e+01 4.0e+01 4.0e+01 4.0e+01 4.0e+01
 4.0e+01 4.0e+01 4.0e+01 4.0e+01 4.0e+01 4.0e+01 4.0e+01 4.0e+01 4.0e+01
 4.0e+01 4.0e+01 4.0e+01 4.0e+01 4.0e+01 4.0e+01 4.0e+01 4.0e+01 4.0e+01
 4.0e+01 4.0e+01 4.0e+01 4.0e+01 4.0e+01 4.0e+01 4.0e+01 4.0e+01 4.0e+01
 4.0e+01 4.0e+01 4.0e+01 4.0e+01 4.0e+01 4.0e+01 4.0e+01 4.0e+01 4.0e+01
 4.0e+01 4.0e+01 4.0e+01 4.0e+01 4.0e+01 4.0e+01 4.0e+01 4.0e+01 4.0e+01
 4.0e+01 4.0e+01 4.0e+01 4.0e+01 4.0e+01 4.0e+01 4.0e+01 4.0e+01 4.0e+01
 4.0e+01 4.0e+01 4.0e+01 4.0e+01 4.0e+01 4.0e+01 4.0e+01 4.0e+01 4.0e+01
 4.0e+01 4.0e+01 4.0e+01 4.0e+01 4.0e+01 4.0e+01 4.0e+01 4.0e+01 4.0e+01
 4.0e+01 4.0e+01 4.0e+01 4.0e+01 4.0e+01 4.0e+01 4.0e+01 4.0e+01 4.0e+01
 4.0e+01 4.0e+01 4.0e+01 4.0e+01 4.0e+01 4.0e+01 4.0e+01 4.0e+01 4.0e+01
 4.0e+01]
step_ratio_vec:,[0.1 0.1 0.1 0.1 0.1 0.1 0.1 0.1 0.1 0.1 0.1 0.1 0.1 0.1 0.1 0.1 0.1 0.1
 0.1 0.1 0.1 0.1 0.1 0.1 0.1 0.1 0.1 0.1 0.1 0.1 0.1 0.1 0.1 0.1 0.1 0.1
 0.1 0.1 0.1 0.1 0.1 0.1 0.1 0.1 0.1 0.1 0.1 0.1 0.1 0.1 0.1 0.1 0.1 0.1
 0.1 0.1 0.1 0.1 0.1 0.1 0.1 0.1 0.1 0.1 0.1 0.1 0.1 0.1 0.1 0.1 0.1 0.1
 0.1 0.1 0.1 0.1 0.1 0.1 0.1 0.1 0.1 0.1 0.1 0.1 0.1 0.1 0.1 0.1 0.1 0.1
 0.1 0.1 0.1 0.1 0.1 0.1 0.1 0.1 0.1 0.1 0.1 0.1 0.1 0.1 0.1 0.1 0.1 0.1
 0.1 0.1 0.1 0.1 0.1 0.1 0.1 0.1 0.1 0.1 0.1 0.1 0.1 0.1 0.1 0.1 0.1 0.1
 0.1 0.1 0.1 0.1 0.1 0.1 0.1 0.1 0.1 0.1 0.1 0.1 0.1 0.1 0.1 0.1 0.1 0.1
 0.1 0.1 0.1 0.1 0.1 0.1 0.1 0.1 0.1 0.1 0.1 0.1 0.1 0.1 0.1 0.1 0.1 0.1
 0.1 0.1 0.1 0.1 0.1 0.1 0.1 0.1 0.1 0.1 0.1 0.1 0.1 0.1 0.1 0.1 0.1 0.1
 0.1 0.1 0.1 0.1 0.1 0.1 0.1 0.1 0.1 0.1 0.1 0.1 0.1 0.1 0.1 0.1 0.1 0.1
 0.1 0.1 0.1 0.1 0.1 0.1 0.1 0.1 0.1 0.1 0.1 0.1 0.1 0.1 0.1 0.1 0.1 0.1
 0.1 0.1 0.1 0.1 0.1 0.1 0.1 0.1 0.1 0.1 0.1 0.1 0.1 0.1 0.1 0.1 0.1 0.1
 0.1 0.1 0.1 0.1 0.1 0.1 0.1 0.1 0.1 0.1 0.1 0.1 0.1 0.1 0.1 0.1 0.1 0.1
 0.1 0.1 0.1 0.1 0.1 0.1 0.1 0.1 0.1 0.1 0.1 0.1 0.1 0.1 0.1 0.1 0.1 0.1
 0.1 0.1 0.1 0.1 0.1 0.1 0.1 0.1 0.1 0.1 0.1 0.1 0.1 0.1 0.1 0.1 0.1 0.1
 0.1 0.1 0.1 0.1 0.1 0.1 0.1 0.1 0.1 0.1 0.1 0.1 0.1 0.1 0.1 0.1 0.1 0.1
 0.1 0.1 0.1 0.1 0.1 0.1 0.1 0.1 0.1 0.1 0.1 0.1 0.1 0.1 0.1 0.1 0.1 0.1
 0.1 0.1 0.1 0.1 0.1 0.1 0.1 0.1 0.1 0.1 0.1 0.1 0.1 0.1 0.1 0.1 0.1 0.1
 0.1 0.1 0.1 0.1 0.1 0.1 0.1 0.1 0.1 0.1 0.1 0.1 0.1 0.1 0.1 0.1 0.1 0.1
 0.1 0.1 0.1 0.1 0.1 0.1 0.1 0.1 0.1 0.1 0.1 0.1 0.1 0.1 0.1 0.1 0.1 0.1
 0.1 0.1 0.1 0.1 0.1 0.1 0.1 0.1 0.1 0.1 0.1 0.1 0.1 0.1 0.1 0.1 0.1 0.1
 0.1 0.1 0.1 0.1 0.1 0.1 0.1 0.1 0.1 0.1 0.1 0.1 0.1 0.1 0.1 0.1 0.1 0.1
 0.1]
swap interval:,1000
sim interval:,[-1.1175e+08 -7.4500e+07 -3.7250e+07  0.0000e+00]
likelihood_sed (T/F):,True
erodep_coords:,[[ 0  3]
 [42 94]
 [42 95]
 ...
 [96 78]
 [96 79]
 [96 80]]
sed scaling factor:,50
samples_per_chain:,125
burnin:,0.25
num params:,415
initial_proposed_vec:,[ 8.20002874e-01  9.24793787e-01  1.29080240e+00  1.17792191e+00
  1.10791118e-06  5.33890579e-01  1.08878264e+00  5.07815059e-03
  1.29929790e-03  1.13353488e-03  4.62138917e-01  4.64997816e+00
  2.40011737e+04  5.95991263e+00  1.90358584e-02 -8.20055366e+01
  1.07937116e+02  5.72878179e+01 -1.06858868e+02  8.64422186e+01
 -1.21943033e+02  1.72242159e+01 -8.91798536e+01  1.08960270e+02
  1.40458726e+02 -4.83288257e+01 -1.37313229e+02 -9.01795843e+01
  9.73063176e+01  1.33251721e+02  1.26439484e+02 -7.47005692e+01
 -1.68655792e+02  1.93827161e+02  1.48318836e+02 -1.08566151e+02
 -8.34501135e+01 -4.01661665e+01 -1.27851589e+02  1.50171570e+02
  7.70002252e+01  2.38359962e+00  1.47178481e+02  1.33679015e+02
 -1.80791442e+02  2.77478761e+00  1.37097856e+02  8.22466245e+01
  7.63469806e+01  1.20394116e+02 -7.42450349e+01 -1.12983020e+02
  3.15355081e+01 -1.88463723e+02  1.90942872e+02 -6.80028509e+01
  1.93328549e+02 -1.77571548e+01 -1.13807341e+02  1.58049887e+02
 -5.51136156e+01 -1.52394353e+02 -1.77025264e+02  1.76175358e+01
  1.71870240e+02 -7.01170499e+01  1.86312700e+02  8.36470506e+01
 -1.70414523e+02  8.96676762e+01 -1.28668103e+02 -1.98490817e+02
  9.53402814e+01  1.73017297e+02 -1.82988444e+02  1.78488092e+02
  1.03438710e+02 -1.55108754e+02  5.35913628e+01 -1.76162922e+02
 -5.31720103e+01  1.61142935e+02 -6.38524072e+01 -1.03298301e+02
 -1.22859462e+02 -1.34781165e+02  6.29145316e+01 -1.08943257e+02
 -1.73367319e+02  5.72855217e+01 -3.01548519e+01 -1.53995248e+02
  1.37503063e+02 -1.56596589e+02 -1.13042337e+02  1.27132163e+02
 -1.56929914e+02  1.87881230e+02 -1.47912039e+02 -1.92538022e+02
 -4.62169016e+01  1.62304339e+02  5.72615227e+01  7.80920577e+01
  1.55622233e+02  1.85427772e+02 -1.17567171e+02  1.52369223e+02
  3.83197493e+01 -6.92102819e+01  1.23451042e+02 -1.89462147e+01
  6.81545848e+01 -1.69159013e+02 -1.52728169e+02  9.48207575e+01
  1.42185602e+02 -5.10582452e+01  1.81513451e+02  9.74792373e+01
  4.30855505e+01 -1.54436418e+02 -1.10890752e+02 -1.00252057e+01
 -4.23441305e+01 -1.42431584e+02  2.34747925e+00 -3.88507958e+01
  1.54361317e+02  5.87038650e+00  1.03746891e+02 -8.87286266e+01
 -1.24794963e+01 -1.91852768e+02  1.79920830e+02  1.33414773e+02
 -1.59658021e+02 -1.14142111e+01  5.85145698e+01 -1.43877356e+02
 -1.53116720e+02 -1.78120701e+02 -1.31863247e+02 -2.20179471e+01
 -1.97446860e+02 -6.60747534e+01 -4.00901363e+00  1.03023208e+02
 -7.56460077e+01  1.89749635e+02  1.25860106e+02  1.44533480e+01
 -1.75652857e+02  1.24891994e+01  7.48619635e+01 -2.25421568e+01
 -1.22659955e+02  1.66104358e+02 -1.29814663e+02 -2.93371382e+01
  8.14585794e+01 -1.16311180e+01  7.63215790e+01 -6.39302949e+01
  1.16037592e+02  1.05187093e+02 -1.66250919e+02 -6.56115288e+01
  1.63773131e+02  1.88645254e+02 -1.94592565e+02 -3.76099785e+01
  1.22305794e+02 -1.21563078e+02 -2.53909010e+01  1.57086342e+02
  1.88905143e+02 -8.86129868e+01  1.87787918e+02 -7.67185467e+01
  1.83808512e+02  1.44013606e+02  1.29636146e+02 -1.96849661e+02
  6.87610511e+00  1.68039217e+02 -9.33074759e+01 -1.35102131e+02
 -9.61508614e+01  5.24427659e+01 -6.80021913e+01  2.45903540e+01
  1.12344206e+02  9.10673254e+01 -5.05091783e+01  1.00404959e+01
  1.10903090e+02  4.93260542e+01 -1.35999017e+02 -9.45529470e+01
 -1.91407626e+02 -1.25907356e+02 -1.24417762e+02  1.37400652e+02
  9.99369140e-01 -4.09471846e+01  1.81789923e+02  1.83706015e+02
  5.60169701e+01  3.00757812e+01 -2.05338034e+01  1.70878036e+02
 -5.25955096e+01 -1.73657413e+02  4.84409967e+01  1.76608382e+02
 -1.96618442e+02  1.49201157e+02 -1.42525216e+02  1.90357715e+02
 -1.89045242e+02 -1.19447127e+02 -2.21982650e+01  1.46304490e+02
  1.07048089e+02 -1.41019136e+02  2.03964385e+01 -3.00068454e+01
 -1.52844830e+02  1.22403965e+02  6.66782882e+01 -1.62260408e+02
 -1.09481069e+02 -1.87364694e+02  1.54095869e+02 -1.30224220e+02
  3.35891204e+01 -9.19804110e+01 -8.52805815e+01 -1.37062594e+02
  1.60229061e+02  1.73676995e+02  1.83564571e+02  3.66560367e+01
  5.82138340e+01 -1.35498670e+02 -1.82477077e+02  6.93448551e+01
 -2.50112405e+01 -1.34562244e+02 -1.80883741e+02 -1.76943299e+02
  6.75991641e+01 -1.80597843e+02  1.75964449e+01 -8.41175413e+01
 -6.10619909e+01 -4.49998181e+01  7.32983901e+01 -1.93661826e+02
 -1.57605076e+02 -4.58016212e+01  1.81530890e+02  7.59023377e+01
  1.62229228e+02  6.20439385e+01 -9.34803932e+01 -1.68776869e+02
  7.06821421e+01 -1.73009248e+02 -1.31520541e+02 -1.78420443e+02
 -5.10839057e+01  1.39333850e+02 -1.81452336e+01 -7.36404799e+01
  1.22499490e+01  1.36652580e+02  7.71613520e+01 -7.16150392e+00
 -2.90874289e+01 -1.39319088e+02  1.17998071e+02  1.67719288e+02
  2.33204430e+01  8.22194492e+01 -5.38925559e+01  6.59327755e+01
 -1.92604286e+02  1.75076355e+02 -1.80841695e+02 -6.28202075e+01
 -1.49273957e+01 -9.28676577e+00  1.05504837e+02 -1.03525361e+02
  1.08565633e+02 -1.50165731e+02 -1.57325409e+02 -1.76925778e+02
  1.23323427e+01  1.79481856e+02 -1.33595446e+02  1.59803310e+02
  9.26172591e+01 -1.26687801e+01  1.23014253e+02  1.96665749e+02
 -4.38712952e+01  4.43839133e+01 -3.27450565e+01 -9.97305794e+00
  3.66892196e+01 -1.58209597e+02 -1.67355198e+02 -6.45040278e+01
 -8.99481014e+01 -5.51653294e+01  1.56315511e+02 -1.70232668e+02
 -1.99002549e+02 -1.81542209e+02  1.16428484e+02 -1.22848025e+01
  9.22867384e+01 -1.60986541e+02  3.41407088e+01  1.81337859e+02
  2.34955872e+01 -1.14439210e+02 -1.63390611e+02 -9.46532741e+01
 -9.64573672e+00 -1.44632948e+02 -1.59271542e+02 -1.38559623e+02
  1.98952420e+02  8.89762516e+01  1.40861010e+02  6.69837373e+01
 -1.99368022e+02 -1.17902142e+02  9.97032449e+01 -1.63603100e+02
 -1.55778455e+02 -5.42929795e+01  1.87954233e+02 -9.75120471e+01
 -1.42077603e+02  5.95078495e+00  4.19651970e+01  3.04969781e+00
 -1.56752927e+02 -9.01495959e+01 -1.88359063e+02 -1.90627913e+02
 -1.02091248e+02  1.51231262e+02 -7.83954497e+01 -4.97188435e+00
  1.10825473e+02 -1.19525199e+01  1.27719682e+02  1.52494385e+02
 -1.42425131e+02 -6.16427581e+01  1.75090738e+02  1.23043117e+02
  1.05837735e+02  1.70168013e+02  1.32760969e+02  4.16293986e+01
 -4.21519560e+01 -5.55607902e+01  3.94296753e+01 -1.34341721e+02
 -1.98949691e+02 -7.39836929e+01  1.79052446e+02  1.76887311e+02
 -1.72153551e+02 -4.52948839e+01 -9.41636112e+01 -5.05308023e+01
  1.37036431e+01  1.37952658e+02  1.20491674e+02 -1.83994925e+02
 -4.37007716e+01  1.40335444e+02 -1.20814770e+02  1.69983199e+02
 -6.52719710e+01  5.33573616e+01 -4.60300114e+01  8.62966386e+01
 -2.68898772e+01 -1.61420980e+02  7.58542882e+00 -7.72391534e+01
  9.12598699e+01  1.77628109e+01 -1.96771574e+02 -4.36343004e+01
  1.26491979e+01  1.71278810e+02  5.12728132e+01  9.55056812e+01
  5.00248234e+01  7.27715674e+01  7.62496960e+01  2.95966941e+01
 -9.03283348e+01  3.14090117e+01  1.02311583e+02]
stepsize_vec:,[5.0e-02 5.0e-02 5.0e-02 5.0e-02 4.0e-08 5.0e-03 4.0e-02 3.0e-04 1.2e-04
 4.0e-05 2.0e-02 2.0e-01 1.0e-01 2.0e-01 1.5e-03 4.0e+01 4.0e+01 4.0e+01
 4.0e+01 4.0e+01 4.0e+01 4.0e+01 4.0e+01 4.0e+01 4.0e+01 4.0e+01 4.0e+01
 4.0e+01 4.0e+01 4.0e+01 4.0e+01 4.0e+01 4.0e+01 4.0e+01 4.0e+01 4.0e+01
 4.0e+01 4.0e+01 4.0e+01 4.0e+01 4.0e+01 4.0e+01 4.0e+01 4.0e+01 4.0e+01
 4.0e+01 4.0e+01 4.0e+01 4.0e+01 4.0e+01 4.0e+01 4.0e+01 4.0e+01 4.0e+01
 4.0e+01 4.0e+01 4.0e+01 4.0e+01 4.0e+01 4.0e+01 4.0e+01 4.0e+01 4.0e+01
 4.0e+01 4.0e+01 4.0e+01 4.0e+01 4.0e+01 4.0e+01 4.0e+01 4.0e+01 4.0e+01
 4.0e+01 4.0e+01 4.0e+01 4.0e+01 4.0e+01 4.0e+01 4.0e+01 4.0e+01 4.0e+01
 4.0e+01 4.0e+01 4.0e+01 4.0e+01 4.0e+01 4.0e+01 4.0e+01 4.0e+01 4.0e+01
 4.0e+01 4.0e+01 4.0e+01 4.0e+01 4.0e+01 4.0e+01 4.0e+01 4.0e+01 4.0e+01
 4.0e+01 4.0e+01 4.0e+01 4.0e+01 4.0e+01 4.0e+01 4.0e+01 4.0e+01 4.0e+01
 4.0e+01 4.0e+01 4.0e+01 4.0e+01 4.0e+01 4.0e+01 4.0e+01 4.0e+01 4.0e+01
 4.0e+01 4.0e+01 4.0e+01 4.0e+01 4.0e+01 4.0e+01 4.0e+01 4.0e+01 4.0e+01
 4.0e+01 4.0e+01 4.0e+01 4.0e+01 4.0e+01 4.0e+01 4.0e+01 4.0e+01 4.0e+01
 4.0e+01 4.0e+01 4.0e+01 4.0e+01 4.0e+01 4.0e+01 4.0e+01 4.0e+01 4.0e+01
 4.0e+01 4.0e+01 4.0e+01 4.0e+01 4.0e+01 4.0e+01 4.0e+01 4.0e+01 4.0e+01
 4.0e+01 4.0e+01 4.0e+01 4.0e+01 4.0e+01 4.0e+01 4.0e+01 4.0e+01 4.0e+01
 4.0e+01 4.0e+01 4.0e+01 4.0e+01 4.0e+01 4.0e+01 4.0e+01 4.0e+01 4.0e+01
 4.0e+01 4.0e+01 4.0e+01 4.0e+01 4.0e+01 4.0e+01 4.0e+01 4.0e+01 4.0e+01
 4.0e+01 4.0e+01 4.0e+01 4.0e+01 4.0e+01 4.0e+01 4.0e+01 4.0e+01 4.0e+01
 4.0e+01 4.0e+01 4.0e+01 4.0e+01 4.0e+01 4.0e+01 4.0e+01 4.0e+01 4.0e+01
 4.0e+01 4.0e+01 4.0e+01 4.0e+01 4.0e+01 4.0e+01 4.0e+01 4.0e+01 4.0e+01
 4.0e+01 4.0e+01 4.0e+01 4.0e+01 4.0e+01 4.0e+01 4.0e+01 4.0e+01 4.0e+01
 4.0e+01 4.0e+01 4.0e+01 4.0e+01 4.0e+01 4.0e+01 4.0e+01 4.0e+01 4.0e+01
 4.0e+01 4.0e+01 4.0e+01 4.0e+01 4.0e+01 4.0e+01 4.0e+01 4.0e+01 4.0e+01
 4.0e+01 4.0e+01 4.0e+01 4.0e+01 4.0e+01 4.0e+01 4.0e+01 4.0e+01 4.0e+01
 4.0e+01 4.0e+01 4.0e+01 4.0e+01 4.0e+01 4.0e+01 4.0e+01 4.0e+01 4.0e+01
 4.0e+01 4.0e+01 4.0e+01 4.0e+01 4.0e+01 4.0e+01 4.0e+01 4.0e+01 4.0e+01
 4.0e+01 4.0e+01 4.0e+01 4.0e+01 4.0e+01 4.0e+01 4.0e+01 4.0e+01 4.0e+01
 4.0e+01 4.0e+01 4.0e+01 4.0e+01 4.0e+01 4.0e+01 4.0e+01 4.0e+01 4.0e+01
 4.0e+01 4.0e+01 4.0e+01 4.0e+01 4.0e+01 4.0e+01 4.0e+01 4.0e+01 4.0e+01
 4.0e+01 4.0e+01 4.0e+01 4.0e+01 4.0e+01 4.0e+01 4.0e+01 4.0e+01 4.0e+01
 4.0e+01 4.0e+01 4.0e+01 4.0e+01 4.0e+01 4.0e+01 4.0e+01 4.0e+01 4.0e+01
 4.0e+01 4.0e+01 4.0e+01 4.0e+01 4.0e+01 4.0e+01 4.0e+01 4.0e+01 4.0e+01
 4.0e+01 4.0e+01 4.0e+01 4.0e+01 4.0e+01 4.0e+01 4.0e+01 4.0e+01 4.0e+01
 4.0e+01 4.0e+01 4.0e+01 4.0e+01 4.0e+01 4.0e+01 4.0e+01 4.0e+01 4.0e+01
 4.0e+01 4.0e+01 4.0e+01 4.0e+01 4.0e+01 4.0e+01 4.0e+01 4.0e+01 4.0e+01
 4.0e+01 4.0e+01 4.0e+01 4.0e+01 4.0e+01 4.0e+01 4.0e+01 4.0e+01 4.0e+01
 4.0e+01 4.0e+01 4.0e+01 4.0e+01 4.0e+01 4.0e+01 4.0e+01 4.0e+01 4.0e+01
 4.0e+01 4.0e+01 4.0e+01 4.0e+01 4.0e+01 4.0e+01 4.0e+01 4.0e+01 4.0e+01
 4.0e+01 4.0e+01 4.0e+01 4.0e+01 4.0e+01 4.0e+01 4.0e+01 4.0e+01 4.0e+01
 4.0e+01 4.0e+01 4.0e+01 4.0e+01 4.0e+01 4.0e+01 4.0e+01 4.0e+01 4.0e+01
 4.0e+01 4.0e+01 4.0e+01 4.0e+01 4.0e+01 4.0e+01 4.0e+01 4.0e+01 4.0e+01
 4.0e+01 4.0e+01 4.0e+01 4.0e+01 4.0e+01 4.0e+01 4.0e+01 4.0e+01 4.0e+01
 4.0e+01 4.0e+01 4.0e+01 4.0e+01 4.0e+01 4.0e+01 4.0e+01 4.0e+01 4.0e+01
 4.0e+01]
step_ratio_vec:,[0.1 0.1 0.1 0.1 0.1 0.1 0.1 0.1 0.1 0.1 0.1 0.1 0.1 0.1 0.1 0.1 0.1 0.1
 0.1 0.1 0.1 0.1 0.1 0.1 0.1 0.1 0.1 0.1 0.1 0.1 0.1 0.1 0.1 0.1 0.1 0.1
 0.1 0.1 0.1 0.1 0.1 0.1 0.1 0.1 0.1 0.1 0.1 0.1 0.1 0.1 0.1 0.1 0.1 0.1
 0.1 0.1 0.1 0.1 0.1 0.1 0.1 0.1 0.1 0.1 0.1 0.1 0.1 0.1 0.1 0.1 0.1 0.1
 0.1 0.1 0.1 0.1 0.1 0.1 0.1 0.1 0.1 0.1 0.1 0.1 0.1 0.1 0.1 0.1 0.1 0.1
 0.1 0.1 0.1 0.1 0.1 0.1 0.1 0.1 0.1 0.1 0.1 0.1 0.1 0.1 0.1 0.1 0.1 0.1
 0.1 0.1 0.1 0.1 0.1 0.1 0.1 0.1 0.1 0.1 0.1 0.1 0.1 0.1 0.1 0.1 0.1 0.1
 0.1 0.1 0.1 0.1 0.1 0.1 0.1 0.1 0.1 0.1 0.1 0.1 0.1 0.1 0.1 0.1 0.1 0.1
 0.1 0.1 0.1 0.1 0.1 0.1 0.1 0.1 0.1 0.1 0.1 0.1 0.1 0.1 0.1 0.1 0.1 0.1
 0.1 0.1 0.1 0.1 0.1 0.1 0.1 0.1 0.1 0.1 0.1 0.1 0.1 0.1 0.1 0.1 0.1 0.1
 0.1 0.1 0.1 0.1 0.1 0.1 0.1 0.1 0.1 0.1 0.1 0.1 0.1 0.1 0.1 0.1 0.1 0.1
 0.1 0.1 0.1 0.1 0.1 0.1 0.1 0.1 0.1 0.1 0.1 0.1 0.1 0.1 0.1 0.1 0.1 0.1
 0.1 0.1 0.1 0.1 0.1 0.1 0.1 0.1 0.1 0.1 0.1 0.1 0.1 0.1 0.1 0.1 0.1 0.1
 0.1 0.1 0.1 0.1 0.1 0.1 0.1 0.1 0.1 0.1 0.1 0.1 0.1 0.1 0.1 0.1 0.1 0.1
 0.1 0.1 0.1 0.1 0.1 0.1 0.1 0.1 0.1 0.1 0.1 0.1 0.1 0.1 0.1 0.1 0.1 0.1
 0.1 0.1 0.1 0.1 0.1 0.1 0.1 0.1 0.1 0.1 0.1 0.1 0.1 0.1 0.1 0.1 0.1 0.1
 0.1 0.1 0.1 0.1 0.1 0.1 0.1 0.1 0.1 0.1 0.1 0.1 0.1 0.1 0.1 0.1 0.1 0.1
 0.1 0.1 0.1 0.1 0.1 0.1 0.1 0.1 0.1 0.1 0.1 0.1 0.1 0.1 0.1 0.1 0.1 0.1
 0.1 0.1 0.1 0.1 0.1 0.1 0.1 0.1 0.1 0.1 0.1 0.1 0.1 0.1 0.1 0.1 0.1 0.1
 0.1 0.1 0.1 0.1 0.1 0.1 0.1 0.1 0.1 0.1 0.1 0.1 0.1 0.1 0.1 0.1 0.1 0.1
 0.1 0.1 0.1 0.1 0.1 0.1 0.1 0.1 0.1 0.1 0.1 0.1 0.1 0.1 0.1 0.1 0.1 0.1
 0.1 0.1 0.1 0.1 0.1 0.1 0.1 0.1 0.1 0.1 0.1 0.1 0.1 0.1 0.1 0.1 0.1 0.1
 0.1 0.1 0.1 0.1 0.1 0.1 0.1 0.1 0.1 0.1 0.1 0.1 0.1 0.1 0.1 0.1 0.1 0.1
 0.1]
swap interval:,1000
sim interval:,[-1.1175e+08 -7.4500e+07 -3.7250e+07  0.0000e+00]
likelihood_sed (T/F):,True
erodep_coords:,[[ 0  3]
 [42 94]
 [42 95]
 ...
 [96 78]
 [96 79]
 [96 80]]
sed scaling factor:,50
samples_per_chain:,125
burnin:,0.25
num params:,415
initial_proposed_vec:,[ 8.20002874e-01  9.24793787e-01  1.29080240e+00  1.17792191e+00
  1.10791118e-06  5.33890579e-01  1.08878264e+00  5.07815059e-03
  1.29929790e-03  1.13353488e-03  4.62138917e-01  4.64997816e+00
  2.40011737e+04  5.95991263e+00  1.90358584e-02 -8.20055366e+01
  1.07937116e+02  5.72878179e+01 -1.06858868e+02  8.64422186e+01
 -1.21943033e+02  1.72242159e+01 -8.91798536e+01  1.08960270e+02
  1.40458726e+02 -4.83288257e+01 -1.37313229e+02 -9.01795843e+01
  9.73063176e+01  1.33251721e+02  1.26439484e+02 -7.47005692e+01
 -1.68655792e+02  1.93827161e+02  1.48318836e+02 -1.08566151e+02
 -8.34501135e+01 -4.01661665e+01 -1.27851589e+02  1.50171570e+02
  7.70002252e+01  2.38359962e+00  1.47178481e+02  1.33679015e+02
 -1.80791442e+02  2.77478761e+00  1.37097856e+02  8.22466245e+01
  7.63469806e+01  1.20394116e+02 -7.42450349e+01 -1.12983020e+02
  3.15355081e+01 -1.88463723e+02  1.90942872e+02 -6.80028509e+01
  1.93328549e+02 -1.77571548e+01 -1.13807341e+02  1.58049887e+02
 -5.51136156e+01 -1.52394353e+02 -1.77025264e+02  1.76175358e+01
  1.71870240e+02 -7.01170499e+01  1.86312700e+02  8.36470506e+01
 -1.70414523e+02  8.96676762e+01 -1.28668103e+02 -1.98490817e+02
  9.53402814e+01  1.73017297e+02 -1.82988444e+02  1.78488092e+02
  1.03438710e+02 -1.55108754e+02  5.35913628e+01 -1.76162922e+02
 -5.31720103e+01  1.61142935e+02 -6.38524072e+01 -1.03298301e+02
 -1.22859462e+02 -1.34781165e+02  6.29145316e+01 -1.08943257e+02
 -1.73367319e+02  5.72855217e+01 -3.01548519e+01 -1.53995248e+02
  1.37503063e+02 -1.56596589e+02 -1.13042337e+02  1.27132163e+02
 -1.56929914e+02  1.87881230e+02 -1.47912039e+02 -1.92538022e+02
 -4.62169016e+01  1.62304339e+02  5.72615227e+01  7.80920577e+01
  1.55622233e+02  1.85427772e+02 -1.17567171e+02  1.52369223e+02
  3.83197493e+01 -6.92102819e+01  1.23451042e+02 -1.89462147e+01
  6.81545848e+01 -1.69159013e+02 -1.52728169e+02  9.48207575e+01
  1.42185602e+02 -5.10582452e+01  1.81513451e+02  9.74792373e+01
  4.30855505e+01 -1.54436418e+02 -1.10890752e+02 -1.00252057e+01
 -4.23441305e+01 -1.42431584e+02  2.34747925e+00 -3.88507958e+01
  1.54361317e+02  5.87038650e+00  1.03746891e+02 -8.87286266e+01
 -1.24794963e+01 -1.91852768e+02  1.79920830e+02  1.33414773e+02
 -1.59658021e+02 -1.14142111e+01  5.85145698e+01 -1.43877356e+02
 -1.53116720e+02 -1.78120701e+02 -1.31863247e+02 -2.20179471e+01
 -1.97446860e+02 -6.60747534e+01 -4.00901363e+00  1.03023208e+02
 -7.56460077e+01  1.89749635e+02  1.25860106e+02  1.44533480e+01
 -1.75652857e+02  1.24891994e+01  7.48619635e+01 -2.25421568e+01
 -1.22659955e+02  1.66104358e+02 -1.29814663e+02 -2.93371382e+01
  8.14585794e+01 -1.16311180e+01  7.63215790e+01 -6.39302949e+01
  1.16037592e+02  1.05187093e+02 -1.66250919e+02 -6.56115288e+01
  1.63773131e+02  1.88645254e+02 -1.94592565e+02 -3.76099785e+01
  1.22305794e+02 -1.21563078e+02 -2.53909010e+01  1.57086342e+02
  1.88905143e+02 -8.86129868e+01  1.87787918e+02 -7.67185467e+01
  1.83808512e+02  1.44013606e+02  1.29636146e+02 -1.96849661e+02
  6.87610511e+00  1.68039217e+02 -9.33074759e+01 -1.35102131e+02
 -9.61508614e+01  5.24427659e+01 -6.80021913e+01  2.45903540e+01
  1.12344206e+02  9.10673254e+01 -5.05091783e+01  1.00404959e+01
  1.10903090e+02  4.93260542e+01 -1.35999017e+02 -9.45529470e+01
 -1.91407626e+02 -1.25907356e+02 -1.24417762e+02  1.37400652e+02
  9.99369140e-01 -4.09471846e+01  1.81789923e+02  1.83706015e+02
  5.60169701e+01  3.00757812e+01 -2.05338034e+01  1.70878036e+02
 -5.25955096e+01 -1.73657413e+02  4.84409967e+01  1.76608382e+02
 -1.96618442e+02  1.49201157e+02 -1.42525216e+02  1.90357715e+02
 -1.89045242e+02 -1.19447127e+02 -2.21982650e+01  1.46304490e+02
  1.07048089e+02 -1.41019136e+02  2.03964385e+01 -3.00068454e+01
 -1.52844830e+02  1.22403965e+02  6.66782882e+01 -1.62260408e+02
 -1.09481069e+02 -1.87364694e+02  1.54095869e+02 -1.30224220e+02
  3.35891204e+01 -9.19804110e+01 -8.52805815e+01 -1.37062594e+02
  1.60229061e+02  1.73676995e+02  1.83564571e+02  3.66560367e+01
  5.82138340e+01 -1.35498670e+02 -1.82477077e+02  6.93448551e+01
 -2.50112405e+01 -1.34562244e+02 -1.80883741e+02 -1.76943299e+02
  6.75991641e+01 -1.80597843e+02  1.75964449e+01 -8.41175413e+01
 -6.10619909e+01 -4.49998181e+01  7.32983901e+01 -1.93661826e+02
 -1.57605076e+02 -4.58016212e+01  1.81530890e+02  7.59023377e+01
  1.62229228e+02  6.20439385e+01 -9.34803932e+01 -1.68776869e+02
  7.06821421e+01 -1.73009248e+02 -1.31520541e+02 -1.78420443e+02
 -5.10839057e+01  1.39333850e+02 -1.81452336e+01 -7.36404799e+01
  1.22499490e+01  1.36652580e+02  7.71613520e+01 -7.16150392e+00
 -2.90874289e+01 -1.39319088e+02  1.17998071e+02  1.67719288e+02
  2.33204430e+01  8.22194492e+01 -5.38925559e+01  6.59327755e+01
 -1.92604286e+02  1.75076355e+02 -1.80841695e+02 -6.28202075e+01
 -1.49273957e+01 -9.28676577e+00  1.05504837e+02 -1.03525361e+02
  1.08565633e+02 -1.50165731e+02 -1.57325409e+02 -1.76925778e+02
  1.23323427e+01  1.79481856e+02 -1.33595446e+02  1.59803310e+02
  9.26172591e+01 -1.26687801e+01  1.23014253e+02  1.96665749e+02
 -4.38712952e+01  4.43839133e+01 -3.27450565e+01 -9.97305794e+00
  3.66892196e+01 -1.58209597e+02 -1.67355198e+02 -6.45040278e+01
 -8.99481014e+01 -5.51653294e+01  1.56315511e+02 -1.70232668e+02
 -1.99002549e+02 -1.81542209e+02  1.16428484e+02 -1.22848025e+01
  9.22867384e+01 -1.60986541e+02  3.41407088e+01  1.81337859e+02
  2.34955872e+01 -1.14439210e+02 -1.63390611e+02 -9.46532741e+01
 -9.64573672e+00 -1.44632948e+02 -1.59271542e+02 -1.38559623e+02
  1.98952420e+02  8.89762516e+01  1.40861010e+02  6.69837373e+01
 -1.99368022e+02 -1.17902142e+02  9.97032449e+01 -1.63603100e+02
 -1.55778455e+02 -5.42929795e+01  1.87954233e+02 -9.75120471e+01
 -1.42077603e+02  5.95078495e+00  4.19651970e+01  3.04969781e+00
 -1.56752927e+02 -9.01495959e+01 -1.88359063e+02 -1.90627913e+02
 -1.02091248e+02  1.51231262e+02 -7.83954497e+01 -4.97188435e+00
  1.10825473e+02 -1.19525199e+01  1.27719682e+02  1.52494385e+02
 -1.42425131e+02 -6.16427581e+01  1.75090738e+02  1.23043117e+02
  1.05837735e+02  1.70168013e+02  1.32760969e+02  4.16293986e+01
 -4.21519560e+01 -5.55607902e+01  3.94296753e+01 -1.34341721e+02
 -1.98949691e+02 -7.39836929e+01  1.79052446e+02  1.76887311e+02
 -1.72153551e+02 -4.52948839e+01 -9.41636112e+01 -5.05308023e+01
  1.37036431e+01  1.37952658e+02  1.20491674e+02 -1.83994925e+02
 -4.37007716e+01  1.40335444e+02 -1.20814770e+02  1.69983199e+02
 -6.52719710e+01  5.33573616e+01 -4.60300114e+01  8.62966386e+01
 -2.68898772e+01 -1.61420980e+02  7.58542882e+00 -7.72391534e+01
  9.12598699e+01  1.77628109e+01 -1.96771574e+02 -4.36343004e+01
  1.26491979e+01  1.71278810e+02  5.12728132e+01  9.55056812e+01
  5.00248234e+01  7.27715674e+01  7.62496960e+01  2.95966941e+01
 -9.03283348e+01  3.14090117e+01  1.02311583e+02]
stepsize_vec:,[5.0e-02 5.0e-02 5.0e-02 5.0e-02 4.0e-08 5.0e-03 4.0e-02 3.0e-04 1.2e-04
 4.0e-05 2.0e-02 2.0e-01 1.0e-01 2.0e-01 1.5e-03 4.0e+01 4.0e+01 4.0e+01
 4.0e+01 4.0e+01 4.0e+01 4.0e+01 4.0e+01 4.0e+01 4.0e+01 4.0e+01 4.0e+01
 4.0e+01 4.0e+01 4.0e+01 4.0e+01 4.0e+01 4.0e+01 4.0e+01 4.0e+01 4.0e+01
 4.0e+01 4.0e+01 4.0e+01 4.0e+01 4.0e+01 4.0e+01 4.0e+01 4.0e+01 4.0e+01
 4.0e+01 4.0e+01 4.0e+01 4.0e+01 4.0e+01 4.0e+01 4.0e+01 4.0e+01 4.0e+01
 4.0e+01 4.0e+01 4.0e+01 4.0e+01 4.0e+01 4.0e+01 4.0e+01 4.0e+01 4.0e+01
 4.0e+01 4.0e+01 4.0e+01 4.0e+01 4.0e+01 4.0e+01 4.0e+01 4.0e+01 4.0e+01
 4.0e+01 4.0e+01 4.0e+01 4.0e+01 4.0e+01 4.0e+01 4.0e+01 4.0e+01 4.0e+01
 4.0e+01 4.0e+01 4.0e+01 4.0e+01 4.0e+01 4.0e+01 4.0e+01 4.0e+01 4.0e+01
 4.0e+01 4.0e+01 4.0e+01 4.0e+01 4.0e+01 4.0e+01 4.0e+01 4.0e+01 4.0e+01
 4.0e+01 4.0e+01 4.0e+01 4.0e+01 4.0e+01 4.0e+01 4.0e+01 4.0e+01 4.0e+01
 4.0e+01 4.0e+01 4.0e+01 4.0e+01 4.0e+01 4.0e+01 4.0e+01 4.0e+01 4.0e+01
 4.0e+01 4.0e+01 4.0e+01 4.0e+01 4.0e+01 4.0e+01 4.0e+01 4.0e+01 4.0e+01
 4.0e+01 4.0e+01 4.0e+01 4.0e+01 4.0e+01 4.0e+01 4.0e+01 4.0e+01 4.0e+01
 4.0e+01 4.0e+01 4.0e+01 4.0e+01 4.0e+01 4.0e+01 4.0e+01 4.0e+01 4.0e+01
 4.0e+01 4.0e+01 4.0e+01 4.0e+01 4.0e+01 4.0e+01 4.0e+01 4.0e+01 4.0e+01
 4.0e+01 4.0e+01 4.0e+01 4.0e+01 4.0e+01 4.0e+01 4.0e+01 4.0e+01 4.0e+01
 4.0e+01 4.0e+01 4.0e+01 4.0e+01 4.0e+01 4.0e+01 4.0e+01 4.0e+01 4.0e+01
 4.0e+01 4.0e+01 4.0e+01 4.0e+01 4.0e+01 4.0e+01 4.0e+01 4.0e+01 4.0e+01
 4.0e+01 4.0e+01 4.0e+01 4.0e+01 4.0e+01 4.0e+01 4.0e+01 4.0e+01 4.0e+01
 4.0e+01 4.0e+01 4.0e+01 4.0e+01 4.0e+01 4.0e+01 4.0e+01 4.0e+01 4.0e+01
 4.0e+01 4.0e+01 4.0e+01 4.0e+01 4.0e+01 4.0e+01 4.0e+01 4.0e+01 4.0e+01
 4.0e+01 4.0e+01 4.0e+01 4.0e+01 4.0e+01 4.0e+01 4.0e+01 4.0e+01 4.0e+01
 4.0e+01 4.0e+01 4.0e+01 4.0e+01 4.0e+01 4.0e+01 4.0e+01 4.0e+01 4.0e+01
 4.0e+01 4.0e+01 4.0e+01 4.0e+01 4.0e+01 4.0e+01 4.0e+01 4.0e+01 4.0e+01
 4.0e+01 4.0e+01 4.0e+01 4.0e+01 4.0e+01 4.0e+01 4.0e+01 4.0e+01 4.0e+01
 4.0e+01 4.0e+01 4.0e+01 4.0e+01 4.0e+01 4.0e+01 4.0e+01 4.0e+01 4.0e+01
 4.0e+01 4.0e+01 4.0e+01 4.0e+01 4.0e+01 4.0e+01 4.0e+01 4.0e+01 4.0e+01
 4.0e+01 4.0e+01 4.0e+01 4.0e+01 4.0e+01 4.0e+01 4.0e+01 4.0e+01 4.0e+01
 4.0e+01 4.0e+01 4.0e+01 4.0e+01 4.0e+01 4.0e+01 4.0e+01 4.0e+01 4.0e+01
 4.0e+01 4.0e+01 4.0e+01 4.0e+01 4.0e+01 4.0e+01 4.0e+01 4.0e+01 4.0e+01
 4.0e+01 4.0e+01 4.0e+01 4.0e+01 4.0e+01 4.0e+01 4.0e+01 4.0e+01 4.0e+01
 4.0e+01 4.0e+01 4.0e+01 4.0e+01 4.0e+01 4.0e+01 4.0e+01 4.0e+01 4.0e+01
 4.0e+01 4.0e+01 4.0e+01 4.0e+01 4.0e+01 4.0e+01 4.0e+01 4.0e+01 4.0e+01
 4.0e+01 4.0e+01 4.0e+01 4.0e+01 4.0e+01 4.0e+01 4.0e+01 4.0e+01 4.0e+01
 4.0e+01 4.0e+01 4.0e+01 4.0e+01 4.0e+01 4.0e+01 4.0e+01 4.0e+01 4.0e+01
 4.0e+01 4.0e+01 4.0e+01 4.0e+01 4.0e+01 4.0e+01 4.0e+01 4.0e+01 4.0e+01
 4.0e+01 4.0e+01 4.0e+01 4.0e+01 4.0e+01 4.0e+01 4.0e+01 4.0e+01 4.0e+01
 4.0e+01 4.0e+01 4.0e+01 4.0e+01 4.0e+01 4.0e+01 4.0e+01 4.0e+01 4.0e+01
 4.0e+01 4.0e+01 4.0e+01 4.0e+01 4.0e+01 4.0e+01 4.0e+01 4.0e+01 4.0e+01
 4.0e+01 4.0e+01 4.0e+01 4.0e+01 4.0e+01 4.0e+01 4.0e+01 4.0e+01 4.0e+01
 4.0e+01 4.0e+01 4.0e+01 4.0e+01 4.0e+01 4.0e+01 4.0e+01 4.0e+01 4.0e+01
 4.0e+01 4.0e+01 4.0e+01 4.0e+01 4.0e+01 4.0e+01 4.0e+01 4.0e+01 4.0e+01
 4.0e+01 4.0e+01 4.0e+01 4.0e+01 4.0e+01 4.0e+01 4.0e+01 4.0e+01 4.0e+01
 4.0e+01 4.0e+01 4.0e+01 4.0e+01 4.0e+01 4.0e+01 4.0e+01 4.0e+01 4.0e+01
 4.0e+01]
step_ratio_vec:,[0.1 0.1 0.1 0.1 0.1 0.1 0.1 0.1 0.1 0.1 0.1 0.1 0.1 0.1 0.1 0.1 0.1 0.1
 0.1 0.1 0.1 0.1 0.1 0.1 0.1 0.1 0.1 0.1 0.1 0.1 0.1 0.1 0.1 0.1 0.1 0.1
 0.1 0.1 0.1 0.1 0.1 0.1 0.1 0.1 0.1 0.1 0.1 0.1 0.1 0.1 0.1 0.1 0.1 0.1
 0.1 0.1 0.1 0.1 0.1 0.1 0.1 0.1 0.1 0.1 0.1 0.1 0.1 0.1 0.1 0.1 0.1 0.1
 0.1 0.1 0.1 0.1 0.1 0.1 0.1 0.1 0.1 0.1 0.1 0.1 0.1 0.1 0.1 0.1 0.1 0.1
 0.1 0.1 0.1 0.1 0.1 0.1 0.1 0.1 0.1 0.1 0.1 0.1 0.1 0.1 0.1 0.1 0.1 0.1
 0.1 0.1 0.1 0.1 0.1 0.1 0.1 0.1 0.1 0.1 0.1 0.1 0.1 0.1 0.1 0.1 0.1 0.1
 0.1 0.1 0.1 0.1 0.1 0.1 0.1 0.1 0.1 0.1 0.1 0.1 0.1 0.1 0.1 0.1 0.1 0.1
 0.1 0.1 0.1 0.1 0.1 0.1 0.1 0.1 0.1 0.1 0.1 0.1 0.1 0.1 0.1 0.1 0.1 0.1
 0.1 0.1 0.1 0.1 0.1 0.1 0.1 0.1 0.1 0.1 0.1 0.1 0.1 0.1 0.1 0.1 0.1 0.1
 0.1 0.1 0.1 0.1 0.1 0.1 0.1 0.1 0.1 0.1 0.1 0.1 0.1 0.1 0.1 0.1 0.1 0.1
 0.1 0.1 0.1 0.1 0.1 0.1 0.1 0.1 0.1 0.1 0.1 0.1 0.1 0.1 0.1 0.1 0.1 0.1
 0.1 0.1 0.1 0.1 0.1 0.1 0.1 0.1 0.1 0.1 0.1 0.1 0.1 0.1 0.1 0.1 0.1 0.1
 0.1 0.1 0.1 0.1 0.1 0.1 0.1 0.1 0.1 0.1 0.1 0.1 0.1 0.1 0.1 0.1 0.1 0.1
 0.1 0.1 0.1 0.1 0.1 0.1 0.1 0.1 0.1 0.1 0.1 0.1 0.1 0.1 0.1 0.1 0.1 0.1
 0.1 0.1 0.1 0.1 0.1 0.1 0.1 0.1 0.1 0.1 0.1 0.1 0.1 0.1 0.1 0.1 0.1 0.1
 0.1 0.1 0.1 0.1 0.1 0.1 0.1 0.1 0.1 0.1 0.1 0.1 0.1 0.1 0.1 0.1 0.1 0.1
 0.1 0.1 0.1 0.1 0.1 0.1 0.1 0.1 0.1 0.1 0.1 0.1 0.1 0.1 0.1 0.1 0.1 0.1
 0.1 0.1 0.1 0.1 0.1 0.1 0.1 0.1 0.1 0.1 0.1 0.1 0.1 0.1 0.1 0.1 0.1 0.1
 0.1 0.1 0.1 0.1 0.1 0.1 0.1 0.1 0.1 0.1 0.1 0.1 0.1 0.1 0.1 0.1 0.1 0.1
 0.1 0.1 0.1 0.1 0.1 0.1 0.1 0.1 0.1 0.1 0.1 0.1 0.1 0.1 0.1 0.1 0.1 0.1
 0.1 0.1 0.1 0.1 0.1 0.1 0.1 0.1 0.1 0.1 0.1 0.1 0.1 0.1 0.1 0.1 0.1 0.1
 0.1 0.1 0.1 0.1 0.1 0.1 0.1 0.1 0.1 0.1 0.1 0.1 0.1 0.1 0.1 0.1 0.1 0.1
 0.1]
swap interval:,1000
sim interval:,[-1.1175e+08 -7.4500e+07 -3.7250e+07  0.0000e+00]
likelihood_sed (T/F):,True
erodep_coords:,[[ 0  3]
 [42 94]
 [42 95]
 ...
 [96 78]
 [96 79]
 [96 80]]
sed scaling factor:,50
samples_per_chain:,125
burnin:,0.25
num params:,415
initial_proposed_vec:,[ 8.20002874e-01  9.24793787e-01  1.29080240e+00  1.17792191e+00
  1.10791118e-06  5.33890579e-01  1.08878264e+00  5.07815059e-03
  1.29929790e-03  1.13353488e-03  4.62138917e-01  4.64997816e+00
  2.40011737e+04  5.95991263e+00  1.90358584e-02 -8.20055366e+01
  1.07937116e+02  5.72878179e+01 -1.06858868e+02  8.64422186e+01
 -1.21943033e+02  1.72242159e+01 -8.91798536e+01  1.08960270e+02
  1.40458726e+02 -4.83288257e+01 -1.37313229e+02 -9.01795843e+01
  9.73063176e+01  1.33251721e+02  1.26439484e+02 -7.47005692e+01
 -1.68655792e+02  1.93827161e+02  1.48318836e+02 -1.08566151e+02
 -8.34501135e+01 -4.01661665e+01 -1.27851589e+02  1.50171570e+02
  7.70002252e+01  2.38359962e+00  1.47178481e+02  1.33679015e+02
 -1.80791442e+02  2.77478761e+00  1.37097856e+02  8.22466245e+01
  7.63469806e+01  1.20394116e+02 -7.42450349e+01 -1.12983020e+02
  3.15355081e+01 -1.88463723e+02  1.90942872e+02 -6.80028509e+01
  1.93328549e+02 -1.77571548e+01 -1.13807341e+02  1.58049887e+02
 -5.51136156e+01 -1.52394353e+02 -1.77025264e+02  1.76175358e+01
  1.71870240e+02 -7.01170499e+01  1.86312700e+02  8.36470506e+01
 -1.70414523e+02  8.96676762e+01 -1.28668103e+02 -1.98490817e+02
  9.53402814e+01  1.73017297e+02 -1.82988444e+02  1.78488092e+02
  1.03438710e+02 -1.55108754e+02  5.35913628e+01 -1.76162922e+02
 -5.31720103e+01  1.61142935e+02 -6.38524072e+01 -1.03298301e+02
 -1.22859462e+02 -1.34781165e+02  6.29145316e+01 -1.08943257e+02
 -1.73367319e+02  5.72855217e+01 -3.01548519e+01 -1.53995248e+02
  1.37503063e+02 -1.56596589e+02 -1.13042337e+02  1.27132163e+02
 -1.56929914e+02  1.87881230e+02 -1.47912039e+02 -1.92538022e+02
 -4.62169016e+01  1.62304339e+02  5.72615227e+01  7.80920577e+01
  1.55622233e+02  1.85427772e+02 -1.17567171e+02  1.52369223e+02
  3.83197493e+01 -6.92102819e+01  1.23451042e+02 -1.89462147e+01
  6.81545848e+01 -1.69159013e+02 -1.52728169e+02  9.48207575e+01
  1.42185602e+02 -5.10582452e+01  1.81513451e+02  9.74792373e+01
  4.30855505e+01 -1.54436418e+02 -1.10890752e+02 -1.00252057e+01
 -4.23441305e+01 -1.42431584e+02  2.34747925e+00 -3.88507958e+01
  1.54361317e+02  5.87038650e+00  1.03746891e+02 -8.87286266e+01
 -1.24794963e+01 -1.91852768e+02  1.79920830e+02  1.33414773e+02
 -1.59658021e+02 -1.14142111e+01  5.85145698e+01 -1.43877356e+02
 -1.53116720e+02 -1.78120701e+02 -1.31863247e+02 -2.20179471e+01
 -1.97446860e+02 -6.60747534e+01 -4.00901363e+00  1.03023208e+02
 -7.56460077e+01  1.89749635e+02  1.25860106e+02  1.44533480e+01
 -1.75652857e+02  1.24891994e+01  7.48619635e+01 -2.25421568e+01
 -1.22659955e+02  1.66104358e+02 -1.29814663e+02 -2.93371382e+01
  8.14585794e+01 -1.16311180e+01  7.63215790e+01 -6.39302949e+01
  1.16037592e+02  1.05187093e+02 -1.66250919e+02 -6.56115288e+01
  1.63773131e+02  1.88645254e+02 -1.94592565e+02 -3.76099785e+01
  1.22305794e+02 -1.21563078e+02 -2.53909010e+01  1.57086342e+02
  1.88905143e+02 -8.86129868e+01  1.87787918e+02 -7.67185467e+01
  1.83808512e+02  1.44013606e+02  1.29636146e+02 -1.96849661e+02
  6.87610511e+00  1.68039217e+02 -9.33074759e+01 -1.35102131e+02
 -9.61508614e+01  5.24427659e+01 -6.80021913e+01  2.45903540e+01
  1.12344206e+02  9.10673254e+01 -5.05091783e+01  1.00404959e+01
  1.10903090e+02  4.93260542e+01 -1.35999017e+02 -9.45529470e+01
 -1.91407626e+02 -1.25907356e+02 -1.24417762e+02  1.37400652e+02
  9.99369140e-01 -4.09471846e+01  1.81789923e+02  1.83706015e+02
  5.60169701e+01  3.00757812e+01 -2.05338034e+01  1.70878036e+02
 -5.25955096e+01 -1.73657413e+02  4.84409967e+01  1.76608382e+02
 -1.96618442e+02  1.49201157e+02 -1.42525216e+02  1.90357715e+02
 -1.89045242e+02 -1.19447127e+02 -2.21982650e+01  1.46304490e+02
  1.07048089e+02 -1.41019136e+02  2.03964385e+01 -3.00068454e+01
 -1.52844830e+02  1.22403965e+02  6.66782882e+01 -1.62260408e+02
 -1.09481069e+02 -1.87364694e+02  1.54095869e+02 -1.30224220e+02
  3.35891204e+01 -9.19804110e+01 -8.52805815e+01 -1.37062594e+02
  1.60229061e+02  1.73676995e+02  1.83564571e+02  3.66560367e+01
  5.82138340e+01 -1.35498670e+02 -1.82477077e+02  6.93448551e+01
 -2.50112405e+01 -1.34562244e+02 -1.80883741e+02 -1.76943299e+02
  6.75991641e+01 -1.80597843e+02  1.75964449e+01 -8.41175413e+01
 -6.10619909e+01 -4.49998181e+01  7.32983901e+01 -1.93661826e+02
 -1.57605076e+02 -4.58016212e+01  1.81530890e+02  7.59023377e+01
  1.62229228e+02  6.20439385e+01 -9.34803932e+01 -1.68776869e+02
  7.06821421e+01 -1.73009248e+02 -1.31520541e+02 -1.78420443e+02
 -5.10839057e+01  1.39333850e+02 -1.81452336e+01 -7.36404799e+01
  1.22499490e+01  1.36652580e+02  7.71613520e+01 -7.16150392e+00
 -2.90874289e+01 -1.39319088e+02  1.17998071e+02  1.67719288e+02
  2.33204430e+01  8.22194492e+01 -5.38925559e+01  6.59327755e+01
 -1.92604286e+02  1.75076355e+02 -1.80841695e+02 -6.28202075e+01
 -1.49273957e+01 -9.28676577e+00  1.05504837e+02 -1.03525361e+02
  1.08565633e+02 -1.50165731e+02 -1.57325409e+02 -1.76925778e+02
  1.23323427e+01  1.79481856e+02 -1.33595446e+02  1.59803310e+02
  9.26172591e+01 -1.26687801e+01  1.23014253e+02  1.96665749e+02
 -4.38712952e+01  4.43839133e+01 -3.27450565e+01 -9.97305794e+00
  3.66892196e+01 -1.58209597e+02 -1.67355198e+02 -6.45040278e+01
 -8.99481014e+01 -5.51653294e+01  1.56315511e+02 -1.70232668e+02
 -1.99002549e+02 -1.81542209e+02  1.16428484e+02 -1.22848025e+01
  9.22867384e+01 -1.60986541e+02  3.41407088e+01  1.81337859e+02
  2.34955872e+01 -1.14439210e+02 -1.63390611e+02 -9.46532741e+01
 -9.64573672e+00 -1.44632948e+02 -1.59271542e+02 -1.38559623e+02
  1.98952420e+02  8.89762516e+01  1.40861010e+02  6.69837373e+01
 -1.99368022e+02 -1.17902142e+02  9.97032449e+01 -1.63603100e+02
 -1.55778455e+02 -5.42929795e+01  1.87954233e+02 -9.75120471e+01
 -1.42077603e+02  5.95078495e+00  4.19651970e+01  3.04969781e+00
 -1.56752927e+02 -9.01495959e+01 -1.88359063e+02 -1.90627913e+02
 -1.02091248e+02  1.51231262e+02 -7.83954497e+01 -4.97188435e+00
  1.10825473e+02 -1.19525199e+01  1.27719682e+02  1.52494385e+02
 -1.42425131e+02 -6.16427581e+01  1.75090738e+02  1.23043117e+02
  1.05837735e+02  1.70168013e+02  1.32760969e+02  4.16293986e+01
 -4.21519560e+01 -5.55607902e+01  3.94296753e+01 -1.34341721e+02
 -1.98949691e+02 -7.39836929e+01  1.79052446e+02  1.76887311e+02
 -1.72153551e+02 -4.52948839e+01 -9.41636112e+01 -5.05308023e+01
  1.37036431e+01  1.37952658e+02  1.20491674e+02 -1.83994925e+02
 -4.37007716e+01  1.40335444e+02 -1.20814770e+02  1.69983199e+02
 -6.52719710e+01  5.33573616e+01 -4.60300114e+01  8.62966386e+01
 -2.68898772e+01 -1.61420980e+02  7.58542882e+00 -7.72391534e+01
  9.12598699e+01  1.77628109e+01 -1.96771574e+02 -4.36343004e+01
  1.26491979e+01  1.71278810e+02  5.12728132e+01  9.55056812e+01
  5.00248234e+01  7.27715674e+01  7.62496960e+01  2.95966941e+01
 -9.03283348e+01  3.14090117e+01  1.02311583e+02]
stepsize_vec:,[5.0e-02 5.0e-02 5.0e-02 5.0e-02 4.0e-08 5.0e-03 4.0e-02 3.0e-04 1.2e-04
 4.0e-05 2.0e-02 2.0e-01 1.0e-01 2.0e-01 1.5e-03 4.0e+01 4.0e+01 4.0e+01
 4.0e+01 4.0e+01 4.0e+01 4.0e+01 4.0e+01 4.0e+01 4.0e+01 4.0e+01 4.0e+01
 4.0e+01 4.0e+01 4.0e+01 4.0e+01 4.0e+01 4.0e+01 4.0e+01 4.0e+01 4.0e+01
 4.0e+01 4.0e+01 4.0e+01 4.0e+01 4.0e+01 4.0e+01 4.0e+01 4.0e+01 4.0e+01
 4.0e+01 4.0e+01 4.0e+01 4.0e+01 4.0e+01 4.0e+01 4.0e+01 4.0e+01 4.0e+01
 4.0e+01 4.0e+01 4.0e+01 4.0e+01 4.0e+01 4.0e+01 4.0e+01 4.0e+01 4.0e+01
 4.0e+01 4.0e+01 4.0e+01 4.0e+01 4.0e+01 4.0e+01 4.0e+01 4.0e+01 4.0e+01
 4.0e+01 4.0e+01 4.0e+01 4.0e+01 4.0e+01 4.0e+01 4.0e+01 4.0e+01 4.0e+01
 4.0e+01 4.0e+01 4.0e+01 4.0e+01 4.0e+01 4.0e+01 4.0e+01 4.0e+01 4.0e+01
 4.0e+01 4.0e+01 4.0e+01 4.0e+01 4.0e+01 4.0e+01 4.0e+01 4.0e+01 4.0e+01
 4.0e+01 4.0e+01 4.0e+01 4.0e+01 4.0e+01 4.0e+01 4.0e+01 4.0e+01 4.0e+01
 4.0e+01 4.0e+01 4.0e+01 4.0e+01 4.0e+01 4.0e+01 4.0e+01 4.0e+01 4.0e+01
 4.0e+01 4.0e+01 4.0e+01 4.0e+01 4.0e+01 4.0e+01 4.0e+01 4.0e+01 4.0e+01
 4.0e+01 4.0e+01 4.0e+01 4.0e+01 4.0e+01 4.0e+01 4.0e+01 4.0e+01 4.0e+01
 4.0e+01 4.0e+01 4.0e+01 4.0e+01 4.0e+01 4.0e+01 4.0e+01 4.0e+01 4.0e+01
 4.0e+01 4.0e+01 4.0e+01 4.0e+01 4.0e+01 4.0e+01 4.0e+01 4.0e+01 4.0e+01
 4.0e+01 4.0e+01 4.0e+01 4.0e+01 4.0e+01 4.0e+01 4.0e+01 4.0e+01 4.0e+01
 4.0e+01 4.0e+01 4.0e+01 4.0e+01 4.0e+01 4.0e+01 4.0e+01 4.0e+01 4.0e+01
 4.0e+01 4.0e+01 4.0e+01 4.0e+01 4.0e+01 4.0e+01 4.0e+01 4.0e+01 4.0e+01
 4.0e+01 4.0e+01 4.0e+01 4.0e+01 4.0e+01 4.0e+01 4.0e+01 4.0e+01 4.0e+01
 4.0e+01 4.0e+01 4.0e+01 4.0e+01 4.0e+01 4.0e+01 4.0e+01 4.0e+01 4.0e+01
 4.0e+01 4.0e+01 4.0e+01 4.0e+01 4.0e+01 4.0e+01 4.0e+01 4.0e+01 4.0e+01
 4.0e+01 4.0e+01 4.0e+01 4.0e+01 4.0e+01 4.0e+01 4.0e+01 4.0e+01 4.0e+01
 4.0e+01 4.0e+01 4.0e+01 4.0e+01 4.0e+01 4.0e+01 4.0e+01 4.0e+01 4.0e+01
 4.0e+01 4.0e+01 4.0e+01 4.0e+01 4.0e+01 4.0e+01 4.0e+01 4.0e+01 4.0e+01
 4.0e+01 4.0e+01 4.0e+01 4.0e+01 4.0e+01 4.0e+01 4.0e+01 4.0e+01 4.0e+01
 4.0e+01 4.0e+01 4.0e+01 4.0e+01 4.0e+01 4.0e+01 4.0e+01 4.0e+01 4.0e+01
 4.0e+01 4.0e+01 4.0e+01 4.0e+01 4.0e+01 4.0e+01 4.0e+01 4.0e+01 4.0e+01
 4.0e+01 4.0e+01 4.0e+01 4.0e+01 4.0e+01 4.0e+01 4.0e+01 4.0e+01 4.0e+01
 4.0e+01 4.0e+01 4.0e+01 4.0e+01 4.0e+01 4.0e+01 4.0e+01 4.0e+01 4.0e+01
 4.0e+01 4.0e+01 4.0e+01 4.0e+01 4.0e+01 4.0e+01 4.0e+01 4.0e+01 4.0e+01
 4.0e+01 4.0e+01 4.0e+01 4.0e+01 4.0e+01 4.0e+01 4.0e+01 4.0e+01 4.0e+01
 4.0e+01 4.0e+01 4.0e+01 4.0e+01 4.0e+01 4.0e+01 4.0e+01 4.0e+01 4.0e+01
 4.0e+01 4.0e+01 4.0e+01 4.0e+01 4.0e+01 4.0e+01 4.0e+01 4.0e+01 4.0e+01
 4.0e+01 4.0e+01 4.0e+01 4.0e+01 4.0e+01 4.0e+01 4.0e+01 4.0e+01 4.0e+01
 4.0e+01 4.0e+01 4.0e+01 4.0e+01 4.0e+01 4.0e+01 4.0e+01 4.0e+01 4.0e+01
 4.0e+01 4.0e+01 4.0e+01 4.0e+01 4.0e+01 4.0e+01 4.0e+01 4.0e+01 4.0e+01
 4.0e+01 4.0e+01 4.0e+01 4.0e+01 4.0e+01 4.0e+01 4.0e+01 4.0e+01 4.0e+01
 4.0e+01 4.0e+01 4.0e+01 4.0e+01 4.0e+01 4.0e+01 4.0e+01 4.0e+01 4.0e+01
 4.0e+01 4.0e+01 4.0e+01 4.0e+01 4.0e+01 4.0e+01 4.0e+01 4.0e+01 4.0e+01
 4.0e+01 4.0e+01 4.0e+01 4.0e+01 4.0e+01 4.0e+01 4.0e+01 4.0e+01 4.0e+01
 4.0e+01 4.0e+01 4.0e+01 4.0e+01 4.0e+01 4.0e+01 4.0e+01 4.0e+01 4.0e+01
 4.0e+01 4.0e+01 4.0e+01 4.0e+01 4.0e+01 4.0e+01 4.0e+01 4.0e+01 4.0e+01
 4.0e+01 4.0e+01 4.0e+01 4.0e+01 4.0e+01 4.0e+01 4.0e+01 4.0e+01 4.0e+01
 4.0e+01 4.0e+01 4.0e+01 4.0e+01 4.0e+01 4.0e+01 4.0e+01 4.0e+01 4.0e+01
 4.0e+01]
step_ratio_vec:,[0.1 0.1 0.1 0.1 0.1 0.1 0.1 0.1 0.1 0.1 0.1 0.1 0.1 0.1 0.1 0.1 0.1 0.1
 0.1 0.1 0.1 0.1 0.1 0.1 0.1 0.1 0.1 0.1 0.1 0.1 0.1 0.1 0.1 0.1 0.1 0.1
 0.1 0.1 0.1 0.1 0.1 0.1 0.1 0.1 0.1 0.1 0.1 0.1 0.1 0.1 0.1 0.1 0.1 0.1
 0.1 0.1 0.1 0.1 0.1 0.1 0.1 0.1 0.1 0.1 0.1 0.1 0.1 0.1 0.1 0.1 0.1 0.1
 0.1 0.1 0.1 0.1 0.1 0.1 0.1 0.1 0.1 0.1 0.1 0.1 0.1 0.1 0.1 0.1 0.1 0.1
 0.1 0.1 0.1 0.1 0.1 0.1 0.1 0.1 0.1 0.1 0.1 0.1 0.1 0.1 0.1 0.1 0.1 0.1
 0.1 0.1 0.1 0.1 0.1 0.1 0.1 0.1 0.1 0.1 0.1 0.1 0.1 0.1 0.1 0.1 0.1 0.1
 0.1 0.1 0.1 0.1 0.1 0.1 0.1 0.1 0.1 0.1 0.1 0.1 0.1 0.1 0.1 0.1 0.1 0.1
 0.1 0.1 0.1 0.1 0.1 0.1 0.1 0.1 0.1 0.1 0.1 0.1 0.1 0.1 0.1 0.1 0.1 0.1
 0.1 0.1 0.1 0.1 0.1 0.1 0.1 0.1 0.1 0.1 0.1 0.1 0.1 0.1 0.1 0.1 0.1 0.1
 0.1 0.1 0.1 0.1 0.1 0.1 0.1 0.1 0.1 0.1 0.1 0.1 0.1 0.1 0.1 0.1 0.1 0.1
 0.1 0.1 0.1 0.1 0.1 0.1 0.1 0.1 0.1 0.1 0.1 0.1 0.1 0.1 0.1 0.1 0.1 0.1
 0.1 0.1 0.1 0.1 0.1 0.1 0.1 0.1 0.1 0.1 0.1 0.1 0.1 0.1 0.1 0.1 0.1 0.1
 0.1 0.1 0.1 0.1 0.1 0.1 0.1 0.1 0.1 0.1 0.1 0.1 0.1 0.1 0.1 0.1 0.1 0.1
 0.1 0.1 0.1 0.1 0.1 0.1 0.1 0.1 0.1 0.1 0.1 0.1 0.1 0.1 0.1 0.1 0.1 0.1
 0.1 0.1 0.1 0.1 0.1 0.1 0.1 0.1 0.1 0.1 0.1 0.1 0.1 0.1 0.1 0.1 0.1 0.1
 0.1 0.1 0.1 0.1 0.1 0.1 0.1 0.1 0.1 0.1 0.1 0.1 0.1 0.1 0.1 0.1 0.1 0.1
 0.1 0.1 0.1 0.1 0.1 0.1 0.1 0.1 0.1 0.1 0.1 0.1 0.1 0.1 0.1 0.1 0.1 0.1
 0.1 0.1 0.1 0.1 0.1 0.1 0.1 0.1 0.1 0.1 0.1 0.1 0.1 0.1 0.1 0.1 0.1 0.1
 0.1 0.1 0.1 0.1 0.1 0.1 0.1 0.1 0.1 0.1 0.1 0.1 0.1 0.1 0.1 0.1 0.1 0.1
 0.1 0.1 0.1 0.1 0.1 0.1 0.1 0.1 0.1 0.1 0.1 0.1 0.1 0.1 0.1 0.1 0.1 0.1
 0.1 0.1 0.1 0.1 0.1 0.1 0.1 0.1 0.1 0.1 0.1 0.1 0.1 0.1 0.1 0.1 0.1 0.1
 0.1 0.1 0.1 0.1 0.1 0.1 0.1 0.1 0.1 0.1 0.1 0.1 0.1 0.1 0.1 0.1 0.1 0.1
 0.1]
swap interval:,1000
sim interval:,[-1.1175e+08 -7.4500e+07 -3.7250e+07  0.0000e+00]
likelihood_sed (T/F):,True
erodep_coords:,[[ 0  3]
 [42 94]
 [42 95]
 ...
 [96 78]
 [96 79]
 [96 80]]
sed scaling factor:,50
samples_per_chain:,125
burnin:,0.25
num params:,415
initial_proposed_vec:,[ 8.20002874e-01  9.24793787e-01  1.29080240e+00  1.17792191e+00
  1.10791118e-06  5.33890579e-01  1.08878264e+00  5.07815059e-03
  1.29929790e-03  1.13353488e-03  4.62138917e-01  4.64997816e+00
  2.40011737e+04  5.95991263e+00  1.90358584e-02 -8.20055366e+01
  1.07937116e+02  5.72878179e+01 -1.06858868e+02  8.64422186e+01
 -1.21943033e+02  1.72242159e+01 -8.91798536e+01  1.08960270e+02
  1.40458726e+02 -4.83288257e+01 -1.37313229e+02 -9.01795843e+01
  9.73063176e+01  1.33251721e+02  1.26439484e+02 -7.47005692e+01
 -1.68655792e+02  1.93827161e+02  1.48318836e+02 -1.08566151e+02
 -8.34501135e+01 -4.01661665e+01 -1.27851589e+02  1.50171570e+02
  7.70002252e+01  2.38359962e+00  1.47178481e+02  1.33679015e+02
 -1.80791442e+02  2.77478761e+00  1.37097856e+02  8.22466245e+01
  7.63469806e+01  1.20394116e+02 -7.42450349e+01 -1.12983020e+02
  3.15355081e+01 -1.88463723e+02  1.90942872e+02 -6.80028509e+01
  1.93328549e+02 -1.77571548e+01 -1.13807341e+02  1.58049887e+02
 -5.51136156e+01 -1.52394353e+02 -1.77025264e+02  1.76175358e+01
  1.71870240e+02 -7.01170499e+01  1.86312700e+02  8.36470506e+01
 -1.70414523e+02  8.96676762e+01 -1.28668103e+02 -1.98490817e+02
  9.53402814e+01  1.73017297e+02 -1.82988444e+02  1.78488092e+02
  1.03438710e+02 -1.55108754e+02  5.35913628e+01 -1.76162922e+02
 -5.31720103e+01  1.61142935e+02 -6.38524072e+01 -1.03298301e+02
 -1.22859462e+02 -1.34781165e+02  6.29145316e+01 -1.08943257e+02
 -1.73367319e+02  5.72855217e+01 -3.01548519e+01 -1.53995248e+02
  1.37503063e+02 -1.56596589e+02 -1.13042337e+02  1.27132163e+02
 -1.56929914e+02  1.87881230e+02 -1.47912039e+02 -1.92538022e+02
 -4.62169016e+01  1.62304339e+02  5.72615227e+01  7.80920577e+01
  1.55622233e+02  1.85427772e+02 -1.17567171e+02  1.52369223e+02
  3.83197493e+01 -6.92102819e+01  1.23451042e+02 -1.89462147e+01
  6.81545848e+01 -1.69159013e+02 -1.52728169e+02  9.48207575e+01
  1.42185602e+02 -5.10582452e+01  1.81513451e+02  9.74792373e+01
  4.30855505e+01 -1.54436418e+02 -1.10890752e+02 -1.00252057e+01
 -4.23441305e+01 -1.42431584e+02  2.34747925e+00 -3.88507958e+01
  1.54361317e+02  5.87038650e+00  1.03746891e+02 -8.87286266e+01
 -1.24794963e+01 -1.91852768e+02  1.79920830e+02  1.33414773e+02
 -1.59658021e+02 -1.14142111e+01  5.85145698e+01 -1.43877356e+02
 -1.53116720e+02 -1.78120701e+02 -1.31863247e+02 -2.20179471e+01
 -1.97446860e+02 -6.60747534e+01 -4.00901363e+00  1.03023208e+02
 -7.56460077e+01  1.89749635e+02  1.25860106e+02  1.44533480e+01
 -1.75652857e+02  1.24891994e+01  7.48619635e+01 -2.25421568e+01
 -1.22659955e+02  1.66104358e+02 -1.29814663e+02 -2.93371382e+01
  8.14585794e+01 -1.16311180e+01  7.63215790e+01 -6.39302949e+01
  1.16037592e+02  1.05187093e+02 -1.66250919e+02 -6.56115288e+01
  1.63773131e+02  1.88645254e+02 -1.94592565e+02 -3.76099785e+01
  1.22305794e+02 -1.21563078e+02 -2.53909010e+01  1.57086342e+02
  1.88905143e+02 -8.86129868e+01  1.87787918e+02 -7.67185467e+01
  1.83808512e+02  1.44013606e+02  1.29636146e+02 -1.96849661e+02
  6.87610511e+00  1.68039217e+02 -9.33074759e+01 -1.35102131e+02
 -9.61508614e+01  5.24427659e+01 -6.80021913e+01  2.45903540e+01
  1.12344206e+02  9.10673254e+01 -5.05091783e+01  1.00404959e+01
  1.10903090e+02  4.93260542e+01 -1.35999017e+02 -9.45529470e+01
 -1.91407626e+02 -1.25907356e+02 -1.24417762e+02  1.37400652e+02
  9.99369140e-01 -4.09471846e+01  1.81789923e+02  1.83706015e+02
  5.60169701e+01  3.00757812e+01 -2.05338034e+01  1.70878036e+02
 -5.25955096e+01 -1.73657413e+02  4.84409967e+01  1.76608382e+02
 -1.96618442e+02  1.49201157e+02 -1.42525216e+02  1.90357715e+02
 -1.89045242e+02 -1.19447127e+02 -2.21982650e+01  1.46304490e+02
  1.07048089e+02 -1.41019136e+02  2.03964385e+01 -3.00068454e+01
 -1.52844830e+02  1.22403965e+02  6.66782882e+01 -1.62260408e+02
 -1.09481069e+02 -1.87364694e+02  1.54095869e+02 -1.30224220e+02
  3.35891204e+01 -9.19804110e+01 -8.52805815e+01 -1.37062594e+02
  1.60229061e+02  1.73676995e+02  1.83564571e+02  3.66560367e+01
  5.82138340e+01 -1.35498670e+02 -1.82477077e+02  6.93448551e+01
 -2.50112405e+01 -1.34562244e+02 -1.80883741e+02 -1.76943299e+02
  6.75991641e+01 -1.80597843e+02  1.75964449e+01 -8.41175413e+01
 -6.10619909e+01 -4.49998181e+01  7.32983901e+01 -1.93661826e+02
 -1.57605076e+02 -4.58016212e+01  1.81530890e+02  7.59023377e+01
  1.62229228e+02  6.20439385e+01 -9.34803932e+01 -1.68776869e+02
  7.06821421e+01 -1.73009248e+02 -1.31520541e+02 -1.78420443e+02
 -5.10839057e+01  1.39333850e+02 -1.81452336e+01 -7.36404799e+01
  1.22499490e+01  1.36652580e+02  7.71613520e+01 -7.16150392e+00
 -2.90874289e+01 -1.39319088e+02  1.17998071e+02  1.67719288e+02
  2.33204430e+01  8.22194492e+01 -5.38925559e+01  6.59327755e+01
 -1.92604286e+02  1.75076355e+02 -1.80841695e+02 -6.28202075e+01
 -1.49273957e+01 -9.28676577e+00  1.05504837e+02 -1.03525361e+02
  1.08565633e+02 -1.50165731e+02 -1.57325409e+02 -1.76925778e+02
  1.23323427e+01  1.79481856e+02 -1.33595446e+02  1.59803310e+02
  9.26172591e+01 -1.26687801e+01  1.23014253e+02  1.96665749e+02
 -4.38712952e+01  4.43839133e+01 -3.27450565e+01 -9.97305794e+00
  3.66892196e+01 -1.58209597e+02 -1.67355198e+02 -6.45040278e+01
 -8.99481014e+01 -5.51653294e+01  1.56315511e+02 -1.70232668e+02
 -1.99002549e+02 -1.81542209e+02  1.16428484e+02 -1.22848025e+01
  9.22867384e+01 -1.60986541e+02  3.41407088e+01  1.81337859e+02
  2.34955872e+01 -1.14439210e+02 -1.63390611e+02 -9.46532741e+01
 -9.64573672e+00 -1.44632948e+02 -1.59271542e+02 -1.38559623e+02
  1.98952420e+02  8.89762516e+01  1.40861010e+02  6.69837373e+01
 -1.99368022e+02 -1.17902142e+02  9.97032449e+01 -1.63603100e+02
 -1.55778455e+02 -5.42929795e+01  1.87954233e+02 -9.75120471e+01
 -1.42077603e+02  5.95078495e+00  4.19651970e+01  3.04969781e+00
 -1.56752927e+02 -9.01495959e+01 -1.88359063e+02 -1.90627913e+02
 -1.02091248e+02  1.51231262e+02 -7.83954497e+01 -4.97188435e+00
  1.10825473e+02 -1.19525199e+01  1.27719682e+02  1.52494385e+02
 -1.42425131e+02 -6.16427581e+01  1.75090738e+02  1.23043117e+02
  1.05837735e+02  1.70168013e+02  1.32760969e+02  4.16293986e+01
 -4.21519560e+01 -5.55607902e+01  3.94296753e+01 -1.34341721e+02
 -1.98949691e+02 -7.39836929e+01  1.79052446e+02  1.76887311e+02
 -1.72153551e+02 -4.52948839e+01 -9.41636112e+01 -5.05308023e+01
  1.37036431e+01  1.37952658e+02  1.20491674e+02 -1.83994925e+02
 -4.37007716e+01  1.40335444e+02 -1.20814770e+02  1.69983199e+02
 -6.52719710e+01  5.33573616e+01 -4.60300114e+01  8.62966386e+01
 -2.68898772e+01 -1.61420980e+02  7.58542882e+00 -7.72391534e+01
  9.12598699e+01  1.77628109e+01 -1.96771574e+02 -4.36343004e+01
  1.26491979e+01  1.71278810e+02  5.12728132e+01  9.55056812e+01
  5.00248234e+01  7.27715674e+01  7.62496960e+01  2.95966941e+01
 -9.03283348e+01  3.14090117e+01  1.02311583e+02]
stepsize_vec:,[5.0e-02 5.0e-02 5.0e-02 5.0e-02 4.0e-08 5.0e-03 4.0e-02 3.0e-04 1.2e-04
 4.0e-05 2.0e-02 2.0e-01 1.0e-01 2.0e-01 1.5e-03 4.0e+01 4.0e+01 4.0e+01
 4.0e+01 4.0e+01 4.0e+01 4.0e+01 4.0e+01 4.0e+01 4.0e+01 4.0e+01 4.0e+01
 4.0e+01 4.0e+01 4.0e+01 4.0e+01 4.0e+01 4.0e+01 4.0e+01 4.0e+01 4.0e+01
 4.0e+01 4.0e+01 4.0e+01 4.0e+01 4.0e+01 4.0e+01 4.0e+01 4.0e+01 4.0e+01
 4.0e+01 4.0e+01 4.0e+01 4.0e+01 4.0e+01 4.0e+01 4.0e+01 4.0e+01 4.0e+01
 4.0e+01 4.0e+01 4.0e+01 4.0e+01 4.0e+01 4.0e+01 4.0e+01 4.0e+01 4.0e+01
 4.0e+01 4.0e+01 4.0e+01 4.0e+01 4.0e+01 4.0e+01 4.0e+01 4.0e+01 4.0e+01
 4.0e+01 4.0e+01 4.0e+01 4.0e+01 4.0e+01 4.0e+01 4.0e+01 4.0e+01 4.0e+01
 4.0e+01 4.0e+01 4.0e+01 4.0e+01 4.0e+01 4.0e+01 4.0e+01 4.0e+01 4.0e+01
 4.0e+01 4.0e+01 4.0e+01 4.0e+01 4.0e+01 4.0e+01 4.0e+01 4.0e+01 4.0e+01
 4.0e+01 4.0e+01 4.0e+01 4.0e+01 4.0e+01 4.0e+01 4.0e+01 4.0e+01 4.0e+01
 4.0e+01 4.0e+01 4.0e+01 4.0e+01 4.0e+01 4.0e+01 4.0e+01 4.0e+01 4.0e+01
 4.0e+01 4.0e+01 4.0e+01 4.0e+01 4.0e+01 4.0e+01 4.0e+01 4.0e+01 4.0e+01
 4.0e+01 4.0e+01 4.0e+01 4.0e+01 4.0e+01 4.0e+01 4.0e+01 4.0e+01 4.0e+01
 4.0e+01 4.0e+01 4.0e+01 4.0e+01 4.0e+01 4.0e+01 4.0e+01 4.0e+01 4.0e+01
 4.0e+01 4.0e+01 4.0e+01 4.0e+01 4.0e+01 4.0e+01 4.0e+01 4.0e+01 4.0e+01
 4.0e+01 4.0e+01 4.0e+01 4.0e+01 4.0e+01 4.0e+01 4.0e+01 4.0e+01 4.0e+01
 4.0e+01 4.0e+01 4.0e+01 4.0e+01 4.0e+01 4.0e+01 4.0e+01 4.0e+01 4.0e+01
 4.0e+01 4.0e+01 4.0e+01 4.0e+01 4.0e+01 4.0e+01 4.0e+01 4.0e+01 4.0e+01
 4.0e+01 4.0e+01 4.0e+01 4.0e+01 4.0e+01 4.0e+01 4.0e+01 4.0e+01 4.0e+01
 4.0e+01 4.0e+01 4.0e+01 4.0e+01 4.0e+01 4.0e+01 4.0e+01 4.0e+01 4.0e+01
 4.0e+01 4.0e+01 4.0e+01 4.0e+01 4.0e+01 4.0e+01 4.0e+01 4.0e+01 4.0e+01
 4.0e+01 4.0e+01 4.0e+01 4.0e+01 4.0e+01 4.0e+01 4.0e+01 4.0e+01 4.0e+01
 4.0e+01 4.0e+01 4.0e+01 4.0e+01 4.0e+01 4.0e+01 4.0e+01 4.0e+01 4.0e+01
 4.0e+01 4.0e+01 4.0e+01 4.0e+01 4.0e+01 4.0e+01 4.0e+01 4.0e+01 4.0e+01
 4.0e+01 4.0e+01 4.0e+01 4.0e+01 4.0e+01 4.0e+01 4.0e+01 4.0e+01 4.0e+01
 4.0e+01 4.0e+01 4.0e+01 4.0e+01 4.0e+01 4.0e+01 4.0e+01 4.0e+01 4.0e+01
 4.0e+01 4.0e+01 4.0e+01 4.0e+01 4.0e+01 4.0e+01 4.0e+01 4.0e+01 4.0e+01
 4.0e+01 4.0e+01 4.0e+01 4.0e+01 4.0e+01 4.0e+01 4.0e+01 4.0e+01 4.0e+01
 4.0e+01 4.0e+01 4.0e+01 4.0e+01 4.0e+01 4.0e+01 4.0e+01 4.0e+01 4.0e+01
 4.0e+01 4.0e+01 4.0e+01 4.0e+01 4.0e+01 4.0e+01 4.0e+01 4.0e+01 4.0e+01
 4.0e+01 4.0e+01 4.0e+01 4.0e+01 4.0e+01 4.0e+01 4.0e+01 4.0e+01 4.0e+01
 4.0e+01 4.0e+01 4.0e+01 4.0e+01 4.0e+01 4.0e+01 4.0e+01 4.0e+01 4.0e+01
 4.0e+01 4.0e+01 4.0e+01 4.0e+01 4.0e+01 4.0e+01 4.0e+01 4.0e+01 4.0e+01
 4.0e+01 4.0e+01 4.0e+01 4.0e+01 4.0e+01 4.0e+01 4.0e+01 4.0e+01 4.0e+01
 4.0e+01 4.0e+01 4.0e+01 4.0e+01 4.0e+01 4.0e+01 4.0e+01 4.0e+01 4.0e+01
 4.0e+01 4.0e+01 4.0e+01 4.0e+01 4.0e+01 4.0e+01 4.0e+01 4.0e+01 4.0e+01
 4.0e+01 4.0e+01 4.0e+01 4.0e+01 4.0e+01 4.0e+01 4.0e+01 4.0e+01 4.0e+01
 4.0e+01 4.0e+01 4.0e+01 4.0e+01 4.0e+01 4.0e+01 4.0e+01 4.0e+01 4.0e+01
 4.0e+01 4.0e+01 4.0e+01 4.0e+01 4.0e+01 4.0e+01 4.0e+01 4.0e+01 4.0e+01
 4.0e+01 4.0e+01 4.0e+01 4.0e+01 4.0e+01 4.0e+01 4.0e+01 4.0e+01 4.0e+01
 4.0e+01 4.0e+01 4.0e+01 4.0e+01 4.0e+01 4.0e+01 4.0e+01 4.0e+01 4.0e+01
 4.0e+01 4.0e+01 4.0e+01 4.0e+01 4.0e+01 4.0e+01 4.0e+01 4.0e+01 4.0e+01
 4.0e+01 4.0e+01 4.0e+01 4.0e+01 4.0e+01 4.0e+01 4.0e+01 4.0e+01 4.0e+01
 4.0e+01 4.0e+01 4.0e+01 4.0e+01 4.0e+01 4.0e+01 4.0e+01 4.0e+01 4.0e+01
 4.0e+01]
step_ratio_vec:,[0.1 0.1 0.1 0.1 0.1 0.1 0.1 0.1 0.1 0.1 0.1 0.1 0.1 0.1 0.1 0.1 0.1 0.1
 0.1 0.1 0.1 0.1 0.1 0.1 0.1 0.1 0.1 0.1 0.1 0.1 0.1 0.1 0.1 0.1 0.1 0.1
 0.1 0.1 0.1 0.1 0.1 0.1 0.1 0.1 0.1 0.1 0.1 0.1 0.1 0.1 0.1 0.1 0.1 0.1
 0.1 0.1 0.1 0.1 0.1 0.1 0.1 0.1 0.1 0.1 0.1 0.1 0.1 0.1 0.1 0.1 0.1 0.1
 0.1 0.1 0.1 0.1 0.1 0.1 0.1 0.1 0.1 0.1 0.1 0.1 0.1 0.1 0.1 0.1 0.1 0.1
 0.1 0.1 0.1 0.1 0.1 0.1 0.1 0.1 0.1 0.1 0.1 0.1 0.1 0.1 0.1 0.1 0.1 0.1
 0.1 0.1 0.1 0.1 0.1 0.1 0.1 0.1 0.1 0.1 0.1 0.1 0.1 0.1 0.1 0.1 0.1 0.1
 0.1 0.1 0.1 0.1 0.1 0.1 0.1 0.1 0.1 0.1 0.1 0.1 0.1 0.1 0.1 0.1 0.1 0.1
 0.1 0.1 0.1 0.1 0.1 0.1 0.1 0.1 0.1 0.1 0.1 0.1 0.1 0.1 0.1 0.1 0.1 0.1
 0.1 0.1 0.1 0.1 0.1 0.1 0.1 0.1 0.1 0.1 0.1 0.1 0.1 0.1 0.1 0.1 0.1 0.1
 0.1 0.1 0.1 0.1 0.1 0.1 0.1 0.1 0.1 0.1 0.1 0.1 0.1 0.1 0.1 0.1 0.1 0.1
 0.1 0.1 0.1 0.1 0.1 0.1 0.1 0.1 0.1 0.1 0.1 0.1 0.1 0.1 0.1 0.1 0.1 0.1
 0.1 0.1 0.1 0.1 0.1 0.1 0.1 0.1 0.1 0.1 0.1 0.1 0.1 0.1 0.1 0.1 0.1 0.1
 0.1 0.1 0.1 0.1 0.1 0.1 0.1 0.1 0.1 0.1 0.1 0.1 0.1 0.1 0.1 0.1 0.1 0.1
 0.1 0.1 0.1 0.1 0.1 0.1 0.1 0.1 0.1 0.1 0.1 0.1 0.1 0.1 0.1 0.1 0.1 0.1
 0.1 0.1 0.1 0.1 0.1 0.1 0.1 0.1 0.1 0.1 0.1 0.1 0.1 0.1 0.1 0.1 0.1 0.1
 0.1 0.1 0.1 0.1 0.1 0.1 0.1 0.1 0.1 0.1 0.1 0.1 0.1 0.1 0.1 0.1 0.1 0.1
 0.1 0.1 0.1 0.1 0.1 0.1 0.1 0.1 0.1 0.1 0.1 0.1 0.1 0.1 0.1 0.1 0.1 0.1
 0.1 0.1 0.1 0.1 0.1 0.1 0.1 0.1 0.1 0.1 0.1 0.1 0.1 0.1 0.1 0.1 0.1 0.1
 0.1 0.1 0.1 0.1 0.1 0.1 0.1 0.1 0.1 0.1 0.1 0.1 0.1 0.1 0.1 0.1 0.1 0.1
 0.1 0.1 0.1 0.1 0.1 0.1 0.1 0.1 0.1 0.1 0.1 0.1 0.1 0.1 0.1 0.1 0.1 0.1
 0.1 0.1 0.1 0.1 0.1 0.1 0.1 0.1 0.1 0.1 0.1 0.1 0.1 0.1 0.1 0.1 0.1 0.1
 0.1 0.1 0.1 0.1 0.1 0.1 0.1 0.1 0.1 0.1 0.1 0.1 0.1 0.1 0.1 0.1 0.1 0.1
 0.1]
swap interval:,1000
sim interval:,[-1.1175e+08 -7.4500e+07 -3.7250e+07  0.0000e+00]
likelihood_sed (T/F):,True
erodep_coords:,[[ 0  3]
 [42 94]
 [42 95]
 ...
 [96 78]
 [96 79]
 [96 80]]
sed scaling factor:,50
samples_per_chain:,125
burnin:,0.25
num params:,415
initial_proposed_vec:,[ 8.20002874e-01  9.24793787e-01  1.29080240e+00  1.17792191e+00
  1.10791118e-06  5.33890579e-01  1.08878264e+00  5.07815059e-03
  1.29929790e-03  1.13353488e-03  4.62138917e-01  4.64997816e+00
  2.40011737e+04  5.95991263e+00  1.90358584e-02 -8.20055366e+01
  1.07937116e+02  5.72878179e+01 -1.06858868e+02  8.64422186e+01
 -1.21943033e+02  1.72242159e+01 -8.91798536e+01  1.08960270e+02
  1.40458726e+02 -4.83288257e+01 -1.37313229e+02 -9.01795843e+01
  9.73063176e+01  1.33251721e+02  1.26439484e+02 -7.47005692e+01
 -1.68655792e+02  1.93827161e+02  1.48318836e+02 -1.08566151e+02
 -8.34501135e+01 -4.01661665e+01 -1.27851589e+02  1.50171570e+02
  7.70002252e+01  2.38359962e+00  1.47178481e+02  1.33679015e+02
 -1.80791442e+02  2.77478761e+00  1.37097856e+02  8.22466245e+01
  7.63469806e+01  1.20394116e+02 -7.42450349e+01 -1.12983020e+02
  3.15355081e+01 -1.88463723e+02  1.90942872e+02 -6.80028509e+01
  1.93328549e+02 -1.77571548e+01 -1.13807341e+02  1.58049887e+02
 -5.51136156e+01 -1.52394353e+02 -1.77025264e+02  1.76175358e+01
  1.71870240e+02 -7.01170499e+01  1.86312700e+02  8.36470506e+01
 -1.70414523e+02  8.96676762e+01 -1.28668103e+02 -1.98490817e+02
  9.53402814e+01  1.73017297e+02 -1.82988444e+02  1.78488092e+02
  1.03438710e+02 -1.55108754e+02  5.35913628e+01 -1.76162922e+02
 -5.31720103e+01  1.61142935e+02 -6.38524072e+01 -1.03298301e+02
 -1.22859462e+02 -1.34781165e+02  6.29145316e+01 -1.08943257e+02
 -1.73367319e+02  5.72855217e+01 -3.01548519e+01 -1.53995248e+02
  1.37503063e+02 -1.56596589e+02 -1.13042337e+02  1.27132163e+02
 -1.56929914e+02  1.87881230e+02 -1.47912039e+02 -1.92538022e+02
 -4.62169016e+01  1.62304339e+02  5.72615227e+01  7.80920577e+01
  1.55622233e+02  1.85427772e+02 -1.17567171e+02  1.52369223e+02
  3.83197493e+01 -6.92102819e+01  1.23451042e+02 -1.89462147e+01
  6.81545848e+01 -1.69159013e+02 -1.52728169e+02  9.48207575e+01
  1.42185602e+02 -5.10582452e+01  1.81513451e+02  9.74792373e+01
  4.30855505e+01 -1.54436418e+02 -1.10890752e+02 -1.00252057e+01
 -4.23441305e+01 -1.42431584e+02  2.34747925e+00 -3.88507958e+01
  1.54361317e+02  5.87038650e+00  1.03746891e+02 -8.87286266e+01
 -1.24794963e+01 -1.91852768e+02  1.79920830e+02  1.33414773e+02
 -1.59658021e+02 -1.14142111e+01  5.85145698e+01 -1.43877356e+02
 -1.53116720e+02 -1.78120701e+02 -1.31863247e+02 -2.20179471e+01
 -1.97446860e+02 -6.60747534e+01 -4.00901363e+00  1.03023208e+02
 -7.56460077e+01  1.89749635e+02  1.25860106e+02  1.44533480e+01
 -1.75652857e+02  1.24891994e+01  7.48619635e+01 -2.25421568e+01
 -1.22659955e+02  1.66104358e+02 -1.29814663e+02 -2.93371382e+01
  8.14585794e+01 -1.16311180e+01  7.63215790e+01 -6.39302949e+01
  1.16037592e+02  1.05187093e+02 -1.66250919e+02 -6.56115288e+01
  1.63773131e+02  1.88645254e+02 -1.94592565e+02 -3.76099785e+01
  1.22305794e+02 -1.21563078e+02 -2.53909010e+01  1.57086342e+02
  1.88905143e+02 -8.86129868e+01  1.87787918e+02 -7.67185467e+01
  1.83808512e+02  1.44013606e+02  1.29636146e+02 -1.96849661e+02
  6.87610511e+00  1.68039217e+02 -9.33074759e+01 -1.35102131e+02
 -9.61508614e+01  5.24427659e+01 -6.80021913e+01  2.45903540e+01
  1.12344206e+02  9.10673254e+01 -5.05091783e+01  1.00404959e+01
  1.10903090e+02  4.93260542e+01 -1.35999017e+02 -9.45529470e+01
 -1.91407626e+02 -1.25907356e+02 -1.24417762e+02  1.37400652e+02
  9.99369140e-01 -4.09471846e+01  1.81789923e+02  1.83706015e+02
  5.60169701e+01  3.00757812e+01 -2.05338034e+01  1.70878036e+02
 -5.25955096e+01 -1.73657413e+02  4.84409967e+01  1.76608382e+02
 -1.96618442e+02  1.49201157e+02 -1.42525216e+02  1.90357715e+02
 -1.89045242e+02 -1.19447127e+02 -2.21982650e+01  1.46304490e+02
  1.07048089e+02 -1.41019136e+02  2.03964385e+01 -3.00068454e+01
 -1.52844830e+02  1.22403965e+02  6.66782882e+01 -1.62260408e+02
 -1.09481069e+02 -1.87364694e+02  1.54095869e+02 -1.30224220e+02
  3.35891204e+01 -9.19804110e+01 -8.52805815e+01 -1.37062594e+02
  1.60229061e+02  1.73676995e+02  1.83564571e+02  3.66560367e+01
  5.82138340e+01 -1.35498670e+02 -1.82477077e+02  6.93448551e+01
 -2.50112405e+01 -1.34562244e+02 -1.80883741e+02 -1.76943299e+02
  6.75991641e+01 -1.80597843e+02  1.75964449e+01 -8.41175413e+01
 -6.10619909e+01 -4.49998181e+01  7.32983901e+01 -1.93661826e+02
 -1.57605076e+02 -4.58016212e+01  1.81530890e+02  7.59023377e+01
  1.62229228e+02  6.20439385e+01 -9.34803932e+01 -1.68776869e+02
  7.06821421e+01 -1.73009248e+02 -1.31520541e+02 -1.78420443e+02
 -5.10839057e+01  1.39333850e+02 -1.81452336e+01 -7.36404799e+01
  1.22499490e+01  1.36652580e+02  7.71613520e+01 -7.16150392e+00
 -2.90874289e+01 -1.39319088e+02  1.17998071e+02  1.67719288e+02
  2.33204430e+01  8.22194492e+01 -5.38925559e+01  6.59327755e+01
 -1.92604286e+02  1.75076355e+02 -1.80841695e+02 -6.28202075e+01
 -1.49273957e+01 -9.28676577e+00  1.05504837e+02 -1.03525361e+02
  1.08565633e+02 -1.50165731e+02 -1.57325409e+02 -1.76925778e+02
  1.23323427e+01  1.79481856e+02 -1.33595446e+02  1.59803310e+02
  9.26172591e+01 -1.26687801e+01  1.23014253e+02  1.96665749e+02
 -4.38712952e+01  4.43839133e+01 -3.27450565e+01 -9.97305794e+00
  3.66892196e+01 -1.58209597e+02 -1.67355198e+02 -6.45040278e+01
 -8.99481014e+01 -5.51653294e+01  1.56315511e+02 -1.70232668e+02
 -1.99002549e+02 -1.81542209e+02  1.16428484e+02 -1.22848025e+01
  9.22867384e+01 -1.60986541e+02  3.41407088e+01  1.81337859e+02
  2.34955872e+01 -1.14439210e+02 -1.63390611e+02 -9.46532741e+01
 -9.64573672e+00 -1.44632948e+02 -1.59271542e+02 -1.38559623e+02
  1.98952420e+02  8.89762516e+01  1.40861010e+02  6.69837373e+01
 -1.99368022e+02 -1.17902142e+02  9.97032449e+01 -1.63603100e+02
 -1.55778455e+02 -5.42929795e+01  1.87954233e+02 -9.75120471e+01
 -1.42077603e+02  5.95078495e+00  4.19651970e+01  3.04969781e+00
 -1.56752927e+02 -9.01495959e+01 -1.88359063e+02 -1.90627913e+02
 -1.02091248e+02  1.51231262e+02 -7.83954497e+01 -4.97188435e+00
  1.10825473e+02 -1.19525199e+01  1.27719682e+02  1.52494385e+02
 -1.42425131e+02 -6.16427581e+01  1.75090738e+02  1.23043117e+02
  1.05837735e+02  1.70168013e+02  1.32760969e+02  4.16293986e+01
 -4.21519560e+01 -5.55607902e+01  3.94296753e+01 -1.34341721e+02
 -1.98949691e+02 -7.39836929e+01  1.79052446e+02  1.76887311e+02
 -1.72153551e+02 -4.52948839e+01 -9.41636112e+01 -5.05308023e+01
  1.37036431e+01  1.37952658e+02  1.20491674e+02 -1.83994925e+02
 -4.37007716e+01  1.40335444e+02 -1.20814770e+02  1.69983199e+02
 -6.52719710e+01  5.33573616e+01 -4.60300114e+01  8.62966386e+01
 -2.68898772e+01 -1.61420980e+02  7.58542882e+00 -7.72391534e+01
  9.12598699e+01  1.77628109e+01 -1.96771574e+02 -4.36343004e+01
  1.26491979e+01  1.71278810e+02  5.12728132e+01  9.55056812e+01
  5.00248234e+01  7.27715674e+01  7.62496960e+01  2.95966941e+01
 -9.03283348e+01  3.14090117e+01  1.02311583e+02]
stepsize_vec:,[5.0e-02 5.0e-02 5.0e-02 5.0e-02 4.0e-08 5.0e-03 4.0e-02 3.0e-04 1.2e-04
 4.0e-05 2.0e-02 2.0e-01 1.0e-01 2.0e-01 1.5e-03 4.0e+01 4.0e+01 4.0e+01
 4.0e+01 4.0e+01 4.0e+01 4.0e+01 4.0e+01 4.0e+01 4.0e+01 4.0e+01 4.0e+01
 4.0e+01 4.0e+01 4.0e+01 4.0e+01 4.0e+01 4.0e+01 4.0e+01 4.0e+01 4.0e+01
 4.0e+01 4.0e+01 4.0e+01 4.0e+01 4.0e+01 4.0e+01 4.0e+01 4.0e+01 4.0e+01
 4.0e+01 4.0e+01 4.0e+01 4.0e+01 4.0e+01 4.0e+01 4.0e+01 4.0e+01 4.0e+01
 4.0e+01 4.0e+01 4.0e+01 4.0e+01 4.0e+01 4.0e+01 4.0e+01 4.0e+01 4.0e+01
 4.0e+01 4.0e+01 4.0e+01 4.0e+01 4.0e+01 4.0e+01 4.0e+01 4.0e+01 4.0e+01
 4.0e+01 4.0e+01 4.0e+01 4.0e+01 4.0e+01 4.0e+01 4.0e+01 4.0e+01 4.0e+01
 4.0e+01 4.0e+01 4.0e+01 4.0e+01 4.0e+01 4.0e+01 4.0e+01 4.0e+01 4.0e+01
 4.0e+01 4.0e+01 4.0e+01 4.0e+01 4.0e+01 4.0e+01 4.0e+01 4.0e+01 4.0e+01
 4.0e+01 4.0e+01 4.0e+01 4.0e+01 4.0e+01 4.0e+01 4.0e+01 4.0e+01 4.0e+01
 4.0e+01 4.0e+01 4.0e+01 4.0e+01 4.0e+01 4.0e+01 4.0e+01 4.0e+01 4.0e+01
 4.0e+01 4.0e+01 4.0e+01 4.0e+01 4.0e+01 4.0e+01 4.0e+01 4.0e+01 4.0e+01
 4.0e+01 4.0e+01 4.0e+01 4.0e+01 4.0e+01 4.0e+01 4.0e+01 4.0e+01 4.0e+01
 4.0e+01 4.0e+01 4.0e+01 4.0e+01 4.0e+01 4.0e+01 4.0e+01 4.0e+01 4.0e+01
 4.0e+01 4.0e+01 4.0e+01 4.0e+01 4.0e+01 4.0e+01 4.0e+01 4.0e+01 4.0e+01
 4.0e+01 4.0e+01 4.0e+01 4.0e+01 4.0e+01 4.0e+01 4.0e+01 4.0e+01 4.0e+01
 4.0e+01 4.0e+01 4.0e+01 4.0e+01 4.0e+01 4.0e+01 4.0e+01 4.0e+01 4.0e+01
 4.0e+01 4.0e+01 4.0e+01 4.0e+01 4.0e+01 4.0e+01 4.0e+01 4.0e+01 4.0e+01
 4.0e+01 4.0e+01 4.0e+01 4.0e+01 4.0e+01 4.0e+01 4.0e+01 4.0e+01 4.0e+01
 4.0e+01 4.0e+01 4.0e+01 4.0e+01 4.0e+01 4.0e+01 4.0e+01 4.0e+01 4.0e+01
 4.0e+01 4.0e+01 4.0e+01 4.0e+01 4.0e+01 4.0e+01 4.0e+01 4.0e+01 4.0e+01
 4.0e+01 4.0e+01 4.0e+01 4.0e+01 4.0e+01 4.0e+01 4.0e+01 4.0e+01 4.0e+01
 4.0e+01 4.0e+01 4.0e+01 4.0e+01 4.0e+01 4.0e+01 4.0e+01 4.0e+01 4.0e+01
 4.0e+01 4.0e+01 4.0e+01 4.0e+01 4.0e+01 4.0e+01 4.0e+01 4.0e+01 4.0e+01
 4.0e+01 4.0e+01 4.0e+01 4.0e+01 4.0e+01 4.0e+01 4.0e+01 4.0e+01 4.0e+01
 4.0e+01 4.0e+01 4.0e+01 4.0e+01 4.0e+01 4.0e+01 4.0e+01 4.0e+01 4.0e+01
 4.0e+01 4.0e+01 4.0e+01 4.0e+01 4.0e+01 4.0e+01 4.0e+01 4.0e+01 4.0e+01
 4.0e+01 4.0e+01 4.0e+01 4.0e+01 4.0e+01 4.0e+01 4.0e+01 4.0e+01 4.0e+01
 4.0e+01 4.0e+01 4.0e+01 4.0e+01 4.0e+01 4.0e+01 4.0e+01 4.0e+01 4.0e+01
 4.0e+01 4.0e+01 4.0e+01 4.0e+01 4.0e+01 4.0e+01 4.0e+01 4.0e+01 4.0e+01
 4.0e+01 4.0e+01 4.0e+01 4.0e+01 4.0e+01 4.0e+01 4.0e+01 4.0e+01 4.0e+01
 4.0e+01 4.0e+01 4.0e+01 4.0e+01 4.0e+01 4.0e+01 4.0e+01 4.0e+01 4.0e+01
 4.0e+01 4.0e+01 4.0e+01 4.0e+01 4.0e+01 4.0e+01 4.0e+01 4.0e+01 4.0e+01
 4.0e+01 4.0e+01 4.0e+01 4.0e+01 4.0e+01 4.0e+01 4.0e+01 4.0e+01 4.0e+01
 4.0e+01 4.0e+01 4.0e+01 4.0e+01 4.0e+01 4.0e+01 4.0e+01 4.0e+01 4.0e+01
 4.0e+01 4.0e+01 4.0e+01 4.0e+01 4.0e+01 4.0e+01 4.0e+01 4.0e+01 4.0e+01
 4.0e+01 4.0e+01 4.0e+01 4.0e+01 4.0e+01 4.0e+01 4.0e+01 4.0e+01 4.0e+01
 4.0e+01 4.0e+01 4.0e+01 4.0e+01 4.0e+01 4.0e+01 4.0e+01 4.0e+01 4.0e+01
 4.0e+01 4.0e+01 4.0e+01 4.0e+01 4.0e+01 4.0e+01 4.0e+01 4.0e+01 4.0e+01
 4.0e+01 4.0e+01 4.0e+01 4.0e+01 4.0e+01 4.0e+01 4.0e+01 4.0e+01 4.0e+01
 4.0e+01 4.0e+01 4.0e+01 4.0e+01 4.0e+01 4.0e+01 4.0e+01 4.0e+01 4.0e+01
 4.0e+01 4.0e+01 4.0e+01 4.0e+01 4.0e+01 4.0e+01 4.0e+01 4.0e+01 4.0e+01
 4.0e+01 4.0e+01 4.0e+01 4.0e+01 4.0e+01 4.0e+01 4.0e+01 4.0e+01 4.0e+01
 4.0e+01 4.0e+01 4.0e+01 4.0e+01 4.0e+01 4.0e+01 4.0e+01 4.0e+01 4.0e+01
 4.0e+01]
step_ratio_vec:,[0.1 0.1 0.1 0.1 0.1 0.1 0.1 0.1 0.1 0.1 0.1 0.1 0.1 0.1 0.1 0.1 0.1 0.1
 0.1 0.1 0.1 0.1 0.1 0.1 0.1 0.1 0.1 0.1 0.1 0.1 0.1 0.1 0.1 0.1 0.1 0.1
 0.1 0.1 0.1 0.1 0.1 0.1 0.1 0.1 0.1 0.1 0.1 0.1 0.1 0.1 0.1 0.1 0.1 0.1
 0.1 0.1 0.1 0.1 0.1 0.1 0.1 0.1 0.1 0.1 0.1 0.1 0.1 0.1 0.1 0.1 0.1 0.1
 0.1 0.1 0.1 0.1 0.1 0.1 0.1 0.1 0.1 0.1 0.1 0.1 0.1 0.1 0.1 0.1 0.1 0.1
 0.1 0.1 0.1 0.1 0.1 0.1 0.1 0.1 0.1 0.1 0.1 0.1 0.1 0.1 0.1 0.1 0.1 0.1
 0.1 0.1 0.1 0.1 0.1 0.1 0.1 0.1 0.1 0.1 0.1 0.1 0.1 0.1 0.1 0.1 0.1 0.1
 0.1 0.1 0.1 0.1 0.1 0.1 0.1 0.1 0.1 0.1 0.1 0.1 0.1 0.1 0.1 0.1 0.1 0.1
 0.1 0.1 0.1 0.1 0.1 0.1 0.1 0.1 0.1 0.1 0.1 0.1 0.1 0.1 0.1 0.1 0.1 0.1
 0.1 0.1 0.1 0.1 0.1 0.1 0.1 0.1 0.1 0.1 0.1 0.1 0.1 0.1 0.1 0.1 0.1 0.1
 0.1 0.1 0.1 0.1 0.1 0.1 0.1 0.1 0.1 0.1 0.1 0.1 0.1 0.1 0.1 0.1 0.1 0.1
 0.1 0.1 0.1 0.1 0.1 0.1 0.1 0.1 0.1 0.1 0.1 0.1 0.1 0.1 0.1 0.1 0.1 0.1
 0.1 0.1 0.1 0.1 0.1 0.1 0.1 0.1 0.1 0.1 0.1 0.1 0.1 0.1 0.1 0.1 0.1 0.1
 0.1 0.1 0.1 0.1 0.1 0.1 0.1 0.1 0.1 0.1 0.1 0.1 0.1 0.1 0.1 0.1 0.1 0.1
 0.1 0.1 0.1 0.1 0.1 0.1 0.1 0.1 0.1 0.1 0.1 0.1 0.1 0.1 0.1 0.1 0.1 0.1
 0.1 0.1 0.1 0.1 0.1 0.1 0.1 0.1 0.1 0.1 0.1 0.1 0.1 0.1 0.1 0.1 0.1 0.1
 0.1 0.1 0.1 0.1 0.1 0.1 0.1 0.1 0.1 0.1 0.1 0.1 0.1 0.1 0.1 0.1 0.1 0.1
 0.1 0.1 0.1 0.1 0.1 0.1 0.1 0.1 0.1 0.1 0.1 0.1 0.1 0.1 0.1 0.1 0.1 0.1
 0.1 0.1 0.1 0.1 0.1 0.1 0.1 0.1 0.1 0.1 0.1 0.1 0.1 0.1 0.1 0.1 0.1 0.1
 0.1 0.1 0.1 0.1 0.1 0.1 0.1 0.1 0.1 0.1 0.1 0.1 0.1 0.1 0.1 0.1 0.1 0.1
 0.1 0.1 0.1 0.1 0.1 0.1 0.1 0.1 0.1 0.1 0.1 0.1 0.1 0.1 0.1 0.1 0.1 0.1
 0.1 0.1 0.1 0.1 0.1 0.1 0.1 0.1 0.1 0.1 0.1 0.1 0.1 0.1 0.1 0.1 0.1 0.1
 0.1 0.1 0.1 0.1 0.1 0.1 0.1 0.1 0.1 0.1 0.1 0.1 0.1 0.1 0.1 0.1 0.1 0.1
 0.1]
swap interval:,1000
sim interval:,[-1.1175e+08 -7.4500e+07 -3.7250e+07  0.0000e+00]
likelihood_sed (T/F):,True
erodep_coords:,[[ 0  3]
 [42 94]
 [42 95]
 ...
 [96 78]
 [96 79]
 [96 80]]
sed scaling factor:,50