-353147.68000 -430518.19000 -215138.66000 -237580.61000 -319990.20000 -289798.53000 -262535.15000 -390027.16000
-353147.02000 -430585.09000 -215369.92000 -237660.41000 -319992.56000 -289703.41000 -262387.30000 -389794.00000
-353051.01000 -430658.43000 -215261.17000 -237450.92000 -320096.39000 -289827.16000 -262526.18000 -390083.14000
-353323.18000 -430715.30000 -215311.66000 -237680.46000 -320098.94000 -289732.58000 -262637.71000 -390034.31000
-353135.56000 -430993.78000 -215342.57000 -237680.87000 -319858.27000 -289939.05000 -262369.87000 -390053.39000
-353166.42000 -430384.59000 -215245.46000 -237604.79000 -319842.79000 -289636.58000 -262355.41000 -389962.88000
-353195.05000 -430575.91000 -215315.40000 -237807.71000 -319802.42000 -289762.24000 -262470.74000 -389843.87000
-353075.30000 -430547.00000 -215202.99000 -237641.28000 -319955.22000 -289768.01000 -262544.08000 -389992.63000
-353395.19000 -430423.35000 -215323.91000 -237899.27000 -319713.25000 -289709.72000 -262409.27000 -390197.32000
-353270.81000 -430966.97000 -215513.86000 -237555.65000 -320023.40000 -289857.96000 -262437.18000 -389999.55000
-353220.64000 -430732.48000 -215251.42000 -237742.71000 -319888.42000 -290054.65000 -262391.45000 -389836.16000
-353011.35000 -430364.67000 -215333.75000 -237688.12000 -319876.69000 -289988.54000 -262368.68000 -389716.11000
-353006.69000 -430705.53000 -215323.90000 -237616.00000 -319951.06000 -289962.57000 -262474.90000 -390069.69000
-353205.44000 -430601.43000 -215316.62000 -237737.34000 -319905.64000 -289887.11000 -262378.84000 -390239.92000
-353264.16000 -430268.04000 -215260.57000 -237718.48000 -320058.05000 -289611.34000 -262474.02000 -390318.19000
-353111.56000 -430174.06000 -215171.40000 -237708.76000 -319793.30000 -289612.24000 -262613.22000 -389715.16000
-353079.93000 -430781.59000 -215210.25000 -237779.02000 -319944.56000 -289794.69000 -262497.84000 -390084.45000
-353371.11000 -430684.63000 -215378.59000 -237551.75000 -319975.12000 -289728.73000 -262322.85000 -390429.43000
-353172.72000 -430494.30000 -215452.58000 -237618.41000 -319839.52000 -289698.46000 -262378.56000 -389816.03000
-353140.87000 -430562.82000 -215273.96000 -237680.21000 -319891.57000 -289968.94000 -262553.38000 -390113.72000
-352963.40000 -430833.78000 -215471.31000 -237760.00000 -319961.84000 -289538.75000 -262613.50000 -389862.09000
-353063.06000 -430739.88000 -215241.36000 -237853.69000 -320028.60000 -289701.34000 -262549.30000 -390132.08000
-353338.31000 -430548.22000 -215417.83000 -237755.99000 -319975.76000 -289627.05000 -262292.05000 -390213.84000
-353538.27000 -430065.14000 -215234.91000 -237828.75000 -319918.74000 -289644.87000 -262089.71000 -389879.02000
-353358.97000 -430603.65000 -215171.47000 -237661.60000 -320153.67000 -289644.89000 -262490.83000 -390041.21000
-353262.84000 -430546.46000 -215346.61000 -237667.96000 -319999.02000 -290012.92000 -262303.59000 -389964.18000
-353407.55000 -430818.96000 -215411.15000 -237761.67000 -319794.68000 -289922.15000 -262494.52000 -390103.52000
-353364.56000 -430593.94000 -215225.03000 -237847.46000 -319948.39000 -290030.59000 -262372.68000 -390347.02000
-353546.48000 -430622.18000 -215287.89000 -237459.94000 -319651.83000 -289880.83000 -262441.88000 -390156.41000
-353117.55000 -430555.30000 -215244.13000 -237770.19000 -319821.86000 -289864.46000 -262299.44000 -390320.94000
-353508.40000 -430813.25000 -215168.62000 -237821.48000 -319796.63000 -290103.39000 -262422.23000 -390110.17000
-353435.52000 -430587.36000 -215232.40000 -237534.73000 -319773.98000 -289712.81000 -262150.07000 -390246.14000
-353145.69000 -430529.03000 -215279.35000 -237698.45000 -320118.95000 -289511.88000 -262568.07000 -390071.46000
-353379.80000 -430528.81000 -215318.60000 -237669.16000 -319886.70000 -289779.75000 -262486.13000 -390171.67000
-353311.46000 -430660.81000 -215349.70000 -237609.22000 -319720.66000 -289983.97000 -262340.55000 -389905.50000
-353095.13000 -430672.68000 -215115.91000 -237555.79000 -319874.82000 -289679.51000 -262440.86000 -389870.53000
-353502.15000 -430560.79000 -215279.73000 -237844.87000 -319900.35000 -290015.25000 -262311.86000 -389736.27000
-352886.22000 -431103.27000 -215278.18000 -237869.58000 -319937.06000 -289823.54000 -262443.26000 -390345.89000
-353194.93000 -430791.76000 -215357.97000 -237722.16000 -319987.64000 -289697.96000 -262413.80000 -389826.82000
-353064.69000 -430618.66000 -215382.76000 -237733.74000 -319800.34000 -289800.55000 -262369.36000 -390140.89000
-352822.51000 -430420.29000 -215405.99000 -237773.52000 -319657.41000 -289716.49000 -262380.87000 -390108.22000
-352895.41000 -430546.64000 -215198.31000 -237724.74000 -319887.21000 -289815.54000 -262304.54000 -390036.67000
-353390.22000 -430401.28000 -215099.13000 -237697.23000 -319824.67000 -289718.13000 -262362.51000 -390009.41000
-353037.47000 -430478.58000 -215301.67000 -237717.68000 -319997.26000 -289776.53000 -262573.17000 -390376.71000
-353229.90000 -430415.60000 -215231.66000 -237801.70000 -319746.46000 -289829.39000 -262603.01000 -390158.80000
-353144.85000 -430421.80000 -215154.11000 -237718.85000 -319909.68000 -289821.03000 -262547.88000 -389693.33000
-353182.74000 -430738.58000 -215388.25000 -237797.80000 -320086.70000 -289729.44000 -262515.13000 -390324.07000
-352982.09000 -430450.70000 -215360.32000 -237586.89000 -320008.28000 -289605.31000 -262552.16000 -389684.94000
-353323.45000 -430634.08000 -215357.38000 -237746.54000 -320043.01000 -289750.84000 -262391.65000 -389926.99000
-353263.96000 -430646.48000 -215307.57000 -237692.42000 -319908.96000 -289702.62000 -262412.04000 -390359.20000
-353188.72000 -430617.45000 -215281.58000 -237740.04000 -320137.20000 -290064.59000 -262375.37000 -389990.96000
-353120.96000 -430674.32000 -215311.17000 -237672.84000 -320127.28000 -289647.26000 -262491.20000 -390064.14000
-353231.58000 -430746.32000 -215410.22000 -237410.12000 -320276.28000 -289844.17000 -262486.19000 -390011.40000
-353363.58000 -430871.15000 -215181.32000 -237642.03000 -319955.29000 -289767.02000 -262348.32000 -390356.95000
-353268.61000 -430354.46000 -215341.48000 -237890.13000 -319928.52000 -289935.65000 -262336.35000 -390164.76000
-353714.33000 -430699.95000 -215444.33000 -237653.99000 -319956.48000 -289670.63000 -262375.20000 -390002.37000
-353326.29000 -430360.36000 -215270.26000 -237817.76000 -320049.27000 -289602.27000 -262376.33000 -390038.35000
-353267.10000 -430960.43000 -215507.44000 -237499.24000 -319837.27000 -289704.35000 -262258.75000 -390072.51000
-353258.26000 -430317.28000 -215123.11000 -237811.54000 -319920.25000 -289947.49000 -262318.98000 -389827.77000
-353284.14000 -430687.70000 -215175.53000 -237542.75000 -319948.52000 -289759.93000 -262343.93000 -389786.68000
-353603.37000 -430856.88000 -215355.58000 -237721.41000 -319827.35000 -289750.79000 -262752.56000 -390206.11000
-353231.21000 -430754.29000 -215275.99000 -237835.26000 -319838.95000 -289637.21000 -262511.31000 -390132.75000
-353321.53000 -430493.19000 -215204.08000 -237520.08000 -319660.31000 -289741.01000 -262581.64000 -389955.91000
-353322.03000 -430699.36000 -215289.34000 -237803.38000 -319941.66000 -289927.14000 -262297.64000 -389943.18000
-353459.29000 -430727.71000 -215219.89000 -237596.95000 -319666.30000 -289705.84000 -262467.41000 -389985.88000
-353259.05000 -430547.45000 -215369.57000 -237543.14000 -319835.63000 -289850.99000 -262383.66000 -390126.99000
-353220.50000 -430208.46000 -215223.05000 -237761.28000 -319952.02000 -289793.86000 -262367.00000 -389878.37000
-353103.18000 -430822.68000 -215291.48000 -237562.13000 -319901.32000 -289755.56000 -262421.58000 -390051.61000
-353151.56000 -430570.75000 -215062.25000 -237547.89000 -319656.15000 -289802.01000 -262569.92000 -390097.03000
-352944.64000 -430902.64000 -215514.42000 -237773.95000 -320121.94000 -289782.37000 -262565.93000 -389662.19000
-353116.90000 -430889.73000 -215323.02000 -237848.25000 -320117.43000 -289920.27000 -262359.93000 -389895.52000
-353129.76000 -430734.30000 -215330.16000 -237738.05000 -319624.80000 -289897.57000 -262404.20000 -389756.18000
-353651.93000 -430800.59000 -215195.81000 -237760.61000 -320069.63000 -289509.44000 -262382.31000 -390084.05000
-353680.50000 -430175.28000 -215192.09000 -237865.16000 -319796.98000 -289856.22000 -262431.27000 -389936.80000
-353322.02000 -430666.53000 -215374.94000 -237770.21000 -320060.79000 -289595.78000 -262423.35000 -390369.67000
-353465.12000 -430593.48000 -215374.19000 -237537.57000 -319685.98000 -289704.39000 -262469.67000 -389772.67000
-353108.78000 -430026.23000 -215302.66000 -237565.15000 -319849.61000 -289688.72000 -262309.54000 -389848.66000
-353141.59000 -430439.77000 -215219.44000 -237857.01000 -320137.09000 -289646.06000 -262526.61000 -390264.72000
-353205.81000 -430492.84000 -215294.62000 -237477.56000 -319910.43000 -289931.07000 -262437.21000 -390059.93000
-353626.16000 -430365.36000 -215339.57000 -237774.84000 -320019.90000 -289561.94000 -262410.93000 -390174.40000
-353135.52000 -430261.51000 -215376.74000 -237854.47000 -319920.48000 -289611.58000 -262174.73000 -389758.82000
-353094.94000 -430557.46000 -215370.66000 -237772.91000 -319880.35000 -289784.63000 -262421.63000 -390388.07000
-353336.67000 -430630.56000 -215298.61000 -237626.80000 -319971.48000 -289817.73000 -262455.59000 -389954.03000
-353215.58000 -430745.12000 -215432.20000 -237686.43000 -319852.30000 -289861.18000 -262381.83000 -389917.32000
-353724.12000 -430199.64000 -215093.07000 -237742.80000 -319867.48000 -289750.83000 -262400.03000 -389953.29000
-353251.64000 -430683.75000 -215208.36000 -237569.20000 -319890.03000 -289882.64000 -262245.88000 -389943.84000
-353008.27000 -430097.92000 -215254.08000 -237732.01000 -320117.25000 -289643.42000 -262319.57000 -390095.82000
-353084.53000 -430880.30000 -215384.80000 -237722.49000 -320201.27000 -289797.80000 -262517.03000 -389993.34000
-353375.64000 -430585.93000 -215197.28000 -237905.32000 -319903.93000 -289803.40000 -262313.83000 -390227.27000
-353242.91000 -430570.24000 -215252.62000 -237602.93000 -319704.05000 -289656.45000 -262501.78000 -390074.55000
-353149.19000 -430746.29000 -215303.40000 -237754.47000 -319696.46000 -289805.04000 -262453.63000 -389890.50000
-353278.54000 -430686.89000 -215302.41000 -237751.16000 -319959.12000 -289731.44000 -262557.98000 -389811.38000
-353031.71000 -430134.90000 -215370.91000 -237719.45000 -319879.88000 -289880.94000 -262468.59000 -389980.25000
-353175.70000 -430656.41000 -215148.94000 -237754.85000 -319803.62000 -289849.79000 -262391.92000 -389850.69000
-353387.88000 -430145.70000 -215273.38000 -237716.70000 -319900.91000 -289583.75000 -262207.30000 -390167.86000
-353260.75000 -430154.13000 -215278.29000 -237773.39000 -319868.46000 -289723.36000 -262378.23000 -390055.96000
-353193.26000 -430519.58000 -215522.28000 -237819.29000 -319758.30000 -289892.75000 -262413.80000 -390006.95000
-353228.06000 -430382.75000 -215058.79000 -237687.13000 -320054.65000 -289911.97000 -262539.18000 -390159.98000
-353240.65000 -430522.23000 -215361.08000 -237774.02000 -319927.52000 -289772.04000 -262516.02000 -390140.65000
-353227.93000 -430537.56000 -215290.76000 -237816.82000 -319785.19000 -289644.98000 -262476.01000 -390090.08000
-353395.23000 -430716.93000 -215314.28000 -237454.45000 -319904.71000 -289782.12000 -262507.57000 -389970.13000
-353400.24000 -430679.83000 -215323.50000 -237794.61000 -319884.59000 -289856.51000 -262242.66000 -389932.55000
-353341.70000 -430351.46000 -215220.71000 -237613.34000 -319947.92000 -289647.73000 -262330.72000 -390232.06000
-353189.53000 -430517.65000 -215344.81000 -237747.90000 -319755.91000 -289879.66000 -262329.31000 -390236.87000
-353372.47000 -430463.96000 -215214.26000 -237656.71000 -319735.78000 -289851.77000 -262371.25000 -390275.77000
-353315.51000 -430618.25000 -215271.44000 -237582.22000 -319803.15000 -289630.82000 -262306.86000 -390135.36000
-353110.28000 -430594.82000 -215241.72000 -237791.56000 -319794.80000 -289742.90000 -262560.50000 -390240.24000
-353588.88000 -430556.40000 -215317.76000 -237838.47000 -320125.66000 -289679.37000 -262105.76000 -389965.05000
-353125.35000 -430745.32000 -215271.25000 -237688.39000 -319962.55000 -289828.86000 -262365.46000 -390182.06000
-353316.47000 -430713.69000 -215261.30000 -237606.62000 -319833.77000 -289788.21000 -262272.35000 -390065.38000
-353222.35000 -430087.55000 -215257.71000 -237723.12000 -319736.36000 -289581.14000 -262455.68000 -390117.28000
-353398.15000 -430953.64000 -215455.65000 -237713.81000 -320063.50000 -289703.43000 -262363.49000 -390109.69000
-353435.04000 -430636.65000 -215467.06000 -237679.46000 -319698.09000 -289695.51000 -262345.62000 -389705.43000
-353254.46000 -430687.25000 -215271.27000 -237684.52000 -320151.87000 -289896.09000 -262441.99000 -389791.70000
-353368.08000 -430683.96000 -215486.28000 -237589.21000 -319570.87000 -289753.16000 -262242.80000 -390030.48000
-353055.46000 -430438.92000 -215106.10000 -237900.12000 -319946.10000 -289924.89000 -262427.04000 -390299.72000
-353129.29000 -430907.59000 -215332.99000 -237648.11000 -320167.88000 -289858.20000 -262403.21000 -389997.31000
-353426.09000 -430692.30000 -215438.92000 -237663.83000 -319983.15000 -289711.87000 -262368.47000 -390292.50000
-353030.01000 -430861.71000 -215232.59000 -237919.01000 -320014.30000 -289883.04000 -262344.01000 -389942.72000
-353400.77000 -431031.95000 -215428.69000 -237826.28000 -319884.42000 -289521.97000 -262346.55000 -389511.42000
-353266.08000 -430497.30000 -215216.86000 -237562.46000 -319982.71000 -289526.09000 -262502.75000 -390119.38000
-353278.58000 -430552.84000 -215389.00000 -237757.15000 -319584.00000 -289594.42000 -262378.44000 -390106.65000
-353256.88000 -430446.22000 -215393.11000 -237689.95000 -320184.35000 -289700.60000 -262515.33000 -390109.02000
-353401.87000 -430650.07000 -215240.48000 -237692.23000 -320095.22000 -289832.90000 -262112.86000 -390109.44000
