[0.000e+00 9.000e-01 1.092e+00 1.500e+00 1.000e-06 5.000e-01 1.000e+00
 5.000e-03 1.000e-03 1.000e-03 5.000e-01 5.000e+00 2.400e+04 5.000e+00
 1.000e-02]	190.49606612043166
[1.000e+00 9.000e-01 1.092e+00 1.500e+00 1.000e-06 5.000e-01 1.000e+00
 5.000e-03 1.000e-03 1.000e-03 5.000e-01 5.000e+00 2.400e+04 5.000e+00
 1.000e-02]	190.49606612038176
[2.000e+00 9.000e-01 1.092e+00 1.500e+00 1.000e-06 5.000e-01 1.000e+00
 5.000e-03 1.000e-03 1.000e-03 5.000e-01 5.000e+00 2.400e+04 5.000e+00
 1.000e-02]	190.49606612038176
[3.000e+00 9.000e-01 1.092e+00 1.500e+00 1.000e-06 5.000e-01 1.000e+00
 5.000e-03 1.000e-03 1.000e-03 5.000e-01 5.000e+00 2.400e+04 5.000e+00
 1.000e-02]	190.49606612038625
[4.000e+00 9.000e-01 1.092e+00 1.500e+00 1.000e-06 5.000e-01 1.000e+00
 5.000e-03 1.000e-03 1.000e-03 5.000e-01 5.000e+00 2.400e+04 5.000e+00
 1.000e-02]	190.49606612043166
[5.000e+00 9.000e-01 1.092e+00 1.500e+00 1.000e-06 5.000e-01 1.000e+00
 5.000e-03 1.000e-03 1.000e-03 5.000e-01 5.000e+00 2.400e+04 5.000e+00
 1.000e-02]	190.49606612038176
[6.000e+00 9.000e-01 1.092e+00 1.500e+00 1.000e-06 5.000e-01 1.000e+00
 5.000e-03 1.000e-03 1.000e-03 5.000e-01 5.000e+00 2.400e+04 5.000e+00
 1.000e-02]	190.49606612038176
[7.000e+00 9.000e-01 1.092e+00 1.500e+00 1.000e-06 5.000e-01 1.000e+00
 5.000e-03 1.000e-03 1.000e-03 5.000e-01 5.000e+00 2.400e+04 5.000e+00
 1.000e-02]	190.49606612041853
[8.000e+00 9.000e-01 1.092e+00 1.500e+00 1.000e-06 5.000e-01 1.000e+00
 5.000e-03 1.000e-03 1.000e-03 5.000e-01 5.000e+00 2.400e+04 5.000e+00
 1.000e-02]	190.49606612043166
[9.000e+00 9.000e-01 1.092e+00 1.500e+00 1.000e-06 5.000e-01 1.000e+00
 5.000e-03 1.000e-03 1.000e-03 5.000e-01 5.000e+00 2.400e+04 5.000e+00
 1.000e-02]	190.49606612041853
[9.000e+00 0.000e+00 1.092e+00 1.500e+00 1.000e-06 5.000e-01 1.000e+00
 5.000e-03 1.000e-03 1.000e-03 5.000e-01 5.000e+00 2.400e+04 5.000e+00
 1.000e-02]	194.8105839137489
[9.000e+00 1.000e+00 1.092e+00 1.500e+00 1.000e-06 5.000e-01 1.000e+00
 5.000e-03 1.000e-03 1.000e-03 5.000e-01 5.000e+00 2.400e+04 5.000e+00
 1.000e-02]	190.43790423630958
[9.000e+00 2.000e+00 1.092e+00 1.500e+00 1.000e-06 5.000e-01 1.000e+00
 5.000e-03 1.000e-03 1.000e-03 5.000e-01 5.000e+00 2.400e+04 5.000e+00
 1.000e-02]	190.39741368636254
[9.000e+00 3.000e+00 1.092e+00 1.500e+00 1.000e-06 5.000e-01 1.000e+00
 5.000e-03 1.000e-03 1.000e-03 5.000e-01 5.000e+00 2.400e+04 5.000e+00
 1.000e-02]	190.39741368636254
[9.000e+00 4.000e+00 1.092e+00 1.500e+00 1.000e-06 5.000e-01 1.000e+00
 5.000e-03 1.000e-03 1.000e-03 5.000e-01 5.000e+00 2.400e+04 5.000e+00
 1.000e-02]	190.39741368636254
[9.000e+00 5.000e+00 1.092e+00 1.500e+00 1.000e-06 5.000e-01 1.000e+00
 5.000e-03 1.000e-03 1.000e-03 5.000e-01 5.000e+00 2.400e+04 5.000e+00
 1.000e-02]	190.39741368637635
[9.000e+00 6.000e+00 1.092e+00 1.500e+00 1.000e-06 5.000e-01 1.000e+00
 5.000e-03 1.000e-03 1.000e-03 5.000e-01 5.000e+00 2.400e+04 5.000e+00
 1.000e-02]	190.39741368637635
[9.000e+00 7.000e+00 1.092e+00 1.500e+00 1.000e-06 5.000e-01 1.000e+00
 5.000e-03 1.000e-03 1.000e-03 5.000e-01 5.000e+00 2.400e+04 5.000e+00
 1.000e-02]	190.3974136863667
[9.000e+00 8.000e+00 1.092e+00 1.500e+00 1.000e-06 5.000e-01 1.000e+00
 5.000e-03 1.000e-03 1.000e-03 5.000e-01 5.000e+00 2.400e+04 5.000e+00
 1.000e-02]	190.39741368637635
[9.000e+00 9.000e+00 1.092e+00 1.500e+00 1.000e-06 5.000e-01 1.000e+00
 5.000e-03 1.000e-03 1.000e-03 5.000e-01 5.000e+00 2.400e+04 5.000e+00
 1.000e-02]	190.39741368637883
[9.0e+00 9.0e+00 0.0e+00 1.5e+00 1.0e-06 5.0e-01 1.0e+00 5.0e-03 1.0e-03
 1.0e-03 5.0e-01 5.0e+00 2.4e+04 5.0e+00 1.0e-02]	190.39741368637635
[9.0e+00 9.0e+00 1.0e+00 1.5e+00 1.0e-06 5.0e-01 1.0e+00 5.0e-03 1.0e-03
 1.0e-03 5.0e-01 5.0e+00 2.4e+04 5.0e+00 1.0e-02]	190.3974136863667
[9.0e+00 9.0e+00 2.0e+00 1.5e+00 1.0e-06 5.0e-01 1.0e+00 5.0e-03 1.0e-03
 1.0e-03 5.0e-01 5.0e+00 2.4e+04 5.0e+00 1.0e-02]	190.3974136863667
[9.0e+00 9.0e+00 3.0e+00 1.5e+00 1.0e-06 5.0e-01 1.0e+00 5.0e-03 1.0e-03
 1.0e-03 5.0e-01 5.0e+00 2.4e+04 5.0e+00 1.0e-02]	190.39741368636254
[9.0e+00 9.0e+00 4.0e+00 1.5e+00 1.0e-06 5.0e-01 1.0e+00 5.0e-03 1.0e-03
 1.0e-03 5.0e-01 5.0e+00 2.4e+04 5.0e+00 1.0e-02]	190.39741368637883
[9.0e+00 9.0e+00 5.0e+00 1.5e+00 1.0e-06 5.0e-01 1.0e+00 5.0e-03 1.0e-03
 1.0e-03 5.0e-01 5.0e+00 2.4e+04 5.0e+00 1.0e-02]	190.39741368637635
[9.0e+00 9.0e+00 6.0e+00 1.5e+00 1.0e-06 5.0e-01 1.0e+00 5.0e-03 1.0e-03
 1.0e-03 5.0e-01 5.0e+00 2.4e+04 5.0e+00 1.0e-02]	190.39741368636254
[9.0e+00 9.0e+00 7.0e+00 1.5e+00 1.0e-06 5.0e-01 1.0e+00 5.0e-03 1.0e-03
 1.0e-03 5.0e-01 5.0e+00 2.4e+04 5.0e+00 1.0e-02]	190.39741368636254
[9.0e+00 9.0e+00 8.0e+00 1.5e+00 1.0e-06 5.0e-01 1.0e+00 5.0e-03 1.0e-03
 1.0e-03 5.0e-01 5.0e+00 2.4e+04 5.0e+00 1.0e-02]	190.39741368637635
[9.0e+00 9.0e+00 9.0e+00 1.5e+00 1.0e-06 5.0e-01 1.0e+00 5.0e-03 1.0e-03
 1.0e-03 5.0e-01 5.0e+00 2.4e+04 5.0e+00 1.0e-02]	190.39741368636254
[9.0e+00 9.0e+00 9.0e+00 0.0e+00 1.0e-06 5.0e-01 1.0e+00 5.0e-03 1.0e-03
 1.0e-03 5.0e-01 5.0e+00 2.4e+04 5.0e+00 1.0e-02]	190.39741368636254
[9.0e+00 9.0e+00 9.0e+00 1.0e+00 1.0e-06 5.0e-01 1.0e+00 5.0e-03 1.0e-03
 1.0e-03 5.0e-01 5.0e+00 2.4e+04 5.0e+00 1.0e-02]	190.39741368637883
[9.0e+00 9.0e+00 9.0e+00 2.0e+00 1.0e-06 5.0e-01 1.0e+00 5.0e-03 1.0e-03
 1.0e-03 5.0e-01 5.0e+00 2.4e+04 5.0e+00 1.0e-02]	190.39741368637883
[9.0e+00 9.0e+00 9.0e+00 3.0e+00 1.0e-06 5.0e-01 1.0e+00 5.0e-03 1.0e-03
 1.0e-03 5.0e-01 5.0e+00 2.4e+04 5.0e+00 1.0e-02]	190.39741368637883
[9.0e+00 9.0e+00 9.0e+00 4.0e+00 1.0e-06 5.0e-01 1.0e+00 5.0e-03 1.0e-03
 1.0e-03 5.0e-01 5.0e+00 2.4e+04 5.0e+00 1.0e-02]	190.3974136863667
[9.0e+00 9.0e+00 9.0e+00 5.0e+00 1.0e-06 5.0e-01 1.0e+00 5.0e-03 1.0e-03
 1.0e-03 5.0e-01 5.0e+00 2.4e+04 5.0e+00 1.0e-02]	190.39741368636254
[9.0e+00 9.0e+00 9.0e+00 6.0e+00 1.0e-06 5.0e-01 1.0e+00 5.0e-03 1.0e-03
 1.0e-03 5.0e-01 5.0e+00 2.4e+04 5.0e+00 1.0e-02]	190.3974136863667
[9.0e+00 9.0e+00 9.0e+00 7.0e+00 1.0e-06 5.0e-01 1.0e+00 5.0e-03 1.0e-03
 1.0e-03 5.0e-01 5.0e+00 2.4e+04 5.0e+00 1.0e-02]	190.3974136863667
[9.0e+00 9.0e+00 9.0e+00 8.0e+00 1.0e-06 5.0e-01 1.0e+00 5.0e-03 1.0e-03
 1.0e-03 5.0e-01 5.0e+00 2.4e+04 5.0e+00 1.0e-02]	190.39741368637883
[9.0e+00 9.0e+00 9.0e+00 9.0e+00 1.0e-06 5.0e-01 1.0e+00 5.0e-03 1.0e-03
 1.0e-03 5.0e-01 5.0e+00 2.4e+04 5.0e+00 1.0e-02]	190.39741368637635
[9.0e+00 9.0e+00 9.0e+00 9.0e+00 0.0e+00 5.0e-01 1.0e+00 5.0e-03 1.0e-03
 1.0e-03 5.0e-01 5.0e+00 2.4e+04 5.0e+00 1.0e-02]	190.39741368637883
[9.0e+00 9.0e+00 9.0e+00 9.0e+00 1.0e+00 5.0e-01 1.0e+00 5.0e-03 1.0e-03
 1.0e-03 5.0e-01 5.0e+00 2.4e+04 5.0e+00 1.0e-02]	190.39741368637883
[9.0e+00 9.0e+00 9.0e+00 9.0e+00 2.0e+00 5.0e-01 1.0e+00 5.0e-03 1.0e-03
 1.0e-03 5.0e-01 5.0e+00 2.4e+04 5.0e+00 1.0e-02]	190.39741368636254
[9.0e+00 9.0e+00 9.0e+00 9.0e+00 3.0e+00 5.0e-01 1.0e+00 5.0e-03 1.0e-03
 1.0e-03 5.0e-01 5.0e+00 2.4e+04 5.0e+00 1.0e-02]	190.39741368637883
[9.0e+00 9.0e+00 9.0e+00 9.0e+00 4.0e+00 5.0e-01 1.0e+00 5.0e-03 1.0e-03
 1.0e-03 5.0e-01 5.0e+00 2.4e+04 5.0e+00 1.0e-02]	190.39741368637883
[9.0e+00 9.0e+00 9.0e+00 9.0e+00 5.0e+00 5.0e-01 1.0e+00 5.0e-03 1.0e-03
 1.0e-03 5.0e-01 5.0e+00 2.4e+04 5.0e+00 1.0e-02]	190.39741368637883
[9.0e+00 9.0e+00 9.0e+00 9.0e+00 6.0e+00 5.0e-01 1.0e+00 5.0e-03 1.0e-03
 1.0e-03 5.0e-01 5.0e+00 2.4e+04 5.0e+00 1.0e-02]	190.3974136863667
[9.0e+00 9.0e+00 9.0e+00 9.0e+00 7.0e+00 5.0e-01 1.0e+00 5.0e-03 1.0e-03
 1.0e-03 5.0e-01 5.0e+00 2.4e+04 5.0e+00 1.0e-02]	190.3974136863667
[9.0e+00 9.0e+00 9.0e+00 9.0e+00 8.0e+00 5.0e-01 1.0e+00 5.0e-03 1.0e-03
 1.0e-03 5.0e-01 5.0e+00 2.4e+04 5.0e+00 1.0e-02]	190.3974136863667
[9.0e+00 9.0e+00 9.0e+00 9.0e+00 9.0e+00 5.0e-01 1.0e+00 5.0e-03 1.0e-03
 1.0e-03 5.0e-01 5.0e+00 2.4e+04 5.0e+00 1.0e-02]	190.39741368637883
[9.0e+00 9.0e+00 9.0e+00 9.0e+00 9.0e+00 0.0e+00 1.0e+00 5.0e-03 1.0e-03
 1.0e-03 5.0e-01 5.0e+00 2.4e+04 5.0e+00 1.0e-02]	190.39741368637635
[9.0e+00 9.0e+00 9.0e+00 9.0e+00 9.0e+00 1.0e+00 1.0e+00 5.0e-03 1.0e-03
 1.0e-03 5.0e-01 5.0e+00 2.4e+04 5.0e+00 1.0e-02]	190.39741368637883
[9.0e+00 9.0e+00 9.0e+00 9.0e+00 9.0e+00 2.0e+00 1.0e+00 5.0e-03 1.0e-03
 1.0e-03 5.0e-01 5.0e+00 2.4e+04 5.0e+00 1.0e-02]	190.39741368637635
[9.0e+00 9.0e+00 9.0e+00 9.0e+00 9.0e+00 3.0e+00 1.0e+00 5.0e-03 1.0e-03
 1.0e-03 5.0e-01 5.0e+00 2.4e+04 5.0e+00 1.0e-02]	190.3974136863667
[9.0e+00 9.0e+00 9.0e+00 9.0e+00 9.0e+00 4.0e+00 1.0e+00 5.0e-03 1.0e-03
 1.0e-03 5.0e-01 5.0e+00 2.4e+04 5.0e+00 1.0e-02]	190.39741368637883
[9.0e+00 9.0e+00 9.0e+00 9.0e+00 9.0e+00 5.0e+00 1.0e+00 5.0e-03 1.0e-03
 1.0e-03 5.0e-01 5.0e+00 2.4e+04 5.0e+00 1.0e-02]	190.39741368637883
[9.0e+00 9.0e+00 9.0e+00 9.0e+00 9.0e+00 6.0e+00 1.0e+00 5.0e-03 1.0e-03
 1.0e-03 5.0e-01 5.0e+00 2.4e+04 5.0e+00 1.0e-02]	190.39741368637883
[9.0e+00 9.0e+00 9.0e+00 9.0e+00 9.0e+00 7.0e+00 1.0e+00 5.0e-03 1.0e-03
 1.0e-03 5.0e-01 5.0e+00 2.4e+04 5.0e+00 1.0e-02]	190.3974136863667
[9.0e+00 9.0e+00 9.0e+00 9.0e+00 9.0e+00 8.0e+00 1.0e+00 5.0e-03 1.0e-03
 1.0e-03 5.0e-01 5.0e+00 2.4e+04 5.0e+00 1.0e-02]	190.39741368637635
[9.0e+00 9.0e+00 9.0e+00 9.0e+00 9.0e+00 9.0e+00 1.0e+00 5.0e-03 1.0e-03
 1.0e-03 5.0e-01 5.0e+00 2.4e+04 5.0e+00 1.0e-02]	190.39741368636254
[9.0e+00 9.0e+00 9.0e+00 9.0e+00 9.0e+00 9.0e+00 0.0e+00 5.0e-03 1.0e-03
 1.0e-03 5.0e-01 5.0e+00 2.4e+04 5.0e+00 1.0e-02]	190.39741368637883
[9.0e+00 9.0e+00 9.0e+00 9.0e+00 9.0e+00 9.0e+00 1.0e+00 5.0e-03 1.0e-03
 1.0e-03 5.0e-01 5.0e+00 2.4e+04 5.0e+00 1.0e-02]	190.3974136863667
[9.0e+00 9.0e+00 9.0e+00 9.0e+00 9.0e+00 9.0e+00 2.0e+00 5.0e-03 1.0e-03
 1.0e-03 5.0e-01 5.0e+00 2.4e+04 5.0e+00 1.0e-02]	190.39741368637883
[9.0e+00 9.0e+00 9.0e+00 9.0e+00 9.0e+00 9.0e+00 3.0e+00 5.0e-03 1.0e-03
 1.0e-03 5.0e-01 5.0e+00 2.4e+04 5.0e+00 1.0e-02]	190.3974136863667
[9.0e+00 9.0e+00 9.0e+00 9.0e+00 9.0e+00 9.0e+00 4.0e+00 5.0e-03 1.0e-03
 1.0e-03 5.0e-01 5.0e+00 2.4e+04 5.0e+00 1.0e-02]	190.39741368636254
[9.0e+00 9.0e+00 9.0e+00 9.0e+00 9.0e+00 9.0e+00 5.0e+00 5.0e-03 1.0e-03
 1.0e-03 5.0e-01 5.0e+00 2.4e+04 5.0e+00 1.0e-02]	190.39741368636254
[9.0e+00 9.0e+00 9.0e+00 9.0e+00 9.0e+00 9.0e+00 6.0e+00 5.0e-03 1.0e-03
 1.0e-03 5.0e-01 5.0e+00 2.4e+04 5.0e+00 1.0e-02]	190.39741368637883
[9.0e+00 9.0e+00 9.0e+00 9.0e+00 9.0e+00 9.0e+00 7.0e+00 5.0e-03 1.0e-03
 1.0e-03 5.0e-01 5.0e+00 2.4e+04 5.0e+00 1.0e-02]	190.39741368637883
[9.0e+00 9.0e+00 9.0e+00 9.0e+00 9.0e+00 9.0e+00 8.0e+00 5.0e-03 1.0e-03
 1.0e-03 5.0e-01 5.0e+00 2.4e+04 5.0e+00 1.0e-02]	190.39741368636254
[9.0e+00 9.0e+00 9.0e+00 9.0e+00 9.0e+00 9.0e+00 9.0e+00 5.0e-03 1.0e-03
 1.0e-03 5.0e-01 5.0e+00 2.4e+04 5.0e+00 1.0e-02]	190.39741368637883
[9.0e+00 9.0e+00 9.0e+00 9.0e+00 9.0e+00 9.0e+00 9.0e+00 0.0e+00 1.0e-03
 1.0e-03 5.0e-01 5.0e+00 2.4e+04 5.0e+00 1.0e-02]	190.39741368636254
[9.0e+00 9.0e+00 9.0e+00 9.0e+00 9.0e+00 9.0e+00 9.0e+00 1.0e+00 1.0e-03
 1.0e-03 5.0e-01 5.0e+00 2.4e+04 5.0e+00 1.0e-02]	190.39741368636254
[9.0e+00 9.0e+00 9.0e+00 9.0e+00 9.0e+00 9.0e+00 9.0e+00 2.0e+00 1.0e-03
 1.0e-03 5.0e-01 5.0e+00 2.4e+04 5.0e+00 1.0e-02]	190.39741368637883
[9.0e+00 9.0e+00 9.0e+00 9.0e+00 9.0e+00 9.0e+00 9.0e+00 3.0e+00 1.0e-03
 1.0e-03 5.0e-01 5.0e+00 2.4e+04 5.0e+00 1.0e-02]	190.39741368637883
[9.0e+00 9.0e+00 9.0e+00 9.0e+00 9.0e+00 9.0e+00 9.0e+00 4.0e+00 1.0e-03
 1.0e-03 5.0e-01 5.0e+00 2.4e+04 5.0e+00 1.0e-02]	190.39741368636254
[9.0e+00 9.0e+00 9.0e+00 9.0e+00 9.0e+00 9.0e+00 9.0e+00 5.0e+00 1.0e-03
 1.0e-03 5.0e-01 5.0e+00 2.4e+04 5.0e+00 1.0e-02]	190.39741368636254
[9.0e+00 9.0e+00 9.0e+00 9.0e+00 9.0e+00 9.0e+00 9.0e+00 6.0e+00 1.0e-03
 1.0e-03 5.0e-01 5.0e+00 2.4e+04 5.0e+00 1.0e-02]	190.39741368637635
[9.0e+00 9.0e+00 9.0e+00 9.0e+00 9.0e+00 9.0e+00 9.0e+00 7.0e+00 1.0e-03
 1.0e-03 5.0e-01 5.0e+00 2.4e+04 5.0e+00 1.0e-02]	190.39741368636254
[9.0e+00 9.0e+00 9.0e+00 9.0e+00 9.0e+00 9.0e+00 9.0e+00 8.0e+00 1.0e-03
 1.0e-03 5.0e-01 5.0e+00 2.4e+04 5.0e+00 1.0e-02]	190.39741368636254
[9.0e+00 9.0e+00 9.0e+00 9.0e+00 9.0e+00 9.0e+00 9.0e+00 9.0e+00 1.0e-03
 1.0e-03 5.0e-01 5.0e+00 2.4e+04 5.0e+00 1.0e-02]	190.3974136863667
[9.0e+00 9.0e+00 9.0e+00 9.0e+00 9.0e+00 9.0e+00 9.0e+00 9.0e+00 0.0e+00
 1.0e-03 5.0e-01 5.0e+00 2.4e+04 5.0e+00 1.0e-02]	190.39741368637883
[9.0e+00 9.0e+00 9.0e+00 9.0e+00 9.0e+00 9.0e+00 9.0e+00 9.0e+00 1.0e+00
 1.0e-03 5.0e-01 5.0e+00 2.4e+04 5.0e+00 1.0e-02]	190.39741368637883
[9.0e+00 9.0e+00 9.0e+00 9.0e+00 9.0e+00 9.0e+00 9.0e+00 9.0e+00 2.0e+00
 1.0e-03 5.0e-01 5.0e+00 2.4e+04 5.0e+00 1.0e-02]	190.39741368637883
[9.0e+00 9.0e+00 9.0e+00 9.0e+00 9.0e+00 9.0e+00 9.0e+00 9.0e+00 3.0e+00
 1.0e-03 5.0e-01 5.0e+00 2.4e+04 5.0e+00 1.0e-02]	190.39741368637635
[9.0e+00 9.0e+00 9.0e+00 9.0e+00 9.0e+00 9.0e+00 9.0e+00 9.0e+00 4.0e+00
 1.0e-03 5.0e-01 5.0e+00 2.4e+04 5.0e+00 1.0e-02]	190.39741368637635
[9.0e+00 9.0e+00 9.0e+00 9.0e+00 9.0e+00 9.0e+00 9.0e+00 9.0e+00 5.0e+00
 1.0e-03 5.0e-01 5.0e+00 2.4e+04 5.0e+00 1.0e-02]	190.39741368636254
[9.0e+00 9.0e+00 9.0e+00 9.0e+00 9.0e+00 9.0e+00 9.0e+00 9.0e+00 6.0e+00
 1.0e-03 5.0e-01 5.0e+00 2.4e+04 5.0e+00 1.0e-02]	190.3974136863667
[9.0e+00 9.0e+00 9.0e+00 9.0e+00 9.0e+00 9.0e+00 9.0e+00 9.0e+00 7.0e+00
 1.0e-03 5.0e-01 5.0e+00 2.4e+04 5.0e+00 1.0e-02]	190.39741368636254
[9.0e+00 9.0e+00 9.0e+00 9.0e+00 9.0e+00 9.0e+00 9.0e+00 9.0e+00 8.0e+00
 1.0e-03 5.0e-01 5.0e+00 2.4e+04 5.0e+00 1.0e-02]	190.3974136863667
[9.0e+00 9.0e+00 9.0e+00 9.0e+00 9.0e+00 9.0e+00 9.0e+00 9.0e+00 9.0e+00
 1.0e-03 5.0e-01 5.0e+00 2.4e+04 5.0e+00 1.0e-02]	190.39741368637883
[9.0e+00 9.0e+00 9.0e+00 9.0e+00 9.0e+00 9.0e+00 9.0e+00 9.0e+00 9.0e+00
 0.0e+00 5.0e-01 5.0e+00 2.4e+04 5.0e+00 1.0e-02]	190.39741368636254
[9.0e+00 9.0e+00 9.0e+00 9.0e+00 9.0e+00 9.0e+00 9.0e+00 9.0e+00 9.0e+00
 1.0e+00 5.0e-01 5.0e+00 2.4e+04 5.0e+00 1.0e-02]	190.39741368636254
[9.0e+00 9.0e+00 9.0e+00 9.0e+00 9.0e+00 9.0e+00 9.0e+00 9.0e+00 9.0e+00
 2.0e+00 5.0e-01 5.0e+00 2.4e+04 5.0e+00 1.0e-02]	190.39741368637883
[9.0e+00 9.0e+00 9.0e+00 9.0e+00 9.0e+00 9.0e+00 9.0e+00 9.0e+00 9.0e+00
 3.0e+00 5.0e-01 5.0e+00 2.4e+04 5.0e+00 1.0e-02]	190.39741368637883
[9.0e+00 9.0e+00 9.0e+00 9.0e+00 9.0e+00 9.0e+00 9.0e+00 9.0e+00 9.0e+00
 4.0e+00 5.0e-01 5.0e+00 2.4e+04 5.0e+00 1.0e-02]	190.39741368637883
[9.0e+00 9.0e+00 9.0e+00 9.0e+00 9.0e+00 9.0e+00 9.0e+00 9.0e+00 9.0e+00
 5.0e+00 5.0e-01 5.0e+00 2.4e+04 5.0e+00 1.0e-02]	190.39741368637635
[9.0e+00 9.0e+00 9.0e+00 9.0e+00 9.0e+00 9.0e+00 9.0e+00 9.0e+00 9.0e+00
 6.0e+00 5.0e-01 5.0e+00 2.4e+04 5.0e+00 1.0e-02]	190.39741368636254
[9.0e+00 9.0e+00 9.0e+00 9.0e+00 9.0e+00 9.0e+00 9.0e+00 9.0e+00 9.0e+00
 7.0e+00 5.0e-01 5.0e+00 2.4e+04 5.0e+00 1.0e-02]	190.39741368637883
[9.0e+00 9.0e+00 9.0e+00 9.0e+00 9.0e+00 9.0e+00 9.0e+00 9.0e+00 9.0e+00
 8.0e+00 5.0e-01 5.0e+00 2.4e+04 5.0e+00 1.0e-02]	190.39741368637883
[9.0e+00 9.0e+00 9.0e+00 9.0e+00 9.0e+00 9.0e+00 9.0e+00 9.0e+00 9.0e+00
 9.0e+00 5.0e-01 5.0e+00 2.4e+04 5.0e+00 1.0e-02]	190.39741368637883
[9.0e+00 9.0e+00 9.0e+00 9.0e+00 9.0e+00 9.0e+00 9.0e+00 9.0e+00 9.0e+00
 9.0e+00 0.0e+00 5.0e+00 2.4e+04 5.0e+00 1.0e-02]	190.39741368637635
[9.0e+00 9.0e+00 9.0e+00 9.0e+00 9.0e+00 9.0e+00 9.0e+00 9.0e+00 9.0e+00
 9.0e+00 1.0e+00 5.0e+00 2.4e+04 5.0e+00 1.0e-02]	190.39741368637883
[9.0e+00 9.0e+00 9.0e+00 9.0e+00 9.0e+00 9.0e+00 9.0e+00 9.0e+00 9.0e+00
 9.0e+00 2.0e+00 5.0e+00 2.4e+04 5.0e+00 1.0e-02]	190.39741368637883
[9.0e+00 9.0e+00 9.0e+00 9.0e+00 9.0e+00 9.0e+00 9.0e+00 9.0e+00 9.0e+00
 9.0e+00 3.0e+00 5.0e+00 2.4e+04 5.0e+00 1.0e-02]	190.3974136863667
[9.0e+00 9.0e+00 9.0e+00 9.0e+00 9.0e+00 9.0e+00 9.0e+00 9.0e+00 9.0e+00
 9.0e+00 4.0e+00 5.0e+00 2.4e+04 5.0e+00 1.0e-02]	190.39741368636254
[9.0e+00 9.0e+00 9.0e+00 9.0e+00 9.0e+00 9.0e+00 9.0e+00 9.0e+00 9.0e+00
 9.0e+00 5.0e+00 5.0e+00 2.4e+04 5.0e+00 1.0e-02]	190.39741368637883
[9.0e+00 9.0e+00 9.0e+00 9.0e+00 9.0e+00 9.0e+00 9.0e+00 9.0e+00 9.0e+00
 9.0e+00 6.0e+00 5.0e+00 2.4e+04 5.0e+00 1.0e-02]	190.39741368637635
[9.0e+00 9.0e+00 9.0e+00 9.0e+00 9.0e+00 9.0e+00 9.0e+00 9.0e+00 9.0e+00
 9.0e+00 7.0e+00 5.0e+00 2.4e+04 5.0e+00 1.0e-02]	190.3974136863667
[9.0e+00 9.0e+00 9.0e+00 9.0e+00 9.0e+00 9.0e+00 9.0e+00 9.0e+00 9.0e+00
 9.0e+00 8.0e+00 5.0e+00 2.4e+04 5.0e+00 1.0e-02]	190.39741368637883
[9.0e+00 9.0e+00 9.0e+00 9.0e+00 9.0e+00 9.0e+00 9.0e+00 9.0e+00 9.0e+00
 9.0e+00 9.0e+00 5.0e+00 2.4e+04 5.0e+00 1.0e-02]	190.39741368637883
[9.0e+00 9.0e+00 9.0e+00 9.0e+00 9.0e+00 9.0e+00 9.0e+00 9.0e+00 9.0e+00
 9.0e+00 9.0e+00 0.0e+00 2.4e+04 5.0e+00 1.0e-02]	190.39741368636254
[9.0e+00 9.0e+00 9.0e+00 9.0e+00 9.0e+00 9.0e+00 9.0e+00 9.0e+00 9.0e+00
 9.0e+00 9.0e+00 1.0e+00 2.4e+04 5.0e+00 1.0e-02]	190.39741368637883
[9.0e+00 9.0e+00 9.0e+00 9.0e+00 9.0e+00 9.0e+00 9.0e+00 9.0e+00 9.0e+00
 9.0e+00 9.0e+00 2.0e+00 2.4e+04 5.0e+00 1.0e-02]	190.39741368636254
[9.0e+00 9.0e+00 9.0e+00 9.0e+00 9.0e+00 9.0e+00 9.0e+00 9.0e+00 9.0e+00
 9.0e+00 9.0e+00 3.0e+00 2.4e+04 5.0e+00 1.0e-02]	190.39741368637635
[9.0e+00 9.0e+00 9.0e+00 9.0e+00 9.0e+00 9.0e+00 9.0e+00 9.0e+00 9.0e+00
 9.0e+00 9.0e+00 4.0e+00 2.4e+04 5.0e+00 1.0e-02]	190.39741368637635
[9.0e+00 9.0e+00 9.0e+00 9.0e+00 9.0e+00 9.0e+00 9.0e+00 9.0e+00 9.0e+00
 9.0e+00 9.0e+00 5.0e+00 2.4e+04 5.0e+00 1.0e-02]	190.39741368636254
[9.0e+00 9.0e+00 9.0e+00 9.0e+00 9.0e+00 9.0e+00 9.0e+00 9.0e+00 9.0e+00
 9.0e+00 9.0e+00 6.0e+00 2.4e+04 5.0e+00 1.0e-02]	190.39741368636254
[9.0e+00 9.0e+00 9.0e+00 9.0e+00 9.0e+00 9.0e+00 9.0e+00 9.0e+00 9.0e+00
 9.0e+00 9.0e+00 7.0e+00 2.4e+04 5.0e+00 1.0e-02]	190.39741368636254
[9.0e+00 9.0e+00 9.0e+00 9.0e+00 9.0e+00 9.0e+00 9.0e+00 9.0e+00 9.0e+00
 9.0e+00 9.0e+00 8.0e+00 2.4e+04 5.0e+00 1.0e-02]	190.39741368636254
[9.0e+00 9.0e+00 9.0e+00 9.0e+00 9.0e+00 9.0e+00 9.0e+00 9.0e+00 9.0e+00
 9.0e+00 9.0e+00 9.0e+00 2.4e+04 5.0e+00 1.0e-02]	190.39741368637635
[9.   9.   9.   9.   9.   9.   9.   9.   9.   9.   9.   9.   0.   5.
 0.01]	190.39741368636254
[9.   9.   9.   9.   9.   9.   9.   9.   9.   9.   9.   9.   1.   5.
 0.01]	190.39741368637883
[9.   9.   9.   9.   9.   9.   9.   9.   9.   9.   9.   9.   2.   5.
 0.01]	190.39741368636254
[9.   9.   9.   9.   9.   9.   9.   9.   9.   9.   9.   9.   3.   5.
 0.01]	190.39741368636254
[9.   9.   9.   9.   9.   9.   9.   9.   9.   9.   9.   9.   4.   5.
 0.01]	190.39741368637635
[9.   9.   9.   9.   9.   9.   9.   9.   9.   9.   9.   9.   5.   5.
 0.01]	190.39741368636254
[9.   9.   9.   9.   9.   9.   9.   9.   9.   9.   9.   9.   6.   5.
 0.01]	190.39741368637883
[9.   9.   9.   9.   9.   9.   9.   9.   9.   9.   9.   9.   7.   5.
 0.01]	190.39741368636254
[9.   9.   9.   9.   9.   9.   9.   9.   9.   9.   9.   9.   8.   5.
 0.01]	190.3974136863667
[9.   9.   9.   9.   9.   9.   9.   9.   9.   9.   9.   9.   9.   5.
 0.01]	190.39741368637883
[9.   9.   9.   9.   9.   9.   9.   9.   9.   9.   9.   9.   9.   0.
 0.01]	190.39741368636254
[9.   9.   9.   9.   9.   9.   9.   9.   9.   9.   9.   9.   9.   1.
 0.01]	190.39741368636254
[9.   9.   9.   9.   9.   9.   9.   9.   9.   9.   9.   9.   9.   2.
 0.01]	190.39741368636254
[9.   9.   9.   9.   9.   9.   9.   9.   9.   9.   9.   9.   9.   3.
 0.01]	190.39741368637635
[9.   9.   9.   9.   9.   9.   9.   9.   9.   9.   9.   9.   9.   4.
 0.01]	190.39741368637635
[9.   9.   9.   9.   9.   9.   9.   9.   9.   9.   9.   9.   9.   5.
 0.01]	190.39741368637883
[9.   9.   9.   9.   9.   9.   9.   9.   9.   9.   9.   9.   9.   6.
 0.01]	190.39741368637635
[9.   9.   9.   9.   9.   9.   9.   9.   9.   9.   9.   9.   9.   7.
 0.01]	190.39741368636254
[9.   9.   9.   9.   9.   9.   9.   9.   9.   9.   9.   9.   9.   8.
 0.01]	190.39741368637635
[9.   9.   9.   9.   9.   9.   9.   9.   9.   9.   9.   9.   9.   9.
 0.01]	190.39741368636254
[9. 9. 9. 9. 9. 9. 9. 9. 9. 9. 9. 9. 9. 9. 0.]	190.39741368637883
[9. 9. 9. 9. 9. 9. 9. 9. 9. 9. 9. 9. 9. 9. 1.]	190.39741368636254
[9. 9. 9. 9. 9. 9. 9. 9. 9. 9. 9. 9. 9. 9. 2.]	190.39741368636254
[9. 9. 9. 9. 9. 9. 9. 9. 9. 9. 9. 9. 9. 9. 3.]	190.39741368637883
[9. 9. 9. 9. 9. 9. 9. 9. 9. 9. 9. 9. 9. 9. 4.]	190.3974136863667
[9. 9. 9. 9. 9. 9. 9. 9. 9. 9. 9. 9. 9. 9. 5.]	190.3974136863667
[9. 9. 9. 9. 9. 9. 9. 9. 9. 9. 9. 9. 9. 9. 6.]	190.39741368637883
[9. 9. 9. 9. 9. 9. 9. 9. 9. 9. 9. 9. 9. 9. 7.]	190.39741368637635
[9. 9. 9. 9. 9. 9. 9. 9. 9. 9. 9. 9. 9. 9. 8.]	190.39741368637883
[9. 9. 9. 9. 9. 9. 9. 9. 9. 9. 9. 9. 9. 9. 9.]	190.39741368636254
