1.00
448.18
448.18
448.18
448.18
448.18
448.18
447.80
447.80
447.80
439.25
439.25
439.25
439.25
439.25
439.25
438.68
438.68
438.68
438.68
438.68
436.97
436.97
431.71
431.71
431.71
431.71
431.71
431.71
431.71
431.71
431.71
431.71
431.71
431.71
431.71
431.71
431.71
431.71
431.71
431.71
431.71
429.86
429.86
429.86
429.86
429.86
429.86
429.86
429.86
429.86
429.86
429.86
429.86
429.86
429.86
429.86
429.86
429.86
429.86
429.86
429.86
429.86
429.86
429.86
429.86
429.86
429.86
429.86
429.86
429.86
429.86
429.86
429.86
429.86
429.86
429.86
429.86
429.86
429.86
429.86
429.86
429.86
429.86
429.86
429.86
429.86
429.86
429.86
429.86
429.86
429.86
429.86
429.86
428.80
428.80
428.80
428.80
428.80
428.80
428.80
428.80
428.80
428.80
428.80
428.80
428.80
428.80
428.80
428.80
428.80
428.80
428.80
428.80
428.80
428.80
428.80
428.80
428.80
428.80
428.80
428.80
428.80
428.80
428.80
428.80
428.80
428.80
428.80
428.80
428.80
428.80
428.80
428.80
428.80
428.80
428.80
428.80
428.80
428.80
428.80
428.80
428.80
428.80
428.80
428.80
428.80
428.80
428.80
428.80
428.80
428.80
428.80
428.80
428.80
428.80
428.80
428.80
428.80
428.80
428.80
428.80
428.80
428.80
428.80
428.80
428.80
428.80
428.80
428.80
428.80
428.80
428.80
428.80
428.80
428.80
428.80
428.80
428.80
428.80
428.78
428.78
428.78
428.78
428.78
428.78
428.78
428.78
428.78
428.78
428.78
428.78
428.78
428.78
428.78
428.78
428.78
428.78
428.78
428.78
428.78
428.78
428.78
428.78
428.78
428.78
428.78
428.78
428.78
424.04
424.04
424.04
424.04
424.04
424.04
424.04
424.04
424.04
424.04
424.04
424.04
424.04
424.04
424.04
431.64
431.64
431.64
431.64
431.64
431.64
431.64
431.22
431.22
431.22
431.22
431.22
431.22
431.22
431.22
431.22
431.22
431.22
431.22
431.22
431.22
431.22
431.22
431.22
431.22
431.22
431.22
430.07
430.07
430.07
430.07
430.07
430.07
430.07
430.07
430.07
430.07
430.07
430.07
430.07
430.07
430.07
430.07
430.07
430.07
430.07
430.07
430.07
430.07
430.07
429.70
425.74
425.74
425.74
425.74
425.74
425.74
425.74
425.74
425.74
425.74
425.74
425.74
425.74
425.74
425.74
425.74
425.74
425.74
425.74
425.74
425.74
425.74
425.74
425.74
425.74
425.74
425.74
425.74
425.74
425.74
425.74
425.74
425.74
425.74
425.74
425.74
425.74
425.74
425.74
425.74
425.74
425.74
425.74
