464.50
464.50
463.98
463.98
463.98
455.26
454.86
451.13
451.13
451.13
451.13
451.13
451.13
451.13
451.13
451.13
451.13
451.13
451.13
451.13
451.13
451.13
451.13
451.13
451.13
450.53
450.53
450.53
450.53
447.06
447.06
447.06
447.06
447.06
447.06
447.06
447.06
447.06
447.06
445.08
445.08
445.08
445.08
445.08
440.70
440.70
440.70
440.70
440.70
440.70
440.70
440.70
440.70
440.70
440.70
440.70
440.70
440.70
440.70
440.70
440.70
440.70
440.70
440.70
440.70
440.70
440.70
440.70
440.70
440.70
440.70
440.70
440.70
440.70
440.70
440.70
440.70
440.47
440.47
440.47
438.26
438.26
438.26
438.26
438.26
438.26
438.26
438.26
438.26
438.26
438.26
438.26
438.26
438.26
438.26
438.26
438.26
438.26
438.26
438.26
438.26
438.26
438.26
438.26
438.26
438.26
438.26
438.26
438.26
438.26
438.26
438.26
438.26
438.26
438.26
438.26
438.26
438.26
438.26
438.26
438.26
438.26
438.26
438.26
438.26
438.26
438.26
438.26
438.26
438.26
438.26
438.26
438.26
438.26
438.26
438.26
438.26
438.26
438.26
438.26
438.26
438.26
438.26
438.26
438.26
438.26
438.26
438.26
438.26
438.26
438.26
438.26
438.26
438.26
438.26
438.26
438.26
438.26
438.26
438.26
438.26
438.26
438.26
438.26
438.26
438.26
438.26
438.26
438.26
438.26
438.26
438.26
438.26
438.26
438.26
438.26
438.26
438.26
438.26
438.26
438.26
438.26
438.26
438.26
438.26
438.26
438.26
438.26
438.26
438.26
438.26
438.26
438.26
438.26
438.26
438.26
438.26
438.26
438.26
438.26
438.26
438.26
438.26
438.26
438.26
438.26
438.26
438.26
438.26
438.26
438.26
438.26
438.26
438.26
438.26
438.26
438.26
438.26
449.24
446.30
446.30
446.30
446.30
442.83
442.83
442.83
442.83
442.83
442.83
442.83
440.09
440.09
440.09
440.09
440.09
438.63
438.63
438.63
438.63
438.63
437.09
434.83
434.83
434.83
433.32
433.32
433.32
433.32
433.32
433.32
433.32
433.32
433.32
433.32
433.32
431.08
430.24
430.24
430.20
430.20
430.20
428.05
428.05
428.05
425.88
425.88
425.88
425.88
425.88
425.88
425.88
425.88
425.88
425.88
425.88
425.88
425.88
425.88
425.88
425.88
425.88
425.88
425.88
425.88
425.88
425.88
425.88
425.88
425.88
425.88
425.88
425.88
425.88
425.88
425.88
425.88
425.88
425.88
425.88
425.88
425.88
425.88
425.88
425.88
425.88
425.88
425.88
425.88
425.88
425.88
