1.00
466.76
466.76
461.90
461.90
461.90
454.46
454.46
454.46
454.46
454.46
451.27
434.04
434.04
434.04
434.04
434.04
434.04
434.04
434.04
434.04
434.04
434.04
434.04
434.04
434.04
434.04
434.04
434.04
434.04
434.04
434.04
434.04
434.04
434.04
434.04
434.04
434.04
434.04
434.04
434.04
434.04
434.04
434.04
434.04
434.04
434.04
434.04
434.04
434.04
434.04
434.04
434.04
434.04
434.04
434.04
434.04
434.04
434.04
434.04
434.04
434.04
434.04
434.04
433.75
430.13
430.13
430.13
430.13
430.13
430.13
430.13
430.13
430.13
430.13
430.13
430.13
430.13
430.13
430.13
430.13
430.13
430.13
430.13
430.13
430.13
430.13
430.13
430.13
430.13
430.13
430.13
430.13
430.13
430.13
430.13
430.13
430.13
430.13
430.13
430.13
430.13
430.13
430.13
430.13
430.13
430.13
430.13
430.13
430.13
430.13
430.13
430.13
430.13
430.13
430.13
430.13
430.13
430.13
430.13
430.13
430.13
430.13
430.13
430.13
430.13
430.13
430.13
430.13
430.13
430.13
430.13
430.13
430.13
430.13
430.13
430.13
430.13
430.13
430.13
430.13
430.13
430.13
430.13
430.13
430.13
430.13
430.13
430.13
430.13
430.13
430.13
430.13
430.13
430.13
430.13
430.13
430.13
430.13
430.13
430.13
430.13
430.13
430.13
430.13
430.13
430.13
430.13
430.13
430.13
430.13
430.13
430.13
430.13
430.13
430.13
430.13
430.13
430.13
430.13
430.13
430.13
430.13
430.13
430.13
430.13
430.13
430.13
430.13
430.13
430.13
430.13
430.13
430.13
430.13
430.13
430.13
430.13
430.13
430.13
430.13
430.13
430.13
430.13
430.13
430.13
430.13
430.13
430.13
430.13
430.13
430.13
430.13
430.13
430.13
430.13
430.13
430.13
443.02
442.96
442.96
442.96
442.96
438.58
438.58
438.58
438.58
438.58
438.58
438.58
438.58
438.58
438.58
438.58
438.58
438.58
438.58
438.42
438.12
438.12
433.37
433.37
433.37
433.37
433.37
433.37
433.37
433.06
433.06
433.06
433.06
433.06
433.06
433.06
433.06
433.06
433.06
433.06
433.06
433.06
433.06
433.06
433.06
433.06
433.06
433.06
431.53
431.53
431.53
431.53
430.02
430.02
430.02
430.02
430.02
430.02
430.02
430.02
429.30
429.30
429.30
429.30
429.30
429.30
429.30
429.30
429.30
429.30
429.30
429.30
426.31
426.31
426.31
426.31
426.31
426.31
426.31
426.31
426.31
426.31
426.31
426.31
426.31
426.31
426.31
426.31
426.31
426.31
420.47
420.47
420.47
420.47
420.47
420.47
