1.00
453.85
453.85
453.85
453.85
453.85
453.85
453.85
453.85
453.85
453.85
453.85
453.85
453.40
446.84
446.84
444.88
444.88
444.88
444.88
444.51
440.04
439.68
439.68
439.65
437.25
437.25
437.25
437.25
437.25
435.13
429.90
429.90
429.90
428.72
428.72
428.72
428.72
428.72
428.72
428.72
428.72
428.72
428.72
428.72
428.72
428.72
428.72
428.72
428.72
428.72
428.72
428.72
428.72
428.72
428.72
428.72
428.72
428.72
428.72
428.72
428.72
428.72
428.72
428.72
428.72
428.72
428.72
428.72
428.72
428.72
428.72
428.72
428.72
428.72
428.72
428.72
428.72
428.72
428.72
428.72
428.72
428.72
428.72
428.72
428.72
428.72
428.52
428.52
428.52
428.52
428.52
428.52
428.52
428.52
428.52
428.52
428.52
428.52
428.52
428.52
428.52
428.52
428.52
428.52
428.52
428.52
428.52
428.52
428.52
428.52
428.52
428.52
428.52
428.52
428.52
428.52
428.52
428.52
428.52
428.52
428.52
428.52
428.52
428.52
428.52
428.52
428.52
428.52
428.52
428.52
428.52
428.52
428.52
428.52
428.52
428.52
428.52
428.52
428.52
428.52
428.52
428.52
428.52
428.52
428.52
428.52
428.52
428.52
428.52
428.52
428.52
428.52
428.52
428.52
428.52
428.52
428.52
428.52
428.52
428.52
428.52
428.52
428.52
428.52
428.52
428.52
428.52
428.52
428.52
428.52
428.52
428.52
428.52
428.52
428.52
428.52
428.52
428.52
428.52
428.52
428.52
428.52
428.52
428.52
428.52
428.52
428.52
428.52
428.52
428.52
428.52
428.52
428.52
428.52
428.52
428.52
427.93
427.93
427.93
427.93
427.93
427.93
427.93
427.93
427.93
427.93
427.93
427.93
427.93
427.93
427.93
427.93
427.93
427.93
427.93
427.93
427.93
435.65
435.65
433.46
433.46
433.46
433.46
431.92
429.89
429.89
429.89
429.89
429.89
429.89
429.89
429.89
429.89
429.89
429.89
429.03
429.03
429.03
429.03
429.03
429.03
429.03
429.03
429.03
429.03
429.03
429.03
429.03
429.03
429.03
429.03
429.03
429.03
429.03
429.03
429.03
429.03
429.03
429.03
429.03
429.03
429.03
429.03
429.03
429.03
429.03
429.03
429.03
429.03
429.03
429.03
429.03
429.03
429.03
429.03
429.03
429.03
429.03
429.03
429.03
429.03
429.03
429.03
429.03
429.03
429.03
429.03
429.03
429.03
429.03
429.03
429.03
429.03
429.03
429.03
429.03
429.03
429.03
429.03
429.03
429.03
429.03
429.03
429.03
429.03
429.03
419.59
419.59
419.59
419.59
419.59
419.59
