457.72
457.72
457.72
457.72
457.72
457.72
456.81
453.06
453.06
453.06
453.06
445.90
445.90
445.90
445.90
445.90
445.90
445.90
445.90
445.90
441.02
441.02
438.50
438.50
438.50
438.50
438.50
438.50
438.50
438.50
438.50
438.50
438.50
438.50
438.50
438.50
438.50
438.50
438.50
438.50
438.50
438.50
438.50
431.60
431.60
431.60
431.60
431.60
431.60
431.60
431.60
431.60
431.60
431.60
431.60
431.60
431.60
431.60
431.60
431.60
431.60
431.60
431.60
431.60
431.60
429.01
429.01
429.01
429.01
429.01
429.01
429.01
429.01
424.72
424.72
424.72
424.72
421.76
421.76
421.76
421.76
421.76
421.76
421.76
421.76
421.76
421.76
421.76
421.76
421.76
421.76
421.76
421.76
421.76
421.76
421.76
421.76
421.76
421.76
421.76
421.76
421.76
421.76
421.76
421.76
421.76
421.76
421.76
421.76
421.76
421.76
421.76
421.61
421.61
421.61
421.61
421.61
420.45
420.45
413.85
413.85
413.85
413.85
413.85
413.85
413.85
413.85
413.30
413.30
413.30
413.30
413.30
413.30
413.30
413.30
413.30
413.30
412.74
412.74
412.74
412.74
412.74
412.74
412.74
412.74
412.74
412.74
412.74
412.74
412.74
412.74
412.74
412.74
412.74
412.74
412.74
412.74
412.74
412.74
412.74
412.74
412.74
412.74
412.74
412.74
412.74
412.74
412.74
412.74
412.74
412.74
412.74
412.74
412.74
412.74
412.74
412.74
412.74
412.74
412.74
412.74
412.74
412.74
412.74
412.74
412.74
412.74
412.74
412.74
412.74
412.74
412.74
412.74
412.74
412.74
412.74
412.74
412.74
412.74
412.74
412.74
412.74
412.74
412.74
412.74
412.74
412.74
412.74
412.74
412.74
412.74
412.74
412.74
412.74
412.74
412.74
412.74
412.74
412.74
412.74
412.74
412.74
412.74
412.74
412.74
412.74
412.74
412.74
412.74
412.74
412.74
415.11
415.11
415.11
415.11
415.11
415.11
415.11
415.11
415.11
415.11
415.11
410.99
410.99
410.99
410.99
410.99
410.99
410.99
410.99
410.99
410.99
410.99
410.99
410.99
410.99
410.99
410.99
410.99
410.99
410.99
410.99
410.99
410.99
410.99
410.99
410.99
410.99
410.99
410.99
410.99
410.99
410.99
410.99
410.99
410.99
410.99
410.99
410.99
410.99
410.99
410.99
410.99
410.99
410.99
410.99
410.99
410.99
410.99
410.99
410.99
410.99
410.99
410.99
410.99
410.99
410.99
410.99
410.99
410.99
410.99
410.99
410.99
410.99
410.99
410.99
410.99
410.99
410.99
410.99
410.99
410.99
410.99
410.99
410.99
410.99
410.99
