[0.000e+00 9.000e-01 1.092e+00 1.500e+00 1.000e-06 5.000e-01 1.000e+00
 5.000e-03 1.000e-03 1.000e-03 5.000e-01 5.000e+00 2.400e+04 5.000e+00
 1.000e-02]	2934.6285625153473
[4.000e-02 9.000e-01 1.092e+00 1.500e+00 1.000e-06 5.000e-01 1.000e+00
 5.000e-03 1.000e-03 1.000e-03 5.000e-01 5.000e+00 2.400e+04 5.000e+00
 1.000e-02]	2932.969729459466
[8.000e-02 9.000e-01 1.092e+00 1.500e+00 1.000e-06 5.000e-01 1.000e+00
 5.000e-03 1.000e-03 1.000e-03 5.000e-01 5.000e+00 2.400e+04 5.000e+00
 1.000e-02]	2944.3876294264765
[1.200e-01 9.000e-01 1.092e+00 1.500e+00 1.000e-06 5.000e-01 1.000e+00
 5.000e-03 1.000e-03 1.000e-03 5.000e-01 5.000e+00 2.400e+04 5.000e+00
 1.000e-02]	2927.8089866042988
[1.600e-01 9.000e-01 1.092e+00 1.500e+00 1.000e-06 5.000e-01 1.000e+00
 5.000e-03 1.000e-03 1.000e-03 5.000e-01 5.000e+00 2.400e+04 5.000e+00
 1.000e-02]	2935.13974740784
[2.000e-01 9.000e-01 1.092e+00 1.500e+00 1.000e-06 5.000e-01 1.000e+00
 5.000e-03 1.000e-03 1.000e-03 5.000e-01 5.000e+00 2.400e+04 5.000e+00
 1.000e-02]	2934.1781298480664
[2.400e-01 9.000e-01 1.092e+00 1.500e+00 1.000e-06 5.000e-01 1.000e+00
 5.000e-03 1.000e-03 1.000e-03 5.000e-01 5.000e+00 2.400e+04 5.000e+00
 1.000e-02]	2943.479622129415
[2.800e-01 9.000e-01 1.092e+00 1.500e+00 1.000e-06 5.000e-01 1.000e+00
 5.000e-03 1.000e-03 1.000e-03 5.000e-01 5.000e+00 2.400e+04 5.000e+00
 1.000e-02]	2926.6212746652454
[3.200e-01 9.000e-01 1.092e+00 1.500e+00 1.000e-06 5.000e-01 1.000e+00
 5.000e-03 1.000e-03 1.000e-03 5.000e-01 5.000e+00 2.400e+04 5.000e+00
 1.000e-02]	2934.036736218517
[3.600e-01 9.000e-01 1.092e+00 1.500e+00 1.000e-06 5.000e-01 1.000e+00
 5.000e-03 1.000e-03 1.000e-03 5.000e-01 5.000e+00 2.400e+04 5.000e+00
 1.000e-02]	2944.4053342104135
[4.000e-01 9.000e-01 1.092e+00 1.500e+00 1.000e-06 5.000e-01 1.000e+00
 5.000e-03 1.000e-03 1.000e-03 5.000e-01 5.000e+00 2.400e+04 5.000e+00
 1.000e-02]	2933.294961933593
[4.400e-01 9.000e-01 1.092e+00 1.500e+00 1.000e-06 5.000e-01 1.000e+00
 5.000e-03 1.000e-03 1.000e-03 5.000e-01 5.000e+00 2.400e+04 5.000e+00
 1.000e-02]	2939.3730623477695
[4.800e-01 9.000e-01 1.092e+00 1.500e+00 1.000e-06 5.000e-01 1.000e+00
 5.000e-03 1.000e-03 1.000e-03 5.000e-01 5.000e+00 2.400e+04 5.000e+00
 1.000e-02]	2915.811877319463
[5.200e-01 9.000e-01 1.092e+00 1.500e+00 1.000e-06 5.000e-01 1.000e+00
 5.000e-03 1.000e-03 1.000e-03 5.000e-01 5.000e+00 2.400e+04 5.000e+00
 1.000e-02]	2935.004891197253
[5.600e-01 9.000e-01 1.092e+00 1.500e+00 1.000e-06 5.000e-01 1.000e+00
 5.000e-03 1.000e-03 1.000e-03 5.000e-01 5.000e+00 2.400e+04 5.000e+00
 1.000e-02]	2952.876841252742
[6.000e-01 9.000e-01 1.092e+00 1.500e+00 1.000e-06 5.000e-01 1.000e+00
 5.000e-03 1.000e-03 1.000e-03 5.000e-01 5.000e+00 2.400e+04 5.000e+00
 1.000e-02]	2954.6512896448808
[6.400e-01 9.000e-01 1.092e+00 1.500e+00 1.000e-06 5.000e-01 1.000e+00
 5.000e-03 1.000e-03 1.000e-03 5.000e-01 5.000e+00 2.400e+04 5.000e+00
 1.000e-02]	2926.6212746652454
[6.800e-01 9.000e-01 1.092e+00 1.500e+00 1.000e-06 5.000e-01 1.000e+00
 5.000e-03 1.000e-03 1.000e-03 5.000e-01 5.000e+00 2.400e+04 5.000e+00
 1.000e-02]	2924.513462643534
[7.200e-01 9.000e-01 1.092e+00 1.500e+00 1.000e-06 5.000e-01 1.000e+00
 5.000e-03 1.000e-03 1.000e-03 5.000e-01 5.000e+00 2.400e+04 5.000e+00
 1.000e-02]	2934.8738230298727
[7.600e-01 9.000e-01 1.092e+00 1.500e+00 1.000e-06 5.000e-01 1.000e+00
 5.000e-03 1.000e-03 1.000e-03 5.000e-01 5.000e+00 2.400e+04 5.000e+00
 1.000e-02]	2952.876841252742
[8.000e-01 9.000e-01 1.092e+00 1.500e+00 1.000e-06 5.000e-01 1.000e+00
 5.000e-03 1.000e-03 1.000e-03 5.000e-01 5.000e+00 2.400e+04 5.000e+00
 1.000e-02]	2935.2251939828793
[8.400e-01 9.000e-01 1.092e+00 1.500e+00 1.000e-06 5.000e-01 1.000e+00
 5.000e-03 1.000e-03 1.000e-03 5.000e-01 5.000e+00 2.400e+04 5.000e+00
 1.000e-02]	2940.419377814998
[8.800e-01 9.000e-01 1.092e+00 1.500e+00 1.000e-06 5.000e-01 1.000e+00
 5.000e-03 1.000e-03 1.000e-03 5.000e-01 5.000e+00 2.400e+04 5.000e+00
 1.000e-02]	2938.6574458956416
[9.200e-01 9.000e-01 1.092e+00 1.500e+00 1.000e-06 5.000e-01 1.000e+00
 5.000e-03 1.000e-03 1.000e-03 5.000e-01 5.000e+00 2.400e+04 5.000e+00
 1.000e-02]	2936.28501005056
[9.600e-01 9.000e-01 1.092e+00 1.500e+00 1.000e-06 5.000e-01 1.000e+00
 5.000e-03 1.000e-03 1.000e-03 5.000e-01 5.000e+00 2.400e+04 5.000e+00
 1.000e-02]	2915.811877319463
[1.000e+00 9.000e-01 1.092e+00 1.500e+00 1.000e-06 5.000e-01 1.000e+00
 5.000e-03 1.000e-03 1.000e-03 5.000e-01 5.000e+00 2.400e+04 5.000e+00
 1.000e-02]	2933.8616176871265
[1.040e+00 9.000e-01 1.092e+00 1.500e+00 1.000e-06 5.000e-01 1.000e+00
 5.000e-03 1.000e-03 1.000e-03 5.000e-01 5.000e+00 2.400e+04 5.000e+00
 1.000e-02]	2918.056771479215
[1.080e+00 9.000e-01 1.092e+00 1.500e+00 1.000e-06 5.000e-01 1.000e+00
 5.000e-03 1.000e-03 1.000e-03 5.000e-01 5.000e+00 2.400e+04 5.000e+00
 1.000e-02]	2954.6512896448808
[1.120e+00 9.000e-01 1.092e+00 1.500e+00 1.000e-06 5.000e-01 1.000e+00
 5.000e-03 1.000e-03 1.000e-03 5.000e-01 5.000e+00 2.400e+04 5.000e+00
 1.000e-02]	2934.611702986636
[1.160e+00 9.000e-01 1.092e+00 1.500e+00 1.000e-06 5.000e-01 1.000e+00
 5.000e-03 1.000e-03 1.000e-03 5.000e-01 5.000e+00 2.400e+04 5.000e+00
 1.000e-02]	2936.9974160000565
[1.200e+00 9.000e-01 1.092e+00 1.500e+00 1.000e-06 5.000e-01 1.000e+00
 5.000e-03 1.000e-03 1.000e-03 5.000e-01 5.000e+00 2.400e+04 5.000e+00
 1.000e-02]	2954.6512896448808
[1.240e+00 9.000e-01 1.092e+00 1.500e+00 1.000e-06 5.000e-01 1.000e+00
 5.000e-03 1.000e-03 1.000e-03 5.000e-01 5.000e+00 2.400e+04 5.000e+00
 1.000e-02]	2941.6162954035376
[1.280e+00 9.000e-01 1.092e+00 1.500e+00 1.000e-06 5.000e-01 1.000e+00
 5.000e-03 1.000e-03 1.000e-03 5.000e-01 5.000e+00 2.400e+04 5.000e+00
 1.000e-02]	2922.279825285235
[1.320e+00 9.000e-01 1.092e+00 1.500e+00 1.000e-06 5.000e-01 1.000e+00
 5.000e-03 1.000e-03 1.000e-03 5.000e-01 5.000e+00 2.400e+04 5.000e+00
 1.000e-02]	2915.4054140602593
[1.360e+00 9.000e-01 1.092e+00 1.500e+00 1.000e-06 5.000e-01 1.000e+00
 5.000e-03 1.000e-03 1.000e-03 5.000e-01 5.000e+00 2.400e+04 5.000e+00
 1.000e-02]	2934.7820570834624
[1.400e+00 9.000e-01 1.092e+00 1.500e+00 1.000e-06 5.000e-01 1.000e+00
 5.000e-03 1.000e-03 1.000e-03 5.000e-01 5.000e+00 2.400e+04 5.000e+00
 1.000e-02]	2926.6212746652454
[1.440e+00 9.000e-01 1.092e+00 1.500e+00 1.000e-06 5.000e-01 1.000e+00
 5.000e-03 1.000e-03 1.000e-03 5.000e-01 5.000e+00 2.400e+04 5.000e+00
 1.000e-02]	2936.9974160000565
[1.480e+00 9.000e-01 1.092e+00 1.500e+00 1.000e-06 5.000e-01 1.000e+00
 5.000e-03 1.000e-03 1.000e-03 5.000e-01 5.000e+00 2.400e+04 5.000e+00
 1.000e-02]	2922.711993337346
[1.520e+00 9.000e-01 1.092e+00 1.500e+00 1.000e-06 5.000e-01 1.000e+00
 5.000e-03 1.000e-03 1.000e-03 5.000e-01 5.000e+00 2.400e+04 5.000e+00
 1.000e-02]	2915.811877319463
[1.560e+00 9.000e-01 1.092e+00 1.500e+00 1.000e-06 5.000e-01 1.000e+00
 5.000e-03 1.000e-03 1.000e-03 5.000e-01 5.000e+00 2.400e+04 5.000e+00
 1.000e-02]	2940.4659038385967
[1.600e+00 9.000e-01 1.092e+00 1.500e+00 1.000e-06 5.000e-01 1.000e+00
 5.000e-03 1.000e-03 1.000e-03 5.000e-01 5.000e+00 2.400e+04 5.000e+00
 1.000e-02]	2915.4721252001705
[1.640e+00 9.000e-01 1.092e+00 1.500e+00 1.000e-06 5.000e-01 1.000e+00
 5.000e-03 1.000e-03 1.000e-03 5.000e-01 5.000e+00 2.400e+04 5.000e+00
 1.000e-02]	2943.045235881943
[1.680e+00 9.000e-01 1.092e+00 1.500e+00 1.000e-06 5.000e-01 1.000e+00
 5.000e-03 1.000e-03 1.000e-03 5.000e-01 5.000e+00 2.400e+04 5.000e+00
 1.000e-02]	2934.6707121364016
[1.720e+00 9.000e-01 1.092e+00 1.500e+00 1.000e-06 5.000e-01 1.000e+00
 5.000e-03 1.000e-03 1.000e-03 5.000e-01 5.000e+00 2.400e+04 5.000e+00
 1.000e-02]	2944.4053342104135
[1.760e+00 9.000e-01 1.092e+00 1.500e+00 1.000e-06 5.000e-01 1.000e+00
 5.000e-03 1.000e-03 1.000e-03 5.000e-01 5.000e+00 2.400e+04 5.000e+00
 1.000e-02]	2925.358499729492
[1.800e+00 9.000e-01 1.092e+00 1.500e+00 1.000e-06 5.000e-01 1.000e+00
 5.000e-03 1.000e-03 1.000e-03 5.000e-01 5.000e+00 2.400e+04 5.000e+00
 1.000e-02]	2935.284848217435
[1.840e+00 9.000e-01 1.092e+00 1.500e+00 1.000e-06 5.000e-01 1.000e+00
 5.000e-03 1.000e-03 1.000e-03 5.000e-01 5.000e+00 2.400e+04 5.000e+00
 1.000e-02]	2941.395806394634
[1.880e+00 9.000e-01 1.092e+00 1.500e+00 1.000e-06 5.000e-01 1.000e+00
 5.000e-03 1.000e-03 1.000e-03 5.000e-01 5.000e+00 2.400e+04 5.000e+00
 1.000e-02]	2924.654868008586
[1.920e+00 9.000e-01 1.092e+00 1.500e+00 1.000e-06 5.000e-01 1.000e+00
 5.000e-03 1.000e-03 1.000e-03 5.000e-01 5.000e+00 2.400e+04 5.000e+00
 1.000e-02]	2922.279825285235
[1.960e+00 9.000e-01 1.092e+00 1.500e+00 1.000e-06 5.000e-01 1.000e+00
 5.000e-03 1.000e-03 1.000e-03 5.000e-01 5.000e+00 2.400e+04 5.000e+00
 1.000e-02]	2932.30055390764
[1.960e+00 0.000e+00 1.092e+00 1.500e+00 1.000e-06 5.000e-01 1.000e+00
 5.000e-03 1.000e-03 1.000e-03 5.000e-01 5.000e+00 2.400e+04 5.000e+00
 1.000e-02]	2957.2451920127824
[1.960e+00 4.000e-02 1.092e+00 1.500e+00 1.000e-06 5.000e-01 1.000e+00
 5.000e-03 1.000e-03 1.000e-03 5.000e-01 5.000e+00 2.400e+04 5.000e+00
 1.000e-02]	2944.0052846207996
[1.960e+00 8.000e-02 1.092e+00 1.500e+00 1.000e-06 5.000e-01 1.000e+00
 5.000e-03 1.000e-03 1.000e-03 5.000e-01 5.000e+00 2.400e+04 5.000e+00
 1.000e-02]	2917.6702141346937
[1.960e+00 1.200e-01 1.092e+00 1.500e+00 1.000e-06 5.000e-01 1.000e+00
 5.000e-03 1.000e-03 1.000e-03 5.000e-01 5.000e+00 2.400e+04 5.000e+00
 1.000e-02]	2941.1667535077454
[1.960e+00 1.600e-01 1.092e+00 1.500e+00 1.000e-06 5.000e-01 1.000e+00
 5.000e-03 1.000e-03 1.000e-03 5.000e-01 5.000e+00 2.400e+04 5.000e+00
 1.000e-02]	2933.0659598202506
[1.960e+00 2.000e-01 1.092e+00 1.500e+00 1.000e-06 5.000e-01 1.000e+00
 5.000e-03 1.000e-03 1.000e-03 5.000e-01 5.000e+00 2.400e+04 5.000e+00
 1.000e-02]	2943.6905953789983
[1.960e+00 2.400e-01 1.092e+00 1.500e+00 1.000e-06 5.000e-01 1.000e+00
 5.000e-03 1.000e-03 1.000e-03 5.000e-01 5.000e+00 2.400e+04 5.000e+00
 1.000e-02]	2916.1562495858716
[1.960e+00 2.800e-01 1.092e+00 1.500e+00 1.000e-06 5.000e-01 1.000e+00
 5.000e-03 1.000e-03 1.000e-03 5.000e-01 5.000e+00 2.400e+04 5.000e+00
 1.000e-02]	2914.3505849827225
[1.960e+00 3.200e-01 1.092e+00 1.500e+00 1.000e-06 5.000e-01 1.000e+00
 5.000e-03 1.000e-03 1.000e-03 5.000e-01 5.000e+00 2.400e+04 5.000e+00
 1.000e-02]	2941.6972051549674
[1.960e+00 3.600e-01 1.092e+00 1.500e+00 1.000e-06 5.000e-01 1.000e+00
 5.000e-03 1.000e-03 1.000e-03 5.000e-01 5.000e+00 2.400e+04 5.000e+00
 1.000e-02]	2929.775867553651
[1.960e+00 4.000e-01 1.092e+00 1.500e+00 1.000e-06 5.000e-01 1.000e+00
 5.000e-03 1.000e-03 1.000e-03 5.000e-01 5.000e+00 2.400e+04 5.000e+00
 1.000e-02]	2949.5893434633813
[1.960e+00 4.400e-01 1.092e+00 1.500e+00 1.000e-06 5.000e-01 1.000e+00
 5.000e-03 1.000e-03 1.000e-03 5.000e-01 5.000e+00 2.400e+04 5.000e+00
 1.000e-02]	2937.363060787287
[1.960e+00 4.800e-01 1.092e+00 1.500e+00 1.000e-06 5.000e-01 1.000e+00
 5.000e-03 1.000e-03 1.000e-03 5.000e-01 5.000e+00 2.400e+04 5.000e+00
 1.000e-02]	2917.104130834672
[1.960e+00 5.200e-01 1.092e+00 1.500e+00 1.000e-06 5.000e-01 1.000e+00
 5.000e-03 1.000e-03 1.000e-03 5.000e-01 5.000e+00 2.400e+04 5.000e+00
 1.000e-02]	2925.6127731170204
[1.960e+00 5.600e-01 1.092e+00 1.500e+00 1.000e-06 5.000e-01 1.000e+00
 5.000e-03 1.000e-03 1.000e-03 5.000e-01 5.000e+00 2.400e+04 5.000e+00
 1.000e-02]	2936.8477857846915
[1.960e+00 6.000e-01 1.092e+00 1.500e+00 1.000e-06 5.000e-01 1.000e+00
 5.000e-03 1.000e-03 1.000e-03 5.000e-01 5.000e+00 2.400e+04 5.000e+00
 1.000e-02]	2934.364318769583
[1.960e+00 6.400e-01 1.092e+00 1.500e+00 1.000e-06 5.000e-01 1.000e+00
 5.000e-03 1.000e-03 1.000e-03 5.000e-01 5.000e+00 2.400e+04 5.000e+00
 1.000e-02]	2942.344881527583
[1.960e+00 6.800e-01 1.092e+00 1.500e+00 1.000e-06 5.000e-01 1.000e+00
 5.000e-03 1.000e-03 1.000e-03 5.000e-01 5.000e+00 2.400e+04 5.000e+00
 1.000e-02]	2933.6715908115775
[1.960e+00 7.200e-01 1.092e+00 1.500e+00 1.000e-06 5.000e-01 1.000e+00
 5.000e-03 1.000e-03 1.000e-03 5.000e-01 5.000e+00 2.400e+04 5.000e+00
 1.000e-02]	2929.151537133967
[1.960e+00 7.600e-01 1.092e+00 1.500e+00 1.000e-06 5.000e-01 1.000e+00
 5.000e-03 1.000e-03 1.000e-03 5.000e-01 5.000e+00 2.400e+04 5.000e+00
 1.000e-02]	2941.889335939648
[1.960e+00 8.000e-01 1.092e+00 1.500e+00 1.000e-06 5.000e-01 1.000e+00
 5.000e-03 1.000e-03 1.000e-03 5.000e-01 5.000e+00 2.400e+04 5.000e+00
 1.000e-02]	2948.3296611284027
[1.960e+00 8.400e-01 1.092e+00 1.500e+00 1.000e-06 5.000e-01 1.000e+00
 5.000e-03 1.000e-03 1.000e-03 5.000e-01 5.000e+00 2.400e+04 5.000e+00
 1.000e-02]	2965.4179924530436
[1.960e+00 8.800e-01 1.092e+00 1.500e+00 1.000e-06 5.000e-01 1.000e+00
 5.000e-03 1.000e-03 1.000e-03 5.000e-01 5.000e+00 2.400e+04 5.000e+00
 1.000e-02]	2963.6902041920575
[1.960e+00 9.200e-01 1.092e+00 1.500e+00 1.000e-06 5.000e-01 1.000e+00
 5.000e-03 1.000e-03 1.000e-03 5.000e-01 5.000e+00 2.400e+04 5.000e+00
 1.000e-02]	2940.94607657096
[1.960e+00 9.600e-01 1.092e+00 1.500e+00 1.000e-06 5.000e-01 1.000e+00
 5.000e-03 1.000e-03 1.000e-03 5.000e-01 5.000e+00 2.400e+04 5.000e+00
 1.000e-02]	2940.1745289031073
[1.960e+00 1.000e+00 1.092e+00 1.500e+00 1.000e-06 5.000e-01 1.000e+00
 5.000e-03 1.000e-03 1.000e-03 5.000e-01 5.000e+00 2.400e+04 5.000e+00
 1.000e-02]	2949.1062593045776
[1.960e+00 1.040e+00 1.092e+00 1.500e+00 1.000e-06 5.000e-01 1.000e+00
 5.000e-03 1.000e-03 1.000e-03 5.000e-01 5.000e+00 2.400e+04 5.000e+00
 1.000e-02]	2946.351547067912
[1.960e+00 1.080e+00 1.092e+00 1.500e+00 1.000e-06 5.000e-01 1.000e+00
 5.000e-03 1.000e-03 1.000e-03 5.000e-01 5.000e+00 2.400e+04 5.000e+00
 1.000e-02]	2944.2053024142087
[1.960e+00 1.120e+00 1.092e+00 1.500e+00 1.000e-06 5.000e-01 1.000e+00
 5.000e-03 1.000e-03 1.000e-03 5.000e-01 5.000e+00 2.400e+04 5.000e+00
 1.000e-02]	2945.2250619940783
[1.960e+00 1.160e+00 1.092e+00 1.500e+00 1.000e-06 5.000e-01 1.000e+00
 5.000e-03 1.000e-03 1.000e-03 5.000e-01 5.000e+00 2.400e+04 5.000e+00
 1.000e-02]	2951.72847857999
[1.960e+00 1.200e+00 1.092e+00 1.500e+00 1.000e-06 5.000e-01 1.000e+00
 5.000e-03 1.000e-03 1.000e-03 5.000e-01 5.000e+00 2.400e+04 5.000e+00
 1.000e-02]	2942.215972808488
[1.960e+00 1.240e+00 1.092e+00 1.500e+00 1.000e-06 5.000e-01 1.000e+00
 5.000e-03 1.000e-03 1.000e-03 5.000e-01 5.000e+00 2.400e+04 5.000e+00
 1.000e-02]	2965.31644577914
[1.960e+00 1.280e+00 1.092e+00 1.500e+00 1.000e-06 5.000e-01 1.000e+00
 5.000e-03 1.000e-03 1.000e-03 5.000e-01 5.000e+00 2.400e+04 5.000e+00
 1.000e-02]	2952.5955812150323
[1.960e+00 1.320e+00 1.092e+00 1.500e+00 1.000e-06 5.000e-01 1.000e+00
 5.000e-03 1.000e-03 1.000e-03 5.000e-01 5.000e+00 2.400e+04 5.000e+00
 1.000e-02]	2941.7735512460445
[1.960e+00 1.360e+00 1.092e+00 1.500e+00 1.000e-06 5.000e-01 1.000e+00
 5.000e-03 1.000e-03 1.000e-03 5.000e-01 5.000e+00 2.400e+04 5.000e+00
 1.000e-02]	2936.114048485274
[1.960e+00 1.400e+00 1.092e+00 1.500e+00 1.000e-06 5.000e-01 1.000e+00
 5.000e-03 1.000e-03 1.000e-03 5.000e-01 5.000e+00 2.400e+04 5.000e+00
 1.000e-02]	2942.9397338865106
[1.960e+00 1.440e+00 1.092e+00 1.500e+00 1.000e-06 5.000e-01 1.000e+00
 5.000e-03 1.000e-03 1.000e-03 5.000e-01 5.000e+00 2.400e+04 5.000e+00
 1.000e-02]	2939.9451140085207
[1.960e+00 1.480e+00 1.092e+00 1.500e+00 1.000e-06 5.000e-01 1.000e+00
 5.000e-03 1.000e-03 1.000e-03 5.000e-01 5.000e+00 2.400e+04 5.000e+00
 1.000e-02]	2937.898815531565
[1.960e+00 1.520e+00 1.092e+00 1.500e+00 1.000e-06 5.000e-01 1.000e+00
 5.000e-03 1.000e-03 1.000e-03 5.000e-01 5.000e+00 2.400e+04 5.000e+00
 1.000e-02]	2942.976309109032
[1.960e+00 1.560e+00 1.092e+00 1.500e+00 1.000e-06 5.000e-01 1.000e+00
 5.000e-03 1.000e-03 1.000e-03 5.000e-01 5.000e+00 2.400e+04 5.000e+00
 1.000e-02]	2938.864096764433
[1.960e+00 1.600e+00 1.092e+00 1.500e+00 1.000e-06 5.000e-01 1.000e+00
 5.000e-03 1.000e-03 1.000e-03 5.000e-01 5.000e+00 2.400e+04 5.000e+00
 1.000e-02]	2923.4152232910797
[1.960e+00 1.640e+00 1.092e+00 1.500e+00 1.000e-06 5.000e-01 1.000e+00
 5.000e-03 1.000e-03 1.000e-03 5.000e-01 5.000e+00 2.400e+04 5.000e+00
 1.000e-02]	2937.444708054241
[1.960e+00 1.680e+00 1.092e+00 1.500e+00 1.000e-06 5.000e-01 1.000e+00
 5.000e-03 1.000e-03 1.000e-03 5.000e-01 5.000e+00 2.400e+04 5.000e+00
 1.000e-02]	2938.0765888590972
[1.960e+00 1.720e+00 1.092e+00 1.500e+00 1.000e-06 5.000e-01 1.000e+00
 5.000e-03 1.000e-03 1.000e-03 5.000e-01 5.000e+00 2.400e+04 5.000e+00
 1.000e-02]	2942.0908014573606
[1.960e+00 1.760e+00 1.092e+00 1.500e+00 1.000e-06 5.000e-01 1.000e+00
 5.000e-03 1.000e-03 1.000e-03 5.000e-01 5.000e+00 2.400e+04 5.000e+00
 1.000e-02]	2952.871838566258
[1.960e+00 1.800e+00 1.092e+00 1.500e+00 1.000e-06 5.000e-01 1.000e+00
 5.000e-03 1.000e-03 1.000e-03 5.000e-01 5.000e+00 2.400e+04 5.000e+00
 1.000e-02]	2943.2220649440933
[1.960e+00 1.840e+00 1.092e+00 1.500e+00 1.000e-06 5.000e-01 1.000e+00
 5.000e-03 1.000e-03 1.000e-03 5.000e-01 5.000e+00 2.400e+04 5.000e+00
 1.000e-02]	2941.5147677560008
[1.960e+00 1.880e+00 1.092e+00 1.500e+00 1.000e-06 5.000e-01 1.000e+00
 5.000e-03 1.000e-03 1.000e-03 5.000e-01 5.000e+00 2.400e+04 5.000e+00
 1.000e-02]	2927.7713041366133
[1.960e+00 1.920e+00 1.092e+00 1.500e+00 1.000e-06 5.000e-01 1.000e+00
 5.000e-03 1.000e-03 1.000e-03 5.000e-01 5.000e+00 2.400e+04 5.000e+00
 1.000e-02]	2930.5512959904663
[1.960e+00 1.960e+00 1.092e+00 1.500e+00 1.000e-06 5.000e-01 1.000e+00
 5.000e-03 1.000e-03 1.000e-03 5.000e-01 5.000e+00 2.400e+04 5.000e+00
 1.000e-02]	2930.8488054931618
[1.96e+00 1.96e+00 0.00e+00 1.50e+00 1.00e-06 5.00e-01 1.00e+00 5.00e-03
 1.00e-03 1.00e-03 5.00e-01 5.00e+00 2.40e+04 5.00e+00 1.00e-02]	2933.5773311726666
[1.96e+00 1.96e+00 4.00e-02 1.50e+00 1.00e-06 5.00e-01 1.00e+00 5.00e-03
 1.00e-03 1.00e-03 5.00e-01 5.00e+00 2.40e+04 5.00e+00 1.00e-02]	2947.1150145720258
[1.96e+00 1.96e+00 8.00e-02 1.50e+00 1.00e-06 5.00e-01 1.00e+00 5.00e-03
 1.00e-03 1.00e-03 5.00e-01 5.00e+00 2.40e+04 5.00e+00 1.00e-02]	2932.3122053744896
[1.96e+00 1.96e+00 1.20e-01 1.50e+00 1.00e-06 5.00e-01 1.00e+00 5.00e-03
 1.00e-03 1.00e-03 5.00e-01 5.00e+00 2.40e+04 5.00e+00 1.00e-02]	2952.56937893734
[1.96e+00 1.96e+00 1.60e-01 1.50e+00 1.00e-06 5.00e-01 1.00e+00 5.00e-03
 1.00e-03 1.00e-03 5.00e-01 5.00e+00 2.40e+04 5.00e+00 1.00e-02]	2950.9184662029115
[1.96e+00 1.96e+00 2.00e-01 1.50e+00 1.00e-06 5.00e-01 1.00e+00 5.00e-03
 1.00e-03 1.00e-03 5.00e-01 5.00e+00 2.40e+04 5.00e+00 1.00e-02]	2933.554319454214
[1.96e+00 1.96e+00 2.40e-01 1.50e+00 1.00e-06 5.00e-01 1.00e+00 5.00e-03
 1.00e-03 1.00e-03 5.00e-01 5.00e+00 2.40e+04 5.00e+00 1.00e-02]	2947.4084463862564
[1.96e+00 1.96e+00 2.80e-01 1.50e+00 1.00e-06 5.00e-01 1.00e+00 5.00e-03
 1.00e-03 1.00e-03 5.00e-01 5.00e+00 2.40e+04 5.00e+00 1.00e-02]	2947.4498841326745
[1.96e+00 1.96e+00 3.20e-01 1.50e+00 1.00e-06 5.00e-01 1.00e+00 5.00e-03
 1.00e-03 1.00e-03 5.00e-01 5.00e+00 2.40e+04 5.00e+00 1.00e-02]	2944.4587198958125
[1.96e+00 1.96e+00 3.60e-01 1.50e+00 1.00e-06 5.00e-01 1.00e+00 5.00e-03
 1.00e-03 1.00e-03 5.00e-01 5.00e+00 2.40e+04 5.00e+00 1.00e-02]	2952.56937893734
[1.96e+00 1.96e+00 4.00e-01 1.50e+00 1.00e-06 5.00e-01 1.00e+00 5.00e-03
 1.00e-03 1.00e-03 5.00e-01 5.00e+00 2.40e+04 5.00e+00 1.00e-02]	2946.2945983111863
[1.96e+00 1.96e+00 4.40e-01 1.50e+00 1.00e-06 5.00e-01 1.00e+00 5.00e-03
 1.00e-03 1.00e-03 5.00e-01 5.00e+00 2.40e+04 5.00e+00 1.00e-02]	2930.674986524616
[1.96e+00 1.96e+00 4.80e-01 1.50e+00 1.00e-06 5.00e-01 1.00e+00 5.00e-03
 1.00e-03 1.00e-03 5.00e-01 5.00e+00 2.40e+04 5.00e+00 1.00e-02]	2958.1676060991567
[1.96e+00 1.96e+00 5.20e-01 1.50e+00 1.00e-06 5.00e-01 1.00e+00 5.00e-03
 1.00e-03 1.00e-03 5.00e-01 5.00e+00 2.40e+04 5.00e+00 1.00e-02]	2934.636054914341
[1.96e+00 1.96e+00 5.60e-01 1.50e+00 1.00e-06 5.00e-01 1.00e+00 5.00e-03
 1.00e-03 1.00e-03 5.00e-01 5.00e+00 2.40e+04 5.00e+00 1.00e-02]	2952.279261846449
[1.96e+00 1.96e+00 6.00e-01 1.50e+00 1.00e-06 5.00e-01 1.00e+00 5.00e-03
 1.00e-03 1.00e-03 5.00e-01 5.00e+00 2.40e+04 5.00e+00 1.00e-02]	2948.775378129774
[1.96e+00 1.96e+00 6.40e-01 1.50e+00 1.00e-06 5.00e-01 1.00e+00 5.00e-03
 1.00e-03 1.00e-03 5.00e-01 5.00e+00 2.40e+04 5.00e+00 1.00e-02]	2934.1447875653726
[1.96e+00 1.96e+00 6.80e-01 1.50e+00 1.00e-06 5.00e-01 1.00e+00 5.00e-03
 1.00e-03 1.00e-03 5.00e-01 5.00e+00 2.40e+04 5.00e+00 1.00e-02]	2944.883418869706
[1.96e+00 1.96e+00 7.20e-01 1.50e+00 1.00e-06 5.00e-01 1.00e+00 5.00e-03
 1.00e-03 1.00e-03 5.00e-01 5.00e+00 2.40e+04 5.00e+00 1.00e-02]	2935.3080928304607
[1.96e+00 1.96e+00 7.60e-01 1.50e+00 1.00e-06 5.00e-01 1.00e+00 5.00e-03
 1.00e-03 1.00e-03 5.00e-01 5.00e+00 2.40e+04 5.00e+00 1.00e-02]	2945.7940071148887
[1.96e+00 1.96e+00 8.00e-01 1.50e+00 1.00e-06 5.00e-01 1.00e+00 5.00e-03
 1.00e-03 1.00e-03 5.00e-01 5.00e+00 2.40e+04 5.00e+00 1.00e-02]	2943.657925676197
[1.96e+00 1.96e+00 8.40e-01 1.50e+00 1.00e-06 5.00e-01 1.00e+00 5.00e-03
 1.00e-03 1.00e-03 5.00e-01 5.00e+00 2.40e+04 5.00e+00 1.00e-02]	2944.883418869706
[1.96e+00 1.96e+00 8.80e-01 1.50e+00 1.00e-06 5.00e-01 1.00e+00 5.00e-03
 1.00e-03 1.00e-03 5.00e-01 5.00e+00 2.40e+04 5.00e+00 1.00e-02]	2947.7036848861535
[1.96e+00 1.96e+00 9.20e-01 1.50e+00 1.00e-06 5.00e-01 1.00e+00 5.00e-03
 1.00e-03 1.00e-03 5.00e-01 5.00e+00 2.40e+04 5.00e+00 1.00e-02]	2932.9614980907677
[1.96e+00 1.96e+00 9.60e-01 1.50e+00 1.00e-06 5.00e-01 1.00e+00 5.00e-03
 1.00e-03 1.00e-03 5.00e-01 5.00e+00 2.40e+04 5.00e+00 1.00e-02]	2949.338031106394
[1.96e+00 1.96e+00 1.00e+00 1.50e+00 1.00e-06 5.00e-01 1.00e+00 5.00e-03
 1.00e-03 1.00e-03 5.00e-01 5.00e+00 2.40e+04 5.00e+00 1.00e-02]	2966.5121234193816
[1.96e+00 1.96e+00 1.04e+00 1.50e+00 1.00e-06 5.00e-01 1.00e+00 5.00e-03
 1.00e-03 1.00e-03 5.00e-01 5.00e+00 2.40e+04 5.00e+00 1.00e-02]	2950.1976429713563
[1.96e+00 1.96e+00 1.08e+00 1.50e+00 1.00e-06 5.00e-01 1.00e+00 5.00e-03
 1.00e-03 1.00e-03 5.00e-01 5.00e+00 2.40e+04 5.00e+00 1.00e-02]	2935.132483593923
[1.96e+00 1.96e+00 1.12e+00 1.50e+00 1.00e-06 5.00e-01 1.00e+00 5.00e-03
 1.00e-03 1.00e-03 5.00e-01 5.00e+00 2.40e+04 5.00e+00 1.00e-02]	2958.120843113579
[1.96e+00 1.96e+00 1.16e+00 1.50e+00 1.00e-06 5.00e-01 1.00e+00 5.00e-03
 1.00e-03 1.00e-03 5.00e-01 5.00e+00 2.40e+04 5.00e+00 1.00e-02]	2935.196714433452
[1.96e+00 1.96e+00 1.20e+00 1.50e+00 1.00e-06 5.00e-01 1.00e+00 5.00e-03
 1.00e-03 1.00e-03 5.00e-01 5.00e+00 2.40e+04 5.00e+00 1.00e-02]	2944.0396692273603
[1.96e+00 1.96e+00 1.24e+00 1.50e+00 1.00e-06 5.00e-01 1.00e+00 5.00e-03
 1.00e-03 1.00e-03 5.00e-01 5.00e+00 2.40e+04 5.00e+00 1.00e-02]	2936.569288684814
[1.96e+00 1.96e+00 1.28e+00 1.50e+00 1.00e-06 5.00e-01 1.00e+00 5.00e-03
 1.00e-03 1.00e-03 5.00e-01 5.00e+00 2.40e+04 5.00e+00 1.00e-02]	2943.6851113558882
[1.96e+00 1.96e+00 1.32e+00 1.50e+00 1.00e-06 5.00e-01 1.00e+00 5.00e-03
 1.00e-03 1.00e-03 5.00e-01 5.00e+00 2.40e+04 5.00e+00 1.00e-02]	2958.1676060991567
[1.96e+00 1.96e+00 1.36e+00 1.50e+00 1.00e-06 5.00e-01 1.00e+00 5.00e-03
 1.00e-03 1.00e-03 5.00e-01 5.00e+00 2.40e+04 5.00e+00 1.00e-02]	2946.96400225966
[1.96e+00 1.96e+00 1.40e+00 1.50e+00 1.00e-06 5.00e-01 1.00e+00 5.00e-03
 1.00e-03 1.00e-03 5.00e-01 5.00e+00 2.40e+04 5.00e+00 1.00e-02]	2952.279261846449
[1.96e+00 1.96e+00 1.44e+00 1.50e+00 1.00e-06 5.00e-01 1.00e+00 5.00e-03
 1.00e-03 1.00e-03 5.00e-01 5.00e+00 2.40e+04 5.00e+00 1.00e-02]	2947.522460860983
[1.96e+00 1.96e+00 1.48e+00 1.50e+00 1.00e-06 5.00e-01 1.00e+00 5.00e-03
 1.00e-03 1.00e-03 5.00e-01 5.00e+00 2.40e+04 5.00e+00 1.00e-02]	2948.7655348560024
[1.96e+00 1.96e+00 1.52e+00 1.50e+00 1.00e-06 5.00e-01 1.00e+00 5.00e-03
 1.00e-03 1.00e-03 5.00e-01 5.00e+00 2.40e+04 5.00e+00 1.00e-02]	2935.7201262166523
[1.96e+00 1.96e+00 1.56e+00 1.50e+00 1.00e-06 5.00e-01 1.00e+00 5.00e-03
 1.00e-03 1.00e-03 5.00e-01 5.00e+00 2.40e+04 5.00e+00 1.00e-02]	2936.018039495208
[1.96e+00 1.96e+00 1.60e+00 1.50e+00 1.00e-06 5.00e-01 1.00e+00 5.00e-03
 1.00e-03 1.00e-03 5.00e-01 5.00e+00 2.40e+04 5.00e+00 1.00e-02]	2936.829151559167
[1.96e+00 1.96e+00 1.64e+00 1.50e+00 1.00e-06 5.00e-01 1.00e+00 5.00e-03
 1.00e-03 1.00e-03 5.00e-01 5.00e+00 2.40e+04 5.00e+00 1.00e-02]	2935.132483593923
[1.96e+00 1.96e+00 1.68e+00 1.50e+00 1.00e-06 5.00e-01 1.00e+00 5.00e-03
 1.00e-03 1.00e-03 5.00e-01 5.00e+00 2.40e+04 5.00e+00 1.00e-02]	2969.069375408734
