[2.3001e+04 9.0000e-01 1.0920e+00 1.5000e+00 1.0000e-06 5.0000e-01
 1.0000e+00 5.0000e-03 1.0000e-03 1.0000e-03 5.0000e-01 5.0000e+00
 2.4000e+04 5.0000e+00 1.0000e-02]	1481.238058488639
[2.32011e+04 9.00000e-01 1.09200e+00 1.50000e+00 1.00000e-06 5.00000e-01
 1.00000e+00 5.00000e-03 1.00000e-03 1.00000e-03 5.00000e-01 5.00000e+00
 2.40000e+04 5.00000e+00 1.00000e-02]	1481.23783741691
[2.34012e+04 9.00000e-01 1.09200e+00 1.50000e+00 1.00000e-06 5.00000e-01
 1.00000e+00 5.00000e-03 1.00000e-03 1.00000e-03 5.00000e-01 5.00000e+00
 2.40000e+04 5.00000e+00 1.00000e-02]	1481.2380550192718
[2.36013e+04 9.00000e-01 1.09200e+00 1.50000e+00 1.00000e-06 5.00000e-01
 1.00000e+00 5.00000e-03 1.00000e-03 1.00000e-03 5.00000e-01 5.00000e+00
 2.40000e+04 5.00000e+00 1.00000e-02]	1481.238004860303
[2.38014e+04 9.00000e-01 1.09200e+00 1.50000e+00 1.00000e-06 5.00000e-01
 1.00000e+00 5.00000e-03 1.00000e-03 1.00000e-03 5.00000e-01 5.00000e+00
 2.40000e+04 5.00000e+00 1.00000e-02]	1481.2380553322175
[2.40015e+04 9.00000e-01 1.09200e+00 1.50000e+00 1.00000e-06 5.00000e-01
 1.00000e+00 5.00000e-03 1.00000e-03 1.00000e-03 5.00000e-01 5.00000e+00
 2.40000e+04 5.00000e+00 1.00000e-02]	1481.2378374133755
[2.42016e+04 9.00000e-01 1.09200e+00 1.50000e+00 1.00000e-06 5.00000e-01
 1.00000e+00 5.00000e-03 1.00000e-03 1.00000e-03 5.00000e-01 5.00000e+00
 2.40000e+04 5.00000e+00 1.00000e-02]	1481.2378371572718
[2.44017e+04 9.00000e-01 1.09200e+00 1.50000e+00 1.00000e-06 5.00000e-01
 1.00000e+00 5.00000e-03 1.00000e-03 1.00000e-03 5.00000e-01 5.00000e+00
 2.40000e+04 5.00000e+00 1.00000e-02]	1481.2378371572718
[2.46018e+04 9.00000e-01 1.09200e+00 1.50000e+00 1.00000e-06 5.00000e-01
 1.00000e+00 5.00000e-03 1.00000e-03 1.00000e-03 5.00000e-01 5.00000e+00
 2.40000e+04 5.00000e+00 1.00000e-02]	1481.239349690738
[2.48019e+04 9.00000e-01 1.09200e+00 1.50000e+00 1.00000e-06 5.00000e-01
 1.00000e+00 5.00000e-03 1.00000e-03 1.00000e-03 5.00000e-01 5.00000e+00
 2.40000e+04 5.00000e+00 1.00000e-02]	1481.2406212706555
