0.00 1.00 -14594.40 -14594.40 464.50 2942.80
1.00 1.00 -14594.40 -14653.42 464.50 2942.80
2.00 2.00 -14592.22 -14592.22 463.98 2926.26
3.00 2.00 -14592.22 -14602.30 463.98 2926.26
4.00 2.00 -14592.22 -14671.46 463.98 2926.26
5.00 3.00 -14555.62 -14555.62 455.26 2926.36
6.00 4.00 -14553.90 -14553.90 454.86 2971.80
7.00 5.00 -14538.03 -14538.03 451.13 3006.38
8.00 5.00 -14538.03 -14668.19 451.13 3006.38
9.00 5.00 -14538.03 -14636.77 451.13 3006.38
10.00 5.00 -14538.03 -14540.84 451.13 3006.38
11.00 5.00 -14538.03 -14591.34 451.13 3006.38
12.00 5.00 -14538.03 -14538.97 451.13 3006.38
13.00 5.00 -14538.03 -14618.88 451.13 3006.38
14.00 5.00 -14538.03 -14602.81 451.13 3006.38
15.00 5.00 -14538.03 -14568.37 451.13 3006.38
16.00 5.00 -14538.03 -14557.83 451.13 3006.38
17.00 5.00 -14538.03 -14563.83 451.13 3006.38
18.00 5.00 -14538.03 -14572.98 451.13 3006.38
19.00 5.00 -14538.03 -14586.87 451.13 3006.38
20.00 5.00 -14538.03 -14593.35 451.13 3006.38
21.00 5.00 -14538.03 -14610.76 451.13 3006.38
22.00 5.00 -14538.03 -14581.58 451.13 3006.38
23.00 5.00 -14538.03 -14636.95 451.13 3006.38
24.00 5.00 -14538.03 -14571.93 451.13 3006.38
25.00 6.00 -14535.42 -14535.42 450.53 3001.58
26.00 6.00 -14535.42 -14562.25 450.53 3001.58
27.00 6.00 -14535.42 -14570.71 450.53 3001.58
28.00 6.00 -14535.42 -14538.70 450.53 3001.58
29.00 7.00 -14520.50 -14520.50 447.06 2972.73
30.00 7.00 -14520.50 -14522.41 447.06 2972.73
31.00 7.00 -14520.50 -14560.78 447.06 2972.73
32.00 7.00 -14520.50 -14551.19 447.06 2972.73
33.00 7.00 -14520.50 -14595.81 447.06 2972.73
34.00 7.00 -14520.50 -14552.39 447.06 2972.73
35.00 7.00 -14520.50 -14549.69 447.06 2972.73
36.00 7.00 -14520.50 -14567.06 447.06 2972.73
37.00 7.00 -14520.50 -14572.48 447.06 2972.73
38.00 7.00 -14520.50 -14558.15 447.06 2972.73
39.00 8.00 -14511.93 -14511.93 445.08 2999.56
40.00 8.00 -14511.93 -14551.63 445.08 2999.56
41.00 8.00 -14511.93 -14553.47 445.08 2999.56
42.00 8.00 -14511.93 -14558.39 445.08 2999.56
43.00 8.00 -14511.93 -14523.33 445.08 2999.56
44.00 9.00 -14492.85 -14492.85 440.70 2944.73
45.00 9.00 -14492.85 -14593.47 440.70 2944.73
46.00 9.00 -14492.85 -14509.86 440.70 2944.73
47.00 9.00 -14492.85 -14526.68 440.70 2944.73
48.00 9.00 -14492.85 -14530.46 440.70 2944.73
49.00 9.00 -14492.85 -14525.87 440.70 2944.73
50.00 9.00 -14492.85 -14548.74 440.70 2944.73
51.00 9.00 -14492.85 -14535.22 440.70 2944.73
52.00 9.00 -14492.85 -14523.85 440.70 2944.73
53.00 9.00 -14492.85 -14500.97 440.70 2944.73
54.00 9.00 -14492.85 -14552.56 440.70 2944.73
55.00 9.00 -14492.85 -14502.32 440.70 2944.73
56.00 9.00 -14492.85 -14523.62 440.70 2944.73
57.00 9.00 -14492.85 -14525.09 440.70 2944.73
58.00 9.00 -14492.85 -14501.84 440.70 2944.73
59.00 9.00 -14492.85 -14527.69 440.70 2944.73
60.00 9.00 -14492.85 -14529.27 440.70 2944.73
61.00 9.00 -14492.85 -14551.53 440.70 2944.73
62.00 9.00 -14492.85 -14524.88 440.70 2944.73
63.00 9.00 -14492.85 -14543.52 440.70 2944.73
64.00 9.00 -14492.85 -14523.75 440.70 2944.73
65.00 9.00 -14492.85 -14555.89 440.70 2944.73
66.00 9.00 -14492.85 -14560.73 440.70 2944.73
67.00 9.00 -14492.85 -14523.69 440.70 2944.73
68.00 9.00 -14492.85 -14519.86 440.70 2944.73
69.00 9.00 -14492.85 -14541.20 440.70 2944.73
70.00 9.00 -14492.85 -14519.61 440.70 2944.73
71.00 9.00 -14492.85 -14527.24 440.70 2944.73
72.00 9.00 -14492.85 -14574.91 440.70 2944.73
73.00 9.00 -14492.85 -14539.07 440.70 2944.73
74.00 9.00 -14492.85 -14579.64 440.70 2944.73
75.00 9.00 -14492.85 -14508.62 440.70 2944.73
76.00 9.00 -14492.85 -14560.52 440.70 2944.73
77.00 10.00 -14491.83 -14491.83 440.47 2963.51
78.00 10.00 -14491.83 -14520.30 440.47 2963.51
79.00 10.00 -14491.83 -14493.42 440.47 2963.51
80.00 11.00 -14482.13 -14482.13 438.26 2972.66
81.00 11.00 -14482.13 -14526.38 438.26 2972.66
82.00 11.00 -14482.13 -14535.96 438.26 2972.66
83.00 11.00 -14482.13 -14548.35 438.26 2972.66
84.00 11.00 -14482.13 -14565.21 438.26 2972.66
85.00 11.00 -14482.13 -14536.69 438.26 2972.66
86.00 11.00 -14482.13 -14522.86 438.26 2972.66
87.00 11.00 -14482.13 -14545.46 438.26 2972.66
88.00 11.00 -14482.13 -14498.24 438.26 2972.66
89.00 11.00 -14482.13 -14524.24 438.26 2972.66
90.00 11.00 -14482.13 -14511.30 438.26 2972.66
91.00 11.00 -14482.13 -14531.24 438.26 2972.66
92.00 11.00 -14482.13 -14510.57 438.26 2972.66
93.00 11.00 -14482.13 -14540.03 438.26 2972.66
94.00 11.00 -14482.13 -14521.25 438.26 2972.66
95.00 11.00 -14482.13 -14543.40 438.26 2972.66
96.00 11.00 -14482.13 -14498.81 438.26 2972.66
97.00 11.00 -14482.13 -14541.40 438.26 2972.66
98.00 11.00 -14482.13 -14513.22 438.26 2972.66
99.00 11.00 -14482.13 -14533.44 438.26 2972.66
100.00 11.00 -14482.13 -14530.32 438.26 2972.66
101.00 11.00 -14482.13 -14507.44 438.26 2972.66
102.00 11.00 -14482.13 -14521.61 438.26 2972.66
103.00 11.00 -14482.13 -14521.16 438.26 2972.66
104.00 11.00 -14482.13 -14559.42 438.26 2972.66
105.00 11.00 -14482.13 -14560.64 438.26 2972.66
106.00 11.00 -14482.13 -14521.17 438.26 2972.66
107.00 11.00 -14482.13 -14534.57 438.26 2972.66
108.00 11.00 -14482.13 -14518.76 438.26 2972.66
109.00 11.00 -14482.13 -14497.65 438.26 2972.66
110.00 11.00 -14482.13 -14523.09 438.26 2972.66
111.00 11.00 -14482.13 -14544.75 438.26 2972.66
112.00 11.00 -14482.13 -14488.02 438.26 2972.66
113.00 11.00 -14482.13 -14523.53 438.26 2972.66
114.00 11.00 -14482.13 -14510.99 438.26 2972.66
115.00 11.00 -14482.13 -14550.76 438.26 2972.66
116.00 11.00 -14482.13 -14567.45 438.26 2972.66
117.00 11.00 -14482.13 -14534.98 438.26 2972.66
118.00 11.00 -14482.13 -14561.96 438.26 2972.66
119.00 11.00 -14482.13 -14523.71 438.26 2972.66
120.00 11.00 -14482.13 -14531.65 438.26 2972.66
121.00 11.00 -14482.13 -14536.04 438.26 2972.66
122.00 11.00 -14482.13 -14498.29 438.26 2972.66
123.00 11.00 -14482.13 -14537.92 438.26 2972.66
124.00 11.00 -14482.13 -14520.11 438.26 2972.66
125.00 11.00 -14482.13 -14487.98 438.26 2972.66
126.00 11.00 -14482.13 -14568.63 438.26 2972.66
127.00 11.00 -14482.13 -14536.22 438.26 2972.66
128.00 11.00 -14482.13 -14528.54 438.26 2972.66
129.00 11.00 -14482.13 -14539.81 438.26 2972.66
130.00 11.00 -14482.13 -14516.62 438.26 2972.66
131.00 11.00 -14482.13 -14547.20 438.26 2972.66
132.00 11.00 -14482.13 -14514.98 438.26 2972.66
133.00 11.00 -14482.13 -14510.60 438.26 2972.66
134.00 11.00 -14482.13 -14540.06 438.26 2972.66
135.00 11.00 -14482.13 -14537.45 438.26 2972.66
136.00 11.00 -14482.13 -14528.89 438.26 2972.66
137.00 11.00 -14482.13 -14498.23 438.26 2972.66
138.00 11.00 -14482.13 -14545.89 438.26 2972.66
139.00 11.00 -14482.13 -14554.81 438.26 2972.66
140.00 11.00 -14482.13 -14566.99 438.26 2972.66
141.00 11.00 -14482.13 -14541.09 438.26 2972.66
142.00 11.00 -14482.13 -14524.90 438.26 2972.66
143.00 11.00 -14482.13 -14519.18 438.26 2972.66
144.00 11.00 -14482.13 -14534.45 438.26 2972.66
145.00 11.00 -14482.13 -14543.32 438.26 2972.66
146.00 11.00 -14482.13 -14556.70 438.26 2972.66
147.00 11.00 -14482.13 -14525.44 438.26 2972.66
148.00 11.00 -14482.13 -14541.08 438.26 2972.66
149.00 11.00 -14482.13 -14514.51 438.26 2972.66
150.00 11.00 -14482.13 -14528.75 438.26 2972.66
151.00 11.00 -14482.13 -14542.52 438.26 2972.66
152.00 11.00 -14482.13 -14552.82 438.26 2972.66
153.00 11.00 -14482.13 -14523.83 438.26 2972.66
154.00 11.00 -14482.13 -14543.48 438.26 2972.66
155.00 11.00 -14482.13 -14544.87 438.26 2972.66
156.00 11.00 -14482.13 -14534.65 438.26 2972.66
157.00 11.00 -14482.13 -14523.26 438.26 2972.66
158.00 11.00 -14482.13 -14511.98 438.26 2972.66
159.00 11.00 -14482.13 -14520.66 438.26 2972.66
160.00 11.00 -14482.13 -14506.16 438.26 2972.66
161.00 11.00 -14482.13 -14527.24 438.26 2972.66
162.00 11.00 -14482.13 -14497.12 438.26 2972.66
163.00 11.00 -14482.13 -14563.59 438.26 2972.66
164.00 11.00 -14482.13 -14497.83 438.26 2972.66
165.00 11.00 -14482.13 -14513.25 438.26 2972.66
166.00 11.00 -14482.13 -14525.00 438.26 2972.66
167.00 11.00 -14482.13 -14518.24 438.26 2972.66
168.00 11.00 -14482.13 -14503.89 438.26 2972.66
169.00 11.00 -14482.13 -14519.28 438.26 2972.66
170.00 11.00 -14482.13 -14531.38 438.26 2972.66
171.00 11.00 -14482.13 -14526.51 438.26 2972.66
172.00 11.00 -14482.13 -14555.29 438.26 2972.66
173.00 11.00 -14482.13 -14528.26 438.26 2972.66
174.00 11.00 -14482.13 -14558.14 438.26 2972.66
175.00 11.00 -14482.13 -14523.45 438.26 2972.66
176.00 11.00 -14482.13 -14513.37 438.26 2972.66
177.00 11.00 -14482.13 -14499.51 438.26 2972.66
178.00 11.00 -14482.13 -14571.09 438.26 2972.66
179.00 11.00 -14482.13 -14531.65 438.26 2972.66
180.00 11.00 -14482.13 -14515.56 438.26 2972.66
181.00 11.00 -14482.13 -14499.76 438.26 2972.66
182.00 11.00 -14482.13 -14499.01 438.26 2972.66
183.00 11.00 -14482.13 -14496.22 438.26 2972.66
184.00 11.00 -14482.13 -14521.46 438.26 2972.66
185.00 11.00 -14482.13 -14518.36 438.26 2972.66
186.00 11.00 -14482.13 -14545.41 438.26 2972.66
187.00 11.00 -14482.13 -14502.88 438.26 2972.66
188.00 11.00 -14482.13 -14547.34 438.26 2972.66
189.00 11.00 -14482.13 -14521.52 438.26 2972.66
190.00 11.00 -14482.13 -14539.89 438.26 2972.66
191.00 11.00 -14482.13 -14546.86 438.26 2972.66
192.00 11.00 -14482.13 -14576.71 438.26 2972.66
193.00 11.00 -14482.13 -14531.14 438.26 2972.66
194.00 11.00 -14482.13 -14578.97 438.26 2972.66
195.00 11.00 -14482.13 -14509.49 438.26 2972.66
196.00 11.00 -14482.13 -14507.54 438.26 2972.66
197.00 11.00 -14482.13 -14524.47 438.26 2972.66
198.00 11.00 -14482.13 -14535.72 438.26 2972.66
199.00 11.00 -14482.13 -14520.94 438.26 2972.66
200.00 11.00 -14482.13 -14531.31 438.26 2972.66
201.00 11.00 -14482.13 -14578.96 438.26 2972.66
202.00 11.00 -14482.13 -14513.69 438.26 2972.66
203.00 11.00 -14482.13 -14507.41 438.26 2972.66
204.00 11.00 -14482.13 -14578.90 438.26 2972.66
205.00 11.00 -14482.13 -14486.59 438.26 2972.66
206.00 11.00 -14482.13 -14558.76 438.26 2972.66
207.00 11.00 -14482.13 -14536.55 438.26 2972.66
208.00 11.00 -14482.13 -14564.82 438.26 2972.66
209.00 11.00 -14482.13 -14507.13 438.26 2972.66
210.00 11.00 -14482.13 -14522.15 438.26 2972.66
211.00 11.00 -14482.13 -14532.71 438.26 2972.66
212.00 11.00 -14482.13 -14543.29 438.26 2972.66
213.00 11.00 -14482.13 -14520.20 438.26 2972.66
214.00 11.00 -14482.13 -14561.04 438.26 2972.66
215.00 11.00 -14482.13 -14516.60 438.26 2972.66
216.00 11.00 -14482.13 -14507.83 438.26 2972.66
217.00 11.00 -14482.13 -14539.20 438.26 2972.66
218.00 12.00 -26320.15 -26320.15 449.24 2938.00
219.00 13.00 -26297.21 -26297.21 446.30 2989.49
220.00 13.00 -26297.21 -26343.62 446.30 2989.49
221.00 13.00 -26297.21 -26351.62 446.30 2989.49
222.00 13.00 -26297.21 -26364.47 446.30 2989.49
223.00 14.00 -26269.92 -26269.92 442.83 2945.09
224.00 14.00 -26269.92 -26361.48 442.83 2945.09
225.00 14.00 -26269.92 -26276.41 442.83 2945.09
226.00 14.00 -26269.92 -26314.09 442.83 2945.09
227.00 14.00 -26269.92 -26302.45 442.83 2945.09
228.00 14.00 -26269.92 -26369.71 442.83 2945.09
229.00 14.00 -26269.92 -26303.52 442.83 2945.09
230.00 15.00 -26248.22 -26248.22 440.09 2905.44
231.00 15.00 -26248.22 -26266.33 440.09 2905.44
232.00 15.00 -26248.22 -26307.79 440.09 2905.44
233.00 15.00 -26248.22 -26274.82 440.09 2905.44
234.00 15.00 -26248.22 -26263.44 440.09 2905.44
235.00 16.00 -26236.59 -26236.59 438.63 2919.31
236.00 16.00 -26236.59 -26319.96 438.63 2919.31
237.00 16.00 -26236.59 -26349.09 438.63 2919.31
238.00 16.00 -26236.59 -26266.92 438.63 2919.31
239.00 16.00 -26236.59 -26386.23 438.63 2919.31
240.00 17.00 -26224.24 -26224.24 437.09 2956.91
241.00 18.00 -26206.13 -26206.13 434.83 2978.75
242.00 18.00 -26206.13 -26223.39 434.83 2978.75
243.00 18.00 -26206.13 -26247.63 434.83 2978.75
244.00 19.00 -26194.02 -26194.02 433.32 2962.17
245.00 19.00 -26194.02 -26251.48 433.32 2962.17
246.00 19.00 -26194.02 -26214.05 433.32 2962.17
247.00 19.00 -26194.02 -26226.04 433.32 2962.17
248.00 19.00 -26194.02 -26216.31 433.32 2962.17
249.00 19.00 -26194.02 -26266.31 433.32 2962.17
250.00 19.00 -26194.02 -26198.76 433.32 2962.17
251.00 19.00 -26194.02 -26231.09 433.32 2962.17
252.00 19.00 -26194.02 -26213.05 433.32 2962.17
253.00 19.00 -26194.02 -26260.32 433.32 2962.17
254.00 19.00 -26194.02 -26231.01 433.32 2962.17
255.00 20.00 -26175.83 -26175.83 431.08 2952.42
256.00 21.00 -26169.01 -26169.01 430.24 2949.19
257.00 21.00 -26169.01 -26173.45 430.24 2949.19
258.00 22.00 -26168.74 -26168.74 430.20 2940.05
259.00 22.00 -26168.74 -26250.15 430.20 2940.05
260.00 22.00 -26168.74 -26201.33 430.20 2940.05
261.00 23.00 -26151.23 -26151.23 428.05 2928.09
262.00 23.00 -26151.23 -26207.77 428.05 2928.09
263.00 23.00 -26151.23 -26231.40 428.05 2928.09
264.00 24.00 -26133.43 -26133.43 425.88 2958.07
265.00 24.00 -26133.43 -26224.90 425.88 2958.07
266.00 24.00 -26133.43 -26263.59 425.88 2958.07
267.00 24.00 -26133.43 -26166.44 425.88 2958.07
268.00 24.00 -26133.43 -26223.66 425.88 2958.07
269.00 24.00 -26133.43 -26178.78 425.88 2958.07
270.00 24.00 -26133.43 -26156.38 425.88 2958.07
271.00 24.00 -26133.43 -26219.88 425.88 2958.07
272.00 24.00 -26133.43 -26214.60 425.88 2958.07
273.00 24.00 -26133.43 -26243.86 425.88 2958.07
274.00 24.00 -26133.43 -26190.89 425.88 2958.07
275.00 24.00 -26133.43 -26212.49 425.88 2958.07
276.00 24.00 -26133.43 -26169.29 425.88 2958.07
277.00 24.00 -26133.43 -26266.44 425.88 2958.07
278.00 24.00 -26133.43 -26201.27 425.88 2958.07
279.00 24.00 -26133.43 -26208.03 425.88 2958.07
280.00 24.00 -26133.43 -26286.89 425.88 2958.07
281.00 24.00 -26133.43 -26183.65 425.88 2958.07
282.00 24.00 -26133.43 -26200.54 425.88 2958.07
283.00 24.00 -26133.43 -26248.61 425.88 2958.07
284.00 24.00 -26133.43 -26138.44 425.88 2958.07
285.00 24.00 -26133.43 -26207.49 425.88 2958.07
286.00 24.00 -26133.43 -26156.37 425.88 2958.07
287.00 24.00 -26133.43 -26185.65 425.88 2958.07
288.00 24.00 -26133.43 -26215.03 425.88 2958.07
289.00 24.00 -26133.43 -26225.96 425.88 2958.07
290.00 24.00 -26133.43 -26145.67 425.88 2958.07
291.00 24.00 -26133.43 -26240.19 425.88 2958.07
292.00 24.00 -26133.43 -26305.35 425.88 2958.07
293.00 24.00 -26133.43 -26255.04 425.88 2958.07
294.00 24.00 -26133.43 -26209.52 425.88 2958.07
295.00 24.00 -26133.43 -26279.20 425.88 2958.07
296.00 24.00 -26133.43 -26209.52 425.88 2958.07
297.00 24.00 -26133.43 -26235.14 425.88 2958.07
298.00 24.00 -26133.43 -26187.33 425.88 2958.07
299.00 24.00 -26133.43 -26229.03 425.88 2958.07
300.00 24.00 -26133.43 -26253.83 425.88 2958.07
301.00 24.00 -26133.43 -26237.57 425.88 2958.07
302.00 24.00 -26133.43 -26239.60 425.88 2958.07
303.00 24.00 -26133.43 -26149.11 425.88 2958.07
304.00 24.00 -26133.43 -26234.71 425.88 2958.07
305.00 24.00 -26133.43 -26164.80 425.88 2958.07
306.00 24.00 -26133.43 -26184.49 425.88 2958.07
307.00 24.00 -26133.43 -26145.76 425.88 2958.07
308.00 24.00 -26133.43 -26179.18 425.88 2958.07
309.00 24.00 -26133.43 -26172.07 425.88 2958.07
