0.00 0.00 -21717.96 -21771.09 1.00 1.00
1.00 1.00 -21620.62 -21620.62 453.85 2909.89
2.00 1.00 -21620.62 -21797.36 453.85 2909.89
3.00 1.00 -21620.62 -21699.38 453.85 2909.89
4.00 1.00 -21620.62 -21751.55 453.85 2909.89
5.00 1.00 -21620.62 -21665.64 453.85 2909.89
6.00 1.00 -21620.62 -21633.02 453.85 2909.89
7.00 1.00 -21620.62 -21670.75 453.85 2909.89
8.00 1.00 -21620.62 -21872.65 453.85 2909.89
9.00 1.00 -21620.62 -21684.44 453.85 2909.89
10.00 1.00 -21620.62 -21833.54 453.85 2909.89
11.00 1.00 -21620.62 -21643.10 453.85 2909.89
12.00 1.00 -21620.62 -21730.42 453.85 2909.89
13.00 2.00 -21617.82 -21617.82 453.40 2913.52
14.00 3.00 -21575.97 -21575.97 446.84 2910.45
15.00 3.00 -21575.97 -21587.83 446.84 2910.45
16.00 4.00 -21563.35 -21563.35 444.88 2920.42
17.00 4.00 -21563.35 -21613.67 444.88 2920.42
18.00 4.00 -21563.35 -21580.08 444.88 2920.42
19.00 4.00 -21563.35 -21593.90 444.88 2920.42
20.00 5.00 -21560.99 -21560.99 444.51 2940.67
21.00 6.00 -21531.98 -21531.98 440.04 2901.78
22.00 7.00 -21529.67 -21529.67 439.68 2948.45
23.00 7.00 -21529.67 -21548.49 439.68 2948.45
24.00 8.00 -21529.46 -21529.46 439.65 2913.62
25.00 9.00 -21513.74 -21513.74 437.25 2943.70
26.00 9.00 -21513.74 -21531.85 437.25 2943.70
27.00 9.00 -21513.74 -21521.85 437.25 2943.70
28.00 9.00 -21513.74 -21519.29 437.25 2943.70
29.00 9.00 -21513.74 -21534.02 437.25 2943.70
30.00 10.00 -21499.81 -21499.81 435.13 2947.15
31.00 11.00 -21465.10 -21465.10 429.90 2903.77
32.00 11.00 -21465.10 -21485.33 429.90 2903.77
33.00 11.00 -21465.10 -21565.66 429.90 2903.77
34.00 12.00 -21457.26 -21457.26 428.72 2928.33
35.00 12.00 -21457.26 -21505.30 428.72 2928.33
36.00 12.00 -21457.26 -21458.60 428.72 2928.33
37.00 12.00 -21457.26 -21522.21 428.72 2928.33
38.00 12.00 -21457.26 -21539.10 428.72 2928.33
39.00 12.00 -21457.26 -21518.06 428.72 2928.33
40.00 12.00 -21457.26 -21484.63 428.72 2928.33
41.00 12.00 -21457.26 -21509.32 428.72 2928.33
42.00 12.00 -21457.26 -21482.26 428.72 2928.33
43.00 12.00 -21457.26 -21492.98 428.72 2928.33
44.00 12.00 -21457.26 -21536.18 428.72 2928.33
45.00 12.00 -21457.26 -21496.18 428.72 2928.33
46.00 12.00 -21457.26 -21524.85 428.72 2928.33
47.00 12.00 -21457.26 -21541.32 428.72 2928.33
48.00 12.00 -21457.26 -21505.11 428.72 2928.33
49.00 12.00 -21457.26 -21508.18 428.72 2928.33
50.00 12.00 -21457.26 -21557.88 428.72 2928.33
51.00 12.00 -21457.26 -21536.46 428.72 2928.33
52.00 12.00 -21457.26 -21516.04 428.72 2928.33
53.00 12.00 -21457.26 -21525.82 428.72 2928.33
54.00 12.00 -21457.26 -21495.31 428.72 2928.33
55.00 12.00 -21457.26 -21491.75 428.72 2928.33
56.00 12.00 -21457.26 -21466.05 428.72 2928.33
57.00 12.00 -21457.26 -21515.38 428.72 2928.33
58.00 12.00 -21457.26 -21528.32 428.72 2928.33
59.00 12.00 -21457.26 -21557.11 428.72 2928.33
60.00 12.00 -21457.26 -21553.73 428.72 2928.33
61.00 12.00 -21457.26 -21517.63 428.72 2928.33
62.00 12.00 -21457.26 -21515.58 428.72 2928.33
63.00 12.00 -21457.26 -21559.55 428.72 2928.33
64.00 12.00 -21457.26 -21472.38 428.72 2928.33
65.00 12.00 -21457.26 -21527.33 428.72 2928.33
66.00 12.00 -21457.26 -21506.83 428.72 2928.33
67.00 12.00 -21457.26 -21564.68 428.72 2928.33
68.00 12.00 -21457.26 -21550.45 428.72 2928.33
69.00 12.00 -21457.26 -21574.79 428.72 2928.33
70.00 12.00 -21457.26 -21560.23 428.72 2928.33
71.00 12.00 -21457.26 -21475.78 428.72 2928.33
72.00 12.00 -21457.26 -21497.42 428.72 2928.33
73.00 12.00 -21457.26 -21577.60 428.72 2928.33
74.00 12.00 -21457.26 -21507.02 428.72 2928.33
75.00 12.00 -21457.26 -21492.29 428.72 2928.33
76.00 12.00 -21457.26 -21557.57 428.72 2928.33
77.00 12.00 -21457.26 -21502.22 428.72 2928.33
78.00 12.00 -21457.26 -21560.98 428.72 2928.33
79.00 12.00 -21457.26 -21529.30 428.72 2928.33
80.00 12.00 -21457.26 -21502.97 428.72 2928.33
81.00 12.00 -21457.26 -21496.94 428.72 2928.33
82.00 12.00 -21457.26 -21498.05 428.72 2928.33
83.00 12.00 -21457.26 -21483.82 428.72 2928.33
84.00 12.00 -21457.26 -21532.32 428.72 2928.33
85.00 12.00 -21457.26 -21585.27 428.72 2928.33
86.00 12.00 -21457.26 -21502.13 428.72 2928.33
87.00 13.00 -21455.92 -21455.92 428.52 2919.16
88.00 13.00 -21455.92 -21523.42 428.52 2919.16
89.00 13.00 -21455.92 -21473.81 428.52 2919.16
90.00 13.00 -21455.92 -21540.01 428.52 2919.16
91.00 13.00 -21455.92 -21513.14 428.52 2919.16
92.00 13.00 -21455.92 -21533.01 428.52 2919.16
93.00 13.00 -21455.92 -21571.06 428.52 2919.16
94.00 13.00 -21455.92 -21521.16 428.52 2919.16
95.00 13.00 -21455.92 -21504.40 428.52 2919.16
96.00 13.00 -21455.92 -21540.88 428.52 2919.16
97.00 13.00 -21455.92 -21490.48 428.52 2919.16
98.00 13.00 -21455.92 -21510.77 428.52 2919.16
99.00 13.00 -21455.92 -21549.74 428.52 2919.16
100.00 13.00 -21455.92 -21515.05 428.52 2919.16
101.00 13.00 -21455.92 -21539.42 428.52 2919.16
102.00 13.00 -21455.92 -21499.14 428.52 2919.16
103.00 13.00 -21455.92 -21570.71 428.52 2919.16
104.00 13.00 -21455.92 -21478.01 428.52 2919.16
105.00 13.00 -21455.92 -21473.48 428.52 2919.16
106.00 13.00 -21455.92 -21477.22 428.52 2919.16
107.00 13.00 -21455.92 -21481.38 428.52 2919.16
108.00 13.00 -21455.92 -21521.33 428.52 2919.16
109.00 13.00 -21455.92 -21533.10 428.52 2919.16
110.00 13.00 -21455.92 -21561.93 428.52 2919.16
111.00 13.00 -21455.92 -21557.09 428.52 2919.16
112.00 13.00 -21455.92 -21510.82 428.52 2919.16
113.00 13.00 -21455.92 -21499.84 428.52 2919.16
114.00 13.00 -21455.92 -21497.64 428.52 2919.16
115.00 13.00 -21455.92 -21522.00 428.52 2919.16
116.00 13.00 -21455.92 -21498.45 428.52 2919.16
117.00 13.00 -21455.92 -21481.56 428.52 2919.16
118.00 13.00 -21455.92 -21501.25 428.52 2919.16
119.00 13.00 -21455.92 -21463.24 428.52 2919.16
120.00 13.00 -21455.92 -21489.54 428.52 2919.16
121.00 13.00 -21455.92 -21517.32 428.52 2919.16
122.00 13.00 -21455.92 -21502.83 428.52 2919.16
123.00 13.00 -21455.92 -21561.29 428.52 2919.16
124.00 13.00 -21455.92 -21497.10 428.52 2919.16
125.00 13.00 -21455.92 -21549.67 428.52 2919.16
126.00 13.00 -21455.92 -21493.51 428.52 2919.16
127.00 13.00 -21455.92 -21515.59 428.52 2919.16
128.00 13.00 -21455.92 -21558.77 428.52 2919.16
129.00 13.00 -21455.92 -21497.56 428.52 2919.16
130.00 13.00 -21455.92 -21515.60 428.52 2919.16
131.00 13.00 -21455.92 -21484.06 428.52 2919.16
132.00 13.00 -21455.92 -21525.45 428.52 2919.16
133.00 13.00 -21455.92 -21522.67 428.52 2919.16
134.00 13.00 -21455.92 -21515.35 428.52 2919.16
135.00 13.00 -21455.92 -21477.95 428.52 2919.16
136.00 13.00 -21455.92 -21589.06 428.52 2919.16
137.00 13.00 -21455.92 -21526.45 428.52 2919.16
138.00 13.00 -21455.92 -21529.92 428.52 2919.16
139.00 13.00 -21455.92 -21481.57 428.52 2919.16
140.00 13.00 -21455.92 -21486.87 428.52 2919.16
141.00 13.00 -21455.92 -21468.04 428.52 2919.16
142.00 13.00 -21455.92 -21503.63 428.52 2919.16
143.00 13.00 -21455.92 -21521.17 428.52 2919.16
144.00 13.00 -21455.92 -21539.79 428.52 2919.16
145.00 13.00 -21455.92 -21553.40 428.52 2919.16
146.00 13.00 -21455.92 -21490.77 428.52 2919.16
147.00 13.00 -21455.92 -21559.99 428.52 2919.16
148.00 13.00 -21455.92 -21508.71 428.52 2919.16
149.00 13.00 -21455.92 -21543.72 428.52 2919.16
150.00 13.00 -21455.92 -21523.79 428.52 2919.16
151.00 13.00 -21455.92 -21497.33 428.52 2919.16
152.00 13.00 -21455.92 -21513.31 428.52 2919.16
153.00 13.00 -21455.92 -21479.08 428.52 2919.16
154.00 13.00 -21455.92 -21517.68 428.52 2919.16
155.00 13.00 -21455.92 -21471.07 428.52 2919.16
156.00 13.00 -21455.92 -21475.97 428.52 2919.16
157.00 13.00 -21455.92 -21471.05 428.52 2919.16
158.00 13.00 -21455.92 -21495.00 428.52 2919.16
159.00 13.00 -21455.92 -21465.68 428.52 2919.16
160.00 13.00 -21455.92 -21538.85 428.52 2919.16
161.00 13.00 -21455.92 -21488.67 428.52 2919.16
162.00 13.00 -21455.92 -21523.97 428.52 2919.16
163.00 13.00 -21455.92 -21498.64 428.52 2919.16
164.00 13.00 -21455.92 -21515.85 428.52 2919.16
165.00 13.00 -21455.92 -21480.13 428.52 2919.16
166.00 13.00 -21455.92 -21516.64 428.52 2919.16
167.00 13.00 -21455.92 -21537.76 428.52 2919.16
168.00 13.00 -21455.92 -21535.48 428.52 2919.16
169.00 13.00 -21455.92 -21498.48 428.52 2919.16
170.00 13.00 -21455.92 -21486.22 428.52 2919.16
171.00 13.00 -21455.92 -21514.96 428.52 2919.16
172.00 13.00 -21455.92 -21477.03 428.52 2919.16
173.00 13.00 -21455.92 -21555.44 428.52 2919.16
174.00 13.00 -21455.92 -21522.13 428.52 2919.16
175.00 13.00 -21455.92 -21500.86 428.52 2919.16
176.00 13.00 -21455.92 -21462.34 428.52 2919.16
177.00 13.00 -21455.92 -21494.66 428.52 2919.16
178.00 13.00 -21455.92 -21511.67 428.52 2919.16
179.00 13.00 -21455.92 -21488.39 428.52 2919.16
180.00 13.00 -21455.92 -21518.20 428.52 2919.16
181.00 13.00 -21455.92 -21525.09 428.52 2919.16
182.00 13.00 -21455.92 -21522.71 428.52 2919.16
183.00 13.00 -21455.92 -21569.44 428.52 2919.16
184.00 13.00 -21455.92 -21489.43 428.52 2919.16
185.00 13.00 -21455.92 -21507.78 428.52 2919.16
186.00 13.00 -21455.92 -21502.32 428.52 2919.16
187.00 13.00 -21455.92 -21525.34 428.52 2919.16
188.00 13.00 -21455.92 -21517.16 428.52 2919.16
189.00 13.00 -21455.92 -21504.65 428.52 2919.16
190.00 13.00 -21455.92 -21476.83 428.52 2919.16
191.00 13.00 -21455.92 -21475.23 428.52 2919.16
192.00 13.00 -21455.92 -21494.38 428.52 2919.16
193.00 13.00 -21455.92 -21528.28 428.52 2919.16
194.00 13.00 -21455.92 -21532.70 428.52 2919.16
195.00 13.00 -21455.92 -21497.23 428.52 2919.16
196.00 13.00 -21455.92 -21510.39 428.52 2919.16
197.00 14.00 -21451.92 -21451.92 427.93 2908.99
198.00 14.00 -21451.92 -21506.70 427.93 2908.99
199.00 14.00 -21451.92 -21553.77 427.93 2908.99
200.00 14.00 -21451.92 -21502.54 427.93 2908.99
201.00 14.00 -21451.92 -21491.36 427.93 2908.99
202.00 14.00 -21451.92 -21490.71 427.93 2908.99
203.00 14.00 -21451.92 -21512.23 427.93 2908.99
204.00 14.00 -21451.92 -21509.05 427.93 2908.99
205.00 14.00 -21451.92 -21596.77 427.93 2908.99
206.00 14.00 -21451.92 -21505.75 427.93 2908.99
207.00 14.00 -21451.92 -21494.46 427.93 2908.99
208.00 14.00 -21451.92 -21472.17 427.93 2908.99
209.00 14.00 -21451.92 -21616.53 427.93 2908.99
210.00 14.00 -21451.92 -21499.37 427.93 2908.99
211.00 14.00 -21451.92 -21536.73 427.93 2908.99
212.00 14.00 -21451.92 -21519.64 427.93 2908.99
213.00 14.00 -21451.92 -21557.68 427.93 2908.99
214.00 14.00 -21451.92 -21519.78 427.93 2908.99
215.00 14.00 -21451.92 -21465.22 427.93 2908.99
216.00 14.00 -21451.92 -21497.41 427.93 2908.99
217.00 14.00 -21451.92 -21538.70 427.93 2908.99
218.00 15.00 -26212.75 -26212.75 435.65 2910.13
219.00 15.00 -26212.75 -26231.97 435.65 2910.13
220.00 16.00 -26195.07 -26195.07 433.46 2918.95
221.00 16.00 -26195.07 -26198.65 433.46 2918.95
222.00 16.00 -26195.07 -26227.33 433.46 2918.95
223.00 16.00 -26195.07 -26205.80 433.46 2918.95
224.00 17.00 -26182.67 -26182.67 431.92 2906.51
225.00 18.00 -26166.18 -26166.18 429.89 2877.43
226.00 18.00 -26166.18 -26199.78 429.89 2877.43
227.00 18.00 -26166.18 -26191.72 429.89 2877.43
228.00 18.00 -26166.18 -26242.59 429.89 2877.43
229.00 18.00 -26166.18 -26257.57 429.89 2877.43
230.00 18.00 -26166.18 -26230.73 429.89 2877.43
231.00 18.00 -26166.18 -26181.33 429.89 2877.43
232.00 18.00 -26166.18 -26197.20 429.89 2877.43
233.00 18.00 -26166.18 -26243.92 429.89 2877.43
234.00 18.00 -26166.18 -26182.59 429.89 2877.43
235.00 18.00 -26166.18 -26257.38 429.89 2877.43
236.00 19.00 -26159.15 -26159.15 429.03 2872.85
237.00 19.00 -26159.15 -26322.73 429.03 2872.85
238.00 19.00 -26159.15 -26425.44 429.03 2872.85
239.00 19.00 -26159.15 -26286.76 429.03 2872.85
240.00 19.00 -26159.15 -26366.68 429.03 2872.85
241.00 19.00 -26159.15 -26280.61 429.03 2872.85
242.00 19.00 -26159.15 -26232.29 429.03 2872.85
243.00 19.00 -26159.15 -26266.81 429.03 2872.85
244.00 19.00 -26159.15 -26246.59 429.03 2872.85
245.00 19.00 -26159.15 -26366.21 429.03 2872.85
246.00 19.00 -26159.15 -26344.49 429.03 2872.85
247.00 19.00 -26159.15 -26247.80 429.03 2872.85
248.00 19.00 -26159.15 -26287.25 429.03 2872.85
249.00 19.00 -26159.15 -26278.32 429.03 2872.85
250.00 19.00 -26159.15 -26212.19 429.03 2872.85
251.00 19.00 -26159.15 -26313.64 429.03 2872.85
252.00 19.00 -26159.15 -26277.90 429.03 2872.85
253.00 19.00 -26159.15 -26227.78 429.03 2872.85
254.00 19.00 -26159.15 -26296.58 429.03 2872.85
255.00 19.00 -26159.15 -26254.04 429.03 2872.85
256.00 19.00 -26159.15 -26279.21 429.03 2872.85
257.00 19.00 -26159.15 -26209.31 429.03 2872.85
258.00 19.00 -26159.15 -26275.48 429.03 2872.85
259.00 19.00 -26159.15 -26248.09 429.03 2872.85
260.00 19.00 -26159.15 -26229.84 429.03 2872.85
261.00 19.00 -26159.15 -26261.91 429.03 2872.85
262.00 19.00 -26159.15 -26305.59 429.03 2872.85
263.00 19.00 -26159.15 -26291.80 429.03 2872.85
264.00 19.00 -26159.15 -26273.36 429.03 2872.85
265.00 19.00 -26159.15 -26265.03 429.03 2872.85
266.00 19.00 -26159.15 -26290.87 429.03 2872.85
267.00 19.00 -26159.15 -26253.94 429.03 2872.85
268.00 19.00 -26159.15 -26254.42 429.03 2872.85
269.00 19.00 -26159.15 -26205.54 429.03 2872.85
270.00 19.00 -26159.15 -26276.48 429.03 2872.85
271.00 19.00 -26159.15 -26258.23 429.03 2872.85
272.00 19.00 -26159.15 -26261.51 429.03 2872.85
273.00 19.00 -26159.15 -26166.76 429.03 2872.85
274.00 19.00 -26159.15 -26241.61 429.03 2872.85
275.00 19.00 -26159.15 -26331.28 429.03 2872.85
276.00 19.00 -26159.15 -26281.77 429.03 2872.85
277.00 19.00 -26159.15 -26273.57 429.03 2872.85
278.00 19.00 -26159.15 -26327.47 429.03 2872.85
279.00 19.00 -26159.15 -26294.46 429.03 2872.85
280.00 19.00 -26159.15 -26333.95 429.03 2872.85
281.00 19.00 -26159.15 -26241.04 429.03 2872.85
282.00 19.00 -26159.15 -26194.99 429.03 2872.85
283.00 19.00 -26159.15 -26401.11 429.03 2872.85
284.00 19.00 -26159.15 -26267.21 429.03 2872.85
285.00 19.00 -26159.15 -26296.63 429.03 2872.85
286.00 19.00 -26159.15 -26287.24 429.03 2872.85
287.00 19.00 -26159.15 -26261.27 429.03 2872.85
288.00 19.00 -26159.15 -26226.84 429.03 2872.85
289.00 19.00 -26159.15 -26301.69 429.03 2872.85
290.00 19.00 -26159.15 -26241.55 429.03 2872.85
291.00 19.00 -26159.15 -26355.05 429.03 2872.85
292.00 19.00 -26159.15 -26277.81 429.03 2872.85
293.00 19.00 -26159.15 -26419.72 429.03 2872.85
294.00 19.00 -26159.15 -26354.55 429.03 2872.85
295.00 19.00 -26159.15 -26229.13 429.03 2872.85
296.00 19.00 -26159.15 -26283.85 429.03 2872.85
297.00 19.00 -26159.15 -26314.89 429.03 2872.85
298.00 19.00 -26159.15 -26280.08 429.03 2872.85
299.00 19.00 -26159.15 -26239.09 429.03 2872.85
300.00 19.00 -26159.15 -26239.26 429.03 2872.85
301.00 19.00 -26159.15 -26268.70 429.03 2872.85
302.00 19.00 -26159.15 -26450.88 429.03 2872.85
303.00 19.00 -26159.15 -26191.35 429.03 2872.85
304.00 19.00 -26159.15 -26334.59 429.03 2872.85
305.00 19.00 -26159.15 -26275.85 429.03 2872.85
306.00 19.00 -26159.15 -26260.86 429.03 2872.85
307.00 20.00 -26081.38 -26081.38 419.59 2903.15
308.00 20.00 -26081.38 -26116.91 419.59 2903.15
309.00 20.00 -26081.38 -26115.03 419.59 2903.15
310.00 20.00 -26081.38 -26145.68 419.59 2903.15
311.00 20.00 -26081.38 -26159.11 419.59 2903.15
312.00 20.00 -26081.38 -26224.67 419.59 2903.15
