0.00 1.00 -23810.89 -23810.89 445.30 2930.75
1.00 1.00 -23810.89 -23864.73 445.30 2930.75
2.00 1.00 -23810.89 -23853.41 445.30 2930.75
3.00 1.00 -23810.89 -23931.75 445.30 2930.75
4.00 1.00 -23810.89 -23840.69 445.30 2930.75
5.00 1.00 -23810.89 -23887.78 445.30 2930.75
6.00 1.00 -23810.89 -23900.39 445.30 2930.75
7.00 1.00 -23810.89 -23939.97 445.30 2930.75
8.00 1.00 -23810.89 -23882.08 445.30 2930.75
9.00 1.00 -23810.89 -23846.27 445.30 2930.75
10.00 1.00 -23810.89 -23828.48 445.30 2930.75
11.00 1.00 -23810.89 -23833.55 445.30 2930.75
12.00 1.00 -23810.89 -23843.79 445.30 2930.75
13.00 1.00 -23810.89 -23907.83 445.30 2930.75
14.00 1.00 -23810.89 -23883.20 445.30 2930.75
15.00 1.00 -23810.89 -23911.06 445.30 2930.75
16.00 1.00 -23810.89 -23904.58 445.30 2930.75
17.00 1.00 -23810.89 -23880.66 445.30 2930.75
18.00 1.00 -23810.89 -23928.38 445.30 2930.75
19.00 1.00 -23810.89 -23923.37 445.30 2930.75
20.00 1.00 -23810.89 -23863.38 445.30 2930.75
21.00 1.00 -23810.89 -23934.36 445.30 2930.75
22.00 1.00 -23810.89 -23903.52 445.30 2930.75
23.00 1.00 -23810.89 -23827.15 445.30 2930.75
24.00 1.00 -23810.89 -23879.05 445.30 2930.75
25.00 1.00 -23810.89 -23890.61 445.30 2930.75
26.00 1.00 -23810.89 -23915.54 445.30 2930.75
27.00 1.00 -23810.89 -23947.67 445.30 2930.75
28.00 1.00 -23810.89 -23835.61 445.30 2930.75
29.00 1.00 -23810.89 -23943.51 445.30 2930.75
30.00 1.00 -23810.89 -23812.30 445.30 2930.75
31.00 2.00 -23776.37 -23776.37 440.47 2939.21
32.00 2.00 -23776.37 -23806.50 440.47 2939.21
33.00 2.00 -23776.37 -23804.25 440.47 2939.21
34.00 2.00 -23776.37 -23842.18 440.47 2939.21
35.00 2.00 -23776.37 -23832.16 440.47 2939.21
36.00 2.00 -23776.37 -23781.84 440.47 2939.21
37.00 2.00 -23776.37 -23857.06 440.47 2939.21
38.00 2.00 -23776.37 -23878.78 440.47 2939.21
39.00 2.00 -23776.37 -23846.29 440.47 2939.21
40.00 2.00 -23776.37 -23902.05 440.47 2939.21
41.00 2.00 -23776.37 -23895.60 440.47 2939.21
42.00 2.00 -23776.37 -23815.38 440.47 2939.21
43.00 2.00 -23776.37 -23902.42 440.47 2939.21
44.00 2.00 -23776.37 -23801.68 440.47 2939.21
45.00 2.00 -23776.37 -23855.74 440.47 2939.21
46.00 2.00 -23776.37 -23915.84 440.47 2939.21
47.00 2.00 -23776.37 -23846.22 440.47 2939.21
48.00 2.00 -23776.37 -23839.20 440.47 2939.21
49.00 2.00 -23776.37 -23823.22 440.47 2939.21
50.00 2.00 -23776.37 -23913.53 440.47 2939.21
51.00 2.00 -23776.37 -23808.11 440.47 2939.21
52.00 2.00 -23776.37 -23921.84 440.47 2939.21
53.00 2.00 -23776.37 -23846.50 440.47 2939.21
54.00 2.00 -23776.37 -23829.46 440.47 2939.21
55.00 2.00 -23776.37 -23839.47 440.47 2939.21
56.00 2.00 -23776.37 -23825.51 440.47 2939.21
57.00 2.00 -23776.37 -23815.54 440.47 2939.21
58.00 2.00 -23776.37 -23832.43 440.47 2939.21
59.00 2.00 -23776.37 -23841.90 440.47 2939.21
60.00 2.00 -23776.37 -23856.55 440.47 2939.21
61.00 2.00 -23776.37 -23829.71 440.47 2939.21
62.00 2.00 -23776.37 -23846.36 440.47 2939.21
63.00 2.00 -23776.37 -23835.12 440.47 2939.21
64.00 2.00 -23776.37 -23855.77 440.47 2939.21
65.00 2.00 -23776.37 -23936.16 440.47 2939.21
66.00 2.00 -23776.37 -23887.37 440.47 2939.21
67.00 2.00 -23776.37 -23863.04 440.47 2939.21
68.00 2.00 -23776.37 -23781.98 440.47 2939.21
69.00 2.00 -23776.37 -23862.79 440.47 2939.21
70.00 2.00 -23776.37 -23858.84 440.47 2939.21
71.00 2.00 -23776.37 -23797.37 440.47 2939.21
72.00 2.00 -23776.37 -23862.86 440.47 2939.21
73.00 2.00 -23776.37 -23837.23 440.47 2939.21
74.00 2.00 -23776.37 -23862.18 440.47 2939.21
75.00 2.00 -23776.37 -23907.74 440.47 2939.21
76.00 2.00 -23776.37 -23811.04 440.47 2939.21
77.00 2.00 -23776.37 -23913.84 440.47 2939.21
78.00 2.00 -23776.37 -23783.15 440.47 2939.21
79.00 3.00 -23775.95 -23775.95 440.42 2921.56
80.00 3.00 -23775.95 -23824.91 440.42 2921.56
81.00 3.00 -23775.95 -23954.25 440.42 2921.56
82.00 4.00 -23772.70 -23772.70 439.96 2933.29
83.00 5.00 -23718.97 -23718.97 432.56 2921.61
84.00 5.00 -23718.97 -23820.50 432.56 2921.61
85.00 5.00 -23718.97 -23821.74 432.56 2921.61
86.00 5.00 -23718.97 -23722.48 432.56 2921.61
87.00 5.00 -23718.97 -23782.65 432.56 2921.61
88.00 5.00 -23718.97 -23798.19 432.56 2921.61
89.00 5.00 -23718.97 -23765.52 432.56 2921.61
90.00 5.00 -23718.97 -23807.41 432.56 2921.61
91.00 6.00 -23704.85 -23704.85 430.64 2943.69
92.00 6.00 -23704.85 -23782.79 430.64 2943.69
93.00 6.00 -23704.85 -23767.98 430.64 2943.69
94.00 6.00 -23704.85 -23724.06 430.64 2943.69
95.00 6.00 -23704.85 -23806.97 430.64 2943.69
96.00 6.00 -23704.85 -23760.19 430.64 2943.69
97.00 6.00 -23704.85 -23833.21 430.64 2943.69
98.00 6.00 -23704.85 -23779.58 430.64 2943.69
99.00 6.00 -23704.85 -23814.07 430.64 2943.69
100.00 6.00 -23704.85 -23862.08 430.64 2943.69
101.00 6.00 -23704.85 -23767.21 430.64 2943.69
102.00 6.00 -23704.85 -23795.44 430.64 2943.69
103.00 6.00 -23704.85 -23762.91 430.64 2943.69
104.00 6.00 -23704.85 -23813.60 430.64 2943.69
105.00 6.00 -23704.85 -23735.68 430.64 2943.69
106.00 6.00 -23704.85 -23807.81 430.64 2943.69
107.00 6.00 -23704.85 -23823.17 430.64 2943.69
108.00 6.00 -23704.85 -23744.52 430.64 2943.69
109.00 6.00 -23704.85 -23797.70 430.64 2943.69
110.00 6.00 -23704.85 -23736.31 430.64 2943.69
111.00 6.00 -23704.85 -23742.32 430.64 2943.69
112.00 6.00 -23704.85 -23734.98 430.64 2943.69
113.00 6.00 -23704.85 -23802.15 430.64 2943.69
114.00 6.00 -23704.85 -23787.98 430.64 2943.69
115.00 6.00 -23704.85 -23820.06 430.64 2943.69
116.00 6.00 -23704.85 -23750.44 430.64 2943.69
117.00 6.00 -23704.85 -23825.08 430.64 2943.69
118.00 6.00 -23704.85 -23785.27 430.64 2943.69
119.00 6.00 -23704.85 -23743.62 430.64 2943.69
120.00 6.00 -23704.85 -23747.67 430.64 2943.69
121.00 6.00 -23704.85 -23714.68 430.64 2943.69
122.00 6.00 -23704.85 -23771.00 430.64 2943.69
123.00 6.00 -23704.85 -23778.11 430.64 2943.69
124.00 6.00 -23704.85 -23790.85 430.64 2943.69
125.00 6.00 -23704.85 -23758.27 430.64 2943.69
126.00 6.00 -23704.85 -23755.96 430.64 2943.69
127.00 6.00 -23704.85 -23798.99 430.64 2943.69
128.00 6.00 -23704.85 -23785.84 430.64 2943.69
129.00 6.00 -23704.85 -23849.27 430.64 2943.69
130.00 6.00 -23704.85 -23751.70 430.64 2943.69
131.00 6.00 -23704.85 -23813.09 430.64 2943.69
132.00 6.00 -23704.85 -23770.62 430.64 2943.69
133.00 6.00 -23704.85 -23786.40 430.64 2943.69
134.00 6.00 -23704.85 -23785.13 430.64 2943.69
135.00 6.00 -23704.85 -23817.99 430.64 2943.69
136.00 6.00 -23704.85 -23779.86 430.64 2943.69
137.00 6.00 -23704.85 -23799.83 430.64 2943.69
138.00 6.00 -23704.85 -23831.73 430.64 2943.69
139.00 6.00 -23704.85 -23738.62 430.64 2943.69
140.00 6.00 -23704.85 -23724.73 430.64 2943.69
141.00 6.00 -23704.85 -23771.32 430.64 2943.69
142.00 6.00 -23704.85 -23727.01 430.64 2943.69
143.00 6.00 -23704.85 -23759.96 430.64 2943.69
144.00 6.00 -23704.85 -23761.40 430.64 2943.69
145.00 6.00 -23704.85 -23829.19 430.64 2943.69
146.00 6.00 -23704.85 -23745.14 430.64 2943.69
147.00 6.00 -23704.85 -23736.62 430.64 2943.69
148.00 6.00 -23704.85 -23766.45 430.64 2943.69
149.00 6.00 -23704.85 -23773.11 430.64 2943.69
150.00 6.00 -23704.85 -23755.93 430.64 2943.69
151.00 6.00 -23704.85 -23734.01 430.64 2943.69
152.00 6.00 -23704.85 -23766.92 430.64 2943.69
153.00 6.00 -23704.85 -23751.17 430.64 2943.69
154.00 6.00 -23704.85 -23788.79 430.64 2943.69
155.00 6.00 -23704.85 -23790.03 430.64 2943.69
156.00 6.00 -23704.85 -23751.57 430.64 2943.69
157.00 6.00 -23704.85 -23749.94 430.64 2943.69
158.00 6.00 -23704.85 -23780.45 430.64 2943.69
159.00 6.00 -23704.85 -23752.83 430.64 2943.69
160.00 6.00 -23704.85 -23786.61 430.64 2943.69
161.00 6.00 -23704.85 -23729.07 430.64 2943.69
162.00 6.00 -23704.85 -23838.48 430.64 2943.69
163.00 6.00 -23704.85 -23790.32 430.64 2943.69
164.00 6.00 -23704.85 -23720.24 430.64 2943.69
165.00 6.00 -23704.85 -23718.05 430.64 2943.69
166.00 6.00 -23704.85 -23757.31 430.64 2943.69
167.00 6.00 -23704.85 -23737.93 430.64 2943.69
168.00 6.00 -23704.85 -23715.42 430.64 2943.69
169.00 6.00 -23704.85 -23789.77 430.64 2943.69
170.00 6.00 -23704.85 -23757.38 430.64 2943.69
171.00 6.00 -23704.85 -23758.18 430.64 2943.69
172.00 6.00 -23704.85 -23808.26 430.64 2943.69
173.00 6.00 -23704.85 -23783.99 430.64 2943.69
174.00 6.00 -23704.85 -23812.12 430.64 2943.69
175.00 6.00 -23704.85 -23743.90 430.64 2943.69
176.00 6.00 -23704.85 -23843.90 430.64 2943.69
177.00 6.00 -23704.85 -23761.36 430.64 2943.69
178.00 6.00 -23704.85 -23765.71 430.64 2943.69
179.00 6.00 -23704.85 -23748.42 430.64 2943.69
180.00 6.00 -23704.85 -23756.83 430.64 2943.69
181.00 6.00 -23704.85 -23747.26 430.64 2943.69
182.00 6.00 -23704.85 -23805.09 430.64 2943.69
183.00 6.00 -23704.85 -23829.67 430.64 2943.69
184.00 6.00 -23704.85 -23801.40 430.64 2943.69
185.00 6.00 -23704.85 -23792.27 430.64 2943.69
186.00 6.00 -23704.85 -23830.57 430.64 2943.69
187.00 6.00 -23704.85 -23744.36 430.64 2943.69
188.00 6.00 -23704.85 -23784.41 430.64 2943.69
189.00 6.00 -23704.85 -23759.15 430.64 2943.69
190.00 6.00 -23704.85 -23821.44 430.64 2943.69
191.00 6.00 -23704.85 -23747.96 430.64 2943.69
192.00 6.00 -23704.85 -23809.85 430.64 2943.69
193.00 6.00 -23704.85 -23773.41 430.64 2943.69
194.00 6.00 -23704.85 -23769.59 430.64 2943.69
195.00 6.00 -23704.85 -23813.21 430.64 2943.69
196.00 6.00 -23704.85 -23718.12 430.64 2943.69
197.00 6.00 -23704.85 -23792.52 430.64 2943.69
198.00 6.00 -23704.85 -23770.47 430.64 2943.69
199.00 6.00 -23704.85 -23770.00 430.64 2943.69
200.00 6.00 -23704.85 -23869.95 430.64 2943.69
201.00 6.00 -23704.85 -23754.39 430.64 2943.69
202.00 6.00 -23704.85 -23743.14 430.64 2943.69
203.00 6.00 -23704.85 -23770.52 430.64 2943.69
204.00 6.00 -23704.85 -23731.33 430.64 2943.69
205.00 6.00 -23704.85 -23758.21 430.64 2943.69
206.00 6.00 -23704.85 -23771.63 430.64 2943.69
207.00 6.00 -23704.85 -23782.46 430.64 2943.69
208.00 6.00 -23704.85 -23814.77 430.64 2943.69
209.00 6.00 -23704.85 -23808.93 430.64 2943.69
210.00 6.00 -23704.85 -23784.53 430.64 2943.69
211.00 6.00 -23704.85 -23721.61 430.64 2943.69
212.00 6.00 -23704.85 -23763.33 430.64 2943.69
213.00 6.00 -23704.85 -23744.85 430.64 2943.69
214.00 6.00 -23704.85 -23770.55 430.64 2943.69
215.00 6.00 -23704.85 -23775.53 430.64 2943.69
216.00 6.00 -23704.85 -23814.81 430.64 2943.69
217.00 6.00 -23704.85 -23778.15 430.64 2943.69
218.00 7.00 -26238.33 -26238.33 438.85 2925.16
219.00 7.00 -26238.33 -26336.24 438.85 2925.16
220.00 7.00 -26238.33 -26321.35 438.85 2925.16
221.00 7.00 -26238.33 -26265.40 438.85 2925.16
222.00 7.00 -26238.33 -26264.25 438.85 2925.16
223.00 8.00 -26228.57 -26228.57 437.63 2915.78
224.00 8.00 -26228.57 -26279.78 437.63 2915.78
225.00 8.00 -26228.57 -26242.13 437.63 2915.78
226.00 8.00 -26228.57 -26273.51 437.63 2915.78
227.00 8.00 -26228.57 -26274.09 437.63 2915.78
228.00 8.00 -26228.57 -26247.58 437.63 2915.78
229.00 8.00 -26228.57 -26368.23 437.63 2915.78
230.00 8.00 -26228.57 -26247.06 437.63 2915.78
231.00 9.00 -26218.05 -26218.05 436.31 2924.90
232.00 9.00 -26218.05 -26295.95 436.31 2924.90
233.00 9.00 -26218.05 -26282.35 436.31 2924.90
234.00 9.00 -26218.05 -26228.52 436.31 2924.90
235.00 10.00 -26206.19 -26206.19 434.83 2922.42
236.00 10.00 -26206.19 -26249.41 434.83 2922.42
237.00 10.00 -26206.19 -26311.03 434.83 2922.42
238.00 10.00 -26206.19 -26214.92 434.83 2922.42
239.00 10.00 -26206.19 -26313.38 434.83 2922.42
240.00 10.00 -26206.19 -26275.36 434.83 2922.42
241.00 10.00 -26206.19 -26294.43 434.83 2922.42
242.00 10.00 -26206.19 -26207.91 434.83 2922.42
243.00 10.00 -26206.19 -26273.51 434.83 2922.42
244.00 10.00 -26206.19 -26267.35 434.83 2922.42
245.00 10.00 -26206.19 -26244.30 434.83 2922.42
246.00 10.00 -26206.19 -26250.91 434.83 2922.42
247.00 10.00 -26206.19 -26253.37 434.83 2922.42
248.00 10.00 -26206.19 -26239.88 434.83 2922.42
249.00 10.00 -26206.19 -26297.34 434.83 2922.42
250.00 10.00 -26206.19 -26222.53 434.83 2922.42
251.00 10.00 -26206.19 -26259.94 434.83 2922.42
252.00 10.00 -26206.19 -26299.19 434.83 2922.42
253.00 10.00 -26206.19 -26310.74 434.83 2922.42
254.00 10.00 -26206.19 -26333.31 434.83 2922.42
255.00 10.00 -26206.19 -26331.93 434.83 2922.42
256.00 10.00 -26206.19 -26310.33 434.83 2922.42
257.00 10.00 -26206.19 -26240.93 434.83 2922.42
258.00 10.00 -26206.19 -26316.67 434.83 2922.42
259.00 10.00 -26206.19 -26314.59 434.83 2922.42
260.00 10.00 -26206.19 -26300.88 434.83 2922.42
261.00 10.00 -26206.19 -26277.92 434.83 2922.42
262.00 10.00 -26206.19 -26276.86 434.83 2922.42
263.00 10.00 -26206.19 -26286.65 434.83 2922.42
264.00 10.00 -26206.19 -26325.94 434.83 2922.42
265.00 10.00 -26206.19 -26299.54 434.83 2922.42
266.00 10.00 -26206.19 -26259.55 434.83 2922.42
267.00 10.00 -26206.19 -26262.57 434.83 2922.42
268.00 10.00 -26206.19 -26257.06 434.83 2922.42
269.00 10.00 -26206.19 -26229.07 434.83 2922.42
270.00 10.00 -26206.19 -26208.79 434.83 2922.42
271.00 10.00 -26206.19 -26307.25 434.83 2922.42
272.00 10.00 -26206.19 -26274.15 434.83 2922.42
273.00 10.00 -26206.19 -26272.83 434.83 2922.42
274.00 10.00 -26206.19 -26277.70 434.83 2922.42
275.00 10.00 -26206.19 -26280.26 434.83 2922.42
276.00 10.00 -26206.19 -26226.06 434.83 2922.42
277.00 10.00 -26206.19 -26299.13 434.83 2922.42
278.00 10.00 -26206.19 -26315.54 434.83 2922.42
279.00 10.00 -26206.19 -26273.71 434.83 2922.42
280.00 10.00 -26206.19 -26271.01 434.83 2922.42
281.00 10.00 -26206.19 -26267.35 434.83 2922.42
282.00 10.00 -26206.19 -26267.56 434.83 2922.42
283.00 11.00 -26203.09 -26203.09 434.45 2922.61
284.00 12.00 -26199.49 -26199.49 434.00 2932.89
285.00 12.00 -26199.49 -26333.43 434.00 2932.89
286.00 12.00 -26199.49 -26307.59 434.00 2932.89
287.00 12.00 -26199.49 -26233.94 434.00 2932.89
288.00 12.00 -26199.49 -26245.58 434.00 2932.89
289.00 12.00 -26199.49 -26234.75 434.00 2932.89
290.00 12.00 -26199.49 -26323.93 434.00 2932.89
291.00 12.00 -26199.49 -26215.16 434.00 2932.89
292.00 12.00 -26199.49 -26302.19 434.00 2932.89
293.00 12.00 -26199.49 -26255.66 434.00 2932.89
294.00 12.00 -26199.49 -26208.93 434.00 2932.89
295.00 12.00 -26199.49 -26330.30 434.00 2932.89
296.00 12.00 -26199.49 -26273.87 434.00 2932.89
297.00 12.00 -26199.49 -26212.39 434.00 2932.89
298.00 12.00 -26199.49 -26254.67 434.00 2932.89
299.00 12.00 -26199.49 -26294.54 434.00 2932.89
300.00 12.00 -26199.49 -26252.74 434.00 2932.89
301.00 12.00 -26199.49 -26285.86 434.00 2932.89
302.00 12.00 -26199.49 -26261.54 434.00 2932.89
303.00 12.00 -26199.49 -26287.98 434.00 2932.89
304.00 12.00 -26199.49 -26250.30 434.00 2932.89
305.00 13.00 -26187.86 -26187.86 432.56 2947.92
306.00 13.00 -26187.86 -26280.17 432.56 2947.92
307.00 13.00 -26187.86 -26287.17 432.56 2947.92
308.00 13.00 -26187.86 -26220.58 432.56 2947.92
