0.00 0.00 -13257.27 -13259.11 1.00 1.00
1.00 1.00 -13226.97 -13226.97 466.76 2956.97
2.00 1.00 -13226.97 -13229.20 466.76 2956.97
3.00 2.00 -13208.66 -13208.66 461.90 2956.00
4.00 2.00 -13208.66 -13216.30 461.90 2956.00
5.00 2.00 -13208.66 -13237.76 461.90 2956.00
6.00 3.00 -13180.28 -13180.28 454.46 2958.19
7.00 3.00 -13180.28 -13205.34 454.46 2958.19
8.00 3.00 -13180.28 -13190.98 454.46 2958.19
9.00 3.00 -13180.28 -13226.10 454.46 2958.19
10.00 3.00 -13180.28 -13200.24 454.46 2958.19
11.00 4.00 -13167.96 -13167.96 451.27 2947.79
12.00 5.00 -13099.91 -13099.91 434.04 2934.23
13.00 5.00 -13099.91 -13149.55 434.04 2934.23
14.00 5.00 -13099.91 -13116.96 434.04 2934.23
15.00 5.00 -13099.91 -13139.46 434.04 2934.23
16.00 5.00 -13099.91 -13118.85 434.04 2934.23
17.00 5.00 -13099.91 -13153.33 434.04 2934.23
18.00 5.00 -13099.91 -13146.21 434.04 2934.23
19.00 5.00 -13099.91 -13167.64 434.04 2934.23
20.00 5.00 -13099.91 -13115.64 434.04 2934.23
21.00 5.00 -13099.91 -13169.76 434.04 2934.23
22.00 5.00 -13099.91 -13183.46 434.04 2934.23
23.00 5.00 -13099.91 -13139.89 434.04 2934.23
24.00 5.00 -13099.91 -13215.51 434.04 2934.23
25.00 5.00 -13099.91 -13142.02 434.04 2934.23
26.00 5.00 -13099.91 -13114.85 434.04 2934.23
27.00 5.00 -13099.91 -13191.68 434.04 2934.23
28.00 5.00 -13099.91 -13137.27 434.04 2934.23
29.00 5.00 -13099.91 -13125.83 434.04 2934.23
30.00 5.00 -13099.91 -13148.00 434.04 2934.23
31.00 5.00 -13099.91 -13134.09 434.04 2934.23
32.00 5.00 -13099.91 -13147.97 434.04 2934.23
33.00 5.00 -13099.91 -13126.24 434.04 2934.23
34.00 5.00 -13099.91 -13144.73 434.04 2934.23
35.00 5.00 -13099.91 -13157.83 434.04 2934.23
36.00 5.00 -13099.91 -13127.85 434.04 2934.23
37.00 5.00 -13099.91 -13131.07 434.04 2934.23
38.00 5.00 -13099.91 -13181.36 434.04 2934.23
39.00 5.00 -13099.91 -13128.02 434.04 2934.23
40.00 5.00 -13099.91 -13107.52 434.04 2934.23
41.00 5.00 -13099.91 -13111.12 434.04 2934.23
42.00 5.00 -13099.91 -13158.12 434.04 2934.23
43.00 5.00 -13099.91 -13148.03 434.04 2934.23
44.00 5.00 -13099.91 -13170.60 434.04 2934.23
45.00 5.00 -13099.91 -13141.77 434.04 2934.23
46.00 5.00 -13099.91 -13131.29 434.04 2934.23
47.00 5.00 -13099.91 -13175.17 434.04 2934.23
48.00 5.00 -13099.91 -13159.21 434.04 2934.23
49.00 5.00 -13099.91 -13133.09 434.04 2934.23
50.00 5.00 -13099.91 -13191.52 434.04 2934.23
51.00 5.00 -13099.91 -13107.75 434.04 2934.23
52.00 5.00 -13099.91 -13123.41 434.04 2934.23
53.00 5.00 -13099.91 -13120.69 434.04 2934.23
54.00 5.00 -13099.91 -13155.68 434.04 2934.23
55.00 5.00 -13099.91 -13152.43 434.04 2934.23
56.00 5.00 -13099.91 -13169.11 434.04 2934.23
57.00 5.00 -13099.91 -13159.70 434.04 2934.23
58.00 5.00 -13099.91 -13125.76 434.04 2934.23
59.00 5.00 -13099.91 -13130.02 434.04 2934.23
60.00 5.00 -13099.91 -13129.46 434.04 2934.23
61.00 5.00 -13099.91 -13137.11 434.04 2934.23
62.00 5.00 -13099.91 -13109.62 434.04 2934.23
63.00 5.00 -13099.91 -13169.91 434.04 2934.23
64.00 6.00 -13098.72 -13098.72 433.75 2932.20
65.00 7.00 -13084.06 -13084.06 430.13 2952.60
66.00 7.00 -13084.06 -13146.52 430.13 2952.60
67.00 7.00 -13084.06 -13156.16 430.13 2952.60
68.00 7.00 -13084.06 -13114.74 430.13 2952.60
69.00 7.00 -13084.06 -13141.79 430.13 2952.60
70.00 7.00 -13084.06 -13172.09 430.13 2952.60
71.00 7.00 -13084.06 -13136.90 430.13 2952.60
72.00 7.00 -13084.06 -13108.56 430.13 2952.60
73.00 7.00 -13084.06 -13124.97 430.13 2952.60
74.00 7.00 -13084.06 -13142.12 430.13 2952.60
75.00 7.00 -13084.06 -13112.53 430.13 2952.60
76.00 7.00 -13084.06 -13126.58 430.13 2952.60
77.00 7.00 -13084.06 -13157.06 430.13 2952.60
78.00 7.00 -13084.06 -13156.20 430.13 2952.60
79.00 7.00 -13084.06 -13125.69 430.13 2952.60
80.00 7.00 -13084.06 -13128.66 430.13 2952.60
81.00 7.00 -13084.06 -13139.49 430.13 2952.60
82.00 7.00 -13084.06 -13102.57 430.13 2952.60
83.00 7.00 -13084.06 -13135.55 430.13 2952.60
84.00 7.00 -13084.06 -13102.30 430.13 2952.60
85.00 7.00 -13084.06 -13090.38 430.13 2952.60
86.00 7.00 -13084.06 -13155.22 430.13 2952.60
87.00 7.00 -13084.06 -13146.70 430.13 2952.60
88.00 7.00 -13084.06 -13132.08 430.13 2952.60
89.00 7.00 -13084.06 -13116.32 430.13 2952.60
90.00 7.00 -13084.06 -13122.97 430.13 2952.60
91.00 7.00 -13084.06 -13128.10 430.13 2952.60
92.00 7.00 -13084.06 -13151.04 430.13 2952.60
93.00 7.00 -13084.06 -13154.76 430.13 2952.60
94.00 7.00 -13084.06 -13138.60 430.13 2952.60
95.00 7.00 -13084.06 -13136.76 430.13 2952.60
96.00 7.00 -13084.06 -13139.64 430.13 2952.60
97.00 7.00 -13084.06 -13143.21 430.13 2952.60
98.00 7.00 -13084.06 -13135.52 430.13 2952.60
99.00 7.00 -13084.06 -13147.39 430.13 2952.60
100.00 7.00 -13084.06 -13181.06 430.13 2952.60
101.00 7.00 -13084.06 -13110.69 430.13 2952.60
102.00 7.00 -13084.06 -13111.94 430.13 2952.60
103.00 7.00 -13084.06 -13138.65 430.13 2952.60
104.00 7.00 -13084.06 -13154.40 430.13 2952.60
105.00 7.00 -13084.06 -13130.88 430.13 2952.60
106.00 7.00 -13084.06 -13130.15 430.13 2952.60
107.00 7.00 -13084.06 -13123.35 430.13 2952.60
108.00 7.00 -13084.06 -13140.38 430.13 2952.60
109.00 7.00 -13084.06 -13131.09 430.13 2952.60
110.00 7.00 -13084.06 -13129.05 430.13 2952.60
111.00 7.00 -13084.06 -13111.28 430.13 2952.60
112.00 7.00 -13084.06 -13089.95 430.13 2952.60
113.00 7.00 -13084.06 -13116.56 430.13 2952.60
114.00 7.00 -13084.06 -13119.05 430.13 2952.60
115.00 7.00 -13084.06 -13163.31 430.13 2952.60
116.00 7.00 -13084.06 -13141.96 430.13 2952.60
117.00 7.00 -13084.06 -13109.79 430.13 2952.60
118.00 7.00 -13084.06 -13098.44 430.13 2952.60
119.00 7.00 -13084.06 -13163.55 430.13 2952.60
120.00 7.00 -13084.06 -13172.82 430.13 2952.60
121.00 7.00 -13084.06 -13116.88 430.13 2952.60
122.00 7.00 -13084.06 -13130.68 430.13 2952.60
123.00 7.00 -13084.06 -13158.00 430.13 2952.60
124.00 7.00 -13084.06 -13134.58 430.13 2952.60
125.00 7.00 -13084.06 -13155.32 430.13 2952.60
126.00 7.00 -13084.06 -13128.97 430.13 2952.60
127.00 7.00 -13084.06 -13130.25 430.13 2952.60
128.00 7.00 -13084.06 -13102.91 430.13 2952.60
129.00 7.00 -13084.06 -13123.02 430.13 2952.60
130.00 7.00 -13084.06 -13126.01 430.13 2952.60
131.00 7.00 -13084.06 -13146.37 430.13 2952.60
132.00 7.00 -13084.06 -13142.50 430.13 2952.60
133.00 7.00 -13084.06 -13123.09 430.13 2952.60
134.00 7.00 -13084.06 -13088.76 430.13 2952.60
135.00 7.00 -13084.06 -13141.23 430.13 2952.60
136.00 7.00 -13084.06 -13100.53 430.13 2952.60
137.00 7.00 -13084.06 -13172.08 430.13 2952.60
138.00 7.00 -13084.06 -13108.60 430.13 2952.60
139.00 7.00 -13084.06 -13101.15 430.13 2952.60
140.00 7.00 -13084.06 -13093.21 430.13 2952.60
141.00 7.00 -13084.06 -13138.80 430.13 2952.60
142.00 7.00 -13084.06 -13192.55 430.13 2952.60
143.00 7.00 -13084.06 -13125.62 430.13 2952.60
144.00 7.00 -13084.06 -13130.71 430.13 2952.60
145.00 7.00 -13084.06 -13128.96 430.13 2952.60
146.00 7.00 -13084.06 -13121.63 430.13 2952.60
147.00 7.00 -13084.06 -13121.83 430.13 2952.60
148.00 7.00 -13084.06 -13135.10 430.13 2952.60
149.00 7.00 -13084.06 -13090.26 430.13 2952.60
150.00 7.00 -13084.06 -13100.89 430.13 2952.60
151.00 7.00 -13084.06 -13118.30 430.13 2952.60
152.00 7.00 -13084.06 -13153.63 430.13 2952.60
153.00 7.00 -13084.06 -13148.59 430.13 2952.60
154.00 7.00 -13084.06 -13149.86 430.13 2952.60
155.00 7.00 -13084.06 -13125.74 430.13 2952.60
156.00 7.00 -13084.06 -13138.41 430.13 2952.60
157.00 7.00 -13084.06 -13109.30 430.13 2952.60
158.00 7.00 -13084.06 -13159.16 430.13 2952.60
159.00 7.00 -13084.06 -13125.39 430.13 2952.60
160.00 7.00 -13084.06 -13123.57 430.13 2952.60
161.00 7.00 -13084.06 -13135.38 430.13 2952.60
162.00 7.00 -13084.06 -13105.20 430.13 2952.60
163.00 7.00 -13084.06 -13165.69 430.13 2952.60
164.00 7.00 -13084.06 -13115.51 430.13 2952.60
165.00 7.00 -13084.06 -13146.40 430.13 2952.60
166.00 7.00 -13084.06 -13120.70 430.13 2952.60
167.00 7.00 -13084.06 -13138.32 430.13 2952.60
168.00 7.00 -13084.06 -13175.27 430.13 2952.60
169.00 7.00 -13084.06 -13112.36 430.13 2952.60
170.00 7.00 -13084.06 -13152.74 430.13 2952.60
171.00 7.00 -13084.06 -13102.55 430.13 2952.60
172.00 7.00 -13084.06 -13136.31 430.13 2952.60
173.00 7.00 -13084.06 -13106.08 430.13 2952.60
174.00 7.00 -13084.06 -13130.04 430.13 2952.60
175.00 7.00 -13084.06 -13117.97 430.13 2952.60
176.00 7.00 -13084.06 -13118.45 430.13 2952.60
177.00 7.00 -13084.06 -13146.03 430.13 2952.60
178.00 7.00 -13084.06 -13132.82 430.13 2952.60
179.00 7.00 -13084.06 -13153.35 430.13 2952.60
180.00 7.00 -13084.06 -13167.58 430.13 2952.60
181.00 7.00 -13084.06 -13134.71 430.13 2952.60
182.00 7.00 -13084.06 -13100.86 430.13 2952.60
183.00 7.00 -13084.06 -13125.79 430.13 2952.60
184.00 7.00 -13084.06 -13139.95 430.13 2952.60
185.00 7.00 -13084.06 -13159.24 430.13 2952.60
186.00 7.00 -13084.06 -13121.89 430.13 2952.60
187.00 7.00 -13084.06 -13148.79 430.13 2952.60
188.00 7.00 -13084.06 -13171.56 430.13 2952.60
189.00 7.00 -13084.06 -13139.36 430.13 2952.60
190.00 7.00 -13084.06 -13158.07 430.13 2952.60
191.00 7.00 -13084.06 -13160.97 430.13 2952.60
192.00 7.00 -13084.06 -13126.30 430.13 2952.60
193.00 7.00 -13084.06 -13131.88 430.13 2952.60
194.00 7.00 -13084.06 -13131.94 430.13 2952.60
195.00 7.00 -13084.06 -13109.65 430.13 2952.60
196.00 7.00 -13084.06 -13141.14 430.13 2952.60
197.00 7.00 -13084.06 -13110.44 430.13 2952.60
198.00 7.00 -13084.06 -13106.28 430.13 2952.60
199.00 7.00 -13084.06 -13106.57 430.13 2952.60
200.00 7.00 -13084.06 -13178.03 430.13 2952.60
201.00 7.00 -13084.06 -13148.77 430.13 2952.60
202.00 7.00 -13084.06 -13178.74 430.13 2952.60
203.00 7.00 -13084.06 -13153.62 430.13 2952.60
204.00 7.00 -13084.06 -13140.99 430.13 2952.60
205.00 7.00 -13084.06 -13150.78 430.13 2952.60
206.00 7.00 -13084.06 -13116.81 430.13 2952.60
207.00 7.00 -13084.06 -13125.85 430.13 2952.60
208.00 7.00 -13084.06 -13117.37 430.13 2952.60
209.00 7.00 -13084.06 -13158.13 430.13 2952.60
210.00 7.00 -13084.06 -13129.48 430.13 2952.60
211.00 7.00 -13084.06 -13121.23 430.13 2952.60
212.00 7.00 -13084.06 -13135.57 430.13 2952.60
213.00 7.00 -13084.06 -13096.84 430.13 2952.60
214.00 7.00 -13084.06 -13115.25 430.13 2952.60
215.00 7.00 -13084.06 -13131.48 430.13 2952.60
216.00 7.00 -13084.06 -13124.71 430.13 2952.60
217.00 7.00 -13084.06 -13149.56 430.13 2952.60
218.00 8.00 -26271.43 -26271.43 443.02 2942.61
219.00 9.00 -26270.91 -26270.91 442.96 2991.08
220.00 9.00 -26270.91 -26363.50 442.96 2991.08
221.00 9.00 -26270.91 -26317.84 442.96 2991.08
222.00 9.00 -26270.91 -26328.58 442.96 2991.08
223.00 10.00 -26236.14 -26236.14 438.58 2973.99
224.00 10.00 -26236.14 -26258.94 438.58 2973.99
225.00 10.00 -26236.14 -26345.66 438.58 2973.99
226.00 10.00 -26236.14 -26335.61 438.58 2973.99
227.00 10.00 -26236.14 -26276.08 438.58 2973.99
228.00 10.00 -26236.14 -26274.22 438.58 2973.99
229.00 10.00 -26236.14 -26289.24 438.58 2973.99
230.00 10.00 -26236.14 -26241.86 438.58 2973.99
231.00 10.00 -26236.14 -26276.38 438.58 2973.99
232.00 10.00 -26236.14 -26263.80 438.58 2973.99
233.00 10.00 -26236.14 -26252.39 438.58 2973.99
234.00 10.00 -26236.14 -26272.07 438.58 2973.99
235.00 10.00 -26236.14 -26307.69 438.58 2973.99
236.00 10.00 -26236.14 -26287.91 438.58 2973.99
237.00 11.00 -26234.89 -26234.89 438.42 2957.42
238.00 12.00 -26232.52 -26232.52 438.12 2971.74
239.00 12.00 -26232.52 -26304.88 438.12 2971.74
240.00 13.00 -26194.35 -26194.35 433.37 2965.47
241.00 13.00 -26194.35 -26277.52 433.37 2965.47
242.00 13.00 -26194.35 -26213.59 433.37 2965.47
243.00 13.00 -26194.35 -26215.89 433.37 2965.47
244.00 13.00 -26194.35 -26250.00 433.37 2965.47
245.00 13.00 -26194.35 -26307.85 433.37 2965.47
246.00 13.00 -26194.35 -26223.55 433.37 2965.47
247.00 14.00 -26191.91 -26191.91 433.06 2948.48
248.00 14.00 -26191.91 -26227.16 433.06 2948.48
249.00 14.00 -26191.91 -26228.92 433.06 2948.48
250.00 14.00 -26191.91 -26253.45 433.06 2948.48
251.00 14.00 -26191.91 -26280.28 433.06 2948.48
252.00 14.00 -26191.91 -26261.06 433.06 2948.48
253.00 14.00 -26191.91 -26292.13 433.06 2948.48
254.00 14.00 -26191.91 -26245.40 433.06 2948.48
255.00 14.00 -26191.91 -26235.41 433.06 2948.48
256.00 14.00 -26191.91 -26254.48 433.06 2948.48
257.00 14.00 -26191.91 -26273.93 433.06 2948.48
258.00 14.00 -26191.91 -26359.64 433.06 2948.48
259.00 14.00 -26191.91 -26241.50 433.06 2948.48
260.00 14.00 -26191.91 -26255.79 433.06 2948.48
261.00 14.00 -26191.91 -26285.41 433.06 2948.48
262.00 14.00 -26191.91 -26312.27 433.06 2948.48
263.00 14.00 -26191.91 -26236.03 433.06 2948.48
264.00 14.00 -26191.91 -26259.88 433.06 2948.48
265.00 14.00 -26191.91 -26271.15 433.06 2948.48
266.00 15.00 -26179.53 -26179.53 431.53 2952.05
267.00 15.00 -26179.53 -26254.30 431.53 2952.05
268.00 15.00 -26179.53 -26223.45 431.53 2952.05
269.00 15.00 -26179.53 -26271.74 431.53 2952.05
270.00 16.00 -26167.22 -26167.22 430.02 2927.02
271.00 16.00 -26167.22 -26298.83 430.02 2927.02
272.00 16.00 -26167.22 -26351.08 430.02 2927.02
273.00 16.00 -26167.22 -26300.66 430.02 2927.02
274.00 16.00 -26167.22 -26198.00 430.02 2927.02
275.00 16.00 -26167.22 -26212.24 430.02 2927.02
276.00 16.00 -26167.22 -26181.54 430.02 2927.02
277.00 16.00 -26167.22 -26236.28 430.02 2927.02
278.00 17.00 -26161.41 -26161.41 429.30 2918.67
279.00 17.00 -26161.41 -26241.21 429.30 2918.67
280.00 17.00 -26161.41 -26244.22 429.30 2918.67
281.00 17.00 -26161.41 -26233.70 429.30 2918.67
282.00 17.00 -26161.41 -26231.11 429.30 2918.67
283.00 17.00 -26161.41 -26188.97 429.30 2918.67
284.00 17.00 -26161.41 -26234.70 429.30 2918.67
285.00 17.00 -26161.41 -26177.88 429.30 2918.67
286.00 17.00 -26161.41 -26199.93 429.30 2918.67
287.00 17.00 -26161.41 -26195.36 429.30 2918.67
288.00 17.00 -26161.41 -26202.55 429.30 2918.67
289.00 17.00 -26161.41 -26306.00 429.30 2918.67
290.00 18.00 -26136.98 -26136.98 426.31 2950.79
291.00 18.00 -26136.98 -26253.17 426.31 2950.79
292.00 18.00 -26136.98 -26237.20 426.31 2950.79
293.00 18.00 -26136.98 -26230.62 426.31 2950.79
294.00 18.00 -26136.98 -26190.80 426.31 2950.79
295.00 18.00 -26136.98 -26230.10 426.31 2950.79
296.00 18.00 -26136.98 -26251.81 426.31 2950.79
297.00 18.00 -26136.98 -26166.01 426.31 2950.79
298.00 18.00 -26136.98 -26235.12 426.31 2950.79
299.00 18.00 -26136.98 -26271.63 426.31 2950.79
300.00 18.00 -26136.98 -26219.49 426.31 2950.79
301.00 18.00 -26136.98 -26163.08 426.31 2950.79
302.00 18.00 -26136.98 -26199.10 426.31 2950.79
303.00 18.00 -26136.98 -26219.49 426.31 2950.79
304.00 18.00 -26136.98 -26259.26 426.31 2950.79
305.00 18.00 -26136.98 -26255.99 426.31 2950.79
306.00 18.00 -26136.98 -26196.58 426.31 2950.79
307.00 18.00 -26136.98 -26227.59 426.31 2950.79
308.00 19.00 -26088.70 -26088.70 420.47 2929.08
309.00 19.00 -26088.70 -26193.86 420.47 2929.08
310.00 19.00 -26088.70 -26250.22 420.47 2929.08
311.00 19.00 -26088.70 -26219.68 420.47 2929.08
312.00 19.00 -26088.70 -26183.11 420.47 2929.08
313.00 19.00 -26088.70 -26179.17 420.47 2929.08
