0.00 1.00 -16102.61 -16102.61 462.13 2922.05
1.00 2.00 -16046.16 -16046.16 450.05 2927.30
2.00 2.00 -16046.16 -16052.29 450.05 2927.30
3.00 2.00 -16046.16 -16168.69 450.05 2927.30
4.00 3.00 -16042.01 -16042.01 449.18 2908.05
5.00 3.00 -16042.01 -16080.20 449.18 2908.05
6.00 3.00 -16042.01 -16161.31 449.18 2908.05
7.00 3.00 -16042.01 -16102.23 449.18 2908.05
8.00 3.00 -16042.01 -16124.15 449.18 2908.05
9.00 3.00 -16042.01 -16098.17 449.18 2908.05
10.00 3.00 -16042.01 -16084.38 449.18 2908.05
11.00 3.00 -16042.01 -16083.63 449.18 2908.05
12.00 3.00 -16042.01 -16148.96 449.18 2908.05
13.00 3.00 -16042.01 -16079.74 449.18 2908.05
14.00 3.00 -16042.01 -16067.28 449.18 2908.05
15.00 3.00 -16042.01 -16095.19 449.18 2908.05
16.00 3.00 -16042.01 -16099.49 449.18 2908.05
17.00 3.00 -16042.01 -16095.81 449.18 2908.05
18.00 3.00 -16042.01 -16149.77 449.18 2908.05
19.00 3.00 -16042.01 -16115.21 449.18 2908.05
20.00 3.00 -16042.01 -16121.89 449.18 2908.05
21.00 4.00 -16032.57 -16032.57 447.19 2911.55
22.00 4.00 -16032.57 -16065.10 447.19 2911.55
23.00 4.00 -16032.57 -16094.10 447.19 2911.55
24.00 4.00 -16032.57 -16047.64 447.19 2911.55
25.00 4.00 -16032.57 -16093.50 447.19 2911.55
26.00 4.00 -16032.57 -16035.04 447.19 2911.55
27.00 4.00 -16032.57 -16098.95 447.19 2911.55
28.00 4.00 -16032.57 -16103.22 447.19 2911.55
29.00 4.00 -16032.57 -16058.11 447.19 2911.55
30.00 4.00 -16032.57 -16083.66 447.19 2911.55
31.00 4.00 -16032.57 -16151.66 447.19 2911.55
32.00 5.00 -16022.87 -16022.87 445.16 2940.80
33.00 5.00 -16022.87 -16077.58 445.16 2940.80
34.00 5.00 -16022.87 -16032.92 445.16 2940.80
35.00 5.00 -16022.87 -16041.09 445.16 2940.80
36.00 5.00 -16022.87 -16096.79 445.16 2940.80
37.00 5.00 -16022.87 -16066.04 445.16 2940.80
38.00 6.00 -15988.74 -15988.74 438.09 2954.22
39.00 7.00 -15981.19 -15981.19 436.54 2952.10
40.00 7.00 -15981.19 -16014.63 436.54 2952.10
41.00 7.00 -15981.19 -16051.25 436.54 2952.10
42.00 7.00 -15981.19 -16005.62 436.54 2952.10
43.00 7.00 -15981.19 -15992.62 436.54 2952.10
44.00 7.00 -15981.19 -16002.36 436.54 2952.10
45.00 7.00 -15981.19 -15988.81 436.54 2952.10
46.00 7.00 -15981.19 -15991.99 436.54 2952.10
47.00 7.00 -15981.19 -16030.66 436.54 2952.10
48.00 7.00 -15981.19 -16033.50 436.54 2952.10
49.00 7.00 -15981.19 -16013.93 436.54 2952.10
50.00 7.00 -15981.19 -16014.95 436.54 2952.10
51.00 7.00 -15981.19 -16008.21 436.54 2952.10
52.00 7.00 -15981.19 -16001.67 436.54 2952.10
53.00 8.00 -15966.65 -15966.65 433.57 2952.21
54.00 8.00 -15966.65 -16058.04 433.57 2952.21
55.00 8.00 -15966.65 -16009.28 433.57 2952.21
56.00 8.00 -15966.65 -15972.47 433.57 2952.21
57.00 8.00 -15966.65 -15985.82 433.57 2952.21
58.00 8.00 -15966.65 -15989.74 433.57 2952.21
59.00 8.00 -15966.65 -15987.74 433.57 2952.21
60.00 8.00 -15966.65 -15974.47 433.57 2952.21
61.00 8.00 -15966.65 -15976.69 433.57 2952.21
62.00 8.00 -15966.65 -16027.24 433.57 2952.21
63.00 8.00 -15966.65 -15974.99 433.57 2952.21
64.00 8.00 -15966.65 -16036.31 433.57 2952.21
65.00 8.00 -15966.65 -15996.17 433.57 2952.21
66.00 8.00 -15966.65 -16031.99 433.57 2952.21
67.00 8.00 -15966.65 -15997.14 433.57 2952.21
68.00 8.00 -15966.65 -16036.88 433.57 2952.21
69.00 8.00 -15966.65 -15993.23 433.57 2952.21
70.00 8.00 -15966.65 -16008.83 433.57 2952.21
71.00 8.00 -15966.65 -16008.21 433.57 2952.21
72.00 8.00 -15966.65 -15987.28 433.57 2952.21
73.00 8.00 -15966.65 -16049.55 433.57 2952.21
74.00 8.00 -15966.65 -16028.45 433.57 2952.21
75.00 8.00 -15966.65 -15986.05 433.57 2952.21
76.00 8.00 -15966.65 -16021.89 433.57 2952.21
77.00 8.00 -15966.65 -15975.47 433.57 2952.21
78.00 8.00 -15966.65 -16006.82 433.57 2952.21
79.00 8.00 -15966.65 -16027.85 433.57 2952.21
80.00 8.00 -15966.65 -15997.87 433.57 2952.21
81.00 8.00 -15966.65 -16001.62 433.57 2952.21
82.00 8.00 -15966.65 -15993.74 433.57 2952.21
83.00 8.00 -15966.65 -15999.53 433.57 2952.21
84.00 8.00 -15966.65 -16001.10 433.57 2952.21
85.00 8.00 -15966.65 -16022.38 433.57 2952.21
86.00 8.00 -15966.65 -16002.54 433.57 2952.21
87.00 8.00 -15966.65 -16035.42 433.57 2952.21
88.00 8.00 -15966.65 -16031.63 433.57 2952.21
89.00 8.00 -15966.65 -16016.12 433.57 2952.21
90.00 8.00 -15966.65 -15986.73 433.57 2952.21
91.00 8.00 -15966.65 -16033.35 433.57 2952.21
92.00 8.00 -15966.65 -16000.80 433.57 2952.21
93.00 8.00 -15966.65 -15981.11 433.57 2952.21
94.00 8.00 -15966.65 -16016.36 433.57 2952.21
95.00 8.00 -15966.65 -15969.05 433.57 2952.21
96.00 8.00 -15966.65 -15988.97 433.57 2952.21
97.00 8.00 -15966.65 -16007.32 433.57 2952.21
98.00 9.00 -15967.15 -15967.15 433.67 2939.24
99.00 9.00 -15967.15 -16019.76 433.67 2939.24
100.00 9.00 -15967.15 -15994.93 433.67 2939.24
101.00 9.00 -15967.15 -16010.08 433.67 2939.24
102.00 9.00 -15967.15 -15989.31 433.67 2939.24
103.00 9.00 -15967.15 -16042.86 433.67 2939.24
104.00 9.00 -15967.15 -15978.69 433.67 2939.24
105.00 9.00 -15967.15 -15969.86 433.67 2939.24
106.00 9.00 -15967.15 -16022.12 433.67 2939.24
107.00 9.00 -15967.15 -16002.51 433.67 2939.24
108.00 9.00 -15967.15 -16001.87 433.67 2939.24
109.00 9.00 -15967.15 -16019.91 433.67 2939.24
110.00 9.00 -15967.15 -16024.91 433.67 2939.24
111.00 9.00 -15967.15 -16031.32 433.67 2939.24
112.00 9.00 -15967.15 -16000.87 433.67 2939.24
113.00 10.00 -15941.82 -15941.82 428.55 2936.47
114.00 10.00 -15941.82 -15987.93 428.55 2936.47
115.00 11.00 -15931.77 -15931.77 426.53 2919.77
116.00 11.00 -15931.77 -15978.32 426.53 2919.77
117.00 11.00 -15931.77 -15993.13 426.53 2919.77
118.00 11.00 -15931.77 -15957.44 426.53 2919.77
119.00 11.00 -15931.77 -15959.91 426.53 2919.77
120.00 11.00 -15931.77 -15954.85 426.53 2919.77
121.00 11.00 -15931.77 -15971.92 426.53 2919.77
122.00 11.00 -15931.77 -15976.69 426.53 2919.77
123.00 11.00 -15931.77 -16010.39 426.53 2919.77
124.00 11.00 -15931.77 -16002.88 426.53 2919.77
125.00 11.00 -15931.77 -15980.57 426.53 2919.77
126.00 11.00 -15931.77 -15962.40 426.53 2919.77
127.00 11.00 -15931.77 -15945.13 426.53 2919.77
128.00 11.00 -15931.77 -15979.84 426.53 2919.77
129.00 11.00 -15931.77 -15968.35 426.53 2919.77
130.00 11.00 -15931.77 -15985.12 426.53 2919.77
131.00 11.00 -15931.77 -15995.21 426.53 2919.77
132.00 11.00 -15931.77 -15977.19 426.53 2919.77
133.00 11.00 -15931.77 -15981.39 426.53 2919.77
134.00 11.00 -15931.77 -16001.93 426.53 2919.77
135.00 11.00 -15931.77 -15934.65 426.53 2919.77
136.00 11.00 -15931.77 -15993.73 426.53 2919.77
137.00 11.00 -15931.77 -15961.69 426.53 2919.77
138.00 11.00 -15931.77 -15967.81 426.53 2919.77
139.00 11.00 -15931.77 -15986.22 426.53 2919.77
140.00 11.00 -15931.77 -15956.78 426.53 2919.77
141.00 11.00 -15931.77 -15945.05 426.53 2919.77
142.00 11.00 -15931.77 -15948.76 426.53 2919.77
143.00 11.00 -15931.77 -15983.78 426.53 2919.77
144.00 11.00 -15931.77 -15989.85 426.53 2919.77
145.00 11.00 -15931.77 -15981.54 426.53 2919.77
146.00 11.00 -15931.77 -15954.62 426.53 2919.77
147.00 11.00 -15931.77 -15979.44 426.53 2919.77
148.00 11.00 -15931.77 -15948.78 426.53 2919.77
149.00 11.00 -15931.77 -15950.37 426.53 2919.77
150.00 11.00 -15931.77 -15979.58 426.53 2919.77
151.00 11.00 -15931.77 -15980.54 426.53 2919.77
152.00 11.00 -15931.77 -15985.83 426.53 2919.77
153.00 11.00 -15931.77 -15976.36 426.53 2919.77
154.00 11.00 -15931.77 -15958.06 426.53 2919.77
155.00 11.00 -15931.77 -15960.29 426.53 2919.77
156.00 11.00 -15931.77 -15946.31 426.53 2919.77
157.00 11.00 -15931.77 -15965.01 426.53 2919.77
158.00 11.00 -15931.77 -15995.87 426.53 2919.77
159.00 11.00 -15931.77 -15992.36 426.53 2919.77
160.00 11.00 -15931.77 -15998.17 426.53 2919.77
161.00 11.00 -15931.77 -15967.36 426.53 2919.77
162.00 11.00 -15931.77 -15961.70 426.53 2919.77
163.00 11.00 -15931.77 -15938.77 426.53 2919.77
164.00 11.00 -15931.77 -15939.27 426.53 2919.77
165.00 11.00 -15931.77 -15974.69 426.53 2919.77
166.00 11.00 -15931.77 -16004.49 426.53 2919.77
167.00 11.00 -15931.77 -15971.13 426.53 2919.77
168.00 11.00 -15931.77 -15965.25 426.53 2919.77
169.00 11.00 -15931.77 -15963.33 426.53 2919.77
170.00 11.00 -15931.77 -15937.92 426.53 2919.77
171.00 11.00 -15931.77 -16012.13 426.53 2919.77
172.00 11.00 -15931.77 -15951.38 426.53 2919.77
173.00 11.00 -15931.77 -16016.12 426.53 2919.77
174.00 11.00 -15931.77 -15963.38 426.53 2919.77
175.00 11.00 -15931.77 -15957.17 426.53 2919.77
176.00 11.00 -15931.77 -15997.06 426.53 2919.77
177.00 11.00 -15931.77 -15938.94 426.53 2919.77
178.00 11.00 -15931.77 -15964.35 426.53 2919.77
179.00 11.00 -15931.77 -15985.38 426.53 2919.77
180.00 11.00 -15931.77 -16019.21 426.53 2919.77
181.00 11.00 -15931.77 -15960.98 426.53 2919.77
182.00 11.00 -15931.77 -15986.09 426.53 2919.77
183.00 11.00 -15931.77 -15963.78 426.53 2919.77
184.00 11.00 -15931.77 -15958.91 426.53 2919.77
185.00 11.00 -15931.77 -15962.62 426.53 2919.77
186.00 11.00 -15931.77 -15961.02 426.53 2919.77
187.00 11.00 -15931.77 -16000.25 426.53 2919.77
188.00 11.00 -15931.77 -15954.22 426.53 2919.77
189.00 11.00 -15931.77 -15961.21 426.53 2919.77
190.00 11.00 -15931.77 -15995.55 426.53 2919.77
191.00 11.00 -15931.77 -15955.20 426.53 2919.77
192.00 11.00 -15931.77 -15984.97 426.53 2919.77
193.00 11.00 -15931.77 -15978.97 426.53 2919.77
194.00 11.00 -15931.77 -15966.56 426.53 2919.77
195.00 11.00 -15931.77 -16008.08 426.53 2919.77
196.00 11.00 -15931.77 -15959.31 426.53 2919.77
197.00 11.00 -15931.77 -15967.40 426.53 2919.77
198.00 11.00 -15931.77 -15954.37 426.53 2919.77
199.00 11.00 -15931.77 -15979.07 426.53 2919.77
200.00 11.00 -15931.77 -15936.61 426.53 2919.77
201.00 11.00 -15931.77 -15976.46 426.53 2919.77
202.00 11.00 -15931.77 -15984.14 426.53 2919.77
203.00 11.00 -15931.77 -15998.40 426.53 2919.77
204.00 11.00 -15931.77 -15955.74 426.53 2919.77
205.00 11.00 -15931.77 -15957.22 426.53 2919.77
206.00 11.00 -15931.77 -15978.71 426.53 2919.77
207.00 11.00 -15931.77 -15957.99 426.53 2919.77
208.00 11.00 -15931.77 -15982.52 426.53 2919.77
209.00 12.00 -15917.81 -15917.81 423.75 2907.79
210.00 12.00 -15917.81 -15968.05 423.75 2907.79
211.00 13.00 -15897.82 -15897.82 419.79 2897.71
212.00 13.00 -15897.82 -15912.05 419.79 2897.71
213.00 13.00 -15897.82 -15932.04 419.79 2897.71
214.00 13.00 -15897.82 -15923.63 419.79 2897.71
215.00 13.00 -15897.82 -15949.34 419.79 2897.71
216.00 13.00 -15897.82 -15985.83 419.79 2897.71
217.00 13.00 -15897.82 -15994.71 419.79 2897.71
218.00 13.00 -26167.72 -26238.59 419.79 2897.71
219.00 13.00 -26167.72 -26215.91 419.79 2897.71
220.00 13.00 -26167.72 -26179.28 419.79 2897.71
221.00 14.00 -26165.95 -26165.95 429.86 2898.48
222.00 15.00 -26139.88 -26139.88 426.67 2905.47
223.00 15.00 -26139.88 -26178.38 426.67 2905.47
224.00 15.00 -26139.88 -26203.79 426.67 2905.47
225.00 15.00 -26139.88 -26148.99 426.67 2905.47
226.00 15.00 -26139.88 -26186.52 426.67 2905.47
227.00 15.00 -26139.88 -26190.73 426.67 2905.47
228.00 15.00 -26139.88 -26172.02 426.67 2905.47
229.00 15.00 -26139.88 -26163.19 426.67 2905.47
230.00 15.00 -26139.88 -26162.04 426.67 2905.47
231.00 16.00 -26128.20 -26128.20 425.25 2903.73
232.00 17.00 -26069.62 -26069.62 418.18 2868.87
233.00 17.00 -26069.62 -26148.63 418.18 2868.87
234.00 17.00 -26069.62 -26150.50 418.18 2868.87
235.00 17.00 -26069.62 -26189.92 418.18 2868.87
236.00 17.00 -26069.62 -26181.72 418.18 2868.87
237.00 17.00 -26069.62 -26152.18 418.18 2868.87
238.00 17.00 -26069.62 -26144.25 418.18 2868.87
239.00 17.00 -26069.62 -26172.08 418.18 2868.87
240.00 17.00 -26069.62 -26156.11 418.18 2868.87
241.00 17.00 -26069.62 -26131.05 418.18 2868.87
242.00 17.00 -26069.62 -26145.09 418.18 2868.87
243.00 17.00 -26069.62 -26135.00 418.18 2868.87
244.00 17.00 -26069.62 -26207.11 418.18 2868.87
245.00 17.00 -26069.62 -26114.52 418.18 2868.87
246.00 17.00 -26069.62 -26139.59 418.18 2868.87
247.00 17.00 -26069.62 -26187.97 418.18 2868.87
248.00 17.00 -26069.62 -26179.05 418.18 2868.87
249.00 17.00 -26069.62 -26148.51 418.18 2868.87
250.00 17.00 -26069.62 -26174.68 418.18 2868.87
251.00 17.00 -26069.62 -26094.81 418.18 2868.87
252.00 17.00 -26069.62 -26172.68 418.18 2868.87
253.00 17.00 -26069.62 -26158.18 418.18 2868.87
254.00 17.00 -26069.62 -26114.80 418.18 2868.87
255.00 17.00 -26069.62 -26164.49 418.18 2868.87
256.00 17.00 -26069.62 -26160.16 418.18 2868.87
257.00 17.00 -26069.62 -26179.54 418.18 2868.87
258.00 17.00 -26069.62 -26165.92 418.18 2868.87
259.00 17.00 -26069.62 -26170.13 418.18 2868.87
260.00 17.00 -26069.62 -26125.25 418.18 2868.87
261.00 17.00 -26069.62 -26123.19 418.18 2868.87
262.00 17.00 -26069.62 -26169.85 418.18 2868.87
263.00 17.00 -26069.62 -26163.98 418.18 2868.87
264.00 17.00 -26069.62 -26190.95 418.18 2868.87
265.00 17.00 -26069.62 -26160.64 418.18 2868.87
266.00 17.00 -26069.62 -26116.99 418.18 2868.87
267.00 17.00 -26069.62 -26137.85 418.18 2868.87
268.00 17.00 -26069.62 -26121.91 418.18 2868.87
269.00 17.00 -26069.62 -26149.54 418.18 2868.87
270.00 17.00 -26069.62 -26159.94 418.18 2868.87
271.00 17.00 -26069.62 -26136.56 418.18 2868.87
272.00 17.00 -26069.62 -26101.34 418.18 2868.87
273.00 17.00 -26069.62 -26157.63 418.18 2868.87
274.00 17.00 -26069.62 -26148.48 418.18 2868.87
275.00 17.00 -26069.62 -26231.26 418.18 2868.87
276.00 17.00 -26069.62 -26153.20 418.18 2868.87
277.00 17.00 -26069.62 -26174.68 418.18 2868.87
278.00 17.00 -26069.62 -26168.15 418.18 2868.87
279.00 17.00 -26069.62 -26115.90 418.18 2868.87
280.00 17.00 -26069.62 -26149.75 418.18 2868.87
281.00 17.00 -26069.62 -26159.25 418.18 2868.87
282.00 17.00 -26069.62 -26160.00 418.18 2868.87
283.00 17.00 -26069.62 -26171.38 418.18 2868.87
284.00 17.00 -26069.62 -26123.46 418.18 2868.87
285.00 17.00 -26069.62 -26140.51 418.18 2868.87
286.00 17.00 -26069.62 -26167.66 418.18 2868.87
287.00 17.00 -26069.62 -26177.60 418.18 2868.87
288.00 17.00 -26069.62 -26175.58 418.18 2868.87
289.00 17.00 -26069.62 -26127.56 418.18 2868.87
290.00 17.00 -26069.62 -26219.49 418.18 2868.87
291.00 17.00 -26069.62 -26125.16 418.18 2868.87
292.00 17.00 -26069.62 -26219.28 418.18 2868.87
293.00 17.00 -26069.62 -26108.04 418.18 2868.87
294.00 17.00 -26069.62 -26136.76 418.18 2868.87
295.00 17.00 -26069.62 -26157.46 418.18 2868.87
296.00 17.00 -26069.62 -26110.83 418.18 2868.87
297.00 17.00 -26069.62 -26170.35 418.18 2868.87
298.00 17.00 -26069.62 -26191.74 418.18 2868.87
299.00 17.00 -26069.62 -26211.92 418.18 2868.87
300.00 17.00 -26069.62 -26185.04 418.18 2868.87
301.00 17.00 -26069.62 -26081.13 418.18 2868.87
302.00 17.00 -26069.62 -26125.59 418.18 2868.87
303.00 17.00 -26069.62 -26150.97 418.18 2868.87
304.00 17.00 -26069.62 -26127.89 418.18 2868.87
305.00 17.00 -26069.62 -26156.13 418.18 2868.87
306.00 17.00 -26069.62 -26169.55 418.18 2868.87
307.00 17.00 -26069.62 -26136.31 418.18 2868.87
