0.00 1.00 -19604.39 -19604.39 457.72 2939.05
1.00 1.00 -19604.39 -19613.10 457.72 2939.05
2.00 1.00 -19604.39 -19784.22 457.72 2939.05
3.00 1.00 -19604.39 -19677.47 457.72 2939.05
4.00 1.00 -19604.39 -19651.50 457.72 2939.05
5.00 1.00 -19604.39 -19663.37 457.72 2939.05
6.00 2.00 -19599.24 -19599.24 456.81 2948.17
7.00 3.00 -19577.78 -19577.78 453.06 2963.87
8.00 3.00 -19577.78 -19654.03 453.06 2963.87
9.00 3.00 -19577.78 -19593.76 453.06 2963.87
10.00 3.00 -19577.78 -19583.20 453.06 2963.87
11.00 4.00 -19536.44 -19536.44 445.90 2959.12
12.00 4.00 -19536.44 -19609.47 445.90 2959.12
13.00 4.00 -19536.44 -19561.41 445.90 2959.12
14.00 4.00 -19536.44 -19553.73 445.90 2959.12
15.00 4.00 -19536.44 -19538.45 445.90 2959.12
16.00 4.00 -19536.44 -19595.51 445.90 2959.12
17.00 4.00 -19536.44 -19580.49 445.90 2959.12
18.00 4.00 -19536.44 -19571.41 445.90 2959.12
19.00 4.00 -19536.44 -19540.75 445.90 2959.12
20.00 5.00 -19507.83 -19507.83 441.02 2960.16
21.00 5.00 -19507.83 -19558.69 441.02 2960.16
22.00 6.00 -19492.93 -19492.93 438.50 2925.99
23.00 6.00 -19492.93 -19540.60 438.50 2925.99
24.00 6.00 -19492.93 -19552.64 438.50 2925.99
25.00 6.00 -19492.93 -19518.24 438.50 2925.99
26.00 6.00 -19492.93 -19507.62 438.50 2925.99
27.00 6.00 -19492.93 -19566.10 438.50 2925.99
28.00 6.00 -19492.93 -19544.58 438.50 2925.99
29.00 6.00 -19492.93 -19518.64 438.50 2925.99
30.00 6.00 -19492.93 -19541.34 438.50 2925.99
31.00 6.00 -19492.93 -19512.63 438.50 2925.99
32.00 6.00 -19492.93 -19548.08 438.50 2925.99
33.00 6.00 -19492.93 -19495.72 438.50 2925.99
34.00 6.00 -19492.93 -19541.04 438.50 2925.99
35.00 6.00 -19492.93 -19523.69 438.50 2925.99
36.00 6.00 -19492.93 -19556.31 438.50 2925.99
37.00 6.00 -19492.93 -19517.52 438.50 2925.99
38.00 6.00 -19492.93 -19541.67 438.50 2925.99
39.00 6.00 -19492.93 -19531.66 438.50 2925.99
40.00 6.00 -19492.93 -19494.55 438.50 2925.99
41.00 6.00 -19492.93 -19555.85 438.50 2925.99
42.00 6.00 -19492.93 -19512.49 438.50 2925.99
43.00 7.00 -19451.72 -19451.72 431.60 2929.94
44.00 7.00 -19451.72 -19462.89 431.60 2929.94
45.00 7.00 -19451.72 -19547.24 431.60 2929.94
46.00 7.00 -19451.72 -19527.41 431.60 2929.94
47.00 7.00 -19451.72 -19493.67 431.60 2929.94
48.00 7.00 -19451.72 -19528.20 431.60 2929.94
49.00 7.00 -19451.72 -19538.67 431.60 2929.94
50.00 7.00 -19451.72 -19473.64 431.60 2929.94
51.00 7.00 -19451.72 -19526.72 431.60 2929.94
52.00 7.00 -19451.72 -19515.02 431.60 2929.94
53.00 7.00 -19451.72 -19555.98 431.60 2929.94
54.00 7.00 -19451.72 -19501.92 431.60 2929.94
55.00 7.00 -19451.72 -19527.39 431.60 2929.94
56.00 7.00 -19451.72 -19488.68 431.60 2929.94
57.00 7.00 -19451.72 -19525.09 431.60 2929.94
58.00 7.00 -19451.72 -19537.53 431.60 2929.94
59.00 7.00 -19451.72 -19473.55 431.60 2929.94
60.00 7.00 -19451.72 -19481.90 431.60 2929.94
61.00 7.00 -19451.72 -19526.82 431.60 2929.94
62.00 7.00 -19451.72 -19556.39 431.60 2929.94
63.00 7.00 -19451.72 -19479.03 431.60 2929.94
64.00 7.00 -19451.72 -19522.83 431.60 2929.94
65.00 8.00 -19436.07 -19436.07 429.01 2938.06
66.00 8.00 -19436.07 -19537.33 429.01 2938.06
67.00 8.00 -19436.07 -19492.86 429.01 2938.06
68.00 8.00 -19436.07 -19456.12 429.01 2938.06
69.00 8.00 -19436.07 -19511.25 429.01 2938.06
70.00 8.00 -19436.07 -19480.99 429.01 2938.06
71.00 8.00 -19436.07 -19482.62 429.01 2938.06
72.00 8.00 -19436.07 -19439.24 429.01 2938.06
73.00 9.00 -19409.94 -19409.94 424.72 2911.26
74.00 9.00 -19409.94 -19484.06 424.72 2911.26
75.00 9.00 -19409.94 -19443.72 424.72 2911.26
76.00 9.00 -19409.94 -19492.45 424.72 2911.26
77.00 10.00 -19391.77 -19391.77 421.76 2911.94
78.00 10.00 -19391.77 -19517.17 421.76 2911.94
79.00 10.00 -19391.77 -19493.27 421.76 2911.94
80.00 10.00 -19391.77 -19468.31 421.76 2911.94
81.00 10.00 -19391.77 -19479.81 421.76 2911.94
82.00 10.00 -19391.77 -19482.83 421.76 2911.94
83.00 10.00 -19391.77 -19474.66 421.76 2911.94
84.00 10.00 -19391.77 -19516.58 421.76 2911.94
85.00 10.00 -19391.77 -19473.56 421.76 2911.94
86.00 10.00 -19391.77 -19499.35 421.76 2911.94
87.00 10.00 -19391.77 -19465.54 421.76 2911.94
88.00 10.00 -19391.77 -19481.11 421.76 2911.94
89.00 10.00 -19391.77 -19425.59 421.76 2911.94
90.00 10.00 -19391.77 -19466.32 421.76 2911.94
91.00 10.00 -19391.77 -19472.51 421.76 2911.94
92.00 10.00 -19391.77 -19475.79 421.76 2911.94
93.00 10.00 -19391.77 -19514.68 421.76 2911.94
94.00 10.00 -19391.77 -19477.68 421.76 2911.94
95.00 10.00 -19391.77 -19501.55 421.76 2911.94
96.00 10.00 -19391.77 -19500.27 421.76 2911.94
97.00 10.00 -19391.77 -19521.92 421.76 2911.94
98.00 10.00 -19391.77 -19472.48 421.76 2911.94
99.00 10.00 -19391.77 -19510.62 421.76 2911.94
100.00 10.00 -19391.77 -19454.09 421.76 2911.94
101.00 10.00 -19391.77 -19491.78 421.76 2911.94
102.00 10.00 -19391.77 -19487.81 421.76 2911.94
103.00 10.00 -19391.77 -19480.88 421.76 2911.94
104.00 10.00 -19391.77 -19503.33 421.76 2911.94
105.00 10.00 -19391.77 -19466.82 421.76 2911.94
106.00 10.00 -19391.77 -19508.28 421.76 2911.94
107.00 10.00 -19391.77 -19472.18 421.76 2911.94
108.00 10.00 -19391.77 -19497.35 421.76 2911.94
109.00 10.00 -19391.77 -19438.93 421.76 2911.94
110.00 10.00 -19391.77 -19502.39 421.76 2911.94
111.00 10.00 -19391.77 -19433.38 421.76 2911.94
112.00 11.00 -19390.87 -19390.87 421.61 2893.69
113.00 11.00 -19390.87 -19506.81 421.61 2893.69
114.00 11.00 -19390.87 -19437.94 421.61 2893.69
115.00 11.00 -19390.87 -19475.93 421.61 2893.69
116.00 11.00 -19390.87 -19439.00 421.61 2893.69
117.00 12.00 -19383.74 -19383.74 420.45 2903.26
118.00 12.00 -19383.74 -19415.09 420.45 2903.26
119.00 13.00 -19342.63 -19342.63 413.85 2894.41
120.00 13.00 -19342.63 -19435.29 413.85 2894.41
121.00 13.00 -19342.63 -19408.08 413.85 2894.41
122.00 13.00 -19342.63 -19484.49 413.85 2894.41
123.00 13.00 -19342.63 -19414.74 413.85 2894.41
124.00 13.00 -19342.63 -19434.65 413.85 2894.41
125.00 13.00 -19342.63 -19485.16 413.85 2894.41
126.00 13.00 -19342.63 -19436.25 413.85 2894.41
127.00 14.00 -19339.17 -19339.17 413.30 2891.78
128.00 14.00 -19339.17 -19518.80 413.30 2891.78
129.00 14.00 -19339.17 -19401.82 413.30 2891.78
130.00 14.00 -19339.17 -19459.41 413.30 2891.78
131.00 14.00 -19339.17 -19484.33 413.30 2891.78
132.00 14.00 -19339.17 -19460.11 413.30 2891.78
133.00 14.00 -19339.17 -19495.90 413.30 2891.78
134.00 14.00 -19339.17 -19460.00 413.30 2891.78
135.00 14.00 -19339.17 -19454.44 413.30 2891.78
136.00 14.00 -19339.17 -19427.85 413.30 2891.78
137.00 15.00 -19335.65 -19335.65 412.74 2898.78
138.00 15.00 -19335.65 -19452.39 412.74 2898.78
139.00 15.00 -19335.65 -19439.70 412.74 2898.78
140.00 15.00 -19335.65 -19491.10 412.74 2898.78
141.00 15.00 -19335.65 -19473.62 412.74 2898.78
142.00 15.00 -19335.65 -19444.65 412.74 2898.78
143.00 15.00 -19335.65 -19406.33 412.74 2898.78
144.00 15.00 -19335.65 -19435.72 412.74 2898.78
145.00 15.00 -19335.65 -19405.09 412.74 2898.78
146.00 15.00 -19335.65 -19442.02 412.74 2898.78
147.00 15.00 -19335.65 -19441.21 412.74 2898.78
148.00 15.00 -19335.65 -19369.13 412.74 2898.78
149.00 15.00 -19335.65 -19398.01 412.74 2898.78
150.00 15.00 -19335.65 -19422.50 412.74 2898.78
151.00 15.00 -19335.65 -19404.12 412.74 2898.78
152.00 15.00 -19335.65 -19424.56 412.74 2898.78
153.00 15.00 -19335.65 -19380.27 412.74 2898.78
154.00 15.00 -19335.65 -19473.30 412.74 2898.78
155.00 15.00 -19335.65 -19488.40 412.74 2898.78
156.00 15.00 -19335.65 -19388.85 412.74 2898.78
157.00 15.00 -19335.65 -19425.44 412.74 2898.78
158.00 15.00 -19335.65 -19455.22 412.74 2898.78
159.00 15.00 -19335.65 -19465.65 412.74 2898.78
160.00 15.00 -19335.65 -19436.47 412.74 2898.78
161.00 15.00 -19335.65 -19401.58 412.74 2898.78
162.00 15.00 -19335.65 -19437.46 412.74 2898.78
163.00 15.00 -19335.65 -19441.37 412.74 2898.78
164.00 15.00 -19335.65 -19506.73 412.74 2898.78
165.00 15.00 -19335.65 -19421.08 412.74 2898.78
166.00 15.00 -19335.65 -19425.85 412.74 2898.78
167.00 15.00 -19335.65 -19468.02 412.74 2898.78
168.00 15.00 -19335.65 -19431.96 412.74 2898.78
169.00 15.00 -19335.65 -19472.49 412.74 2898.78
170.00 15.00 -19335.65 -19491.39 412.74 2898.78
171.00 15.00 -19335.65 -19396.64 412.74 2898.78
172.00 15.00 -19335.65 -19449.55 412.74 2898.78
173.00 15.00 -19335.65 -19429.74 412.74 2898.78
174.00 15.00 -19335.65 -19428.52 412.74 2898.78
175.00 15.00 -19335.65 -19444.24 412.74 2898.78
176.00 15.00 -19335.65 -19473.14 412.74 2898.78
177.00 15.00 -19335.65 -19398.00 412.74 2898.78
178.00 15.00 -19335.65 -19411.99 412.74 2898.78
179.00 15.00 -19335.65 -19473.88 412.74 2898.78
180.00 15.00 -19335.65 -19361.03 412.74 2898.78
181.00 15.00 -19335.65 -19427.80 412.74 2898.78
182.00 15.00 -19335.65 -19436.25 412.74 2898.78
183.00 15.00 -19335.65 -19445.84 412.74 2898.78
184.00 15.00 -19335.65 -19496.10 412.74 2898.78
185.00 15.00 -19335.65 -19422.68 412.74 2898.78
186.00 15.00 -19335.65 -19352.41 412.74 2898.78
187.00 15.00 -19335.65 -19416.58 412.74 2898.78
188.00 15.00 -19335.65 -19406.15 412.74 2898.78
189.00 15.00 -19335.65 -19452.80 412.74 2898.78
190.00 15.00 -19335.65 -19454.82 412.74 2898.78
191.00 15.00 -19335.65 -19438.17 412.74 2898.78
192.00 15.00 -19335.65 -19445.79 412.74 2898.78
193.00 15.00 -19335.65 -19435.85 412.74 2898.78
194.00 15.00 -19335.65 -19437.81 412.74 2898.78
195.00 15.00 -19335.65 -19461.79 412.74 2898.78
196.00 15.00 -19335.65 -19409.73 412.74 2898.78
197.00 15.00 -19335.65 -19447.93 412.74 2898.78
198.00 15.00 -19335.65 -19440.40 412.74 2898.78
199.00 15.00 -19335.65 -19382.21 412.74 2898.78
200.00 15.00 -19335.65 -19357.26 412.74 2898.78
201.00 15.00 -19335.65 -19434.06 412.74 2898.78
202.00 15.00 -19335.65 -19411.71 412.74 2898.78
203.00 15.00 -19335.65 -19429.49 412.74 2898.78
204.00 15.00 -19335.65 -19391.86 412.74 2898.78
205.00 15.00 -19335.65 -19411.87 412.74 2898.78
206.00 15.00 -19335.65 -19459.07 412.74 2898.78
207.00 15.00 -19335.65 -19428.00 412.74 2898.78
208.00 15.00 -19335.65 -19451.26 412.74 2898.78
209.00 15.00 -19335.65 -19364.89 412.74 2898.78
210.00 15.00 -19335.65 -19431.41 412.74 2898.78
211.00 15.00 -19335.65 -19386.32 412.74 2898.78
212.00 15.00 -19335.65 -19376.13 412.74 2898.78
213.00 15.00 -19335.65 -19350.83 412.74 2898.78
214.00 15.00 -19335.65 -19417.07 412.74 2898.78
215.00 15.00 -19335.65 -19477.11 412.74 2898.78
216.00 15.00 -19335.65 -19366.36 412.74 2898.78
217.00 15.00 -19335.65 -19351.73 412.74 2898.78
218.00 15.00 -26045.50 -26095.52 412.74 2898.78
219.00 15.00 -26045.50 -26163.43 412.74 2898.78
220.00 15.00 -26045.50 -26161.69 412.74 2898.78
221.00 15.00 -26045.50 -26147.20 412.74 2898.78
222.00 15.00 -26045.50 -26188.20 412.74 2898.78
223.00 15.00 -26045.50 -26183.93 412.74 2898.78
224.00 15.00 -26045.50 -26161.10 412.74 2898.78
225.00 15.00 -26045.50 -26052.91 412.74 2898.78
226.00 15.00 -26045.50 -26107.28 412.74 2898.78
227.00 15.00 -26045.50 -26207.06 412.74 2898.78
228.00 15.00 -26045.50 -26049.93 412.74 2898.78
229.00 15.00 -26045.50 -26249.44 412.74 2898.78
230.00 15.00 -26045.50 -26236.97 412.74 2898.78
231.00 16.00 -26043.84 -26043.84 415.11 2897.84
232.00 16.00 -26043.84 -26123.41 415.11 2897.84
233.00 16.00 -26043.84 -26126.14 415.11 2897.84
234.00 16.00 -26043.84 -26194.07 415.11 2897.84
235.00 16.00 -26043.84 -26175.20 415.11 2897.84
236.00 16.00 -26043.84 -26101.62 415.11 2897.84
237.00 16.00 -26043.84 -26100.41 415.11 2897.84
238.00 16.00 -26043.84 -26115.86 415.11 2897.84
239.00 16.00 -26043.84 -26088.78 415.11 2897.84
240.00 16.00 -26043.84 -26221.78 415.11 2897.84
241.00 16.00 -26043.84 -26180.75 415.11 2897.84
242.00 17.00 -26008.97 -26008.97 410.99 2883.53
243.00 17.00 -26008.97 -26205.25 410.99 2883.53
244.00 17.00 -26008.97 -26216.44 410.99 2883.53
245.00 17.00 -26008.97 -26291.45 410.99 2883.53
246.00 17.00 -26008.97 -26152.81 410.99 2883.53
247.00 17.00 -26008.97 -26053.06 410.99 2883.53
248.00 17.00 -26008.97 -26169.02 410.99 2883.53
249.00 17.00 -26008.97 -26180.26 410.99 2883.53
250.00 17.00 -26008.97 -26144.74 410.99 2883.53
251.00 17.00 -26008.97 -26047.67 410.99 2883.53
252.00 17.00 -26008.97 -26185.08 410.99 2883.53
253.00 17.00 -26008.97 -26064.20 410.99 2883.53
254.00 17.00 -26008.97 -26135.01 410.99 2883.53
255.00 17.00 -26008.97 -26080.40 410.99 2883.53
256.00 17.00 -26008.97 -26176.49 410.99 2883.53
257.00 17.00 -26008.97 -26173.82 410.99 2883.53
258.00 17.00 -26008.97 -26176.61 410.99 2883.53
259.00 17.00 -26008.97 -26228.99 410.99 2883.53
260.00 17.00 -26008.97 -26188.33 410.99 2883.53
261.00 17.00 -26008.97 -26251.15 410.99 2883.53
262.00 17.00 -26008.97 -26208.84 410.99 2883.53
263.00 17.00 -26008.97 -26092.63 410.99 2883.53
264.00 17.00 -26008.97 -26144.99 410.99 2883.53
265.00 17.00 -26008.97 -26071.39 410.99 2883.53
266.00 17.00 -26008.97 -26123.45 410.99 2883.53
267.00 17.00 -26008.97 -26154.01 410.99 2883.53
268.00 17.00 -26008.97 -26078.53 410.99 2883.53
269.00 17.00 -26008.97 -26167.35 410.99 2883.53
270.00 17.00 -26008.97 -26088.31 410.99 2883.53
271.00 17.00 -26008.97 -26118.99 410.99 2883.53
272.00 17.00 -26008.97 -26027.34 410.99 2883.53
273.00 17.00 -26008.97 -26228.20 410.99 2883.53
274.00 17.00 -26008.97 -26193.23 410.99 2883.53
275.00 17.00 -26008.97 -26016.04 410.99 2883.53
276.00 17.00 -26008.97 -26247.94 410.99 2883.53
277.00 17.00 -26008.97 -26107.93 410.99 2883.53
278.00 17.00 -26008.97 -26167.07 410.99 2883.53
279.00 17.00 -26008.97 -26222.36 410.99 2883.53
280.00 17.00 -26008.97 -26178.46 410.99 2883.53
281.00 17.00 -26008.97 -26075.77 410.99 2883.53
282.00 17.00 -26008.97 -26090.81 410.99 2883.53
283.00 17.00 -26008.97 -26246.61 410.99 2883.53
284.00 17.00 -26008.97 -26219.15 410.99 2883.53
285.00 17.00 -26008.97 -26310.51 410.99 2883.53
286.00 17.00 -26008.97 -26153.43 410.99 2883.53
287.00 17.00 -26008.97 -26171.70 410.99 2883.53
288.00 17.00 -26008.97 -26264.87 410.99 2883.53
289.00 17.00 -26008.97 -26156.51 410.99 2883.53
290.00 17.00 -26008.97 -26178.14 410.99 2883.53
291.00 17.00 -26008.97 -26192.71 410.99 2883.53
292.00 17.00 -26008.97 -26174.01 410.99 2883.53
293.00 17.00 -26008.97 -26121.41 410.99 2883.53
294.00 17.00 -26008.97 -26088.35 410.99 2883.53
295.00 17.00 -26008.97 -26191.58 410.99 2883.53
296.00 17.00 -26008.97 -26182.58 410.99 2883.53
297.00 17.00 -26008.97 -26271.02 410.99 2883.53
298.00 17.00 -26008.97 -26217.13 410.99 2883.53
299.00 17.00 -26008.97 -26174.73 410.99 2883.53
300.00 17.00 -26008.97 -26125.92 410.99 2883.53
301.00 17.00 -26008.97 -26203.16 410.99 2883.53
302.00 17.00 -26008.97 -26185.69 410.99 2883.53
303.00 17.00 -26008.97 -26247.05 410.99 2883.53
304.00 17.00 -26008.97 -26102.55 410.99 2883.53
305.00 17.00 -26008.97 -26055.14 410.99 2883.53
306.00 17.00 -26008.97 -26166.32 410.99 2883.53
307.00 17.00 -26008.97 -26159.38 410.99 2883.53
308.00 17.00 -26008.97 -26215.44 410.99 2883.53
309.00 17.00 -26008.97 -26036.74 410.99 2883.53
310.00 17.00 -26008.97 -26186.14 410.99 2883.53
311.00 17.00 -26008.97 -26233.91 410.99 2883.53
312.00 17.00 -26008.97 -26204.24 410.99 2883.53
313.00 17.00 -26008.97 -26168.47 410.99 2883.53
314.00 17.00 -26008.97 -26253.30 410.99 2883.53
315.00 17.00 -26008.97 -26078.75 410.99 2883.53
316.00 17.00 -26008.97 -26151.60 410.99 2883.53
