[0.000e+00 9.000e-01 1.092e+00 1.500e+00 1.000e-06 5.000e-01 1.000e+00
 5.000e-03 1.000e-03 1.000e-03 5.000e-01 5.000e+00 2.400e+04 5.000e+00
 1.000e-02]	829.6476739492616
[4.000e-02 9.000e-01 1.092e+00 1.500e+00 1.000e-06 5.000e-01 1.000e+00
 5.000e-03 1.000e-03 1.000e-03 5.000e-01 5.000e+00 2.400e+04 5.000e+00
 1.000e-02]	825.7270230313876
[8.000e-02 9.000e-01 1.092e+00 1.500e+00 1.000e-06 5.000e-01 1.000e+00
 5.000e-03 1.000e-03 1.000e-03 5.000e-01 5.000e+00 2.400e+04 5.000e+00
 1.000e-02]	827.3710245585993
[1.200e-01 9.000e-01 1.092e+00 1.500e+00 1.000e-06 5.000e-01 1.000e+00
 5.000e-03 1.000e-03 1.000e-03 5.000e-01 5.000e+00 2.400e+04 5.000e+00
 1.000e-02]	833.8281336807837
