1.00
428.99
428.99
428.99
428.99
428.99
424.57
422.21
422.21
422.21
422.21
422.21
422.21
421.98
421.98
421.98
421.98
421.98
421.26
421.26
421.26
421.26
421.26
421.26
421.26
421.26
421.26
421.26
420.65
420.65
420.65
420.65
420.65
420.65
420.65
420.65
420.65
420.65
420.65
420.65
420.65
420.65
420.65
420.65
420.65
420.65
420.65
420.65
420.65
420.65
420.65
420.65
420.65
420.65
420.65
420.65
420.65
420.65
420.65
420.65
420.65
420.65
420.65
420.65
420.65
420.65
420.65
420.65
420.65
420.65
420.65
420.65
420.65
420.65
420.65
420.65
420.65
420.65
420.65
420.65
420.65
420.65
420.65
420.65
420.65
420.65
420.65
420.65
420.65
420.65
420.65
420.65
420.65
420.65
420.65
420.65
420.65
420.65
420.65
420.65
420.65
420.65
420.65
420.65
420.65
420.65
420.65
420.65
420.65
420.65
420.65
420.65
420.65
420.65
420.65
420.65
420.65
420.65
420.65
420.65
420.65
420.65
420.65
420.65
420.65
420.65
420.65
420.65
420.65
420.65
420.65
420.65
420.65
420.65
420.65
420.65
420.65
420.65
420.65
420.65
420.65
420.65
420.65
420.65
420.65
420.65
420.65
420.65
420.65
420.65
420.65
420.65
420.65
420.65
420.65
420.65
420.65
420.65
420.65
420.65
420.65
420.65
420.65
420.65
420.65
420.65
420.65
420.65
420.65
420.65
420.65
420.65
420.65
420.65
420.65
420.65
420.65
420.65
420.65
420.65
420.65
420.65
420.65
420.65
420.65
420.65
420.65
420.65
420.65
420.65
420.65
420.65
420.65
