428.42
426.38
426.38
426.38
426.38
426.38
424.31
424.31
424.31
424.31
424.31
424.31
424.31
424.31
424.31
424.31
424.31
424.31
424.31
424.31
424.31
424.31
424.31
424.31
424.31
424.31
424.31
424.31
424.31
424.31
424.31
424.31
424.31
424.31
424.31
424.31
424.31
424.31
424.31
424.31
424.31
424.31
424.31
424.31
424.31
424.31
424.31
424.31
424.31
424.31
424.31
424.31
424.31
424.31
424.31
424.31
424.31
424.31
424.31
424.31
424.31
424.31
424.31
424.31
424.31
424.31
424.31
424.31
424.31
424.31
424.31
423.36
423.36
423.36
423.36
422.72
422.72
422.72
422.72
422.72
422.72
422.72
422.72
422.72
422.72
422.72
422.72
422.72
422.72
422.72
422.72
422.72
422.72
422.72
422.72
422.72
422.72
422.72
422.72
422.72
422.72
422.72
422.72
422.72
422.72
422.72
422.72
422.72
422.72
422.72
422.72
422.72
422.72
422.72
422.72
422.72
422.72
422.72
422.72
422.72
422.72
422.72
422.72
422.72
422.72
422.72
422.72
422.72
422.72
422.72
422.72
422.72
422.72
422.72
422.72
422.72
422.72
422.72
422.72
422.72
422.72
422.72
422.33
422.33
422.33
422.33
422.33
422.33
422.33
422.33
422.33
422.33
422.33
422.33
422.33
422.33
422.33
422.33
422.33
422.33
422.33
422.33
422.33
422.33
422.33
422.33
422.33
422.33
422.33
422.33
422.33
422.33
422.33
422.33
422.33
422.33
422.33
422.33
422.33
422.33
421.70
421.70
421.70
421.70
421.70
421.70
421.70
421.70
421.70
421.70
421.70
421.70
421.70
