424.34
424.34
424.34
424.34
424.34
424.34
424.34
424.34
424.34
424.34
424.34
424.34
424.34
424.34
424.34
424.34
424.34
424.34
424.34
424.34
424.34
424.34
424.34
424.34
424.34
424.34
424.11
424.11
424.11
424.11
424.11
424.11
424.11
424.11
424.11
424.11
424.11
424.11
424.11
424.11
424.11
424.11
422.31
422.31
422.31
422.31
422.31
422.31
422.31
422.31
422.31
422.31
422.31
422.31
422.31
422.31
422.31
422.31
422.31
422.31
422.31
422.31
422.31
422.31
422.31
422.31
422.31
422.31
422.31
422.31
422.31
422.31
422.31
422.31
422.31
422.31
422.31
422.31
422.31
422.31
422.31
422.31
422.31
422.31
422.31
422.31
422.31
422.31
422.31
422.31
422.31
422.31
422.31
422.31
422.31
422.31
422.31
422.31
422.31
422.31
422.31
422.31
422.31
422.31
422.31
422.31
422.31
422.31
422.31
422.31
422.31
422.31
422.31
422.31
422.31
422.31
422.31
422.31
422.31
422.31
422.31
422.31
422.31
422.31
422.31
422.31
422.31
422.31
422.31
422.31
422.31
422.31
422.31
422.31
422.31
422.31
422.31
422.31
422.31
422.31
422.31
422.31
422.31
422.31
422.31
422.31
422.31
422.31
422.31
422.31
422.31
422.31
422.31
422.31
422.31
422.31
422.31
422.31
422.31
422.31
422.31
422.31
422.31
422.31
422.31
422.31
422.31
422.31
422.31
422.31
422.31
422.31
422.31
422.31
422.31
422.31
422.31
422.31
422.31
422.31
422.31
422.31
422.31
422.31
422.31
422.31
422.31
422.31
422.31
422.31
422.31
422.31
