1.00
428.30
426.44
426.44
426.44
426.44
426.44
426.44
426.44
426.44
426.44
426.44
426.44
426.44
426.44
426.44
426.44
426.44
426.44
426.44
426.44
426.44
426.44
426.44
426.44
426.44
426.44
426.44
426.44
426.44
426.44
426.44
426.44
426.44
426.44
426.44
426.44
426.44
426.44
426.44
426.44
426.44
426.44
426.44
426.44
426.44
426.44
426.44
426.44
426.44
426.44
426.44
426.44
426.44
426.44
426.44
426.44
426.44
426.44
426.44
426.44
426.44
426.44
421.46
421.46
421.46
421.46
421.46
421.46
421.46
421.46
421.46
421.46
421.46
421.46
421.46
421.46
421.46
421.46
421.46
421.46
421.46
421.46
421.46
421.46
421.46
421.46
421.46
421.46
421.46
421.46
421.46
421.46
421.46
421.46
421.46
421.46
421.46
421.46
421.46
421.46
421.46
421.46
421.46
421.46
421.46
421.46
421.46
421.46
421.46
421.46
421.46
421.46
421.46
421.46
421.46
421.46
421.46
421.46
421.46
421.46
421.46
421.46
421.46
421.46
421.46
421.46
421.46
421.46
421.46
421.46
421.46
421.46
421.46
421.46
421.46
421.46
421.46
421.46
421.46
421.46
421.46
421.46
421.46
421.46
421.46
421.46
421.46
421.46
421.46
421.46
421.46
421.46
421.46
421.46
421.46
421.46
421.46
421.46
421.46
421.46
421.46
421.46
421.46
421.46
421.46
421.46
421.46
421.46
421.46
421.46
421.46
421.46
421.46
421.46
421.46
421.46
421.46
421.46
421.46
421.46
421.46
421.46
421.46
421.46
421.46
421.46
421.46
421.46
421.46
421.46
421.46
421.46
