430.41
430.41
430.41
430.41
430.41
430.41
430.41
430.41
429.57
429.12
429.12
429.12
424.39
424.39
424.39
424.37
424.37
424.37
424.37
424.37
424.37
424.37
424.05
424.05
424.05
424.05
424.05
424.05
424.05
424.05
424.05
420.29
420.29
420.29
420.29
420.29
420.29
420.29
420.29
420.29
420.29
420.29
420.29
420.29
420.29
420.29
420.29
420.29
420.29
420.29
420.29
420.29
420.29
420.29
420.29
420.29
420.29
420.29
420.29
420.29
420.29
420.29
420.29
420.29
420.29
420.29
420.29
420.29
420.29
420.29
420.29
420.29
420.29
419.70
419.70
419.70
419.70
419.70
419.70
419.39
419.39
419.39
419.39
419.39
419.39
419.39
419.39
419.39
419.39
419.39
419.39
419.39
419.39
419.39
419.39
419.39
419.39
419.39
419.39
419.39
419.39
419.39
419.39
419.39
419.39
419.39
419.39
419.39
419.39
419.39
419.39
419.39
419.39
419.39
419.39
419.39
419.39
419.39
419.39
419.39
419.39
419.39
419.39
419.39
419.39
419.39
419.39
419.39
419.39
419.39
419.39
419.39
419.39
419.39
419.39
419.39
419.39
419.39
419.39
419.39
419.39
419.39
419.39
419.39
419.39
419.39
419.39
419.39
419.39
419.39
419.39
419.39
419.39
419.39
419.39
419.39
419.39
419.39
419.39
419.39
419.39
419.39
419.39
419.39
419.39
419.39
419.39
419.39
419.39
419.39
419.39
419.39
419.39
419.39
419.39
419.39
419.39
419.39
419.39
419.39
419.39
419.39
419.39
419.39
419.39
419.39
419.39
419.39
419.39
419.39
419.39
419.39
419.39
