42 94
42 95
42 96
43 94
43 95
43 96
44 94
44 95
44 96
44 97
45 85
45 93
45 94
45 95
45 96
45 97
45 98
46 71
46 78
46 79
46 80
46 81
46 83
46 85
46 93
46 94
46 95
46 96
46 97
46 98
47 70
47 71
47 78
47 79
47 80
47 81
47 82
47 83
47 84
47 85
47 86
47 87
47 88
47 89
47 93
47 94
47 95
47 96
47 97
47 98
47 99
47 100
48 67
48 68
48 69
48 70
48 71
48 79
48 80
48 81
48 82
48 83
48 84
48 85
48 86
48 87
48 88
48 89
48 90
48 91
48 92
48 93
48 94
48 95
48 96
48 97
48 98
48 99
48 100
49 69
49 70
49 71
49 72
49 76
49 77
49 78
49 79
49 80
49 81
49 82
49 83
49 84
49 85
49 86
49 87
49 88
49 89
49 90
49 91
49 92
49 93
49 94
49 95
49 96
49 97
49 98
49 99
49 100
49 101
50 66
50 67
50 68
50 69
50 70
50 71
50 72
50 73
50 74
50 75
50 76
50 77
50 78
50 79
50 80
50 81
50 82
50 83
50 84
50 85
50 86
50 87
50 88
50 89
50 90
50 91
50 92
50 93
50 94
50 95
50 96
50 97
50 98
50 99
50 100
50 101
50 104
51 65
51 66
51 67
51 68
51 69
51 70
51 71
51 72
51 73
51 74
51 75
51 76
51 77
51 78
51 79
51 80
51 81
51 82
51 83
51 84
51 85
51 86
51 87
51 88
51 89
51 90
51 91
51 92
51 93
51 94
51 95
51 96
51 97
51 98
51 99
51 100
51 101
51 102
51 103
51 104
52 66
52 67
52 68
52 69
52 70
52 71
52 72
52 73
52 74
52 75
52 76
52 77
52 78
52 79
52 80
52 81
52 82
52 83
52 84
52 85
52 86
52 87
52 88
52 89
52 90
52 91
52 92
52 93
52 94
52 95
52 96
52 97
52 98
52 99
52 100
52 101
52 102
52 103
53 66
53 67
53 68
53 69
53 70
53 71
53 72
53 73
53 74
53 75
53 76
53 77
53 78
53 79
53 80
53 81
53 82
53 83
53 84
53 85
53 86
53 87
53 88
53 89
53 90
53 91
53 92
53 93
53 94
53 95
53 96
53 97
53 98
53 99
53 100
53 101
53 102
53 103
54 67
54 68
54 69
54 70
54 71
54 72
54 73
54 74
54 75
54 76
54 77
54 78
54 79
54 80
54 81
54 82
54 83
54 84
54 85
54 86
54 87
54 88
54 89
54 90
54 91
54 92
54 93
54 94
54 95
54 96
54 97
54 98
54 99
54 100
54 101
54 102
55 68
55 69
55 70
55 71
55 72
55 73
55 74
55 75
55 76
55 77
55 78
55 79
55 80
55 81
55 82
55 83
55 84
55 85
55 86
55 87
55 88
55 89
55 90
55 91
55 92
55 93
55 94
55 95
55 96
55 97
55 98
55 99
55 100
55 101
55 102
56 67
56 68
56 69
56 70
56 71
56 72
56 73
56 74
56 75
56 76
56 77
56 78
56 79
56 80
56 81
56 82
56 83
56 84
56 85
56 86
56 87
56 88
56 89
56 90
56 91
56 92
56 93
56 94
56 95
56 96
56 97
56 98
56 99
56 100
57 68
57 69
57 70
57 71
57 72
57 73
57 74
57 75
57 76
57 77
57 78
57 79
57 80
57 81
57 82
57 83
57 84
57 85
57 86
57 87
57 88
57 89
57 90
57 91
57 92
57 93
57 94
57 95
57 96
57 97
57 98
57 99
57 100
58 68
58 69
58 70
58 71
58 72
58 73
58 74
58 75
58 76
58 77
58 78
58 79
58 80
58 81
58 82
58 83
58 84
58 85
58 86
58 87
58 88
58 89
58 90
58 91
58 92
58 93
58 94
58 95
58 96
58 99
58 102
59 69
59 70
59 71
59 72
59 73
59 74
59 75
59 76
59 77
59 78
59 79
59 80
59 81
59 82
59 83
59 84
59 85
59 86
59 87
59 88
59 89
59 90
59 91
59 92
59 93
59 94
60 70
60 71
60 72
60 73
60 74
60 75
60 76
60 77
60 78
60 79
60 80
60 81
60 82
60 83
60 84
60 85
60 86
60 87
60 88
60 89
60 90
60 91
60 92
60 93
61 71
61 72
61 73
61 74
61 75
61 76
61 77
61 78
61 79
61 80
61 81
61 82
61 83
61 84
61 85
61 86
61 87
61 88
61 89
61 90
61 91
61 92
62 71
62 72
62 73
62 74
62 75
62 76
62 77
62 78
62 79
62 80
62 81
62 82
62 83
62 84
62 85
62 86
62 87
62 88
62 89
62 90
62 91
62 92
63 73
63 74
63 78
63 79
63 80
63 81
63 82
63 83
63 84
63 85
63 86
63 87
63 88
63 89
63 90
63 91
64 77
64 79
64 80
64 81
64 82
64 83
64 84
64 85
64 86
64 87
64 88
64 89
64 90
64 91
65 78
65 79
65 80
65 81
65 82
65 83
65 84
65 85
65 86
65 87
65 88
65 89
65 90
65 91
65 92
66 82
66 83
66 84
66 85
66 86
66 87
66 88
66 89
66 90
66 91
66 92
67 82
67 83
67 84
67 85
67 86
67 87
67 88
67 89
67 90
67 91
68 82
68 83
68 84
68 85
68 86
68 87
68 88
68 89
68 90
68 91
69 82
69 83
69 84
69 85
69 86
69 87
69 88
69 89
70 81
70 82
70 83
70 84
70 85
70 86
70 87
70 88
70 89
71 81
71 82
71 83
71 84
71 85
71 86
71 87
71 88
71 89
72 80
72 81
72 82
72 83
72 84
72 85
72 86
72 87
73 80
73 81
73 82
73 83
73 84
73 85
74 78
74 79
74 80
74 81
74 82
74 83
74 84
74 85
75 78
75 79
75 80
75 81
75 82
75 83
75 84
75 85
75 86
75 87
76 78
76 79
76 80
76 81
76 82
76 83
76 84
76 85
76 86
76 87
76 88
77 77
77 78
77 79
77 80
77 81
77 82
77 83
77 84
77 85
77 86
77 87
77 88
77 89
78 76
78 77
78 78
78 79
78 80
78 81
78 82
78 83
78 84
78 85
78 86
78 87
78 88
79 76
79 77
79 78
79 79
79 80
79 81
79 82
79 83
79 84
79 85
79 86
79 87
80 75
80 76
80 77
80 78
80 79
80 80
80 81
80 82
80 83
80 84
80 85
80 86
80 87
80 88
80 89
80 90
81 75
81 76
81 77
81 78
81 79
81 80
81 81
81 82
81 83
81 84
81 85
81 86
81 89
81 90
81 91
82 75
82 76
82 77
82 78
82 79
82 80
82 81
82 82
82 83
82 84
82 85
82 86
82 89
82 90
83 75
83 76
83 77
83 78
83 79
83 80
83 81
83 82
83 83
83 84
83 85
83 86
83 89
84 75
84 76
84 77
84 78
84 79
84 80
84 81
84 82
84 83
84 84
84 85
84 86
84 88
84 89
85 75
85 76
85 77
85 78
85 79
85 80
85 81
85 82
85 83
85 84
85 85
85 86
86 75
86 76
86 77
86 78
86 79
86 80
86 81
86 82
86 83
86 84
86 85
86 86
87 75
87 76
87 77
87 78
87 79
87 80
87 81
87 82
87 83
87 84
87 85
87 86
87 87
88 75
88 76
88 77
88 78
88 79
88 80
88 81
88 82
88 83
88 84
88 85
88 86
88 87
89 75
89 76
89 77
89 78
89 79
89 80
89 81
89 82
89 83
89 84
89 85
89 86
90 75
90 76
90 77
90 78
90 79
90 80
90 81
90 82
90 83
90 84
90 85
90 86
91 76
91 77
91 78
91 79
91 80
91 81
91 82
91 83
91 84
91 85
92 78
92 79
92 80
92 81
92 82
92 83
92 84
92 85
93 78
93 79
93 80
93 81
93 82
93 83
93 84
93 85
94 79
94 80
94 81
94 82
94 83
94 84
94 85
94 86
95 78
95 79
95 80
95 81
95 82
95 83
95 84
95 85
95 86
95 87
96 78
96 79
96 80
