5.920827983124397065e+01 1.686106586788813999e+01 -8.554766528447441232e+00 -1.294525290549662202e+02 -5.255071882545804556e+02 -8.314408969141754824e+02 -9.412171245756991311e+02 -1.251212297222757797e+03 -1.456684656552555452e+03 -1.449979086427194034e+03 -1.494097675853423652e+03 -1.610711128765669855e+03 -1.902000153717453941e+03 -1.857514399696239025e+03 -1.985630022295081972e+03 -2.264352393833172755e+03 -2.435433952333654361e+03 -2.524346799648023079e+03 -2.521594630270009930e+03 -2.500687097902603909e+03
2.150670774783027355e+02 5.905696213596913680e+01 1.416897810993250628e+00 -2.998422912246865479e+01 -1.472399191996142633e+02 -5.738059892478302118e+02 -8.769832398794599158e+02 -1.080383607184185166e+03 -1.386580173408872042e+03 -1.310576974392478178e+03 -1.309678331051108898e+03 -1.439349310559305877e+03 -1.573010285009643212e+03 -1.675623412782063497e+03 -1.767817902449373378e+03 -1.984806197806171667e+03 -2.121384429315332454e+03 -2.384917979918032415e+03 -2.506117776441657952e+03 -2.540649530959498406e+03
9.509086109498553014e+02 2.835454607955640540e+02 6.114615593056891640e+01 -1.292848916104146717e+01 -4.507666218900675403e+01 -2.597087147010607282e+02 -6.191300012246865663e+02 -6.514072667743490683e+02 -1.135153835168756132e+03 -1.229962778032786673e+03 -1.165226320395371204e+03 -1.167120851976856329e+03 -1.267193147189006595e+03 -1.501079585978784962e+03 -1.577457389204435913e+03 -1.801478477574735052e+03 -1.903707123225651003e+03 -2.110617931268080611e+03 -2.360300928341368945e+03 -2.453890219773384615e+03
1.294077656542911882e+03 7.168692309402118781e+02 3.152643672131146673e+02 1.020870108389584630e+02 -3.083498564127290820e+01 -8.739109659112823181e+01 -2.726842945323048184e+02 -2.979075216055931605e+02 -7.078750821986498067e+02 -1.193177882217936485e+03 -1.000724322651880470e+03 -9.738629723432981109e+02 -9.581779951832209008e+02 -1.212162405458052035e+03 -1.509362434594985643e+03 -1.722610338461909350e+03 -1.861488679551591076e+03 -1.954393947246865991e+03 -2.114810708968177096e+03 -2.247585520033750981e+03
1.852807906827386887e+03 1.490024149860173338e+03 6.902609846287367645e+02 4.742377195033751036e+02 1.021932187367406186e+02 -5.457896840887173795e+01 -8.003663209739633544e+01 -1.072465524879460048e+02 -4.464598668466728100e+02 -9.241993226856317278e+02 -6.836889733124398845e+02 -8.088729055207328429e+02 -8.850893279170685446e+02 -9.763336261957568922e+02 -1.548390424262295255e+03 -1.813809103172613277e+03 -1.941195611547734188e+03 -1.978381388351012674e+03 -2.012708613524590191e+03 -2.087690438153326795e+03
1.246864763307618205e+03 1.755966161152362474e+03 1.115773349922854550e+03 6.552786362343297242e+02 4.190269156123434300e+02 -4.674070038572824437e+00 -7.261826208775313773e+01 -9.076128478302796054e+01 -2.876012826325938931e+02 -5.438408444310513232e+02 -4.352543059450338205e+02 -5.805597532931531077e+02 -9.106194964127290632e+02 -9.424585761282546628e+02 -1.522977767280617400e+03 -1.827837879141755138e+03 -1.990055085954676997e+03 -2.033304470916104037e+03 -2.037517679358727037e+03 -2.063415558664416494e+03
7.199267272275800451e+02 1.343514796012536863e+03 1.485115684773385055e+03 6.106697010993250387e+02 2.030427798698169681e+02 4.675689495178398403e+01 -4.126787937801352513e+01 -8.918879111378979019e+01 -1.252997180327869273e+02 -2.260193528351014436e+02 -2.642163288862103059e+02 -3.477585796865959082e+02 -8.520103494358722855e+02 -9.881172588910318382e+02 -1.147635295419479462e+03 -1.508990512704918274e+03 -1.868212585356798400e+03 -1.998189090443587247e+03 -2.041033552473481222e+03 -2.083567550920925441e+03
5.682853091947927169e+02 7.352099148360659910e+02 1.066660827839923058e+03 6.290752570684668399e+02 1.923112951350047979e+02 9.923001467213117621e+01 -1.788785368852459712e+01 -6.517398637897782976e+01 -1.012460647540983558e+02 -1.010318113693346334e+02 -1.423115618177435522e+02 -1.707794690597878002e+02 -6.741355364946957707e+02 -1.071034738534233384e+03 -1.129464160752169619e+03 -1.163497256600771379e+03 -1.567432337555448157e+03 -1.989057008206364344e+03 -2.057182332184185270e+03 -2.122121930351976971e+03
9.458828406123429886e+02 6.523005610945032231e+02 5.962414288910320010e+02 7.573131665670202892e+02 3.228513134426228817e+02 1.414460898216007649e+02 2.560195641272911438e+00 -4.541976367888139521e+01 -9.860000979267117316e+01 -9.013635227579557352e+01 -9.562593515429122704e+01 -8.207029567502411282e+01 -2.922726367261327027e+02 -8.038543359112824191e+02 -1.115680203693346130e+03 -1.101409006263259471e+03 -1.263037551991320925e+03 -1.703786952208293314e+03 -1.889171413206364377e+03 -2.059152903524590329e+03
1.860793586417550387e+03 1.467555624691417279e+03 5.695990408293152996e+02 5.190014033269046649e+02 6.267600344165862225e+02 2.460152836595950134e+02 6.762442190935394137e+01 -2.224453518322082957e+01 -7.744889841369332828e+01 -1.004309028061716589e+02 -9.145515433461910959e+01 -8.271018244455159163e+01 -1.700774238910316285e+02 -4.296801999614270926e+02 -8.297002327386694560e+02 -1.058689859705882554e+03 -1.142136142974927679e+03 -1.215604512651880441e+03 -1.355990368365477025e+03 -1.720500747690453181e+03
1.907824711306654308e+03 1.826042438707811471e+03 1.012345807921889673e+03 4.486641814802313775e+02 4.874663664416586926e+02 5.810356935053038114e+02 1.973128593056894715e+02 2.346214361620048194e+01 -4.796256339440693495e+01 -1.062053967984570875e+02 -1.176888051157183810e+02 -1.270971074879459763e+02 -1.545049632304724696e+02 -2.232222520588235568e+02 -4.053872510848603383e+02 -8.236565480665382211e+02 -1.022766491089681836e+03 -9.749947814223723981e+02 -8.475507766586306388e+02 -1.184027026557376757e+03
1.156840525106076029e+03 1.219532710289296574e+03 1.333549923495660778e+03 7.806948687704913254e+02 5.287802732786881279e+02 5.717451480472515186e+02 4.289090172806165810e+02 2.652493333076176896e+02 -1.942700443587328962e+00 -9.188786793635487982e+01 -1.501328288090646197e+02 -1.598121739488910293e+02 -1.549630637608486268e+02 -1.577231706027001508e+02 -2.169339318273868855e+02 -4.179905327338478287e+02 -8.728146807039537407e+02 -8.145817258293160421e+02 -6.215544996287370623e+02 -8.595508708196723546e+02
6.888280574397304008e+02 8.029506887897784964e+02 1.081420491133076894e+03 9.405012445226617501e+02 7.773267421745417778e+02 6.465324673191900047e+02 5.874928173432982703e+02 3.317753442430088739e+02 6.503091280617164216e+01 -4.023863742044363789e+01 -1.269823581967213499e+02 -1.509782328736740737e+02 -1.464712893056894814e+02 -1.352437667550626941e+02 -1.325258354387657391e+02 -2.799113310800386216e+02 -7.668978961812920261e+02 -5.817346841176477028e+02 -4.115245594214080143e+02 -5.494892383124397384e+02
8.826888274879454457e+02 6.627744479315330182e+02 6.449866171890070063e+02 6.728283926036644971e+02 8.276760218273868759e+02 7.729663289103181114e+02 4.921611965718418560e+02 2.737710253230471835e+02 1.349332618418515608e+02 5.343128402603661442e+01 -7.664134445515915672e+01 -1.434619091513982596e+02 -1.461458148023143906e+02 -1.296280058871745666e+02 -1.210241861909353815e+02 -1.746071770877531151e+02 -4.939576343394409719e+02 -3.252469705978789989e+02 -2.724394539633557315e+02 -6.204012746190931011e+02
1.163992385602699869e+03 1.012862747912246618e+03 5.417418232786884573e+02 4.917204242189008596e+02 5.027960040887177229e+02 5.788025940646095933e+02 4.632575670202508604e+02 2.777645497492768527e+02 1.060715690597879046e+02 8.297231410318222800e+01 -1.009684919961429550e+01 -9.856455045323045283e+01 -1.383712077868852646e+02 -1.224274857232401104e+02 -1.165614050289295989e+02 -1.374909816682738892e+02 -2.031184327627774451e+02 -1.213494091755064517e+02 -9.563845685631619631e+01 -3.601580286981678114e+02
8.804906824397301079e+02 1.049773080670202489e+03 9.431591926808097242e+02 6.454060807569910594e+02 3.433171598360656276e+02 4.542963301205400626e+02 4.143525454484089323e+02 3.506118196721312188e+02 1.156729896094504255e+02 8.512942438283511137e+01 5.818022537126326199e+01 -4.800523027000959075e+01 -1.209614779218900651e+02 -1.195733628013500578e+02 -1.162822603809064503e+02 -1.201137841658630663e+02 -1.242453395323047403e+02 -9.660215513500487816e+01 -5.663489351976848951e+01 -1.441914384474444830e+02
5.531702857425268576e+02 8.032813285969147046e+02 9.878177742526524980e+02 1.036139554860173575e+03 3.814567844165862311e+02 2.882467977434911290e+02 2.944559051928642930e+02 1.994112203905499427e+02 7.519343199132119082e+01 1.952702720347160792e+01 5.867096931533282600e+01 -2.522121333172606228e+01 -1.112717616152362012e+02 -1.192225824686595814e+02 -1.149264281485052948e+02 -1.184673130520732798e+02 -1.213864827772420227e+02 -1.160601722372227584e+02 -8.461373788331729884e+01 -9.917733869816774472e+01
4.058135145274832212e+02 5.709426519623916647e+02 6.117603380135007001e+02 8.274337483317264059e+02 4.748737076277723759e+02 2.466455559209256592e+02 1.656383052989393434e+02 1.256149105930569050e+02 6.502361936837031919e+01 1.692105469623913905e+01 -1.204739681774345073e+01 -3.968726225168749977e+01 -1.057861827145612210e+02 -1.158719962777242216e+02 -1.118106369141755323e+02 -1.257503442671166738e+02 -1.329318133751205266e+02 -1.297136438283509960e+02 -1.120036341610415036e+02 -1.092872357280616455e+02
3.147863189344261627e+02 3.546339482160079228e+02 4.323113215525556257e+02 5.676851183365477027e+02 5.654827970588233939e+02 4.858463929508195633e+02 2.391109053905495045e+02 1.167934266248794017e+02 8.194440019286406596e+01 1.734690242044361597e+01 -2.530995998071358599e+01 -6.052497579556406748e+01 -9.572507091610414420e+01 -1.019731732594021452e+02 -1.020939876711668290e+02 -1.308038460896817412e+02 -1.469732722613307487e+02 -1.487253827675988305e+02 -1.337645269093538900e+02 -1.698220081581483214e+02
4.074339158582448590e+02 2.456740203278688170e+02 2.229958607232402414e+02 3.483723978833175465e+02 4.217814932979752029e+02 3.440385051591131287e+02 3.437849145612343591e+02 2.141805880520732046e+02 8.396234054001931213e+01 8.640086306653834924e+00 -3.094353229508195824e+01 -8.156672167791704453e+01 -7.617372291224688752e+01 -8.867472258437801713e+01 -1.037723272661523595e+02 -1.389479144021214836e+02 -1.813301758293152375e+02 -2.148010677049179549e+02 -2.694445120588231362e+02 -3.858327131533266083e+02
