0.00 1.00 -17235.79 -17235.79 430.09 2946.49
1.00 1.00 -17235.79 -17260.30 430.09 2946.49
2.00 1.00 -17235.79 -17262.99 430.09 2946.49
3.00 1.00 -17235.79 -17243.73 430.09 2946.49
4.00 1.00 -17235.79 -17248.76 430.09 2946.49
5.00 1.00 -17235.79 -17275.85 430.09 2946.49
6.00 1.00 -17235.79 -17278.08 430.09 2946.49
7.00 1.00 -17235.79 -17255.52 430.09 2946.49
8.00 1.00 -17235.79 -17245.95 430.09 2946.49
9.00 2.00 -17230.55 -17230.55 429.10 2939.84
10.00 2.00 -17230.55 -17251.30 429.10 2939.84
11.00 2.00 -17230.55 -17235.71 429.10 2939.84
12.00 3.00 -17232.65 -17232.65 429.54 2939.12
13.00 4.00 -17233.27 -17233.27 429.70 2926.56
14.00 4.00 -17233.27 -17305.78 429.70 2926.56
15.00 4.00 -17233.27 -17247.90 429.70 2926.56
16.00 4.00 -17233.27 -17270.80 429.70 2926.56
17.00 4.00 -17233.27 -17234.81 429.70 2926.56
18.00 4.00 -17233.27 -17255.02 429.70 2926.56
19.00 4.00 -17233.27 -17265.29 429.70 2926.56
20.00 4.00 -17233.27 -17267.05 429.70 2926.56
21.00 4.00 -17233.27 -17240.90 429.70 2926.56
22.00 5.00 -17195.04 -17195.04 422.04 2935.10
23.00 5.00 -17195.04 -17233.45 422.04 2935.10
24.00 5.00 -17195.04 -17273.32 422.04 2935.10
25.00 5.00 -17195.04 -17246.87 422.04 2935.10
26.00 6.00 -17192.88 -17192.88 421.60 2936.35
27.00 6.00 -17192.88 -17262.81 421.60 2936.35
28.00 6.00 -17192.88 -17247.12 421.60 2936.35
29.00 6.00 -17192.88 -17235.31 421.60 2936.35
30.00 6.00 -17192.88 -17212.04 421.60 2936.35
31.00 6.00 -17192.88 -17259.06 421.60 2936.35
32.00 6.00 -17192.88 -17240.06 421.60 2936.35
33.00 6.00 -17192.88 -17226.99 421.60 2936.35
34.00 6.00 -17192.88 -17208.01 421.60 2936.35
35.00 6.00 -17192.88 -17245.17 421.60 2936.35
36.00 6.00 -17192.88 -17221.54 421.60 2936.35
37.00 6.00 -17192.88 -17239.35 421.60 2936.35
38.00 6.00 -17192.88 -17241.36 421.60 2936.35
39.00 6.00 -17192.88 -17230.13 421.60 2936.35
40.00 6.00 -17192.88 -17229.21 421.60 2936.35
41.00 6.00 -17192.88 -17232.17 421.60 2936.35
42.00 6.00 -17192.88 -17221.91 421.60 2936.35
43.00 6.00 -17192.88 -17235.35 421.60 2936.35
44.00 6.00 -17192.88 -17271.59 421.60 2936.35
45.00 6.00 -17192.88 -17247.20 421.60 2936.35
46.00 6.00 -17192.88 -17203.50 421.60 2936.35
47.00 6.00 -17192.88 -17235.58 421.60 2936.35
48.00 6.00 -17192.88 -17247.05 421.60 2936.35
49.00 6.00 -17192.88 -17230.58 421.60 2936.35
50.00 6.00 -17192.88 -17208.63 421.60 2936.35
51.00 6.00 -17192.88 -17243.24 421.60 2936.35
52.00 6.00 -17192.88 -17248.01 421.60 2936.35
53.00 6.00 -17192.88 -17254.58 421.60 2936.35
54.00 6.00 -17192.88 -17241.85 421.60 2936.35
55.00 6.00 -17192.88 -17247.20 421.60 2936.35
56.00 6.00 -17192.88 -17236.80 421.60 2936.35
57.00 6.00 -17192.88 -17269.77 421.60 2936.35
58.00 6.00 -17192.88 -17230.62 421.60 2936.35
59.00 6.00 -17192.88 -17258.34 421.60 2936.35
60.00 6.00 -17192.88 -17237.70 421.60 2936.35
61.00 6.00 -17192.88 -17255.32 421.60 2936.35
62.00 6.00 -17192.88 -17281.71 421.60 2936.35
63.00 6.00 -17192.88 -17234.15 421.60 2936.35
64.00 6.00 -17192.88 -17215.92 421.60 2936.35
65.00 7.00 -17188.78 -17188.78 420.81 2935.77
66.00 7.00 -17188.78 -17258.97 420.81 2935.77
67.00 7.00 -17188.78 -17220.83 420.81 2935.77
68.00 7.00 -17188.78 -17203.05 420.81 2935.77
69.00 7.00 -17188.78 -17225.63 420.81 2935.77
70.00 7.00 -17188.78 -17244.28 420.81 2935.77
71.00 7.00 -17188.78 -17245.20 420.81 2935.77
72.00 8.00 -17186.41 -17186.41 420.45 2914.90
73.00 8.00 -17186.41 -17259.23 420.45 2914.90
74.00 8.00 -17186.41 -17252.81 420.45 2914.90
75.00 8.00 -17186.41 -17237.97 420.45 2914.90
76.00 8.00 -17186.41 -17227.98 420.45 2914.90
77.00 8.00 -17186.41 -17258.92 420.45 2914.90
78.00 8.00 -17186.41 -17239.61 420.45 2914.90
79.00 8.00 -17186.41 -17225.51 420.45 2914.90
80.00 8.00 -17186.41 -17215.23 420.45 2914.90
81.00 8.00 -17186.41 -17220.87 420.45 2914.90
82.00 8.00 -17186.41 -17221.09 420.45 2914.90
83.00 8.00 -17186.41 -17243.38 420.45 2914.90
84.00 8.00 -17186.41 -17240.67 420.45 2914.90
85.00 8.00 -17186.41 -17243.12 420.45 2914.90
86.00 8.00 -17186.41 -17210.60 420.45 2914.90
87.00 8.00 -17186.41 -17239.50 420.45 2914.90
88.00 8.00 -17186.41 -17216.50 420.45 2914.90
89.00 8.00 -17186.41 -17205.05 420.45 2914.90
90.00 8.00 -17186.41 -17238.29 420.45 2914.90
91.00 8.00 -17186.41 -17219.48 420.45 2914.90
92.00 8.00 -17186.41 -17244.01 420.45 2914.90
93.00 8.00 -17186.41 -17234.16 420.45 2914.90
94.00 8.00 -17186.41 -17211.67 420.45 2914.90
95.00 8.00 -17186.41 -17217.62 420.45 2914.90
96.00 8.00 -17186.41 -17199.20 420.45 2914.90
97.00 8.00 -17186.41 -17234.67 420.45 2914.90
98.00 8.00 -17186.41 -17221.64 420.45 2914.90
99.00 8.00 -17186.41 -17245.76 420.45 2914.90
100.00 8.00 -17186.41 -17226.18 420.45 2914.90
101.00 8.00 -17186.41 -17220.03 420.45 2914.90
102.00 8.00 -17186.41 -17236.97 420.45 2914.90
103.00 8.00 -17186.41 -17246.78 420.45 2914.90
104.00 8.00 -17186.41 -17220.33 420.45 2914.90
105.00 8.00 -17186.41 -17245.82 420.45 2914.90
106.00 8.00 -17186.41 -17222.84 420.45 2914.90
107.00 8.00 -17186.41 -17223.82 420.45 2914.90
108.00 8.00 -17186.41 -17231.77 420.45 2914.90
109.00 8.00 -17186.41 -17228.87 420.45 2914.90
110.00 8.00 -17186.41 -17230.42 420.45 2914.90
111.00 8.00 -17186.41 -17208.05 420.45 2914.90
112.00 8.00 -17186.41 -17230.62 420.45 2914.90
113.00 8.00 -17186.41 -17237.30 420.45 2914.90
114.00 8.00 -17186.41 -17227.52 420.45 2914.90
115.00 8.00 -17186.41 -17244.80 420.45 2914.90
116.00 8.00 -17186.41 -17248.34 420.45 2914.90
117.00 8.00 -17186.41 -17231.69 420.45 2914.90
118.00 8.00 -17186.41 -17194.47 420.45 2914.90
119.00 8.00 -17186.41 -17220.94 420.45 2914.90
120.00 8.00 -17186.41 -17242.13 420.45 2914.90
121.00 8.00 -17186.41 -17233.54 420.45 2914.90
122.00 8.00 -17186.41 -17278.31 420.45 2914.90
123.00 8.00 -17186.41 -17216.63 420.45 2914.90
124.00 8.00 -17186.41 -17281.50 420.45 2914.90
125.00 8.00 -17186.41 -17219.27 420.45 2914.90
126.00 8.00 -17186.41 -17222.60 420.45 2914.90
127.00 8.00 -17186.41 -17231.27 420.45 2914.90
128.00 8.00 -17186.41 -17270.31 420.45 2914.90
129.00 8.00 -17186.41 -17220.39 420.45 2914.90
130.00 8.00 -17186.41 -17213.63 420.45 2914.90
131.00 8.00 -17186.41 -17202.25 420.45 2914.90
132.00 9.00 -17180.52 -17180.52 419.17 2937.04
133.00 9.00 -17180.52 -17205.35 419.17 2937.04
134.00 9.00 -17180.52 -17217.68 419.17 2937.04
135.00 9.00 -17180.52 -17237.24 419.17 2937.04
136.00 9.00 -17180.52 -17254.22 419.17 2937.04
137.00 9.00 -17180.52 -17238.09 419.17 2937.04
138.00 9.00 -17180.52 -17250.28 419.17 2937.04
139.00 9.00 -17180.52 -17243.97 419.17 2937.04
140.00 9.00 -17180.52 -17202.02 419.17 2937.04
141.00 9.00 -17180.52 -17205.68 419.17 2937.04
142.00 9.00 -17180.52 -17211.02 419.17 2937.04
143.00 9.00 -17180.52 -17238.69 419.17 2937.04
144.00 9.00 -17180.52 -17203.99 419.17 2937.04
145.00 9.00 -17180.52 -17247.79 419.17 2937.04
146.00 9.00 -17180.52 -17235.69 419.17 2937.04
147.00 9.00 -17180.52 -17237.50 419.17 2937.04
148.00 9.00 -17180.52 -17206.75 419.17 2937.04
149.00 9.00 -17180.52 -17205.27 419.17 2937.04
150.00 9.00 -17180.52 -17216.97 419.17 2937.04
151.00 9.00 -17180.52 -17181.77 419.17 2937.04
152.00 9.00 -17180.52 -17185.25 419.17 2937.04
153.00 9.00 -17180.52 -17184.87 419.17 2937.04
154.00 9.00 -17180.52 -17196.91 419.17 2937.04
155.00 9.00 -17180.52 -17257.09 419.17 2937.04
156.00 9.00 -17180.52 -17187.53 419.17 2937.04
157.00 9.00 -17180.52 -17198.81 419.17 2937.04
158.00 9.00 -17180.52 -17194.68 419.17 2937.04
159.00 9.00 -17180.52 -17228.59 419.17 2937.04
160.00 9.00 -17180.52 -17214.80 419.17 2937.04
161.00 9.00 -17180.52 -17231.21 419.17 2937.04
162.00 9.00 -17180.52 -17236.59 419.17 2937.04
163.00 9.00 -17180.52 -17209.51 419.17 2937.04
164.00 9.00 -17180.52 -17237.60 419.17 2937.04
165.00 9.00 -17180.52 -17197.78 419.17 2937.04
166.00 9.00 -17180.52 -17231.92 419.17 2937.04
167.00 9.00 -17180.52 -17230.19 419.17 2937.04
168.00 9.00 -17180.52 -17213.88 419.17 2937.04
169.00 9.00 -17180.52 -17231.23 419.17 2937.04
170.00 9.00 -17180.52 -17266.59 419.17 2937.04
171.00 9.00 -17180.52 -17252.40 419.17 2937.04
172.00 9.00 -17180.52 -17217.43 419.17 2937.04
173.00 9.00 -17180.52 -17223.70 419.17 2937.04
174.00 9.00 -17180.52 -17203.99 419.17 2937.04
175.00 9.00 -17180.52 -17233.73 419.17 2937.04
176.00 9.00 -17180.52 -17221.75 419.17 2937.04
177.00 9.00 -17180.52 -17216.30 419.17 2937.04
178.00 9.00 -17180.52 -17264.45 419.17 2937.04
179.00 9.00 -17180.52 -17203.26 419.17 2937.04
180.00 9.00 -17180.52 -17222.54 419.17 2937.04
181.00 9.00 -17180.52 -17228.84 419.17 2937.04
182.00 9.00 -17180.52 -17233.44 419.17 2937.04
183.00 9.00 -17180.52 -17239.31 419.17 2937.04
184.00 9.00 -17180.52 -17214.00 419.17 2937.04
185.00 9.00 -17180.52 -17240.58 419.17 2937.04
186.00 9.00 -17180.52 -17232.67 419.17 2937.04
187.00 9.00 -17180.52 -17217.40 419.17 2937.04
188.00 9.00 -17180.52 -17209.30 419.17 2937.04
189.00 9.00 -17180.52 -17231.43 419.17 2937.04
190.00 9.00 -17180.52 -17241.57 419.17 2937.04
191.00 9.00 -17180.52 -17239.89 419.17 2937.04
192.00 9.00 -17180.52 -17226.07 419.17 2937.04
193.00 9.00 -17180.52 -17201.12 419.17 2937.04
194.00 9.00 -17180.52 -17226.10 419.17 2937.04
