0.00 1.00 -20983.81 -20983.81 425.74 2927.91
1.00 1.00 -20983.81 -20989.75 425.74 2927.91
2.00 1.00 -20983.81 -21036.75 425.74 2927.91
3.00 1.00 -20983.81 -21019.82 425.74 2927.91
4.00 1.00 -20983.81 -21000.88 425.74 2927.91
5.00 1.00 -20983.81 -21023.05 425.74 2927.91
6.00 1.00 -20983.81 -21047.31 425.74 2927.91
7.00 1.00 -20983.81 -21025.06 425.74 2927.91
8.00 1.00 -20983.81 -21026.88 425.74 2927.91
9.00 1.00 -20983.81 -21025.39 425.74 2927.91
10.00 1.00 -20983.81 -21041.62 425.74 2927.91
11.00 1.00 -20983.81 -21002.52 425.74 2927.91
12.00 1.00 -20983.81 -21009.11 425.74 2927.91
13.00 1.00 -20983.81 -21000.75 425.74 2927.91
14.00 1.00 -20983.81 -20985.19 425.74 2927.91
15.00 1.00 -20983.81 -21023.24 425.74 2927.91
16.00 1.00 -20983.81 -21026.88 425.74 2927.91
17.00 1.00 -20983.81 -20987.54 425.74 2927.91
18.00 2.00 -20976.12 -20976.12 424.61 2908.60
19.00 3.00 -20973.65 -20973.65 424.03 2944.74
20.00 3.00 -20973.65 -21004.61 424.03 2944.74
21.00 3.00 -20973.65 -21012.21 424.03 2944.74
22.00 3.00 -20973.65 -21004.58 424.03 2944.74
23.00 3.00 -20973.65 -21005.06 424.03 2944.74
24.00 4.00 -20972.08 -20972.08 423.77 2938.70
25.00 4.00 -20972.08 -21013.27 423.77 2938.70
26.00 4.00 -20972.08 -21041.01 423.77 2938.70
27.00 5.00 -20965.12 -20965.12 422.69 2931.00
28.00 5.00 -20965.12 -21005.01 422.69 2931.00
29.00 5.00 -20965.12 -21009.72 422.69 2931.00
30.00 5.00 -20965.12 -21002.42 422.69 2931.00
31.00 5.00 -20965.12 -21044.37 422.69 2931.00
32.00 5.00 -20965.12 -21026.12 422.69 2931.00
33.00 5.00 -20965.12 -21023.42 422.69 2931.00
34.00 5.00 -20965.12 -21016.36 422.69 2931.00
35.00 5.00 -20965.12 -21001.74 422.69 2931.00
36.00 5.00 -20965.12 -21062.71 422.69 2931.00
37.00 5.00 -20965.12 -21011.37 422.69 2931.00
38.00 5.00 -20965.12 -21010.39 422.69 2931.00
39.00 5.00 -20965.12 -21003.51 422.69 2931.00
40.00 5.00 -20965.12 -20999.97 422.69 2931.00
41.00 5.00 -20965.12 -21016.03 422.69 2931.00
42.00 5.00 -20965.12 -21009.20 422.69 2931.00
43.00 5.00 -20965.12 -21003.89 422.69 2931.00
44.00 5.00 -20965.12 -21037.25 422.69 2931.00
45.00 5.00 -20965.12 -21031.41 422.69 2931.00
46.00 5.00 -20965.12 -21063.67 422.69 2931.00
47.00 5.00 -20965.12 -21032.70 422.69 2931.00
48.00 5.00 -20965.12 -21025.88 422.69 2931.00
49.00 5.00 -20965.12 -20982.32 422.69 2931.00
50.00 5.00 -20965.12 -20976.19 422.69 2931.00
51.00 5.00 -20965.12 -21028.05 422.69 2931.00
52.00 5.00 -20965.12 -21011.73 422.69 2931.00
53.00 5.00 -20965.12 -21020.69 422.69 2931.00
54.00 5.00 -20965.12 -21039.54 422.69 2931.00
55.00 5.00 -20965.12 -21052.29 422.69 2931.00
56.00 5.00 -20965.12 -21028.10 422.69 2931.00
57.00 5.00 -20965.12 -21051.56 422.69 2931.00
58.00 5.00 -20965.12 -20985.17 422.69 2931.00
59.00 5.00 -20965.12 -21025.19 422.69 2931.00
60.00 5.00 -20965.12 -21005.59 422.69 2931.00
61.00 5.00 -20965.12 -21058.54 422.69 2931.00
62.00 5.00 -20965.12 -21013.62 422.69 2931.00
63.00 5.00 -20965.12 -21013.34 422.69 2931.00
64.00 5.00 -20965.12 -21033.58 422.69 2931.00
65.00 5.00 -20965.12 -21074.19 422.69 2931.00
66.00 5.00 -20965.12 -21024.18 422.69 2931.00
67.00 5.00 -20965.12 -20997.94 422.69 2931.00
68.00 5.00 -20965.12 -21031.39 422.69 2931.00
69.00 5.00 -20965.12 -21077.07 422.69 2931.00
70.00 5.00 -20965.12 -21007.93 422.69 2931.00
71.00 5.00 -20965.12 -21004.82 422.69 2931.00
72.00 5.00 -20965.12 -20992.51 422.69 2931.00
73.00 5.00 -20965.12 -21023.43 422.69 2931.00
74.00 5.00 -20965.12 -21045.65 422.69 2931.00
75.00 5.00 -20965.12 -21056.54 422.69 2931.00
76.00 5.00 -20965.12 -21000.59 422.69 2931.00
77.00 5.00 -20965.12 -21058.53 422.69 2931.00
78.00 5.00 -20965.12 -21019.00 422.69 2931.00
79.00 5.00 -20965.12 -20993.36 422.69 2931.00
80.00 5.00 -20965.12 -21073.01 422.69 2931.00
81.00 5.00 -20965.12 -21008.21 422.69 2931.00
82.00 5.00 -20965.12 -21037.10 422.69 2931.00
83.00 5.00 -20965.12 -21024.04 422.69 2931.00
84.00 5.00 -20965.12 -21018.36 422.69 2931.00
85.00 5.00 -20965.12 -21021.55 422.69 2931.00
86.00 5.00 -20965.12 -20989.74 422.69 2931.00
87.00 5.00 -20965.12 -21017.91 422.69 2931.00
88.00 5.00 -20965.12 -21028.62 422.69 2931.00
89.00 5.00 -20965.12 -21026.18 422.69 2931.00
90.00 5.00 -20965.12 -20986.24 422.69 2931.00
91.00 5.00 -20965.12 -20980.34 422.69 2931.00
92.00 5.00 -20965.12 -21015.55 422.69 2931.00
93.00 5.00 -20965.12 -21030.85 422.69 2931.00
94.00 5.00 -20965.12 -21029.11 422.69 2931.00
95.00 5.00 -20965.12 -21009.71 422.69 2931.00
96.00 5.00 -20965.12 -21027.36 422.69 2931.00
97.00 5.00 -20965.12 -21002.28 422.69 2931.00
98.00 5.00 -20965.12 -20984.60 422.69 2931.00
99.00 5.00 -20965.12 -21044.75 422.69 2931.00
100.00 5.00 -20965.12 -21066.06 422.69 2931.00
101.00 5.00 -20965.12 -21030.70 422.69 2931.00
102.00 5.00 -20965.12 -21028.36 422.69 2931.00
103.00 5.00 -20965.12 -21058.23 422.69 2931.00
104.00 6.00 -20963.86 -20963.86 422.45 2932.79
105.00 6.00 -20963.86 -21061.47 422.45 2932.79
106.00 6.00 -20963.86 -21027.76 422.45 2932.79
107.00 6.00 -20963.86 -21015.26 422.45 2932.79
108.00 6.00 -20963.86 -21008.60 422.45 2932.79
109.00 6.00 -20963.86 -21034.69 422.45 2932.79
110.00 6.00 -20963.86 -21004.62 422.45 2932.79
111.00 7.00 -20962.93 -20962.93 422.26 2945.12
112.00 7.00 -20962.93 -21015.62 422.26 2945.12
113.00 7.00 -20962.93 -21063.81 422.26 2945.12
114.00 7.00 -20962.93 -21025.55 422.26 2945.12
115.00 7.00 -20962.93 -21014.00 422.26 2945.12
116.00 7.00 -20962.93 -20984.00 422.26 2945.12
117.00 7.00 -20962.93 -21014.03 422.26 2945.12
118.00 7.00 -20962.93 -21008.03 422.26 2945.12
119.00 7.00 -20962.93 -21061.54 422.26 2945.12
120.00 7.00 -20962.93 -20978.17 422.26 2945.12
121.00 7.00 -20962.93 -21009.53 422.26 2945.12
122.00 7.00 -20962.93 -20998.66 422.26 2945.12
123.00 7.00 -20962.93 -21039.47 422.26 2945.12
124.00 7.00 -20962.93 -21008.43 422.26 2945.12
125.00 7.00 -20962.93 -20979.14 422.26 2945.12
126.00 7.00 -20962.93 -21020.28 422.26 2945.12
127.00 7.00 -20962.93 -21012.39 422.26 2945.12
128.00 7.00 -20962.93 -21015.25 422.26 2945.12
129.00 7.00 -20962.93 -21062.49 422.26 2945.12
130.00 7.00 -20962.93 -21041.96 422.26 2945.12
131.00 7.00 -20962.93 -21024.42 422.26 2945.12
132.00 7.00 -20962.93 -21034.47 422.26 2945.12
133.00 7.00 -20962.93 -21016.54 422.26 2945.12
134.00 7.00 -20962.93 -20976.61 422.26 2945.12
135.00 7.00 -20962.93 -20983.35 422.26 2945.12
136.00 7.00 -20962.93 -21016.58 422.26 2945.12
137.00 7.00 -20962.93 -21040.74 422.26 2945.12
138.00 7.00 -20962.93 -21053.69 422.26 2945.12
139.00 7.00 -20962.93 -21015.12 422.26 2945.12
140.00 7.00 -20962.93 -21004.75 422.26 2945.12
141.00 7.00 -20962.93 -21026.53 422.26 2945.12
142.00 7.00 -20962.93 -20981.31 422.26 2945.12
143.00 7.00 -20962.93 -20985.86 422.26 2945.12
144.00 7.00 -20962.93 -21024.87 422.26 2945.12
145.00 7.00 -20962.93 -21010.82 422.26 2945.12
146.00 7.00 -20962.93 -20986.66 422.26 2945.12
147.00 7.00 -20962.93 -21007.62 422.26 2945.12
148.00 7.00 -20962.93 -21035.78 422.26 2945.12
149.00 7.00 -20962.93 -21001.69 422.26 2945.12
150.00 7.00 -20962.93 -21000.66 422.26 2945.12
151.00 7.00 -20962.93 -20980.34 422.26 2945.12
152.00 7.00 -20962.93 -21033.96 422.26 2945.12
153.00 7.00 -20962.93 -21042.59 422.26 2945.12
154.00 7.00 -20962.93 -21000.67 422.26 2945.12
155.00 7.00 -20962.93 -20985.94 422.26 2945.12
156.00 7.00 -20962.93 -20991.28 422.26 2945.12
157.00 7.00 -20962.93 -21008.36 422.26 2945.12
158.00 7.00 -20962.93 -21021.52 422.26 2945.12
159.00 7.00 -20962.93 -21023.92 422.26 2945.12
160.00 7.00 -20962.93 -21012.53 422.26 2945.12
161.00 7.00 -20962.93 -21004.61 422.26 2945.12
162.00 7.00 -20962.93 -21005.39 422.26 2945.12
163.00 7.00 -20962.93 -21014.49 422.26 2945.12
164.00 7.00 -20962.93 -21037.28 422.26 2945.12
165.00 7.00 -20962.93 -21021.57 422.26 2945.12
166.00 7.00 -20962.93 -21015.00 422.26 2945.12
167.00 7.00 -20962.93 -21010.23 422.26 2945.12
168.00 7.00 -20962.93 -20993.73 422.26 2945.12
169.00 7.00 -20962.93 -21025.77 422.26 2945.12
170.00 7.00 -20962.93 -21033.78 422.26 2945.12
171.00 7.00 -20962.93 -21021.26 422.26 2945.12
172.00 7.00 -20962.93 -21010.34 422.26 2945.12
173.00 7.00 -20962.93 -21027.96 422.26 2945.12
174.00 7.00 -20962.93 -21024.86 422.26 2945.12
175.00 7.00 -20962.93 -21028.96 422.26 2945.12
176.00 7.00 -20962.93 -20990.70 422.26 2945.12
177.00 7.00 -20962.93 -21014.12 422.26 2945.12
178.00 7.00 -20962.93 -20988.87 422.26 2945.12
179.00 7.00 -20962.93 -21070.79 422.26 2945.12
180.00 7.00 -20962.93 -21017.62 422.26 2945.12
181.00 7.00 -20962.93 -20998.21 422.26 2945.12
182.00 7.00 -20962.93 -21041.47 422.26 2945.12
183.00 7.00 -20962.93 -21013.62 422.26 2945.12
184.00 7.00 -20962.93 -21060.10 422.26 2945.12
185.00 7.00 -20962.93 -20992.57 422.26 2945.12
186.00 7.00 -20962.93 -21029.94 422.26 2945.12
187.00 7.00 -20962.93 -21014.71 422.26 2945.12
188.00 7.00 -20962.93 -21027.23 422.26 2945.12
189.00 7.00 -20962.93 -21062.01 422.26 2945.12
190.00 7.00 -20962.93 -21021.60 422.26 2945.12
191.00 7.00 -20962.93 -21020.74 422.26 2945.12
192.00 7.00 -20962.93 -20991.75 422.26 2945.12
193.00 7.00 -20962.93 -21051.24 422.26 2945.12
