-13128.51000 -14524.70000 -17742.37000 -26217.21000 -23740.08000 -21521.30000 -19553.02000 -16102.59000
-13108.67000 -14467.11000 -17734.80000 -26345.77000 -23606.67000 -21589.35000 -19595.31000 -16084.57000
-13069.47000 -14504.31000 -17674.27000 -26315.59000 -23679.66000 -21525.71000 -19519.80000 -15935.41000
-13110.93000 -14498.79000 -17765.80000 -26323.16000 -23730.81000 -21550.94000 -19508.21000 -15980.34000
-13055.24000 -14488.81000 -17659.48000 -26180.17000 -23636.37000 -21558.91000 -19525.52000 -15994.67000
-13131.01000 -14559.30000 -17691.11000 -26156.64000 -23678.70000 -21567.17000 -19497.76000 -16001.23000
-13092.79000 -14527.67000 -17693.67000 -26061.53000 -23810.95000 -21528.54000 -19526.38000 -16020.29000
-13094.52000 -14501.22000 -17669.83000 -26074.33000 -23643.68000 -21541.52000 -19575.44000 -16000.73000
-13105.91000 -14428.52000 -17674.95000 -26185.14000 -23684.45000 -21585.98000 -19547.60000 -15948.54000
-13083.94000 -14476.34000 -17625.15000 -26060.43000 -23640.53000 -21644.79000 -19585.61000 -16006.44000
-13090.44000 -14434.69000 -17633.04000 -26017.78000 -23722.20000 -21650.56000 -19619.72000 -16069.69000
-13078.14000 -14422.13000 -17623.26000 -26055.69000 -23684.01000 -21543.18000 -19471.44000 -15902.09000
-13103.91000 -14430.84000 -17612.96000 -26119.51000 -23554.39000 -21632.99000 -19519.05000 -15931.59000
-13098.02000 -14440.10000 -17583.83000 -25964.29000 -23634.70000 -21595.45000 -19383.19000 -15956.71000
-13065.99000 -14406.12000 -17588.39000 -25956.76000 -23645.82000 -21545.33000 -19380.13000 -15989.22000
-13077.22000 -14413.45000 -17596.43000 -26006.61000 -23569.27000 -21576.99000 -19454.47000 -15990.50000
-13105.80000 -14395.60000 -17560.95000 -25995.36000 -23578.82000 -21469.09000 -19374.94000 -15942.58000
-13115.54000 -14404.52000 -17576.29000 -26075.91000 -23619.06000 -21562.82000 -19438.70000 -15927.52000
-13069.04000 -14305.62000 -17577.08000 -26092.02000 -23607.16000 -21505.70000 -19440.73000 -15963.91000
-13051.29000 -14380.77000 -17591.48000 -26076.57000 -23574.89000 -21510.76000 -19463.60000 -15986.42000
-13064.45000 -14315.74000 -17592.32000 -26073.84000 -23578.87000 -21581.57000 -19574.78000 -15942.81000
-13027.96000 -14402.18000 -17617.29000 -26018.20000 -23610.49000 -21607.39000 -19408.63000 -15934.33000
-13031.24000 -14355.16000 -17586.93000 -26049.16000 -23572.86000 -21527.06000 -19491.69000 -15893.53000
-13033.94000 -14378.44000 -17581.97000 -26050.86000 -23623.43000 -21609.02000 -19406.24000 -15940.93000
-13083.98000 -14363.05000 -17589.29000 -26127.42000 -23552.59000 -21521.87000 -19504.68000 -16014.11000
-13084.86000 -14373.64000 -17584.48000 -26015.91000 -23593.82000 -21557.48000 -19373.43000 -15986.08000
-13061.35000 -14390.53000 -17597.32000 -26068.64000 -23481.79000 -21618.57000 -19348.29000 -15970.78000
-13036.23000 -14347.71000 -17619.09000 -26046.85000 -23608.44000 -21490.26000 -19338.81000 -16043.53000
-13028.39000 -14320.12000 -17579.04000 -26023.57000 -23520.19000 -21420.04000 -19328.88000 -15964.99000
-13085.50000 -14374.65000 -17578.24000 -26066.05000 -23617.03000 -21383.01000 -19335.78000 -16005.62000
-13045.80000 -14398.19000 -17553.70000 -26064.50000 -23573.32000 -21397.93000 -19361.97000 -15894.50000
-13017.13000 -14410.46000 -17579.89000 -26005.13000 -23545.20000 -21409.26000 -19361.43000 -15876.24000
-13043.59000 -14348.35000 -17532.28000 -26094.12000 -23565.36000 -21464.86000 -19352.33000 -15931.09000
-13031.15000 -14383.41000 -17640.61000 -26194.04000 -23547.05000 -21467.51000 -19352.73000 -15898.17000
-13037.38000 -14409.43000 -17677.41000 -26051.04000 -23532.55000 -21438.36000 -19314.88000 -15923.17000
-13027.19000 -14361.86000 -17631.02000 -26021.35000 -23566.65000 -21511.28000 -19420.14000 -15905.93000
-13057.85000 -14391.80000 -17632.64000 -26062.45000 -23496.56000 -21459.60000 -19315.50000 -16021.38000
-13068.56000 -14380.90000 -17617.59000 -26048.07000 -23490.37000 -21488.14000 -19267.32000 -15877.14000
-13023.50000 -14377.51000 -17535.92000 -26048.71000 -23574.43000 -21464.49000 -19281.06000 -15841.01000
-13026.82000 -14421.62000 -17655.74000 -26170.43000 -23569.50000 -21380.14000 -19295.31000 -15898.34000
-13057.90000 -14370.31000 -17553.11000 -26061.08000 -23624.99000 -21328.77000 -19342.77000 -15971.26000
-13023.97000 -14358.12000 -17550.04000 -26020.22000 -23621.81000 -21415.73000 -19279.05000 -15829.22000
-13013.30000 -14419.88000 -17615.87000 -26058.78000 -23590.19000 -21387.52000 -19302.99000 -15869.51000
-13068.07000 -14342.25000 -17672.87000 -26234.61000 -23409.61000 -21440.82000 -19339.02000 -15867.03000
-13023.86000 -14393.16000 -17519.22000 -25970.58000 -23545.48000 -21439.70000 -19370.57000 -15889.39000
-13047.27000 -14337.44000 -17641.35000 -25940.34000 -23554.28000 -21389.49000 -19307.40000 -15881.03000
-13093.31000 -14323.12000 -17493.45000 -26009.35000 -23568.53000 -21429.62000 -19339.65000 -15896.77000
-13032.18000 -14388.92000 -17557.04000 -26017.15000 -23517.00000 -21427.51000 -19266.44000 -15851.98000
-13050.10000 -14393.05000 -17562.21000 -26176.10000 -23509.42000 -21569.58000 -19389.54000 -15835.31000
-13031.56000 -14401.22000 -17552.36000 -25940.46000 -23568.08000 -21320.73000 -19336.62000 -15853.67000
