1.464488675849998200e+00
9.228606407499978515e-01
7.889099976249996926e-01
6.807665849999995356e-01
1.994975000000004561e-06
1.790321870000002868e-01
1.066033217274997780e+00
1.780581315249992191e-01
1.379753892500004339e-02
3.851293384999999320e-02
4.471007555999992888e-01
6.715985404299996908e+00
1.213838253885931408e+04
6.910206832700016122e+00
1.658295260750001776e-01
6.204551386425031012e+00
1.226294991817248530e+02
-8.172852067650005381e+01
-8.364696597317468729e+01
1.530007899553498589e+02
4.450234647942509270e+01
1.623029023932494681e+02
1.181433351201003461e+02
-1.134243989830248154e+02
1.881648393625252424e+02
-1.227498799941997447e+02
1.780385098418507539e+02
-3.500838014669988496e+01
3.641999906817498101e+01
3.219167985980003266e+01
1.438907330476503716e+02
-4.123708802350002145e+01
-1.282299926498000104e+02
9.410388171012506575e+01
1.607491763404248672e+02
-1.739984148132997461e+02
1.281168496171999038e+02
3.328011832482491883e+01
-1.437989844780500732e+02
-1.089252481395001126e+02
-1.822354507012499027e+02
-6.383266458549952560e+00
-1.556008204701254272e+02
-1.029276308542750655e+02
-1.668868321307502356e+02
-7.069129221164968158e+01
-1.221144104190495767e+02
1.027635017372998618e+02
1.224622822875748511e+02
-1.739845004256994514e+02
1.437376036937998549e+02
-1.429333289019747326e+02
3.433413542037501287e+01
-1.117744866275499191e+02
-7.496054339739980321e+01
-1.065310574188749513e+02
1.565264857594999341e+02
1.802936737782498540e+02
-5.945945537979997653e+01
2.472224854162510255e+01
-1.439508306277748773e+02
-4.396689584769985970e+01
1.333521466404501723e+02
-1.117680440982000647e+02
1.472851577937250624e+02
-1.195253113211252582e+02
7.698936674199995878e+01
-1.415894792126503603e+02
4.113235108572494170e+01
1.614459663497756310e+02
-7.218573950949983953e+01
1.117749204273752497e+02
1.519535547184750897e+02
8.677355034000005674e+01
1.306456364136497541e+02
1.846303159700251229e+02
-1.420238436374000628e+02
-1.213857370009501722e+02
4.281886178184997505e+01
-1.540480764050253413e+02
-1.551699230659746434e+02
-1.499855062215251849e+02
-1.113433925012495429e+01
1.748474646242493975e+02
-1.291365486338002313e+02
-1.515435226030994613e+02
8.574226801397492181e+01
-1.168006375929502099e+02
1.058474170374999090e+01
7.228759657822496365e+01
1.016531751977000795e+02
-3.013309806552486947e+01
-5.415987130690010076e+01
1.282340402507500130e+02
1.535103767865008706e+01
8.034780385570010708e+01
-1.644084585208746034e+02
1.895479584835246385e+02
4.958878397122502690e+01
-6.293150603134998278e+01
-5.147623642842489744e+01
-8.507189923599985093e+01
1.021847503773499000e+02
1.085166778896498556e+02
-2.094672023337503575e+01
-6.227690475187467456e+01
-1.641645136796752809e+02
-5.562907178375019868e+01
-1.708344317519994604e+01
1.874835951365006537e+01
1.658595524804250374e+02
1.911006509585009994e+01
-1.117174729924002463e+02
1.799122960275000516e+00
3.153100226579994469e+01
9.003553155382500961e+01
-1.162153619782495610e+02
-2.796203885532502653e+01
-7.053423097129997643e+01
-1.009068386722000525e+02
8.278013347672491307e+01
-8.008027529595005944e+01
-1.444754355677002309e+02
8.105176317865011981e+01
-8.638060188822481678e+01
-1.452291993137251040e+02
1.831065118874747668e+02
-1.437007462724752713e+02
5.276582584124989950e+01
-9.619768945750000455e+01
-2.754659380877490449e+01
7.105190853999964418e+00
5.133988167692505300e+01
9.783272644952465669e+01
8.121801543662482459e+01
1.477900614782999185e+02
-6.272620862029998534e+01
-1.381947626497000385e+02
-1.540411053406500059e+02
-8.256630332842495079e+01
-6.586662232139963180e+01
-6.569151297550020274e+01
-7.497568502292502046e+01
5.321241500097496413e+01
7.264457401199996411e+01
1.570307320277249801e+02
-1.294897768072749500e+02
9.234427303627514050e+01
-1.091337574545002838e+02
-1.253072778802749951e+02
-7.661339550597499226e+01
9.456126592652501017e+01
7.208781716330030065e+01
1.343898624995996158e+02
7.201111639067499937e+01
-1.709806256772756683e+02
-7.340898364425015643e+00
1.450675670036996507e+02
1.010830583820998783e+02
7.153147856140007832e+01
-9.426233035154984918e+01
1.001789701022750023e+02
8.000781601350002603e+00
-1.467302049231247452e+02
-1.028777801098002413e+02
1.533213228261247991e+02
-1.121180862867501276e+02
1.606204445894995558e+02
6.492072196960012320e+01
-1.495957916655750068e+02
1.758493821826748444e+02
1.393941336900248871e+02
-1.330100201728256479e+02
-1.160769910940751117e+02
1.097501694738249682e+02
1.552007442599501132e+02
9.719375155569967717e+01
8.444348559924970132e+00
1.643722482205999427e+02
9.102318036425002390e+01
-2.466903489039994923e+01
-1.484893538019750281e+02
-1.860970307928746763e+02
1.753641531545003431e+02
-9.236018940549982403e+01
-1.320278663554746572e+02
-7.518019600142511649e+01
-1.726259955386999820e+02
-1.746299784375756872e+02
-1.217677171201250559e+02
1.280050016105751354e+02
-1.674208714355501115e+02
1.289491779866998513e+02
5.207213752220010861e+01
-1.800179697450054794e+00
7.610055072102510110e+01
9.325314705094974954e+01
6.462709622392492292e+01
9.799706272134996254e+01
-7.715064411152523860e+01
1.640504655265001190e+02
-1.413479462618251148e+02
-7.632605216897503908e+01
1.335606916341751003e+02
-8.427249622889999614e+01
-1.109974974665746288e+02
2.399556249480000147e+01
1.088288831055497070e+02
8.510015129825090341e+00
-6.649307574230034845e+01
-1.637835887969997088e+02
-1.285558142091001059e+02
1.129611313358500553e+02
1.290244276157753234e+02
-1.722585031584998916e+01
1.762492538606496737e+02
8.238696316074999970e+01
2.167682963952498199e+01
9.629733370035013706e+01
1.473284069815746307e+02
6.639317736152509042e+01
1.602107574499000009e+02
-1.464192116219498132e+02
8.080078783659975272e+01
-6.223324061775085347e+00
-4.557689742454994075e+01
2.534613639432504328e+01
-1.732195013301748929e+02
1.390226813700998889e+02
3.958995969347500932e+01
4.686343341517511618e+01
-5.850404272722506960e+01
6.213911247620003309e+01
-1.220137968745001302e+02
-7.978602954822522975e+01
-7.364920373382511798e+01
-1.577473389450748869e+02
1.034973923059498730e+02
1.110772606679003900e+02
-1.774379405934249121e+02
-1.735212047355250888e+02
1.965913944758257230e+02
1.610477780650003581e+02
1.656839711962494448e+02
-8.749902784554997481e+01
1.555166822471498733e+02
9.298876162529988676e+01
-6.638008341612477636e+01
1.606770776685002318e+02
-9.149899049399996898e+01
-1.350789924630246901e+02
-1.871440357117506892e+02
6.554061148487468813e+01
8.040218782672516795e+01
-6.751851036942494488e+01
5.998357480959997901e+01
-1.024799486783249023e+02
-1.536217655218500227e+02
-9.981683914419954817e+01
1.499507826158752550e+02
-1.835432199585242756e+02
-3.508254512907504363e+01
8.881476307397521452e+01
-4.560782677422488973e+01
4.201562986142491241e+01
-6.524757406892469191e+01
-3.475156367612498798e+01
-6.710655062087498379e+01
-1.160765988135748046e+02
-8.692794681820014091e+01
3.987315769624967920e+00
3.529601264527500604e+01
1.207543287468248678e+02
-1.812019115399499185e+02
4.381240776515015511e+01
-1.600512852490752778e+02
-1.447177666697749316e+02
-1.873260570632498201e+01
1.659562711389502283e+02
1.282042487824501791e+02
-7.074426716980002539e+01
1.220481180713752991e+02
-2.567127392579998713e+01
4.988626675774978025e+01
8.251765197644985506e+01
-1.103521111034000342e+02
-1.544643586902251400e+02
-1.638117930857503097e+02
7.657835173880003765e+01
1.445824909950746644e+02
1.366023212682001997e+02
-1.417888881022248881e+02
-1.448292856559497466e+02
5.849345917332519207e+01
-9.799814301422516394e+01
1.253815890069001426e+02
1.451331497648500886e+02
1.115666000656254795e+02
1.137482304398749875e+02
4.004633378597510784e+01
5.408134891472492001e+01
-1.849304251413997520e+02
1.329426409920254457e+02
-1.030834706817498727e+02
-1.880994227337243103e+02
-1.323354831479499296e+02
-4.710897015265007326e+01
-1.873924590232749381e+02
-2.535769067264987342e+01
-1.551828894751498922e+02
-8.116613664979986709e+01
1.757936281445498992e+02
7.314617025515022419e+01
-5.006548817520005912e+01
1.321365922801995794e+02
-1.670681452139997418e+02
1.771100997063752516e+02
1.544431885995252287e+02
-9.583553739810025718e+01
-7.674322781977497243e+01
1.799523642357509345e+01
-9.664425077207508252e+01
1.505860116321503597e+02
1.565647875771747692e+02
-1.328530168530741378e+02
1.635597443198995222e+02
-1.108305828603751024e+02
-6.963097390634997907e+01
-1.771901193367499445e+02
7.331766422747492129e+01
-6.096005940720004190e+01
8.190520053252487287e+01
1.489167889467499037e+02
3.402800339962489318e+01
1.898863293909993288e+01
1.152873214018250536e+02
3.694737612324997400e+01
-9.656159015429952319e+01
5.561103731979989817e+01
7.637576006672529161e+01
1.048618541403748594e+02
1.474608336151000287e+02
3.019812143814990435e+01
1.408938549194249674e+02
1.749627541930244945e+02
1.045606560518495058e+02
1.323643556851998540e+02
-6.527846419049996030e+01
-3.944395547075014008e+01
1.965490442231251791e+02
-1.209663127380002834e+01
1.167742523845503797e+02
-1.165070937131249025e+02
-1.163983677814501050e+02
1.471482930252253425e+02
5.818501329097498598e+01
-1.273941955953495437e+02
1.502837605711249012e+02
-1.399576345112996876e+02
-8.233800482000013687e+00
1.386361049988997252e+02
-1.625902498726248382e+02
-1.288027805216752313e+02
1.248347194839756042e+02
-5.843302651429996075e+01
5.817035246799974857e+00
-7.921893070955002258e+01
-1.262825483399999911e+02
-8.086903033700008336e+01
6.633870518472491540e+01
-4.955335290157498207e+01
-1.461410714346000077e+02
1.260961620219245560e+02
5.533705305524998153e+01
1.127110870521248387e+02
1.351490976499001420e+02
1.771546062228746905e+02
-3.631056500404994836e+01
1.673954272810007637e+01
-1.131771900318751563e+02
-1.041905855577999347e+02
4.988273452707493760e+01
-5.174469464127515295e+01
-5.869162538252520989e+01
-1.389452454528002932e+02
-3.134181836332502868e+01
1.565263654181250104e+02
5.594857212457511508e+01
-9.193656382837498597e+01
1.416394877432499868e+02
3.180451324799983936e+00
3.245276183075062715e+00
8.427138981064989309e+01
-1.218606424384001912e+02
1.147868192228249455e+02
-6.076713728245012902e+01
-1.200300451522250000e+02
-1.241199225086248106e+02
-1.234382464420251324e+02
-1.250221466438753168e+02
-1.478373533228744918e+02
1.697901816068753078e+02
-3.238376602624959855e+00
-1.273621112874751020e+02
-1.506661584099496451e+02
-7.570314500600007079e+01
1.893967354516002217e+02
-1.498092209612503609e+02
2.741606948487491024e+01
9.618705290175034506e+00
-2.429483358274991289e+00
-9.192544358362522416e+01
1.001989387081499814e+02
4.584775827237507428e+01
-8.786051594784984786e+01
