4.265500000000000114e+02
4.265500000000000114e+02
4.231000000000000227e+02
4.231000000000000227e+02
4.231000000000000227e+02
4.231000000000000227e+02
4.231000000000000227e+02
4.231000000000000227e+02
4.231000000000000227e+02
4.231000000000000227e+02
4.231000000000000227e+02
4.231000000000000227e+02
4.231000000000000227e+02
4.231000000000000227e+02
4.231000000000000227e+02
4.231000000000000227e+02
4.231000000000000227e+02
4.221399999999999864e+02
4.221399999999999864e+02
4.165500000000000114e+02
4.173299999999999841e+02
4.173299999999999841e+02
4.173299999999999841e+02
4.173299999999999841e+02
4.173299999999999841e+02
4.173299999999999841e+02
4.166499999999999773e+02
4.166499999999999773e+02
4.166499999999999773e+02
4.139700000000000273e+02
4.139700000000000273e+02
4.139700000000000273e+02
4.139700000000000273e+02
4.139700000000000273e+02
4.139700000000000273e+02
4.139700000000000273e+02
4.139700000000000273e+02
4.139700000000000273e+02
4.139700000000000273e+02
4.139700000000000273e+02
4.130699999999999932e+02
4.130699999999999932e+02
4.130699999999999932e+02
4.130699999999999932e+02
4.130699999999999932e+02
4.130699999999999932e+02
4.130699999999999932e+02
4.130699999999999932e+02
4.348600000000000136e+02
4.348600000000000136e+02
4.348600000000000136e+02
4.348600000000000136e+02
4.348600000000000136e+02
4.348600000000000136e+02
4.262599999999999909e+02
4.262599999999999909e+02
4.262599999999999909e+02
4.248500000000000227e+02
4.248500000000000227e+02
4.248500000000000227e+02
4.213399999999999750e+02
4.213399999999999750e+02
4.190500000000000114e+02
4.190500000000000114e+02
3.999700000000000273e+02
3.999700000000000273e+02
3.999700000000000273e+02
3.999700000000000273e+02
3.999700000000000273e+02
3.999700000000000273e+02
3.999700000000000273e+02
3.999700000000000273e+02
3.999700000000000273e+02
3.999700000000000273e+02
3.999700000000000273e+02
3.999700000000000273e+02
3.999700000000000273e+02
3.999700000000000273e+02
3.999700000000000273e+02
3.999700000000000273e+02
3.999700000000000273e+02
3.999700000000000273e+02
3.999700000000000273e+02
3.999700000000000273e+02
3.999700000000000273e+02
3.999700000000000273e+02
3.999700000000000273e+02
3.999700000000000273e+02
3.999700000000000273e+02
3.999700000000000273e+02
3.999700000000000273e+02
3.999700000000000273e+02
3.999700000000000273e+02
3.999700000000000273e+02
3.999700000000000273e+02
3.999700000000000273e+02
4.420699999999999932e+02
4.420699999999999932e+02
4.393000000000000114e+02
4.393000000000000114e+02
4.393000000000000114e+02
4.393000000000000114e+02
4.393000000000000114e+02
4.329300000000000068e+02
4.329300000000000068e+02
4.325899999999999750e+02
4.306999999999999886e+02
4.253999999999999773e+02
4.253999999999999773e+02
4.253999999999999773e+02
4.212799999999999727e+02
4.212799999999999727e+02
4.212799999999999727e+02
4.212799999999999727e+02
4.212799999999999727e+02
4.212799999999999727e+02
4.212799999999999727e+02
4.212799999999999727e+02
4.212799999999999727e+02
4.212799999999999727e+02
4.212799999999999727e+02
4.212799999999999727e+02
4.212799999999999727e+02
4.212799999999999727e+02
4.199900000000000091e+02
4.199900000000000091e+02
4.161800000000000068e+02
4.161800000000000068e+02
4.161800000000000068e+02
4.161800000000000068e+02
4.161800000000000068e+02
4.161800000000000068e+02
4.161800000000000068e+02
4.161800000000000068e+02
4.161800000000000068e+02
4.161800000000000068e+02
4.161800000000000068e+02
4.161800000000000068e+02
4.138799999999999955e+02
4.138799999999999955e+02
4.093700000000000045e+02
4.093700000000000045e+02
4.093700000000000045e+02
4.093700000000000045e+02
4.362099999999999795e+02
4.362099999999999795e+02
4.316100000000000136e+02
4.287200000000000273e+02
4.172099999999999795e+02
4.172099999999999795e+02
4.172099999999999795e+02
4.170799999999999841e+02
4.120299999999999727e+02
4.120299999999999727e+02
4.120299999999999727e+02
4.057699999999999818e+02
4.048999999999999773e+02
4.048999999999999773e+02
4.048999999999999773e+02
4.048999999999999773e+02
4.048999999999999773e+02
4.048999999999999773e+02
4.048999999999999773e+02
4.048999999999999773e+02
4.048999999999999773e+02
4.048999999999999773e+02
4.048999999999999773e+02
4.048999999999999773e+02
4.048999999999999773e+02
4.048999999999999773e+02
4.048999999999999773e+02
4.048999999999999773e+02
4.048999999999999773e+02
4.048999999999999773e+02
4.048999999999999773e+02
4.048999999999999773e+02
4.048999999999999773e+02
4.048999999999999773e+02
4.048999999999999773e+02
4.048999999999999773e+02
4.048999999999999773e+02
4.048999999999999773e+02
4.048999999999999773e+02
4.048999999999999773e+02
4.048999999999999773e+02
4.048999999999999773e+02
4.048999999999999773e+02
4.030000000000000000e+02
4.030000000000000000e+02
4.030000000000000000e+02
4.030000000000000000e+02
4.030199999999999818e+02
4.174900000000000091e+02
4.174900000000000091e+02
4.174900000000000091e+02
4.174900000000000091e+02
4.174900000000000091e+02
4.174900000000000091e+02
4.174900000000000091e+02
4.174900000000000091e+02
4.174900000000000091e+02
4.174900000000000091e+02
4.106600000000000250e+02
4.106600000000000250e+02
4.106600000000000250e+02
4.106600000000000250e+02
4.106600000000000250e+02
4.106600000000000250e+02
4.106600000000000250e+02
4.106600000000000250e+02
4.106600000000000250e+02
4.106600000000000250e+02
4.106600000000000250e+02
4.106600000000000250e+02
4.104300000000000068e+02
4.104300000000000068e+02
4.013500000000000227e+02
4.013500000000000227e+02
4.013500000000000227e+02
4.013500000000000227e+02
4.013500000000000227e+02
4.013500000000000227e+02
4.013500000000000227e+02
4.013500000000000227e+02
4.013500000000000227e+02
4.013500000000000227e+02
4.013500000000000227e+02
4.013500000000000227e+02
4.013500000000000227e+02
4.013500000000000227e+02
4.013500000000000227e+02
4.013500000000000227e+02
4.013500000000000227e+02
3.923100000000000023e+02
3.923100000000000023e+02
3.923100000000000023e+02
3.923100000000000023e+02
3.923100000000000023e+02
3.923100000000000023e+02
3.923100000000000023e+02
4.383999999999999773e+02
4.383999999999999773e+02
4.383999999999999773e+02
4.383999999999999773e+02
4.383999999999999773e+02
4.383999999999999773e+02
4.383999999999999773e+02
4.383999999999999773e+02
4.383999999999999773e+02
4.383999999999999773e+02
4.383999999999999773e+02
4.383999999999999773e+02
4.383999999999999773e+02
4.383999999999999773e+02
4.305000000000000000e+02
4.305000000000000000e+02
4.305000000000000000e+02
4.305000000000000000e+02
4.305000000000000000e+02
4.305000000000000000e+02
4.305000000000000000e+02
4.305000000000000000e+02
4.305000000000000000e+02
4.305000000000000000e+02
4.305000000000000000e+02
4.305000000000000000e+02
4.231999999999999886e+02
4.177699999999999818e+02
4.177699999999999818e+02
4.177699999999999818e+02
4.177699999999999818e+02
4.177699999999999818e+02
4.177699999999999818e+02
4.177699999999999818e+02
4.177699999999999818e+02
4.177699999999999818e+02
4.177699999999999818e+02
4.173500000000000227e+02
4.099399999999999977e+02
4.099399999999999977e+02
4.099399999999999977e+02
4.099399999999999977e+02
4.099399999999999977e+02
4.099399999999999977e+02
4.099399999999999977e+02
4.099399999999999977e+02
4.099399999999999977e+02
4.088000000000000114e+02
4.430600000000000023e+02
4.410899999999999750e+02
4.410899999999999750e+02
4.393199999999999932e+02
4.393199999999999932e+02
4.393199999999999932e+02
4.393199999999999932e+02
4.393199999999999932e+02
4.393199999999999932e+02
4.348899999999999864e+02
4.348899999999999864e+02
4.203700000000000045e+02
4.198700000000000045e+02
4.198700000000000045e+02
4.190299999999999727e+02
4.190299999999999727e+02
4.190299999999999727e+02
4.190299999999999727e+02
4.190299999999999727e+02
4.190299999999999727e+02
4.190299999999999727e+02
4.190299999999999727e+02
4.190299999999999727e+02
4.187900000000000205e+02
4.147599999999999909e+02
4.132500000000000000e+02
4.116700000000000159e+02
4.116700000000000159e+02
4.116700000000000159e+02
4.116700000000000159e+02
4.116700000000000159e+02
4.116700000000000159e+02
4.094599999999999795e+02
4.094599999999999795e+02
4.095600000000000023e+02
4.020299999999999727e+02
4.020299999999999727e+02
4.020299999999999727e+02
4.020299999999999727e+02
4.020299999999999727e+02
4.020299999999999727e+02
4.020299999999999727e+02
4.020299999999999727e+02
4.020299999999999727e+02
4.020299999999999727e+02
4.018899999999999864e+02
4.018899999999999864e+02
4.018899999999999864e+02
4.272599999999999909e+02
4.272599999999999909e+02
4.272599999999999909e+02
4.272599999999999909e+02
4.272599999999999909e+02
4.272599999999999909e+02
4.272599999999999909e+02
4.272599999999999909e+02
4.272599999999999909e+02
4.206399999999999864e+02
4.206399999999999864e+02
4.206399999999999864e+02
4.206399999999999864e+02
4.206399999999999864e+02
4.206399999999999864e+02
4.206399999999999864e+02
4.206399999999999864e+02
4.206399999999999864e+02
4.206399999999999864e+02
4.206399999999999864e+02
4.189499999999999886e+02
4.189499999999999886e+02
4.189499999999999886e+02
4.189499999999999886e+02
4.189499999999999886e+02
4.189499999999999886e+02
4.189499999999999886e+02
4.189499999999999886e+02
4.191399999999999864e+02
4.155699999999999932e+02
4.155699999999999932e+02
4.155699999999999932e+02
4.155699999999999932e+02
4.155699999999999932e+02
4.155699999999999932e+02
4.155699999999999932e+02
4.087500000000000000e+02
4.087500000000000000e+02
4.087500000000000000e+02
4.065000000000000000e+02
4.065000000000000000e+02
4.065000000000000000e+02
4.065000000000000000e+02
4.065000000000000000e+02
4.065000000000000000e+02
4.065000000000000000e+02
4.065000000000000000e+02
4.065000000000000000e+02
