2.165533024188650568e-01
3.788957742449189925e-01
3.888143052259304122e-01
2.213608251715553088e-01
9.271418442584706692e-07
1.180253248815185119e-01
4.238670034002366971e-01
8.553815961455028816e-02
9.282464357270632169e-03
6.844834688572190746e-03
1.803091867182851638e-01
4.206606864418557024e+00
4.543963651478626161e+03
1.907682816968641282e+00
2.327614747960958866e-02
1.106694000745379896e+02
9.169376831085628510e+01
8.875144009651712906e+01
8.831976962493421013e+01
7.250249202926553949e+01
1.297453181487555867e+02
6.939649692112985235e+01
9.288407706659978658e+01
1.201061156646312185e+02
5.685603677691575797e+01
7.754803584874929356e+01
4.444291161438998472e+01
1.107143119476117477e+02
1.111542152410140574e+02
9.682788289754766708e+01
7.425771337354936463e+01
1.340755337432894976e+02
5.815817735143299672e+01
1.078423582413758197e+02
6.991307493170434384e+01
5.497191562701890177e+01
1.225284873866961135e+02
1.173795872630282986e+02
6.162314618249748577e+01
8.226379673404549919e+01
5.135388378389626496e+01
1.064807070479046018e+02
9.185693976447484488e+01
7.473256800008226719e+01
6.149589201998885812e+01
9.980631937400927711e+01
7.326886726600672262e+01
1.032047804820767567e+02
9.014760999161622124e+01
5.734578531083683828e+01
5.957940553123436445e+01
8.274759484688730993e+01
1.025638622481573208e+02
9.492945302529443552e+01
9.773107565554516896e+01
9.785780703868429953e+01
6.239309833558250773e+01
7.163606192133060802e+01
1.525367828861704425e+02
1.053470165795873044e+02
6.432509026500012794e+01
1.319620455319554821e+02
7.766793358815601778e+01
1.231473594132264964e+02
4.791162730553936200e+01
1.134950168320799833e+02
7.579764992269787172e+01
7.603489154864013244e+01
1.199386968896770469e+02
5.908045476149691666e+01
9.641519715723431716e+01
4.832855115513974198e+01
5.905901447904135182e+01
1.053571800120763697e+02
9.454862360482491113e+01
5.338625311321460742e+01
6.997315104517545592e+01
8.027849956041242763e+01
7.492868141868443388e+01
8.899187944563979613e+01
7.980593907504037077e+01
7.968396446284553747e+01
1.051463964928767325e+02
5.777195897289507087e+01
9.793487394269196500e+01
8.194926652329343142e+01
9.650743530639691414e+01
8.908465131807463422e+01
1.101482820947292964e+02
1.109948564778688507e+02
9.076248714218412772e+01
9.668649685392904303e+01
8.440411955388313459e+01
9.496251810420280037e+01
1.180586974516980803e+02
8.501489404692078722e+01
5.596739507677734338e+01
4.633687597735961106e+01
1.032137216519187604e+02
1.217146603876569060e+02
8.190904130428870644e+01
1.296946450956441197e+02
9.894808248420027041e+01
8.822456191036016548e+01
8.063711672951743026e+01
1.201796510289642157e+02
8.855213210029563697e+01
9.405146213696411905e+01
1.112902809572055531e+02
1.238815956156669387e+02
5.525520451611733819e+01
1.228739996842916185e+02
1.119592683188328408e+02
1.167115418914456484e+02
6.987093302092812053e+01
1.073844588573674770e+02
7.775636081939579469e+01
7.707898668476840953e+01
1.031188514117148003e+02
1.107536077367470710e+02
1.000378230234577899e+02
9.912877583572917217e+01
4.490439967725160386e+01
8.317493684499167728e+01
1.093043228337228072e+02
1.160398856849565448e+02
5.954487888608164070e+01
1.163809777876290070e+02
1.100008814103018153e+02
9.873470023196755108e+01
9.023054578202857101e+01
1.114793327983443163e+02
9.600612153777483115e+01
8.475231260703533565e+01
9.023525685179006928e+01
7.643709989391699366e+01
7.028581254971527414e+01
1.025131121440783915e+02
5.432590535590203018e+01
1.326068536415371000e+02
1.181690707084415379e+02
1.244645034897627340e+02
1.018716213345516906e+02
9.231265078709657246e+01
1.232541011609159369e+02
8.137388547253698334e+01
1.145457486861124607e+02
1.109617741938919551e+02
9.149423043366719810e+01
8.574895656818169698e+01
9.893381245743486829e+01
6.793186987728613246e+01
9.799614754791730320e+01
8.737537501830635733e+01
8.108052505544769417e+01
9.457442292076478907e+01
9.311191866716259824e+01
8.155129177662955442e+01
8.145512939738995328e+01
1.015711177063280530e+02
1.126598671586103251e+02
6.996325895310681631e+01
1.002814649071626434e+02
9.781862161326037608e+01
1.009549329852847848e+02
6.746440669363256859e+01
9.750422010493929292e+01
6.722309231379769301e+01
1.036110966175502881e+02
7.998964416933195309e+01
6.453040063398097459e+01
6.291322126052343577e+01
1.236836674804262373e+02
1.023994663078680247e+02
1.074631381734946558e+02
6.347517148342084425e+01
8.716969883453542423e+01
1.131100436422312328e+02
6.114006628062526971e+01
9.599592248088586643e+01
8.223046021341227174e+01
6.247407657880011556e+01
5.172188894718075147e+01
8.281415504071046030e+01
1.096152118967384297e+02
8.378209625282693196e+01
1.383914296914221040e+02
6.440865584113431908e+01
5.094932730708455182e+01
6.595875151453684282e+01
7.539185777766456908e+01
7.781661885893718988e+01
8.735304272340995624e+01
5.769506243322092587e+01
1.032168970750082337e+02
8.107676811308689935e+01
1.112365069010645300e+02
9.964746562557471066e+01
8.081953918362297884e+01
8.495268720258658846e+01
6.386880593366082337e+01
8.183877977339615484e+01
8.907021556694635933e+01
7.848992371804860113e+01
1.044748265836636847e+02
1.155738285540000732e+02
1.080444061639864941e+02
9.182200804897335900e+01
1.142594168580407086e+02
9.267198841214995753e+01
5.352514320700645101e+01
7.167347416201921817e+01
8.019709672392151845e+01
1.149669201001277088e+02
1.310392698891805310e+02
5.267087241265907949e+01
9.622340530113309853e+01
1.279243381787258187e+02
7.146625810452879080e+01
5.222729970036966307e+01
7.532930152109753408e+01
6.199697183909439246e+01
7.142630438885504418e+01
1.019822419041890242e+02
7.719396999335441478e+01
8.944665113002248802e+01
1.381638328236349480e+02
4.663953900541508801e+01
6.711151718308967418e+01
1.150357593434860490e+02
8.861465504326957898e+01
9.800303678287420439e+01
7.986434109004557058e+01
1.005814592035384578e+02
9.916857357525857708e+01
7.844866266450677017e+01
7.163936222517627073e+01
1.083522575356379747e+02
1.329365385431794664e+02
7.159915569976256222e+01
7.221194837476618034e+01
6.322218368861710047e+01
6.179907366603105601e+01
6.287393705294018531e+01
6.828634544030471432e+01
8.496382092883843029e+01
8.614370886538506511e+01
8.980841064267417551e+01
6.158099904000378899e+01
7.968163226434838009e+01
5.548706250271219886e+01
4.606792130585901646e+01
1.003999878990744179e+02
9.362311531478967197e+01
1.001185496082760835e+02
9.858360404211842365e+01
8.397360038543517646e+01
7.784360834601739043e+01
1.058034677832607713e+02
6.131677228995143025e+01
5.671443206663553127e+01
9.483629439949798723e+01
8.729162979385117183e+01
9.715521969449871165e+01
9.787219198198303616e+01
9.700219601120821267e+01
1.327048492461837270e+02
8.922645565949807178e+01
9.415870544029387190e+01
7.821574897073905674e+01
1.013458461266389321e+02
1.389019865518148720e+02
8.719009978870172972e+01
6.447450743830090403e+01
1.090704350669788170e+02
7.377657573562805737e+01
8.404845919090408302e+01
9.073264820552559229e+01
6.836223402679904382e+01
8.424942144903428698e+01
8.191987124142382015e+01
8.377412096156871257e+01
9.467852765399787529e+01
8.797940635729020187e+01
9.105458751948154372e+01
7.692262796983429496e+01
5.655476534599862504e+01
7.523093851683107403e+01
1.022904417051213812e+02
7.877937584718858943e+01
1.009218514749837254e+02
1.165466409077183556e+02
8.903805460764722568e+01
1.054356736717156195e+02
9.237180581014720815e+01
7.343635418590982056e+01
6.852122478086336343e+01
9.597685616642075956e+01
6.544886536432618129e+01
9.497967346687305223e+01
9.195753170073621163e+01
5.872797969219532632e+01
9.046167209400145737e+01
9.472463587558104336e+01
6.583709118432112462e+01
6.953566633829419175e+01
1.055357018928006312e+02
4.813115161405846010e+01
9.841820544072449195e+01
6.548061127141139082e+01
1.011439691369681242e+02
4.833751980251199853e+01
1.267311357778183094e+02
1.077122024012749648e+02
1.010330801042292705e+02
6.694507695751542542e+01
6.858812701871511308e+01
7.627465269918285173e+01
7.963084737175587691e+01
1.116875716654615474e+02
1.100251690616728837e+02
8.351904313915864009e+01
7.498747188970837385e+01
5.633380522126682877e+01
9.026369065906757783e+01
8.508032050917721278e+01
5.323508566644518680e+01
7.156801815190149796e+01
5.773466916758040668e+01
8.794662810913015960e+01
9.354771512071079087e+01
9.572906379409033661e+01
6.914301941687425312e+01
1.285289231957494849e+02
1.261019878413176656e+02
9.224768626528268101e+01
1.078228420100167142e+02
5.937075101058680815e+01
9.086553822850198969e+01
1.099567547806830561e+02
7.823759450239532498e+01
8.772970533611318444e+01
1.183945991538125071e+02
7.729274901167899259e+01
4.529444016484133329e+01
1.098711936844242558e+02
8.774448904447869779e+01
1.111607078478296984e+02
8.742413137118914790e+01
4.722300507886365750e+01
9.329202466227503976e+01
1.208211676538557242e+02
1.101240281505104974e+02
8.305133433306197333e+01
6.586654125734574450e+01
8.741223736792744603e+01
9.122091683808670837e+01
8.885698894623642730e+01
9.195361207353639088e+01
1.068020205593517460e+02
8.810411908477712473e+01
7.455191063592779699e+01
6.784764006080357035e+01
7.529386026021180101e+01
8.666258601774661940e+01
9.207759173398314090e+01
1.279833464738013049e+02
9.006491481482446204e+01
8.803156253910628948e+01
1.143376836791231170e+02
1.223340454456114657e+02
8.714799646028430402e+01
7.663186736636589558e+01
1.070975863984877492e+02
1.190005554203386424e+02
8.557133231398414352e+01
5.858366242350034980e+01
9.954787776369990127e+01
1.191609367468218323e+02
8.719707341084901486e+01
6.668749971600699666e+01
1.207526944379488896e+02
1.133275774512226235e+02
1.324330193992025784e+02
6.986946681879339849e+01
1.135420665895759385e+02
1.033869049550245904e+02
9.548993462172232682e+01
8.089714011728820253e+01
6.804855380196923420e+01
1.314772571352185935e+02
8.725805119032867196e+01
1.066441785655081560e+02
9.487484340619695899e+01
9.519123012947487439e+01
1.080336698541770204e+02
1.095098360337032659e+02
7.566186655702203723e+01
6.816688482365721313e+01
7.690556727887060617e+01
5.539167011046492206e+01
5.494560108440521162e+01
1.370099783122566066e+02
6.198775300816821954e+01
7.637440599418015097e+01
9.195379002869016460e+01
7.651567756692163869e+01
5.565148829288349930e+01
1.052400500882894789e+02
1.047988813505681378e+02
9.198131039788606245e+01
1.037268909015296572e+02
1.115603735527206481e+02
8.996336738685273815e+01
9.542603605624925933e+01
