[1.33333333e+00 0.00000000e+00 1.09200000e+00 1.50000000e+00
 1.00000000e-06 5.00000000e-01 1.00000000e+00 5.00000000e-03
 1.00000000e-03 1.00000000e-03 5.00000000e-01 5.00000000e+00
 2.40000000e+04 5.00000000e+00 1.00000000e-02]
[1.33333333e+00 6.66666667e-01 1.09200000e+00 1.50000000e+00
 1.00000000e-06 5.00000000e-01 1.00000000e+00 5.00000000e-03
 1.00000000e-03 1.00000000e-03 5.00000000e-01 5.00000000e+00
 2.40000000e+04 5.00000000e+00 1.00000000e-02]
[1.33333333e+00 1.33333333e+00 1.09200000e+00 1.50000000e+00
 1.00000000e-06 5.00000000e-01 1.00000000e+00 5.00000000e-03
 1.00000000e-03 1.00000000e-03 5.00000000e-01 5.00000000e+00
 2.40000000e+04 5.00000000e+00 1.00000000e-02]
