-12320.59000 -15004.83000 -7542.12000 -8280.51000 -11158.19000 -10093.68000 -9147.81000 -13629.29000
-12326.93000 -15026.76000 -7530.55000 -8295.62000 -11147.80000 -10106.52000 -9144.77000 -13657.25000
-12310.00000 -15035.94000 -7513.73000 -8314.20000 -11156.46000 -10106.28000 -9149.78000 -13589.28000
-12360.78000 -15005.98000 -7502.01000 -8308.40000 -11203.20000 -10135.94000 -9182.98000 -13624.88000
-12305.43000 -15021.63000 -7536.77000 -8313.18000 -11177.80000 -10083.75000 -9156.56000 -13604.42000
-12302.41000 -15015.36000 -7498.79000 -8304.69000 -11177.35000 -10087.92000 -9151.57000 -13594.88000
-12317.12000 -14992.78000 -7503.61000 -8281.88000 -11163.81000 -10099.38000 -9148.88000 -13602.51000
-12329.01000 -14990.56000 -7502.00000 -8288.57000 -11166.62000 -10075.28000 -9155.83000 -13573.59000
-12327.52000 -14990.11000 -7503.67000 -8286.95000 -11181.28000 -10087.50000 -9143.70000 -13610.94000
-12315.44000 -15006.08000 -7532.14000 -8287.04000 -11148.50000 -10101.09000 -9152.92000 -13589.89000
-12326.80000 -14996.20000 -7517.91000 -8274.93000 -11158.64000 -10084.23000 -9154.48000 -13576.56000
-12327.28000 -14981.21000 -7503.53000 -8276.10000 -11152.37000 -10097.70000 -9145.97000 -13589.68000
-12321.21000 -14986.15000 -7501.30000 -8285.73000 -11146.71000 -10085.74000 -9153.47000 -13595.60000
-12331.02000 -14986.33000 -7496.10000 -8285.23000 -11161.49000 -10108.36000 -9148.04000 -13593.73000
-12298.28000 -14998.13000 -7492.10000 -8287.04000 -11148.57000 -10101.44000 -9160.76000 -13597.55000
-12319.96000 -14987.32000 -7490.21000 -8277.91000 -11162.86000 -10082.72000 -9149.45000 -13591.65000
-12295.00000 -14985.49000 -7494.01000 -8292.98000 -11144.24000 -10082.79000 -9164.68000 -13587.24000
-12314.63000 -14995.08000 -7502.57000 -8299.36000 -11162.39000 -10090.28000 -9163.66000 -13599.58000
-12310.02000 -14985.68000 -7508.12000 -8286.07000 -11163.18000 -10098.50000 -9154.69000 -13598.95000
-12313.17000 -14999.70000 -7499.18000 -8280.82000 -11155.12000 -10089.38000 -9155.73000 -13603.95000
-12326.88000 -14997.71000 -7500.36000 -8281.01000 -11155.68000 -10088.82000 -9167.70000 -13591.93000
-12300.08000 -14994.03000 -7494.39000 -8284.22000 -11187.61000 -10108.69000 -9160.83000 -13588.13000
-12292.38000 -14975.04000 -7493.77000 -8287.76000 -11148.88000 -10104.73000 -9149.76000 -13602.99000
-12303.46000 -14995.45000 -7491.66000 -8280.11000 -11169.44000 -10092.36000 -9152.72000 -13598.90000
-12304.85000 -14981.85000 -7499.59000 -8287.64000 -11178.09000 -10091.73000 -9163.34000 -13598.45000
-12292.52000 -14991.36000 -7490.90000 -8281.74000 -11188.29000 -10097.59000 -9153.39000 -13585.06000
-12314.55000 -15002.61000 -7501.10000 -8285.11000 -11184.87000 -10084.10000 -9155.45000 -13613.58000
-12322.81000 -15002.75000 -7498.29000 -8285.45000 -11167.48000 -10091.24000 -9149.31000 -13594.39000
-12321.53000 -14995.05000 -7495.23000 -8282.22000 -11174.52000 -10088.03000 -9145.91000 -13593.42000
-12318.63000 -14980.20000 -7497.23000 -8292.23000 -11163.99000 -10086.99000 -9153.11000 -13588.77000
-12315.01000 -15010.51000 -7504.85000 -8286.73000 -11166.54000 -10092.02000 -9170.14000 -13593.75000
-12301.75000 -15000.59000 -7511.13000 -8278.59000 -11179.09000 -10078.59000 -9151.95000 -13604.34000
-12301.58000 -14975.89000 -7502.77000 -8274.85000 -11160.17000 -10094.93000 -9148.66000 -13591.75000
-12314.48000 -14991.06000 -7495.20000 -8280.79000 -11210.44000 -10093.28000 -9150.58000 -13590.04000
-12321.37000 -15012.22000 -7499.66000 -8278.19000 -11171.01000 -10091.49000 -9156.28000 -13589.98000
-12309.75000 -14996.80000 -7494.39000 -8281.93000 -11171.33000 -10087.96000 -9148.92000 -13607.45000
-12299.91000 -14994.31000 -7496.34000 -8278.30000 -11164.62000 -10091.27000 -9151.89000 -13617.40000
-12305.48000 -15008.05000 -7497.24000 -8278.61000 -11177.56000 -10099.53000 -9160.22000 -13600.82000
-12307.01000 -14997.33000 -7504.26000 -8282.98000 -11141.69000 -10108.30000 -9157.13000 -13624.48000
-12325.08000 -14989.43000 -7493.71000 -8283.54000 -11148.65000 -10087.19000 -9150.97000 -13607.40000
-12305.48000 -14999.77000 -7500.75000 -8279.88000 -11150.79000 -10092.38000 -9149.56000 -13608.93000
-12307.29000 -14993.85000 -7500.27000 -8275.96000 -11162.49000 -10093.13000 -9157.13000 -13594.14000
-12298.39000 -14979.38000 -7495.11000 -8276.79000 -11143.08000 -10084.81000 -9153.55000 -13596.06000
-12340.78000 -15000.55000 -7498.00000 -8286.50000 -11164.91000 -10090.82000 -9156.99000 -13579.62000
-12304.24000 -15011.54000 -7497.95000 -8278.60000 -11152.91000 -10087.58000 -9154.33000 -13592.58000
-12289.28000 -14994.00000 -7501.62000 -8279.62000 -11154.61000 -10098.98000 -9152.38000 -13598.29000
-12288.87000 -14997.43000 -7496.42000 -8283.20000 -11144.90000 -10090.91000 -9147.07000 -13586.15000
-12286.82000 -14998.23000 -7501.48000 -8269.66000 -11149.98000 -10090.19000 -9146.08000 -13590.42000
-12293.99000 -14984.71000 -7510.40000 -8281.28000 -11156.54000 -10078.55000 -9145.78000 -13597.39000
-12293.65000 -14998.19000 -7502.06000 -8274.97000 -11145.12000 -10086.44000 -9148.94000 -13603.24000
-12303.67000 -14978.23000 -7504.22000 -8273.81000 -11151.72000 -10087.10000 -9153.18000 -13581.27000
-12310.02000 -14998.83000 -7507.44000 -8277.95000 -11152.35000 -10102.26000 -9143.44000 -13588.47000
-12293.65000 -15004.71000 -7498.88000 -8278.79000 -11147.83000 -10105.92000 -9141.88000 -13596.96000
-12295.45000 -14996.68000 -7495.41000 -8277.92000 -11160.38000 -10092.56000 -9147.73000 -13598.46000
-12301.71000 -14998.70000 -7503.85000 -8286.25000 -11149.27000 -10086.47000 -9143.65000 -13605.25000
-12288.67000 -14982.83000 -7487.08000 -8283.43000 -11155.16000 -10093.60000 -9135.50000 -13587.23000
-12290.74000 -15002.87000 -7486.12000 -8275.54000 -11160.22000 -10093.89000 -9138.69000 -13633.56000
-12282.43000 -14981.64000 -7508.74000 -8279.12000 -11162.87000 -10088.33000 -9147.51000 -13609.19000
-12285.57000 -15016.93000 -7493.81000 -8281.48000 -11165.70000 -10091.97000 -9142.77000 -13584.76000
-12300.17000 -14986.36000 -7495.88000 -8285.41000 -11150.78000 -10083.65000 -9143.98000 -13599.59000
-12299.04000 -14973.42000 -7495.86000 -8281.58000 -11154.21000 -10099.52000 -9135.91000 -13589.70000
-12300.81000 -14982.79000 -7507.43000 -8279.06000 -11150.02000 -10091.68000 -9153.14000 -13586.18000
-12299.16000 -15003.37000 -7499.78000 -8277.97000 -11148.04000 -10101.69000 -9139.28000 -13623.25000
-12295.85000 -14992.65000 -7497.95000 -8276.98000 -11161.11000 -10089.35000 -9147.67000 -13623.71000
-12292.18000 -14980.31000 -7500.66000 -8278.59000 -11158.25000 -10088.43000 -9137.82000 -13606.50000
-12290.59000 -15000.18000 -7497.30000 -8293.75000 -11169.87000 -10090.64000 -9141.75000 -13615.94000
-12301.20000 -14980.96000 -7505.73000 -8280.30000 -11157.80000 -10093.82000 -9145.72000 -13609.73000
-12302.05000 -14988.13000 -7496.15000 -8280.16000 -11147.14000 -10092.21000 -9138.92000 -13596.22000
-12291.08000 -15014.96000 -7494.55000 -8282.31000 -11171.91000 -10093.67000 -9145.08000 -13597.20000
-12297.19000 -15016.13000 -7495.07000 -8276.98000 -11152.67000 -10090.56000 -9149.16000 -13600.47000
-12296.36000 -14979.87000 -7491.98000 -8280.20000 -11147.13000 -10081.65000 -9144.85000 -13595.16000
-12309.05000 -14979.93000 -7499.01000 -8289.91000 -11154.84000 -10094.76000 -9140.04000 -13589.67000
-12297.13000 -14977.02000 -7505.56000 -8282.70000 -11161.60000 -10092.85000 -9139.17000 -13591.65000
-12292.56000 -14993.01000 -7497.05000 -8279.43000 -11143.30000 -10101.22000 -9139.40000 -13583.87000
-12281.39000 -15010.49000 -7502.27000 -8280.62000 -11153.92000 -10087.97000 -9150.14000 -13588.50000
-12282.57000 -15003.20000 -7501.78000 -8276.06000 -11161.58000 -10093.57000 -9152.49000 -13591.55000
-12289.10000 -15008.14000 -7495.96000 -8275.15000 -11143.13000 -10099.64000 -9146.95000 -13591.60000
-12286.35000 -14994.38000 -7493.59000 -8278.05000 -11141.95000 -10094.10000 -9143.94000 -13600.22000
-12282.61000 -14992.61000 -7492.28000 -8277.12000 -11159.54000 -10088.18000 -9141.30000 -13599.54000
-12288.20000 -14984.09000 -7499.72000 -8278.77000 -11159.35000 -10086.83000 -9146.51000 -13580.52000
-12297.76000 -15007.14000 -7496.51000 -8274.74000 -11162.25000 -10098.57000 -9144.52000 -13606.18000
-12290.97000 -14995.49000 -7496.81000 -8267.98000 -11147.23000 -10082.94000 -9132.78000 -13599.19000
-12302.36000 -14999.63000 -7504.55000 -8278.64000 -11145.82000 -10094.97000 -9133.18000 -13602.92000
-12288.30000 -14994.81000 -7500.79000 -8275.90000 -11137.71000 -10083.11000 -9144.53000 -13599.76000
-12307.34000 -14979.68000 -7494.83000 -8273.62000 -11146.81000 -10091.35000 -9151.68000 -13587.34000
-12303.90000 -15002.10000 -7489.53000 -8288.08000 -11157.94000 -10089.09000 -9145.95000 -13590.27000
-12296.62000 -14979.12000 -7497.10000 -8279.36000 -11160.28000 -10094.27000 -9141.37000 -13591.20000
-12288.36000 -14993.50000 -7503.20000 -8271.15000 -11145.40000 -10083.60000 -9131.85000 -13593.85000
-12293.98000 -14986.39000 -7492.72000 -8268.01000 -11151.50000 -10081.77000 -9145.94000 -13584.53000
-12286.46000 -14983.96000 -7489.35000 -8272.99000 -11139.96000 -10092.43000 -9145.40000 -13609.32000
-12308.93000 -14994.42000 -7497.23000 -8272.37000 -11147.85000 -10101.05000 -9146.82000 -13594.97000
-12288.69000 -14990.88000 -7499.64000 -8278.43000 -11176.57000 -10092.51000 -9142.29000 -13591.99000
-12288.56000 -14980.04000 -7488.70000 -8264.25000 -11148.22000 -10109.17000 -9144.93000 -13589.68000
-12303.66000 -15009.09000 -7493.24000 -8282.23000 -11154.89000 -10093.26000 -9139.47000 -13587.20000
-12313.09000 -14977.07000 -7496.32000 -8277.69000 -11150.56000 -10089.54000 -9145.73000 -13597.17000
-12297.43000 -14996.74000 -7496.87000 -8277.24000 -11148.06000 -10082.05000 -9136.94000 -13615.85000
-12304.17000 -14990.64000 -7492.99000 -8273.19000 -11173.88000 -10082.73000 -9148.47000 -13596.81000
-12298.31000 -14979.39000 -7498.98000 -8271.26000 -11143.54000 -10092.13000 -9147.88000 -13598.30000
-12307.27000 -15007.43000 -7502.54000 -8267.60000 -11137.83000 -10095.96000 -9143.85000 -13599.38000
-12287.72000 -14995.07000 -7493.17000 -8277.27000 -11141.94000 -10087.36000 -9145.31000 -13596.94000
-12304.03000 -14991.75000 -7499.36000 -8272.70000 -11151.97000 -10088.73000 -9135.89000 -13619.78000
-12308.82000 -14986.70000 -7502.49000 -8287.83000 -11143.27000 -10104.76000 -9147.74000 -13589.79000
-12304.80000 -15004.90000 -7494.04000 -8277.50000 -11162.02000 -10096.55000 -9134.38000 -13590.83000
-12297.16000 -14988.47000 -7501.39000 -8266.83000 -11141.90000 -10102.93000 -9139.00000 -13585.98000
-12294.82000 -14994.30000 -7493.18000 -8270.47000 -11180.31000 -10089.75000 -9164.60000 -13588.44000
-12289.53000 -14989.78000 -7511.54000 -8271.23000 -11147.57000 -10089.51000 -9153.37000 -13599.75000
-12289.36000 -14993.90000 -7501.23000 -8275.69000 -11146.57000 -10088.72000 -9130.71000 -13598.52000
-12285.37000 -14981.72000 -7496.24000 -8261.62000 -11167.18000 -10085.95000 -9153.43000 -13601.18000
-12320.80000 -14987.10000 -7496.18000 -8280.85000 -11142.96000 -10094.21000 -9150.30000 -13585.14000
-12298.13000 -14994.18000 -7493.15000 -8275.34000 -11142.24000 -10089.10000 -9136.62000 -13583.39000
-12303.25000 -14989.32000 -7493.24000 -8263.17000 -11144.01000 -10094.40000 -9143.81000 -13603.51000
-12296.74000 -15002.57000 -7502.21000 -8263.12000 -11159.92000 -10088.83000 -9143.49000 -13594.46000
-12292.12000 -14998.26000 -7500.29000 -8284.90000 -11158.84000 -10086.33000 -9139.48000 -13589.39000
-12291.59000 -15001.82000 -7486.08000 -8278.65000 -11139.75000 -10084.87000 -9143.38000 -13588.83000
-12327.51000 -14991.67000 -7500.09000 -8284.11000 -11146.57000 -10085.94000 -9146.57000 -13587.76000
-12290.69000 -14977.90000 -7490.95000 -8281.34000 -11144.41000 -10091.18000 -9137.66000 -13597.58000
-12290.74000 -14983.09000 -7500.86000 -8269.07000 -11137.79000 -10093.69000 -9147.52000 -13600.02000
-12300.85000 -14999.16000 -7501.89000 -8264.72000 -11143.17000 -10091.97000 -9146.80000 -13603.05000
-12302.79000 -14983.02000 -7498.66000 -8278.69000 -11142.01000 -10092.62000 -9160.22000 -13595.58000
-12299.32000 -14992.29000 -7496.99000 -8280.01000 -11152.50000 -10095.14000 -9136.60000 -13610.25000
-12301.64000 -14994.37000 -7496.21000 -8278.86000 -11143.75000 -10092.97000 -9134.72000 -13605.16000
-12290.88000 -14992.73000 -7493.51000 -8266.51000 -11158.27000 -10098.42000 -9132.80000 -13599.54000
-12318.25000 -15001.74000 -7492.67000 -8266.68000 -11175.89000 -10104.93000 -9145.65000 -13589.81000
-12305.25000 -14986.38000 -7502.20000 -8269.72000 -11149.36000 -10083.35000 -9147.47000 -13595.39000
-12303.24000 -14984.86000 -7494.11000 -8283.30000 -11151.81000 -10089.75000 -9145.91000 -13591.54000
-12303.89000 -15004.17000 -7491.02000 -8276.05000 -11140.82000 -10091.23000 -9142.11000 -13593.29000
-12317.07000 -14979.00000 -7486.79000 -8279.03000 -11142.50000 -10092.59000 -9156.18000 -13592.28000
-12302.52000 -14993.41000 -7492.98000 -8288.66000 -11140.81000 -10094.37000 -9143.86000 -13598.26000
-12300.00000 -14973.07000 -7497.11000 -8267.65000 -11153.17000 -10095.70000 -9149.24000 -13585.25000
-12293.74000 -14993.66000 -7495.48000 -8283.40000 -11140.50000 -10098.12000 -9151.35000 -13600.65000
-12299.00000 -15012.00000 -7498.50000 -8279.06000 -11141.93000 -10082.54000 -9144.21000 -13598.46000
-15006.09000 -14978.96000 -14991.19000 -14999.42000 -15021.33000 -14988.99000 -14980.63000 -15008.24000
-14998.13000 -14990.63000 -14992.35000 -15000.22000 -15015.32000 -15011.61000 -14995.19000 -15037.37000
-14989.07000 -15004.37000 -14989.85000 -15004.32000 -15004.80000 -15006.34000 -14988.51000 -15008.44000
-14984.54000 -14987.14000 -14998.93000 -14993.34000 -15011.15000 -15001.51000 -14999.93000 -15005.87000
-14992.90000 -14979.05000 -15000.50000 -14993.89000 -14999.14000 -14992.65000 -15003.98000 -15004.64000
-14983.21000 -15025.47000 -14988.77000 -14973.23000 -15007.85000 -14997.02000 -15020.74000 -15016.75000
-14977.26000 -14987.66000 -14993.02000 -14979.88000 -15007.09000 -14988.33000 -15001.64000 -15012.20000
-14969.86000 -14989.58000 -14968.65000 -14985.88000 -15007.11000 -15009.58000 -14978.43000 -15003.58000
-14993.51000 -14981.65000 -14991.46000 -14972.47000 -15007.80000 -14995.24000 -15017.43000 -15004.79000
-14975.82000 -14991.85000 -14994.03000 -14991.83000 -15000.09000 -14994.68000 -14984.46000 -15012.83000
-14981.77000 -14976.35000 -14998.63000 -14972.12000 -15005.64000 -15003.31000 -15008.78000 -15004.80000
-14995.20000 -14984.01000 -14998.27000 -14973.65000 -14994.34000 -15007.59000 -15027.08000 -14997.80000
-14980.29000 -15000.76000 -14996.69000 -14999.68000 -14992.73000 -14996.74000 -14996.32000 -14987.87000
-14999.86000 -14996.13000 -15001.63000 -14995.90000 -14999.25000 -14995.33000 -15005.68000 -14998.10000
-14982.81000 -14989.50000 -14985.07000 -14992.88000 -15000.68000 -14996.48000 -14988.09000 -14976.15000
-14985.84000 -15004.95000 -14996.07000 -14991.62000 -15017.58000 -14988.89000 -15007.11000 -15002.16000
-14992.28000 -15002.08000 -15007.19000 -14986.79000 -14989.49000 -15010.97000 -14991.21000 -15005.39000
-14999.81000 -14990.41000 -14992.05000 -14992.60000 -14980.72000 -15004.67000 -14986.65000 -15010.22000
-14986.35000 -15007.69000 -14984.03000 -14969.18000 -14998.09000 -15008.51000 -14983.92000 -14987.92000
-14975.00000 -14993.31000 -15031.02000 -14996.76000 -14984.53000 -14987.73000 -15001.17000 -14995.51000
-15008.93000 -15002.21000 -14995.34000 -14985.08000 -15005.37000 -15011.93000 -15020.64000 -14978.63000
-15012.70000 -15028.08000 -14975.89000 -14965.67000 -15005.43000 -14993.00000 -14999.19000 -14990.44000
-14999.70000 -14998.13000 -14987.67000 -15008.81000 -15036.55000 -15004.98000 -15024.61000 -14993.64000
-14975.48000 -14999.27000 -15011.11000 -15000.56000 -14987.74000 -14987.32000 -14998.47000 -14994.24000
-14984.11000 -15001.58000 -14974.13000 -14985.00000 -15025.80000 -14979.91000 -15006.25000 -14982.90000
-14997.76000 -14997.27000 -14991.32000 -14977.56000 -14998.16000 -14998.95000 -14988.96000 -14994.81000
-14994.50000 -14998.32000 -14989.46000 -15026.68000 -15024.34000 -14985.05000 -14997.55000 -14982.76000
-15002.23000 -15036.03000 -14996.72000 -14998.84000 -14998.07000 -14997.82000 -15020.02000 -14981.62000
-14990.65000 -14992.62000 -14991.52000 -14992.60000 -15015.22000 -15008.53000 -14995.54000 -14983.39000
-14983.85000 -15041.74000 -15007.95000 -14976.42000 -14996.69000 -14989.58000 -15015.57000 -14985.98000
-14977.68000 -15007.53000 -14992.39000 -14997.28000 -14999.45000 -15009.46000 -15021.99000 -15006.83000
-14988.91000 -15001.08000 -14994.11000 -14981.67000 -15008.24000 -14986.13000 -15010.85000 -14984.91000
-14996.46000 -14985.32000 -14993.96000 -14981.08000 -14994.04000 -14980.20000 -15005.79000 -14998.93000
-14983.03000 -14996.46000 -14984.42000 -14981.77000 -14982.06000 -14997.64000 -15010.32000 -14993.14000
-14975.34000 -15024.77000 -15003.09000 -14990.52000 -15003.57000 -14997.90000 -14992.07000 -14984.19000
-14993.38000 -15008.34000 -14978.08000 -15005.12000 -15029.08000 -14994.08000 -14997.74000 -14989.40000
-14981.31000 -14985.14000 -15004.34000 -15011.94000 -14990.35000 -14995.13000 -15002.62000 -14990.01000
-14977.04000 -15002.39000 -14981.89000 -15004.75000 -15025.72000 -14984.67000 -14999.87000 -15010.34000
-14975.18000 -15031.09000 -14976.27000 -14977.69000 -14994.28000 -14990.44000 -15025.54000 -14979.42000
-14989.58000 -14995.61000 -14990.66000 -14968.88000 -14995.79000 -14998.65000 -14990.76000 -14984.33000
-14991.74000 -15007.95000 -14986.31000 -14986.90000 -14985.12000 -14990.82000 -15019.56000 -14995.05000
-14986.08000 -14987.52000 -14992.38000 -14990.75000 -14981.95000 -14994.85000 -15006.84000 -14997.35000
-14977.99000 -15035.22000 -14977.12000 -14989.91000 -15010.94000 -14985.85000 -15034.15000 -14990.95000
-15001.94000 -15024.22000 -14988.32000 -14992.14000 -14995.79000 -14992.86000 -14997.50000 -14987.22000
-14983.59000 -15002.61000 -14991.63000 -14989.21000 -14992.79000 -14987.45000 -15006.17000 -14991.00000
-14973.54000 -15004.39000 -14982.50000 -14977.40000 -14981.28000 -15000.42000 -15036.68000 -14987.94000
-14991.19000 -15004.29000 -14970.15000 -14990.53000 -15021.13000 -14998.93000 -14990.03000 -14980.53000
-14987.30000 -15012.06000 -15002.19000 -14982.64000 -14988.80000 -14998.63000 -14996.64000 -14997.21000
-14989.60000 -15020.30000 -14982.34000 -14984.00000 -14979.29000 -14982.89000 -15022.14000 -14985.69000
-14991.52000 -15012.30000 -14978.21000 -15009.94000 -14992.56000 -14997.54000 -15000.87000 -14989.96000
-14977.55000 -15001.49000 -14985.56000 -14987.43000 -14993.28000 -14993.16000 -14993.98000 -15000.53000
-14976.39000 -15018.60000 -14997.42000 -14997.84000 -14996.12000 -14975.70000 -15009.49000 -14993.30000
-14978.74000 -14999.58000 -14995.63000 -14999.88000 -15001.83000 -14978.42000 -15004.78000 -14991.79000
-14988.93000 -14981.17000 -14989.70000 -15003.01000 -14986.50000 -14986.82000 -15044.73000 -14986.73000
-14974.68000 -14988.68000 -14990.16000 -14970.23000 -14980.77000 -14983.78000 -15026.71000 -15003.37000
-14979.44000 -15007.47000 -14991.32000 -14986.34000 -14984.90000 -15003.74000 -15001.04000 -15007.58000
-14991.39000 -15024.32000 -14986.39000 -14988.06000 -14983.17000 -14988.50000 -14999.89000 -14982.83000
-14988.99000 -15011.80000 -14976.89000 -14995.01000 -14988.89000 -14995.31000 -15007.41000 -15009.71000
-14972.68000 -14988.03000 -15000.50000 -14989.46000 -15003.64000 -14979.51000 -15005.09000 -14975.30000
-14991.57000 -14988.51000 -15004.62000 -14984.23000 -14992.17000 -14989.48000 -14986.33000 -14986.03000
-14986.94000 -14974.29000 -14990.56000 -14969.64000 -15001.19000 -14988.13000 -14993.38000 -14985.74000
-14985.86000 -15028.90000 -14995.02000 -14989.50000 -14994.87000 -15001.17000 -15010.68000 -14997.97000
-14981.88000 -15007.14000 -14988.65000 -15008.68000 -15024.44000 -14992.56000 -14992.23000 -15004.33000
-15006.46000 -15003.43000 -14986.33000 -14982.25000 -14983.17000 -15005.52000 -15014.16000 -14992.73000
-15002.51000 -15010.73000 -14976.82000 -14976.54000 -14987.95000 -14988.11000 -15014.88000 -15008.37000
-14959.28000 -15006.03000 -15021.10000 -14987.87000 -14996.00000 -14982.66000 -15037.77000 -15001.49000
-14977.56000 -14994.20000 -15001.66000 -14990.91000 -14986.88000 -14988.33000 -15014.10000 -14991.19000
-15000.88000 -15008.44000 -14981.42000 -14978.28000 -15010.73000 -14986.34000 -15001.13000 -14975.66000
-14979.60000 -14993.32000 -15017.82000 -14986.59000 -15001.58000 -14989.76000 -15002.85000 -14989.11000
-14990.17000 -14994.73000 -14994.06000 -15008.61000 -15001.22000 -14994.34000 -15027.50000 -14990.81000
-14976.24000 -14994.78000 -14986.25000 -14978.16000 -15004.08000 -14997.76000 -15011.82000 -14995.61000
-14984.27000 -14993.71000 -14985.32000 -15000.09000 -15001.27000 -14977.55000 -14978.29000 -14983.81000
-14982.91000 -15002.26000 -14981.17000 -14996.35000 -14977.98000 -15000.65000 -15002.09000 -14990.16000
-14995.34000 -14993.66000 -14982.77000 -14989.10000 -14992.53000 -14991.07000 -15041.04000 -14992.97000
-14992.70000 -15001.83000 -14994.44000 -14980.30000 -14984.66000 -14976.68000 -15015.24000 -14994.49000
-14976.95000 -15027.83000 -14988.16000 -14987.87000 -14988.47000 -14992.41000 -15000.71000 -14988.82000
-14985.67000 -14995.98000 -14980.97000 -14997.37000 -14979.95000 -14998.16000 -15033.65000 -15000.56000
-14983.89000 -14984.94000 -14990.75000 -14960.46000 -14977.11000 -14986.89000 -15037.18000 -14979.42000
-14985.94000 -14989.39000 -14999.41000 -14998.88000 -15001.18000 -14990.22000 -14994.58000 -14986.29000
-14981.91000 -15004.58000 -14985.44000 -14988.22000 -15003.89000 -14998.72000 -14997.38000 -14983.78000
-14986.22000 -14985.84000 -15003.81000 -14994.23000 -14995.50000 -14980.94000 -15012.45000 -14984.16000
-15006.20000 -14973.57000 -14993.79000 -14975.39000 -14989.26000 -14972.21000 -15003.56000 -14994.40000
-14972.07000 -14998.25000 -15000.03000 -14961.22000 -15007.20000 -14975.59000 -15045.77000 -14979.15000
-14999.77000 -14994.38000 -15001.32000 -14990.30000 -15002.52000 -14997.84000 -15010.57000 -14976.06000
-14990.64000 -14993.07000 -14992.81000 -14971.15000 -15005.66000 -14987.23000 -15015.26000 -14980.98000
-14993.63000 -14993.96000 -14997.76000 -14991.72000 -15020.18000 -14995.91000 -14992.87000 -15001.05000
-14984.65000 -14989.32000 -14992.95000 -14988.20000 -15014.31000 -14985.14000 -15035.04000 -14985.38000
-14998.35000 -15006.05000 -14984.78000 -15001.94000 -15005.49000 -14985.76000 -15044.56000 -14982.49000
-14991.35000 -14997.23000 -14987.02000 -14977.36000 -14981.35000 -14978.53000 -15002.54000 -14990.76000
-14986.39000 -14995.51000 -14974.90000 -14997.40000 -14996.51000 -14990.47000 -15008.09000 -15000.06000
-14973.77000 -15007.23000 -14965.79000 -14975.32000 -15046.12000 -14988.23000 -15015.25000 -14988.34000
-14991.51000 -14997.06000 -14977.03000 -14991.84000 -15001.21000 -15008.91000 -15008.85000 -14985.38000
-14988.02000 -14989.59000 -14986.85000 -14985.18000 -14995.98000 -14990.84000 -15016.61000 -14980.39000
-14964.17000 -14994.33000 -14992.51000 -14981.19000 -15005.48000 -14999.57000 -15016.69000 -14991.18000
-14975.95000 -14990.31000 -15000.14000 -14970.15000 -14999.20000 -14989.96000 -15003.30000 -14977.06000
-14981.21000 -15018.25000 -15022.94000 -14982.44000 -14999.48000 -14999.93000 -15016.29000 -14991.17000
-15005.47000 -14986.75000 -14990.93000 -14996.16000 -14990.21000 -15005.73000 -15031.88000 -14985.54000
-14979.79000 -15000.04000 -14977.23000 -14985.80000 -15008.59000 -14998.44000 -15060.51000 -14971.51000
-14986.24000 -15025.98000 -14994.02000 -14972.78000 -14998.88000 -14986.27000 -15001.92000 -14985.03000
-14986.27000 -15004.78000 -14999.41000 -14980.38000 -14994.70000 -15010.29000 -15038.52000 -14987.86000
-14988.06000 -14996.62000 -14997.35000 -14982.03000 -15011.23000 -14990.60000 -15018.28000 -14968.20000
-14964.03000 -15016.28000 -14985.58000 -14993.24000 -15006.41000 -14988.60000 -14997.84000 -14995.45000
-14983.83000 -15015.97000 -14990.39000 -14984.24000 -14994.22000 -14998.51000 -15015.47000 -14982.93000
-14987.72000 -14985.91000 -15004.18000 -14989.32000 -15008.00000 -14994.75000 -15003.75000 -14977.59000
-14983.59000 -15007.88000 -15004.41000 -14968.10000 -15016.46000 -14996.35000 -14998.56000 -14971.51000
