1.616951962584772362e+00
1.175204044904665013e+00
9.988601805773341669e-01
9.708009950582577874e-01
2.626848516949184496e-06
5.332903845868660619e-01
1.086310787632421837e+00
3.284319925158836195e-01
2.566429019067825376e-02
2.059145330508491481e-02
5.789913813983045277e-01
1.275059586462403338e+01
1.553822532476848573e+04
9.118405051753160961e+00
9.818277575741589380e-02
1.745687379162070130e+01
5.458709165921627360e+00
4.658773863368612211e+00
1.464924550488870025e+01
1.010481673012170667e+01
7.569888745381300410e+00
1.949809915144051686e+01
1.443889225792902309e+01
9.785965261207532961e+00
1.503511124527559062e+01
1.035171202801383927e+01
4.563280171705503818e+00
-2.412217663771202503e+00
8.050603095386627217e+00
8.349450382282885386e+00
8.528869774846356222e+00
1.737570790297134593e+01
2.286522241643546494e+01
5.779069618008445097e+00
1.147199369897205656e+01
1.858088647666347981e+01
1.161927657267489700e+01
7.640436099480741206e+00
1.133277396562499284e+01
6.404317586122893147e+00
1.502512571636655814e+01
6.595424973352725928e+00
1.929616180148819282e+01
2.338917150953311874e-01
5.893822739157848822e+00
8.446843361811405826e-01
1.369459205233026999e+00
-3.748122049735431172e-01
1.361797355307212687e+00
1.259010266144079182e+01
4.218872716615496898e+00
7.467450846350644156e+00
1.056591259276488515e+01
1.493503817850100113e+01
1.176722237813536687e+01
7.389123312754212414e+00
1.776381704289730479e+01
1.153424226117577689e+01
1.442531516148305393e+01
1.973816571958163024e+01
4.064392703654637451e+00
1.849195073230908193e+01
1.033515102692787302e+01
9.342360637129472067e-01
1.753137967070427550e+01
1.617622808927427869e+01
7.394248746864393596e+00
1.687743693305126635e+00
1.412501806422663542e+01
1.532190960032298399e+01
8.694768685047620238e+00
1.927462475820453847e+01
1.179493715305075341e+01
2.017733864063053062e+01
1.238864650630830155e+01
1.944853242629764267e+01
9.067743552372867555e+00
1.932640906634030031e+01
2.630485641739876712e+01
7.883107954470268020e+00
1.004405489468211776e+01
1.626655427488350369e+01
1.750938603869715848e+01
9.731836554433447972e+00
1.975246936081594029e+01
2.155575618427996076e+01
4.308123997187418119e+00
3.213265018850556043e+00
1.166048113880296810e+01
8.224244127754237965e+00
9.835285586758626408e+00
1.501319371837928784e+01
1.539687983136149541e+01
4.410953906753130482e+00
9.215328250132490240e+00
6.907566505911128196e+00
1.292360589060360354e+01
1.700031005323637956e+01
7.767749668818806796e+00
1.822390648539721170e+01
8.997922490752007008e+00
1.647523148219826794e+01
2.194547446864935125e+01
3.564933142669383326e+00
3.156987119491571292e+00
2.608161996853830988e+00
1.621403448768545985e+01
1.341236725271189556e+01
8.983071990360227410e-01
1.330005114565154223e+01
2.387591480144574163e+01
1.285904402672679758e+01
1.656019074305081773e+01
2.231637974296604909e+01
8.107158386212963919e+00
8.367262732229855615e+00
4.276904737309269677e+00
2.842028060312615789e+00
1.141787924878715899e+01
8.934629249671644402e+00
1.858476307729352328e+01
1.247746549469820998e+01
3.806333884036007920e+00
2.024748943690116576e+01
1.272920063103286914e+01
2.411524246512194836e+01
2.100875605051379580e+01
1.185782964703382270e+01
-5.353420566080515641e+00
1.120386071247362558e+01
1.359697985826799105e+01
2.734746176583678245e+00
2.160400878096928068e+01
1.126886783293958416e+01
1.794468158707102035e+01
1.121948011572037629e+01
1.154311302769592551e+01
9.794839196048750196e+00
1.668668125487803522e+01
2.253835682077902547e+01
2.298897877985168137e+01
1.936114931096934910e+01
1.126432713606484270e+01
1.205495533591628643e+01
1.599525510309323550e+01
8.670705490646192004e+00
7.117353833718200740e+00
9.777541040296599206e+00
1.340952390290267005e+01
8.537802761064611445e+00
1.041380714529663543e+01
5.164973938532839703e+00
9.679215948607239994e+00
7.257652457833787984e+00
4.389674024157855570e+00
1.655603114452324576e+01
1.424772642738868633e+01
1.138095078905177715e+01
1.742740650067279162e+01
7.668549459835754867e+00
1.303019707608026145e+01
1.598654048239941261e+01
1.265413756040257631e+01
1.042958020381876594e+01
7.579284392695942785e+00
2.099792072648841312e+01
1.108640157318837716e+01
1.506490407424262479e+01
7.783269502309299703e+00
5.532945362997940819e+00
9.541165333347471744e+00
1.277994405441200421e+01
1.440040635618661824e+01
9.340224150444964124e+00
8.255984525757462222e+00
1.710074149793442633e+00
3.437782558548714285e+00
-5.529411795746772995e+00
2.140031851861293077e+01
1.079151679862265922e+01
1.147831386460808467e+01
4.599113991694920855e+00
1.577056580508123529e-01
1.042510298067790409e+01
2.995106380978286253e+01
3.878203777674793518e+00
1.199105109375511091e+01
-2.509527620916283563e+00
8.828540154454380229e+00
1.566420126929539869e+01
1.209276304323119966e+01
1.786950175850618905e+01
8.381899328967241658e+00
1.637908790762195110e+01
4.380833980990443521e+00
9.587628214300816243e-01
1.988140664729870366e+01
1.847992906193322327e+01
3.429600881186455563e+00
3.231562629867598346e+00
1.770437163161973748e+00
9.871045928951216908e+00
2.212240126527544248e+01
9.260002642452390020e+00
-2.027587255031777058e+00
1.304426867892493647e+01
1.582395057102771929e+01
1.606477392155179018e+01
1.456124586375015006e+01
8.133394760656722511e+00
4.251144874332579704e+00
1.563338172648831126e+01
1.121423834612810033e+01
9.194457775079483142e+00
1.312912483267470343e+01
7.041022829756488299e+00
1.700547164397777422e+01
9.445145902695882612e+00
-6.850584255191871641e-01
1.132590746170019891e+01
1.677177717785476219e+01
1.937808324382395142e+01
2.022708687734080257e+01
3.588260981636600455e+00
2.097718861445945659e+00
2.247442990819389053e+01
2.508884581125024837e+01
1.538501352639818798e+01
-1.126404146025957864e+01
4.904391929782836002e+00
7.112200009756329599e+00
8.908395251726751951e+00
2.131670276482506310e+01
1.456113856954432428e+01
-1.758464941054054265e+00
1.425809000953383787e+01
9.456675492717094400e+00
1.047590437959210696e+01
1.051767351273847240e+01
7.542160822325149283e+00
7.047409127129323991e+00
1.995012738996277690e+01
2.186306527256896359e+01
1.283354233714512915e+01
7.589909221567800124e+00
1.961040654389297799e+01
7.592841631302676975e-01
-5.613881775656768269e+00
-3.297079562553372201e-01
8.870364968972548780e+00
5.154395461620781660e+00
3.717244579030687834e+00
2.109512025990513351e+00
1.763332271435369236e+01
2.397705322164694053e+01
7.641083053606852360e+00
1.981802804073084801e+01
9.391258363188490499e-01
1.635568431082087670e+01
1.714695524727219578e+01
1.479010676510596767e+01
2.588609406141429403e+01
1.436424200925304895e+01
1.101794079026479700e+01
1.797797565391415731e+01
9.867216323347543394e+00
5.234324268882342146e+00
-2.591675425619704765e+00
7.938343864825196938e+00
2.146340349193858899e+01
1.256051831981998568e+01
6.516153544179084101e+00
6.803550178750024102e+00
2.113152247361742297e+01
8.736214033278628222e+00
2.650314063087950700e+00
1.675634191550838636e+01
1.779067161704426070e+01
8.554668418384649087e+00
2.516744937981977959e+00
5.742797294173834111e+00
1.899061759013770256e+01
3.149042008082686195e+00
1.392004818788127274e+01
1.542411867190138786e+01
1.196144965711865460e+01
6.631425929682131404e+00
9.159676735911054246e-01
1.883228560298204712e+01
1.628138643995236023e+01
7.671394291578473634e+00
5.177327508712964210e+00
1.442963226308796187e+01
9.926321735900526022e+00
2.152222874302964328e+01
1.161049718062510294e+01
6.947887391726718320e+00
-2.773571066205474459e-02
1.426638892853281959e+01
7.903814001715987914e+00
1.650016616190663044e+01
1.327570958612805008e+01
2.582928934291324552e+01
1.341291496691190233e+01
1.701539758953385117e+01
1.458367126222480437e+01
7.916821826170533427e+00
9.321691886371722191e+00
1.417117652419490881e+01
6.441052298199098303e+00
2.623062842085293056e+01
2.044793463015882296e+01
2.052546957757419577e+01
1.363187924690671338e+01
1.293376679483054481e+01
1.309956605084748205e+01
1.829147798968232408e+01
8.736374673405796543e+00
2.287486881013229834e+01
2.546005777411567550e+01
6.167198957150436200e+00
7.283636136329466382e+00
1.350907538347447101e+01
7.121876431959698550e+00
2.639799323866710790e+00
4.914656874507491224e+00
4.400516191763605534e+00
1.352449291345861582e+01
2.673669063867594886e+01
1.529707752202322446e+01
7.391905089443926435e+00
1.887533590921081839e+01
1.142380379344265862e+01
1.460756731896181115e+01
1.321098853080503410e+01
2.351039452391424334e+01
1.045972718854341288e+01
2.364260848680617855e+01
7.227559064067873074e+00
2.542173362952883409e+01
6.643208240434296030e+00
-1.815212919067813235e+00
2.713036922069416335e+01
6.686561090927013673e+00
1.731540695268547836e+01
1.617232440075213162e+01
1.929448608104895868e+01
9.658559119608009169e+00
9.399114809740508392e+00
8.661395948379068344e+00
8.744731450354846558e+00
1.178608243630800700e+01
1.451680288159419341e+01
3.772768281032831350e+00
2.827987050683297809e+00
7.564073245413276858e+00
1.836165529555608700e+01
1.527004865917352738e+01
2.476378710796070592e+01
1.226980414432742705e+01
1.005645909070964983e+01
1.571453483127669060e+01
8.048898476504174226e+00
1.515340121537614593e+01
1.205985420655180462e+01
8.955786880392059501e+00
-1.039295155550862937e+00
1.906740476192785039e+01
1.819209278277536157e+01
2.523845169768549823e+01
1.885428018098509995e+01
1.949527031225100515e+01
8.216786300725726022e+00
7.989985830725647276e+00
1.658712106245770457e+01
1.496581305627642244e+01
1.431046203760047142e+01
1.834612050999490407e+01
1.782958365608046236e+01
1.343247037900957430e+01
1.527432417992045721e+01
1.093257840097978928e+01
7.062777096578382263e+00
1.264868522206574397e+01
1.668891868226178232e+01
6.686861583395245390e+00
1.361100980313019093e+01
9.134440890927079337e+00
8.365090738908952162e+00
1.206313165287622802e+01
1.310682313959750900e+01
4.637910672086819730e+00
1.757181597926377847e+01
7.418388053781804992e+00
7.913230541281812691e+00
2.439515478702353857e+00
1.309526598253166974e+01
3.974472837759570609e+00
1.515363478709743106e+01
9.305473468707567974e+00
1.255558839707095231e+01
1.265009305799281059e+01
-6.154184612023476664e-01
8.846039445481970631e+00
-7.194596681218222933e+00
1.437837185885599212e+01
1.186472554350647535e+01
9.810726957706533469e+00
2.687230797355913481e+01
1.944019153067232608e+01
8.027358912886676023e+00
1.492006476444924523e+01
8.595975722415186482e+00
8.380059234226651554e+00
9.178816178903534961e+00
