1.712783671888871706e-01
4.952099843761185172e-01
4.173621055785665668e-01
4.984207855032118939e-01
1.390303311902399145e-06
2.753944988572611385e-01
6.625659888533466102e-01
1.310059984599702687e-01
1.253555339703475192e-02
1.519984027231315905e-02
2.011240859758643695e-01
5.805172327698429058e+00
6.587728700499559636e+03
3.642553968133170006e+00
5.089920788680481895e-02
2.193428520723623265e+01
1.390364755042902800e+01
2.063656301835445817e+01
2.079804288741790330e+01
2.039899155569742106e+01
2.598500913870461559e+01
2.055832018929182681e+01
2.216370016176234969e+01
1.709968863026675834e+01
2.840264197088126252e+01
2.723638030432057633e+01
1.763477713239760902e+01
1.722580941888025663e+01
1.936507252083732311e+01
2.240735575689317827e+01
2.078798759003487717e+01
1.714179289112199811e+01
1.969974786503871655e+01
1.605035986346912580e+01
2.524762902054830604e+01
1.845207236740523271e+01
2.072407557838336700e+01
1.969190805892067431e+01
2.220498733240462030e+01
1.813905438551268645e+01
2.436408859458042286e+01
2.236253037791175302e+01
1.942364795619601381e+01
1.659160226339093214e+01
2.405146720311940101e+01
1.757790083026445771e+01
2.310867900857594748e+01
1.673500027973257787e+01
2.082392681612660112e+01
2.223276203620733327e+01
2.035609383375111392e+01
1.778902030603868312e+01
2.097224250039188931e+01
2.378764945051449686e+01
1.986265453872980657e+01
2.225706297449115567e+01
2.481231923557875163e+01
2.601051129521342631e+01
1.936484772606049276e+01
2.345882949232249715e+01
2.256766872210164721e+01
1.830557290174630580e+01
2.083548433851858661e+01
2.146450027201662891e+01
2.155687378101218243e+01
2.440952195754496401e+01
2.137702178833534816e+01
1.409815620901495059e+01
2.317566477813121750e+01
1.965594752194191130e+01
2.394287591282224170e+01
1.239895953305705589e+01
2.084164768554082769e+01
1.791194974357741643e+01
2.623409977136392612e+01
1.728595424927968693e+01
2.261678674689611412e+01
2.354548603467797463e+01
2.055371267184809270e+01
2.074159384598860001e+01
1.686977533356559888e+01
2.226752294046109881e+01
1.905974332506225366e+01
1.996271176948175352e+01
2.276902621694726037e+01
2.162770490263967105e+01
1.956285401497746435e+01
1.734798216265084037e+01
2.258440535827855200e+01
1.833031459829458143e+01
2.137763448777869968e+01
2.048351571368566226e+01
2.177175702365072496e+01
2.343352903090491779e+01
2.063702457646672528e+01
1.446909464074232510e+01
2.366124063543801981e+01
1.841484490073716174e+01
1.236717796935797153e+01
2.264042163385111195e+01
2.017733262534096994e+01
2.015478053361633215e+01
1.988765732362982064e+01
1.983083358280131137e+01
1.832514904736301986e+01
1.966858431811436958e+01
1.954445693190121958e+01
2.613722603577906156e+01
1.813529195282055895e+01
1.874599593904236627e+01
1.971709417225910954e+01
1.985969791546081353e+01
1.878783307112179912e+01
2.205444722760770304e+01
2.122947708087981411e+01
1.683007845390272905e+01
1.919223620679807851e+01
2.242330596997305747e+01
2.317506957131934797e+01
2.002688263068317553e+01
2.020727861856126495e+01
2.080584430037257349e+01
1.869243380730247850e+01
1.732579683037401352e+01
2.050738929138093170e+01
2.113316521764542699e+01
1.915558447964340516e+01
1.854459956568910073e+01
1.711619029916397849e+01
1.829653217082444172e+01
2.100119244703143906e+01
2.072330185813910219e+01
1.363394743441391199e+01
1.981728640618893067e+01
2.169668209190446007e+01
2.190255063529290425e+01
2.398695339403646543e+01
2.220816242116093875e+01
2.273861716106078390e+01
1.996223515857280617e+01
2.373081460360954864e+01
1.983714741681570359e+01
2.181343402079973259e+01
2.340557969401631055e+01
1.453679399245693915e+01
2.399534953437808937e+01
1.956058058434669888e+01
1.631394654999721183e+01
2.251344263830134196e+01
1.606079144666744796e+01
1.882527717504464704e+01
2.261350873953900376e+01
2.351964460072298735e+01
2.211800678290710920e+01
1.898322859144662544e+01
2.397922620817864470e+01
1.511411115689077889e+01
2.044699371982323655e+01
1.938933859972629392e+01
1.904756639387165507e+01
1.905179320937129361e+01
2.209633824598169127e+01
1.933398450344599340e+01
2.341651079450642570e+01
2.110371356186309910e+01
2.089603422729420501e+01
2.309073915988309977e+01
1.836932287069551961e+01
1.868167996639229145e+01
2.192893253437706136e+01
2.107405064883730361e+01
2.242829162307924307e+01
2.302350499161672914e+01
2.341395643893536516e+01
1.846040723005271289e+01
2.106452262755374250e+01
2.130179204217369104e+01
2.188872689988141218e+01
1.807083576582945028e+01
2.168511551705839224e+01
2.503347629032858990e+01
1.986396648992406355e+01
1.739609809461876111e+01
1.847779880780423056e+01
1.640455023981153104e+01
1.988679488874405621e+01
1.499295453514075227e+01
1.926247784868563073e+01
2.250836703537036243e+01
1.829282698179845923e+01
1.806645964432875218e+01
2.018118998672356312e+01
2.176199166437016075e+01
2.578660966526814846e+01
1.669717418722844471e+01
2.083852275979899460e+01
2.047807483278922902e+01
1.754101727233634378e+01
1.417898013525420353e+01
1.561477517295433692e+01
2.482437963376353096e+01
2.007097712177503368e+01
2.168936103944662719e+01
2.097594379505854434e+01
1.672164603719582487e+01
2.522671041768895961e+01
2.268009414567093174e+01
1.851970586694648446e+01
1.967745793390086462e+01
2.476673020726256169e+01
2.082553594408525299e+01
1.740776470447136504e+01
2.199547508539730600e+01
1.703873192921382440e+01
2.212366829907507437e+01
1.818639457797044656e+01
2.001388387990796858e+01
2.067786299040086817e+01
2.171600090811744010e+01
1.839249012429754870e+01
2.018399372222328125e+01
1.407380404046231526e+01
1.558278607565012663e+01
1.765106080775879960e+01
1.550125990760724726e+01
2.024029295768349357e+01
1.972486252071819379e+01
2.250178213174864794e+01
9.829903937730813723e+00
1.910601146646356341e+01
2.143538681540135471e+01
2.237400795410353993e+01
1.878692690763385542e+01
1.648101920173309765e+01
2.303969856833329644e+01
2.384921904979619001e+01
2.000423307806907758e+01
1.960397915808342262e+01
2.045337110782600121e+01
2.088177755249778400e+01
2.367552326382324779e+01
1.688878496742455582e+01
2.348697025915236480e+01
2.215555223326417433e+01
2.589956240444907820e+01
2.238766030093059101e+01
2.257698924086509606e+01
1.489359778816065827e+01
2.121433663681917281e+01
2.279483205019923275e+01
1.679442782170195869e+01
1.474273943131266762e+01
1.950402800610440224e+01
2.173173944094747156e+01
1.976625470207595114e+01
2.282877691311434276e+01
1.806206801346815283e+01
2.263119292361831469e+01
2.498937870592892452e+01
2.358915461531541879e+01
2.346495474071502940e+01
1.781546862844890455e+01
1.996126155918295453e+01
2.262796122363737439e+01
2.135238061003614618e+01
2.272437677365248376e+01
1.787512845356437907e+01
1.199974139451660626e+01
1.943776621970289753e+01
1.505569130451796411e+01
2.176237610566533220e+01
2.057643830638673066e+01
2.424323506825181340e+01
1.679475887520462152e+01
2.203239337648224350e+01
2.052258059800882606e+01
2.153083162768221470e+01
1.939545169108142986e+01
2.143525379294918665e+01
2.110757004150127969e+01
1.833563184665677426e+01
2.227517174876037132e+01
1.648059772744493046e+01
2.465632999342120613e+01
2.134672405012085505e+01
2.182770229983534449e+01
2.102762785622460839e+01
2.250912421974310362e+01
2.234661087788036937e+01
2.181917180339463869e+01
1.908613312142753315e+01
1.982015585104888444e+01
1.526369150815664710e+01
2.131177019115889948e+01
2.147318897667920723e+01
1.806741160136833102e+01
2.103275003064139526e+01
2.394155906834427583e+01
2.168121117712553669e+01
2.351507403477045699e+01
2.377940737262435178e+01
1.948678780449260728e+01
1.803426679931613563e+01
1.915785495577082287e+01
1.802461123384242470e+01
2.332049026757775323e+01
2.329064060169144668e+01
1.957911612583295735e+01
2.146168742521212280e+01
2.393320727058986819e+01
1.995379086547095326e+01
2.059777035999234940e+01
1.403150171130720736e+01
2.470423699514169513e+01
1.963279378036659750e+01
2.087472369098719582e+01
1.862443880511977312e+01
2.349075846628645436e+01
1.599387539633918287e+01
1.676354611067333167e+01
2.126216303915392913e+01
1.966980748939591095e+01
1.987230534510259972e+01
1.511989869251642560e+01
2.123266061264239823e+01
2.077928775153383967e+01
2.226134330935748551e+01
1.964471066178558800e+01
2.337091070491781508e+01
2.228585694912607096e+01
2.435129554782099248e+01
2.017098638040656056e+01
2.002773255481042725e+01
2.300368844314511207e+01
2.522837475304415378e+01
1.548101444202763055e+01
1.949310963088635162e+01
1.914804979534996221e+01
1.682475184914971678e+01
2.141459736560959470e+01
1.863242998327618949e+01
1.939750862298008727e+01
2.060542299673971556e+01
2.094328902587424679e+01
1.949146542474331767e+01
1.959654293817108339e+01
2.101365465658054177e+01
2.131326546577875192e+01
2.132766326734249063e+01
2.040936434093138629e+01
1.596941350828452144e+01
2.435607660451992729e+01
1.613413987961655494e+01
1.734932451595042124e+01
2.130203009192032937e+01
2.420857800485793732e+01
1.928624260157654291e+01
2.490193244981552567e+01
1.894285415976401765e+01
2.200187128450401630e+01
2.572402170266079580e+01
2.412716268507671558e+01
1.885239294270886035e+01
2.346448271272056729e+01
2.086371030111149238e+01
1.880790567311570527e+01
1.648807757592011924e+01
2.109989686882190441e+01
2.230001487476940270e+01
1.544476267858433793e+01
1.717704632497709838e+01
2.455448936320200559e+01
2.000355325939066020e+01
1.924904871987719090e+01
2.309470434460181210e+01
2.198307913040208561e+01
2.451212369661030266e+01
2.188431901409466462e+01
2.367275851608757264e+01
2.153595523213764196e+01
1.696155954825069045e+01
2.321770896641184123e+01
2.065475513317751322e+01
2.120368865442781825e+01
1.992117798115738836e+01
2.031052165678363153e+01
2.085139862292217572e+01
2.040189558646536483e+01
1.663257195394277232e+01
2.338307245245816546e+01
1.939002086533383107e+01
2.189874947329959909e+01
2.166036173272585330e+01
2.177615390566927189e+01
2.268530525271172849e+01
2.036432799310978226e+01
1.940227193721590027e+01
1.977980253685492329e+01
2.358508793334211973e+01
1.915386995258679903e+01
2.116172115250883223e+01
2.017325794630358970e+01
1.810166378073493476e+01
1.946408054198999693e+01
1.508860831552656556e+01
2.264976449581696727e+01
2.332805368134613744e+01
1.531238710486323740e+01
1.808653788590123312e+01
1.458946550650194673e+01
2.009234322489790259e+01
2.308729809784061615e+01
1.986316460054517208e+01
2.187095965088920124e+01
2.130348500315345106e+01
