0.00 1.00 -347889.18 -347889.18 118.83 630.43
1.00 2.00 -347298.65 -347298.65 118.06 620.53
2.00 3.00 -347212.94 -347212.94 117.31 619.17
3.00 4.00 -347137.66 -347137.66 117.38 617.91
4.00 4.00 -347137.66 -347661.89 117.38 617.91
5.00 5.00 -346673.79 -346673.79 117.74 610.17
6.00 5.00 -346673.79 -346728.77 117.74 610.17
7.00 5.00 -346673.79 -346940.22 117.74 610.17
8.00 6.00 -346620.84 -346620.84 118.09 609.26
9.00 6.00 -346620.84 -347291.46 118.09 609.26
10.00 6.00 -346620.84 -347208.04 118.09 609.26
