0.00 1.00 -233948.12 -233948.12 119.14 626.26
1.00 1.00 -233948.12 -234079.31 119.14 626.26
2.00 1.00 -233948.12 -234347.19 119.14 626.26
3.00 2.00 -233906.36 -233906.36 118.63 625.27
4.00 3.00 -233702.16 -233702.16 118.45 620.18
5.00 3.00 -233702.16 -234021.74 118.45 620.18
6.00 3.00 -233702.16 -233817.48 118.45 620.18
7.00 3.00 -233702.16 -233796.44 118.45 620.18
8.00 3.00 -233702.16 -233832.55 118.45 620.18
9.00 3.00 -233702.16 -233765.54 118.45 620.18
10.00 4.00 -233532.77 -233532.77 117.30 616.09
