0.00 1.00 -258399.50 -258399.50 118.42 628.62
1.00 2.00 -258396.97 -258396.97 120.04 628.39
2.00 3.00 -258382.20 -258382.20 120.82 627.97
3.00 3.00 -258382.20 -258572.03 120.82 627.97
4.00 4.00 -258335.46 -258335.46 120.41 626.94
5.00 4.00 -258335.46 -258421.33 120.41 626.94
6.00 5.00 -258059.90 -258059.90 119.16 620.82
7.00 5.00 -258059.90 -258423.45 119.16 620.82
8.00 5.00 -258059.90 -258320.36 119.16 620.82
9.00 5.00 -258059.90 -258134.53 119.16 620.82
10.00 5.00 -258059.90 -258207.32 119.16 620.82
