0.00 1.00 -384095.28 -384095.28 120.05 630.22
1.00 2.00 -383648.59 -383648.59 117.97 623.58
2.00 3.00 -383290.36 -383290.36 119.28 618.00
3.00 4.00 -383089.39 -383089.39 118.83 615.01
4.00 4.00 -383089.39 -383181.95 118.83 615.01
5.00 5.00 -382882.51 -382882.51 118.95 611.90
6.00 5.00 -382882.51 -383006.82 118.95 611.90
7.00 5.00 -382882.51 -383525.18 118.95 611.90
8.00 5.00 -382882.51 -382986.59 118.95 611.90
9.00 5.00 -382882.51 -383087.42 118.95 611.90
10.00 6.00 -382425.39 -382425.39 118.25 605.16
