0.00 0.00 -315354.66 -315583.18 0.00 0.00
1.00 1.00 -314990.73 -314990.73 119.38 628.48
2.00 1.00 -314990.73 -315086.62 119.38 628.48
3.00 2.00 -314737.48 -314737.48 118.73 623.82
4.00 3.00 -314697.13 -314697.13 118.55 623.09
5.00 3.00 -314697.13 -314905.41 118.55 623.09
6.00 3.00 -314697.13 -314849.75 118.55 623.09
7.00 3.00 -314697.13 -314739.21 118.55 623.09
8.00 4.00 -314613.60 -314613.60 117.84 621.61
9.00 5.00 -314493.19 -314493.19 117.57 619.41
10.00 5.00 -314493.19 -314603.47 117.57 619.41
