0.00 0.00 -212149.72 -212401.57 0.00 0.00
1.00 1.00 -211943.64 -211943.64 118.76 627.73
2.00 1.00 -211943.64 -211997.21 118.76 627.73
3.00 1.00 -211943.64 -212183.85 118.76 627.73
4.00 1.00 -211943.64 -212208.67 118.76 627.73
5.00 1.00 -211943.64 -212151.05 118.76 627.73
6.00 1.00 -211943.64 -212034.33 118.76 627.73
7.00 1.00 -211943.64 -212150.94 118.76 627.73
8.00 1.00 -211943.64 -212074.63 118.76 627.73
9.00 1.00 -211943.64 -212195.43 118.76 627.73
10.00 1.00 -211943.64 -212144.49 118.76 627.73
