0.00 0.00 -285633.96 -285682.87 0.00 0.00
1.00 1.00 -285000.16 -285000.16 118.88 622.47
2.00 2.00 -284593.21 -284593.21 116.25 614.45
3.00 2.00 -284593.21 -285197.46 116.25 614.45
4.00 2.00 -284593.21 -285365.48 116.25 614.45
5.00 2.00 -284593.21 -284724.83 116.25 614.45
6.00 2.00 -284593.21 -285111.58 116.25 614.45
7.00 2.00 -284593.21 -285283.78 116.25 614.45
8.00 2.00 -284593.21 -285026.05 116.25 614.45
9.00 2.00 -284593.21 -285474.10 116.25 614.45
10.00 2.00 -284593.21 -285546.43 116.25 614.45
