-13075.97000 -14455.85000 -17605.11000 -26138.96000 -23705.94000 -21422.02000 -19414.05000 -15975.19000
-13052.55000 -14438.55000 -17581.75000 -26104.62000 -23724.96000 -21407.41000 -19418.67000 -15960.16000
-13087.46000 -14437.85000 -17610.59000 -26158.71000 -23681.72000 -21438.71000 -19401.86000 -15953.19000
-13039.32000 -14446.10000 -17587.41000 -26151.14000 -23727.84000 -21388.66000 -19390.20000 -15962.89000
-13081.04000 -14431.92000 -17570.31000 -26130.80000 -23680.28000 -21405.79000 -19415.36000 -15929.07000
-13043.13000 -14429.86000 -17591.49000 -26138.02000 -23703.36000 -21439.78000 -19427.84000 -15935.01000
-13082.68000 -14437.25000 -17582.53000 -26162.59000 -23766.84000 -21397.40000 -19411.50000 -15932.04000
-13032.08000 -14423.77000 -17569.16000 -26148.68000 -23698.20000 -21393.80000 -19431.10000 -15906.55000
-13040.84000 -14453.97000 -17583.86000 -26152.52000 -23702.51000 -21434.60000 -19429.72000 -15908.05000
-13008.39000 -14464.58000 -17567.10000 -26129.55000 -23703.52000 -21423.88000 -19394.24000 -15911.02000
-13037.71000 -14434.78000 -17584.34000 -26092.70000 -23696.40000 -21386.37000 -19398.84000 -15874.81000
-13015.97000 -14455.97000 -17585.45000 -26120.73000 -23677.64000 -21378.63000 -19383.78000 -15914.22000
-13022.31000 -14449.71000 -17584.13000 -26072.22000 -23713.17000 -21379.98000 -19414.61000 -15909.71000
-13045.29000 -14423.92000 -17564.48000 -26108.30000 -23704.21000 -21471.75000 -19408.65000 -15873.62000
-13019.38000 -14443.64000 -17567.62000 -26118.65000 -23693.84000 -21364.26000 -19373.96000 -15893.44000
-13041.33000 -14416.23000 -17584.48000 -26058.84000 -23702.26000 -21360.68000 -19398.53000 -15867.56000
-13045.72000 -14445.00000 -17548.53000 -26054.32000 -23733.59000 -21348.69000 -19335.56000 -15882.45000
-13007.69000 -14464.70000 -17573.27000 -26111.33000 -23707.64000 -21359.41000 -19344.01000 -15864.13000
-13028.99000 -14417.55000 -17559.27000 -26065.72000 -23725.64000 -21336.62000 -19340.02000 -15850.58000
-13027.64000 -14410.93000 -17530.71000 -26040.97000 -23673.52000 -21352.76000 -19339.95000 -15859.69000
-13011.60000 -14396.03000 -17551.83000 -26058.60000 -23637.07000 -21348.27000 -19332.53000 -15849.68000
-26059.76000 -26091.85000 -26115.48000 -26013.93000 -26122.28000 -26043.03000 -26066.83000 -26035.17000
-26006.79000 -26095.94000 -26113.43000 -26032.46000 -26060.90000 -26015.86000 -26080.08000 -26049.96000
-26014.50000 -26100.13000 -26089.81000 -26069.60000 -26077.16000 -26036.90000 -26055.13000 -26063.43000
-26016.32000 -26070.87000 -26090.81000 -26072.51000 -26135.55000 -26056.38000 -26062.95000 -25997.17000
-26062.40000 -26052.77000 -26128.55000 -26087.80000 -26102.05000 -26020.00000 -26065.29000 -26010.25000
-26059.15000 -26103.43000 -26104.21000 -26071.70000 -26122.70000 -26051.88000 -26061.17000 -26021.17000
-26027.19000 -26086.39000 -26114.74000 -26064.71000 -26083.29000 -26052.90000 -26055.06000 -26029.20000
-26041.89000 -26068.56000 -26144.75000 -26116.78000 -26066.35000 -26052.86000 -26024.34000 -26034.37000
-26043.76000 -26113.49000 -26124.33000 -26092.02000 -26124.75000 -25986.25000 -26047.40000 -26036.92000
-26038.24000 -26080.14000 -26077.51000 -26019.23000 -26118.95000 -26037.00000 -26053.91000 -26005.00000
-26063.58000 -26069.86000 -26084.95000 -26069.33000 -26101.39000 -25989.10000 -26025.53000 -26040.27000
-26003.47000 -26054.59000 -26127.21000 -26058.32000 -26174.30000 -26002.75000 -26044.35000 -26052.73000
-26000.54000 -26069.91000 -26084.57000 -26057.37000 -26069.85000 -26003.90000 -26051.24000 -25995.67000
-25996.26000 -26064.52000 -26090.77000 -26049.38000 -26129.74000 -26007.76000 -26011.08000 -26030.33000
-26029.26000 -26077.09000 -26128.68000 -26085.20000 -26152.85000 -26053.43000 -26012.38000 -26090.31000
-26006.63000 -26076.99000 -26105.98000 -26091.97000 -26130.58000 -26080.87000 -26042.08000 -26006.71000
-26033.24000 -26068.99000 -26096.60000 -26071.34000 -26054.72000 -26011.91000 -26061.85000 -26062.39000
-26090.35000 -26084.44000 -26066.27000 -26107.75000 -26051.54000 -25992.81000 -26020.00000 -26041.85000
-26011.13000 -26042.41000 -26097.83000 -26063.46000 -26096.99000 -26046.76000 -26057.32000 -26056.83000
-26016.10000 -26079.71000 -26094.39000 -26077.95000 -26115.36000 -26013.27000 -26011.49000 -26020.89000
-26054.23000 -26088.86000 -26061.86000 -26049.59000 -26053.08000 -26057.33000 -26042.32000 -26015.93000
-26034.29000 -26033.92000 -26066.23000 -26047.24000 -26102.39000 -26038.19000 -26048.99000 -26063.29000
-25993.17000 -26025.81000 -26086.62000 -26065.01000 -26057.23000 -26022.76000 -25997.77000 -26002.40000
-26060.81000 -26073.50000 -26071.08000 -26070.42000 -26045.09000 -25989.99000 -26083.49000 -26066.28000
-26004.71000 -26047.12000 -26101.18000 -26083.28000 -26108.12000 -26010.44000 -25992.40000 -26023.95000
-26055.25000 -26005.35000 -26054.73000 -26075.66000 -26049.55000 -26039.42000 -26045.23000 -26027.04000
-25981.22000 -26017.85000 -26076.11000 -26098.45000 -26047.45000 -26027.04000 -26024.18000 -26069.42000
-26040.12000 -26043.05000 -26066.74000 -26030.17000 -26075.04000 -26012.97000 -26006.15000 -26028.03000
-26054.51000 -26062.54000 -26055.25000 -26049.55000 -26095.34000 -26034.16000 -26007.11000 -25999.10000
-26015.99000 -26076.08000 -26027.86000 -26041.13000 -26043.60000 -26018.71000 -25976.69000 -26037.90000
-26022.55000 -25987.89000 -26067.05000 -26033.14000 -26063.81000 -25984.50000 -26024.89000 -26023.53000
-25969.05000 -26068.41000 -26011.64000 -26045.55000 -26019.02000 -26024.16000 -26089.13000 -25996.32000
-26031.40000 -26021.53000 -26027.46000 -26092.14000 -26061.07000 -26016.95000 -26026.53000 -26059.50000
-25945.65000 -26053.87000 -25996.43000 -26063.74000 -26034.87000 -26016.13000 -26047.56000 -25998.35000
-26032.83000 -26023.10000 -26077.87000 -26094.49000 -26030.42000 -26056.93000 -26007.11000 -26007.81000
-26046.47000 -26053.35000 -26035.48000 -26053.14000 -26085.18000 -25983.88000 -26061.63000 -25993.05000
-26058.19000 -26045.78000 -26049.88000 -26081.68000 -26072.91000 -25982.85000 -26055.34000 -26007.14000
-25988.47000 -26083.12000 -26032.26000 -26078.59000 -26037.92000 -25981.07000 -25986.45000 -26028.28000
-25973.46000 -26054.57000 -26057.55000 -26087.10000 -26046.77000 -26072.29000 -26031.62000 -26029.74000
-26025.05000 -26063.37000 -26040.25000 -26109.19000 -26027.03000 -26026.25000 -26028.21000 -26003.50000
