1.338262391495903314e+00
1.013150799200820185e+00
1.095600593852460447e+00
9.967751686065591255e-01
1.632663934426226013e-06
2.639516349795085759e-01
8.147766744057386434e-01
8.720585807377018162e-02
8.669511598360641821e-03
5.121236106557374400e-03
3.636809307377051881e-01
4.016263229098357534e+00
2.093854711362651506e+04
7.159456773606557967e+00
5.449224493852442008e-02
-7.737852644288933845e+01
-6.140539457063511009e+01
-1.305714604273768487e+02
7.197302471079910902e+01
-2.083908955170083388e+01
-1.074488186423565281e+02
8.509369495239745618e+01
3.116304747247949436e+01
7.759376049627022098e+01
-7.216357187909810023e+01
6.573666598770509495e+01
1.028051331807377267e+01
7.087008988473378679e+01
9.148003409602465297e+01
-8.225609931688546794e+01
-1.240341291265570760e+02
-3.899846756762057609e-01
6.488010281075820274e+01
1.506091130799184796e+01
-4.382408208114808801e+00
-9.801978584948739126e+01
9.258973632840165635e+01
-1.310497002724588924e+02
1.030270305990777189e+02
5.520479690163919706e+00
-4.077500989172139612e+01
7.949993338426241962e+01
1.124951953714548978e+02
-6.305743924561470237e+01
-9.979566274589957153e-01
-4.185361366448779563e+01
-2.718546533747946725e+01
-6.762106313555331383e+01
8.824867766979474482e+01
3.401677067094264828e+01
-1.151765501006966161e+02
-1.243670414014544576e+02
-1.123948256464551321e+02
4.715487142389322628e+01
5.228128032803279268e+01
-9.823246309362676243e+01
-3.144880885135244952e+01
-1.536575867008075358e-01
1.328085106509837772e+02
6.845544101360661671e+01
-1.022428779882375380e+02
-1.324933405825617569e+02
7.998364941086046898e+00
-1.175869766651228474e+02
9.184171448711042274e+01
-8.794634445993847294e+01
1.026306731875003493e+02
8.759945441922126008e+01
3.938155189897553043e+01
-1.161140819701229390e+02
1.123744690867210352e+02
7.859241942409813930e+01
7.642343346768463164e+01
-6.240848804764322466e+01
7.011236833682374936e+01
1.207413717615778666e+02
-2.935987271911884022e+01
1.334343781342215252e+01
1.334156511854916403e+02
3.803419102325826628e+01
2.910964033463124068e+01
1.431238203014141845e+02
-7.972771099711074783e+01
6.124675411827855243e+01
-1.386344568290986956e+01
-5.034710379241800382e+01
1.023473407196520100e+02
1.073730661622336839e+02
-6.577860470721313391e+01
-4.066844815745891850e+01
-2.315421582159842018e+01
-1.598982375510244758e+01
-7.693448887444718309e+01
-7.550988156063547763e+01
-4.532581209764335028e+01
-7.942775295549218129e+01
-3.161508976547126082e+01
-9.690379806219232250e+01
-1.514465556985645733e+01
-6.893772991221288748e+01
-1.332223406020894743e+02
-6.751353737342228101e+01
1.218650422358816172e+02
-1.271087502126432440e+02
-4.809796861022538650e+01
6.307053414737731600e+01
-2.969150180743855927e+01
-4.982956143850419295e+01
-6.825723706934411439e+01
3.876038813627049251e+01
-1.186213695130733896e+02
-4.622821789760246958e+01
-1.106963563375006032e+01
-9.260886905903697652e+01
1.586433751721300300e+00
3.291755837682373453e+01
-4.350399273635255781e+01
-8.849158407026624218e+01
9.518104309334003688e+01
8.486745593258146414e+01
-9.004636673987714346e+01
-7.951448658594260621e+01
-7.095760755924182206e+01
-9.757847033518432056e+01
-7.516291948288940716e+01
6.229247663270508895e+01
6.263263121526654231e+01
1.061402719277253084e+02
-5.775712152788943143e+01
7.977264255362717904e+01
-4.675236166602471144e+01
1.362471431071725192e+02
1.061457793390778050e+02
-8.302542372061459730e+01
-9.583211286795045680e+01
1.337335498505738371e+02
1.063638080896311209e+02
-3.287649015182375223e+01
-7.997947295336105356e+01
-1.117949567219261127e+02
-1.318494388643030675e+02
6.888366146780724364e+01
-7.345363101139358264e+01
5.668215309098357579e+00
-1.043969453974385431e+02
-1.127189709279711280e+02
-4.742985971200824480e+01
-5.197722113680321598e+01
3.606421518766388346e+01
-5.663562014940561795e+01
7.860456852973369735e+01
6.540081212252020748e+01
-1.130195486728895702e+02
1.008922066661884003e+02
1.066048152156143374e+02
6.779654349907779931e+01
-9.999302391598439144e+00
-1.157286390379094740e+02
-7.508451708420086845e+01
-4.383598597352450099e+01
1.068843948545075762e+01
-7.466254901278692557e+01
5.004089443077870669e+01
5.753596484836064207e+01
7.176915895608591711e+01
1.131000842216187863e+02
1.083595560343034663e+02
6.844958965286842556e+00
1.231513180365160878e+02
-4.328935677389345216e+01
-8.118287035397516149e+01
2.185969595709009283e+01
-9.792601731075788507e+01
3.039522745641415113e+01
-5.155353722540986183e+01
-9.455856020272577211e+01
8.647237421229525012e+01
5.803069360993863057e+01
-1.027205818436885636e+02
-8.564266968295115134e+01
-4.655521035899572269e+01
7.003218609426173025e+00
4.696825353485657217e+01
-3.628931150641375325e+01
-6.108605146575837352e+01
4.440926191163931946e+01
3.097471254161884957e+01
-9.929626822930333674e+01
3.341968658788941582e+01
1.155575262543033865e+01
-1.103553754432784189e+02
3.427609717561472991e+01
6.420216322446709967e+01
5.206245950676229306e+00
8.949253243446725037e+01
-9.803832982506133931e+01
1.455457373714549476e+02
1.226245019042830080e+02
3.963885886147563298e+01
-8.723032326905743616e+01
4.953742681247958046e+01
-8.930972588733602890e+01
-7.798306297360637984e+01
-4.073253603317639460e+01
1.257094870870085970e+02
-2.265280624139352827e+00
1.053114162793851989e+02
9.148299729340172348e+01
-8.338042375903707182e+01
1.158539522145493521e+02
-2.761269092868802399e+00
-1.072766895412295014e+02
8.522489141997969853e+01
8.200370147956958533e+01
9.942313851168101735e+00
-5.487986158295075967e+01
-1.189042673127663079e+02
-1.016304286567623727e+01
6.194608876772547745e+01
1.396512016493843689e+01
8.959336729352466477e+01
1.010083229265778186e+02
7.814188242530741491e+01
6.690037043862716359e+01
-1.276059352595288772e+02
-6.193073238366807232e+01
-9.205795331778691093e+01
7.384978086979491252e+01
9.642990395348320476e+00
9.032682230364792986e+01
-1.076389800948562794e+02
1.134634317863528850e+02
-5.245985111485648389e+01
-1.383217521490164756e+02
5.619821874481556989e+01
1.759314729856549420e+01
3.704816681137318568e+01
-3.743533640885244296e+01
-1.061432266746311086e+02
-1.107699864041806705e+02
1.095771193577050440e+02
-1.355473564887290649e+01
4.501764473379122933e+01
1.872806695594262294e+01
2.427234200272543774e+01
-3.025348047004110441e+01
8.563897666118819529e+01
-1.163608564936675123e+02
-4.374550570323781784e+01
-7.230961031629094293e+01
-1.051718876004096899e+02
-6.422529885573750619e+01
9.068360991690580875e+01
-1.168207216931762815e+02
1.056850685319668059e+02
-8.518956032245874610e+01
2.637924712293033025e+01
1.132352871801024463e+02
-9.969823267430373903e+01
3.392144670663925154e+01
-2.311273512321711010e+01
-1.171031903493853150e+02
-1.583710879801229332e+01
-8.910749253668075198e+01
-4.031070094725409803e+01
7.189711736731565850e+01
-3.249719899020488612e+01
1.194476357165983416e+02
1.506055052219258528e+01
8.271545575448789123e+01
1.327896384705126991e+02
-1.039083962329303006e+02
-3.396814393868850601e+01
8.223586806045091180e+01
-9.329533682456994370e+01
-2.195429752555330793e+01
-1.006568316379916865e+02
-5.570670700206964909e+01
5.513989576368860668e+01
-2.645508053680326910e+01
-8.875087300184407013e+01
5.251408750413951054e+01
-5.912862601016394137e+01
3.528116514344254284e+01
-9.062617611145466867e+01
1.143313592093853117e+02
3.049919485018443766e+01
-4.192113752188504350e+01
1.367849082772544556e+01
-3.562476330163943050e+00
4.725993805989749319e+01
1.767102545473364117e+01
-4.551407769354491251e+01
-6.053965915456947045e+01
-2.482613952420082271e+01
-7.942669118432394271e+01
-3.172253012315565002e+01
4.706366233987699843e+01
-8.305076750180319323e+01
-9.465615827348382538e+01
3.877256966868864652e+01
1.134812741276228252e+02
2.561950065508193575e+01
2.056713855717222206e+00
-6.267448668483608998e+01
2.827848587086057819e+01
1.264894938780737199e+01
-1.290407558754713762e+02
-2.407194121342221393e+01
6.324914875551237969e+01
1.272794317341185177e+02
-5.126906118012300340e+01
-7.740992248524592334e+00
5.091908914979505596e+01
1.047403463922135813e+01
-8.895086338278733962e+00
1.250186746225820542e+02
5.539539621842227035e+01
-4.488155341918048435e+01
8.929251150772526557e+01
-3.963035748704947281e+01
-7.107412584600398020e+01
-6.017095298415975435e+01
1.045692106114550342e+02
-7.676135140981565996e+01
-9.695275533627048503e+01
1.022023173898362529e+02
-2.017252358442622651e+01
-7.915771124032809780e+01
2.431300342040984219e+01
4.946554227561470007e+00
-8.403101961528705033e+01
8.580704001149577209e+01
6.542440104340147400e+01
9.520664604561460465e+01
8.373463674639323528e+01
1.072838935326845444e+02
6.222495665307351942e+01
-9.582720789147545304e+01
8.027696375559413866e+01
9.451681619940558221e+01
-6.876188651473360380e+01
-1.122669740208402658e+02
-1.926380949649578866e+01
-1.787191205483601664e+01
1.112699815130735743e+02
3.223719769944665359e+01
-4.451570625194663222e+01
9.434217977184410131e+01
7.155285873319716217e+00
1.424679278153700501e+01
4.562245884221317027e+01
5.437788582145487482e+01
-8.998232123581946951e+01
-8.275404133184426314e+01
5.786912506141395340e+01
1.132505272950738578e-01
6.855735066823767454e+01
1.195670126801437192e+02
5.323185844288933311e+01
1.270950796618854781e+02
5.680397309764339298e+01
-4.015253849657787555e+01
-8.999735268610650962e+01
1.347077326039545255e+02
5.060633612323770336e+01
8.544310344836038240e+00
-1.038212091892421114e+02
1.091321402171108872e+02
9.712251225413943700e+01
-1.097559634601023077e+02
1.080641237483398527e+02
4.722413542721310620e+01
-6.765197338842217789e+01
2.018343836614751297e+01
1.039609668451432469e+02
-7.440209304141411906e+01
-5.066202253965157354e+01
9.375600956647525663e+01
-1.030469911232994349e+02
-1.861147252541014874e+00
8.800550399752017938e+01
-1.217812497120080337e+02
1.949428648059418379e+01
-9.106084811346300967e+01
-1.013168503391803767e+02
-1.022656029893442309e+01
-1.298973951935860214e+02
5.061925699348351770e+01
-4.396693746114743817e+01
7.079316359133170522e+01
-1.248014159851842351e+02
1.154480512211061516e+01
-9.410613012811460010e+01
4.224943663348357603e+01
9.918881698668036151e+00
6.859328877483598319e+01
-1.769693272766438508e+00
1.190039498188524334e+02
6.968173097629097867e+01
1.025267595481763152e+02
-8.961605862459006744e+01
-1.066073915235863012e+02
1.553429792012299870e+01
4.712689951481564066e+01
2.113012165334022541e+01
8.125965908676225524e+01
-9.810120323100385065e+01
6.305346635053292914e+01
9.148363505797175321e+01
8.065134224913954597e+01
1.306322714908398837e+02
-1.062522817834627631e+02
-6.945952806637295396e+01
-9.468155555106564236e+01
