4.224499999999999886e+02
4.192599999999999909e+02
4.192599999999999909e+02
4.192599999999999909e+02
4.192599999999999909e+02
4.175299999999999727e+02
4.175299999999999727e+02
4.119100000000000250e+02
4.119100000000000250e+02
4.119100000000000250e+02
4.119100000000000250e+02
4.119100000000000250e+02
4.119100000000000250e+02
4.119100000000000250e+02
4.119100000000000250e+02
4.117400000000000091e+02
4.117400000000000091e+02
4.117400000000000091e+02
4.117400000000000091e+02
4.117400000000000091e+02
4.107400000000000091e+02
4.107400000000000091e+02
4.107400000000000091e+02
4.107400000000000091e+02
4.107400000000000091e+02
4.107400000000000091e+02
4.107400000000000091e+02
4.107400000000000091e+02
4.107400000000000091e+02
4.107400000000000091e+02
4.103500000000000227e+02
4.100000000000000000e+02
4.095000000000000000e+02
4.095000000000000000e+02
4.095000000000000000e+02
4.095000000000000000e+02
4.095000000000000000e+02
4.095000000000000000e+02
4.095000000000000000e+02
4.095000000000000000e+02
4.095000000000000000e+02
4.091399999999999864e+02
4.091399999999999864e+02
4.091399999999999864e+02
4.091399999999999864e+02
4.077400000000000091e+02
4.077400000000000091e+02
4.077400000000000091e+02
4.077400000000000091e+02
4.077400000000000091e+02
4.063299999999999841e+02
4.063299999999999841e+02
4.036200000000000045e+02
4.036200000000000045e+02
4.036200000000000045e+02
4.036200000000000045e+02
4.036200000000000045e+02
4.036200000000000045e+02
4.036200000000000045e+02
4.283199999999999932e+02
4.283199999999999932e+02
4.270099999999999909e+02
4.265500000000000114e+02
4.265500000000000114e+02
4.252099999999999795e+02
4.252099999999999795e+02
4.252099999999999795e+02
4.252099999999999795e+02
4.252099999999999795e+02
4.252099999999999795e+02
4.252400000000000091e+02
4.252400000000000091e+02
4.235500000000000114e+02
4.235500000000000114e+02
4.235500000000000114e+02
4.238399999999999750e+02
4.223899999999999864e+02
4.191399999999999864e+02
4.208500000000000227e+02
4.208500000000000227e+02
4.208500000000000227e+02
4.183299999999999841e+02
4.161700000000000159e+02
4.161700000000000159e+02
4.161700000000000159e+02
4.161700000000000159e+02
4.161700000000000159e+02
4.161700000000000159e+02
4.161700000000000159e+02
4.161700000000000159e+02
4.161700000000000159e+02
4.161700000000000159e+02
4.161700000000000159e+02
4.161700000000000159e+02
4.161700000000000159e+02
4.161700000000000159e+02
4.149399999999999977e+02
4.149399999999999977e+02
4.149399999999999977e+02
4.139300000000000068e+02
4.129700000000000273e+02
4.129700000000000273e+02
4.129700000000000273e+02
4.105699999999999932e+02
4.105699999999999932e+02
4.105699999999999932e+02
4.105699999999999932e+02
4.105699999999999932e+02
4.085199999999999818e+02
4.085199999999999818e+02
4.085199999999999818e+02
4.085199999999999818e+02
4.085199999999999818e+02
4.085199999999999818e+02
4.085199999999999818e+02
4.085199999999999818e+02
4.085199999999999818e+02
4.085199999999999818e+02
4.250199999999999818e+02
4.250199999999999818e+02
4.229599999999999795e+02
4.229599999999999795e+02
4.229599999999999795e+02
4.227599999999999909e+02
4.227599999999999909e+02
4.223899999999999864e+02
4.223899999999999864e+02
4.223899999999999864e+02
4.223899999999999864e+02
4.219200000000000159e+02
4.219200000000000159e+02
4.219200000000000159e+02
4.190699999999999932e+02
4.190699999999999932e+02
4.190699999999999932e+02
4.158999999999999773e+02
4.158999999999999773e+02
4.158999999999999773e+02
4.158999999999999773e+02
4.158999999999999773e+02
4.158999999999999773e+02
4.158999999999999773e+02
4.158999999999999773e+02
4.158999999999999773e+02
4.158999999999999773e+02
4.158999999999999773e+02
4.191299999999999955e+02
4.191299999999999955e+02
4.191299999999999955e+02
4.191299999999999955e+02
4.191299999999999955e+02
4.191299999999999955e+02
4.191299999999999955e+02
4.191299999999999955e+02
4.177799999999999727e+02
4.177799999999999727e+02
4.177799999999999727e+02
4.172500000000000000e+02
4.172500000000000000e+02
4.172500000000000000e+02
4.172500000000000000e+02
4.172500000000000000e+02
4.163999999999999773e+02
4.163999999999999773e+02
4.163999999999999773e+02
4.163999999999999773e+02
4.132200000000000273e+02
4.132200000000000273e+02
4.113100000000000023e+02
4.113100000000000023e+02
4.095199999999999818e+02
4.095199999999999818e+02
4.095199999999999818e+02
4.095199999999999818e+02
4.095199999999999818e+02
4.095199999999999818e+02
4.095199999999999818e+02
4.223899999999999864e+02
4.223899999999999864e+02
4.223899999999999864e+02
4.223899999999999864e+02
4.223899999999999864e+02
4.223899999999999864e+02
4.223899999999999864e+02
4.223899999999999864e+02
4.209499999999999886e+02
4.209499999999999886e+02
4.184900000000000091e+02
4.184900000000000091e+02
4.184900000000000091e+02
4.168899999999999864e+02
4.163600000000000136e+02
4.163600000000000136e+02
4.163600000000000136e+02
4.147699999999999818e+02
4.147699999999999818e+02
4.115699999999999932e+02
4.115699999999999932e+02
4.115699999999999932e+02
4.115699999999999932e+02
4.115699999999999932e+02
4.115699999999999932e+02
4.115699999999999932e+02
4.115699999999999932e+02
4.115699999999999932e+02
4.115699999999999932e+02
4.115699999999999932e+02
4.115699999999999932e+02
4.115699999999999932e+02
4.115699999999999932e+02
4.115699999999999932e+02
4.115699999999999932e+02
4.115699999999999932e+02
4.115699999999999932e+02
4.115699999999999932e+02
4.115699999999999932e+02
4.115699999999999932e+02
4.115699999999999932e+02
4.115699999999999932e+02
4.115699999999999932e+02
4.115699999999999932e+02
4.115699999999999932e+02
4.115699999999999932e+02
4.115699999999999932e+02
4.115699999999999932e+02
4.115699999999999932e+02
4.115699999999999932e+02
4.115699999999999932e+02
4.115699999999999932e+02
4.115699999999999932e+02
4.115699999999999932e+02
4.115699999999999932e+02
4.115699999999999932e+02
4.115699999999999932e+02
4.115699999999999932e+02
4.115699999999999932e+02
4.275000000000000000e+02
4.275000000000000000e+02
4.273100000000000023e+02
4.273100000000000023e+02
4.273100000000000023e+02
4.273100000000000023e+02
4.273100000000000023e+02
4.273100000000000023e+02
4.273100000000000023e+02
4.269599999999999795e+02
4.269599999999999795e+02
4.269599999999999795e+02
4.269599999999999795e+02
4.269599999999999795e+02
4.269599999999999795e+02
4.269599999999999795e+02
4.269599999999999795e+02
4.263999999999999773e+02
4.215199999999999818e+02
4.215199999999999818e+02
4.171399999999999864e+02
4.171399999999999864e+02
4.171399999999999864e+02
4.171399999999999864e+02
4.171399999999999864e+02
4.171399999999999864e+02
4.171399999999999864e+02
4.171399999999999864e+02
4.171399999999999864e+02
4.171399999999999864e+02
4.171399999999999864e+02
4.171399999999999864e+02
4.171399999999999864e+02
4.171399999999999864e+02
4.171399999999999864e+02
4.163999999999999773e+02
4.160199999999999818e+02
4.160199999999999818e+02
4.160199999999999818e+02
4.160199999999999818e+02
4.160199999999999818e+02
4.160199999999999818e+02
4.152599999999999909e+02
4.152599999999999909e+02
4.152599999999999909e+02
4.152599999999999909e+02
4.152599999999999909e+02
4.152599999999999909e+02
4.150799999999999841e+02
4.150799999999999841e+02
4.121700000000000159e+02
4.121700000000000159e+02
4.121700000000000159e+02
4.121700000000000159e+02
4.121700000000000159e+02
4.121700000000000159e+02
4.121700000000000159e+02
4.121700000000000159e+02
4.121700000000000159e+02
4.213399999999999750e+02
4.185899999999999750e+02
4.185899999999999750e+02
4.185899999999999750e+02
4.185899999999999750e+02
4.185899999999999750e+02
4.185899999999999750e+02
4.185899999999999750e+02
4.182599999999999909e+02
4.171299999999999955e+02
4.173299999999999841e+02
4.173299999999999841e+02
4.150500000000000114e+02
4.145299999999999727e+02
4.128000000000000114e+02
4.128000000000000114e+02
4.110699999999999932e+02
4.110699999999999932e+02
4.110699999999999932e+02
4.110699999999999932e+02
4.118000000000000114e+02
4.118000000000000114e+02
4.118000000000000114e+02
4.118000000000000114e+02
4.118000000000000114e+02
4.118000000000000114e+02
4.118000000000000114e+02
4.083299999999999841e+02
4.083299999999999841e+02
4.083299999999999841e+02
4.083299999999999841e+02
4.083299999999999841e+02
4.083299999999999841e+02
4.083299999999999841e+02
4.083299999999999841e+02
4.083299999999999841e+02
4.083299999999999841e+02
4.083299999999999841e+02
4.083299999999999841e+02
4.083299999999999841e+02
4.083299999999999841e+02
4.083299999999999841e+02
4.083299999999999841e+02
4.083299999999999841e+02
4.083299999999999841e+02
4.083299999999999841e+02
4.083299999999999841e+02
4.083299999999999841e+02
4.083299999999999841e+02
4.081200000000000045e+02
4.081200000000000045e+02
4.081200000000000045e+02
4.081200000000000045e+02
4.081200000000000045e+02
4.080500000000000114e+02
4.079300000000000068e+02
4.077200000000000273e+02
4.077200000000000273e+02
4.077200000000000273e+02
4.233999999999999773e+02
4.215000000000000000e+02
4.215000000000000000e+02
4.215000000000000000e+02
4.215000000000000000e+02
4.215000000000000000e+02
4.215000000000000000e+02
4.215000000000000000e+02
4.215000000000000000e+02
4.204599999999999795e+02
4.204599999999999795e+02
4.204599999999999795e+02
4.188799999999999955e+02
4.188799999999999955e+02
4.127300000000000182e+02
4.127300000000000182e+02
4.127300000000000182e+02
4.127300000000000182e+02
4.122500000000000000e+02
4.122500000000000000e+02
4.122500000000000000e+02
4.122500000000000000e+02
4.122500000000000000e+02
4.122500000000000000e+02
4.122500000000000000e+02
4.122500000000000000e+02
4.122500000000000000e+02
4.122500000000000000e+02
4.122500000000000000e+02
4.122500000000000000e+02
4.122500000000000000e+02
4.122500000000000000e+02
4.112400000000000091e+02
4.112400000000000091e+02
4.112400000000000091e+02
4.112400000000000091e+02
4.112400000000000091e+02
4.112400000000000091e+02
4.112900000000000205e+02
4.112900000000000205e+02
4.112900000000000205e+02
4.096800000000000068e+02
4.096800000000000068e+02
4.090500000000000114e+02
4.090500000000000114e+02
4.090500000000000114e+02
4.090500000000000114e+02
4.090500000000000114e+02
4.072099999999999795e+02
4.072099999999999795e+02
4.072099999999999795e+02
4.072099999999999795e+02
4.072099999999999795e+02
4.072099999999999795e+02
4.072099999999999795e+02
4.072099999999999795e+02
4.072099999999999795e+02
4.072099999999999795e+02
4.072099999999999795e+02
1.000000000000000000e+00
1.000000000000000000e+00
4.259900000000000091e+02
4.259900000000000091e+02
4.259900000000000091e+02
4.215199999999999818e+02
4.215199999999999818e+02
4.215199999999999818e+02
4.152900000000000205e+02
4.152900000000000205e+02
4.152900000000000205e+02
4.150600000000000023e+02
4.150600000000000023e+02
4.138799999999999955e+02
4.138799999999999955e+02
4.132099999999999795e+02
4.105899999999999750e+02
4.105899999999999750e+02
4.104200000000000159e+02
4.104200000000000159e+02
4.104200000000000159e+02
4.104200000000000159e+02
4.096100000000000136e+02
4.096100000000000136e+02
4.096100000000000136e+02
4.096100000000000136e+02
4.096100000000000136e+02
4.096100000000000136e+02
4.096100000000000136e+02
4.096100000000000136e+02
4.096100000000000136e+02
4.094300000000000068e+02
4.094300000000000068e+02
4.094300000000000068e+02
4.094300000000000068e+02
4.094300000000000068e+02
4.094300000000000068e+02
4.094300000000000068e+02
4.094300000000000068e+02
4.094300000000000068e+02
4.094300000000000068e+02
4.094300000000000068e+02
4.094300000000000068e+02
4.094300000000000068e+02
4.094300000000000068e+02
4.094300000000000068e+02
4.094300000000000068e+02
4.094300000000000068e+02
4.094300000000000068e+02
4.094300000000000068e+02
4.095099999999999909e+02
4.095099999999999909e+02
4.095099999999999909e+02
4.095099999999999909e+02
4.091200000000000045e+02
4.091200000000000045e+02
4.091200000000000045e+02
4.091200000000000045e+02
4.091200000000000045e+02
