2.167663181135814632e-01
2.532267505526942242e-01
2.481971067119287111e-01
3.246112589238199786e-01
6.812863569562255504e-07
2.019146989141356596e-01
5.080691296798122147e-01
5.005819265282275554e-02
4.374803953743347344e-03
4.911052052375726971e-03
2.289661844895862219e-01
2.323343935294396534e+00
3.686979532671110519e+03
1.617335215504934975e+00
2.175545370210159313e-02
6.710596702629538868e+01
1.056060461996902546e+02
6.449832881510614868e+01
7.118699220254617899e+01
1.005836765475316810e+02
7.164496218952159268e+01
7.636196913754587001e+01
9.981312233603405559e+01
7.687402365769551693e+01
9.684173875414120403e+01
7.444676826538386649e+01
1.071773543355807163e+02
9.976170191734617276e+01
8.703341944706266986e+01
1.010130131391498054e+02
6.679667143206616231e+01
9.257095009375640871e+01
7.302504425475301275e+01
1.015874171038713030e+02
1.038605552774072436e+02
7.706731421353332223e+01
6.253159168090803632e+01
5.458438948663678758e+01
7.625301595609361982e+01
5.710019008708047039e+01
7.262095110374542628e+01
9.077968037421653946e+01
6.257611360097964592e+01
9.465984805407485680e+01
9.872983147915809354e+01
9.467643081311733511e+01
1.038145251346929001e+02
6.231856736019768306e+01
1.041880658779606108e+02
8.229064589904969296e+01
5.960165943070981598e+01
4.365837505385560036e+01
5.591677427759687191e+01
8.460879561625361589e+01
6.857858790358039869e+01
7.752266387825005722e+01
9.590447254647617115e+01
1.127845364333386442e+02
4.134188747534117425e+01
9.408466580249492495e+01
6.968217607426659299e+01
5.948819322030827550e+01
6.638458022989013330e+01
5.531940923639970720e+01
7.556595160900133124e+01
7.501743907519283994e+01
8.296097974943481290e+01
5.747536173533848824e+01
8.964660254205627155e+01
6.038909841239490817e+01
5.937583932930656516e+01
6.528296503085672953e+01
9.376607338030912331e+01
9.953945669400692964e+01
1.089613239900241126e+02
5.699342668235779286e+01
9.481955677093297652e+01
6.391741584144642019e+01
5.272315083634109101e+01
7.566807152122854063e+01
1.015989950428212438e+02
5.364813877410549026e+01
1.029715852222084465e+02
9.346584850424477509e+01
7.794015674543970817e+01
6.248492568714146955e+01
8.353649682084240169e+01
7.831460022137441968e+01
1.047596189004956813e+02
7.806105362846551543e+01
9.016148777471903486e+01
6.749156793373133212e+01
8.096470664426759356e+01
8.461947180351923237e+01
1.027993305571749119e+02
9.146598984474100291e+01
8.129135494591088218e+01
7.544509683381296838e+01
1.015484169268611794e+02
8.483432074513176246e+01
5.868218596293276335e+01
9.224602474447026168e+01
5.305319595897959317e+01
6.300819522156247388e+01
7.188525326904581902e+01
7.927381783568996809e+01
9.709374674901978608e+01
1.019105037250985077e+02
1.001810320557344340e+02
9.092959374942999773e+01
5.314530125345139311e+01
8.308824498232399947e+01
7.729542263177253858e+01
8.744540099705810121e+01
8.159181401477844986e+01
9.824850767377355965e+01
9.317214106407071483e+01
8.198002669431465961e+01
7.992985914735299957e+01
8.219409853920606679e+01
7.237757899350097546e+01
6.311630920032957448e+01
7.761299191282842003e+01
6.638505425724036968e+01
7.519203448678386792e+01
8.173313905155457348e+01
8.086839678640131979e+01
5.380474305876798979e+01
1.160806690562066024e+02
8.234466867249869892e+01
8.740947120537505555e+01
4.473501438399093644e+01
7.454638020217292649e+01
6.418900341433011647e+01
6.505586376295926243e+01
5.650487245659572721e+01
7.311884277053506764e+01
1.069067065302753718e+02
8.768368584671557642e+01
5.999097824310636184e+01
5.472713588345929736e+01
7.526239421695247245e+01
7.428782513919112773e+01
1.001181224278312527e+02
5.485507888749572203e+01
8.497156314718570513e+01
8.388885847974853505e+01
9.448123927317878668e+01
8.558668730754155263e+01
8.308897451861533057e+01
7.059476686208698482e+01
7.093958123961240858e+01
4.511586142518758891e+01
7.262804724703380543e+01
7.831457098330682243e+01
9.124131703882076749e+01
8.683512154032544572e+01
6.349943712249854144e+01
6.403827987363496277e+01
8.050050177682685160e+01
8.071198640536607627e+01
7.000242596725252042e+01
6.432753013798607356e+01
9.489617739786636719e+01
9.247848658032225444e+01
6.233783307022029874e+01
6.286392106570398397e+01
1.029672612987816365e+02
5.243594208505506771e+01
8.731268024493567736e+01
5.507691808305365555e+01
8.295722713046019692e+01
8.516467555640370790e+01
9.066256970659421199e+01
1.110836690002409881e+02
7.227390737489753292e+01
5.766647097669244459e+01
8.682609464585671333e+01
7.921091340536312941e+01
8.042733791852097625e+01
6.547790023343691246e+01
9.109908891891005567e+01
9.003175085943337308e+01
1.001516961411334847e+02
6.281375565491114799e+01
9.582646835831600640e+01
1.100507594507587896e+02
9.072074490727108298e+01
7.950772464345453727e+01
9.657092438798662215e+01
7.162736222670061181e+01
7.740907551510061069e+01
9.332694234884506557e+01
6.130212517463117905e+01
7.121600581131770014e+01
8.310838363953443775e+01
5.299290395420095479e+01
6.837461789260973433e+01
7.880566202486089367e+01
7.728245560266746850e+01
8.908557800198511245e+01
9.681019783375811016e+01
8.422375225994795755e+01
1.133176175610507528e+02
6.668360931974820005e+01
8.650308502027738200e+01
5.561779780348724245e+01
7.494456062815530117e+01
7.536839183320597613e+01
7.482273376802156406e+01
1.040868370445925706e+02
6.590866330081935587e+01
8.107240608914548829e+01
8.151003501514345828e+01
7.997545910820497284e+01
7.279195521064809782e+01
6.427279299598279749e+01
7.137899618813951008e+01
8.575659482922138466e+01
9.871594207482023364e+01
8.180527067865895674e+01
6.020433944093579015e+01
7.859268948828410828e+01
8.760487237317761355e+01
7.661600717136454364e+01
9.854092892582418983e+01
9.580616229748478929e+01
6.437583122521256485e+01
1.130453014990217753e+02
8.291344696116043167e+01
5.729681032326327283e+01
6.485568211142685868e+01
9.099987071865059818e+01
5.062960671352303876e+01
4.713034133883520127e+01
7.909457911778176253e+01
7.968549320215402076e+01
9.724625303058206782e+01
6.213913604263111523e+01
5.359666577034941781e+01
8.193655852869750333e+01
6.647576949586093065e+01
8.673146900753683042e+01
8.605417507524830967e+01
1.095194487905094576e+02
1.037010912763301036e+02
8.314602368166706015e+01
5.761511803283770661e+01
7.216441387128446650e+01
7.961611422949052042e+01
6.056925609261896426e+01
1.104498600885661403e+02
5.708852559849726305e+01
6.812737000276152344e+01
7.430783764640028721e+01
7.238253294386336734e+01
9.656654441959199175e+01
6.375513193994310512e+01
6.373944776871314843e+01
1.058744860099394174e+02
1.077900821109026168e+02
8.973898388002407955e+01
9.134794046466218731e+01
6.489066693092796356e+01
7.545196412733997704e+01
9.281410619034782883e+01
1.220652442811532836e+02
4.717798544242698711e+01
1.154859045522755707e+02
5.669231403207072617e+01
5.121588666429955339e+01
6.177837873470006258e+01
1.145032229046772727e+02
7.748158825738578059e+01
8.076394588883114523e+01
1.052114431897288540e+02
9.515539936359654405e+01
7.658146231239487634e+01
8.096649894925413093e+01
1.048731438382710905e+02
8.029158203199449417e+01
9.790242640279672059e+01
9.587735241498072014e+01
9.776941204936430552e+01
7.663518472172094675e+01
5.675526207217953356e+01
8.415074976024664011e+01
9.588021256590883468e+01
7.957765090399465180e+01
1.147959957520792074e+02
1.013416537777139297e+02
8.207781954814342384e+01
8.200749998488774395e+01
6.722012263034733337e+01
1.168214868842208034e+02
8.227279564013782931e+01
8.344347817205429862e+01
9.157247808762340924e+01
8.346768886143557609e+01
8.390472099773171522e+01
8.294513206022732277e+01
5.784440988508674764e+01
7.350967312990977121e+01
1.036997070868778650e+02
8.183185512787333948e+01
6.713965726808748968e+01
9.358451247858253907e+01
4.858065129791602033e+01
9.157920448369331723e+01
8.695634844469529412e+01
6.254451619380372307e+01
8.766321364991644316e+01
9.032127642751096630e+01
7.992850976305135191e+01
1.050345025968201895e+02
8.893473390076604801e+01
4.425691660573696851e+01
6.754918859332416048e+01
8.345333843370174520e+01
7.505317077060676922e+01
8.721021478915992020e+01
7.985208270495714089e+01
7.546642999014753173e+01
7.319926195126417667e+01
7.459770572961596713e+01
6.678778940049986090e+01
7.376381667330679193e+01
7.654046035645097845e+01
7.375025253977385375e+01
1.026698417651931123e+02
9.462034361639550184e+01
6.769735697858115486e+01
6.756438597763873588e+01
8.039418779588547181e+01
7.659575480064053465e+01
6.661922749593779258e+01
7.944009558310129648e+01
7.680371693723076021e+01
7.001763640494083063e+01
8.354685349743743927e+01
7.036975110599598793e+01
8.248917390719655884e+01
6.067695562495767092e+01
1.127276181834822353e+02
7.207339782075156620e+01
7.096433683859152097e+01
8.153176664398601758e+01
8.956890973077142348e+01
6.371946841557694086e+01
9.043413424594363903e+01
9.568367282043018918e+01
9.347794599965521911e+01
7.775885847370420834e+01
7.546813847666804520e+01
8.351862719772488219e+01
8.107865664372187098e+01
1.054723427969246359e+02
8.186713049235369510e+01
8.066318979088366348e+01
5.835655466965864235e+01
4.893580881820815165e+01
9.050918551641142074e+01
9.378783591856205248e+01
8.276123642561925919e+01
5.334060334702310513e+01
9.569088708040405322e+01
1.076989672057201091e+02
6.412797573190644584e+01
5.975278737607894186e+01
8.694534764855319509e+01
6.295778420929553221e+01
8.167663198191465312e+01
5.896631800112965749e+01
1.032946064133565898e+02
8.727381934917973183e+01
8.185037691339563537e+01
7.253383716683491400e+01
8.249985431958145909e+01
7.459307753858648482e+01
6.562308282119619207e+01
8.959559309019196860e+01
8.166235675188478638e+01
5.117633289001815200e+01
9.666818209312364729e+01
8.651797181404002401e+01
7.722289790937367115e+01
9.499890530601059879e+01
6.124291576693458694e+01
7.222821615946274676e+01
8.819314258698510400e+01
7.561725161491378344e+01
6.956200637951494059e+01
7.911952040167024336e+01
5.423655353569535009e+01
1.016523244127599526e+02
8.933600569733856389e+01
8.071877360093725429e+01
7.408653593523298753e+01
5.972933894477704087e+01
9.006444097701881901e+01
9.188297787525534943e+01
7.446080832420931017e+01
7.241263534623543308e+01
8.832389015803413201e+01
1.131447086218065010e+02
9.484591747264762773e+01
6.418358287845411780e+01
6.667543085167947936e+01
8.437017572594531600e+01
6.242285270941354725e+01
6.752674604786628265e+01
5.878645469814640734e+01
6.324450640475424024e+01
6.354143384414229700e+01
8.219484106685729330e+01
