0.00 0.00 -20192.71 -20639.04 1.00 1.00
1.00 1.00 -20188.03 -20188.03 474.82 2890.34
2.00 2.00 -20151.90 -20151.90 474.95 2910.14
3.00 2.00 -20151.90 -20643.60 474.95 2910.14
4.00 2.00 -20151.90 -20698.00 474.95 2910.14
5.00 3.00 -20025.81 -20025.81 468.09 2925.10
6.00 3.00 -20025.81 -20230.51 468.09 2925.10
7.00 3.00 -20025.81 -20108.46 468.09 2925.10
8.00 3.00 -20025.81 -20187.62 468.09 2925.10
9.00 3.00 -20025.81 -20339.40 468.09 2925.10
10.00 3.00 -20025.81 -20210.69 468.09 2925.10
11.00 4.00 -19776.14 -19776.14 491.77 2902.25
12.00 4.00 -19776.14 -20089.62 491.77 2902.25
13.00 4.00 -19776.14 -20139.40 491.77 2902.25
14.00 4.00 -19776.14 -20169.18 491.77 2902.25
15.00 4.00 -19776.14 -20214.93 491.77 2902.25
16.00 4.00 -19776.14 -20283.68 491.77 2902.25
17.00 4.00 -19776.14 -20330.72 491.77 2902.25
18.00 5.00 -19654.77 -19654.77 476.49 2903.62
19.00 5.00 -19654.77 -19846.61 476.49 2903.62
20.00 5.00 -19654.77 -19969.10 476.49 2903.62
21.00 5.00 -19654.77 -20002.01 476.49 2903.62
22.00 5.00 -19654.77 -20209.92 476.49 2903.62
23.00 5.00 -19654.77 -20246.61 476.49 2903.62
24.00 5.00 -19654.77 -20256.87 476.49 2903.62
25.00 5.00 -19654.77 -20312.57 476.49 2903.62
26.00 5.00 -19654.77 -20081.36 476.49 2903.62
27.00 5.00 -19654.77 -20026.20 476.49 2903.62
28.00 5.00 -19654.77 -20054.04 476.49 2903.62
29.00 5.00 -19654.77 -20398.00 476.49 2903.62
30.00 5.00 -19654.77 -20067.06 476.49 2903.62
31.00 5.00 -19654.77 -20082.90 476.49 2903.62
32.00 5.00 -19654.77 -19791.17 476.49 2903.62
33.00 5.00 -19654.77 -20067.58 476.49 2903.62
34.00 5.00 -19654.77 -20055.48 476.49 2903.62
35.00 5.00 -25287.01 -25507.62 476.49 2903.62
36.00 6.00 -25280.92 -25280.92 479.35 2899.98
37.00 6.00 -25280.92 -25314.04 479.35 2899.98
38.00 6.00 -25280.92 -25487.89 479.35 2899.98
39.00 7.00 -25052.47 -25052.47 473.05 2883.84
40.00 7.00 -25052.47 -25358.84 473.05 2883.84
41.00 8.00 -25022.27 -25022.27 481.25 2886.03
42.00 8.00 -25022.27 -25164.48 481.25 2886.03
43.00 8.00 -25022.27 -25815.54 481.25 2886.03
44.00 9.00 -24752.77 -24752.77 481.17 2923.94
45.00 9.00 -24752.77 -24876.84 481.17 2923.94
46.00 9.00 -24752.77 -25057.16 481.17 2923.94
47.00 9.00 -24752.77 -24851.00 481.17 2923.94
48.00 9.00 -24752.77 -25451.81 481.17 2923.94
49.00 9.00 -24752.77 -25222.09 481.17 2923.94
50.00 9.00 -24752.77 -24805.49 481.17 2923.94
51.00 9.00 -24752.77 -24822.22 481.17 2923.94
52.00 9.00 -24752.77 -25447.92 481.17 2923.94
53.00 9.00 -24752.77 -24767.29 481.17 2923.94
54.00 9.00 -24752.77 -25360.84 481.17 2923.94
55.00 9.00 -24752.77 -25432.72 481.17 2923.94
56.00 9.00 -24752.77 -24872.20 481.17 2923.94
57.00 9.00 -24752.77 -25250.52 481.17 2923.94
58.00 9.00 -24752.77 -25682.82 481.17 2923.94
59.00 9.00 -24752.77 -25001.03 481.17 2923.94
60.00 9.00 -24752.77 -25190.03 481.17 2923.94
61.00 9.00 -24752.77 -25641.26 481.17 2923.94
62.00 9.00 -24752.77 -25362.50 481.17 2923.94
63.00 10.00 -24676.38 -24676.38 497.22 2919.43
64.00 10.00 -24676.38 -25311.61 497.22 2919.43
65.00 10.00 -24676.38 -25385.89 497.22 2919.43
66.00 10.00 -24676.38 -25119.84 497.22 2919.43
67.00 10.00 -24676.38 -24773.29 497.22 2919.43
68.00 10.00 -24676.38 -24940.41 497.22 2919.43
69.00 10.00 -24676.38 -24759.90 497.22 2919.43
70.00 10.00 -24676.38 -24751.49 497.22 2919.43
71.00 11.00 -24612.33 -24612.33 489.31 2935.43
72.00 11.00 -24612.33 -26083.46 489.31 2935.43
73.00 11.00 -24612.33 -25231.61 489.31 2935.43
