0.00 1.00 -16216.11 -16216.11 479.24 2871.72
1.00 1.00 -16216.11 -16517.28 479.24 2871.72
2.00 2.00 -16097.45 -16097.45 465.56 2925.19
3.00 2.00 -16097.45 -16377.34 465.56 2925.19
4.00 2.00 -16097.45 -16456.28 465.56 2925.19
5.00 3.00 -15881.46 -15881.46 482.39 2945.10
6.00 3.00 -15881.46 -16073.54 482.39 2945.10
7.00 3.00 -15881.46 -16229.65 482.39 2945.10
8.00 4.00 -15762.33 -15762.33 478.58 2914.44
9.00 4.00 -15762.33 -15830.49 478.58 2914.44
10.00 4.00 -15762.33 -15932.01 478.58 2914.44
11.00 4.00 -15762.33 -15986.92 478.58 2914.44
12.00 5.00 -15761.65 -15761.65 482.44 2958.02
13.00 5.00 -15761.65 -15774.36 482.44 2958.02
14.00 5.00 -15761.65 -15874.81 482.44 2958.02
15.00 5.00 -15761.65 -16146.07 482.44 2958.02
16.00 5.00 -15761.65 -15863.06 482.44 2958.02
17.00 5.00 -15761.65 -15924.01 482.44 2958.02
18.00 5.00 -15761.65 -15806.06 482.44 2958.02
19.00 5.00 -15761.65 -15855.25 482.44 2958.02
20.00 5.00 -15761.65 -16111.93 482.44 2958.02
21.00 5.00 -15761.65 -16040.48 482.44 2958.02
22.00 5.00 -15761.65 -16261.06 482.44 2958.02
23.00 5.00 -15761.65 -15809.10 482.44 2958.02
24.00 5.00 -15761.65 -15814.95 482.44 2958.02
25.00 5.00 -15761.65 -15858.33 482.44 2958.02
26.00 6.00 -15752.95 -15752.95 476.42 2942.17
27.00 7.00 -15633.45 -15633.45 463.94 2955.31
28.00 7.00 -15633.45 -15857.76 463.94 2955.31
29.00 7.00 -15633.45 -16124.96 463.94 2955.31
30.00 7.00 -15633.45 -15797.65 463.94 2955.31
31.00 7.00 -15633.45 -16085.23 463.94 2955.31
32.00 7.00 -15633.45 -16018.57 463.94 2955.31
33.00 7.00 -15633.45 -15969.33 463.94 2955.31
34.00 8.00 -15626.98 -15626.98 469.32 2941.78
35.00 8.00 -24806.45 -25286.56 469.32 2941.78
36.00 8.00 -24806.45 -25131.85 469.32 2941.78
37.00 8.00 -24806.45 -25033.24 469.32 2941.78
38.00 9.00 -24630.40 -24630.40 474.07 2938.62
39.00 9.00 -24630.40 -25021.67 474.07 2938.62
40.00 9.00 -24630.40 -25213.77 474.07 2938.62
41.00 9.00 -24630.40 -25273.94 474.07 2938.62
42.00 9.00 -24630.40 -25095.99 474.07 2938.62
43.00 9.00 -24630.40 -24840.05 474.07 2938.62
44.00 9.00 -24630.40 -25011.40 474.07 2938.62
45.00 9.00 -24630.40 -24829.44 474.07 2938.62
46.00 9.00 -24630.40 -25283.68 474.07 2938.62
47.00 9.00 -24630.40 -26008.54 474.07 2938.62
48.00 9.00 -24630.40 -24863.04 474.07 2938.62
49.00 9.00 -24630.40 -25052.83 474.07 2938.62
50.00 9.00 -24630.40 -25442.03 474.07 2938.62
51.00 9.00 -24630.40 -25347.86 474.07 2938.62
52.00 9.00 -24630.40 -25810.34 474.07 2938.62
53.00 9.00 -24630.40 -25723.11 474.07 2938.62
54.00 9.00 -24630.40 -24811.53 474.07 2938.62
55.00 9.00 -24630.40 -24895.91 474.07 2938.62
56.00 9.00 -24630.40 -25182.51 474.07 2938.62
57.00 9.00 -24630.40 -24689.54 474.07 2938.62
58.00 9.00 -24630.40 -25495.28 474.07 2938.62
59.00 9.00 -24630.40 -25337.80 474.07 2938.62
60.00 9.00 -24630.40 -24801.16 474.07 2938.62
61.00 9.00 -24630.40 -24694.77 474.07 2938.62
62.00 9.00 -24630.40 -25186.78 474.07 2938.62
63.00 9.00 -24630.40 -25492.17 474.07 2938.62
64.00 9.00 -24630.40 -24888.92 474.07 2938.62
65.00 9.00 -24630.40 -24927.43 474.07 2938.62
66.00 9.00 -24630.40 -24771.48 474.07 2938.62
67.00 9.00 -24630.40 -24877.90 474.07 2938.62
68.00 9.00 -24630.40 -25567.17 474.07 2938.62
69.00 9.00 -24630.40 -25294.57 474.07 2938.62
70.00 9.00 -24630.40 -25139.80 474.07 2938.62
71.00 9.00 -24630.40 -25350.97 474.07 2938.62
72.00 9.00 -24630.40 -25139.50 474.07 2938.62
73.00 9.00 -24630.40 -25287.63 474.07 2938.62
