0.00 1.00 -25696.49 -25696.49 498.84 2966.80
1.00 1.00 -25696.49 -26119.02 498.84 2966.80
2.00 1.00 -25696.49 -26464.56 498.84 2966.80
3.00 1.00 -25696.49 -25784.08 498.84 2966.80
4.00 2.00 -24422.74 -24422.74 489.07 2859.38
5.00 2.00 -24422.74 -25285.99 489.07 2859.38
6.00 2.00 -24422.74 -25215.20 489.07 2859.38
7.00 2.00 -24422.74 -25530.48 489.07 2859.38
8.00 2.00 -24422.74 -25464.18 489.07 2859.38
9.00 2.00 -24422.74 -25793.37 489.07 2859.38
10.00 2.00 -24422.74 -25422.29 489.07 2859.38
11.00 2.00 -24422.74 -25608.52 489.07 2859.38
12.00 2.00 -24422.74 -25555.10 489.07 2859.38
13.00 2.00 -24422.74 -24839.36 489.07 2859.38
14.00 2.00 -24422.74 -25277.87 489.07 2859.38
15.00 2.00 -24422.74 -25205.96 489.07 2859.38
16.00 2.00 -24422.74 -25208.18 489.07 2859.38
17.00 2.00 -24422.74 -24962.03 489.07 2859.38
18.00 2.00 -24422.74 -24708.50 489.07 2859.38
19.00 2.00 -24422.74 -24797.34 489.07 2859.38
20.00 2.00 -24422.74 -25256.12 489.07 2859.38
21.00 2.00 -24422.74 -25158.00 489.07 2859.38
22.00 2.00 -24422.74 -25121.71 489.07 2859.38
23.00 2.00 -24422.74 -25647.16 489.07 2859.38
24.00 2.00 -24422.74 -25460.07 489.07 2859.38
25.00 2.00 -24422.74 -25772.57 489.07 2859.38
26.00 2.00 -24422.74 -25761.91 489.07 2859.38
27.00 2.00 -24422.74 -25273.60 489.07 2859.38
28.00 2.00 -24422.74 -25866.71 489.07 2859.38
29.00 2.00 -24422.74 -26701.22 489.07 2859.38
30.00 2.00 -24422.74 -25154.74 489.07 2859.38
31.00 2.00 -24422.74 -25232.90 489.07 2859.38
32.00 2.00 -24422.74 -25290.18 489.07 2859.38
33.00 2.00 -24422.74 -25264.25 489.07 2859.38
34.00 2.00 -24422.74 -25118.02 489.07 2859.38
35.00 3.00 -24904.52 -24904.52 463.05 2921.76
36.00 4.00 -24812.75 -24812.75 476.79 2924.12
37.00 4.00 -24812.75 -25000.93 476.79 2924.12
38.00 5.00 -24638.14 -24638.14 482.16 2909.82
39.00 5.00 -24638.14 -25071.22 482.16 2909.82
40.00 5.00 -24638.14 -25133.33 482.16 2909.82
41.00 5.00 -24638.14 -24887.18 482.16 2909.82
42.00 5.00 -24638.14 -25497.81 482.16 2909.82
43.00 5.00 -24638.14 -25411.18 482.16 2909.82
44.00 5.00 -24638.14 -24972.13 482.16 2909.82
45.00 5.00 -24638.14 -25697.84 482.16 2909.82
46.00 5.00 -24638.14 -25290.47 482.16 2909.82
47.00 5.00 -24638.14 -25408.95 482.16 2909.82
48.00 5.00 -24638.14 -24909.34 482.16 2909.82
49.00 6.00 -24598.37 -24598.37 499.93 2916.32
50.00 6.00 -24598.37 -24829.53 499.93 2916.32
51.00 6.00 -24598.37 -25221.31 499.93 2916.32
52.00 6.00 -24598.37 -24924.97 499.93 2916.32
53.00 6.00 -24598.37 -25107.54 499.93 2916.32
54.00 6.00 -24598.37 -24822.37 499.93 2916.32
55.00 6.00 -24598.37 -24975.22 499.93 2916.32
56.00 6.00 -24598.37 -25299.12 499.93 2916.32
57.00 6.00 -24598.37 -24987.41 499.93 2916.32
58.00 6.00 -24598.37 -25989.27 499.93 2916.32
59.00 6.00 -24598.37 -25523.16 499.93 2916.32
60.00 6.00 -24598.37 -24729.15 499.93 2916.32
61.00 7.00 -24430.48 -24430.48 489.22 2895.39
62.00 7.00 -24430.48 -25446.45 489.22 2895.39
63.00 7.00 -24430.48 -25323.14 489.22 2895.39
64.00 7.00 -24430.48 -26307.41 489.22 2895.39
65.00 7.00 -24430.48 -25407.24 489.22 2895.39
66.00 7.00 -24430.48 -25209.65 489.22 2895.39
67.00 7.00 -24430.48 -25420.19 489.22 2895.39
68.00 7.00 -24430.48 -24838.92 489.22 2895.39
69.00 7.00 -24430.48 -24634.40 489.22 2895.39
70.00 7.00 -24430.48 -25243.52 489.22 2895.39
71.00 7.00 -24430.48 -24872.71 489.22 2895.39
72.00 7.00 -24430.48 -24915.15 489.22 2895.39
73.00 7.00 -24430.48 -24957.22 489.22 2895.39
