0.00 0.00 -12636.85 -13443.25 1.00 1.00
1.00 0.00 -12636.85 -13243.35 1.00 1.00
2.00 0.00 -12636.85 -13012.21 1.00 1.00
3.00 0.00 -12636.85 -12877.88 1.00 1.00
4.00 0.00 -12636.85 -13024.84 1.00 1.00
5.00 0.00 -12636.85 -12712.33 1.00 1.00
6.00 1.00 -12481.74 -12481.74 468.06 2925.94
7.00 2.00 -12333.22 -12333.22 467.76 2919.90
8.00 2.00 -12333.22 -12676.80 467.76 2919.90
9.00 2.00 -12333.22 -12706.57 467.76 2919.90
10.00 2.00 -12333.22 -12677.86 467.76 2919.90
11.00 2.00 -12333.22 -12747.19 467.76 2919.90
12.00 2.00 -12333.22 -12692.33 467.76 2919.90
13.00 2.00 -12333.22 -12700.84 467.76 2919.90
14.00 2.00 -12333.22 -12367.34 467.76 2919.90
15.00 2.00 -12333.22 -12601.97 467.76 2919.90
16.00 2.00 -12333.22 -12566.88 467.76 2919.90
17.00 2.00 -12333.22 -12473.22 467.76 2919.90
18.00 2.00 -12333.22 -12806.60 467.76 2919.90
19.00 2.00 -12333.22 -12862.43 467.76 2919.90
20.00 2.00 -12333.22 -12505.30 467.76 2919.90
21.00 2.00 -12333.22 -12647.97 467.76 2919.90
22.00 2.00 -12333.22 -12717.22 467.76 2919.90
23.00 2.00 -12333.22 -12558.78 467.76 2919.90
24.00 2.00 -12333.22 -12813.47 467.76 2919.90
25.00 2.00 -12333.22 -12653.06 467.76 2919.90
26.00 2.00 -12333.22 -12729.62 467.76 2919.90
27.00 2.00 -12333.22 -12597.14 467.76 2919.90
28.00 2.00 -12333.22 -12632.14 467.76 2919.90
29.00 2.00 -12333.22 -12607.66 467.76 2919.90
30.00 2.00 -12333.22 -13104.63 467.76 2919.90
31.00 2.00 -12333.22 -12770.28 467.76 2919.90
32.00 2.00 -12333.22 -13011.36 467.76 2919.90
33.00 2.00 -12333.22 -12536.78 467.76 2919.90
34.00 2.00 -12333.22 -12529.21 467.76 2919.90
35.00 2.00 -24984.13 -25069.64 467.76 2919.90
36.00 3.00 -24610.92 -24610.92 483.86 2970.35
37.00 3.00 -24610.92 -24670.23 483.86 2970.35
38.00 3.00 -24610.92 -25229.28 483.86 2970.35
39.00 3.00 -24610.92 -26506.20 483.86 2970.35
40.00 3.00 -24610.92 -25220.09 483.86 2970.35
41.00 3.00 -24610.92 -24822.24 483.86 2970.35
42.00 3.00 -24610.92 -24729.73 483.86 2970.35
43.00 3.00 -24610.92 -24771.54 483.86 2970.35
44.00 3.00 -24610.92 -25648.79 483.86 2970.35
45.00 3.00 -24610.92 -25636.30 483.86 2970.35
46.00 3.00 -24610.92 -25060.95 483.86 2970.35
47.00 3.00 -24610.92 -25090.02 483.86 2970.35
48.00 3.00 -24610.92 -25373.67 483.86 2970.35
49.00 3.00 -24610.92 -25786.19 483.86 2970.35
50.00 3.00 -24610.92 -25495.72 483.86 2970.35
51.00 3.00 -24610.92 -25394.91 483.86 2970.35
52.00 3.00 -24610.92 -26578.84 483.86 2970.35
53.00 3.00 -24610.92 -25285.47 483.86 2970.35
54.00 3.00 -24610.92 -24851.98 483.86 2970.35
55.00 3.00 -24610.92 -24973.22 483.86 2970.35
56.00 3.00 -24610.92 -26383.52 483.86 2970.35
57.00 3.00 -24610.92 -26407.40 483.86 2970.35
58.00 3.00 -24610.92 -25335.29 483.86 2970.35
59.00 3.00 -24610.92 -25314.98 483.86 2970.35
60.00 3.00 -24610.92 -25121.39 483.86 2970.35
61.00 3.00 -24610.92 -25186.84 483.86 2970.35
62.00 3.00 -24610.92 -25510.60 483.86 2970.35
63.00 3.00 -24610.92 -25016.00 483.86 2970.35
64.00 4.00 -24542.49 -24542.49 491.71 2924.80
65.00 4.00 -24542.49 -24643.73 491.71 2924.80
66.00 4.00 -24542.49 -25303.01 491.71 2924.80
67.00 4.00 -24542.49 -25283.37 491.71 2924.80
68.00 4.00 -24542.49 -25697.81 491.71 2924.80
69.00 4.00 -24542.49 -25558.60 491.71 2924.80
70.00 4.00 -24542.49 -25334.24 491.71 2924.80
71.00 4.00 -24542.49 -25372.76 491.71 2924.80
72.00 4.00 -24542.49 -24783.10 491.71 2924.80
73.00 4.00 -24542.49 -24931.58 491.71 2924.80
