0.00 1.00 -17538.44 -17538.44 417.27 2919.31
1.00 1.00 -17538.44 -17568.87 417.27 2919.31
2.00 1.00 -17538.44 -17553.72 417.27 2919.31
3.00 1.00 -17538.44 -17569.68 417.27 2919.31
4.00 1.00 -17538.44 -17576.12 417.27 2919.31
5.00 1.00 -17538.44 -17558.50 417.27 2919.31
6.00 2.00 -17513.24 -17513.24 412.83 2906.69
7.00 2.00 -17513.24 -17519.78 412.83 2906.69
8.00 2.00 -17513.24 -17530.88 412.83 2906.69
9.00 2.00 -17513.24 -17536.37 412.83 2906.69
10.00 3.00 -17502.47 -17502.47 410.94 2932.65
11.00 3.00 -17502.47 -17527.77 410.94 2932.65
12.00 4.00 -17493.05 -17493.05 409.30 2909.12
