0.00 0.00 -19394.44 -19409.58 1.00 1.00
1.00 1.00 -19346.51 -19346.51 414.47 2908.77
2.00 2.00 -19344.05 -19344.05 414.08 2900.92
3.00 2.00 -19344.05 -19361.87 414.08 2900.92
4.00 3.00 -19335.86 -19335.86 412.78 2920.24
5.00 4.00 -19330.12 -19330.12 411.87 2910.70
6.00 4.00 -19330.12 -19355.23 411.87 2910.70
7.00 4.00 -19330.12 -19333.63 411.87 2910.70
8.00 4.00 -19330.12 -19366.42 411.87 2910.70
9.00 4.00 -19330.12 -19357.62 411.87 2910.70
10.00 5.00 -19310.70 -19310.70 408.80 2892.03
11.00 5.00 -19310.70 -19328.19 408.80 2892.03
12.00 5.00 -19310.70 -19333.65 408.80 2892.03
