0.00 1.00 -21383.10 -21383.10 417.78 2925.97
1.00 2.00 -21372.59 -21372.59 416.26 2926.97
2.00 2.00 -21372.59 -21403.95 416.26 2926.97
3.00 2.00 -21372.59 -21380.12 416.26 2926.97
4.00 3.00 -21355.20 -21355.20 413.74 2901.32
5.00 4.00 -21340.33 -21340.33 411.60 2906.87
6.00 5.00 -21334.05 -21334.05 410.70 2910.70
7.00 5.00 -21334.05 -21370.80 410.70 2910.70
8.00 5.00 -21334.05 -21346.32 410.70 2910.70
9.00 5.00 -21334.05 -21344.20 410.70 2910.70
10.00 6.00 -21314.51 -21314.51 407.91 2897.00
11.00 6.00 -21314.51 -21325.42 407.91 2897.00
12.00 6.00 -21314.51 -21320.41 407.91 2897.00
