0.00 1.00 -26064.31 -26064.31 417.55 2929.16
1.00 1.00 -26064.31 -26069.80 417.55 2929.16
2.00 1.00 -26064.31 -26106.64 417.55 2929.16
3.00 1.00 -26064.31 -26081.54 417.55 2929.16
4.00 1.00 -26064.31 -26067.66 417.55 2929.16
5.00 2.00 -26054.08 -26054.08 416.33 2922.77
6.00 3.00 -26038.74 -26038.74 414.50 2918.62
7.00 3.00 -26038.74 -26059.70 414.50 2918.62
8.00 3.00 -26038.74 -26049.91 414.50 2918.62
9.00 4.00 -26027.06 -26027.06 413.12 2943.67
10.00 4.00 -26027.06 -26043.40 413.12 2943.67
11.00 5.00 -26011.08 -26011.08 411.24 2907.72
