0.00 0.00 -13040.16 -13044.32 1.00 1.00
1.00 0.00 -13040.16 -13061.53 1.00 1.00
2.00 1.00 -13026.15 -13026.15 416.11 2911.17
3.00 1.00 -13026.15 -13037.89 416.11 2911.17
4.00 1.00 -13026.15 -13040.12 416.11 2911.17
5.00 1.00 -13026.15 -13036.26 416.11 2911.17
6.00 1.00 -13026.15 -13045.21 416.11 2911.17
7.00 2.00 -13020.81 -13020.81 414.85 2932.77
8.00 2.00 -13020.81 -13041.03 414.85 2932.77
9.00 2.00 -13020.81 -13030.94 414.85 2932.77
10.00 2.00 -13020.81 -13052.43 414.85 2932.77
11.00 2.00 -13020.81 -13049.83 414.85 2932.77
12.00 2.00 -13020.81 -13048.88 414.85 2932.77
