0.00 0.00 -15909.94 -15931.35 1.00 1.00
1.00 1.00 -15901.07 -15901.07 420.44 2910.18
2.00 1.00 -15901.07 -15919.21 420.44 2910.18
3.00 1.00 -15901.07 -15921.99 420.44 2910.18
4.00 2.00 -15887.69 -15887.69 417.80 2928.54
5.00 2.00 -15887.69 -15902.90 417.80 2928.54
6.00 2.00 -15887.69 -15896.48 417.80 2928.54
7.00 3.00 -15868.64 -15868.64 414.09 2916.06
8.00 3.00 -15868.64 -15869.60 414.09 2916.06
9.00 3.00 -15868.64 -15889.74 414.09 2916.06
10.00 3.00 -15868.64 -15903.93 414.09 2916.06
11.00 3.00 -15868.64 -15897.41 414.09 2916.06
12.00 3.00 -15868.64 -15911.13 414.09 2916.06
