0.00 0.00 -23625.91 -23636.17 1.00 1.00
1.00 1.00 -23594.66 -23594.66 415.91 2933.47
2.00 2.00 -23566.00 -23566.00 412.17 2909.59
3.00 2.00 -23566.00 -23571.67 412.17 2909.59
4.00 2.00 -23566.00 -23591.19 412.17 2909.59
5.00 2.00 -23566.00 -23591.31 412.17 2909.59
6.00 3.00 -23565.75 -23565.75 412.14 2914.67
7.00 4.00 -23543.00 -23543.00 409.19 2943.79
8.00 4.00 -23543.00 -23612.94 409.19 2943.79
9.00 4.00 -23543.00 -23551.07 409.19 2943.79
10.00 5.00 -23534.79 -23534.79 408.13 2911.22
11.00 5.00 -23534.79 -23538.40 408.13 2911.22
