0.00 1.00 -14384.73 -14384.73 416.70 2912.50
1.00 2.00 -14367.91 -14367.91 413.08 2932.33
2.00 3.00 -14366.93 -14366.93 412.87 2924.83
3.00 3.00 -14366.93 -14374.77 412.87 2924.83
4.00 3.00 -14366.93 -14382.31 412.87 2924.83
5.00 3.00 -14366.93 -14371.04 412.87 2924.83
6.00 4.00 -14370.12 -14370.12 413.55 2919.67
7.00 4.00 -14370.12 -14395.88 413.55 2919.67
8.00 5.00 -14369.31 -14369.31 413.38 2932.95
9.00 5.00 -14369.31 -14372.23 413.38 2932.95
10.00 6.00 -14367.31 -14367.31 412.95 2904.11
11.00 6.00 -14367.31 -14370.77 412.95 2904.11
