1.00
1.00
1.00
1.00
1.00
1.00
468.06
467.76
467.76
467.76
467.76
467.76
467.76
467.76
467.76
467.76
467.76
467.76
467.76
467.76
467.76
467.76
467.76
467.76
467.76
467.76
467.76
467.76
467.76
467.76
467.76
467.76
467.76
467.76
467.76
467.76
483.86
483.86
483.86
483.86
483.86
483.86
483.86
483.86
483.86
483.86
483.86
483.86
483.86
483.86
483.86
483.86
483.86
483.86
483.86
483.86
483.86
483.86
483.86
483.86
483.86
483.86
483.86
483.86
491.71
491.71
491.71
491.71
491.71
491.71
491.71
491.71
491.71
491.71
