498.84
498.84
498.84
498.84
489.07
489.07
489.07
489.07
489.07
489.07
489.07
489.07
489.07
489.07
489.07
489.07
489.07
489.07
489.07
489.07
489.07
489.07
489.07
489.07
489.07
489.07
489.07
489.07
489.07
489.07
489.07
489.07
489.07
489.07
489.07
463.05
476.79
476.79
482.16
482.16
482.16
482.16
482.16
482.16
482.16
482.16
482.16
482.16
482.16
499.93
499.93
499.93
499.93
499.93
499.93
499.93
499.93
499.93
499.93
499.93
499.93
489.22
489.22
489.22
489.22
489.22
489.22
489.22
489.22
489.22
489.22
489.22
489.22
489.22
