479.24
479.24
465.56
465.56
465.56
482.39
482.39
482.39
478.58
478.58
478.58
478.58
482.44
482.44
482.44
482.44
482.44
482.44
482.44
482.44
482.44
482.44
482.44
482.44
482.44
482.44
476.42
463.94
463.94
463.94
463.94
463.94
463.94
463.94
469.32
469.32
469.32
469.32
474.07
474.07
474.07
474.07
474.07
474.07
474.07
474.07
474.07
474.07
474.07
474.07
474.07
474.07
474.07
474.07
474.07
474.07
474.07
474.07
474.07
474.07
474.07
474.07
474.07
474.07
474.07
474.07
474.07
474.07
474.07
474.07
474.07
474.07
474.07
474.07
