1.00
474.82
474.95
474.95
474.95
468.09
468.09
468.09
468.09
468.09
468.09
491.77
491.77
491.77
491.77
491.77
491.77
491.77
476.49
476.49
476.49
476.49
476.49
476.49
476.49
476.49
476.49
476.49
476.49
476.49
476.49
476.49
476.49
476.49
476.49
476.49
479.35
479.35
479.35
473.05
473.05
481.25
481.25
481.25
481.17
481.17
481.17
481.17
481.17
481.17
481.17
481.17
481.17
481.17
481.17
481.17
481.17
481.17
481.17
481.17
481.17
481.17
481.17
497.22
497.22
497.22
497.22
497.22
497.22
497.22
497.22
489.31
489.31
489.31
