-13128.51
-13108.67
-13069.47
-13110.93
-13055.24
-13131.01
-13092.79
-13094.52
-13105.91
-13083.94
-13090.44
-13078.14
-13103.91
-13098.02
-13065.99
-13077.22
-13105.80
-13115.54
-13069.04
-13051.29
-13064.45
-13027.96
-13031.24
-13033.94
-13083.98
-13084.86
-13061.35
-13036.23
-13028.39
-13085.50
-13045.80
-13017.13
-13043.59
-13031.15
-13037.38
-13027.19
-13057.85
-13068.56
-13023.50
-13026.82
-13057.90
-13023.97
-13013.30
-13068.07
-13023.86
-13047.27
-13093.31
-13032.18
-13050.10
-13031.56
