-14524.70
-14467.11
-14504.31
-14498.79
-14488.81
-14559.30
-14527.67
-14501.22
-14428.52
-14476.34
-14434.69
-14422.13
-14430.84
-14440.10
-14406.12
-14413.45
-14395.60
-14404.52
-14305.62
-14380.77
-14315.74
-14402.18
-14355.16
-14378.44
-14363.05
-14373.64
-14390.53
-14347.71
-14320.12
-14374.65
-14398.19
-14410.46
-14348.35
-14383.41
-14409.43
-14361.86
-14391.80
-14380.90
-14377.51
-14421.62
-14370.31
-14358.12
-14419.88
-14342.25
-14393.16
-14337.44
-14323.12
-14388.92
-14393.05
-14401.22
