1.00
2890.34
2910.14
2910.14
2910.14
2925.10
2925.10
2925.10
2925.10
2925.10
2925.10
2902.25
2902.25
2902.25
2902.25
2902.25
2902.25
2902.25
2903.62
2903.62
2903.62
2903.62
2903.62
2903.62
2903.62
2903.62
2903.62
2903.62
2903.62
2903.62
2903.62
2903.62
2903.62
2903.62
2903.62
2903.62
2899.98
2899.98
2899.98
2883.84
2883.84
2886.03
2886.03
2886.03
2923.94
2923.94
2923.94
2923.94
2923.94
2923.94
2923.94
2923.94
2923.94
2923.94
2923.94
2923.94
2923.94
2923.94
2923.94
2923.94
2923.94
2923.94
2923.94
2919.43
2919.43
2919.43
2919.43
2919.43
2919.43
2919.43
2919.43
2935.43
2935.43
2935.43
