1.00
1.00
1.00
1.00
1.00
1.00
2925.94
2919.90
2919.90
2919.90
2919.90
2919.90
2919.90
2919.90
2919.90
2919.90
2919.90
2919.90
2919.90
2919.90
2919.90
2919.90
2919.90
2919.90
2919.90
2919.90
2919.90
2919.90
2919.90
2919.90
2919.90
2919.90
2919.90
2919.90
2919.90
2919.90
2970.35
2970.35
2970.35
2970.35
2970.35
2970.35
2970.35
2970.35
2970.35
2970.35
2970.35
2970.35
2970.35
2970.35
2970.35
2970.35
2970.35
2970.35
2970.35
2970.35
2970.35
2970.35
2970.35
2970.35
2970.35
2970.35
2970.35
2970.35
2924.80
2924.80
2924.80
2924.80
2924.80
2924.80
2924.80
2924.80
2924.80
2924.80
