2966.80
2966.80
2966.80
2966.80
2859.38
2859.38
2859.38
2859.38
2859.38
2859.38
2859.38
2859.38
2859.38
2859.38
2859.38
2859.38
2859.38
2859.38
2859.38
2859.38
2859.38
2859.38
2859.38
2859.38
2859.38
2859.38
2859.38
2859.38
2859.38
2859.38
2859.38
2859.38
2859.38
2859.38
2859.38
2921.76
2924.12
2924.12
2909.82
2909.82
2909.82
2909.82
2909.82
2909.82
2909.82
2909.82
2909.82
2909.82
2909.82
2916.32
2916.32
2916.32
2916.32
2916.32
2916.32
2916.32
2916.32
2916.32
2916.32
2916.32
2916.32
2895.39
2895.39
2895.39
2895.39
2895.39
2895.39
2895.39
2895.39
2895.39
2895.39
2895.39
2895.39
2895.39
