2871.72
2871.72
2925.19
2925.19
2925.19
2945.10
2945.10
2945.10
2914.44
2914.44
2914.44
2914.44
2958.02
2958.02
2958.02
2958.02
2958.02
2958.02
2958.02
2958.02
2958.02
2958.02
2958.02
2958.02
2958.02
2958.02
2942.17
2955.31
2955.31
2955.31
2955.31
2955.31
2955.31
2955.31
2941.78
2941.78
2941.78
2941.78
2938.62
2938.62
2938.62
2938.62
2938.62
2938.62
2938.62
2938.62
2938.62
2938.62
2938.62
2938.62
2938.62
2938.62
2938.62
2938.62
2938.62
2938.62
2938.62
2938.62
2938.62
2938.62
2938.62
2938.62
2938.62
2938.62
2938.62
2938.62
2938.62
2938.62
2938.62
2938.62
2938.62
2938.62
2938.62
2938.62
