0.00 1.00 -10093.68 -10093.68 440.08 2924.95
1.00 1.00 -10093.68 -10106.52 440.08 2924.95
2.00 1.00 -10093.68 -10106.28 440.08 2924.95
3.00 1.00 -10093.68 -10135.94 440.08 2924.95
4.00 2.00 -10083.75 -10083.75 432.05 2921.64
5.00 2.00 -10083.75 -10087.92 432.05 2921.64
6.00 2.00 -10083.75 -10099.38 432.05 2921.64
7.00 3.00 -10075.28 -10075.28 427.79 2906.78
8.00 3.00 -10075.28 -10087.50 427.79 2906.78
9.00 3.00 -10075.28 -10101.09 427.79 2906.78
10.00 3.00 -10075.28 -10084.23 427.79 2906.78
11.00 3.00 -10075.28 -10097.70 427.79 2906.78
12.00 3.00 -10075.28 -10085.74 427.79 2906.78
13.00 3.00 -10075.28 -10108.36 427.79 2906.78
14.00 3.00 -10075.28 -10101.44 427.79 2906.78
15.00 3.00 -10075.28 -10082.72 427.79 2906.78
16.00 3.00 -10075.28 -10082.79 427.79 2906.78
17.00 3.00 -10075.28 -10090.28 427.79 2906.78
18.00 3.00 -10075.28 -10098.50 427.79 2906.78
19.00 3.00 -10075.28 -10089.38 427.79 2906.78
20.00 3.00 -10075.28 -10088.82 427.79 2906.78
21.00 3.00 -10075.28 -10108.69 427.79 2906.78
22.00 3.00 -10075.28 -10104.73 427.79 2906.78
23.00 3.00 -10075.28 -10092.36 427.79 2906.78
24.00 3.00 -10075.28 -10091.73 427.79 2906.78
25.00 3.00 -10075.28 -10097.59 427.79 2906.78
26.00 3.00 -10075.28 -10084.10 427.79 2906.78
27.00 3.00 -10075.28 -10091.24 427.79 2906.78
28.00 3.00 -10075.28 -10088.03 427.79 2906.78
29.00 3.00 -10075.28 -10086.99 427.79 2906.78
30.00 3.00 -10075.28 -10092.02 427.79 2906.78
31.00 3.00 -10075.28 -10078.59 427.79 2906.78
32.00 3.00 -10075.28 -10094.93 427.79 2906.78
33.00 3.00 -10075.28 -10093.28 427.79 2906.78
34.00 3.00 -10075.28 -10091.49 427.79 2906.78
35.00 3.00 -10075.28 -10087.96 427.79 2906.78
36.00 3.00 -10075.28 -10091.27 427.79 2906.78
37.00 3.00 -10075.28 -10099.53 427.79 2906.78
38.00 3.00 -10075.28 -10108.30 427.79 2906.78
39.00 3.00 -10075.28 -10087.19 427.79 2906.78
40.00 3.00 -10075.28 -10092.38 427.79 2906.78
41.00 3.00 -10075.28 -10093.13 427.79 2906.78
42.00 3.00 -10075.28 -10084.81 427.79 2906.78
43.00 3.00 -10075.28 -10090.82 427.79 2906.78
44.00 3.00 -10075.28 -10087.58 427.79 2906.78
45.00 3.00 -10075.28 -10098.98 427.79 2906.78
46.00 3.00 -10075.28 -10090.91 427.79 2906.78
47.00 3.00 -10075.28 -10090.19 427.79 2906.78
48.00 3.00 -10075.28 -10078.55 427.79 2906.78
49.00 3.00 -10075.28 -10086.44 427.79 2906.78
50.00 3.00 -10075.28 -10087.10 427.79 2906.78
51.00 3.00 -10075.28 -10102.26 427.79 2906.78
52.00 3.00 -10075.28 -10105.92 427.79 2906.78
53.00 3.00 -10075.28 -10092.56 427.79 2906.78
54.00 3.00 -10075.28 -10086.47 427.79 2906.78
55.00 3.00 -10075.28 -10093.60 427.79 2906.78
56.00 3.00 -10075.28 -10093.89 427.79 2906.78
57.00 3.00 -10075.28 -10088.33 427.79 2906.78
58.00 3.00 -10075.28 -10091.97 427.79 2906.78
59.00 3.00 -10075.28 -10083.65 427.79 2906.78
60.00 3.00 -10075.28 -10099.52 427.79 2906.78
61.00 3.00 -10075.28 -10091.68 427.79 2906.78
62.00 3.00 -10075.28 -10101.69 427.79 2906.78
63.00 3.00 -10075.28 -10089.35 427.79 2906.78
64.00 3.00 -10075.28 -10088.43 427.79 2906.78
65.00 3.00 -10075.28 -10090.64 427.79 2906.78
66.00 3.00 -10075.28 -10093.82 427.79 2906.78
67.00 3.00 -10075.28 -10092.21 427.79 2906.78
68.00 3.00 -10075.28 -10093.67 427.79 2906.78
69.00 3.00 -10075.28 -10090.56 427.79 2906.78
70.00 3.00 -10075.28 -10081.65 427.79 2906.78
71.00 3.00 -10075.28 -10094.76 427.79 2906.78
72.00 3.00 -10075.28 -10092.85 427.79 2906.78
73.00 3.00 -10075.28 -10101.22 427.79 2906.78
74.00 3.00 -10075.28 -10087.97 427.79 2906.78
75.00 3.00 -10075.28 -10093.57 427.79 2906.78
76.00 3.00 -10075.28 -10099.64 427.79 2906.78
77.00 3.00 -10075.28 -10094.10 427.79 2906.78
78.00 3.00 -10075.28 -10088.18 427.79 2906.78
79.00 3.00 -10075.28 -10086.83 427.79 2906.78
80.00 3.00 -10075.28 -10098.57 427.79 2906.78
81.00 3.00 -10075.28 -10082.94 427.79 2906.78
82.00 3.00 -10075.28 -10094.97 427.79 2906.78
83.00 3.00 -10075.28 -10083.11 427.79 2906.78
84.00 3.00 -10075.28 -10091.35 427.79 2906.78
85.00 3.00 -10075.28 -10089.09 427.79 2906.78
86.00 3.00 -10075.28 -10094.27 427.79 2906.78
87.00 3.00 -10075.28 -10083.60 427.79 2906.78
88.00 3.00 -10075.28 -10081.77 427.79 2906.78
89.00 3.00 -10075.28 -10092.43 427.79 2906.78
90.00 3.00 -10075.28 -10101.05 427.79 2906.78
91.00 3.00 -10075.28 -10092.51 427.79 2906.78
92.00 3.00 -10075.28 -10109.17 427.79 2906.78
93.00 3.00 -10075.28 -10093.26 427.79 2906.78
94.00 3.00 -10075.28 -10089.54 427.79 2906.78
95.00 3.00 -10075.28 -10082.05 427.79 2906.78
96.00 3.00 -10075.28 -10082.73 427.79 2906.78
97.00 3.00 -10075.28 -10092.13 427.79 2906.78
98.00 3.00 -10075.28 -10095.96 427.79 2906.78
99.00 3.00 -10075.28 -10087.36 427.79 2906.78
100.00 3.00 -10075.28 -10088.73 427.79 2906.78
101.00 3.00 -10075.28 -10104.76 427.79 2906.78
102.00 3.00 -10075.28 -10096.55 427.79 2906.78
103.00 3.00 -10075.28 -10102.93 427.79 2906.78
104.00 3.00 -10075.28 -10089.75 427.79 2906.78
105.00 3.00 -10075.28 -10089.51 427.79 2906.78
106.00 3.00 -10075.28 -10088.72 427.79 2906.78
107.00 3.00 -10075.28 -10085.95 427.79 2906.78
108.00 3.00 -10075.28 -10094.21 427.79 2906.78
109.00 3.00 -10075.28 -10089.10 427.79 2906.78
110.00 3.00 -10075.28 -10094.40 427.79 2906.78
111.00 3.00 -10075.28 -10088.83 427.79 2906.78
112.00 3.00 -10075.28 -10086.33 427.79 2906.78
113.00 3.00 -10075.28 -10084.87 427.79 2906.78
114.00 3.00 -10075.28 -10085.94 427.79 2906.78
115.00 3.00 -10075.28 -10091.18 427.79 2906.78
116.00 3.00 -10075.28 -10093.69 427.79 2906.78
117.00 3.00 -10075.28 -10091.97 427.79 2906.78
118.00 3.00 -10075.28 -10092.62 427.79 2906.78
119.00 3.00 -10075.28 -10095.14 427.79 2906.78
120.00 3.00 -10075.28 -10092.97 427.79 2906.78
121.00 3.00 -10075.28 -10098.42 427.79 2906.78
122.00 3.00 -10075.28 -10104.93 427.79 2906.78
123.00 3.00 -10075.28 -10083.35 427.79 2906.78
124.00 3.00 -10075.28 -10089.75 427.79 2906.78
125.00 3.00 -10075.28 -10091.23 427.79 2906.78
126.00 3.00 -10075.28 -10092.59 427.79 2906.78
127.00 3.00 -10075.28 -10094.37 427.79 2906.78
128.00 3.00 -10075.28 -10095.70 427.79 2906.78
129.00 3.00 -10075.28 -10098.12 427.79 2906.78
130.00 3.00 -10075.28 -10082.54 427.79 2906.78
131.00 3.00 -14979.00 -14988.99 427.79 2906.78
132.00 3.00 -14979.00 -15011.61 427.79 2906.78
133.00 3.00 -14979.00 -15006.34 427.79 2906.78
134.00 3.00 -14979.00 -15001.51 427.79 2906.78
135.00 3.00 -14979.00 -14992.65 427.79 2906.78
136.00 3.00 -14979.00 -14997.02 427.79 2906.78
137.00 3.00 -14979.00 -14988.33 427.79 2906.78
138.00 3.00 -14979.00 -15009.58 427.79 2906.78
139.00 3.00 -14979.00 -14995.24 427.79 2906.78
140.00 3.00 -14979.00 -14994.68 427.79 2906.78
141.00 3.00 -14979.00 -15003.31 427.79 2906.78
142.00 3.00 -14979.00 -15007.59 427.79 2906.78
143.00 3.00 -14979.00 -14996.74 427.79 2906.78
144.00 3.00 -14979.00 -14995.33 427.79 2906.78
145.00 3.00 -14979.00 -14996.48 427.79 2906.78
146.00 3.00 -14979.00 -14988.89 427.79 2906.78
147.00 3.00 -14979.00 -15010.97 427.79 2906.78
148.00 3.00 -14979.00 -15004.67 427.79 2906.78
149.00 3.00 -14979.00 -15008.51 427.79 2906.78
150.00 3.00 -14979.00 -14987.73 427.79 2906.78
151.00 3.00 -14979.00 -15011.93 427.79 2906.78
152.00 3.00 -14979.00 -14993.00 427.79 2906.78
153.00 3.00 -14979.00 -15004.98 427.79 2906.78
154.00 3.00 -14979.00 -14987.32 427.79 2906.78
155.00 3.00 -14979.00 -14979.91 427.79 2906.78
156.00 3.00 -14979.00 -14998.95 427.79 2906.78
157.00 3.00 -14979.00 -14985.05 427.79 2906.78
158.00 3.00 -14979.00 -14997.82 427.79 2906.78
159.00 3.00 -14979.00 -15008.53 427.79 2906.78
160.00 3.00 -14979.00 -14989.58 427.79 2906.78
161.00 3.00 -14979.00 -15009.46 427.79 2906.78
162.00 3.00 -14979.00 -14986.13 427.79 2906.78
163.00 4.00 -14980.20 -14980.20 431.45 2904.41
164.00 4.00 -14980.20 -14997.64 431.45 2904.41
165.00 4.00 -14980.20 -14997.90 431.45 2904.41
166.00 4.00 -14980.20 -14994.08 431.45 2904.41
167.00 4.00 -14980.20 -14995.13 431.45 2904.41
168.00 4.00 -14980.20 -14984.67 431.45 2904.41
169.00 4.00 -14980.20 -14990.44 431.45 2904.41
170.00 4.00 -14980.20 -14998.65 431.45 2904.41
171.00 4.00 -14980.20 -14990.82 431.45 2904.41
172.00 4.00 -14980.20 -14994.85 431.45 2904.41
173.00 4.00 -14980.20 -14985.85 431.45 2904.41
174.00 4.00 -14980.20 -14992.86 431.45 2904.41
175.00 4.00 -14980.20 -14987.45 431.45 2904.41
176.00 4.00 -14980.20 -15000.42 431.45 2904.41
177.00 4.00 -14980.20 -14998.93 431.45 2904.41
178.00 4.00 -14980.20 -14998.63 431.45 2904.41
179.00 4.00 -14980.20 -14982.89 431.45 2904.41
180.00 4.00 -14980.20 -14997.54 431.45 2904.41
181.00 4.00 -14980.20 -14993.16 431.45 2904.41
182.00 5.00 -14975.70 -14975.70 426.64 2927.56
183.00 5.00 -14975.70 -14978.42 426.64 2927.56
184.00 5.00 -14975.70 -14986.82 426.64 2927.56
185.00 5.00 -14975.70 -14983.78 426.64 2927.56
186.00 5.00 -14975.70 -15003.74 426.64 2927.56
187.00 5.00 -14975.70 -14988.50 426.64 2927.56
188.00 5.00 -14975.70 -14995.31 426.64 2927.56
189.00 5.00 -14975.70 -14979.51 426.64 2927.56
190.00 5.00 -14975.70 -14989.48 426.64 2927.56
191.00 5.00 -14975.70 -14988.13 426.64 2927.56
192.00 5.00 -14975.70 -15001.17 426.64 2927.56
193.00 5.00 -14975.70 -14992.56 426.64 2927.56
194.00 5.00 -14975.70 -15005.52 426.64 2927.56
195.00 5.00 -14975.70 -14988.11 426.64 2927.56
196.00 5.00 -14975.70 -14982.66 426.64 2927.56
197.00 5.00 -14975.70 -14988.33 426.64 2927.56
198.00 5.00 -14975.70 -14986.34 426.64 2927.56
199.00 5.00 -14975.70 -14989.76 426.64 2927.56
200.00 5.00 -14975.70 -14994.34 426.64 2927.56
201.00 5.00 -14975.70 -14997.76 426.64 2927.56
202.00 5.00 -14975.70 -14977.55 426.64 2927.56
203.00 5.00 -14975.70 -15000.65 426.64 2927.56
204.00 5.00 -14975.70 -14991.07 426.64 2927.56
205.00 5.00 -14975.70 -14976.68 426.64 2927.56
206.00 5.00 -14975.70 -14992.41 426.64 2927.56
207.00 5.00 -14975.70 -14998.16 426.64 2927.56
208.00 5.00 -14975.70 -14986.89 426.64 2927.56
209.00 5.00 -14975.70 -14990.22 426.64 2927.56
210.00 5.00 -14975.70 -14998.72 426.64 2927.56
211.00 5.00 -14975.70 -14980.94 426.64 2927.56
212.00 6.00 -14972.21 -14972.21 425.38 2923.07
213.00 6.00 -14972.21 -14975.59 425.38 2923.07
214.00 6.00 -14972.21 -14997.84 425.38 2923.07
215.00 6.00 -14972.21 -14987.23 425.38 2923.07
216.00 6.00 -14972.21 -14995.91 425.38 2923.07
217.00 6.00 -14972.21 -14985.14 425.38 2923.07
218.00 6.00 -14972.21 -14985.76 425.38 2923.07
219.00 6.00 -14972.21 -14978.53 425.38 2923.07
220.00 6.00 -14972.21 -14990.47 425.38 2923.07
221.00 6.00 -14972.21 -14988.23 425.38 2923.07
222.00 6.00 -14972.21 -15008.91 425.38 2923.07
223.00 6.00 -14972.21 -14990.84 425.38 2923.07
224.00 6.00 -14972.21 -14999.57 425.38 2923.07
225.00 6.00 -14972.21 -14989.96 425.38 2923.07
226.00 6.00 -14972.21 -14999.93 425.38 2923.07
227.00 6.00 -14972.21 -15005.73 425.38 2923.07
228.00 6.00 -14972.21 -14998.44 425.38 2923.07
229.00 6.00 -14972.21 -14986.27 425.38 2923.07
230.00 6.00 -14972.21 -15010.29 425.38 2923.07
231.00 6.00 -14972.21 -14990.60 425.38 2923.07
232.00 6.00 -14972.21 -14988.60 425.38 2923.07
233.00 6.00 -14972.21 -14998.51 425.38 2923.07
234.00 6.00 -14972.21 -14994.75 425.38 2923.07
235.00 6.00 -14972.21 -14996.35 425.38 2923.07
236.00 6.00 -14972.21 -14985.36 425.38 2923.07
237.00 6.00 -14972.21 -14997.57 425.38 2923.07
238.00 6.00 -14972.21 -14991.26 425.38 2923.07
239.00 6.00 -14972.21 -14998.97 425.38 2923.07
