0.00 0.00 -7508.53 -7542.12 1.00 1.00
1.00 0.00 -7508.53 -7530.55 1.00 1.00
2.00 0.00 -7508.53 -7513.73 1.00 1.00
3.00 1.00 -7502.01 -7502.01 439.26 2945.33
4.00 1.00 -7502.01 -7536.77 439.26 2945.33
5.00 2.00 -7498.79 -7498.79 438.44 2925.57
6.00 3.00 -7503.61 -7503.61 442.31 2943.07
7.00 4.00 -7502.00 -7502.00 440.69 2942.66
8.00 4.00 -7502.00 -7503.67 440.69 2942.66
9.00 4.00 -7502.00 -7532.14 440.69 2942.66
10.00 4.00 -7502.00 -7517.91 440.69 2942.66
11.00 5.00 -7503.53 -7503.53 442.38 2938.82
12.00 6.00 -7501.30 -7501.30 438.46 2953.04
13.00 7.00 -7496.10 -7496.10 433.63 2944.97
14.00 8.00 -7492.10 -7492.10 431.48 2929.49
15.00 9.00 -7490.21 -7490.21 430.21 2930.65
16.00 9.00 -7490.21 -7494.01 430.21 2930.65
17.00 9.00 -7490.21 -7502.57 430.21 2930.65
18.00 9.00 -7490.21 -7508.12 430.21 2930.65
19.00 9.00 -7490.21 -7499.18 430.21 2930.65
20.00 9.00 -7490.21 -7500.36 430.21 2930.65
21.00 9.00 -7490.21 -7494.39 430.21 2930.65
22.00 9.00 -7490.21 -7493.77 430.21 2930.65
23.00 9.00 -7490.21 -7491.66 430.21 2930.65
24.00 9.00 -7490.21 -7499.59 430.21 2930.65
25.00 9.00 -7490.21 -7490.90 430.21 2930.65
26.00 9.00 -7490.21 -7501.10 430.21 2930.65
27.00 9.00 -7490.21 -7498.29 430.21 2930.65
28.00 9.00 -7490.21 -7495.23 430.21 2930.65
29.00 9.00 -7490.21 -7497.23 430.21 2930.65
30.00 9.00 -7490.21 -7504.85 430.21 2930.65
31.00 9.00 -7490.21 -7511.13 430.21 2930.65
32.00 9.00 -7490.21 -7502.77 430.21 2930.65
33.00 9.00 -7490.21 -7495.20 430.21 2930.65
34.00 9.00 -7490.21 -7499.66 430.21 2930.65
35.00 9.00 -7490.21 -7494.39 430.21 2930.65
36.00 9.00 -7490.21 -7496.34 430.21 2930.65
37.00 9.00 -7490.21 -7497.24 430.21 2930.65
38.00 9.00 -7490.21 -7504.26 430.21 2930.65
39.00 9.00 -7490.21 -7493.71 430.21 2930.65
40.00 9.00 -7490.21 -7500.75 430.21 2930.65
41.00 9.00 -7490.21 -7500.27 430.21 2930.65
42.00 9.00 -7490.21 -7495.11 430.21 2930.65
43.00 9.00 -7490.21 -7498.00 430.21 2930.65
44.00 9.00 -7490.21 -7497.95 430.21 2930.65
45.00 9.00 -7490.21 -7501.62 430.21 2930.65
46.00 9.00 -7490.21 -7496.42 430.21 2930.65
47.00 9.00 -7490.21 -7501.48 430.21 2930.65
48.00 9.00 -7490.21 -7510.40 430.21 2930.65
49.00 9.00 -7490.21 -7502.06 430.21 2930.65
50.00 9.00 -7490.21 -7504.22 430.21 2930.65
51.00 9.00 -7490.21 -7507.44 430.21 2930.65
52.00 9.00 -7490.21 -7498.88 430.21 2930.65
53.00 9.00 -7490.21 -7495.41 430.21 2930.65
54.00 9.00 -7490.21 -7503.85 430.21 2930.65
55.00 10.00 -7487.08 -7487.08 427.43 2923.18
56.00 11.00 -7486.12 -7486.12 424.67 2941.90
57.00 11.00 -7486.12 -7508.74 424.67 2941.90
58.00 11.00 -7486.12 -7493.81 424.67 2941.90
59.00 11.00 -7486.12 -7495.88 424.67 2941.90
60.00 11.00 -7486.12 -7495.86 424.67 2941.90
61.00 11.00 -7486.12 -7507.43 424.67 2941.90
62.00 11.00 -7486.12 -7499.78 424.67 2941.90
63.00 11.00 -7486.12 -7497.95 424.67 2941.90
64.00 11.00 -7486.12 -7500.66 424.67 2941.90
65.00 11.00 -7486.12 -7497.30 424.67 2941.90
66.00 11.00 -7486.12 -7505.73 424.67 2941.90
67.00 11.00 -7486.12 -7496.15 424.67 2941.90
68.00 11.00 -7486.12 -7494.55 424.67 2941.90
69.00 11.00 -7486.12 -7495.07 424.67 2941.90
70.00 11.00 -7486.12 -7491.98 424.67 2941.90
71.00 11.00 -7486.12 -7499.01 424.67 2941.90
72.00 11.00 -7486.12 -7505.56 424.67 2941.90
73.00 11.00 -7486.12 -7497.05 424.67 2941.90
74.00 11.00 -7486.12 -7502.27 424.67 2941.90
75.00 11.00 -7486.12 -7501.78 424.67 2941.90
76.00 11.00 -7486.12 -7495.96 424.67 2941.90
77.00 11.00 -7486.12 -7493.59 424.67 2941.90
78.00 11.00 -7486.12 -7492.28 424.67 2941.90
79.00 11.00 -7486.12 -7499.72 424.67 2941.90
80.00 11.00 -7486.12 -7496.51 424.67 2941.90
81.00 11.00 -7486.12 -7496.81 424.67 2941.90
82.00 11.00 -7486.12 -7504.55 424.67 2941.90
83.00 11.00 -7486.12 -7500.79 424.67 2941.90
84.00 11.00 -7486.12 -7494.83 424.67 2941.90
85.00 11.00 -7486.12 -7489.53 424.67 2941.90
86.00 11.00 -7486.12 -7497.10 424.67 2941.90
87.00 11.00 -7486.12 -7503.20 424.67 2941.90
88.00 11.00 -7486.12 -7492.72 424.67 2941.90
89.00 11.00 -7486.12 -7489.35 424.67 2941.90
90.00 11.00 -7486.12 -7497.23 424.67 2941.90
91.00 11.00 -7486.12 -7499.64 424.67 2941.90
92.00 11.00 -7486.12 -7488.70 424.67 2941.90
93.00 11.00 -7486.12 -7493.24 424.67 2941.90
94.00 11.00 -7486.12 -7496.32 424.67 2941.90
95.00 11.00 -7486.12 -7496.87 424.67 2941.90
96.00 11.00 -7486.12 -7492.99 424.67 2941.90
97.00 11.00 -7486.12 -7498.98 424.67 2941.90
98.00 11.00 -7486.12 -7502.54 424.67 2941.90
99.00 11.00 -7486.12 -7493.17 424.67 2941.90
100.00 11.00 -7486.12 -7499.36 424.67 2941.90
101.00 11.00 -7486.12 -7502.49 424.67 2941.90
102.00 11.00 -7486.12 -7494.04 424.67 2941.90
103.00 11.00 -7486.12 -7501.39 424.67 2941.90
104.00 11.00 -7486.12 -7493.18 424.67 2941.90
105.00 11.00 -7486.12 -7511.54 424.67 2941.90
106.00 11.00 -7486.12 -7501.23 424.67 2941.90
107.00 11.00 -7486.12 -7496.24 424.67 2941.90
108.00 11.00 -7486.12 -7496.18 424.67 2941.90
109.00 11.00 -7486.12 -7493.15 424.67 2941.90
110.00 11.00 -7486.12 -7493.24 424.67 2941.90
111.00 11.00 -7486.12 -7502.21 424.67 2941.90
112.00 11.00 -7486.12 -7500.29 424.67 2941.90
113.00 12.00 -7486.08 -7486.08 424.85 2939.23
114.00 12.00 -7486.08 -7500.09 424.85 2939.23
115.00 12.00 -7486.08 -7490.95 424.85 2939.23
116.00 12.00 -7486.08 -7500.86 424.85 2939.23
117.00 12.00 -7486.08 -7501.89 424.85 2939.23
118.00 12.00 -7486.08 -7498.66 424.85 2939.23
119.00 12.00 -7486.08 -7496.99 424.85 2939.23
120.00 12.00 -7486.08 -7496.21 424.85 2939.23
121.00 12.00 -7486.08 -7493.51 424.85 2939.23
122.00 12.00 -7486.08 -7492.67 424.85 2939.23
123.00 12.00 -7486.08 -7502.20 424.85 2939.23
124.00 12.00 -7486.08 -7494.11 424.85 2939.23
125.00 12.00 -7486.08 -7491.02 424.85 2939.23
126.00 13.00 -7486.79 -7486.79 424.70 2939.89
127.00 13.00 -7486.79 -7492.98 424.70 2939.89
128.00 13.00 -7486.79 -7497.11 424.70 2939.89
129.00 13.00 -7486.79 -7495.48 424.70 2939.89
130.00 13.00 -7486.79 -7498.50 424.70 2939.89
131.00 13.00 -14976.55 -14991.19 424.70 2939.89
132.00 13.00 -14976.55 -14992.35 424.70 2939.89
133.00 13.00 -14976.55 -14989.85 424.70 2939.89
134.00 13.00 -14976.55 -14998.93 424.70 2939.89
135.00 13.00 -14976.55 -15000.50 424.70 2939.89
136.00 13.00 -14976.55 -14988.77 424.70 2939.89
137.00 13.00 -14976.55 -14993.02 424.70 2939.89
138.00 14.00 -14968.65 -14968.65 423.23 2925.36
139.00 14.00 -14968.65 -14991.46 423.23 2925.36
140.00 14.00 -14968.65 -14994.03 423.23 2925.36
141.00 14.00 -14968.65 -14998.63 423.23 2925.36
142.00 14.00 -14968.65 -14998.27 423.23 2925.36
143.00 14.00 -14968.65 -14996.69 423.23 2925.36
144.00 14.00 -14968.65 -15001.63 423.23 2925.36
145.00 14.00 -14968.65 -14985.07 423.23 2925.36
146.00 14.00 -14968.65 -14996.07 423.23 2925.36
147.00 14.00 -14968.65 -15007.19 423.23 2925.36
148.00 14.00 -14968.65 -14992.05 423.23 2925.36
149.00 14.00 -14968.65 -14984.03 423.23 2925.36
150.00 14.00 -14968.65 -15031.02 423.23 2925.36
151.00 14.00 -14968.65 -14995.34 423.23 2925.36
152.00 14.00 -14968.65 -14975.89 423.23 2925.36
153.00 14.00 -14968.65 -14987.67 423.23 2925.36
154.00 14.00 -14968.65 -15011.11 423.23 2925.36
155.00 14.00 -14968.65 -14974.13 423.23 2925.36
156.00 14.00 -14968.65 -14991.32 423.23 2925.36
157.00 14.00 -14968.65 -14989.46 423.23 2925.36
158.00 14.00 -14968.65 -14996.72 423.23 2925.36
159.00 14.00 -14968.65 -14991.52 423.23 2925.36
160.00 14.00 -14968.65 -15007.95 423.23 2925.36
161.00 14.00 -14968.65 -14992.39 423.23 2925.36
162.00 14.00 -14968.65 -14994.11 423.23 2925.36
163.00 14.00 -14968.65 -14993.96 423.23 2925.36
164.00 14.00 -14968.65 -14984.42 423.23 2925.36
165.00 14.00 -14968.65 -15003.09 423.23 2925.36
166.00 14.00 -14968.65 -14978.08 423.23 2925.36
167.00 14.00 -14968.65 -15004.34 423.23 2925.36
168.00 14.00 -14968.65 -14981.89 423.23 2925.36
169.00 14.00 -14968.65 -14976.27 423.23 2925.36
170.00 14.00 -14968.65 -14990.66 423.23 2925.36
171.00 14.00 -14968.65 -14986.31 423.23 2925.36
172.00 14.00 -14968.65 -14992.38 423.23 2925.36
173.00 14.00 -14968.65 -14977.12 423.23 2925.36
174.00 14.00 -14968.65 -14988.32 423.23 2925.36
175.00 14.00 -14968.65 -14991.63 423.23 2925.36
176.00 14.00 -14968.65 -14982.50 423.23 2925.36
177.00 14.00 -14968.65 -14970.15 423.23 2925.36
178.00 14.00 -14968.65 -15002.19 423.23 2925.36
179.00 14.00 -14968.65 -14982.34 423.23 2925.36
180.00 14.00 -14968.65 -14978.21 423.23 2925.36
181.00 14.00 -14968.65 -14985.56 423.23 2925.36
182.00 14.00 -14968.65 -14997.42 423.23 2925.36
183.00 14.00 -14968.65 -14995.63 423.23 2925.36
184.00 14.00 -14968.65 -14989.70 423.23 2925.36
185.00 14.00 -14968.65 -14990.16 423.23 2925.36
186.00 14.00 -14968.65 -14991.32 423.23 2925.36
187.00 14.00 -14968.65 -14986.39 423.23 2925.36
188.00 14.00 -14968.65 -14976.89 423.23 2925.36
189.00 14.00 -14968.65 -15000.50 423.23 2925.36
190.00 14.00 -14968.65 -15004.62 423.23 2925.36
191.00 14.00 -14968.65 -14990.56 423.23 2925.36
192.00 14.00 -14968.65 -14995.02 423.23 2925.36
193.00 14.00 -14968.65 -14988.65 423.23 2925.36
194.00 14.00 -14968.65 -14986.33 423.23 2925.36
195.00 14.00 -14968.65 -14976.82 423.23 2925.36
196.00 14.00 -14968.65 -15021.10 423.23 2925.36
197.00 14.00 -14968.65 -15001.66 423.23 2925.36
198.00 14.00 -14968.65 -14981.42 423.23 2925.36
199.00 14.00 -14968.65 -15017.82 423.23 2925.36
200.00 14.00 -14968.65 -14994.06 423.23 2925.36
201.00 14.00 -14968.65 -14986.25 423.23 2925.36
202.00 14.00 -14968.65 -14985.32 423.23 2925.36
203.00 14.00 -14968.65 -14981.17 423.23 2925.36
204.00 14.00 -14968.65 -14982.77 423.23 2925.36
205.00 14.00 -14968.65 -14994.44 423.23 2925.36
206.00 14.00 -14968.65 -14988.16 423.23 2925.36
207.00 14.00 -14968.65 -14980.97 423.23 2925.36
208.00 14.00 -14968.65 -14990.75 423.23 2925.36
209.00 14.00 -14968.65 -14999.41 423.23 2925.36
210.00 14.00 -14968.65 -14985.44 423.23 2925.36
211.00 14.00 -14968.65 -15003.81 423.23 2925.36
212.00 14.00 -14968.65 -14993.79 423.23 2925.36
213.00 14.00 -14968.65 -15000.03 423.23 2925.36
214.00 14.00 -14968.65 -15001.32 423.23 2925.36
215.00 14.00 -14968.65 -14992.81 423.23 2925.36
216.00 14.00 -14968.65 -14997.76 423.23 2925.36
217.00 14.00 -14968.65 -14992.95 423.23 2925.36
218.00 14.00 -14968.65 -14984.78 423.23 2925.36
219.00 14.00 -14968.65 -14987.02 423.23 2925.36
220.00 14.00 -14968.65 -14974.90 423.23 2925.36
221.00 15.00 -14965.79 -14965.79 421.94 2937.59
222.00 15.00 -14965.79 -14977.03 421.94 2937.59
223.00 15.00 -14965.79 -14986.85 421.94 2937.59
224.00 15.00 -14965.79 -14992.51 421.94 2937.59
225.00 15.00 -14965.79 -15000.14 421.94 2937.59
226.00 15.00 -14965.79 -15022.94 421.94 2937.59
227.00 15.00 -14965.79 -14990.93 421.94 2937.59
228.00 15.00 -14965.79 -14977.23 421.94 2937.59
229.00 15.00 -14965.79 -14994.02 421.94 2937.59
230.00 15.00 -14965.79 -14999.41 421.94 2937.59
231.00 15.00 -14965.79 -14997.35 421.94 2937.59
232.00 15.00 -14965.79 -14985.58 421.94 2937.59
233.00 15.00 -14965.79 -14990.39 421.94 2937.59
234.00 15.00 -14965.79 -15004.18 421.94 2937.59
235.00 15.00 -14965.79 -15004.41 421.94 2937.59
236.00 15.00 -14965.79 -14988.99 421.94 2937.59
237.00 15.00 -14965.79 -15009.98 421.94 2937.59
238.00 15.00 -14965.79 -14997.36 421.94 2937.59
