406.81
406.81
398.84
397.11
389.16
389.16
389.16
389.16
408.85
412.49
407.18
407.18
407.18
407.18
408.56
408.56
408.56
394.15
394.15
394.15
394.15
394.15
387.87
387.45
387.45
387.45
387.45
387.45
387.45
387.45
387.45
387.45
391.70
397.86
398.35
388.50
389.58
389.58
389.58
389.58
389.58
389.58
389.58
389.58
389.58
389.58
389.58
389.58
389.58
389.58
389.58
396.84
401.87
401.87
404.04
404.04
404.04
404.04
404.04
404.04
404.04
404.04
404.04
404.04
404.04
404.04
404.04
404.04
404.04
404.04
404.04
404.04
404.04
404.04
404.04
404.04
404.04
404.04
404.04
399.34
384.04
384.04
384.04
384.04
384.04
384.04
384.04
384.04
384.04
372.49
372.49
373.04
373.04
373.04
373.04
373.04
373.04
373.04
373.04
373.04
373.04
373.04
373.04
373.04
373.04
373.04
373.04
373.04
373.04
373.04
373.04
358.60
358.60
358.60
358.60
358.60
358.60
358.60
358.60
358.60
358.60
358.60
358.60
358.60
