-1703.64000 -1882.06000 -2293.42000 -3419.32000 -3092.27000 -2793.50000 -2530.59000 -2081.74000
-1702.92000 -1880.45000 -2292.32000 -3411.30000 -3095.22000 -2801.47000 -2529.11000 -2084.59000
-1705.99000 -1883.82000 -2294.88000 -3412.99000 -3095.59000 -2801.53000 -2533.90000 -2081.83000
-1699.43000 -1880.29000 -2301.43000 -3418.13000 -3090.18000 -2802.62000 -2530.20000 -2080.03000
-1698.50000 -1878.21000 -2297.44000 -3413.27000 -3096.45000 -2805.04000 -2523.19000 -2071.55000
-1700.41000 -1877.16000 -2293.73000 -3418.44000 -3084.94000 -2802.73000 -2525.38000 -2074.61000
-1695.81000 -1879.68000 -2298.70000 -3415.25000 -3079.50000 -2804.69000 -2526.21000 -2083.33000
-1697.32000 -1873.64000 -2299.48000 -3421.06000 -3086.96000 -2805.36000 -2523.66000 -2071.28000
-1698.25000 -1879.02000 -2295.74000 -3417.16000 -3077.14000 -2800.42000 -2522.54000 -2072.40000
-1703.00000 -1878.88000 -2290.55000 -3417.72000 -3076.48000 -2796.95000 -2521.20000 -2072.17000
-1695.18000 -1876.88000 -2292.88000 -3421.30000 -3078.18000 -2797.88000 -2525.32000 -2064.53000
-1699.24000 -1876.49000 -2296.29000 -3418.51000 -3078.01000 -2795.20000 -2526.51000 -2069.41000
-1696.42000 -1881.42000 -2296.32000 -3410.97000 -3070.72000 -2795.75000 -2513.93000 -2071.24000
-1699.75000 -1879.83000 -2295.78000 -3419.77000 -3079.60000 -2795.47000 -2526.39000 -2071.66000
-1700.16000 -1875.47000 -2289.97000 -3419.36000 -3075.66000 -2791.08000 -2517.27000 -2072.78000
-1697.01000 -1883.79000 -2292.55000 -3414.71000 -3074.15000 -2786.12000 -2516.03000 -2068.53000
-1699.34000 -1882.88000 -2292.74000 -3415.32000 -3067.45000 -2778.12000 -2517.05000 -2071.15000
-3392.17000 -3394.61000 -3408.75000 -3416.27000 -3400.74000 -3396.68000 -3384.19000 -3388.99000
-3384.47000 -3409.03000 -3401.50000 -3419.36000 -3402.08000 -3396.24000 -3392.44000 -3392.69000
-3397.79000 -3398.88000 -3402.78000 -3404.18000 -3385.70000 -3391.36000 -3397.33000 -3395.64000
-3400.84000 -3394.90000 -3399.92000 -3405.40000 -3402.44000 -3393.27000 -3398.62000 -3396.77000
-3397.46000 -3412.71000 -3398.66000 -3408.66000 -3384.29000 -3379.86000 -3404.17000 -3387.47000
-3391.77000 -3404.62000 -3400.26000 -3398.93000 -3404.56000 -3396.99000 -3391.05000 -3385.22000
-3391.76000 -3407.56000 -3387.47000 -3395.13000 -3402.00000 -3399.63000 -3386.85000 -3384.71000
-3396.90000 -3408.05000 -3397.90000 -3394.82000 -3387.02000 -3398.18000 -3399.64000 -3401.68000
-3393.45000 -3408.02000 -3399.27000 -3398.56000 -3397.06000 -3398.20000 -3381.73000 -3384.37000
-3389.88000 -3409.57000 -3389.22000 -3407.28000 -3389.66000 -3381.56000 -3397.46000 -3396.52000
-3395.78000 -3397.80000 -3395.56000 -3400.96000 -3390.35000 -3384.99000 -3398.04000 -3395.90000
-3396.34000 -3411.49000 -3405.61000 -3401.71000 -3387.57000 -3382.92000 -3389.33000 -3389.12000
-3397.81000 -3388.78000 -3400.01000 -3400.74000 -3396.99000 -3397.96000 -3387.66000 -3398.17000
-3391.83000 -3402.66000 -3401.58000 -3401.14000 -3392.71000 -3384.43000 -3391.49000 -3382.98000
-3398.07000 -3400.52000 -3395.35000 -3400.98000 -3393.24000 -3384.40000 -3390.32000 -3398.25000
-3398.64000 -3403.30000 -3396.46000 -3401.83000 -3395.08000 -3390.74000 -3384.61000 -3395.41000
-3398.98000 -3384.42000 -3406.44000 -3399.56000 -3393.37000 -3392.34000 -3385.54000 -3392.08000
-3401.71000 -3396.60000 -3393.00000 -3401.30000 -3398.28000 -3391.32000 -3394.65000 -3394.14000
-3399.48000 -3404.61000 -3394.60000 -3404.39000 -3390.59000 -3399.84000 -3396.44000 -3391.16000
-3407.24000 -3394.52000 -3401.57000 -3394.66000 -3389.26000 -3392.31000 -3390.61000 -3400.22000
-3395.09000 -3387.78000 -3391.75000 -3398.16000 -3391.65000 -3400.48000 -3385.23000 -3377.10000
-3400.56000 -3392.60000 -3398.69000 -3399.23000 -3401.83000 -3394.01000 -3394.79000 -3399.35000
-3396.08000 -3401.32000 -3392.11000 -3401.26000 -3400.98000 -3386.33000 -3394.12000 -3396.84000
-3385.28000 -3381.23000 -3395.00000 -3398.79000 -3383.59000 -3391.34000 -3393.91000 -3385.53000
-3390.02000 -3368.22000 -3398.64000 -3403.36000 -3391.59000 -3387.60000 -3393.98000 -3395.96000
-3386.52000 -3380.61000 -3405.26000 -3388.94000 -3390.11000 -3388.07000 -3373.62000 -3397.61000
-3392.67000 -3383.51000 -3397.72000 -3392.83000 -3383.07000 -3386.88000 -3388.84000 -3398.10000
-3379.68000 -3386.64000 -3392.66000 -3391.69000 -3392.92000 -3392.16000 -3398.68000 -3400.05000
-3381.92000 -3393.19000 -3404.77000 -3398.22000 -3382.99000 -3394.49000 -3384.29000 -3393.21000
-3385.27000 -3380.89000 -3401.12000 -3400.16000 -3400.91000 -3389.27000 -3382.70000 -3379.35000
-3393.41000 -3397.09000 -3390.65000 -3379.62000 -3383.00000 -3388.68000 -3390.58000 -3391.23000
-3388.41000 -3377.12000 -3395.28000 -3388.30000 -3395.34000 -3390.05000 -3386.21000 -3386.36000
