1.408544686275510438e+00
1.170510425535710830e+00
8.604011963520412642e-01
1.284172313596941617e+00
2.747780612244906608e-06
7.195968000510186702e-01
7.048886648469387950e-01
1.536261249489794256e-01
1.523328104591836242e-02
4.260599770408162075e-03
8.196013572448962448e-01
6.768711951658177739e+00
1.696889071273060472e+04
6.146297469158151117e+00
6.403978867346950266e-02
5.513339662091824245e+00
-2.003086855813776168e+01
1.664205382081631157e+01
1.414772349826530373e+01
4.295874278443873706e+00
7.786100739668351700e+00
-3.851639552066337124e+00
8.768929249821399097e+00
-1.216321796928571786e+01
-8.100534340994894222e+00
7.405018512397980146e+00
1.264013458877554230e+00
-1.008925754035714739e+01
-3.593330898112240490e+00
1.015685918066324156e+01
-6.410390171709178020e+00
1.721297914515300320e+01
5.548241247448983060e+00
-1.000148254428571981e+01
-1.675756999670916514e+01
-9.148073231658187865e+00
-5.181965979489794094e+00
8.554445035714280721e+00
1.376632289757657723e+01
-1.524552993734690354e+01
1.658319565755106240e+01
-8.098335967653067513e+00
-1.095038782346941098e+01
-1.467374147423466368e+01
-4.192404926275507648e+00
-1.530684737724492095e+01
1.665248782130099414e+01
-6.640148354566319355e+00
-1.398358880607142218e+01
1.025316799520407862e+01
-6.704558935790807084e+00
1.269387997209181940e+01
1.015917515686224348e+01
-4.833433603316334093e+00
2.591949441836719270e+00
1.129699207119896620e+01
6.500600433290821378e+00
-8.922456078928581391e+00
-1.398471326066326625e+01
8.801162319183692517e+00
-7.390696836071431797e+00
9.183946403367325928e+00
1.353420477665813948e+01
9.014977704566334182e+00
1.581754620193880712e+01
-2.963611016938774156e+00
1.401668101265307342e+01
-6.234155967244904062e+00
-1.114948751020408402e+01
1.471859882573981970e+01
8.323090250688780500e+00
-2.318307830841826789e+00
-8.399742650816323319e+00
6.031122278392840208e+00
1.757204621632654673e+00
1.338542520377553124e+01
-1.348724539964286784e+01
-6.890296881147937924e+00
5.578068769132658034e+00
-1.551115418571431270e+01
-1.317165271630103085e+01
8.387294602244873332e+00
-1.007380736734693549e+01
1.641104747897958305e+01
-1.105733929193882226e+01
9.502947234566311963e+00
-5.330928729260204335e+00
-1.653230921923473318e+01
-8.959017832857146146e+00
-9.239133861658153535e+00
8.588427107346957357e+00
1.197216959382652135e+01
-3.405411601173476299e+00
1.204810376469388444e+01
-7.135576061989820751e+00
-5.923787067678578211e+00
-1.314440433897959615e+01
1.218534716653059746e+01
1.437954165688779540e+00
-1.395428183132647248e+01
-1.367591266989792942e+00
1.598378363933676205e+01
-1.323803171096935349e+00
1.089587368999997885e+01
1.187635309227041702e+01
-6.399473315459176526e+00
1.560171624232144083e+01
9.479404721556123903e+00
3.791695405382646822e+00
-1.315330310464288210e+01
1.248684712216833326e+01
3.721497500382655144e+00
-4.546870612346943119e+00
-5.972790533239799693e+00
1.643135955326527764e+01
-7.299552649770414625e+00
1.125660918262756383e+01
2.463329796377550007e+00
5.036929489795993753e-01
-2.073465357474493231e+00
-1.493480542066325301e+00
-1.004178625387754309e+01
-1.726452012051023388e+01
-8.201986671913280347e+00
-1.390871466130104750e+01
4.084856866071438497e-01
-4.826546047729623368e+00
1.838182017780614430e+01
-6.939857813775532236e+00
-8.480641356887744786e-01
-7.150419691096954189e+00
8.341931756709206169e+00
1.407715435747445376e+01
-5.095108622704139778e-01
1.455997263622447413e+00
1.629834864576529441e+01
-1.807687290568873806e+01
1.378955054691325088e+01
1.193353097471936763e+01
-7.913060805867317526e+00
-5.921898829795917862e+00
2.147096897602035259e+00
-8.055914998137751581e+00
1.601256025630108937e+01
3.281896526479595622e+00
7.608791206377445437e-01
7.299633567755111407e+00
-1.050232852094388925e+01
3.534156793367345117e-01
1.419629901581630493e+00
1.729467431887753870e+00
-8.409348037780620899e+00
-1.213626814721938096e+01
-2.646163346403062722e+00
1.184374458581635814e+01
-1.051532332043366935e+01
7.227383336352030341e+00
1.609834032081632316e+01
9.821909764489804573e+00
1.469237934015307800e+01
7.458957754362226744e+00
1.360721681841839015e+01
6.997273396556103364e+00
7.146896055306102724e+00
-9.361653662857136737e+00
-8.525733405765310025e+00
-1.425278519145407863e+01
1.200916738079083146e+01
-5.503971545663251419e+00
-8.530148429362261808e+00
3.666966987244904885e+00
-6.087448178622461903e+00
-1.965527605293368296e+01
1.296899466257655220e+01
-1.575913162961736802e+01
-1.065900941609693575e+01
1.430532969438772817e+01
6.539585935357142610e+00
-1.258634502602035887e+01
1.254837296214288678e+01
2.127979971632653733e+00
1.292120753436222280e+01
4.369992584693858650e-01
-6.380521124311223424e+00
-1.040156242744900794e+01
3.459266969132657188e+00
-1.710771169517858681e+01
-5.912281230229588402e+00
1.253562849066330109e+01
1.098312236183674528e+01
1.496063728617346555e+01
3.217360941403057506e+00
-1.019477341596937237e+01
-1.418842286341837422e+01
-7.554563484821406938e+00
-9.745898942602035930e+00
-1.325348287999998398e+01
1.501253165857142413e+01
-1.508382651941328056e+01
-1.178064604951532779e+01
9.741818098749996935e+00
-8.740342955408150871e+00
-5.871409795459180181e+00
-1.022664688640305819e+01
-7.881674912755108231e+00
1.979677958928567072e-01
-1.679305632969381534e+01
1.626970347244900594e+01
1.182760400880103901e+01
-1.010824154647958650e+01
9.447799949464291913e+00
-1.066638470604592470e+01
-1.577652636660718422e+01
-1.688791848448981625e+01
1.441124666142857258e+01
1.185250091566326169e+01
1.113825952926018381e+01
-1.409187281507651335e+01
1.198999314829080198e+01
3.345849849234695750e+00
1.083586019369898246e+01
-4.879244166326563992e-01
1.123083113630102403e+01
1.078772670448981330e+01
1.577888698359698871e+01
1.299993106599491099e+01
4.498309966071424526e+00
-3.871333530612247387e+00
-2.185656447193880414e+00
1.706682284002551597e+01
9.953867799234680902e+00
1.267162601709180159e+01
-9.619493561275518800e+00
1.497361121706630627e+01
-9.862476129285711934e+00
9.974147298801023354e+00
-3.570910066607149158e+00
-1.030051007959185139e+00
-5.997953428852042634e+00
1.534102268818876880e+01
1.745509233696433782e+01
-4.689186694719375659e+00
7.220877916403064312e+00
-1.778296235903059141e+01
-1.495865288977043406e+01
9.475170977142839845e+00
8.844021762653063945e+00
1.006240596545918109e+01
3.234961261224490681e+00
8.702342571071428168e+00
1.130234963584186936e+01
1.111684826275509463e+00
-1.641594094747449972e+01
-9.500915190663254961e+00
2.537694088571428086e+00
2.076509703724485512e+00
1.353923030459182542e+01
-1.129451327209184086e+01
-7.515935160637745582e+00
-4.094829100714281189e+00
9.559151778979586567e+00
6.779374868673468946e+00
9.774661605688807597e+00
-1.214679627267855899e+01
4.205165583163272380e+00
5.310421864030615779e+00
7.002362547270418069e+00
1.369375391454080670e+01
1.664590052086736094e+01
1.599785687265302592e+01
1.373652898915814724e+01
1.506025317474495528e+00
1.862779305724491863e+01
-1.386477835739797904e+01
2.844114992346927551e+00
-1.198045168487243117e+01
7.267475660331616183e+00
-1.712790506377549926e+00
1.006802498535715351e+01
2.571455905867354286e+00
7.348390917295935409e+00
6.586093088265299045e+00
1.083075768928571492e+01
-1.574851506900512454e+01
1.950811875739789869e+00
-9.025053311887740293e+00
-1.709141978479592794e+01
3.166067437346942626e+00
-1.228757668025511762e+01
-1.123825006081635181e+01
1.219196330553572594e+01
7.093942882015304541e+00
1.151501827022956803e+01
-1.111790460298466243e+01
-1.352860902443875624e+01
5.072327097602046919e+00
-6.426731321734690638e+00
-1.313240874612247566e+01
2.576327946913263833e+00
-1.105548685372450457e+01
-1.620477084267861656e+01
1.575017042091864661e-01
8.142815459846939774e+00
7.795916154030599898e+00
1.378184020994901671e+00
1.053938218640304925e+01
-1.627565983732147714e+01
-1.234743489066326383e+01
-8.930172879795930996e+00
-1.145838255969387820e+00
1.295693801410710222e+01
5.662604738545928384e+00
6.796420433622468060e+00
-1.420159554321432083e+01
1.395687248724496499e+01
-5.897710161122430961e+00
6.348564780408154640e+00
-9.016384042908148544e+00
-8.499286078392865207e+00
-3.893538196224490822e+00
1.616486933443874729e+00
-1.861893932413265773e+01
-1.802533492678571436e+00
-1.357444154160714156e+01
1.371264099647959789e+01
-4.609472978010203725e+00
-5.617159031275509307e+00
-1.410197898522956450e+01
1.411505055147959986e+01
-1.028040383071428643e+01
-1.768861040043369570e+01
-1.294698885709182612e+01
1.166803496624996583e+01
-1.635023209920914411e+01
-2.912670597321410870e+00
-1.015248739829083746e+01
-1.741156585436223736e+01
-3.432941015306124610e-01
-1.288985815168364368e+01
-6.422566991581660778e-01
-1.964312616454080063e+00
-1.333803284683675194e+01
-1.107399317982143039e+01
-9.437217577806089608e+00
1.702779922403064106e+01
1.153769765160711280e+01
1.691933314698977497e+01
1.411823086147957440e+01
-4.196856110510212901e+00
-2.920241880561228243e+00
1.856504829770416753e+00
1.500051904821428916e+00
9.987652817959196128e+00
-1.118613335224487493e+01
9.197204336530607094e+00
1.351143332951527043e+01
1.452435577073979367e+01
-2.583122436428567870e+00
9.923839024158194633e+00
9.815156862295912887e+00
-1.383039536959186933e+01
-1.157989662997445990e+01
1.285866842721940095e+01
-1.269015438474490232e+01
9.726047387346918427e+00
-1.334048069232146361e+01
-5.929387724489729727e-01
-1.274368677193878341e+01
-8.575347745739772876e+00
-5.538172538188775640e+00
-7.243518746887732895e+00
-7.781437621505095770e+00
-1.418683278528062708e+01
2.874589186198973856e+00
3.676359073647965214e+00
1.195956149076533315e+01
1.464498668637749290e+01
-9.278338152040793929e+00
-1.098727922221940823e+01
6.725640719056116268e+00
3.336887602551019683e+00
-2.795353326785687820e-01
-5.894096847270430040e+00
1.344645257334185295e+01
1.736762470716838536e+01
1.904198265943876534e+00
-8.871381518750011352e+00
1.664485183624997688e+01
-1.414761181923466538e+01
-7.929149863596934189e+00
5.960558982525498983e+00
-1.236089439877553886e+01
9.710274523341823283e+00
9.183961656632768644e-01
2.388848437551020165e+00
-6.421183927193890639e+00
-7.295440107882655845e+00
1.529897871877554039e+01
-6.638928268801020494e+00
-1.220723647329080741e+01
-4.874032568979608904e+00
1.639254267252553632e+01
9.737800165229586469e+00
-2.367167611607140731e+00
1.465363993035715140e+01
-5.268622190561226049e+00
-1.215865016313770752e+01
1.655843754433674775e+01
-1.120598469877551651e+01
-6.583705242346931108e+00
6.164145884872437087e+00
-1.311889411426018448e+01
-1.721334168201531867e+01
7.120333730178574960e+00
1.301351108964286141e+01
