8.363099999999999454e+02
8.224800000000000182e+02
8.188300000000000409e+02
8.263200000000000500e+02
8.083600000000000136e+02
8.083600000000000136e+02
8.083600000000000136e+02
8.083600000000000136e+02
8.058899999999999864e+02
8.058899999999999864e+02
8.058899999999999864e+02
8.058899999999999864e+02
8.058899999999999864e+02
8.058899999999999864e+02
8.058899999999999864e+02
8.093999999999999773e+02
7.946299999999999955e+02
7.946299999999999955e+02
7.946299999999999955e+02
7.946299999999999955e+02
7.946299999999999955e+02
7.946299999999999955e+02
7.946299999999999955e+02
7.946299999999999955e+02
7.946299999999999955e+02
7.946299999999999955e+02
7.946299999999999955e+02
7.946299999999999955e+02
7.946299999999999955e+02
7.946299999999999955e+02
7.946299999999999955e+02
7.946299999999999955e+02
7.946299999999999955e+02
7.946299999999999955e+02
7.946299999999999955e+02
7.946299999999999955e+02
7.946299999999999955e+02
7.946299999999999955e+02
7.961799999999999500e+02
7.961799999999999500e+02
7.961799999999999500e+02
7.961799999999999500e+02
7.855800000000000409e+02
7.855800000000000409e+02
7.855800000000000409e+02
7.855800000000000409e+02
7.855800000000000409e+02
8.372899999999999636e+02
8.367300000000000182e+02
8.292100000000000364e+02
8.254500000000000455e+02
8.254500000000000455e+02
8.129400000000000546e+02
8.129400000000000546e+02
8.129400000000000546e+02
8.129400000000000546e+02
8.129400000000000546e+02
8.129400000000000546e+02
8.129400000000000546e+02
8.129400000000000546e+02
8.129400000000000546e+02
8.129400000000000546e+02
8.141399999999999864e+02
8.141399999999999864e+02
8.141399999999999864e+02
8.141399999999999864e+02
8.141399999999999864e+02
8.141399999999999864e+02
8.141399999999999864e+02
8.141399999999999864e+02
8.141399999999999864e+02
8.141399999999999864e+02
8.141399999999999864e+02
8.141399999999999864e+02
8.028700000000000045e+02
8.028700000000000045e+02
8.028700000000000045e+02
8.028700000000000045e+02
7.945299999999999727e+02
7.945299999999999727e+02
7.945299999999999727e+02
7.945299999999999727e+02
7.945299999999999727e+02
7.945299999999999727e+02
7.945299999999999727e+02
7.885000000000000000e+02
7.643400000000000318e+02
7.643400000000000318e+02
7.643400000000000318e+02
7.643400000000000318e+02
7.643400000000000318e+02
7.643400000000000318e+02
7.643400000000000318e+02
7.643400000000000318e+02
8.450499999999999545e+02
8.450499999999999545e+02
8.450499999999999545e+02
8.415900000000000318e+02
8.415900000000000318e+02
8.415900000000000318e+02
8.415900000000000318e+02
8.321200000000000045e+02
8.321200000000000045e+02
8.321200000000000045e+02
8.321200000000000045e+02
8.321200000000000045e+02
8.304099999999999682e+02
8.304099999999999682e+02
8.304099999999999682e+02
8.304099999999999682e+02
8.276699999999999591e+02
8.276699999999999591e+02
8.245399999999999636e+02
8.220700000000000500e+02
8.252300000000000182e+02
8.003500000000000227e+02
8.003500000000000227e+02
8.003500000000000227e+02
8.003500000000000227e+02
8.003500000000000227e+02
8.003500000000000227e+02
8.003500000000000227e+02
8.003500000000000227e+02
8.003500000000000227e+02
8.003500000000000227e+02
8.003500000000000227e+02
8.003500000000000227e+02
8.003500000000000227e+02
8.003500000000000227e+02
8.003500000000000227e+02
8.003500000000000227e+02
8.003500000000000227e+02
8.003500000000000227e+02
8.003500000000000227e+02
8.003500000000000227e+02
8.003500000000000227e+02
8.003500000000000227e+02
8.003500000000000227e+02
8.003500000000000227e+02
8.003500000000000227e+02
8.003500000000000227e+02
8.507400000000000091e+02
8.507400000000000091e+02
8.507400000000000091e+02
8.507400000000000091e+02
8.507400000000000091e+02
8.507400000000000091e+02
8.507400000000000091e+02
8.507400000000000091e+02
8.507400000000000091e+02
8.507400000000000091e+02
8.466399999999999864e+02
8.466399999999999864e+02
8.466399999999999864e+02
8.466399999999999864e+02
8.466399999999999864e+02
8.574500000000000455e+02
8.574500000000000455e+02
8.330000000000000000e+02
8.354299999999999500e+02
8.354299999999999500e+02
8.226000000000000227e+02
8.151699999999999591e+02
8.145499999999999545e+02
8.145499999999999545e+02
8.145499999999999545e+02
8.145499999999999545e+02
8.145499999999999545e+02
8.145499999999999545e+02
8.145499999999999545e+02
8.145499999999999545e+02
8.145499999999999545e+02
8.145499999999999545e+02
8.145499999999999545e+02
8.145499999999999545e+02
8.142400000000000091e+02
8.142400000000000091e+02
8.142400000000000091e+02
8.142400000000000091e+02
8.142400000000000091e+02
8.142400000000000091e+02
8.031799999999999500e+02
8.031799999999999500e+02
8.031799999999999500e+02
8.031799999999999500e+02
8.031799999999999500e+02
7.854700000000000273e+02
7.854700000000000273e+02
1.000000000000000000e+00
1.000000000000000000e+00
1.000000000000000000e+00
8.367200000000000273e+02
8.247999999999999545e+02
8.247999999999999545e+02
8.196699999999999591e+02
8.182400000000000091e+02
8.182400000000000091e+02
8.182400000000000091e+02
8.058899999999999864e+02
8.058899999999999864e+02
8.058899999999999864e+02
8.058899999999999864e+02
7.989600000000000364e+02
7.989600000000000364e+02
7.989600000000000364e+02
7.969800000000000182e+02
7.969800000000000182e+02
7.942899999999999636e+02
7.942899999999999636e+02
7.942899999999999636e+02
7.942899999999999636e+02
7.942899999999999636e+02
7.942899999999999636e+02
7.942899999999999636e+02
7.942899999999999636e+02
7.942899999999999636e+02
7.942899999999999636e+02
7.942899999999999636e+02
7.942899999999999636e+02
7.942899999999999636e+02
7.942899999999999636e+02
7.942899999999999636e+02
7.942899999999999636e+02
7.942899999999999636e+02
7.942899999999999636e+02
7.942899999999999636e+02
7.929700000000000273e+02
7.929700000000000273e+02
7.929700000000000273e+02
7.919700000000000273e+02
7.919700000000000273e+02
7.918300000000000409e+02
7.918300000000000409e+02
7.918400000000000318e+02
7.918400000000000318e+02
8.352599999999999909e+02
8.352599999999999909e+02
8.352599999999999909e+02
8.352599999999999909e+02
8.352599999999999909e+02
8.352599999999999909e+02
8.352599999999999909e+02
8.352599999999999909e+02
8.352599999999999909e+02
8.352599999999999909e+02
8.407500000000000000e+02
8.400800000000000409e+02
8.293899999999999864e+02
8.174700000000000273e+02
7.986200000000000045e+02
7.986200000000000045e+02
7.986200000000000045e+02
7.986200000000000045e+02
7.986200000000000045e+02
7.859099999999999682e+02
7.859099999999999682e+02
7.859099999999999682e+02
7.859099999999999682e+02
7.859099999999999682e+02
7.859099999999999682e+02
7.859099999999999682e+02
7.859099999999999682e+02
7.859099999999999682e+02
7.859099999999999682e+02
7.859099999999999682e+02
7.859099999999999682e+02
7.859099999999999682e+02
7.859099999999999682e+02
7.859099999999999682e+02
7.859099999999999682e+02
7.859099999999999682e+02
7.859099999999999682e+02
7.859099999999999682e+02
7.859099999999999682e+02
7.859099999999999682e+02
7.859099999999999682e+02
7.859099999999999682e+02
7.859099999999999682e+02
7.859099999999999682e+02
7.859099999999999682e+02
7.859099999999999682e+02
7.859099999999999682e+02
8.324900000000000091e+02
8.354299999999999500e+02
8.167899999999999636e+02
8.167899999999999636e+02
8.167899999999999636e+02
8.167899999999999636e+02
8.150599999999999454e+02
8.115499999999999545e+02
8.115499999999999545e+02
8.115499999999999545e+02
7.927899999999999636e+02
7.927899999999999636e+02
7.927899999999999636e+02
7.927899999999999636e+02
7.927899999999999636e+02
7.940900000000000318e+02
7.940900000000000318e+02
7.940900000000000318e+02
7.940900000000000318e+02
7.940900000000000318e+02
7.940900000000000318e+02
7.991699999999999591e+02
7.991699999999999591e+02
7.894400000000000546e+02
7.894400000000000546e+02
7.894400000000000546e+02
7.894400000000000546e+02
7.894400000000000546e+02
7.894400000000000546e+02
7.894400000000000546e+02
7.894400000000000546e+02
7.894400000000000546e+02
7.894400000000000546e+02
7.894400000000000546e+02
7.894400000000000546e+02
7.894400000000000546e+02
7.894400000000000546e+02
7.894400000000000546e+02
7.894400000000000546e+02
7.894400000000000546e+02
7.742799999999999727e+02
7.742799999999999727e+02
7.742799999999999727e+02
7.742799999999999727e+02
7.742799999999999727e+02
7.742799999999999727e+02
7.742799999999999727e+02
8.560599999999999454e+02
8.500499999999999545e+02
8.222200000000000273e+02
8.222200000000000273e+02
8.222200000000000273e+02
8.213400000000000318e+02
8.249500000000000455e+02
8.242200000000000273e+02
7.998500000000000227e+02
7.998500000000000227e+02
7.998500000000000227e+02
7.998500000000000227e+02
7.998500000000000227e+02
7.998500000000000227e+02
7.998500000000000227e+02
8.032699999999999818e+02
8.032699999999999818e+02
8.032699999999999818e+02
8.032699999999999818e+02
8.003600000000000136e+02
7.960700000000000500e+02
7.950900000000000318e+02
7.950900000000000318e+02
7.944400000000000546e+02
7.944400000000000546e+02
7.944400000000000546e+02
7.944400000000000546e+02
7.944400000000000546e+02
7.917999999999999545e+02
7.917999999999999545e+02
7.917999999999999545e+02
7.917999999999999545e+02
7.917999999999999545e+02
7.917999999999999545e+02
7.917999999999999545e+02
7.807400000000000091e+02
7.807400000000000091e+02
7.807400000000000091e+02
7.807400000000000091e+02
7.807400000000000091e+02
7.807400000000000091e+02
7.807400000000000091e+02
7.807400000000000091e+02
7.807400000000000091e+02
7.807400000000000091e+02
7.807400000000000091e+02
7.807400000000000091e+02
