3.571344885740365682e-01
3.223294024123648516e-01
3.194914041688901585e-01
3.852966937535666769e-01
1.013311616167923115e-06
2.358637119156216655e-01
4.727272696829162846e-01
3.004001655784501942e-02
4.192347011951120563e-03
3.334709562049471138e-03
1.563063845493919690e-01
2.212252620646304457e+00
2.460858981239997775e+03
1.488005104696187519e+00
2.512315792680969162e-02
8.886313606168794621e+00
5.004258561581982789e+00
7.836418085536420719e+00
5.870747300658072376e+00
1.246478414374170818e+01
7.732922632910620209e+00
7.683903171634287155e+00
1.117740367444070415e+01
9.988087129101463901e+00
1.030567652163869319e+01
9.984070915514248412e+00
9.869680407759616969e+00
1.086043725000988225e+01
8.444693528053567988e+00
7.493718015024589896e+00
9.709438310601772315e+00
5.409230885862095661e+00
1.211361402631724182e+01
7.194818946552966388e+00
7.442328342712901446e+00
1.021135959669498128e+01
1.279166987338128791e+01
1.223313453852643384e+01
1.049423004154881411e+01
6.293075864034618050e+00
5.602983714685541017e+00
9.862843596631622134e+00
9.281240398472249353e+00
7.711980890296150193e+00
9.279542702270978438e+00
8.037607836436970743e+00
8.945671437604231002e+00
7.975888408192639112e+00
7.572633219597951992e+00
1.110245617341190361e+01
1.245900465680855618e+01
1.287635820078829774e+01
6.933757804631706101e+00
8.696907465864333275e+00
1.166491921727147307e+01
8.569579701515998238e+00
1.047622455803709940e+01
1.313254880701035177e+01
7.618843334931900024e+00
1.039314745734685985e+01
8.523071539223467497e+00
1.384187163042903634e+01
8.345024212506581662e+00
1.155004666480114395e+01
6.783482236767325091e+00
1.037842295750034438e+01
1.092859646262536444e+01
1.070481879304208128e+01
1.360675277327140975e+01
8.690133399297554462e+00
1.002163049592952504e+01
1.244417936954124571e+01
1.320203229946559986e+01
1.256720371841982065e+01
1.579913541474539329e+01
7.456994363004675108e+00
7.552753732308149281e+00
1.015512196035028758e+01
1.127689937793747355e+01
1.127751644855270285e+01
1.266570767940992148e+01
9.086691655950552615e+00
8.182582670212200426e+00
6.187433197427564480e+00
1.036523261711347921e+01
8.963104540035022438e+00
9.471282820988179196e+00
5.421304478024642215e+00
9.884697832824874908e+00
1.048607300751666216e+01
8.609227353132165916e+00
8.686564424840041099e+00
9.502535688323431984e+00
7.419163340223520642e+00
1.352687270611938075e+01
7.133705033548669583e+00
1.084348186083279586e+01
6.804411189544206984e+00
1.136572362091816935e+01
8.921064259486929160e+00
1.338196066404774953e+01
6.188047026733421774e+00
9.965492555595398372e+00
1.160183217203447548e+01
8.326877087429082280e+00
1.062621371808154258e+01
7.383713032894274164e+00
1.062268200985971234e+01
1.250258540569486598e+01
8.087809121896519571e+00
9.201665568876682855e+00
1.047897183487438788e+01
9.885240058777609917e+00
1.051850304766661992e+01
9.758078421239943623e+00
8.650473080099816414e+00
9.551025947680310324e+00
9.736103005530406307e+00
9.467942428409584110e+00
1.005600662415358926e+01
8.646865981909281018e+00
1.039449455109267539e+01
7.311800984019948935e+00
1.138403967251815985e+01
9.406791255949787711e+00
1.233054996569593875e+01
1.175864113552404788e+01
5.475447638979734855e+00
1.066709726632005051e+01
1.371143913254711499e+01
9.245730661496249780e+00
1.392641665664593731e+01
7.249727358755885476e+00
1.184318165334907569e+01
1.012577660043244698e+01
7.155201692451348627e+00
5.690717300582997851e+00
6.843049333595843997e+00
8.574899634624326694e+00
9.968012744510456713e+00
1.299201378619262925e+01
1.302714316975549025e+01
1.043196115731861617e+01
9.374100740050572256e+00
6.263017009658712553e+00
1.226077211813471912e+01
1.007940795945557433e+01
1.106947488266499136e+01
1.173023687101868440e+01
1.438854763119059577e+01
1.077572624423851799e+01
9.920883876219130926e+00
1.176892052669647271e+01
1.110220209112146073e+01
1.034414787190501883e+01
1.130715324107024422e+01
1.337057130651662362e+01
7.955954214768080845e+00
1.025158956772198238e+01
7.604093850907110763e+00
1.114238309000791105e+01
6.526350136082495368e+00
1.048970584731410227e+01
1.139921603998352317e+01
8.864358741025535338e+00
8.639609321343352022e+00
7.178721379105644118e+00
1.120727044434211095e+01
1.284214558787073379e+01
1.124614588202805798e+01
1.357709850751236935e+01
8.896667939126844615e+00
5.603174059730863910e+00
1.095331114399301953e+01
8.578909094515010381e+00
1.062083437869645408e+01
7.829849422973430784e+00
9.759854461319099173e+00
1.063056387178201412e+01
8.294731083199300414e+00
9.381770162028209015e+00
1.121589322223403862e+01
9.367768702190643282e+00
1.078565915707102363e+01
9.866595979343603773e+00
1.081582840063676265e+01
7.254584787819807978e+00
1.011517974247346707e+01
1.019908699854972589e+01
1.150983890533648690e+01
8.584640302527237310e+00
1.213960519976366825e+01
8.682436666941310222e+00
7.799751341803325744e+00
8.716055814333218521e+00
1.249216216470201957e+01
9.442240709447277780e+00
8.356083178137806655e+00
1.218877243117382037e+01
7.981552138891206738e+00
9.375134872278390930e+00
1.093623001211455126e+01
1.146318964744813051e+01
9.777678446849431992e+00
9.636256193970965001e+00
7.339721993732760019e+00
8.481616636662607789e+00
7.311741722132585330e+00
9.935227279989982563e+00
6.681004953312345229e+00
9.851508426667965779e+00
8.854497083861344819e+00
7.361969486963666931e+00
6.641283710528756323e+00
6.597920284533796753e+00
7.733083118105607667e+00
8.270332259050080737e+00
7.351371640554956954e+00
6.600211720605559940e+00
1.255383242824796497e+01
1.028151199785248693e+01
1.134448418255397684e+01
9.250824617439304731e+00
9.926298854857543930e+00
8.676370060366435766e+00
1.156619134706918750e+01
1.252570425600206327e+01
9.802093264755644242e+00
1.283138222925789940e+01
6.659113733559683723e+00
1.170397063842266228e+01
6.896901112398847289e+00
1.074457673621726705e+01
7.391544777972040237e+00
9.526185946312839548e+00
1.065746797207839514e+01
1.134371189533523960e+01
9.547808754041245294e+00
1.418292760529643459e+01
5.872136047717691376e+00
5.415356573222168457e+00
1.280965956109485226e+01
8.238156950044396964e+00
6.186423898531880461e+00
6.997090300405142571e+00
1.229221970555765608e+01
1.379892380413853026e+01
7.570379257931259431e+00
1.051589420316102874e+01
8.298187148292733184e+00
9.174361837218192761e+00
9.041885756626557580e+00
5.122046143977724952e+00
1.077813320231255467e+01
1.162820330868280472e+01
1.168307696515151406e+01
6.730469464783544353e+00
8.137044731729542235e+00
9.470570318773154028e+00
8.711667765512567385e+00
8.508274050355693063e+00
1.056356658235763213e+01
8.729609727352558579e+00
1.159712291734675382e+01
8.421089548291282867e+00
1.377233756716450230e+01
1.175411253136788403e+01
8.461231278464225625e+00
5.802200370350162117e+00
5.474102539767125464e+00
1.082365482345917052e+01
1.126919102281847174e+01
5.620278259857487413e+00
5.324968990156335735e+00
9.762633903874142760e+00
9.755704130780173955e+00
1.206517589934495760e+01
9.662582270078392099e+00
1.204784327526137311e+01
1.336612461570178390e+01
1.103556442845034091e+01
1.041407394283185184e+01
1.079685377375878907e+01
7.543151560458674965e+00
9.036568621133316270e+00
1.155112615724462621e+01
7.381820312009590879e+00
1.227476053168480519e+01
7.554325877924857657e+00
8.832689324083618843e+00
8.790773761882286763e+00
9.740586368127649664e+00
8.557531564860051176e+00
1.171169062315060572e+01
5.924903455154863607e+00
1.097801685456429510e+01
1.051652276435264355e+01
9.578361776030087427e+00
9.423747008299427463e+00
9.426052436038713012e+00
7.906489119281570943e+00
1.366347629012592613e+01
1.028527151180343502e+01
1.039094233673852408e+01
1.360998659527179555e+01
7.923896239333324765e+00
7.567234819102034216e+00
1.097957309062064368e+01
8.048431919329212647e+00
1.023733775728530482e+01
8.922670660283218425e+00
1.135314923963227862e+01
8.546262533693814945e+00
6.196590263172625512e+00
1.161030758530987228e+01
1.278226745867419289e+01
1.379293239550640315e+01
1.189936105943231759e+01
1.170458212954349619e+01
1.115546880005524244e+01
9.158976547511812782e+00
5.103621399707455986e+00
8.697844995226549969e+00
9.032165715860234201e+00
9.477992910980136188e+00
1.132494131757233369e+01
8.640580952262913783e+00
7.434592660085475480e+00
7.986669332990582681e+00
1.016658435005566297e+01
7.310529139694852852e+00
8.314268330795293593e+00
7.304772234932233488e+00
6.938878809184797269e+00
1.157186921661472745e+01
9.538976711758838434e+00
6.313044652529096190e+00
8.207974350643844730e+00
9.221293971820852420e+00
1.055396717976650933e+01
8.388175881810738588e+00
7.778028797828206997e+00
7.972834905374607040e+00
1.353801624036979057e+01
6.250966851394406554e+00
8.578214976495797117e+00
5.527526796322544733e+00
1.013807469830032382e+01
8.390401022248680007e+00
7.708616805762263269e+00
1.115473014441278288e+01
1.420098857260728664e+01
8.413999340117539916e+00
8.092182912906478620e+00
1.134917858762111109e+01
8.488285651878047844e+00
8.141765911340311135e+00
1.041300057831321624e+01
9.032987782210259553e+00
9.165597376969911281e+00
8.884209894537072216e+00
8.949285903863458458e+00
6.550426036801514584e+00
7.172426030706202660e+00
8.156798299536561103e+00
7.977935543612091784e+00
1.308074830436714819e+01
7.455125843462813151e+00
1.162057918142451918e+01
8.051062814480896890e+00
1.096837338139998508e+01
8.098276720239843129e+00
7.273192972492032560e+00
9.323747884594768109e+00
1.044532062664198513e+01
7.874984923825947725e+00
7.041691906789361965e+00
8.497851110374663008e+00
1.016638205779513093e+01
8.423274820454960121e+00
1.182300454242309407e+01
1.195014005140873437e+01
1.093786846131943058e+01
1.040783250366414947e+01
6.816977185130513206e+00
1.068594378185555271e+01
9.226371698843029989e+00
6.604521677050277262e+00
9.600446815724165361e+00
1.417855890326040758e+01
1.053419405136082609e+01
8.824351818715545193e+00
8.284118591408033083e+00
1.064764836489987587e+01
9.226403067693210502e+00
1.274682800500996471e+01
1.329428782372132289e+01
6.973381324724124752e+00
9.547365174441697633e+00
9.321316418594051356e+00
1.364435057895048686e+01
5.815148652403302698e+00
9.797862123137061729e+00
1.249085585650365715e+01
7.843802822814819997e+00
1.019453846435115629e+01
8.775714722103019838e+00
5.478563701902475991e+00
8.746547680169017625e+00
1.063479904393972753e+01
1.181407729775157023e+01
1.245593310533820741e+01
6.221563089255829127e+00
9.364622927507937789e+00
9.632005093090020509e+00
