1.00
1.00
1.00
1.00
436.65
436.65
436.65
436.65
436.65
436.65
436.65
435.41
435.41
435.41
435.41
435.41
431.46
431.46
431.46
431.42
431.42
431.42
431.42
431.42
431.42
431.42
431.42
431.42
431.42
431.42
430.54
430.54
430.54
430.54
427.02
427.02
427.02
427.02
427.02
427.02
427.02
427.02
427.02
427.02
426.17
426.17
426.17
426.17
426.17
426.17
426.17
426.17
426.17
426.17
426.17
426.17
426.17
426.17
426.17
426.17
426.17
426.17
426.17
426.17
426.17
423.24
423.24
423.24
423.24
423.24
423.24
423.24
423.24
423.24
423.24
423.24
423.24
423.24
423.24
423.24
423.24
423.24
423.24
423.24
423.24
423.24
423.24
423.24
423.24
423.24
423.24
423.24
423.24
423.24
423.24
423.24
423.24
423.24
423.24
423.24
423.24
423.24
423.24
423.24
423.24
423.24
423.24
423.24
423.24
423.24
423.24
423.24
423.24
423.24
423.24
423.24
423.24
423.24
423.24
423.24
423.24
423.24
423.24
423.24
423.24
423.24
423.24
423.24
423.24
