1.00
1.00
1.00
435.66
435.66
435.66
435.66
435.66
435.66
435.66
435.66
435.66
435.66
435.66
435.66
435.66
435.66
435.66
435.66
435.66
435.66
435.66
435.66
435.66
435.66
435.66
435.66
435.66
435.66
435.66
435.66
436.49
436.49
436.49
436.49
436.49
436.49
436.49
436.49
436.49
432.85
432.85
432.85
432.85
432.85
432.85
432.85
432.85
432.85
432.85
432.85
432.85
432.85
432.85
432.85
432.85
432.85
432.85
432.85
432.85
432.45
432.45
432.45
432.45
432.45
432.45
432.45
430.16
430.16
430.16
430.16
430.16
430.16
430.16
430.16
430.16
430.16
430.16
430.16
430.16
430.16
430.16
430.16
430.16
430.16
430.16
430.16
430.16
430.16
430.16
430.16
430.16
430.16
430.16
430.16
430.16
430.16
430.16
430.16
430.16
430.16
430.16
430.16
430.16
430.16
430.16
430.16
430.16
430.16
430.16
430.16
430.16
430.16
430.16
430.16
430.16
430.16
430.16
430.16
430.16
430.16
430.16
430.16
430.16
430.16
430.16
430.16
430.16
430.16
430.16
430.16
