1.00
1.00
1.00
439.61
439.61
439.61
439.61
439.61
439.61
439.61
439.61
436.59
436.59
436.59
436.59
436.59
434.50
429.82
429.82
429.82
429.82
429.82
429.82
429.82
429.82
429.82
429.82
429.82
429.82
429.82
429.82
429.82
429.82
429.82
429.82
429.82
429.82
428.97
428.97
428.97
428.97
428.97
428.97
428.97
428.97
428.97
428.97
428.97
428.97
428.97
428.97
428.97
430.19
430.19
430.19
430.19
430.19
430.19
430.19
430.19
430.19
430.19
421.88
421.88
421.88
421.88
421.88
421.88
421.88
421.88
421.88
421.88
421.88
421.88
421.88
421.88
421.88
421.88
421.88
421.88
421.88
421.88
421.88
421.88
421.88
421.88
421.88
421.88
421.88
421.88
421.88
421.88
421.88
421.88
421.88
421.88
421.88
421.88
421.88
421.88
421.88
421.88
421.88
421.88
421.88
421.88
421.88
421.88
421.88
421.88
421.88
421.88
421.88
421.88
421.88
421.88
421.88
421.88
421.88
421.88
421.88
421.88
421.88
421.88
421.88
421.88
421.88
421.88
