442.66
442.66
442.66
443.70
443.70
443.70
443.70
441.83
441.83
441.83
437.74
437.57
434.68
433.23
429.34
429.34
429.34
429.34
429.34
430.01
430.01
430.01
430.01
430.01
430.01
430.01
430.01
430.01
430.01
430.01
430.01
430.01
430.01
430.01
430.01
430.01
430.01
430.01
430.01
430.01
430.01
430.01
430.01
430.01
430.01
430.01
430.01
430.01
430.01
430.01
430.01
430.01
430.01
430.01
430.01
430.01
430.01
430.01
430.01
428.54
428.54
428.54
428.54
428.54
428.54
428.54
428.54
428.54
428.54
428.54
428.54
428.54
428.54
428.54
428.54
428.54
428.54
428.54
428.54
428.54
428.54
428.54
428.54
428.54
428.54
428.54
428.54
428.54
428.54
428.54
428.54
428.54
428.54
428.54
428.54
428.54
428.54
428.54
428.54
428.54
428.54
428.54
428.54
428.54
428.54
428.54
428.54
428.54
428.54
428.54
428.54
428.54
428.54
428.54
428.54
428.54
428.54
428.54
428.54
428.54
428.54
428.54
428.54
428.54
428.54
428.54
428.54
428.95
