1.00
1.00
1.00
1.00
1.00
1.00
1.00
1.00
1.00
1.00
1.00
1.00
1.00
1.00
1.00
1.00
1.00
1.00
1.00
1.00
1.00
1.00
1.00
1.00
1.00
1.00
1.00
1.00
1.00
1.00
1.00
1.00
1.00
1.00
1.00
1.00
1.00
434.75
434.75
434.75
434.75
434.75
434.75
434.75
434.75
434.75
434.75
434.75
434.75
434.75
434.75
434.75
434.75
434.75
434.75
434.75
434.75
434.75
434.75
434.75
434.75
434.75
434.75
434.75
434.75
434.75
434.75
434.75
434.75
434.75
434.75
434.45
434.45
434.45
434.45
434.45
434.45
434.45
434.45
434.45
434.45
434.45
434.45
434.45
434.45
434.45
434.45
434.45
434.45
434.45
434.45
434.45
434.45
434.45
434.45
434.45
434.45
434.45
434.45
434.45
434.45
434.45
434.45
434.45
434.45
434.45
434.45
434.45
434.45
434.45
434.45
434.45
434.45
434.45
434.45
434.45
434.45
434.45
434.45
434.45
434.45
434.45
434.45
434.45
434.45
434.45
434.45
434.45
434.45
434.45
434.45
