1.00
1.00
1.00
1.00
1.00
1.00
1.00
1.00
1.00
1.00
1.00
1.00
1.00
1.00
1.00
1.00
1.00
1.00
1.00
1.00
1.00
1.00
1.00
1.00
1.00
1.00
1.00
1.00
1.00
1.00
1.00
1.00
1.00
1.00
1.00
1.00
1.00
436.41
436.41
436.41
436.41
436.41
436.41
436.41
436.41
436.41
436.41
436.41
436.41
436.29
436.29
436.29
436.29
436.29
436.29
436.29
436.29
436.29
436.29
436.29
436.29
436.29
436.29
436.29
436.29
436.29
436.29
436.29
436.29
436.29
436.29
436.29
436.29
436.29
436.29
436.29
436.29
436.29
436.29
436.29
436.29
436.29
436.29
436.29
436.29
436.29
436.29
436.29
436.29
436.29
436.29
436.29
436.29
436.29
436.29
436.29
436.29
436.29
436.29
436.29
436.29
436.29
436.29
436.29
436.29
436.29
436.29
436.29
436.29
436.29
436.29
436.29
436.29
436.29
436.29
436.29
436.29
436.29
436.29
436.29
436.29
436.29
436.29
436.29
436.29
436.29
436.29
436.29
436.29
436.29
433.59
