1.00
436.93
436.93
436.93
436.93
436.93
436.93
436.93
436.93
436.93
436.93
436.93
436.93
436.93
436.93
436.93
436.93
436.93
436.93
436.93
433.70
433.70
434.36
434.36
434.36
439.35
439.35
435.18
435.18
435.18
435.18
435.18
435.18
435.18
435.18
435.18
435.18
435.18
435.18
435.18
435.18
435.18
435.18
435.18
435.18
435.18
435.18
433.19
433.19
433.19
433.19
433.19
433.19
433.19
432.83
432.83
424.36
424.36
424.36
424.36
424.36
424.36
424.36
424.36
424.36
424.36
424.36
424.36
424.36
424.36
424.36
424.36
424.36
424.36
424.36
424.36
424.36
424.36
424.36
424.36
424.36
424.36
424.36
424.36
424.36
424.36
424.36
424.36
424.36
424.36
424.36
424.36
424.36
424.36
424.36
424.36
424.36
424.36
424.36
424.36
424.36
424.36
424.36
424.36
424.36
424.36
424.36
424.36
424.36
424.36
424.36
424.36
424.36
426.78
426.78
426.78
426.78
426.78
426.78
426.21
426.21
426.21
426.21
426.21
426.21
426.21
426.21
426.21
426.21
