0.00
0.00
0.00
0.00
0.00
0.00
0.00
0.00
0.00
0.00
0.00
0.00
0.00
0.00
73.16
73.89
73.89
73.89
73.89
73.89
73.89
73.89
73.89
72.24
72.24
72.24
72.24
72.24
72.24
72.24
72.24
72.24
72.24
72.24
72.24
72.24
72.24
72.24
72.24
72.24
72.24
72.24
72.24
72.24
72.24
72.24
72.24
72.24
72.24
72.24
72.24
72.24
72.24
72.24
72.24
72.24
72.24
72.24
72.24
72.24
72.24
72.24
72.24
72.24
72.24
72.24
72.24
72.24
72.24
72.24
72.24
72.24
72.24
72.24
72.24
72.24
72.22
72.22
72.22
72.22
72.22
72.22
72.22
72.22
72.22
72.22
72.22
72.22
72.22
72.22
72.22
72.22
72.22
72.22
72.22
72.22
72.22
72.22
72.22
72.22
72.22
72.22
72.22
72.22
72.22
72.22
72.22
72.22
72.22
72.22
72.22
72.22
72.22
72.22
72.22
72.22
72.22
72.22
72.22
72.22
72.22
72.22
72.22
72.22
