74.19
74.20
73.61
73.61
73.61
73.61
73.61
73.61
73.61
73.61
73.61
73.72
74.79
74.79
74.79
74.79
74.79
74.79
74.79
74.79
73.72
73.72
73.72
73.72
73.72
73.72
73.72
73.72
73.72
73.72
73.72
73.72
73.72
73.72
73.72
73.72
73.72
73.07
73.07
73.07
72.27
72.27
72.27
72.27
72.27
72.27
72.27
72.27
72.27
72.27
72.27
72.27
72.27
72.27
72.27
72.27
72.27
72.27
72.27
72.27
72.27
72.27
72.27
72.27
72.27
72.27
72.27
72.27
72.27
72.27
72.27
72.27
72.27
72.27
72.27
72.27
72.27
72.27
72.27
72.27
72.27
72.27
72.27
72.27
72.27
72.27
72.27
72.27
72.27
72.27
72.27
72.27
72.27
72.27
72.27
72.27
72.27
72.27
72.27
72.27
72.27
72.27
72.27
72.27
72.27
72.27
72.27
72.27
72.27
72.27
72.27
72.27
72.27
72.27
72.27
72.27
72.27
72.27
72.27
72.27
72.27
72.27
72.27
72.27
