75.02
74.79
74.79
74.79
74.78
74.12
74.12
74.12
74.12
74.12
74.12
74.12
74.12
74.12
74.12
74.12
74.12
73.74
73.74
73.74
73.74
73.74
74.16
72.98
72.98
72.98
72.98
72.98
72.98
72.98
72.98
72.98
72.98
72.98
72.98
72.98
72.98
72.98
72.98
72.98
72.98
72.98
72.98
72.98
72.98
72.98
72.98
72.98
72.98
72.98
72.98
72.98
72.98
72.98
72.98
72.98
72.98
72.98
72.98
72.98
72.98
72.98
72.98
72.98
72.98
72.98
72.98
72.98
72.98
72.98
72.98
72.98
72.98
72.98
72.98
72.98
72.98
72.98
72.98
72.98
72.98
72.98
72.98
72.98
72.98
72.98
72.98
72.98
72.98
72.98
72.98
72.98
72.98
72.98
72.98
72.98
72.98
72.98
72.98
72.98
72.98
72.98
72.98
72.98
72.98
72.98
72.98
72.98
72.98
72.98
72.98
72.98
72.98
72.98
72.98
72.98
72.98
72.98
72.98
72.98
72.98
72.98
72.98
72.98
