73.76
73.76
73.76
73.76
73.76
73.76
73.76
73.76
73.76
73.76
73.76
73.76
73.76
73.76
73.76
73.76
73.76
73.76
73.76
73.76
73.76
73.76
73.76
73.76
73.76
73.76
73.76
73.76
73.76
73.76
73.76
73.76
73.76
73.76
73.76
74.13
74.13
74.13
74.13
74.13
74.13
74.13
73.23
73.23
73.23
73.23
73.23
73.23
73.23
73.23
73.23
73.23
73.23
73.23
73.23
73.23
73.23
73.23
73.23
73.23
73.23
73.23
73.23
73.23
73.23
73.23
73.23
73.23
72.59
72.59
72.59
72.59
72.59
72.59
72.59
72.59
72.59
72.59
72.59
72.59
72.59
72.59
72.59
72.59
72.59
72.59
72.59
72.59
72.59
72.59
72.59
72.59
72.59
72.59
72.59
72.59
72.59
73.38
73.38
73.38
73.38
73.38
73.38
73.38
73.38
73.38
73.38
73.38
73.38
73.38
73.38
73.38
73.38
73.38
73.38
73.38
73.38
73.38
73.38
73.38
73.38
73.38
73.38
73.38
