0.00
73.64
73.64
73.64
73.64
73.64
73.64
73.64
73.64
73.64
73.64
73.72
73.72
73.72
73.72
73.24
73.24
73.24
73.24
73.24
73.24
73.24
73.24
73.24
73.24
73.24
73.24
73.24
73.24
73.24
73.24
73.24
73.24
73.24
73.24
73.24
73.24
73.24
73.24
73.24
73.24
73.24
73.24
73.24
73.24
73.01
73.01
73.54
73.54
73.54
73.54
73.54
73.54
73.54
73.54
73.54
73.54
73.54
73.54
73.54
73.54
73.54
73.54
73.54
73.54
73.54
73.54
73.54
73.54
73.20
73.20
73.20
73.20
73.20
73.20
73.20
73.20
73.20
73.20
73.20
73.20
73.20
73.20
73.20
73.20
73.20
73.20
73.20
73.20
73.20
73.20
73.20
73.20
73.20
73.20
73.20
73.20
73.20
73.20
73.20
73.20
73.20
73.20
73.20
73.20
73.20
73.20
73.20
73.20
73.20
73.20
73.20
73.20
73.20
73.20
73.20
73.20
73.20
73.20
72.00
72.00
72.00
72.00
72.00
