74.76
74.75
74.75
74.75
74.75
74.13
74.13
74.13
74.13
74.13
74.13
74.13
74.13
74.13
73.24
73.17
73.17
73.17
73.17
73.17
72.84
72.84
72.84
72.84
72.84
72.84
72.84
72.84
72.84
72.84
72.84
72.84
73.45
73.45
73.45
73.45
73.45
73.45
73.45
73.45
73.45
73.45
73.45
73.45
73.45
73.45
73.45
73.45
73.45
73.45
73.45
73.45
73.45
73.45
73.45
73.45
73.45
73.45
73.45
73.45
73.45
73.45
73.45
73.45
73.45
73.45
73.45
73.45
73.45
73.45
73.45
73.45
73.46
73.46
73.46
73.46
73.46
73.46
73.46
73.46
73.46
73.46
73.46
73.46
73.46
73.46
73.46
73.46
73.46
73.46
73.46
73.46
73.46
73.46
73.46
73.46
73.46
73.46
73.46
73.46
73.46
73.46
73.46
73.46
73.46
73.46
73.46
73.46
73.46
73.46
73.46
73.46
73.46
73.46
73.46
73.46
73.46
73.46
73.46
73.46
73.46
73.46
73.46
73.46
