75.43
75.43
75.43
75.43
74.85
74.11
74.37
74.37
74.20
74.20
74.20
74.20
74.20
74.20
74.20
74.20
74.20
74.20
74.20
74.20
74.20
74.20
74.20
74.20
74.20
74.20
74.20
74.20
73.89
73.89
73.89
73.89
73.89
73.89
73.89
73.89
73.89
73.89
73.89
73.89
73.89
73.89
73.89
73.89
73.89
73.89
73.89
73.89
73.89
73.89
73.89
73.89
73.89
73.89
73.89
73.89
73.89
73.89
73.89
73.89
73.89
73.89
73.89
73.89
73.89
73.89
73.89
73.89
73.89
73.89
73.89
73.52
73.52
73.52
73.52
73.52
73.52
73.52
73.52
73.52
73.52
73.52
73.52
73.52
73.52
73.52
73.52
73.52
73.52
73.52
73.52
73.52
73.52
73.52
73.52
73.52
73.52
73.52
73.52
73.52
73.52
73.52
73.52
73.52
73.52
73.52
73.52
73.52
73.52
73.52
73.52
73.52
73.52
73.52
72.86
72.86
72.86
72.86
72.86
72.86
72.86
72.86
72.86
72.86
