74.11
74.11
73.09
73.09
73.09
73.09
73.09
73.09
73.09
73.09
73.09
73.09
73.09
73.09
73.09
73.09
73.09
73.09
73.09
73.09
73.09
73.09
73.09
73.09
73.09
73.09
73.09
73.09
73.09
73.09
73.09
73.09
73.09
73.09
73.09
73.09
73.09
73.09
73.09
73.09
73.09
73.09
73.09
73.09
73.09
73.09
73.09
73.09
73.09
73.09
73.09
73.09
73.00
73.00
73.00
73.00
73.00
73.00
73.00
73.00
73.00
73.00
73.00
73.00
73.00
73.00
73.00
73.00
73.00
73.00
73.00
73.00
73.00
73.00
73.00
73.00
73.00
73.00
73.00
73.00
73.00
73.00
73.00
73.00
73.00
73.00
73.00
73.00
73.00
73.00
73.00
73.00
73.00
73.00
73.00
73.00
73.00
73.00
73.00
73.00
73.00
73.00
73.00
73.00
73.00
73.00
73.00
73.00
73.00
73.00
73.00
73.00
73.00
73.00
73.00
73.00
73.00
73.00
73.00
73.00
73.00
73.00
73.00
73.00
