1.00
2909.89
2909.89
2909.89
2909.89
2909.89
2909.89
2909.89
2909.89
2909.89
2909.89
2909.89
2909.89
2913.52
2910.45
2910.45
2920.42
2920.42
2920.42
2920.42
2940.67
2901.78
2948.45
2948.45
2913.62
2943.70
2943.70
2943.70
2943.70
2943.70
2947.15
2903.77
2903.77
2903.77
2928.33
2928.33
2928.33
2928.33
2928.33
2928.33
2928.33
2928.33
2928.33
2928.33
2928.33
2928.33
2928.33
2928.33
2928.33
2928.33
2928.33
2928.33
2928.33
2928.33
2928.33
2928.33
2928.33
2928.33
2928.33
2928.33
2928.33
2928.33
2928.33
2928.33
2928.33
2928.33
2928.33
2928.33
2928.33
2928.33
2928.33
2928.33
2928.33
2928.33
2928.33
2928.33
2928.33
2928.33
2928.33
2928.33
2928.33
2928.33
2928.33
2928.33
2928.33
2928.33
2928.33
2919.16
2919.16
2919.16
2919.16
2919.16
2919.16
2919.16
2919.16
2919.16
2919.16
2919.16
2919.16
2919.16
2919.16
2919.16
2919.16
2919.16
2919.16
2919.16
2919.16
2919.16
2919.16
2919.16
2919.16
2919.16
2919.16
2919.16
2919.16
2919.16
2919.16
2919.16
2919.16
2919.16
2919.16
2919.16
2919.16
2919.16
2919.16
2919.16
2919.16
2919.16
2919.16
2919.16
2919.16
2919.16
2919.16
2919.16
2919.16
2919.16
2919.16
2919.16
2919.16
2919.16
2919.16
2919.16
2919.16
2919.16
2919.16
2919.16
2919.16
2919.16
2919.16
2919.16
2919.16
2919.16
2919.16
2919.16
2919.16
2919.16
2919.16
2919.16
2919.16
2919.16
2919.16
2919.16
2919.16
2919.16
2919.16
2919.16
2919.16
2919.16
2919.16
2919.16
2919.16
2919.16
2919.16
2919.16
2919.16
2919.16
2919.16
2919.16
2919.16
2919.16
2919.16
2919.16
2919.16
2919.16
2919.16
2919.16
2919.16
2919.16
2919.16
2919.16
2919.16
2919.16
2919.16
2919.16
2919.16
2919.16
2919.16
2908.99
2908.99
2908.99
2908.99
2908.99
2908.99
2908.99
2908.99
2908.99
2908.99
2908.99
2908.99
2908.99
2908.99
2908.99
2908.99
2908.99
2908.99
2908.99
2908.99
2908.99
2910.13
2910.13
2918.95
2918.95
2918.95
2918.95
2906.51
2877.43
2877.43
2877.43
2877.43
2877.43
2877.43
2877.43
2877.43
2877.43
2877.43
2877.43
2872.85
2872.85
2872.85
2872.85
2872.85
2872.85
2872.85
2872.85
2872.85
2872.85
2872.85
2872.85
2872.85
2872.85
2872.85
2872.85
2872.85
2872.85
2872.85
2872.85
2872.85
2872.85
2872.85
2872.85
2872.85
2872.85
2872.85
2872.85
2872.85
2872.85
2872.85
2872.85
2872.85
2872.85
2872.85
2872.85
2872.85
2872.85
2872.85
2872.85
2872.85
2872.85
2872.85
2872.85
2872.85
2872.85
2872.85
2872.85
2872.85
2872.85
2872.85
2872.85
2872.85
2872.85
2872.85
2872.85
2872.85
2872.85
2872.85
2872.85
2872.85
2872.85
2872.85
2872.85
2872.85
2872.85
2872.85
2872.85
2872.85
2872.85
2872.85
2903.15
2903.15
2903.15
2903.15
2903.15
2903.15
