2922.05
2927.30
2927.30
2927.30
2908.05
2908.05
2908.05
2908.05
2908.05
2908.05
2908.05
2908.05
2908.05
2908.05
2908.05
2908.05
2908.05
2908.05
2908.05
2908.05
2908.05
2911.55
2911.55
2911.55
2911.55
2911.55
2911.55
2911.55
2911.55
2911.55
2911.55
2911.55
2940.80
2940.80
2940.80
2940.80
2940.80
2940.80
2954.22
2952.10
2952.10
2952.10
2952.10
2952.10
2952.10
2952.10
2952.10
2952.10
2952.10
2952.10
2952.10
2952.10
2952.10
2952.21
2952.21
2952.21
2952.21
2952.21
2952.21
2952.21
2952.21
2952.21
2952.21
2952.21
2952.21
2952.21
2952.21
2952.21
2952.21
2952.21
2952.21
2952.21
2952.21
2952.21
2952.21
2952.21
2952.21
2952.21
2952.21
2952.21
2952.21
2952.21
2952.21
2952.21
2952.21
2952.21
2952.21
2952.21
2952.21
2952.21
2952.21
2952.21
2952.21
2952.21
2952.21
2952.21
2952.21
2952.21
2939.24
2939.24
2939.24
2939.24
2939.24
2939.24
2939.24
2939.24
2939.24
2939.24
2939.24
2939.24
2939.24
2939.24
2939.24
2936.47
2936.47
2919.77
2919.77
2919.77
2919.77
2919.77
2919.77
2919.77
2919.77
2919.77
2919.77
2919.77
2919.77
2919.77
2919.77
2919.77
2919.77
2919.77
2919.77
2919.77
2919.77
2919.77
2919.77
2919.77
2919.77
2919.77
2919.77
2919.77
2919.77
2919.77
2919.77
2919.77
2919.77
2919.77
2919.77
2919.77
2919.77
2919.77
2919.77
2919.77
2919.77
2919.77
2919.77
2919.77
2919.77
2919.77
2919.77
2919.77
2919.77
2919.77
2919.77
2919.77
2919.77
2919.77
2919.77
2919.77
2919.77
2919.77
2919.77
2919.77
2919.77
2919.77
2919.77
2919.77
2919.77
2919.77
2919.77
2919.77
2919.77
2919.77
2919.77
2919.77
2919.77
2919.77
2919.77
2919.77
2919.77
2919.77
2919.77
2919.77
2919.77
2919.77
2919.77
2919.77
2919.77
2919.77
2919.77
2919.77
2919.77
2919.77
2919.77
2919.77
2919.77
2919.77
2919.77
2907.79
2907.79
2897.71
2897.71
2897.71
2897.71
2897.71
2897.71
2897.71
2897.71
2897.71
2897.71
2898.48
2905.47
2905.47
2905.47
2905.47
2905.47
2905.47
2905.47
2905.47
2905.47
2903.73
2868.87
2868.87
2868.87
2868.87
2868.87
2868.87
2868.87
2868.87
2868.87
2868.87
2868.87
2868.87
2868.87
2868.87
2868.87
2868.87
2868.87
2868.87
2868.87
2868.87
2868.87
2868.87
2868.87
2868.87
2868.87
2868.87
2868.87
2868.87
2868.87
2868.87
2868.87
2868.87
2868.87
2868.87
2868.87
2868.87
2868.87
2868.87
2868.87
2868.87
2868.87
2868.87
2868.87
2868.87
2868.87
2868.87
2868.87
2868.87
2868.87
2868.87
2868.87
2868.87
2868.87
2868.87
2868.87
2868.87
2868.87
2868.87
2868.87
2868.87
2868.87
2868.87
2868.87
2868.87
2868.87
2868.87
2868.87
2868.87
2868.87
2868.87
2868.87
2868.87
2868.87
2868.87
2868.87
2868.87
