2930.75
2930.75
2930.75
2930.75
2930.75
2930.75
2930.75
2930.75
2930.75
2930.75
2930.75
2930.75
2930.75
2930.75
2930.75
2930.75
2930.75
2930.75
2930.75
2930.75
2930.75
2930.75
2930.75
2930.75
2930.75
2930.75
2930.75
2930.75
2930.75
2930.75
2930.75
2939.21
2939.21
2939.21
2939.21
2939.21
2939.21
2939.21
2939.21
2939.21
2939.21
2939.21
2939.21
2939.21
2939.21
2939.21
2939.21
2939.21
2939.21
2939.21
2939.21
2939.21
2939.21
2939.21
2939.21
2939.21
2939.21
2939.21
2939.21
2939.21
2939.21
2939.21
2939.21
2939.21
2939.21
2939.21
2939.21
2939.21
2939.21
2939.21
2939.21
2939.21
2939.21
2939.21
2939.21
2939.21
2939.21
2939.21
2939.21
2921.56
2921.56
2921.56
2933.29
2921.61
2921.61
2921.61
2921.61
2921.61
2921.61
2921.61
2921.61
2943.69
2943.69
2943.69
2943.69
2943.69
2943.69
2943.69
2943.69
2943.69
2943.69
2943.69
2943.69
2943.69
2943.69
2943.69
2943.69
2943.69
2943.69
2943.69
2943.69
2943.69
2943.69
2943.69
2943.69
2943.69
2943.69
2943.69
2943.69
2943.69
2943.69
2943.69
2943.69
2943.69
2943.69
2943.69
2943.69
2943.69
2943.69
2943.69
2943.69
2943.69
2943.69
2943.69
2943.69
2943.69
2943.69
2943.69
2943.69
2943.69
2943.69
2943.69
2943.69
2943.69
2943.69
2943.69
2943.69
2943.69
2943.69
2943.69
2943.69
2943.69
2943.69
2943.69
2943.69
2943.69
2943.69
2943.69
2943.69
2943.69
2943.69
2943.69
2943.69
2943.69
2943.69
2943.69
2943.69
2943.69
2943.69
2943.69
2943.69
2943.69
2943.69
2943.69
2943.69
2943.69
2943.69
2943.69
2943.69
2943.69
2943.69
2943.69
2943.69
2943.69
2943.69
2943.69
2943.69
2943.69
2943.69
2943.69
2943.69
2943.69
2943.69
2943.69
2943.69
2943.69
2943.69
2943.69
2943.69
2943.69
2943.69
2943.69
2943.69
2943.69
2943.69
2943.69
2943.69
2943.69
2943.69
2943.69
2943.69
2943.69
2943.69
2943.69
2943.69
2943.69
2943.69
2943.69
2925.16
2925.16
2925.16
2925.16
2925.16
2915.78
2915.78
2915.78
2915.78
2915.78
2915.78
2915.78
2915.78
2924.90
2924.90
2924.90
2924.90
2922.42
2922.42
2922.42
2922.42
2922.42
2922.42
2922.42
2922.42
2922.42
2922.42
2922.42
2922.42
2922.42
2922.42
2922.42
2922.42
2922.42
2922.42
2922.42
2922.42
2922.42
2922.42
2922.42
2922.42
2922.42
2922.42
2922.42
2922.42
2922.42
2922.42
2922.42
2922.42
2922.42
2922.42
2922.42
2922.42
2922.42
2922.42
2922.42
2922.42
2922.42
2922.42
2922.42
2922.42
2922.42
2922.42
2922.42
2922.42
2922.61
2932.89
2932.89
2932.89
2932.89
2932.89
2932.89
2932.89
2932.89
2932.89
2932.89
2932.89
2932.89
2932.89
2932.89
2932.89
2932.89
2932.89
2932.89
2932.89
2932.89
2932.89
2947.92
2947.92
2947.92
2947.92
