1.00
2956.97
2956.97
2956.00
2956.00
2956.00
2958.19
2958.19
2958.19
2958.19
2958.19
2947.79
2934.23
2934.23
2934.23
2934.23
2934.23
2934.23
2934.23
2934.23
2934.23
2934.23
2934.23
2934.23
2934.23
2934.23
2934.23
2934.23
2934.23
2934.23
2934.23
2934.23
2934.23
2934.23
2934.23
2934.23
2934.23
2934.23
2934.23
2934.23
2934.23
2934.23
2934.23
2934.23
2934.23
2934.23
2934.23
2934.23
2934.23
2934.23
2934.23
2934.23
2934.23
2934.23
2934.23
2934.23
2934.23
2934.23
2934.23
2934.23
2934.23
2934.23
2934.23
2934.23
2932.20
2952.60
2952.60
2952.60
2952.60
2952.60
2952.60
2952.60
2952.60
2952.60
2952.60
2952.60
2952.60
2952.60
2952.60
2952.60
2952.60
2952.60
2952.60
2952.60
2952.60
2952.60
2952.60
2952.60
2952.60
2952.60
2952.60
2952.60
2952.60
2952.60
2952.60
2952.60
2952.60
2952.60
2952.60
2952.60
2952.60
2952.60
2952.60
2952.60
2952.60
2952.60
2952.60
2952.60
2952.60
2952.60
2952.60
2952.60
2952.60
2952.60
2952.60
2952.60
2952.60
2952.60
2952.60
2952.60
2952.60
2952.60
2952.60
2952.60
2952.60
2952.60
2952.60
2952.60
2952.60
2952.60
2952.60
2952.60
2952.60
2952.60
2952.60
2952.60
2952.60
2952.60
2952.60
2952.60
2952.60
2952.60
2952.60
2952.60
2952.60
2952.60
2952.60
2952.60
2952.60
2952.60
2952.60
2952.60
2952.60
2952.60
2952.60
2952.60
2952.60
2952.60
2952.60
2952.60
2952.60
2952.60
2952.60
2952.60
2952.60
2952.60
2952.60
2952.60
2952.60
2952.60
2952.60
2952.60
2952.60
2952.60
2952.60
2952.60
2952.60
2952.60
2952.60
2952.60
2952.60
2952.60
2952.60
2952.60
2952.60
2952.60
2952.60
2952.60
2952.60
2952.60
2952.60
2952.60
2952.60
2952.60
2952.60
2952.60
2952.60
2952.60
2952.60
2952.60
2952.60
2952.60
2952.60
2952.60
2952.60
2952.60
2952.60
2952.60
2952.60
2952.60
2952.60
2952.60
2952.60
2952.60
2952.60
2952.60
2952.60
2952.60
2942.61
2991.08
2991.08
2991.08
2991.08
2973.99
2973.99
2973.99
2973.99
2973.99
2973.99
2973.99
2973.99
2973.99
2973.99
2973.99
2973.99
2973.99
2973.99
2957.42
2971.74
2971.74
2965.47
2965.47
2965.47
2965.47
2965.47
2965.47
2965.47
2948.48
2948.48
2948.48
2948.48
2948.48
2948.48
2948.48
2948.48
2948.48
2948.48
2948.48
2948.48
2948.48
2948.48
2948.48
2948.48
2948.48
2948.48
2948.48
2952.05
2952.05
2952.05
2952.05
2927.02
2927.02
2927.02
2927.02
2927.02
2927.02
2927.02
2927.02
2918.67
2918.67
2918.67
2918.67
2918.67
2918.67
2918.67
2918.67
2918.67
2918.67
2918.67
2918.67
2950.79
2950.79
2950.79
2950.79
2950.79
2950.79
2950.79
2950.79
2950.79
2950.79
2950.79
2950.79
2950.79
2950.79
2950.79
2950.79
2950.79
2950.79
2929.08
2929.08
2929.08
2929.08
2929.08
2929.08
