[0.000e+00 9.000e-01 1.092e+00 1.500e+00 1.000e-06 5.000e-01 1.000e+00
 5.000e-03 1.000e-03 1.000e-03 5.000e-01 5.000e+00 2.400e+04 5.000e+00
 1.000e-02]
[6.66666667e-01 9.00000000e-01 1.09200000e+00 1.50000000e+00
 1.00000000e-06 5.00000000e-01 1.00000000e+00 5.00000000e-03
 1.00000000e-03 1.00000000e-03 5.00000000e-01 5.00000000e+00
 2.40000000e+04 5.00000000e+00 1.00000000e-02]
[1.33333333e+00 9.00000000e-01 1.09200000e+00 1.50000000e+00
 1.00000000e-06 5.00000000e-01 1.00000000e+00 5.00000000e-03
 1.00000000e-03 1.00000000e-03 5.00000000e-01 5.00000000e+00
 2.40000000e+04 5.00000000e+00 1.00000000e-02]
