0.00 1.00 -17568.66 -17568.66 422.67 2927.44
1.00 2.00 -17564.97 -17564.97 422.00 2939.28
2.00 2.00 -17564.97 -17595.70 422.00 2939.28
3.00 3.00 -17562.51 -17562.51 421.56 2907.33
4.00 4.00 -17552.42 -17552.42 419.76 2922.45
5.00 4.00 -17552.42 -17579.62 419.76 2922.45
6.00 4.00 -17552.42 -17586.17 419.76 2922.45
7.00 4.00 -17552.42 -17602.77 419.76 2922.45
8.00 4.00 -17552.42 -17559.61 419.76 2922.45
9.00 4.00 -17552.42 -17568.96 419.76 2922.45
10.00 4.00 -17552.42 -17562.20 419.76 2922.45
11.00 4.00 -17552.42 -17586.83 419.76 2922.45
12.00 4.00 -17552.42 -17571.80 419.76 2922.45
13.00 4.00 -17552.42 -17566.34 419.76 2922.45
14.00 4.00 -17552.42 -17560.65 419.76 2922.45
15.00 4.00 -17552.42 -17577.15 419.76 2922.45
16.00 4.00 -17552.42 -17581.95 419.76 2922.45
17.00 5.00 -26090.72 -26090.72 420.71 2932.00
18.00 6.00 -26066.07 -26066.07 417.76 2922.91
19.00 6.00 -26066.07 -26085.80 417.76 2922.91
20.00 6.00 -26066.07 -26126.82 417.76 2922.91
21.00 7.00 -26051.01 -26051.01 415.96 2909.79
22.00 7.00 -26051.01 -26083.64 415.96 2909.79
23.00 7.00 -26051.01 -26063.14 415.96 2909.79
24.00 7.00 -26051.01 -26101.10 415.96 2909.79
25.00 7.00 -26051.01 -26063.69 415.96 2909.79
26.00 7.00 -26051.01 -26059.66 415.96 2909.79
27.00 7.00 -26051.01 -26095.30 415.96 2909.79
28.00 7.00 -26051.01 -26062.26 415.96 2909.79
29.00 7.00 -26051.01 -26072.44 415.96 2909.79
30.00 7.00 -26051.01 -26054.32 415.96 2909.79
31.00 7.00 -26051.01 -26081.94 415.96 2909.79
32.00 8.00 -26037.71 -26037.71 414.38 2919.09
33.00 8.00 -26037.71 -26094.51 414.38 2919.09
34.00 8.00 -26037.71 -26067.84 414.38 2919.09
35.00 8.00 -26037.71 -26088.76 414.38 2919.09
36.00 8.00 -26037.71 -26059.70 414.38 2919.09
37.00 8.00 -26037.71 -26111.15 414.38 2919.09
38.00 9.00 -26036.49 -26036.49 414.24 2930.32
39.00 9.00 -26036.49 -26047.79 414.24 2930.32
40.00 10.00 -26027.01 -26027.01 413.12 2963.18
41.00 10.00 -26027.01 -26066.91 413.12 2963.18
42.00 10.00 -26027.01 -26051.09 413.12 2963.18
43.00 10.00 -26027.01 -26079.51 413.12 2963.18
44.00 10.00 -26027.01 -26059.92 413.12 2963.18
45.00 10.00 -26027.01 -26059.21 413.12 2963.18
46.00 10.00 -26027.01 -26074.41 413.12 2963.18
47.00 10.00 -26027.01 -26043.79 413.12 2963.18
48.00 10.00 -26027.01 -26053.48 413.12 2963.18
