0.00 1.00 -23660.42 -23660.42 424.64 2925.48
1.00 1.00 -23660.42 -23671.28 424.64 2925.48
2.00 2.00 -23659.64 -23659.64 424.54 2916.74
3.00 2.00 -23659.64 -23663.21 424.54 2916.74
4.00 3.00 -23658.66 -23658.66 424.40 2934.54
5.00 4.00 -23640.17 -23640.17 421.93 2933.49
6.00 4.00 -23640.17 -23660.48 421.93 2933.49
7.00 4.00 -23640.17 -23651.76 421.93 2933.49
8.00 4.00 -23640.17 -23641.38 421.93 2933.49
9.00 5.00 -23624.25 -23624.25 419.82 2933.16
10.00 5.00 -23624.25 -23627.71 419.82 2933.16
11.00 5.00 -23624.25 -23626.90 419.82 2933.16
12.00 5.00 -23624.25 -23636.83 419.82 2933.16
13.00 5.00 -23624.25 -23654.94 419.82 2933.16
14.00 5.00 -23624.25 -23638.18 419.82 2933.16
15.00 6.00 -23616.74 -23616.74 418.82 2930.64
16.00 6.00 -23616.74 -23644.74 418.82 2930.64
17.00 6.00 -26105.91 -26115.70 418.82 2930.64
18.00 6.00 -26105.91 -26113.23 418.82 2930.64
19.00 7.00 -26086.93 -26086.93 420.26 2931.32
20.00 8.00 -26076.72 -26076.72 419.03 2921.21
21.00 9.00 -26078.95 -26078.95 419.30 2925.11
22.00 9.00 -26078.95 -26112.54 419.30 2925.11
23.00 9.00 -26078.95 -26092.36 419.30 2925.11
24.00 9.00 -26078.95 -26104.31 419.30 2925.11
25.00 9.00 -26078.95 -26123.03 419.30 2925.11
26.00 10.00 -26068.40 -26068.40 418.04 2915.47
27.00 11.00 -26048.94 -26048.94 415.72 2941.95
28.00 11.00 -26048.94 -26125.74 415.72 2941.95
29.00 11.00 -26048.94 -26063.58 415.72 2941.95
30.00 11.00 -26048.94 -26076.90 415.72 2941.95
31.00 11.00 -26048.94 -26097.11 415.72 2941.95
32.00 11.00 -26048.94 -26077.93 415.72 2941.95
33.00 12.00 -26026.11 -26026.11 413.01 2903.95
34.00 12.00 -26026.11 -26072.43 413.01 2903.95
35.00 12.00 -26026.11 -26069.65 413.01 2903.95
36.00 12.00 -26026.11 -26069.19 413.01 2903.95
37.00 12.00 -26026.11 -26055.21 413.01 2903.95
38.00 12.00 -26026.11 -26052.67 413.01 2903.95
39.00 12.00 -26026.11 -26093.23 413.01 2903.95
40.00 12.00 -26026.11 -26037.38 413.01 2903.95
41.00 12.00 -26026.11 -26060.00 413.01 2903.95
42.00 12.00 -26026.11 -26086.46 413.01 2903.95
43.00 12.00 -26026.11 -26045.51 413.01 2903.95
44.00 12.00 -26026.11 -26037.04 413.01 2903.95
45.00 12.00 -26026.11 -26074.52 413.01 2903.95
46.00 12.00 -26026.11 -26084.53 413.01 2903.95
47.00 12.00 -26026.11 -26078.25 413.01 2903.95
48.00 12.00 -26026.11 -26038.37 413.01 2903.95
