0.00 1.00 -13059.10 -13059.10 424.03 2938.47
1.00 2.00 -13057.11 -13057.11 423.55 2922.57
2.00 3.00 -13030.47 -13030.47 417.15 2912.00
3.00 4.00 -13024.05 -13024.05 415.62 2904.49
4.00 5.00 -13021.29 -13021.29 414.96 2916.47
5.00 5.00 -13021.29 -13045.13 414.96 2916.47
6.00 5.00 -13021.29 -13044.22 414.96 2916.47
7.00 5.00 -13021.29 -13046.21 414.96 2916.47
8.00 5.00 -13021.29 -13031.30 414.96 2916.47
9.00 6.00 -13014.16 -13014.16 413.27 2912.86
10.00 6.00 -13014.16 -13027.09 413.27 2912.86
11.00 6.00 -13014.16 -13060.24 413.27 2912.86
12.00 6.00 -13014.16 -13033.67 413.27 2912.86
13.00 6.00 -13014.16 -13037.25 413.27 2912.86
14.00 6.00 -13014.16 -13026.77 413.27 2912.86
15.00 6.00 -13014.16 -13033.58 413.27 2912.86
16.00 6.00 -13014.16 -13028.64 413.27 2912.86
17.00 6.00 -26043.24 -26056.73 413.27 2912.86
18.00 6.00 -26043.24 -26077.10 413.27 2912.86
19.00 7.00 -26040.14 -26040.14 414.67 2917.73
20.00 7.00 -26040.14 -26082.64 414.67 2917.73
21.00 7.00 -26040.14 -26049.98 414.67 2917.73
22.00 7.00 -26040.14 -26048.47 414.67 2917.73
23.00 7.00 -26040.14 -26049.63 414.67 2917.73
24.00 7.00 -26040.14 -26049.46 414.67 2917.73
25.00 7.00 -26040.14 -26053.69 414.67 2917.73
26.00 7.00 -26040.14 -26061.60 414.67 2917.73
27.00 7.00 -26040.14 -26080.89 414.67 2917.73
28.00 7.00 -26040.14 -26052.75 414.67 2917.73
29.00 7.00 -26040.14 -26050.50 414.67 2917.73
30.00 7.00 -26040.14 -26057.96 414.67 2917.73
31.00 7.00 -26040.14 -26065.70 414.67 2917.73
32.00 7.00 -26040.14 -26081.30 414.67 2917.73
33.00 7.00 -26040.14 -26096.07 414.67 2917.73
34.00 7.00 -26040.14 -26042.50 414.67 2917.73
35.00 7.00 -26040.14 -26083.44 414.67 2917.73
36.00 8.00 -26031.38 -26031.38 413.63 2912.18
37.00 8.00 -26031.38 -26071.11 413.63 2912.18
38.00 9.00 -26002.11 -26002.11 410.19 2938.63
39.00 9.00 -26002.11 -26023.61 410.19 2938.63
40.00 9.00 -26002.11 -26052.10 410.19 2938.63
41.00 9.00 -26002.11 -26010.60 410.19 2938.63
42.00 9.00 -26002.11 -26026.53 410.19 2938.63
43.00 9.00 -26002.11 -26025.08 410.19 2938.63
44.00 9.00 -26002.11 -26005.83 410.19 2938.63
45.00 9.00 -26002.11 -26041.75 410.19 2938.63
46.00 9.00 -26002.11 -26023.64 410.19 2938.63
47.00 9.00 -26002.11 -26011.42 410.19 2938.63
48.00 9.00 -26002.11 -26015.60 410.19 2938.63
