0.00 1.00 -21399.82 -21399.82 420.22 2913.00
1.00 1.00 -21399.82 -21415.74 420.22 2913.00
2.00 1.00 -21399.82 -21409.81 420.22 2913.00
3.00 1.00 -21399.82 -21417.43 420.22 2913.00
4.00 1.00 -21399.82 -21426.55 420.22 2913.00
5.00 1.00 -21399.82 -21418.73 420.22 2913.00
6.00 2.00 -21398.66 -21398.66 420.06 2936.20
7.00 2.00 -21398.66 -21426.74 420.06 2936.20
8.00 3.00 -21389.22 -21389.22 418.68 2925.01
9.00 3.00 -21389.22 -21416.02 418.68 2925.01
10.00 4.00 -21389.91 -21389.91 418.78 2931.58
11.00 4.00 -21389.91 -21393.29 418.78 2931.58
12.00 4.00 -21389.91 -21408.23 418.78 2931.58
13.00 4.00 -21389.91 -21407.61 418.78 2931.58
14.00 5.00 -21371.91 -21371.91 416.16 2912.36
15.00 5.00 -21371.91 -21395.11 416.16 2912.36
16.00 5.00 -21371.91 -21390.29 416.16 2912.36
17.00 5.00 -26063.80 -26097.69 416.16 2912.36
18.00 6.00 -26038.17 -26038.17 414.44 2931.38
19.00 7.00 -26033.18 -26033.18 413.85 2925.03
20.00 7.00 -26033.18 -26055.63 413.85 2925.03
21.00 7.00 -26033.18 -26069.27 413.85 2925.03
22.00 7.00 -26033.18 -26049.95 413.85 2925.03
23.00 7.00 -26033.18 -26038.84 413.85 2925.03
24.00 7.00 -26033.18 -26046.92 413.85 2925.03
25.00 8.00 -26026.78 -26026.78 413.09 2919.60
26.00 8.00 -26026.78 -26035.69 413.09 2919.60
27.00 8.00 -26026.78 -26059.34 413.09 2919.60
28.00 8.00 -26026.78 -26061.13 413.09 2919.60
29.00 8.00 -26026.78 -26040.22 413.09 2919.60
30.00 9.00 -26000.51 -26000.51 410.00 2924.17
31.00 9.00 -26000.51 -26025.87 410.00 2924.17
32.00 10.00 -25994.92 -25994.92 409.34 2930.27
33.00 11.00 -25990.42 -25990.42 408.82 2929.88
34.00 11.00 -25990.42 -25998.60 408.82 2929.88
35.00 11.00 -25990.42 -25993.32 408.82 2929.88
36.00 11.00 -25990.42 -25999.64 408.82 2929.88
37.00 11.00 -25990.42 -25991.83 408.82 2929.88
38.00 11.00 -25990.42 -25993.41 408.82 2929.88
39.00 12.00 -25985.76 -25985.76 408.27 2938.26
40.00 12.00 -25985.76 -25987.04 408.27 2938.26
41.00 12.00 -25985.76 -25996.38 408.27 2938.26
42.00 12.00 -25985.76 -26019.02 408.27 2938.26
43.00 12.00 -25985.76 -26015.70 408.27 2938.26
44.00 12.00 -25985.76 -26016.36 408.27 2938.26
45.00 12.00 -25985.76 -25987.15 408.27 2938.26
46.00 12.00 -25985.76 -25990.15 408.27 2938.26
47.00 12.00 -25985.76 -26000.81 408.27 2938.26
48.00 12.00 -25985.76 -25990.20 408.27 2938.26
