0.00 1.00 -19380.76 -19380.76 419.97 2925.71
1.00 2.00 -19375.45 -19375.45 419.11 2910.57
2.00 3.00 -19364.28 -19364.28 417.32 2933.66
3.00 4.00 -19351.95 -19351.95 415.34 2901.16
4.00 4.00 -19351.95 -19428.93 415.34 2901.16
5.00 4.00 -19351.95 -19377.53 415.34 2901.16
6.00 4.00 -19351.95 -19358.68 415.34 2901.16
7.00 4.00 -19351.95 -19409.25 415.34 2901.16
8.00 4.00 -19351.95 -19394.30 415.34 2901.16
9.00 4.00 -19351.95 -19385.82 415.34 2901.16
10.00 5.00 -19337.73 -19337.73 413.07 2902.98
11.00 6.00 -19329.44 -19329.44 411.76 2880.48
12.00 7.00 -19326.85 -19326.85 411.35 2881.95
13.00 7.00 -19326.85 -19335.31 411.35 2881.95
14.00 7.00 -19326.85 -19333.06 411.35 2881.95
15.00 7.00 -19326.85 -19340.81 411.35 2881.95
16.00 7.00 -19326.85 -19333.96 411.35 2881.95
17.00 8.00 -26019.29 -26019.29 412.21 2902.43
18.00 8.00 -26019.29 -26037.08 412.21 2902.43
19.00 8.00 -26019.29 -26038.72 412.21 2902.43
20.00 8.00 -26019.29 -26080.42 412.21 2902.43
21.00 8.00 -26019.29 -26026.73 412.21 2902.43
22.00 9.00 -26014.11 -26014.11 411.60 2902.87
23.00 9.00 -26014.11 -26025.09 411.60 2902.87
24.00 9.00 -26014.11 -26031.57 411.60 2902.87
25.00 9.00 -26014.11 -26030.02 411.60 2902.87
26.00 10.00 -26000.66 -26000.66 410.01 2898.63
27.00 10.00 -26000.66 -26029.88 410.01 2898.63
28.00 10.00 -26000.66 -26023.50 410.01 2898.63
29.00 10.00 -26000.66 -26016.11 410.01 2898.63
30.00 10.00 -26000.66 -26022.78 410.01 2898.63
31.00 10.00 -26000.66 -26008.73 410.01 2898.63
32.00 10.00 -26000.66 -26003.89 410.01 2898.63
33.00 11.00 -25990.03 -25990.03 408.77 2897.81
34.00 12.00 -25982.09 -25982.09 407.84 2924.76
35.00 12.00 -25982.09 -25997.45 407.84 2924.76
36.00 12.00 -25982.09 -25991.93 407.84 2924.76
37.00 12.00 -25982.09 -25993.29 407.84 2924.76
38.00 12.00 -25982.09 -26012.08 407.84 2924.76
39.00 12.00 -25982.09 -26001.40 407.84 2924.76
40.00 12.00 -25982.09 -26032.10 407.84 2924.76
41.00 12.00 -25982.09 -26012.17 407.84 2924.76
42.00 12.00 -25982.09 -26026.63 407.84 2924.76
43.00 12.00 -25982.09 -26002.13 407.84 2924.76
44.00 12.00 -25982.09 -26042.51 407.84 2924.76
45.00 12.00 -25982.09 -25994.79 407.84 2924.76
46.00 12.00 -25982.09 -26030.32 407.84 2924.76
47.00 12.00 -25982.09 -26001.05 407.84 2924.76
48.00 12.00 -25982.09 -26008.56 407.84 2924.76
