0.00 1.00 -15894.30 -15894.30 419.10 2923.49
1.00 2.00 -15893.03 -15893.03 418.85 2930.54
2.00 3.00 -15875.07 -15875.07 415.34 2921.46
3.00 3.00 -15875.07 -15889.56 415.34 2921.46
4.00 3.00 -15875.07 -15876.30 415.34 2921.46
5.00 3.00 -15875.07 -15881.55 415.34 2921.46
6.00 4.00 -15873.42 -15873.42 415.02 2901.33
7.00 4.00 -15873.42 -15884.89 415.02 2901.33
8.00 5.00 -15869.61 -15869.61 414.27 2905.11
9.00 6.00 -15854.57 -15854.57 411.36 2905.24
10.00 6.00 -15854.57 -15866.02 411.36 2905.24
11.00 6.00 -15854.57 -15877.65 411.36 2905.24
12.00 6.00 -15854.57 -15868.24 411.36 2905.24
13.00 6.00 -15854.57 -15868.76 411.36 2905.24
14.00 6.00 -15854.57 -15871.22 411.36 2905.24
15.00 7.00 -15845.16 -15845.16 409.55 2898.31
16.00 8.00 -15833.71 -15833.71 407.36 2897.62
17.00 8.00 -25991.39 -26014.05 407.36 2897.62
18.00 8.00 -25991.39 -26023.78 407.36 2897.62
19.00 8.00 -25991.39 -26024.28 407.36 2897.62
20.00 9.00 -25990.41 -25990.41 408.82 2908.29
21.00 9.00 -25990.41 -26005.94 408.82 2908.29
22.00 10.00 -25971.70 -25971.70 406.63 2903.40
23.00 10.00 -25971.70 -26010.54 406.63 2903.40
24.00 10.00 -25971.70 -26005.51 406.63 2903.40
25.00 10.00 -25971.70 -26001.67 406.63 2903.40
26.00 10.00 -25971.70 -26016.09 406.63 2903.40
27.00 10.00 -25971.70 -25999.93 406.63 2903.40
28.00 10.00 -25971.70 -25999.22 406.63 2903.40
29.00 10.00 -25971.70 -26013.54 406.63 2903.40
30.00 10.00 -25971.70 -25985.60 406.63 2903.40
31.00 10.00 -25971.70 -25998.62 406.63 2903.40
32.00 10.00 -25971.70 -26021.56 406.63 2903.40
33.00 10.00 -25971.70 -26008.10 406.63 2903.40
34.00 10.00 -25971.70 -26017.28 406.63 2903.40
35.00 10.00 -25971.70 -25982.24 406.63 2903.40
36.00 10.00 -25971.70 -25982.01 406.63 2903.40
37.00 10.00 -25971.70 -26005.92 406.63 2903.40
38.00 10.00 -25971.70 -26001.18 406.63 2903.40
39.00 10.00 -25971.70 -26014.50 406.63 2903.40
40.00 10.00 -25971.70 -25974.70 406.63 2903.40
41.00 10.00 -25971.70 -26012.94 406.63 2903.40
42.00 10.00 -25971.70 -26014.60 406.63 2903.40
43.00 10.00 -25971.70 -25982.87 406.63 2903.40
44.00 10.00 -25971.70 -26014.44 406.63 2903.40
45.00 10.00 -25971.70 -25997.33 406.63 2903.40
46.00 10.00 -25971.70 -26013.48 406.63 2903.40
47.00 10.00 -25971.70 -25974.99 406.63 2903.40
48.00 10.00 -25971.70 -26009.76 406.63 2903.40
