0.00 1.00 -14377.28 -14377.28 415.09 2945.13
1.00 1.00 -14377.28 -14387.24 415.09 2945.13
2.00 1.00 -14377.28 -14390.75 415.09 2945.13
3.00 1.00 -14377.28 -14408.95 415.09 2945.13
4.00 1.00 -14377.28 -14395.54 415.09 2945.13
5.00 2.00 -14376.19 -14376.19 414.86 2937.54
6.00 3.00 -14375.80 -14375.80 414.77 2916.40
7.00 4.00 -14368.05 -14368.05 413.11 2909.54
8.00 4.00 -14368.05 -14378.95 413.11 2909.54
9.00 4.00 -14368.05 -14389.31 413.11 2909.54
10.00 4.00 -14368.05 -14382.07 413.11 2909.54
11.00 4.00 -14368.05 -14376.16 413.11 2909.54
12.00 4.00 -14368.05 -14388.06 413.11 2909.54
13.00 4.00 -14368.05 -14376.77 413.11 2909.54
14.00 5.00 -14360.83 -14360.83 411.57 2904.19
15.00 5.00 -14360.83 -14364.95 411.57 2904.19
16.00 6.00 -14352.92 -14352.92 409.89 2914.28
17.00 7.00 -26007.61 -26007.61 410.83 2911.33
18.00 7.00 -26007.61 -26049.55 410.83 2911.33
19.00 8.00 -26005.52 -26005.52 410.59 2918.45
20.00 9.00 -25969.18 -25969.18 406.34 2898.27
21.00 9.00 -25969.18 -25990.07 406.34 2898.27
22.00 9.00 -25969.18 -25980.55 406.34 2898.27
23.00 9.00 -25969.18 -25976.56 406.34 2898.27
24.00 9.00 -25969.18 -25993.17 406.34 2898.27
25.00 10.00 -25961.41 -25961.41 405.44 2953.97
26.00 10.00 -25961.41 -26013.75 405.44 2953.97
27.00 10.00 -25961.41 -25965.40 405.44 2953.97
28.00 10.00 -25961.41 -25970.89 405.44 2953.97
29.00 10.00 -25961.41 -25986.89 405.44 2953.97
30.00 10.00 -25961.41 -26016.92 405.44 2953.97
31.00 10.00 -25961.41 -25991.01 405.44 2953.97
32.00 10.00 -25961.41 -26023.60 405.44 2953.97
33.00 10.00 -25961.41 -26058.00 405.44 2953.97
34.00 10.00 -25961.41 -25991.86 405.44 2953.97
35.00 10.00 -25961.41 -25967.87 405.44 2953.97
36.00 10.00 -25961.41 -26000.62 405.44 2953.97
37.00 10.00 -25961.41 -25979.97 405.44 2953.97
38.00 10.00 -25961.41 -25978.53 405.44 2953.97
39.00 10.00 -25961.41 -25988.09 405.44 2953.97
40.00 10.00 -25961.41 -25980.32 405.44 2953.97
41.00 10.00 -25961.41 -25981.76 405.44 2953.97
42.00 10.00 -25961.41 -26004.52 405.44 2953.97
43.00 10.00 -25961.41 -26024.59 405.44 2953.97
44.00 10.00 -25961.41 -25973.21 405.44 2953.97
45.00 10.00 -25961.41 -25967.20 405.44 2953.97
46.00 10.00 -25961.41 -26027.53 405.44 2953.97
47.00 10.00 -25961.41 -25991.82 405.44 2953.97
48.00 11.00 -25953.60 -25953.60 404.53 2901.56
