0.00 1.00 -26076.06 -26076.06 418.95 2916.99
1.00 1.00 -26076.06 -26103.30 418.95 2916.99
2.00 1.00 -26076.06 -26085.56 418.95 2916.99
3.00 1.00 -26076.06 -26095.66 418.95 2916.99
4.00 2.00 -26060.15 -26060.15 417.05 2906.98
5.00 3.00 -26050.64 -26050.64 415.92 2924.55
6.00 3.00 -26050.64 -26061.44 415.92 2924.55
7.00 3.00 -26050.64 -26064.05 415.92 2924.55
8.00 3.00 -26050.64 -26057.99 415.92 2924.55
9.00 3.00 -26050.64 -26056.23 415.92 2924.55
10.00 4.00 -26043.34 -26043.34 415.05 2901.38
11.00 4.00 -26043.34 -26113.05 415.05 2901.38
12.00 4.00 -26043.34 -26096.79 415.05 2901.38
13.00 5.00 -26040.78 -26040.78 414.75 2914.16
14.00 6.00 -26021.97 -26021.97 412.52 2908.55
15.00 7.00 -25999.62 -25999.62 409.89 2913.39
16.00 8.00 -25996.12 -25996.12 409.48 2899.63
17.00 8.00 -26006.73 -26013.54 409.48 2899.63
18.00 8.00 -26006.73 -26026.42 409.48 2899.63
19.00 9.00 -26005.19 -26005.19 410.55 2929.70
20.00 10.00 -25987.82 -25987.82 408.51 2889.90
21.00 10.00 -25987.82 -25992.98 408.51 2889.90
22.00 10.00 -25987.82 -25990.09 408.51 2889.90
23.00 10.00 -25987.82 -25999.25 408.51 2889.90
24.00 10.00 -25987.82 -26005.16 408.51 2889.90
25.00 11.00 -25966.72 -25966.72 406.05 2896.69
26.00 12.00 -25949.58 -25949.58 404.07 2904.41
27.00 12.00 -25949.58 -25974.51 404.07 2904.41
28.00 12.00 -25949.58 -25965.98 404.07 2904.41
29.00 12.00 -25949.58 -25954.18 404.07 2904.41
30.00 12.00 -25949.58 -25983.19 404.07 2904.41
31.00 12.00 -25949.58 -25964.97 404.07 2904.41
32.00 12.00 -25949.58 -25957.11 404.07 2904.41
33.00 12.00 -25949.58 -25975.75 404.07 2904.41
34.00 12.00 -25949.58 -25966.19 404.07 2904.41
35.00 12.00 -25949.58 -25986.23 404.07 2904.41
36.00 12.00 -25949.58 -25963.23 404.07 2904.41
37.00 12.00 -25949.58 -25980.90 404.07 2904.41
38.00 12.00 -25949.58 -25989.00 404.07 2904.41
39.00 12.00 -25949.58 -25966.17 404.07 2904.41
40.00 12.00 -25949.58 -25955.63 404.07 2904.41
41.00 12.00 -25949.58 -25986.84 404.07 2904.41
42.00 13.00 -25930.40 -25930.40 401.86 2893.08
43.00 13.00 -25930.40 -25964.09 401.86 2893.08
44.00 13.00 -25930.40 -25979.09 401.86 2893.08
45.00 13.00 -25930.40 -25982.11 401.86 2893.08
46.00 13.00 -25930.40 -25955.47 401.86 2893.08
47.00 13.00 -25930.40 -25949.58 401.86 2893.08
48.00 13.00 -25930.40 -25935.04 401.86 2893.08
