-390027.16
-389794.00
-390083.14
-390034.31
-390053.39
-389962.88
-389843.87
-389992.63
-390197.32
-389999.55
-389836.16
-389716.11
-390069.69
-390239.92
-390318.19
-389715.16
-390084.45
-390429.43
-389816.03
-390113.72
-389862.09
-390132.08
-390213.84
-389879.02
-390041.21
-389964.18
-390103.52
-390347.02
-390156.41
-390320.94
-390110.17
-390246.14
-390071.46
-390171.67
-389905.50
-389870.53
-389736.27
-390345.89
-389826.82
-390140.89
-390108.22
-390036.67
-390009.41
-390376.71
-390158.80
-389693.33
-390324.07
-389684.94
-389926.99
-390359.20
-389990.96
-390064.14
-390011.40
-390356.95
-390164.76
-390002.37
-390038.35
-390072.51
-389827.77
-389786.68
-390206.11
-390132.75
-389955.91
-389943.18
-389985.88
-390126.99
-389878.37
-390051.61
-390097.03
-389662.19
-389895.52
-389756.18
-390084.05
-389936.80
-390369.67
-389772.67
-389848.66
-390264.72
-390059.93
-390174.40
-389758.82
-390388.07
-389954.03
-389917.32
-389953.29
-389943.84
-390095.82
-389993.34
-390227.27
-390074.55
-389890.50
-389811.38
-389980.25
-389850.69
-390167.86
-390055.96
-390006.95
-390159.98
-390140.65
-390090.08
-389970.13
-389932.55
-390232.06
-390236.87
-390275.77
-390135.36
-390240.24
-389965.05
-390182.06
-390065.38
-390117.28
-390109.69
-389705.43
-389791.70
-390030.48
-390299.72
-389997.31
-390292.50
-389942.72
-389511.42
-390119.38
-390106.65
-390109.02
-390109.44
