-289798.53
-289703.41
-289827.16
-289732.58
-289939.05
-289636.58
-289762.24
-289768.01
-289709.72
-289857.96
-290054.65
-289988.54
-289962.57
-289887.11
-289611.34
-289612.24
-289794.69
-289728.73
-289698.46
-289968.94
-289538.75
-289701.34
-289627.05
-289644.87
-289644.89
-290012.92
-289922.15
-290030.59
-289880.83
-289864.46
-290103.39
-289712.81
-289511.88
-289779.75
-289983.97
-289679.51
-290015.25
-289823.54
-289697.96
-289800.55
-289716.49
-289815.54
-289718.13
-289776.53
-289829.39
-289821.03
-289729.44
-289605.31
-289750.84
-289702.62
-290064.59
-289647.26
-289844.17
-289767.02
-289935.65
-289670.63
-289602.27
-289704.35
-289947.49
-289759.93
-289750.79
-289637.21
-289741.01
-289927.14
-289705.84
-289850.99
-289793.86
-289755.56
-289802.01
-289782.37
-289920.27
-289897.57
-289509.44
-289856.22
-289595.78
-289704.39
-289688.72
-289646.06
-289931.07
-289561.94
-289611.58
-289784.63
-289817.73
-289861.18
-289750.83
-289882.64
-289643.42
-289797.80
-289803.40
-289656.45
-289805.04
-289731.44
-289880.94
-289849.79
-289583.75
-289723.36
-289892.75
-289911.97
-289772.04
-289644.98
-289782.12
-289856.51
-289647.73
-289879.66
-289851.77
-289630.82
-289742.90
-289679.37
-289828.86
-289788.21
-289581.14
-289703.43
-289695.51
-289896.09
-289753.16
-289924.89
-289858.20
-289711.87
-289883.04
-289521.97
-289526.09
-289594.42
-289700.60
-289832.90
