-353147.68
-353147.02
-353051.01
-353323.18
-353135.56
-353166.42
-353195.05
-353075.30
-353395.19
-353270.81
-353220.64
-353011.35
-353006.69
-353205.44
-353264.16
-353111.56
-353079.93
-353371.11
-353172.72
-353140.87
-352963.40
-353063.06
-353338.31
-353538.27
-353358.97
-353262.84
-353407.55
-353364.56
-353546.48
-353117.55
-353508.40
-353435.52
-353145.69
-353379.80
-353311.46
-353095.13
-353502.15
-352886.22
-353194.93
-353064.69
-352822.51
-352895.41
-353390.22
-353037.47
-353229.90
-353144.85
-353182.74
-352982.09
-353323.45
-353263.96
-353188.72
-353120.96
-353231.58
-353363.58
-353268.61
-353714.33
-353326.29
-353267.10
-353258.26
-353284.14
-353603.37
-353231.21
-353321.53
-353322.03
-353459.29
-353259.05
-353220.50
-353103.18
-353151.56
-352944.64
-353116.90
-353129.76
-353651.93
-353680.50
-353322.02
-353465.12
-353108.78
-353141.59
-353205.81
-353626.16
-353135.52
-353094.94
-353336.67
-353215.58
-353724.12
-353251.64
-353008.27
-353084.53
-353375.64
-353242.91
-353149.19
-353278.54
-353031.71
-353175.70
-353387.88
-353260.75
-353193.26
-353228.06
-353240.65
-353227.93
-353395.23
-353400.24
-353341.70
-353189.53
-353372.47
-353315.51
-353110.28
-353588.88
-353125.35
-353316.47
-353222.35
-353398.15
-353435.04
-353254.46
-353368.08
-353055.46
-353129.29
-353426.09
-353030.01
-353400.77
-353266.08
-353278.58
-353256.88
-353401.87
