-430518.19
-430585.09
-430658.43
-430715.30
-430993.78
-430384.59
-430575.91
-430547.00
-430423.35
-430966.97
-430732.48
-430364.67
-430705.53
-430601.43
-430268.04
-430174.06
-430781.59
-430684.63
-430494.30
-430562.82
-430833.78
-430739.88
-430548.22
-430065.14
-430603.65
-430546.46
-430818.96
-430593.94
-430622.18
-430555.30
-430813.25
-430587.36
-430529.03
-430528.81
-430660.81
-430672.68
-430560.79
-431103.27
-430791.76
-430618.66
-430420.29
-430546.64
-430401.28
-430478.58
-430415.60
-430421.80
-430738.58
-430450.70
-430634.08
-430646.48
-430617.45
-430674.32
-430746.32
-430871.15
-430354.46
-430699.95
-430360.36
-430960.43
-430317.28
-430687.70
-430856.88
-430754.29
-430493.19
-430699.36
-430727.71
-430547.45
-430208.46
-430822.68
-430570.75
-430902.64
-430889.73
-430734.30
-430800.59
-430175.28
-430666.53
-430593.48
-430026.23
-430439.77
-430492.84
-430365.36
-430261.51
-430557.46
-430630.56
-430745.12
-430199.64
-430683.75
-430097.92
-430880.30
-430585.93
-430570.24
-430746.29
-430686.89
-430134.90
-430656.41
-430145.70
-430154.13
-430519.58
-430382.75
-430522.23
-430537.56
-430716.93
-430679.83
-430351.46
-430517.65
-430463.96
-430618.25
-430594.82
-430556.40
-430745.32
-430713.69
-430087.55
-430953.64
-430636.65
-430687.25
-430683.96
-430438.92
-430907.59
-430692.30
-430861.71
-431031.95
-430497.30
-430552.84
-430446.22
-430650.07
