-262535.15
-262387.30
-262526.18
-262637.71
-262369.87
-262355.41
-262470.74
-262544.08
-262409.27
-262437.18
-262391.45
-262368.68
-262474.90
-262378.84
-262474.02
-262613.22
-262497.84
-262322.85
-262378.56
-262553.38
-262613.50
-262549.30
-262292.05
-262089.71
-262490.83
-262303.59
-262494.52
-262372.68
-262441.88
-262299.44
-262422.23
-262150.07
-262568.07
-262486.13
-262340.55
-262440.86
-262311.86
-262443.26
-262413.80
-262369.36
-262380.87
-262304.54
-262362.51
-262573.17
-262603.01
-262547.88
-262515.13
-262552.16
-262391.65
-262412.04
-262375.37
-262491.20
-262486.19
-262348.32
-262336.35
-262375.20
-262376.33
-262258.75
-262318.98
-262343.93
-262752.56
-262511.31
-262581.64
-262297.64
-262467.41
-262383.66
-262367.00
-262421.58
-262569.92
-262565.93
-262359.93
-262404.20
-262382.31
-262431.27
-262423.35
-262469.67
-262309.54
-262526.61
-262437.21
-262410.93
-262174.73
-262421.63
-262455.59
-262381.83
-262400.03
-262245.88
-262319.57
-262517.03
-262313.83
-262501.78
-262453.63
-262557.98
-262468.59
-262391.92
-262207.30
-262378.23
-262413.80
-262539.18
-262516.02
-262476.01
-262507.57
-262242.66
-262330.72
-262329.31
-262371.25
-262306.86
-262560.50
-262105.76
-262365.46
-262272.35
-262455.68
-262363.49
-262345.62
-262441.99
-262242.80
-262427.04
-262403.21
-262368.47
-262344.01
-262346.55
-262502.75
-262378.44
-262515.33
-262112.86
