-319990.20
-319992.56
-320096.39
-320098.94
-319858.27
-319842.79
-319802.42
-319955.22
-319713.25
-320023.40
-319888.42
-319876.69
-319951.06
-319905.64
-320058.05
-319793.30
-319944.56
-319975.12
-319839.52
-319891.57
-319961.84
-320028.60
-319975.76
-319918.74
-320153.67
-319999.02
-319794.68
-319948.39
-319651.83
-319821.86
-319796.63
-319773.98
-320118.95
-319886.70
-319720.66
-319874.82
-319900.35
-319937.06
-319987.64
-319800.34
-319657.41
-319887.21
-319824.67
-319997.26
-319746.46
-319909.68
-320086.70
-320008.28
-320043.01
-319908.96
-320137.20
-320127.28
-320276.28
-319955.29
-319928.52
-319956.48
-320049.27
-319837.27
-319920.25
-319948.52
-319827.35
-319838.95
-319660.31
-319941.66
-319666.30
-319835.63
-319952.02
-319901.32
-319656.15
-320121.94
-320117.43
-319624.80
-320069.63
-319796.98
-320060.79
-319685.98
-319849.61
-320137.09
-319910.43
-320019.90
-319920.48
-319880.35
-319971.48
-319852.30
-319867.48
-319890.03
-320117.25
-320201.27
-319903.93
-319704.05
-319696.46
-319959.12
-319879.88
-319803.62
-319900.91
-319868.46
-319758.30
-320054.65
-319927.52
-319785.19
-319904.71
-319884.59
-319947.92
-319755.91
-319735.78
-319803.15
-319794.80
-320125.66
-319962.55
-319833.77
-319736.36
-320063.50
-319698.09
-320151.87
-319570.87
-319946.10
-320167.88
-319983.15
-320014.30
-319884.42
-319982.71
-319584.00
-320184.35
-320095.22
