-215138.66
-215369.92
-215261.17
-215311.66
-215342.57
-215245.46
-215315.40
-215202.99
-215323.91
-215513.86
-215251.42
-215333.75
-215323.90
-215316.62
-215260.57
-215171.40
-215210.25
-215378.59
-215452.58
-215273.96
-215471.31
-215241.36
-215417.83
-215234.91
-215171.47
-215346.61
-215411.15
-215225.03
-215287.89
-215244.13
-215168.62
-215232.40
-215279.35
-215318.60
-215349.70
-215115.91
-215279.73
-215278.18
-215357.97
-215382.76
-215405.99
-215198.31
-215099.13
-215301.67
-215231.66
-215154.11
-215388.25
-215360.32
-215357.38
-215307.57
-215281.58
-215311.17
-215410.22
-215181.32
-215341.48
-215444.33
-215270.26
-215507.44
-215123.11
-215175.53
-215355.58
-215275.99
-215204.08
-215289.34
-215219.89
-215369.57
-215223.05
-215291.48
-215062.25
-215514.42
-215323.02
-215330.16
-215195.81
-215192.09
-215374.94
-215374.19
-215302.66
-215219.44
-215294.62
-215339.57
-215376.74
-215370.66
-215298.61
-215432.20
-215093.07
-215208.36
-215254.08
-215384.80
-215197.28
-215252.62
-215303.40
-215302.41
-215370.91
-215148.94
-215273.38
-215278.29
-215522.28
-215058.79
-215361.08
-215290.76
-215314.28
-215323.50
-215220.71
-215344.81
-215214.26
-215271.44
-215241.72
-215317.76
-215271.25
-215261.30
-215257.71
-215455.65
-215467.06
-215271.27
-215486.28
-215106.10
-215332.99
-215438.92
-215232.59
-215428.69
-215216.86
-215389.00
-215393.11
-215240.48
