-237580.61
-237660.41
-237450.92
-237680.46
-237680.87
-237604.79
-237807.71
-237641.28
-237899.27
-237555.65
-237742.71
-237688.12
-237616.00
-237737.34
-237718.48
-237708.76
-237779.02
-237551.75
-237618.41
-237680.21
-237760.00
-237853.69
-237755.99
-237828.75
-237661.60
-237667.96
-237761.67
-237847.46
-237459.94
-237770.19
-237821.48
-237534.73
-237698.45
-237669.16
-237609.22
-237555.79
-237844.87
-237869.58
-237722.16
-237733.74
-237773.52
-237724.74
-237697.23
-237717.68
-237801.70
-237718.85
-237797.80
-237586.89
-237746.54
-237692.42
-237740.04
-237672.84
-237410.12
-237642.03
-237890.13
-237653.99
-237817.76
-237499.24
-237811.54
-237542.75
-237721.41
-237835.26
-237520.08
-237803.38
-237596.95
-237543.14
-237761.28
-237562.13
-237547.89
-237773.95
-237848.25
-237738.05
-237760.61
-237865.16
-237770.21
-237537.57
-237565.15
-237857.01
-237477.56
-237774.84
-237854.47
-237772.91
-237626.80
-237686.43
-237742.80
-237569.20
-237732.01
-237722.49
-237905.32
-237602.93
-237754.47
-237751.16
-237719.45
-237754.85
-237716.70
-237773.39
-237819.29
-237687.13
-237774.02
-237816.82
-237454.45
-237794.61
-237613.34
-237747.90
-237656.71
-237582.22
-237791.56
-237838.47
-237688.39
-237606.62
-237723.12
-237713.81
-237679.46
-237684.52
-237589.21
-237900.12
-237648.11
-237663.83
-237919.01
-237826.28
-237562.46
-237757.15
-237689.95
-237692.23
