470.68
470.68
470.68
470.68
470.68
470.68
470.68
470.68
470.68
470.68
470.68
470.68
473.39
473.39
473.39
473.39
473.39
470.88
470.88
470.88
470.88
470.88
470.88
470.88
470.88
470.88
470.88
470.88
470.88
470.88
470.88
470.88
470.88
470.88
470.88
470.88
470.88
470.88
470.88
470.88
470.88
470.88
470.88
470.88
470.88
470.88
464.82
464.82
464.82
464.82
464.82
464.82
464.82
464.82
464.82
464.82
464.82
464.82
464.82
478.62
478.62
474.99
474.99
474.99
474.99
474.99
474.99
474.99
474.99
474.99
474.99
474.99
474.99
474.99
474.99
474.99
474.99
474.99
474.99
474.99
474.99
474.99
474.99
474.99
474.99
474.99
474.99
474.99
474.99
474.99
474.99
474.99
474.99
474.99
474.99
474.99
474.99
474.99
474.99
474.99
474.99
474.99
474.99
474.99
474.99
474.99
474.99
474.99
474.99
474.99
474.99
474.99
474.99
474.99
474.99
474.99
474.99
474.99
474.99
474.99
474.99
474.99
474.99
474.99
474.99
474.99
474.99
474.99
474.99
474.99
474.99
474.99
474.99
474.99
474.99
474.99
474.99
474.99
474.99
474.99
474.99
474.99
474.99
474.99
474.99
474.99
474.99
474.99
474.99
474.99
474.99
474.99
474.99
474.99
474.99
474.99
474.99
474.99
474.99
474.99
474.99
474.99
474.99
474.99
474.99
474.99
474.99
474.99
474.99
474.99
474.99
474.99
474.99
474.99
474.99
474.99
474.99
474.99
474.99
474.99
474.99
474.99
474.99
474.99
474.99
474.99
474.99
474.99
474.99
474.99
474.99
474.99
474.99
474.99
474.99
474.99
474.99
474.99
474.99
474.99
474.99
474.99
474.99
474.99
474.99
474.99
474.99
474.99
474.99
474.99
474.99
474.99
474.99
474.99
474.99
474.99
474.99
474.99
474.99
474.99
474.99
483.56
483.56
483.56
483.56
483.56
483.56
483.56
483.56
483.56
483.56
483.56
479.98
485.38
485.38
485.38
485.38
477.86
477.86
477.86
477.86
477.86
478.86
478.86
478.86
478.86
478.86
478.86
478.86
478.86
478.86
478.86
478.86
478.86
478.86
478.86
478.86
478.86
478.86
478.86
472.90
472.90
472.90
472.90
472.90
472.90
472.90
472.90
472.90
472.90
472.90
472.90
472.90
472.90
472.90
472.90
472.90
472.90
472.90
472.90
472.90
472.90
472.90
472.90
472.90
472.90
472.90
472.90
472.90
472.90
472.90
472.90
472.90
472.90
472.90
472.90
472.90
472.90
472.90
472.90
472.90
472.90
472.90
472.90
472.90
472.90
472.90
472.90
472.90
472.90
472.90
472.90
472.90
472.90
472.90
472.90
472.90
472.90
472.90
472.90
472.90
472.90
472.90
472.90
472.90
472.90
472.90
472.90
472.90
472.90
472.90
472.90
472.90
472.90
472.90
472.90
472.90
472.90
472.90
472.90
470.64
470.64
470.64
