1.00
1.00
1.00
1.00
472.25
472.25
472.25
472.25
472.25
472.25
472.25
472.25
472.25
472.25
472.25
472.25
478.46
478.46
478.46
478.46
478.46
478.46
478.46
478.46
478.46
478.46
478.46
478.46
478.46
478.46
478.46
478.46
478.46
478.46
478.82
478.82
478.82
478.82
478.82
478.82
478.82
478.82
478.82
478.82
478.82
480.34
480.34
480.34
480.34
480.34
480.34
480.34
480.34
480.34
480.34
480.34
480.34
480.34
480.34
480.34
480.34
480.34
480.34
480.34
480.34
480.34
480.34
480.34
480.34
480.34
480.34
480.34
480.34
480.34
480.34
480.34
480.34
480.34
480.34
480.34
480.34
468.65
468.65
468.65
468.65
468.65
468.65
468.65
478.14
478.14
478.14
478.14
478.14
478.14
478.14
478.14
478.14
478.14
478.14
478.14
478.14
478.14
478.14
478.14
478.14
478.14
478.14
478.14
478.14
478.14
478.14
478.14
478.14
478.14
478.14
478.14
478.14
478.14
478.14
478.14
478.14
478.14
478.14
478.14
478.14
478.14
478.14
478.14
478.14
478.14
478.14
478.14
478.14
478.14
478.14
478.14
478.14
478.14
478.14
478.14
478.14
478.14
478.14
478.14
478.14
478.14
478.14
478.14
478.14
478.14
478.14
478.14
478.14
464.77
464.77
464.77
464.77
464.77
464.77
464.77
464.77
464.77
464.77
464.77
464.77
464.77
464.77
464.77
464.77
464.77
464.77
464.77
464.77
464.77
464.77
464.77
464.77
464.77
464.77
464.77
464.77
464.77
464.77
464.77
464.77
464.77
464.77
464.77
464.77
464.77
464.77
464.77
464.77
464.77
464.77
464.77
464.77
464.77
464.77
464.77
464.77
464.77
464.77
464.77
464.77
464.77
464.77
464.77
464.77
464.77
464.77
464.77
464.77
464.77
464.77
464.77
464.77
464.77
466.82
455.03
455.03
455.03
455.03
469.50
469.50
469.50
469.50
469.50
469.50
469.50
469.50
469.50
469.50
469.50
469.50
469.50
469.50
469.50
469.50
469.50
469.50
469.50
469.50
469.50
469.50
469.50
469.50
469.50
469.50
469.50
469.50
469.50
469.50
469.50
469.50
469.50
460.43
460.43
460.43
460.43
460.43
460.43
460.43
460.43
460.43
460.43
460.43
460.43
460.43
460.43
460.43
460.43
460.43
460.43
460.43
460.43
460.43
460.43
460.43
460.43
460.43
460.43
460.43
460.43
460.43
460.43
460.43
460.43
460.43
460.43
460.43
460.43
469.18
469.18
469.18
469.18
469.18
469.18
469.18
469.18
469.18
469.18
469.18
469.18
469.18
469.18
469.18
469.18
469.18
469.18
469.18
469.18
469.18
469.18
469.18
469.18
469.18
469.18
469.18
469.18
469.18
469.18
469.18
469.18
469.18
469.18
469.18
469.18
469.18
469.18
469.18
469.18
469.18
469.18
469.18
469.18
469.18
469.18
469.18
469.18
469.18
469.18
469.18
