1.00
1.00
1.00
1.00
1.00
470.57
470.57
470.57
470.57
465.53
465.53
465.53
465.53
465.53
465.53
465.53
471.36
471.36
471.36
471.36
471.36
471.36
471.36
471.36
471.36
471.36
479.79
479.79
479.79
479.79
479.79
479.79
479.79
479.79
479.79
479.79
479.79
479.79
479.79
479.79
479.79
479.79
479.79
479.79
479.79
479.79
479.79
479.79
479.79
479.79
479.79
479.79
479.79
479.79
479.79
479.79
479.79
479.79
479.79
479.79
479.79
479.79
479.79
479.79
479.79
479.79
479.79
479.79
479.79
479.79
479.79
479.79
479.79
479.79
479.79
479.79
479.79
479.79
479.79
479.79
479.79
479.79
479.79
479.79
479.79
479.79
479.79
479.79
479.79
479.79
479.79
479.79
479.79
479.79
479.79
479.79
479.79
479.79
479.79
479.79
479.79
479.79
479.79
479.79
479.79
479.79
479.79
479.79
479.79
479.79
479.79
479.79
479.79
479.79
479.79
479.79
479.79
479.79
479.79
479.79
479.79
479.79
479.79
479.79
479.79
479.79
479.79
479.79
479.79
479.79
479.79
479.79
479.79
479.79
479.79
479.79
479.79
479.79
479.79
479.79
479.79
479.79
479.79
479.79
479.79
479.79
479.79
479.79
479.79
479.79
479.79
479.79
479.79
479.79
479.79
479.79
479.79
479.79
479.79
479.79
479.79
479.79
479.79
479.79
479.79
479.79
479.79
479.79
479.79
479.79
479.79
479.79
479.79
479.79
479.79
479.79
479.79
479.79
479.79
479.79
479.79
479.79
479.79
479.79
479.79
479.79
479.79
479.79
479.79
479.79
479.79
479.79
479.79
479.79
479.79
479.79
479.79
479.79
479.79
479.79
479.79
479.79
479.79
479.79
479.79
479.79
479.79
479.79
479.79
479.79
479.79
479.79
479.79
479.79
479.79
479.79
479.79
479.79
479.79
479.79
479.79
479.79
479.79
479.79
479.79
479.79
479.79
479.79
479.79
479.79
479.79
479.79
479.79
479.79
479.79
479.79
479.79
479.79
470.36
473.83
473.83
473.83
473.83
473.83
475.31
475.31
475.31
475.31
475.31
475.31
475.31
475.31
475.31
462.33
462.33
462.33
462.33
462.33
462.33
462.33
462.33
462.33
462.33
462.33
462.33
462.33
462.33
462.33
462.33
462.33
462.33
462.33
462.33
462.33
462.33
462.33
462.33
462.33
462.33
462.33
462.33
462.33
462.33
462.33
462.33
462.33
462.33
462.33
462.33
462.33
462.33
462.33
462.33
462.33
462.33
462.33
462.33
462.33
462.33
462.33
462.33
462.33
462.33
462.33
462.33
462.33
462.33
462.33
462.33
462.33
462.33
462.33
462.33
462.33
462.33
462.33
462.33
462.33
462.33
462.33
462.33
462.33
462.33
462.33
462.33
462.33
462.33
462.33
462.33
462.33
462.33
462.33
462.33
462.33
462.33
475.90
475.90
475.90
475.90
475.90
475.90
475.90
475.90
475.90
