1.00
1.00
1.00
1.00
1.00
1.00
1.00
1.00
1.00
1.00
1.00
1.00
468.15
468.15
468.15
468.15
468.15
468.15
468.15
468.15
468.15
468.15
468.15
468.15
468.15
468.15
468.15
468.15
468.15
468.15
468.15
468.15
468.49
468.49
468.49
468.49
467.33
467.33
467.33
467.33
466.88
466.88
466.88
466.88
466.88
466.88
466.88
466.88
466.88
466.88
466.88
466.88
466.88
466.88
466.88
466.88
466.88
466.88
466.88
466.88
466.88
466.88
466.88
466.88
475.94
475.94
475.94
475.94
475.94
475.94
475.94
475.94
475.94
475.94
475.94
475.94
475.94
475.94
475.94
475.94
475.94
475.94
475.94
475.94
475.94
478.16
478.16
478.16
478.16
472.12
472.12
472.12
472.12
472.12
472.12
472.12
472.12
472.12
472.12
472.12
472.12
479.23
479.23
479.23
479.23
479.23
479.23
479.23
479.23
479.23
479.23
479.23
479.23
479.23
479.23
479.23
479.23
479.23
479.23
479.23
479.23
479.23
479.23
479.23
479.23
479.23
479.23
479.23
479.23
479.23
479.23
479.23
479.23
479.23
479.23
479.23
479.23
479.23
479.23
479.23
479.23
479.23
479.23
479.23
479.23
479.23
479.23
479.23
479.23
479.23
479.23
479.23
479.23
479.23
479.23
479.23
479.23
479.23
479.23
479.23
479.23
479.23
479.23
479.23
479.23
479.23
479.23
479.23
479.23
479.23
479.23
479.23
479.23
479.23
479.23
479.23
479.23
479.23
479.23
479.23
479.23
479.23
479.23
479.23
479.23
479.23
479.23
479.23
479.23
479.23
479.23
479.23
479.23
479.23
479.23
479.23
479.23
479.23
479.23
479.23
479.23
479.23
479.23
479.23
479.23
479.23
479.23
479.23
479.23
479.23
479.23
479.23
479.23
479.23
479.23
479.23
479.23
479.23
479.23
479.23
479.23
479.23
479.23
459.25
459.25
459.25
459.25
459.25
459.25
459.25
459.25
459.25
459.25
459.25
471.94
471.94
471.94
471.94
471.94
471.94
471.94
471.94
471.94
471.94
471.94
471.94
471.94
471.94
471.94
471.94
471.94
471.94
471.94
471.94
471.94
471.94
471.94
471.94
471.94
471.94
471.94
471.94
471.94
471.94
471.94
471.94
471.94
472.61
472.61
472.61
472.61
472.61
472.61
472.61
472.61
472.61
472.61
472.61
472.61
472.61
472.61
472.61
472.61
472.61
472.61
472.61
472.61
472.61
472.61
472.61
472.61
472.61
472.61
472.61
472.61
472.61
472.61
472.61
472.61
472.61
472.61
472.61
472.61
472.61
472.61
472.61
472.61
472.61
472.61
472.61
472.61
472.61
472.61
472.61
472.61
472.61
472.61
472.61
472.61
472.61
472.61
472.61
472.61
472.61
472.61
472.61
472.61
472.61
472.61
472.61
472.61
472.61
472.61
472.61
472.61
472.61
472.61
472.61
472.61
472.61
472.61
472.61
472.61
