1.00
474.67
474.67
471.21
471.21
471.21
471.21
471.21
471.21
471.21
471.21
471.21
471.21
471.21
471.21
471.21
471.21
471.21
471.21
471.21
471.21
471.21
471.21
471.21
471.21
471.21
471.21
471.21
471.21
471.21
471.21
471.21
471.21
471.21
471.21
471.21
471.21
471.21
471.21
471.21
471.21
471.21
471.21
471.21
471.21
471.21
471.21
471.21
471.21
471.21
471.21
471.21
471.21
471.21
471.21
471.21
471.21
471.21
471.21
471.21
471.21
471.21
471.21
471.21
471.21
471.21
471.21
471.21
471.21
471.21
471.21
471.21
471.21
471.21
471.21
471.21
471.21
471.21
471.21
471.21
471.21
471.21
471.21
471.21
471.21
471.21
471.21
471.21
471.21
471.21
471.21
471.21
471.21
471.21
471.21
471.21
471.21
471.21
471.21
471.21
471.21
471.21
471.21
471.21
471.21
471.21
471.21
471.21
471.21
471.21
471.21
471.21
471.21
471.21
471.21
471.21
471.21
471.21
471.21
471.21
471.21
471.21
471.21
471.21
471.21
471.21
471.21
471.21
471.21
471.21
471.21
471.21
471.21
471.21
471.21
471.21
471.21
471.21
471.21
471.21
471.21
471.21
471.21
471.21
471.21
471.21
471.21
471.21
471.21
471.21
471.21
471.21
471.21
471.21
471.21
471.21
471.21
471.21
471.21
471.21
471.21
471.21
471.21
471.21
471.21
471.21
471.21
471.21
471.21
471.21
471.21
471.21
471.21
471.21
471.21
471.21
471.21
471.21
471.21
471.21
471.21
471.21
471.21
471.21
471.21
471.21
471.21
471.21
471.21
471.21
471.21
471.21
471.21
471.21
471.21
471.21
471.21
471.21
471.21
471.21
471.21
471.21
471.21
471.21
471.21
471.21
471.21
471.21
471.21
471.21
471.21
471.21
471.21
471.21
471.21
471.21
471.21
471.21
461.31
461.31
461.31
461.31
471.27
471.27
471.27
471.27
468.01
468.01
468.01
468.01
467.11
467.11
467.11
467.11
467.11
467.11
467.11
467.11
467.11
467.11
467.11
467.11
467.11
467.11
467.11
467.11
467.11
467.11
467.11
467.11
467.11
467.11
467.11
467.11
467.11
467.11
467.11
467.11
467.11
467.11
467.11
467.11
467.11
467.11
467.11
467.11
467.11
467.11
467.11
467.11
467.11
467.11
467.11
467.11
467.11
467.11
467.11
467.11
467.11
467.11
467.11
469.88
469.88
469.88
469.88
469.88
469.88
477.02
477.02
477.02
477.02
477.02
477.02
477.02
477.02
477.02
477.02
477.02
477.02
477.02
477.02
477.02
477.02
477.02
477.02
477.02
477.02
477.02
477.02
477.02
477.02
477.02
477.02
477.02
477.02
477.02
477.02
477.02
477.02
477.02
477.02
477.02
477.02
477.02
477.02
477.02
477.02
477.02
477.02
477.02
477.02
477.02
477.02
477.02
477.02
477.02
477.02
477.02
477.02
477.02
477.02
