481.77
481.77
481.77
481.77
481.77
481.77
481.77
481.77
462.66
462.66
462.66
462.66
462.66
462.66
462.66
462.66
462.66
462.66
459.06
459.06
459.06
459.06
459.06
459.06
459.06
459.06
459.06
459.06
459.06
459.06
462.85
462.85
462.85
462.85
462.85
462.85
462.85
462.85
462.85
462.85
462.85
462.85
462.85
462.85
462.85
462.85
462.85
462.85
462.85
462.85
462.85
462.85
462.85
462.85
462.85
462.85
462.85
462.85
462.85
462.85
462.85
462.85
462.85
462.85
462.85
462.85
462.85
462.85
462.85
462.85
462.85
462.85
462.85
462.85
462.85
462.85
462.85
462.85
462.85
462.85
462.85
462.85
462.85
462.85
462.85
462.85
462.85
462.85
462.85
462.85
462.85
462.85
462.85
462.85
462.85
462.85
462.85
475.19
475.19
475.19
475.19
475.19
475.19
475.19
475.19
475.19
475.19
475.19
475.19
475.19
475.19
475.19
475.19
475.19
475.19
475.19
475.19
475.19
475.19
475.19
475.19
475.19
475.19
475.19
475.19
475.19
475.19
475.19
475.19
475.19
475.19
475.19
475.19
475.19
475.19
475.19
475.19
475.19
475.19
475.19
475.19
475.19
475.19
475.19
475.19
475.19
475.19
475.19
475.19
475.19
475.19
475.19
475.19
475.19
475.19
475.19
475.19
475.19
475.19
475.19
475.19
475.19
475.19
475.19
475.19
475.19
475.19
475.19
475.19
475.19
475.19
475.19
475.19
475.19
480.51
480.51
480.51
480.51
480.51
480.51
480.51
480.51
480.51
480.51
480.51
480.51
480.51
480.51
480.51
480.51
480.51
480.51
480.51
480.51
480.51
480.51
480.51
480.51
480.51
480.51
480.51
480.51
480.51
480.51
480.51
480.51
480.51
480.51
480.51
480.51
480.51
480.51
480.51
480.51
480.51
480.51
480.51
480.51
489.09
489.09
479.95
467.21
467.21
467.21
467.21
467.21
467.21
467.21
467.21
467.21
467.21
467.21
467.21
484.77
484.77
484.77
484.77
484.77
484.77
484.77
484.77
484.77
484.77
484.77
484.77
484.77
484.77
484.77
484.77
484.77
484.77
484.77
484.77
484.77
484.77
484.77
484.77
484.77
484.77
484.77
484.77
484.77
484.77
484.77
484.77
484.77
484.77
484.77
484.77
484.77
484.77
484.77
484.77
484.77
484.77
484.77
484.77
484.77
484.77
484.77
484.77
484.77
484.77
484.77
484.77
484.77
484.77
484.77
484.77
484.77
484.77
484.77
484.77
484.77
484.77
484.77
484.77
484.77
484.77
484.77
484.77
484.77
484.77
484.77
484.77
484.77
484.77
484.77
484.77
484.77
484.77
484.77
484.77
484.77
484.77
484.77
484.77
484.77
484.77
484.77
484.77
484.77
484.77
484.77
484.77
484.77
484.77
484.77
484.77
484.77
484.77
484.77
484.77
484.77
484.77
484.77
484.77
484.77
484.77
484.77
484.77
484.77
484.77
