829.5907306394871
834.5102060012791
830.0770341901153
827.0827050622128
830.2031211528019
833.5673235196917
835.1053415649209
837.6394042791468
830.4809819474116
829.9406629825978
829.6963107282138
837.8678094429717
834.2009176198687
840.0902313561013
827.8583088936992
846.6595865277342
830.8425405858296
830.0777545520641
843.5699988899751
834.6514128105199
838.8815922893405
832.6037986275564
828.2617018156943
824.2954141264954
834.8486254772829
838.8502774960957
826.173263271277
826.3829339400993
832.60191300633
825.6146420261823
831.7945858483486
834.0487548562852
833.4763422598686
821.7056387860742
832.923693136924
834.6979865654372
836.2299996064496
830.8867389085306
837.4005603779758
827.8838234112076
829.007908496011
828.2471667835855
822.3862520057119
829.7731438729736
819.6386238300597
818.5482468112481
831.9777900874192
828.5842559009498
835.013515814372
832.9573246082039
827.1702300749181
823.8253085177372
826.9543570403214
831.5820562956013
829.4533208852018
830.3180434521496
836.7465054211112
829.7400474942393
833.5673235196917
830.9728634037017
831.1638677209273
843.7042857632788
834.4812631142341
832.5192188618839
822.6140862117279
834.0712180315821
830.2851170371936
829.9442467718151
836.7080159490414
830.7543460079253
830.6909016572515
813.7627719559413
832.292810233894
828.6702565006119
834.2807131029881
837.3869871493145
827.408763148859
837.2169916916287
837.7935865307979
831.9777900874192
830.21856481568
833.0578224238184
829.0690083213956
835.5963860008727
830.9921566270546
828.1887180771627
826.9745871503625
830.6529307470834
830.7756151466454
837.1563537073444
834.5362713054319
832.5035564674059
828.3583305018499
836.5706301089839
833.5673235196917
837.3156204608262
836.3063705930052
839.3025552517266
821.3723395995117
823.1186411961833
