833.3388278240247
828.7909685519323
834.2879585939007
833.3388278240247
840.3985128680079
833.4584874489302
826.5558181327716
826.411777839547
829.7603887646871
829.0044290113698
834.9595275595257
827.5639566193632
835.5069970550798
839.5614709498014
833.3388278240247
842.6421475960677
835.8266621486439
842.3544399014129
827.3098363579542
830.9621671986038
833.6890982780084
824.391189994724
827.8391644738059
830.0941327110207
823.4422943772641
845.5936683410272
833.7256762024899
837.6394042791468
831.9053185196195
834.2009176198687
826.5268322082198
834.5102060012791
826.2533695593681
829.6009408376531
835.7681338493575
832.1264925787724
822.9772051057695
830.4551006841468
830.5365138249898
837.4717172938251
828.8490084727289
830.319528556044
829.9475860443195
827.9116173820063
835.9600655327984
829.7731438729736
828.6458033154214
830.3180434521496
827.1943627031742
830.5039697122526
830.7329639791552
835.8266621486439
843.3858589506331
829.6900852647447
832.8665322456307
810.9887027689404
831.3145122802417
831.8084054078879
833.8333378275499
821.7408694361824
827.7446554104706
840.1395214105302
834.0576078322824
827.7335648127254
834.8813273966174
826.2099080296649
834.8404677093523
826.3248060306237
838.1280888661415
831.3313853194084
817.2099776556896
828.0274761061154
823.9312021691047
830.8422863228091
828.3440780037027
837.6724233101003
834.6642680058426
837.912347584641
822.4629260635058
831.1353750377898
835.7916721321195
832.2623231627362
839.5514077645452
834.2009176198687
832.3234014592845
835.9799752800195
851.6597041387768
821.1054470257478
824.6347274830999
833.3388278240247
831.9777900874192
828.8121306451533
831.8077819612806
833.5673235196917
837.1681975383797
843.6968768993005
829.7583519778664
833.3388278240247
845.7969896577584
830.0218684045376
