820.4285479270361
834.7172812366027
831.8901278078595
824.0743868180735
822.9625083910947
832.384133247894
826.2620484800708
825.6539729201489
831.5915724824725
828.3944855902143
827.3557974715834
838.1917184938077
826.9823217121364
839.678137511674
826.4549878852044
822.0121644817759
831.7001454332352
829.188512321534
824.4054734268685
830.6267371025895
824.9902324667995
833.445130027001
834.5408731707804
820.8046270006358
829.8360673754274
822.8721718133783
827.6538103138602
828.9102177324514
833.4883138374828
833.0116189539287
826.986445222212
837.7565159092026
826.4549878852044
829.539270484054
826.2620484800708
835.8491703615034
824.0743868180735
830.253048618521
831.5033617938169
831.193095098977
837.3457695886332
834.3340334436542
828.3870846590438
828.6318072006818
831.4181031598067
829.085966796926
828.6318072006818
828.8810003550733
820.8046270006358
829.539270484054
831.4181031587583
828.3870846590438
831.6411084995863
834.4614648878492
825.6737882490129
828.6318517456498
827.5553040645764
827.3557974715834
830.6613105045201
828.9575157326996
823.1805332209726
824.0743868180735
823.1051229553742
834.0421981503885
826.5519049078644
836.804434091129
824.0743868180735
824.0743868180735
831.3440266057185
829.3121109063758
828.6318072006818
835.9502599732888
833.2950074701492
828.2219499625586
826.3882299933458
825.0699250245618
830.4692342617949
828.6318072006818
822.0121644817759
827.2411438691611
838.2400164095675
835.9630947755858
825.5707658262348
832.3566275096194
835.9630947755858
829.9078644495414
824.0743868180735
824.0743868180735
833.429312770792
830.6614181048824
832.1040282375759
820.9719564993295
829.9785767940846
828.2375079072499
830.245287115727
830.253048618521
834.4614648867373
828.748229968829
840.5148213011798
819.3557958152766
