826.6223088532562
831.4468885632916
824.3892898841227
826.7071925467477
812.669651302181
838.6857276511425
824.0394860554355
837.1735571305585
829.3991357894158
829.9406629825978
829.9406629825978
830.0381530124083
835.5751213121536
827.3814572954487
831.8349929340428
835.2979556617095
832.163714400693
837.4279690538941
836.496125800472
833.0412868103226
831.2194437820152
826.8274733564433
836.0216832017355
833.8022577899295
832.3344163030138
837.4717172938251
836.2951698153397
834.2757471127887
831.5148326298859
834.5205539199316
830.6909016572515
833.5673235196917
832.5312626775443
827.4080822019454
829.9707154440872
835.6202724809525
812.6926297920178
833.9743416611677
826.5450258571902
830.4809819474116
825.3024287422444
837.7177414278959
838.3421142748454
823.9932718645052
827.3689571980897
836.0599030786072
836.1422942210477
831.2697618489799
827.9137876666624
824.0882889488514
825.9533859520327
830.8796251890515
823.1461792969571
843.9959952921058
838.2089684103806
847.6801703466186
835.7775064530065
828.8121306451533
831.9777900874192
818.3297800436533
832.292810233894
824.9423453653619
822.409232983103
827.4794447548276
829.9406629825978
828.2507788529242
828.8744519831957
825.1877570679412
828.6702565006119
843.9064396389783
840.7338332180257
825.5528473883521
828.4170953804233
850.2671080628694
821.7408694361824
834.5388947355665
833.5673235196917
831.1867625853312
831.0257178829274
835.6421407589645
820.0287034702501
824.0458342930683
829.4567123898139
831.1638677209273
832.6558079284756
826.1506551179845
825.2174387104569
827.772499222045
830.9621671986038
830.8425405858296
836.2166559882971
829.9406629825978
838.7499936751848
825.0642747664474
820.9541954605403
833.2201587933663
826.1629472914507
826.7027808632328
831.2194437820152
820.5202148219425
