814.4862164521171
832.9866016725784
829.7965076081666
826.2557100733258
845.8416081498174
834.3406603456621
829.6009408376531
831.1885202899354
831.8928731134932
827.6319600324188
821.7114783008625
820.9541954605403
832.4111391379444
830.678141280346
830.3180434521496
827.06722825639
830.7086835381043
826.55622429598
832.2844471944775
827.6319600324188
831.5820562956011
829.1796085816196
832.0773096960176
835.5388482133128
823.6814095972854
826.9138607752793
837.1631469709838
833.712034490198
830.6914849467383
820.2009255050581
845.8815698480739
837.6394042791468
827.0267089465873
830.6909016572515
829.0690083213956
828.721635843851
831.599796921313
834.3183941875823
830.3194920189177
832.4696476789338
840.5242102385594
815.5695052783796
830.9027483030937
819.1401938048701
826.8440286415833
839.1058548507766
829.4925993906415
828.9742929171081
835.5881468777084
829.3845555675863
828.9428496412934
833.3870291772589
829.6869170620117
825.5493967026381
838.1749449972145
834.1467150634413
823.7122551647896
836.2757825287579
825.5669350166393
836.0808247480035
829.007908496011
830.0611240416242
829.8960873778068
835.7775064530065
837.9417011674702
829.4957806443142
840.57557974979
824.9703028083181
836.2672452034102
827.157278210824
830.5039697122526
835.6609370107795
831.5185944002968
838.3989814947266
834.3040079179401
831.456709991145
831.265857824567
831.3825462536795
836.8219117197103
823.9689072681789
834.9802277614734
829.9538194742443
824.2818570479427
833.2684544002938
834.5102060012791
828.486139821802
832.4832773979334
831.6114042588978
831.9777900874192
831.237829203138
831.0097182919851
831.9173722265339
829.9406629825978
837.7641421608681
832.006310934372
832.720780666568
829.5097904133398
825.7428761648424
838.9709490193521
815.9859956583006
