834.7707838581047
826.9469052310877
831.3944475575654
831.5161014993266
827.9137876666624
828.7867479156936
843.5062677643153
831.8750492564623
836.2330008515448
830.8366899596077
830.3970554686867
836.158576764341
833.5614831248081
833.7442271116223
828.4170953804233
836.2166559882971
828.5807282351689
838.3421142748454
835.8913347877426
831.2106350472259
840.1370339305831
826.1616300830241
826.4905281304957
847.1393590959965
828.2955324492904
832.4586153126294
828.3034037521035
837.8461381922134
841.3121636192128
833.8643862424748
836.3013025255048
829.4827452607333
834.3646727246578
829.8174739869289
824.8191997093206
833.5300139910499
827.3515178738877
835.8891562508941
837.2663240985108
824.2003900550346
833.6570047140991
836.6206539863304
838.1411792696767
836.2166559882971
829.235561383783
833.6672328878277
829.6009408376531
844.1164269174432
826.3453887654948
830.3180434521496
812.669651302181
833.4642975220736
826.8660309772534
830.9027483030912
823.6332791519498
834.9798099418597
831.9975284638647
841.3560941859904
833.4584874489302
835.1460392440047
827.5651251869625
830.4809819474116
831.9975284638647
837.0202165765864
831.0093025283217
841.4202288177371
828.8121306451536
826.5558181327716
820.162509255266
828.132544166495
828.3370146657126
832.3648382600522
812.669651302181
823.3898117927787
825.6146420261823
829.5479413374603
830.7756151466454
833.4889101718179
825.8734326180032
832.3311122255516
829.7371342005732
828.8121306451536
834.0332745453447
828.4997003010343
822.4310714670604
826.4792829075523
832.5145561821073
826.8038739116639
824.1324326553419
817.4160152723138
834.5102060012791
836.8585975194246
820.239666246749
822.0608613621049
811.2597753062221
841.7507865687575
831.7395719324564
819.0002962375283
830.6909016572515
831.433873405161
