831.9975284638647
823.0955016962796
829.9406629825978
835.3753317541682
836.8349270210448
830.4809819474116
829.7518352930483
830.4809819474116
826.358442382297
835.6443566788533
825.6321082237286
826.4636988154074
821.2626811924165
838.6959806416019
830.5988951539194
825.2624369556578
831.9449187247619
831.9777900874192
833.0569750455891
829.235561383783
832.9816033316406
824.0553605222299
828.871146865298
825.5964138615149
831.9340130726463
829.2675671514802
835.7775064530065
835.7775064530065
832.0422267909853
836.0523536713924
830.2909064371536
835.3090877632101
828.1433452700522
834.125933091061
827.9596310467665
841.1268387624507
828.537325806448
824.7995431951764
830.6500384066309
833.0449926382164
825.0268420320177
824.693929993785
831.9777900874192
829.3845555675863
827.2204127261984
830.3194920189177
831.5618701792055
827.1943627031742
831.5435708980498
832.1352279009448
826.0826651086104
838.1330882944986
835.7681338493575
829.7965076081666
830.5970634813694
829.2675668563571
830.354021189875
832.1137181757781
830.6529307470834
832.3648382600522
838.5401420435137
826.3731596439125
832.5326394821702
843.0181645543099
833.0785695911069
831.029832354321
831.9975284638647
825.0575491973427
833.1509675635143
833.5069952378843
846.8867611521678
827.1440406828722
831.007860093049
844.738103739078
831.0517076804678
832.5980641502532
827.6319600324188
840.8729708351892
840.1858808881224
832.6634616535623
831.6715450951102
827.4130058430445
833.6155841830542
836.6852081181688
830.5039697122526
831.066771721965
833.7668589807948
840.1486293845682
841.7507865687575
834.2271746826661
832.2623231646438
830.3194920189177
846.6595865277342
834.0487548562852
835.3975168694517
824.9423453653619
832.044168189498
835.4164556559073
840.6805519804778
829.6994870793488
