828.8654495951278
840.5938909121935
828.0773050698992
834.4133024909793
832.5035564674059
831.2194437820152
835.5677039694359
840.4025737318133
832.6602633886107
831.9777900874192
830.4809819474116
834.9574921837166
832.0316901012575
834.480334777071
836.3013025255048
829.6009408376531
828.7142484783296
823.5596531914189
833.1751398995038
837.456957168655
816.0879319526739
831.4108212246124
835.7029661554833
832.9816033316406
844.7033592375661
831.1353750377898
840.1897521091926
820.3813970193512
839.6023489723492
834.3151974343289
827.3691567487276
826.6397273241807
830.6909016572515
835.5875330238916
829.8658414455682
830.1901506853908
815.1839018355249
835.6966316036755
828.2716752199128
830.5365138249898
827.9131995171225
843.6968768993005
833.7707551522734
825.6740350651017
840.9973758130686
829.0586232934257
825.4712059735733
828.4383107129654
828.9297086841617
837.1327192747501
835.8413877497075
834.1569046263764
830.9621671986038
832.2762683684256
839.4652324742804
826.9102728024739
839.3193933816482
832.0316901012575
829.4879899512605
831.6114042588978
836.364018010446
827.4004236591379
837.211591614594
833.5673235196917
844.051861444235
838.3607015746553
842.3299402026981
837.6394042791468
825.9001973971516
813.7849894682324
825.9386577014233
835.5751213121536
839.5614709498014
830.775285129097
833.6525895398332
826.8460896006717
833.9733174144706
832.4112996766805
836.9623308744182
827.4000384947624
827.0827050622128
828.4541575664766
830.2838832804456
831.633380842253
845.0350630376308
825.7493509349346
833.3388278240247
829.2895505856404
821.4181146852285
837.129863861025
820.7761888857718
828.7557479991775
828.1429056751135
836.9497516568367
837.8980978097127
821.3154415271232
828.8343275912761
830.3180434521496
831.1867625853312
835.7775064530065
