823.7160872294371
825.2208811975685
826.606518053064
829.5419964704
811.7897338301142
831.2251770648544
827.2367797148553
828.5991145026481
839.1067924058212
825.2359596403746
837.1458401096862
834.6025978932277
832.6284037830636
823.215276884457
837.5422135398298
825.0799869770625
833.6775174451707
839.4469280829323
828.9309559628366
824.1516340215705
826.4500812920895
830.227499157668
825.9106198432763
829.8882762763457
827.0122564632267
830.9098284165661
825.0118626106316
834.4333039178267
822.8611591719463
825.7892111826484
826.5001354015134
818.2765464848766
827.3180833221354
829.677239484836
833.5492618103863
836.826379839484
836.970999399877
831.3110418671712
843.1422557020883
824.6978329935567
822.899844372206
832.0128962040153
829.6078975599011
816.0064015416405
830.9973556864093
827.9044230118108
829.9159770054723
835.4551061514795
834.3100277844902
835.4123611095522
836.7996468637323
818.3045490351172
835.9225521961695
811.6343856140747
827.8036392621187
822.4668932458297
823.4079999369048
828.3139245238029
826.6148457966766
837.9449753191648
831.1190977388663
826.6255743620311
830.902311627452
828.686246926028
818.043326092172
825.9892270278203
830.6889105046988
822.6913145894425
829.3492685529761
824.0300775369377
834.4755888101442
828.3452315685913
832.5872022568909
826.1365589781451
833.1596534295946
831.7590556681796
829.3976366267398
827.0098431468307
819.9729815957303
827.7806717318931
840.019663015826
842.9341325280741
826.792010583969
828.9691137725121
839.4978737734365
837.2129777138472
827.3207385940178
822.2863039652556
852.50684848555
819.5902000887177
834.536590093988
839.5877777238156
823.3607486209057
828.2316776060712
837.3198569089768
826.412660462625
836.7669889661225
827.1499130482662
846.4526722352632
834.3646727246578
