2950.612892533128
2932.269558744344
2941.3759635952883
2936.9248685789853
2951.75629631728
2930.043961252011
2925.727949565148
2947.652299867758
2935.7872937423476
2935.9192322323374
2935.6392275322496
2931.393824929562
2947.7124358063934
2937.8038409847627
2948.775569309338
2943.765829467007
2935.30881880242
2953.185467706231
2928.4411103502043
2931.0059213121235
2938.1150753557577
2933.2495055516497
2938.978203036538
2955.4251288243527
2940.4740904028786
2917.4383446237935
2943.2708978046553
2938.076134306797
2939.7529793032436
2941.1760672279447
2930.9550614404734
2955.534111269457
2951.0413963877218
2943.057904974365
2939.7667067029984
2937.790212054521
2923.7366580597286
2928.341935130734
2940.6160868382863
2927.158618343766
2957.9046166723174
2928.6221799347095
2939.998377130678
2947.674704522395
2931.162503850809
2954.0012459921377
2942.9354161201118
2921.9553807435045
2958.455855198299
2937.380024334263
2944.0560245464494
2930.7723312930016
2940.6075392665934
2935.638400899058
2957.4313384094535
2920.9427252311734
2930.8425055581097
2958.981377213011
2940.311490395251
2949.791785547048
2947.8507002110464
2947.966924486844
2917.8718497927175
2940.3984748692324
2968.9668419844324
2939.279744177319
2931.198017767708
2936.909305060908
2951.666271432165
2946.766818000877
2940.104471774089
2942.651021440816
2939.468762542189
2943.9436083223814
2926.018327400566
2948.786580159452
2936.1549128730408
2941.2299961295976
2947.718301352228
2948.0091326620495
2941.962948943166
2953.185467706231
2949.352442725159
2937.7918629341093
2937.5300068196125
2941.3759635952883
2933.4302755848007
2949.2228458718896
2955.363984900112
2952.064518164161
2929.593391636196
2959.113182989305
2936.608796530833
2952.4369228632113
2924.9349858834294
2929.593381789589
2917.2954947150424
2940.9397361080573
2941.720440281427
2945.703899232691
