2934.3642025188424
2929.384004634926
2912.125021191097
2930.5383592245003
2927.3606012968917
2924.3429401348444
2952.5747066877498
2924.775942261594
2934.8278603381555
2946.115252961992
2949.414476896663
2930.5420559379886
2935.0576225601994
2930.619323016778
2952.195413173816
2949.654452118932
2946.473391434658
2930.962372232187
2943.948285218852
2916.1073398638523
2950.482027547034
2938.492273554274
2924.2476843623335
2935.493952879624
2944.1551774857926
2935.294871763194
2936.7626719534364
2943.9751532055143
2942.0103632518553
2942.786761688838
2961.9834267392293
2934.958902726017
2946.0070040618452
2935.6112375025
2933.1505846402924
2932.443620635706
2956.826570409705
2932.8805153711332
2936.7016247324873
2915.499210926867
2933.2731367224237
2949.333783108855
2936.675083973302
2949.3257598710957
2933.4915796319915
2930.980071842157
2934.4032605668
2948.2705332504893
2920.0672460779897
2928.57994336363
2939.4929925379693
2948.0488038431854
2925.4627291906627
2949.891295298503
2929.2017029963276
2914.6333202410274
2958.0863636777794
2931.4241009329085
2937.503504674178
2943.1281650079754
2927.9481546945785
2949.333423043809
2940.6032884557358
2939.8961269083875
2921.57986295579
2921.587459417292
2934.846620411917
2947.1052101276528
2945.2042249101805
2925.4992800927857
2944.5311384386705
2952.396208704866
2929.446943438344
2933.316209828604
2942.849803995668
2935.4877831050367
2932.0782825016886
2951.285898562281
2933.872275863049
2938.145825312355
2939.247654843568
2934.126081491903
2946.9222673217173
2927.8732934466234
2938.8828617988324
2939.8187049345074
2932.7015501040655
2944.7682170998783
2929.0139201437373
2952.572191539523
2925.9251743976383
2949.7774915385244
2922.6794905661204
2966.69238254969
2913.9756145117403
2924.1422288364374
2934.723824022891
2949.018710393248
2931.8310412647643
2925.093533062257
