2935.908600258004
2928.8436048520393
2931.0334745730656
2926.9503392594665
2949.6953004030624
2930.5916128240897
2954.618391327858
2947.3399665083657
2947.354780733521
2942.884806441268
2936.283141157234
2927.9034361723243
2933.8820307947344
2940.3383396878776
2938.3998331742914
2944.577391577331
2924.025987694004
2945.105408411969
2940.412143706074
2952.442146639808
2954.4364492185086
2938.668088430372
2914.0578657788697
2946.1262113928897
2933.046023229441
2929.5804152275336
2938.4110247117587
2940.5436349498973
2943.491733711384
2925.9379949170116
2934.476584399096
2938.648012311225
2938.3998331742914
2941.282974977762
2954.618391327858
2960.203622953718
2926.9503392594665
2930.2954187465766
2919.5688717931876
2926.524034778287
2923.525941386247
2923.706159971943
2941.893337176453
2933.5144007430636
2944.5778621296313
2938.440344773483
2933.5144007430636
2938.9834436623237
2946.1262113928897
2941.282974977762
2944.577861964637
2941.893337176453
2931.539785433206
2943.152078724939
2954.098634963011
2930.9438681758515
2942.907674532735
2936.283141157234
2921.7304297290393
2949.136388463434
2934.439332622076
2926.9503392594665
2924.572485627636
2920.3102511272746
2916.825707389391
2942.4940896452044
2926.9503392594665
2926.9503392594665
2927.526488855788
2943.343173724263
2933.5144007430636
2923.061543293976
2943.3615781539347
2939.7923863272904
2946.189353007361
2954.636373574703
2922.2769445964955
2933.5144007430636
2944.577391577331
2935.567118942444
2938.202172339182
2927.870168182943
2941.3073393166273
2923.3996480018027
2927.870168182943
2931.309113268997
2926.9503392594665
2926.9503392594665
2930.3054479861084
2938.1023350119917
2940.173241426837
2935.625701361914
2941.571170537736
2939.4524765715237
2942.325745431207
2930.2954187465766
2943.1520785577677
2925.9666448703388
2938.0691447302215
2934.3092855775353
