2936.1184819087716
2943.0085575386006
2939.932069484183
2925.6045080221975
2925.325231555049
2946.2665807140925
2942.3348342580452
2928.849415730598
2926.241664447136
2936.5992954722365
2931.2435932109097
2956.053371542504
2945.1181718607754
2946.309413577556
2953.4386551723273
2938.8428945501214
2927.087023475849
2941.8379725190543
2953.7437172365976
2939.998377130678
2946.953453296189
2958.598681941335
2929.5726454043693
2960.2647877706345
2954.4950387541235
2935.30881880242
2941.0426625096643
2954.8489793220047
2942.8706805122147
2958.455855198299
2931.2240798142316
2924.8017533867214
2925.4846653178347
2934.6123318217665
2940.367761243215
2913.5082721034114
2948.365521367234
2950.691035910995
2920.6545245361763
2924.6324929028306
2914.658453732526
2947.966924486844
2935.121067443976
2953.8492420740686
2958.598681941335
2930.997458882981
2931.2295541173544
2937.129717221448
2968.91763103591
2935.2385744241456
2939.416564185572
2931.1059721326637
2931.3312713542136
2958.598681941335
2931.0352558113154
2923.7632208212062
2941.0903379712786
2951.3789681012136
2932.890090956177
2942.5268303584944
2928.8497252431953
2935.0003673821325
2959.2140281941147
2941.523105732671
2948.7322109721986
2924.7604814174965
2943.560800578231
2915.641349749622
2941.948275065086
2941.948275065086
2925.4858339355937
2946.4647032185485
2926.1321966752007
2918.3744907619516
2940.595265884108
2949.8455479645063
2951.0277294263674
2949.897394344708
2943.4927764924014
2950.245921840273
2926.2661171898335
2957.878824967333
2962.494074134004
2943.4454568949873
2944.9941833924977
2960.367820065985
2937.2330409698943
2951.293360968886
2940.8284649391317
2935.0873481476187
2946.9984475374818
2967.1702851607856
2941.4551216641453
2929.001869475662
2951.6675183913403
2943.2726603118244
2954.810230582163
2927.9266999564115
2942.325924903653
2941.2703772241075
