2953.0764729949224
2925.0506462499256
2935.30881880242
2937.8062088135057
2931.281135773699
2943.3431904042336
2945.1044489276187
2950.416192890495
2946.2308457791655
2925.141325578252
2942.659026309016
2925.6317202286555
2941.3759635952883
2929.155449371167
2929.593381789589
2937.380024334263
2932.460247628109
2924.649014576054
2939.279744177319
2937.259944858322
2929.0895557017934
2927.9266999564115
2931.393824929562
2931.3656243486
2942.2933444786277
2925.097329732095
2926.8402209755145
2947.5118911161594
2951.0514820096805
2933.0359456416863
2952.222313113659
2945.826718872961
2938.083290194012
2957.6427058138197
2931.061511850759
2936.7448735531166
2936.276686430331
2927.3868761113604
2926.402588161552
2931.684639198301
2918.7451341511496
2937.4834324050394
2932.206929717839
2914.627724061946
2954.025125945151
2950.9405230330017
2937.8619646215834
2940.9857633787324
2925.918499441619
2918.512611067739
2934.1865817894727
2953.984815747579
2922.8632588398955
2926.0467212611693
2939.1210292291157
2924.649014576054
2933.9468381533584
2945.392559899587
2933.7058921208572
2959.733926739042
2960.5193883083125
2949.352442725159
2969.5638018624877
2942.8341840445023
2930.375793664602
2949.229615281361
2941.200441731518
2945.2031878787893
2917.2954947150465
2942.1912715574836
2933.312903214302
2961.344253799594
2930.760927707803
2943.2672885372162
2917.8718497927193
2967.657259448667
2936.164352756102
2909.093707302576
2920.0352530887067
2933.274870941927
2922.2707561845855
2934.7626183723096
2937.599451692574
2942.9368457145247
2950.133588452668
2945.6627481778687
2926.497751640733
2947.9046512404257
2935.383776982992
2943.29581579813
2951.0602302734005
2926.497751640733
2936.21675667481
2917.1113303278544
2940.1281886315555
2932.7490556551397
2954.4950387541235
2947.4064876457205
2931.6437854944124
2935.30881880242
