2926.241664447136
2941.4964273343553
2931.4582682005407
2948.2051996112896
2930.2801189278603
2936.5959222223646
2938.428441776762
2933.456982797354
2934.821861055427
2931.002349767303
2924.820024064218
2959.9306990575246
2925.1610315683965
2940.5421093477066
2928.341935130734
2948.7682089259024
2948.929998148281
2932.687754276367
2929.069407297964
2927.466109617
2939.2900918313667
2951.0510690258566
2930.0485838414834
2930.385569951468
2937.129717221448
2938.455331838096
2931.4963333259916
2939.242876068979
2943.658941611573
2925.6317202286555
2955.334359453147
2944.1778988670267
2936.9075060658056
2935.442081091228
2936.5224842136035
2929.5726454043693
2928.781023686979
2926.3461218101197
2941.2564747218885
2937.7918629341093
2936.009545636181
2954.264350833201
2954.4950387541235
2951.015244726145
2935.1403772762637
2935.30881880242
2924.8017533867214
2944.4088562060324
2934.9147957787645
2945.8780161328646
2919.0745007507926
2925.093533062257
2923.750834306003
2921.3378210565356
2937.906899133411
2928.6159307955863
2947.641883118446
2935.989801784324
2955.534111269457
2920.1728330118503
2927.158618343766
2937.44814012093
2941.066162058604
2931.073556861566
2953.8708406705564
2941.628487982028
2938.9576387560433
2928.388178045331
2930.4004616557145
2942.282823032982
2939.982411579347
2954.6110702468827
2925.451833736963
2938.392619454257
2940.104471774089
2960.486706270651
2937.712888683294
2932.908381679132
2942.282823032982
2949.094386897348
2953.2206347277333
2927.529918694859
2927.4969346867497
2942.9059703190096
2934.67496721705
2937.380024334263
2929.949633743047
2936.938334617985
2927.240034822655
2925.093533062257
2938.744304387861
2941.457968069816
2939.242876068979
2954.2566165271587
2949.8184002292123
2940.5421093477066
2917.871849792717
2953.4386551723273
2936.146045340742
2932.668284170125
