2939.126273528294
2947.9818065276545
2941.0903379712786
2931.8667159599345
2957.266909079229
2936.1956584550894
2925.451833736963
2952.222313113659
2931.043226808903
2926.241664447136
2919.5618133295598
2954.264350833201
2946.099314837475
2941.605800869028
2943.560800578231
2925.578589706366
2943.6007992508708
2946.203287472195
2933.5471044353935
2926.241664447136
2931.1608847119232
2968.786694694933
2944.3216404562313
2953.71562141376
2928.5895001466056
2947.404183103678
2937.286513062612
2926.3360878332023
2929.0445118547855
2938.5712258094345
2936.0348896023875
2956.814228269715
2949.123011494209
2920.1728330118503
2935.6819550749183
2921.7978026557917
2948.543570208082
2948.1048017125772
2953.185467706231
2937.44814012093
2924.039761915108
2951.751925689145
2941.875199460426
2945.7804256882578
2934.8622561311436
2940.4859989549996
2941.853736618667
2946.155283274407
2942.647376446146
2955.82865216838
2942.272949936603
2948.4982242692085
2932.128530024487
2952.2046302749836
2941.3192354220296
2942.3891973408613
2936.065903304908
2928.6466901467725
2932.2010477025674
2936.6027194040694
2937.463840247012
2936.9091784227144
2927.9665102853787
2937.7918629341093
2932.6541047954206
2928.76312335341
2947.8828866788613
2934.504912225716
2930.868200207203
2937.490995824531
2942.590692671448
2938.021968073532
2946.6863516802823
2936.21675667481
2941.1648241166577
2931.100854963664
2949.055543579514
2917.7343275511143
2951.1276372344846
2948.628965780847
2937.6254706999607
2929.995228725389
2945.9967027427306
2933.1996854396225
2958.598681941335
2920.5070546536685
2947.7765308268026
2922.4609229258776
2955.534111269457
2944.4088562060324
2960.367820065985
2938.0642833569677
2947.9046512404257
2937.03845098603
2965.4618057094794
2955.2067492164383
2949.02937200507
2934.795025606392
2935.4615025983057
2954.125033928653
