7.028957462500000641e-01
1.834106962916667083e+00
1.816557899027776868e+00
1.721447446805555614e+00
3.697777777777777573e-06
1.055946648611111316e-01
8.464743488888886169e-01
3.461814125000001185e-02
1.132023669444444797e-01
8.448821625000001168e-02
2.602016422222221959e-01
5.625319021805555764e+00
2.065435233237611101e+04
4.701343832083332508e+00
3.876370666666666825e-02
-1.494901283723611130e+02
6.229659871805568017e+00
-2.059237993354166463e+02
1.927010000138889367e+01
1.928595911413890178e+02
2.474746911866666608e+02
-2.269286907606943942e+02
-4.696687448249997487e+01
2.800383614847222447e+01
1.818512368040277352e+02
2.374590818138889006e+02
2.403481709755554903e+02
-2.804088708862499857e+02
-2.609792177152777413e+02
-2.308330330176389396e+02
2.952996577694441882e+01
-9.619747898986111068e+01
-2.042672925397220922e+02
1.300562695874998376e+01
6.127908450569444199e+01
-1.855807592999999827e+02
-1.713077754861112112e+01
1.006320071838889021e+02
-2.357342140512500919e+02
-2.292925550101388410e+02
9.858665102402777336e+01
-1.573284820752778330e+02
-2.544199730236111634e+01
1.583747321816667579e+02
-5.255902258958331430e+01
2.079455609763886770e+01
-1.678763279705555078e+02
2.519459152087498808e+02
-7.168162499791667130e+01
2.837657034337499908e+02
-2.334110751922221993e+02
-1.892981936347220540e+01
2.873101283840276210e+02
-2.465313537622220110e+02
3.656681140597225976e+01
7.335156469777776067e+01
1.612834024943056193e+02
1.372931858443055262e+02
-1.335572119695833635e+02
-1.146620738186111623e+02
8.885973945791667461e+01
-1.055089749049999881e+02
1.532976032780556750e+02
-4.823559858500001241e+01
-1.913707616759722328e+02
1.514619464500000561e+02
-8.751934446527776856e+00
6.403144266791666439e+01
1.037917609033333406e+02
-2.061102242729166676e+02
1.582913018922222363e+02
-9.939551382277778657e+01
9.131745793819447954e+01
1.937354011343055618e+02
1.122530638016666558e+02
-1.440942568844443485e+02
2.888499825325001211e+02
-4.352517429222224621e+01
-1.420867102515277338e+02
1.470292122751388604e+02
2.370179710931943760e+02
1.495415787015278113e+02
-2.159614911474999417e+02
-2.946105357465279440e+02
-1.834401124258333198e+02
2.104611175870832085e+02
-1.452289450813887868e+02
1.942007420055554689e+02
4.133738469375001046e+01
1.764534852706944719e+02
5.079865814597221885e+01
-2.450433474563888012e+02
2.164158665183334449e+02
1.363665625366666347e+02
1.681857792194443135e+01
1.396877947415278811e+02
-2.669504381098611248e+02
1.435175222350000297e+02
1.992719013595832394e+02
-4.308176309847220153e+01
-6.151880259291667130e+01
-1.393494116466665957e+02
-1.956285652645834148e+02
-2.839730029893055416e+02
-1.944353779393054822e+02
5.830325878624999802e+01
-4.897745320527776869e+01
-1.749877274915277212e+02
1.384147552868055584e+02
-2.074641612965278910e+02
1.298980208545833079e+02
-2.796578760951390450e+02
-2.300383819513889989e+02
-4.559186991805537659e+00
-2.269491212418055284e+02
-1.872094876925000051e+02
2.014585676488889305e+02
2.211537070361111290e+01
2.664890270295832124e+02
-2.317117965768056251e+02
2.644615406618055431e+02
2.306341752326387393e+02
-1.488544093001389399e+02
2.326624872987501078e+02
2.191063153318056038e+02
2.671730423137498178e+02
-1.468412018222221960e+01
-1.567320482993055748e+02
-2.502878851349999820e+02
-1.150605805752778252e+02
8.387264869472222983e+01
1.025896095333333164e+02
1.856233789738888049e+02
-2.552236388794443656e+02
-2.355713036137499898e+02
2.605206844604165894e+02
-5.430183304333333894e+01
1.917327505908332625e+02
2.420560991237499877e+02
-6.977661030374997608e+01
2.285168502495832001e+02
-1.516050308729167000e+02
6.721737675916669730e+01
1.931895545577777398e+02
1.857306124058333126e+02
5.141492172819445727e+01
-6.054301265611112370e+01
-2.423481189222222554e+02
1.821814675315278009e+02
-3.837938555291665921e+01
-2.185148797945832939e+02
1.100632696549999849e+02
-1.580353287183333748e+02
5.763088371111114050e+00
-4.460877926569443730e+01
2.436506392291665577e+02
-7.228092198625002140e+01
2.216330458366666960e+02
-2.801225331415276401e+02
2.065854497901388243e+02
-2.260600452987501114e+02
-1.377760235498610371e+02
1.444955474090277221e+02
-1.080398861434722306e+02
2.863649394833331385e+01
1.063934581624999609e+01
-1.517154871299999854e+02
2.410730115258334081e+02
-7.094136346708332042e+01
-1.450002478502776455e+02
-3.370545029861108599e+00
-9.639327574124999387e+01
2.063525746280555495e+02
5.775028452916657784e+00
-2.088586405613888815e+02
2.029215344401389700e+02
-1.846461856736110860e+02
-2.127536613629166311e+02
1.403577068302778059e+02
-2.398732741666666470e+02
-1.160337619230555362e+02
2.569554439944444084e+02
1.613949600388888257e+02
1.164061593576388418e+02
1.518088787431944411e+02
-8.490503586083329424e+01
-1.696211970918055840e+02
-2.801616785336109956e+02
-8.972931527222231196e+00
-2.102122002220834531e+02
-2.479487888965278728e+02
-2.468058314106945375e+02
-3.185064108958331630e+01
1.617754318083333089e+02
1.575342463344443615e+02
1.738305680413889149e+02
-2.021972540930554985e+01
-1.812000337908333734e+02
-1.121469152343055242e+02
-1.801739702609722542e+02
-2.805906077634723488e+02
2.139712767322220941e+02
-9.388603050569450659e+01
1.103263994958333569e+02
-2.188305596695833231e+02
-4.692214697625000497e+01
-2.554435817362499961e+02
1.354509485093055616e+02
-1.320929105294445094e+02
-2.390971487669443718e+02
1.463467002650000950e+02
-1.234412448100000432e+02
-2.109383921761112219e+02
-1.485614796297221574e+02
-1.338654812979166877e+02
-1.069337047555555955e+02
1.187928095525001027e+02
2.729524299370833660e+02
2.105277855166666541e+02
1.147827491359722529e+02
2.188667624211111047e+02
-1.170579249159722082e+02
-1.185452579856944624e+02
1.967096840259722512e+02
-1.606808163240277736e+02
1.441535206070833794e+02
1.229396334805555568e+02
-1.803438557865277971e+02
2.400623154569444182e+02
1.710163351561109835e+02
-5.511043201805554048e+01
1.617197822738888533e+02
-1.038208341368055159e+02
-1.667087917348611370e+02
1.634930101465278085e+02
-6.688631042902780166e+01
-7.647079958833329272e+01
-1.949145064966666610e+02
-2.768813604597221101e+01
-7.806498418527775129e+01
2.102757804506945547e+02
7.724305701347219610e+01
-8.636027928055566960e+00
1.468572439513888526e+02
-1.323902041180554434e+01
-2.308831284027777997e+02
-1.531002538195833722e+02
-2.101999887513889220e+01
-2.332518129022222979e+02
2.192771013938888132e+02
-4.161603209583336138e+01
-2.039250999534721132e+02
-2.818908099586111007e+02
2.608998587313888038e+02
-2.804929509861113335e+00
1.811723343950000356e+02
-4.331933562319443354e+01
-1.323798805698610863e+02
-7.326014314236111602e+01
-9.030852257208331935e+01
-1.504082835872222290e+02
1.220460714238888329e+02
-2.089596417930555958e+02
-2.451199287284721322e+02
2.881634614116667876e+02
1.396168657402778024e+02
-1.033628894965277851e+02
-1.003419859333333264e+01
-1.420692724040277710e+02
-2.024270368680554810e+01
-2.602494804961110049e+02
-6.563571359555554352e+01
-2.473443754737499489e+02
-2.630366168097223181e+02
-9.146741654583331993e+00
-9.808870772236109303e+01
1.315494955704166671e+02
1.150389641455555818e+02
7.515915838638886726e+01
-1.065082567502777806e+02
-2.285381216643056348e+02
2.455494012549998502e+02
1.516590000168055781e+02
-2.032019046113889544e+02
-1.850978012451389532e+02
-2.593639344900001902e+02
1.849721172201387844e+02
-1.867804582102777999e+02
-3.495671839347223653e+01
-9.071091229027777203e+00
2.487227577530555891e+02
1.224918362676389023e+02
-2.352600681576388126e+02
-2.126904204827778528e+02
-1.454734384226389068e+02
-2.363410188543055312e+02
2.140271082780556071e+02
-1.691335665715277230e+02
-3.763302608277775363e+01
-1.698786100875001068e+02
1.300744455883333046e+02
-2.433470293954166266e+02
7.798413420819446173e+01
1.057456611372222426e+02
-1.071645483256944829e+02
1.825852977173611862e+02
1.629990834569443905e+02
-4.131390994069444389e+01
-9.720118667555557579e+01
-1.267107213931944329e+02
-1.472898896205555843e+02
3.924742231833332085e+01
-2.370176722651388843e+02
-1.765460345200000631e+02
-2.200389933087499799e+02
-2.220997277744444318e+02
-2.498787278450000713e+02
2.469722715363889449e+02
-2.079002825579167393e+02
2.575271728458333769e+02
1.276337032436111514e+02
2.664918579302775470e+02
-2.245078858033334370e+02
1.094538264547222468e+02
-6.397841174527778207e+01
-2.336002145372222571e+02
6.107482471472224006e+01
-2.148636337515278001e+02
-2.378641047415277399e+02
-2.292017061387499268e+02
1.631231525088890066e+02
-2.610184538290276919e+02
-2.408969994408332980e+02
2.073484619151389268e+02
1.815790661095832945e+02
1.792734381763888862e+01
2.295533422711110916e+02
1.278866823980555836e+02
1.651042712868055844e+02
1.167734962398611316e+02
-2.806070835172221791e+02
-6.031554863499994212e+01
1.668057392512499177e+02
-6.009091375569443727e+01
7.754900731180553919e+01
6.912955024583338570e+01
-2.235677446969445441e+02
-2.222436130890277468e+02
-2.129627983193055343e+02
-1.268773173491666881e+02
-2.652417990281944640e+02
1.985484344556943483e+02
2.227916643154165968e+02
2.580349706568056831e+02
-5.026738540361110097e+01
-2.337746077758334309e+02
-1.694217388309722310e+02
1.687701184270833039e+02
2.604073859447221935e+02
1.520150951286111933e+02
2.393051077722223141e+01
5.525192271291665946e+01
5.896745199972221485e+01
-2.330565087012499532e+02
-9.717019534138893277e+01
-1.796672579425000151e+02
-2.047296333970833473e+02
-2.638319017904166799e+02
-6.574395985374999896e+01
-2.825805409698611470e+02
-1.813395191468054577e+02
1.941529024654167586e+02
-6.732346824291666110e+01
2.318112676319445029e+02
2.364222793073611513e+02
-1.792230984495832899e+02
2.529504119143056187e+02
2.529704303488888399e+02
-1.641382757730555682e+02
5.084795399000000771e+01
-1.589504751569444068e+02
-2.669281535747222733e+02
2.366308032895832412e+02
-2.002841096018055396e+02
1.101861887677778640e+02
-1.722428902208332602e+02
-1.494627457890277356e+02
-1.015651912329166038e+02
-1.654012244000000464e+01
2.294266151391666426e+02
-4.722589604958334775e+01
-2.481642326468055444e+02
-1.599379378752777257e+02
-9.890227126805558555e+01
-4.780490184194443515e+01
1.430195532544443608e+02
1.060565287819444968e+01
-1.191654798881945112e+02
-2.011914615751388453e+02
1.373623530272221842e+02
6.900005509486102540e+01
1.775986609197222492e+02
-2.906819548518055853e+02
-9.303798447583332631e+01
-7.924523232944446249e+01
5.789063339847223233e+01
-1.686441872816667455e+02
-2.111280521104167462e+02
-2.299190544619443983e+02
-8.826470691805555546e+00
-2.329677564737500290e+02
-6.350200973944447469e+01
1.689502025831944820e+02
-1.953442877916666873e+02
-2.645626382459722663e+02
