3.033600000000000136e+02
3.033600000000000136e+02
3.025299999999999727e+02
2.996800000000000068e+02
2.996800000000000068e+02
2.996800000000000068e+02
2.996800000000000068e+02
2.996800000000000068e+02
2.996800000000000068e+02
0.000000000000000000e+00
0.000000000000000000e+00
0.000000000000000000e+00
0.000000000000000000e+00
0.000000000000000000e+00
3.088500000000000227e+02
3.088500000000000227e+02
3.059499999999999886e+02
3.058799999999999955e+02
3.081000000000000227e+02
3.081000000000000227e+02
3.081000000000000227e+02
3.096200000000000045e+02
3.096200000000000045e+02
3.096200000000000045e+02
3.070699999999999932e+02
3.070699999999999932e+02
3.070699999999999932e+02
3.075799999999999841e+02
3.024700000000000273e+02
3.024700000000000273e+02
3.013100000000000023e+02
3.003399999999999750e+02
3.003399999999999750e+02
3.003399999999999750e+02
3.003399999999999750e+02
2.996600000000000250e+02
0.000000000000000000e+00
0.000000000000000000e+00
0.000000000000000000e+00
3.089200000000000159e+02
3.082300000000000182e+02
3.082300000000000182e+02
3.082300000000000182e+02
3.082300000000000182e+02
3.082300000000000182e+02
0.000000000000000000e+00
3.081600000000000250e+02
3.081600000000000250e+02
3.081600000000000250e+02
3.081600000000000250e+02
3.050000000000000000e+02
3.050000000000000000e+02
3.050000000000000000e+02
3.050000000000000000e+02
0.000000000000000000e+00
0.000000000000000000e+00
3.057400000000000091e+02
3.057400000000000091e+02
3.010600000000000023e+02
3.010600000000000023e+02
3.010600000000000023e+02
3.010600000000000023e+02
3.010600000000000023e+02
0.000000000000000000e+00
3.068000000000000114e+02
3.068000000000000114e+02
3.072599999999999909e+02
3.084100000000000250e+02
3.089399999999999977e+02
3.089399999999999977e+02
3.083100000000000023e+02
3.083100000000000023e+02
