4.387982155824235453e-01
9.171906018827438167e-01
9.026191844237251294e-01
8.326565329038180252e-01
1.689770877155820420e-06
8.119240631662304197e-02
4.548107653488827617e-01
2.880787212396403521e-02
5.380280694674390712e-02
4.529946222723200272e-02
1.642780678898613511e-01
2.662834664188198808e+00
9.237709521254395440e+03
2.112708161345441038e+00
3.323800590863938698e-02
1.200104562759444491e+02
1.197446804650376890e+02
1.071772099663051989e+02
1.128876446888876899e+02
1.452708234582678415e+02
1.275445477935743384e+02
1.300271214547579177e+02
1.276900678867089880e+02
9.355562948935998691e+01
1.175569961145412350e+02
1.358543927570263463e+02
1.409688328380540838e+02
1.414527757203745182e+02
1.615903481181265136e+02
1.263491667582564162e+02
9.805284093149749935e+01
1.085473676390052162e+02
1.358148359575098993e+02
9.984526322941546539e+01
1.219476726563273843e+02
1.072683691992599933e+02
1.000076109644765836e+02
8.802396669323633205e+01
1.171519556018395463e+02
1.338115796476947708e+02
1.260474374018003516e+02
1.277231545303049529e+02
1.032181770420371691e+02
1.281274864923636017e+02
1.094882188721568639e+02
1.323352140639008496e+02
1.414047677773845066e+02
1.209284195669328597e+02
1.456652634161562503e+02
1.366964168344414645e+02
1.145361233825820619e+02
1.091855104318903074e+02
1.375364171410822962e+02
1.231116389450116344e+02
1.153616922777071778e+02
1.214756553994198640e+02
1.068372185982748448e+02
1.281394820894373368e+02
9.713449657936546089e+01
1.286489190538884770e+02
1.341203783991888656e+02
8.825531331599086116e+01
1.072374087153143307e+02
7.773762297994130677e+01
1.189379836303407529e+02
1.482787968145388504e+02
1.040856394656363477e+02
7.811384547469893391e+01
1.053684213541206134e+02
1.321144246178367041e+02
1.183132107623145117e+02
1.087848210206012709e+02
1.014023386379915763e+02
1.156605295050841136e+02
1.140878147930200726e+02
1.276260170236005678e+02
1.418927592788211314e+02
9.989783933299283092e+01
1.432255470529289596e+02
1.159393445994693224e+02
1.243213402888420234e+02
1.097049155390573674e+02
1.224329821879935025e+02
1.483003674334994457e+02
1.153483693426663734e+02
1.444304619448016069e+02
1.133463812155965371e+02
1.107678253038352096e+02
1.001302342508674030e+02
1.299503175134199751e+02
9.325981532943350771e+01
1.247917659393919507e+02
1.328890870726417006e+02
1.577860435053363517e+02
7.961305901166575438e+01
1.013431061256591903e+02
1.347887564549617423e+02
1.466759824511953525e+02
1.129613686306120854e+02
1.010158969044197619e+02
8.829513509929145698e+01
1.176531777890683372e+02
1.150737043228560026e+02
1.344847887642536932e+02
1.096121162463004595e+02
1.165694712637158261e+02
9.862576920506306521e+01
1.272231152416574247e+02
1.460728583912377871e+02
1.495020615742450047e+02
8.259260654128355839e+01
1.361757582534705762e+02
1.370677754310395358e+02
1.148949414443174675e+02
1.231744023828518095e+02
1.467330693248842408e+02
1.336800281180665309e+02
1.155852583369923252e+02
1.291511814747494213e+02
1.168921899928581354e+02
1.339972240556718930e+02
1.308850307127329131e+02
1.161831705577169345e+02
1.251105096030516535e+02
1.242342435890850680e+02
1.300892423723338993e+02
8.420057700448995774e+01
1.947477352941707522e+02
1.264610679381254812e+02
9.808421750428009034e+01
1.191659471812079687e+02
9.291715147726220891e+01
1.017873454877796320e+02
1.247137721387317697e+02
1.457409038482654182e+02
1.548919057967104607e+02
8.368952383253770222e+01
1.506460996062262154e+02
1.310970235933316417e+02
9.466724849296336686e+01
1.338783920175199000e+02
1.116986428605966495e+02
1.234999865048241361e+02
1.319916273846158674e+02
1.082560043546180566e+02
1.352343030454698010e+02
1.275079315742998034e+02
1.266325196036765135e+02
1.200664928306998576e+02
8.824012288226185774e+01
1.122978450888202246e+02
1.139748388853282393e+02
8.975045753460399567e+01
1.484398284647631101e+02
8.124417627982275292e+01
1.299914338826828555e+02
1.529658921085623717e+02
1.218353305810296376e+02
1.373831468617759128e+02
1.089611152387414279e+02
1.411744052205107778e+02
1.082714699550949291e+02
9.885256586871820161e+01
1.245181987916811721e+02
1.419258323209487003e+02
1.593721064510332042e+02
1.380355601588087211e+02
1.192633168423353709e+02
9.270938609231312455e+01
1.008363677412949642e+02
8.883496673110687425e+01
1.166690563417424329e+02
1.159076959426770088e+02
1.137315443465731875e+02
1.066405811089735494e+02
1.255552610467128005e+02
1.209859158673088473e+02
1.093996720063933878e+02
1.200890657194847222e+02
1.270924468478194598e+02
9.713452097117094297e+01
1.326521672377436971e+02
1.044396565086032354e+02
1.234485936624849813e+02
1.129012457935131408e+02
1.129851792865184450e+02
1.428908336832722910e+02
1.318856315455831236e+02
9.021654545930864799e+01
1.268209210959072806e+02
1.265892087713160805e+02
1.266297474117532289e+02
8.052524985032091820e+01
1.048836137340324086e+02
1.081997942406870550e+02
1.598110610562980582e+02
1.134267164431638264e+02
1.179041198378161255e+02
8.939944538190489709e+01
1.279824750672517268e+02
1.316445091948978927e+02
1.465465691603821199e+02
1.256676623236876225e+02
8.602630162355853827e+01
1.184799808901491502e+02
9.346838573106417414e+01
1.240562018678205334e+02
1.101996511929310856e+02
1.013190993545911311e+02
1.247097221047911120e+02
1.030570802727024926e+02
1.269588487923767133e+02
1.222478568782722874e+02
1.360001784930684892e+02
1.034915069146234288e+02
1.219207247040375250e+02
1.279372926520986056e+02
1.388901055134140563e+02
1.292542118902468928e+02
1.181175659508267586e+02
1.302268473292574242e+02
9.663666618298289279e+01
1.024735551543028009e+02
1.100513034259632406e+02
1.154159344827645839e+02
8.727547026777618555e+01
1.256358482396689453e+02
1.252761897427810993e+02
1.215425988127421277e+02
1.152071094605809662e+02
8.356563750557475601e+01
1.116532516218521778e+02
1.008977888565680132e+02
1.122493433439896222e+02
2.006682784715040668e+02
9.897819595226951606e+01
1.246809890906980485e+02
1.297819122447553752e+02
9.629896445939345995e+01
1.210980270956043938e+02
1.124800798367571701e+02
1.309038597873268372e+02
1.564281200770511475e+02
1.285310000965947381e+02
8.125907195798183125e+01
1.305315355316315618e+02
1.115316425100054261e+02
9.191440603369331086e+01
1.206333142193077919e+02
1.187510082521239241e+02
9.785465183504956599e+01
1.117838830852639234e+02
1.349417189170943061e+02
1.332319059384497848e+02
9.255066652821523121e+01
1.383298917829060883e+02
7.829201156344839774e+01
1.116282697934300643e+02
1.058061949477587689e+02
8.621400508707732513e+01
1.284130866308170198e+02
1.345883498836003866e+02
1.103206070740290983e+02
1.300262831386042990e+02
1.340947555500125361e+02
9.312713336920849372e+01
9.025392401926681885e+01
7.797007827678153546e+01
1.261777525144673149e+02
1.128715947050674657e+02
1.338400095106853769e+02
7.005522787492728298e+01
1.308980093405602076e+02
1.335205403257272394e+02
7.608444936908557565e+01
1.428760126299787032e+02
1.293135957751979959e+02
1.422945247151372996e+02
7.353199251768712941e+01
1.165451865589592586e+02
1.217909360178725393e+02
1.235648246075471519e+02
1.250047790006108670e+02
1.124183693180547010e+02
1.492998967502008441e+02
1.279719506937011744e+02
1.125251756120630233e+02
1.067808223972740933e+02
1.254452172726441148e+02
7.542326784863065825e+01
1.229807906838573786e+02
1.271643078439952177e+02
1.298569209169741043e+02
1.175367201838537881e+02
1.221843103379793831e+02
1.249987421260158413e+02
1.336193562808696527e+02
1.105302563263587246e+02
9.612922436903130574e+01
1.174197800693712139e+02
9.118527162269643327e+01
1.166333715887153346e+02
9.580802806890248746e+01
1.072681917836320906e+02
1.411639179374448645e+02
1.395258373723511625e+02
1.327446918172261405e+02
6.706839619082876425e+01
1.098103279209726253e+02
1.155116597323618777e+02
1.057633798877876501e+02
1.142692437781393693e+02
1.272649952817240120e+02
1.377859814241811023e+02
1.207860175622854229e+02
1.305015623600407366e+02
1.333227947117276528e+02
1.357691041396238631e+02
1.281855471000675948e+02
1.249024936662241601e+02
1.050353941349225551e+02
1.338994118694641600e+02
1.300376704898235118e+02
9.458884046905350829e+01
8.436156778664944511e+01
1.152505734409316318e+02
8.117926167292623063e+01
1.404020988285257090e+02
1.237410052215656293e+02
1.239848484170772309e+02
1.127575329267640711e+02
1.335442949254642713e+02
1.345149097693868327e+02
1.130144264447925053e+02
1.125038668971163389e+02
9.116095698579668749e+01
1.223741938914726148e+02
1.314406079732479782e+02
9.392370106246407602e+01
9.761226501457144877e+01
1.378444254404735716e+02
9.280278748497732977e+01
1.489582549353503680e+02
1.027733443263267930e+02
1.057707672931910992e+02
9.928106408983461506e+01
1.247497162940864683e+02
1.270113393060867253e+02
1.393802082562182250e+02
1.081875429217545843e+02
1.275400654645472542e+02
1.040775299247723638e+02
1.275563846669731305e+02
1.284111689496589861e+02
9.355245882541849767e+01
1.178951600769070325e+02
1.185462006513838418e+02
1.242790866828781020e+02
1.325088916482249601e+02
9.838866217222557964e+01
7.478511989515683922e+01
9.245014118483032917e+01
8.975521281902216231e+01
1.187107810356115607e+02
1.091679113659978242e+02
1.132137604009879510e+02
1.156652567238984659e+02
1.294986873244275500e+02
9.652829529298334421e+01
1.301432660165069990e+02
1.180238287216547803e+02
1.277990577264852874e+02
8.929808126343172603e+01
1.332943751461838531e+02
1.322839688099364537e+02
1.127955323683435012e+02
1.326249381049312603e+02
1.416641813250778057e+02
1.164052571379751839e+02
8.391208337356732727e+01
8.767837822075087217e+01
1.291823426760479379e+02
1.240347765458916314e+02
1.112125800295854248e+02
1.309147773862198392e+02
1.140956713201217667e+02
1.397613733703901460e+02
1.177088188286631834e+02
1.083760425361757171e+02
1.476983138434536045e+02
8.063654526726027427e+01
1.283056067936365423e+02
1.082902230749193393e+02
1.076554415165786622e+02
7.693534860123700980e+01
1.019932166634254855e+02
1.174610634953811541e+02
1.145247258246490105e+02
1.590236286551960916e+02
1.151702348508405720e+02
1.100963349230462995e+02
1.145694736505666782e+02
1.391270680148743679e+02
1.157964952891863817e+02
1.073281759170205447e+02
1.081281106354349504e+02
9.906269657987013488e+01
1.200730637893995834e+02
1.245769105412324080e+02
9.941823046164053324e+01
1.271943825734450542e+02
1.278279784418222249e+02
1.036578513736790654e+02
1.420126311475345062e+02
1.347343013780064780e+02
