462.13
450.05
450.05
450.05
449.18
449.18
449.18
449.18
449.18
449.18
449.18
449.18
449.18
449.18
449.18
449.18
449.18
449.18
449.18
449.18
449.18
447.19
447.19
447.19
447.19
447.19
447.19
447.19
447.19
447.19
447.19
447.19
445.16
445.16
445.16
445.16
445.16
445.16
438.09
436.54
436.54
436.54
436.54
436.54
436.54
436.54
436.54
436.54
436.54
436.54
436.54
436.54
436.54
433.57
433.57
433.57
433.57
433.57
433.57
433.57
433.57
433.57
433.57
433.57
433.57
433.57
433.57
433.57
433.57
433.57
433.57
433.57
433.57
433.57
433.57
433.57
433.57
433.57
433.57
433.57
433.57
433.57
433.57
433.57
433.57
433.57
433.57
433.57
433.57
433.57
433.57
433.57
433.57
433.57
433.57
433.57
433.57
433.57
433.67
433.67
433.67
433.67
433.67
433.67
433.67
433.67
433.67
433.67
433.67
433.67
433.67
433.67
433.67
428.55
428.55
426.53
426.53
426.53
426.53
426.53
426.53
426.53
426.53
426.53
426.53
426.53
426.53
426.53
426.53
426.53
426.53
426.53
426.53
426.53
426.53
426.53
426.53
426.53
426.53
426.53
426.53
426.53
426.53
426.53
426.53
426.53
426.53
426.53
426.53
426.53
426.53
426.53
426.53
426.53
426.53
426.53
426.53
426.53
426.53
426.53
426.53
426.53
426.53
426.53
426.53
426.53
426.53
426.53
426.53
426.53
426.53
426.53
426.53
426.53
426.53
426.53
426.53
426.53
426.53
426.53
426.53
426.53
426.53
426.53
426.53
426.53
426.53
426.53
426.53
426.53
426.53
426.53
426.53
426.53
426.53
426.53
426.53
426.53
426.53
426.53
426.53
426.53
426.53
426.53
426.53
426.53
426.53
426.53
426.53
423.75
423.75
419.79
419.79
419.79
419.79
419.79
419.79
419.79
419.79
419.79
419.79
429.86
426.67
426.67
426.67
426.67
426.67
426.67
426.67
426.67
426.67
425.25
418.18
418.18
418.18
418.18
418.18
418.18
418.18
418.18
418.18
418.18
418.18
418.18
418.18
418.18
418.18
418.18
418.18
418.18
418.18
418.18
418.18
418.18
418.18
418.18
418.18
418.18
418.18
418.18
418.18
418.18
418.18
418.18
418.18
418.18
418.18
418.18
418.18
418.18
418.18
418.18
418.18
418.18
418.18
418.18
418.18
418.18
418.18
418.18
418.18
418.18
418.18
418.18
418.18
418.18
418.18
418.18
418.18
418.18
418.18
418.18
418.18
418.18
418.18
418.18
418.18
418.18
418.18
418.18
418.18
418.18
418.18
418.18
418.18
418.18
418.18
418.18
