445.30
445.30
445.30
445.30
445.30
445.30
445.30
445.30
445.30
445.30
445.30
445.30
445.30
445.30
445.30
445.30
445.30
445.30
445.30
445.30
445.30
445.30
445.30
445.30
445.30
445.30
445.30
445.30
445.30
445.30
445.30
440.47
440.47
440.47
440.47
440.47
440.47
440.47
440.47
440.47
440.47
440.47
440.47
440.47
440.47
440.47
440.47
440.47
440.47
440.47
440.47
440.47
440.47
440.47
440.47
440.47
440.47
440.47
440.47
440.47
440.47
440.47
440.47
440.47
440.47
440.47
440.47
440.47
440.47
440.47
440.47
440.47
440.47
440.47
440.47
440.47
440.47
440.47
440.47
440.42
440.42
440.42
439.96
432.56
432.56
432.56
432.56
432.56
432.56
432.56
432.56
430.64
430.64
430.64
430.64
430.64
430.64
430.64
430.64
430.64
430.64
430.64
430.64
430.64
430.64
430.64
430.64
430.64
430.64
430.64
430.64
430.64
430.64
430.64
430.64
430.64
430.64
430.64
430.64
430.64
430.64
430.64
430.64
430.64
430.64
430.64
430.64
430.64
430.64
430.64
430.64
430.64
430.64
430.64
430.64
430.64
430.64
430.64
430.64
430.64
430.64
430.64
430.64
430.64
430.64
430.64
430.64
430.64
430.64
430.64
430.64
430.64
430.64
430.64
430.64
430.64
430.64
430.64
430.64
430.64
430.64
430.64
430.64
430.64
430.64
430.64
430.64
430.64
430.64
430.64
430.64
430.64
430.64
430.64
430.64
430.64
430.64
430.64
430.64
430.64
430.64
430.64
430.64
430.64
430.64
430.64
430.64
430.64
430.64
430.64
430.64
430.64
430.64
430.64
430.64
430.64
430.64
430.64
430.64
430.64
430.64
430.64
430.64
430.64
430.64
430.64
430.64
430.64
430.64
430.64
430.64
430.64
430.64
430.64
430.64
430.64
430.64
430.64
438.85
438.85
438.85
438.85
438.85
437.63
437.63
437.63
437.63
437.63
437.63
437.63
437.63
436.31
436.31
436.31
436.31
434.83
434.83
434.83
434.83
434.83
434.83
434.83
434.83
434.83
434.83
434.83
434.83
434.83
434.83
434.83
434.83
434.83
434.83
434.83
434.83
434.83
434.83
434.83
434.83
434.83
434.83
434.83
434.83
434.83
434.83
434.83
434.83
434.83
434.83
434.83
434.83
434.83
434.83
434.83
434.83
434.83
434.83
434.83
434.83
434.83
434.83
434.83
434.83
434.45
434.00
434.00
434.00
434.00
434.00
434.00
434.00
434.00
434.00
434.00
434.00
434.00
434.00
434.00
434.00
434.00
434.00
434.00
434.00
434.00
434.00
432.56
432.56
432.56
432.56
