1.00
1.00
464.54
458.50
458.50
458.50
446.52
446.52
446.52
446.52
446.52
446.52
446.52
446.52
446.52
446.52
446.52
446.52
446.52
446.52
446.52
446.52
446.52
446.52
446.52
446.52
446.52
446.52
446.52
446.52
446.52
446.52
446.52
446.52
446.52
446.52
446.52
446.52
446.52
446.52
446.52
446.52
446.52
446.52
446.52
446.52
446.52
446.52
446.52
446.52
446.52
446.52
446.52
446.52
446.52
446.52
446.52
446.52
446.52
446.52
446.52
446.52
446.52
446.52
446.52
446.52
446.52
446.52
446.52
446.52
446.52
446.52
446.52
446.52
446.52
446.52
446.52
446.52
446.52
446.52
446.52
446.52
446.52
446.52
446.52
446.52
446.52
446.52
446.52
439.63
439.63
439.63
439.63
439.63
439.63
439.63
439.63
439.63
439.63
439.63
439.63
439.63
439.63
439.63
439.63
439.63
439.63
439.63
437.64
437.64
437.64
437.64
437.64
437.64
437.64
437.64
437.64
437.64
437.64
437.64
437.64
437.64
437.64
437.64
437.64
437.64
437.64
437.64
436.43
436.43
436.43
436.43
436.43
436.43
436.43
436.43
436.43
436.43
436.43
433.60
433.60
433.60
433.60
433.60
433.60
433.60
433.60
433.60
433.60
433.60
433.60
433.60
433.60
433.60
433.60
433.60
433.60
433.60
433.60
433.60
433.60
433.60
432.48
432.48
432.48
432.48
432.48
432.48
432.48
432.48
432.48
432.48
432.48
432.48
432.48
432.48
432.48
432.48
432.48
431.96
431.96
431.96
431.96
431.96
431.96
431.96
431.96
431.96
431.96
431.96
431.96
431.96
431.96
431.96
431.96
431.96
431.96
431.96
431.96
431.96
431.96
431.96
431.96
431.96
431.96
431.96
431.96
431.96
431.96
431.96
431.96
431.96
431.96
431.96
431.96
431.96
431.96
431.96
431.96
431.96
429.11
429.11
429.11
429.11
429.11
429.11
429.11
429.11
429.11
429.11
429.11
429.11
429.11
429.11
429.11
429.11
429.11
429.11
429.11
429.11
429.11
428.80
428.80
428.80
428.80
428.80
428.80
428.80
428.80
428.80
428.80
428.80
428.80
428.80
428.80
428.80
428.80
428.80
428.80
428.80
428.80
428.80
428.80
428.80
428.80
428.80
428.80
428.80
428.80
428.80
428.80
428.80
428.80
428.80
428.80
428.80
428.80
428.80
428.80
428.80
428.80
428.80
428.80
428.80
428.80
428.80
428.80
428.80
428.80
428.80
428.80
428.80
428.80
428.80
428.80
428.80
428.80
428.80
428.80
428.80
428.80
428.80
428.80
428.80
428.80
428.80
428.80
428.80
428.80
428.80
428.80
428.80
428.80
428.80
428.80
428.80
