1.00
470.48
485.31
485.31
485.31
485.31
485.31
485.31
485.31
485.31
485.31
485.31
485.31
485.31
485.31
485.31
485.31
485.31
485.31
485.31
485.31
485.31
485.31
485.31
485.31
485.31
485.31
485.31
485.31
485.31
485.31
485.31
465.00
465.00
465.00
465.00
465.00
465.00
465.00
465.00
465.00
465.00
465.00
465.00
465.00
465.00
465.00
465.00
465.00
465.00
465.00
465.00
465.00
465.00
465.00
465.00
465.00
465.00
465.00
465.00
465.00
465.00
465.00
465.00
465.00
465.00
465.00
465.00
465.00
465.00
465.00
465.00
465.00
465.00
465.00
465.00
465.00
465.00
465.00
465.00
465.00
465.00
465.00
465.00
465.00
465.00
465.00
465.00
465.00
465.00
465.00
465.00
465.00
465.00
465.00
465.00
465.00
465.00
465.00
465.00
465.00
465.00
465.00
465.00
465.00
465.00
465.00
465.00
465.00
465.00
465.00
465.00
465.00
465.00
465.00
465.00
465.00
465.00
465.00
465.00
465.00
465.00
471.40
471.40
471.40
471.40
471.40
471.40
471.40
471.40
471.40
471.40
471.40
471.40
471.40
471.40
471.40
471.40
471.40
471.40
471.40
471.40
471.40
471.40
471.40
471.40
471.40
471.40
471.40
471.40
471.40
471.40
471.40
471.40
471.40
471.40
471.40
471.40
471.40
471.40
471.40
471.40
471.40
471.40
471.40
471.40
471.40
471.40
471.40
471.40
471.40
471.40
471.40
471.90
471.90
471.90
471.90
471.90
471.90
471.90
471.90
471.90
471.90
471.90
471.90
471.90
471.90
471.90
471.90
471.90
471.90
471.90
471.90
471.90
471.90
471.90
471.90
471.90
471.90
471.90
471.90
471.90
471.90
471.90
471.90
471.90
471.90
471.90
471.90
471.90
471.90
471.90
471.90
471.90
471.90
471.90
471.90
471.90
461.78
461.78
461.78
461.78
461.78
461.78
461.78
461.78
461.78
461.78
462.09
462.09
462.09
462.09
462.09
462.09
462.09
462.09
462.09
462.09
462.09
462.09
462.09
462.09
462.09
462.09
462.09
462.09
462.09
462.09
462.09
462.09
462.09
462.09
462.09
462.09
462.09
462.09
462.09
462.09
462.09
462.09
464.11
464.11
464.11
464.11
464.11
464.11
464.11
464.11
464.11
464.11
464.11
464.11
464.11
464.11
451.25
451.25
451.25
451.25
451.25
451.25
451.25
451.25
451.25
451.25
451.25
451.25
451.25
451.25
451.25
451.25
451.25
451.25
451.25
451.25
451.25
451.25
451.25
451.25
451.25
451.25
451.25
451.25
451.25
462.39
462.39
462.39
462.39
462.39
462.39
462.39
462.39
462.39
462.39
462.39
462.39
462.39
462.39
462.39
462.39
462.39
462.39
462.39
462.39
462.39
462.39
462.39
462.39
462.39
462.39
462.39
462.39
462.39
462.39
462.39
462.39
462.39
462.39
462.39
462.39
462.39
462.39
462.39
462.39
