1.00
460.84
460.84
460.84
460.84
460.84
460.84
471.09
471.09
475.41
475.41
475.41
475.41
475.41
475.41
475.41
475.41
475.41
475.41
475.41
475.41
475.41
475.41
475.41
469.45
469.45
469.45
469.45
469.45
469.45
469.45
469.45
469.45
469.45
469.45
469.45
469.45
469.45
469.45
469.45
469.45
469.45
469.45
469.45
469.45
469.45
469.45
469.45
469.45
469.45
469.45
469.45
469.45
469.45
469.45
469.45
469.45
469.45
469.45
469.45
469.45
469.45
469.45
469.45
469.45
469.45
469.45
469.45
469.45
469.45
469.45
469.45
469.45
469.45
469.45
469.45
469.45
469.45
469.45
469.45
469.45
469.45
469.45
469.45
469.45
469.45
469.45
469.45
469.45
469.45
469.45
469.45
469.45
469.45
469.45
469.45
469.45
469.45
469.45
469.45
469.45
469.45
469.45
469.45
469.45
469.45
469.45
469.45
469.45
469.45
469.45
469.45
469.45
469.45
469.45
469.45
469.45
469.45
469.45
469.45
469.45
469.45
469.45
469.45
469.45
469.45
469.45
469.45
469.45
469.45
469.45
469.45
469.45
469.45
469.45
469.45
469.45
469.45
469.45
469.45
469.45
469.45
469.45
469.45
469.45
469.45
469.45
469.45
469.45
469.45
469.45
469.45
469.45
469.45
469.45
469.45
469.45
469.45
469.45
469.45
469.45
469.45
469.45
469.45
469.45
469.45
469.45
469.45
469.45
469.45
469.45
469.45
469.45
469.45
469.45
469.45
469.45
467.38
467.38
467.38
467.38
467.38
467.38
467.38
467.38
467.38
467.38
467.38
467.38
467.38
467.38
467.38
467.38
467.38
467.38
467.38
467.38
467.38
467.38
467.38
467.38
467.38
467.38
467.38
467.38
467.38
467.38
467.38
467.38
467.38
467.38
467.38
467.38
467.38
467.38
467.38
467.38
467.38
467.38
467.79
467.79
467.79
467.79
467.79
467.79
472.42
472.42
472.42
472.42
472.42
472.42
472.42
472.42
472.42
472.42
472.42
472.42
472.42
472.42
472.42
472.42
472.42
472.42
472.42
472.42
472.42
472.42
474.83
474.83
474.83
474.83
474.83
474.83
474.83
474.83
474.83
474.83
474.83
474.83
474.83
474.83
474.83
474.83
474.83
474.83
474.83
474.83
474.83
474.83
474.83
474.83
474.83
474.83
474.83
474.83
474.83
474.83
474.83
474.83
475.77
475.77
475.77
475.77
475.77
475.77
475.77
475.77
475.77
475.77
475.77
475.77
475.77
475.77
475.77
475.77
475.77
475.77
475.77
475.77
475.77
475.77
475.77
462.31
462.31
462.31
462.31
462.31
462.31
462.31
462.31
462.31
462.31
462.31
462.31
462.31
462.31
462.31
462.31
462.31
462.31
462.31
462.31
462.31
462.31
462.31
462.31
463.22
463.22
463.22
463.22
463.22
463.22
463.22
463.22
463.22
463.22
463.22
463.22
463.22
463.22
463.22
463.22
463.22
463.22
