-370247.05
-370386.97
-370121.23
-369963.74
-369895.63
-369973.21
-370073.05
-370247.68
-369888.30
-369850.86
-369593.62
-369729.62
-369771.22
-369634.76
-369407.70
-369503.27
-369493.62
-369358.68
-369407.15
-369449.76
-369449.20
-369508.63
-369299.27
-369234.21
-369448.99
-369296.44
-369298.40
-369302.19
-369485.20
-369519.44
-369340.17
-369299.35
-369203.25
-369189.88
-369168.33
-369129.86
-369069.07
-369165.23
-369200.03
-369274.62
-369327.53
-369133.16
-369209.68
-369383.47
-369340.04
-369263.92
-369348.53
-369315.55
-369218.77
-369133.93
-369229.24
-369049.12
-369021.26
-369117.27
-369015.68
-369088.36
-369202.77
-369093.86
-369157.79
-369133.20
-369174.71
-369075.56
-369266.21
-369220.21
-369162.46
-369154.94
-369159.15
-369173.44
-369309.24
-369195.41
-369080.15
-369211.89
-369160.53
-369421.50
-369245.11
-369262.53
-369482.99
-369105.68
-369037.89
-368995.20
-368995.08
-369060.33
-369189.59
-369038.92
-369113.23
-369134.16
-369136.08
-369309.73
-369410.19
-368893.60
-368922.86
-368880.20
-368955.23
-368910.40
-369070.67
-368885.95
-369106.61
-369050.12
-369051.52
-369024.88
-369147.02
-369018.06
-368898.72
-369133.06
-369027.58
-368967.34
-368944.82
-369003.91
-369138.92
-369100.84
-368895.27
-368825.89
-368895.13
-368890.19
-368974.15
-369148.53
-369219.13
-369018.30
-368852.36
-368936.25
-368927.95
-369109.17
-369076.90
-369103.59
