-275236.88
-275120.08
-275189.19
-275137.34
-275199.55
-275229.85
-275099.12
-275110.88
-274992.85
-275114.13
-274880.69
-274842.89
-274698.45
-274804.33
-274757.30
-274763.66
-274686.15
-274623.00
-274785.77
-274575.70
-274725.67
-274713.40
-274531.93
-274506.38
-274587.74
-274490.44
-274666.75
-274451.30
-274412.12
-274414.45
-274494.09
-274423.33
-274490.99
-274558.38
-274427.97
-274554.14
-274432.92
-274318.19
-274283.92
-274308.01
-274281.77
-274210.59
-274264.40
-274303.63
-274357.75
-274228.49
-274348.45
-274197.84
-274238.86
-274359.17
-274203.64
-274291.77
-274203.80
-274348.60
-274239.37
-274232.59
-274343.49
-274264.08
-274311.54
-274294.57
-274350.15
-274284.89
-274380.31
-274264.94
-274377.10
-274256.95
-274340.67
-274281.02
-274356.11
-274408.48
-274331.24
-274286.30
-274226.50
-274252.21
-274245.84
-274198.65
-274298.03
