-408860.98
-408997.22
-408781.60
-408847.61
-408636.13
-408796.47
-408774.39
-408956.73
-408951.88
-408562.00
-408765.93
-408380.07
-408477.34
-408623.22
-408267.64
-408135.27
-408287.46
-408368.48
-408329.50
-408321.78
-408271.11
-408250.99
-408298.71
-408204.90
-408118.01
-408420.29
-408157.31
-408204.70
-408232.72
-408342.61
-408307.66
-408059.94
-408116.03
-408153.34
-408097.92
-408184.44
-408154.98
-408087.97
-408202.90
-408352.26
-408107.95
-408056.44
-408212.51
-407919.84
-407911.92
-407850.60
-407843.75
-407906.63
-407944.42
-407750.97
-407784.08
-407837.34
-407872.43
-407647.17
-407807.39
-407776.49
-407749.08
-407745.02
-407579.62
-407609.28
-407490.21
-407463.24
-407591.86
-407676.00
-407639.45
-407548.56
-407470.57
-407538.02
-407826.39
-407521.95
-407710.28
-407774.81
-407734.83
-407728.25
-407578.50
-407498.93
-407766.24
-407584.43
-407551.92
-407722.92
-407585.49
-407548.83
-407574.23
-407679.77
-407611.69
-407424.15
-407633.20
-407559.55
-407578.27
-407620.40
-407426.36
-407503.69
-407461.43
-407490.72
-407521.28
-407529.95
-407472.12
-407481.37
-407609.27
-407771.82
-407505.06
-407492.57
-407470.44
-407713.90
-407658.47
-407559.94
-407478.41
-407514.39
-407444.89
-407411.15
-407659.24
-407581.56
-407468.81
-407587.36
-407502.02
-407510.25
-407444.60
-407480.82
-407564.59
-407432.75
-407430.99
-407423.88
-407450.35
-407460.27
