-225812.85
-225806.46
-225639.51
-225605.66
-225707.51
-225575.78
-225698.62
-225706.93
-225707.76
-225565.25
-225548.58
-225635.20
-225567.46
-225544.49
-225589.60
-225762.60
-225565.18
-225586.06
-225753.31
-225564.77
-225579.04
-225554.83
-225583.25
-225668.81
-225575.95
-225591.02
-225568.80
-225603.39
-225654.23
-225612.27
-225679.93
-225651.41
-225641.33
-225497.61
-225700.04
-225666.18
-225357.08
-225385.28
-225393.80
-225366.81
-225417.39
-225468.02
-225379.37
-225410.29
-225422.02
-225457.41
-225429.96
-225341.15
-225427.04
-225311.64
-225424.47
-225372.92
-225487.16
-225324.31
-225344.19
-225314.77
-225335.94
-225350.81
-225359.54
-225431.29
-225311.55
-225332.62
-225400.82
-225361.54
-225296.70
-225459.25
-225338.57
-225432.70
-225283.52
-225331.46
-225303.68
-225337.83
-225195.38
-225263.52
-225199.87
-225272.43
-225246.50
-225330.06
-225351.56
-225183.07
-225183.33
-225273.17
-225356.05
-225272.00
-225082.67
-225199.18
-225195.48
-225135.93
-225207.35
-225092.97
-225236.37
-225159.09
-225124.41
-225202.12
-225101.86
-225084.63
-225173.74
-225116.53
-225258.98
-225162.12
-225124.91
-225198.14
-225183.42
-225218.09
-225260.66
-225038.07
-225022.93
-224994.30
-225020.36
-224998.42
-225026.20
-225102.71
-225045.68
-225098.02
-225140.47
-225141.27
-225066.45
-225129.59
-225298.41
-225032.62
-225139.92
-224911.50
-225017.95
-224955.61
